200250
180250
190050
210150
210050
210150
250050
210050
200150
190150
200350
190250
200050
200050
200150
200150
200050
180150
150250
140250
230050
210050
220050
210050
190050
200050
180250
200150
180150
210050
190250
230050
200050
190150
180050
220050
210050
160250
190050
210150
210050
220050
190150
240050
210150
190150
220050
220350
190050
200150
220250
180250
170150
210050
180050
220050
190150
210050
180250
190250
160450
230050
170350
200050
200150
170350
210150
170150
180250
200050
220050
210050
180150
180250
210050
200050
220050
220050
240050
230050
180250
200250
200150
220050
190050
160350
210050
210050
220050
230150
210150
210050
200050
200050
170250
230050
210050
170150
200150
190150
