37 9
32 10
94 9
165 9
51 6
120 8
1 0
2 0
140 10
58 1
68 2
124 2
80 5
184 4
183 4
178 4
165 4
157 4
144 4
142 4
140 4
125 4
124 4
120 4
94 4
80 4
73 4
68 4
58 4
51 4
37 4
32 4
19 4
49 4
57 4
20 9
86 4
9 10
83 7
3 0
72 6
75 6
43 8
121 7
172 4
199 3
192 3
182 3
172 3
155 3
150 3
127 3
121 3
86 3
83 3
75 3
72 3
57 3
56 3
49 3
43 3
20 3
19 3
9 3
143 4
79 9
33 10
88 7
106 7
118 7
146 6
4 0
7 3
111 8
187 5
171 5
161 5
146 5
143 5
141 5
138 5
134 5
130 5
123 5
118 5
116 5
111 5
106 5
88 5
79 5
50 5
33 5
7 5
17 4
41 9
90 9
13 10
176 4
96 7
5 0
66 6
61 3
114 9
115 9
107 8
197 2
176 2
173 2
158 2
147 2
133 2
115 2
114 2
108 2
107 2
100 2
97 2
96 2
90 2
66 2
61 2
41 2
17 2
13 2
18 4
21 9
52 10
54 2
6 0
7 0
55 2
70 2
89 9
59 7
30 6
104 4
168 1
166 1
153 1
135 1
109 1
104 1
101 1
89 1
76 1
70 1
60 1
59 1
55 1
54 1
53 1
52 1
30 1
21 1
18 1
48 5
69 4
126 9
42 10
15 1
8 0
9 0
16 2
40 2
99 2
28 7
195 8
186 8
152 8
151 8
148 8
136 8
128 8
126 8
99 8
78 8
77 8
69 8
48 8
42 8
40 8
36 8
28 8
16 8
15 8
93 5
112 4
10 0
11 0
91 9
14 10
117 9
39 3
170 5
44 1
190 6
189 6
181 6
177 6
175 6
170 6
169 6
167 6
139 6
132 6
117 6
112 6
110 6
93 6
92 6
91 6
44 6
39 6
14 6
129 5
31 4
71 9
67 10
24 3
62 1
95 9
160 8
12 0
13 0
14 0
47 6
200 7
188 7
185 7
174 7
160 7
137 7
129 7
119 7
113 7
95 7
71 7
67 7
62 7
47 7
38 7
31 7
24 7
15 0
16 0
17 0
18 0
19 0
20 0
21 0
102 3
22 0
27 2
34 2
74 6
82 5
84 4
29 1
81 8
164 3
198 10
193 10
179 10
164 10
163 10
159 10
145 10
122 10
102 10
85 10
84 10
82 10
81 10
74 10
65 10
45 10
34 10
29 10
27 10
87 3
63 2
64 6
154 3
35 5
23 0
24 0
26 4
103 6
105 6
131 6
156 3
149 1
25 0
196 3
196 9
194 9
191 9
180 9
162 9
156 9
154 9
149 9
131 9
105 9
103 9
98 9
87 9
64 9
63 9
46 9
35 9
26 9
26 0
27 0
28 0
29 0
30 0
31 0
32 0
33 0
34 0
35 0
36 0
37 0
38 0
39 0
40 0
41 0
42 0
43 0
44 0
45 0
46 0
47 0
48 0
49 0
50 0
51 0
52 0
53 0
54 0
55 0
56 0
57 0
58 0
59 0
60 0
61 0
62 0
63 0
64 0
65 0
66 0
67 0
68 0
69 0
70 0
71 0
72 0
73 0
74 0
75 0
76 0
77 0
78 0
79 0
80 0
81 0
82 0
83 0
84 0
85 0
86 0
87 0
88 0
89 0
90 0
91 0
92 0
93 0
94 0
95 0
96 0
97 0
98 0
99 0
100 0
101 0
102 0
103 0
104 0
105 0
106 0
107 0
108 0
109 0
110 0
111 0
112 0
113 0
114 0
115 0
116 0
117 0
118 0
119 0
120 0
121 0
122 0
123 0
124 0
125 0
126 0
127 0
128 0
129 0
130 0
131 0
132 0
133 0
134 0
135 0
136 0
137 0
138 0
139 0
140 0
141 0
142 0
143 0
144 0
145 0
146 0
147 0
148 0
149 0
150 0
151 0
152 0
153 0
154 0
155 0
156 0
157 0
158 0
159 0
160 0
161 0
162 0
163 0
164 0
165 0
166 0
167 0
168 0
169 0
170 0
171 0
172 0
173 0
174 0
175 0
176 0
177 0
178 0
179 0
180 0
181 0
182 0
183 0
184 0
185 0
186 0
187 0
188 0
189 0
190 0
191 0
192 0
193 0
194 0
195 0
196 0
197 0
198 0
199 0
200 0
