19
0 4 8 13 0 1 0 0 0 17 0 0 0 0 0 0 0 0 0 0 0 0 0 0 0 0 0 9 0 0 0 5 0 0 0 0 0 0 0 0 0 0 0 0 0 0 0 0 0 0 0 0 10 0 0 0 0 0 14 0 0 0 0 0 0 0 0 0 0 0 0 0 0 0 0 0 0 11 0 0 0 0 0 0 0 0 0 0 0 0 0 6 0 0 0 0 0 0 0 0 0 0 12 0 0 0 0 0 0 0 2 0 0 0 18 3 3 0 15 19 0 7 0 16 0 
1 0 0 0 12 0 0 0 0 0 0 0 0 0 0 0 0 0 10 0 0 0 0 0 0 0 0 0 0 0 2 0 7 0 13 3 0 0 0 0 0 0 0 0 0 0 0 0 11 0 0 0 0 0 0 0 0 0 0 0 3 0 8 0 14 0 0 0 0 0 0 0 0 0 0 0 0 0 0 0 0 0 0 0 0 0 0 0 0 0 4 5 9 0 15 0 0 0 0 0 0 0 0 0 0 0 0 0 0 0 0 0 0 0 0 0 0 0 0 16 0 6 0 0 0 
19
0 4 8 13 0 1 0 0 0 17 0 0 0 0 0 0 0 0 0 0 0 0 0 0 0 0 0 9 0 0 0 5 0 0 0 0 0 0 0 0 0 0 0 0 0 0 0 0 0 0 0 0 10 14 0 0 0 0 14 0 0 0 0 0 0 0 0 0 0 0 0 0 0 0 0 0 0 11 0 0 0 0 0 0 0 0 0 0 0 0 0 6 0 0 0 0 0 0 0 0 0 0 12 0 0 0 0 0 0 0 2 0 0 0 18 3 3 0 15 19 0 7 0 16 0 
1 0 0 0 12 0 0 0 0 0 0 0 0 0 0 0 0 0 10 0 0 0 0 0 0 0 0 0 0 0 2 0 7 0 13 3 0 0 0 0 0 0 0 0 0 0 0 0 11 0 0 0 0 0 0 0 0 0 0 14 3 0 8 0 14 0 0 0 0 0 0 0 0 0 0 0 0 0 0 0 0 0 0 0 0 0 0 0 0 0 4 5 9 0 15 0 0 0 0 0 0 0 0 0 0 0 0 0 0 0 0 0 0 0 0 0 0 0 0 16 0 6 0 0 0 
19
0 4 8 13 0 1 5 0 0 17 0 0 0 0 0 0 0 0 0 0 0 0 0 0 0 0 0 9 0 0 0 5 0 0 0 0 0 0 0 0 0 0 0 0 0 0 0 0 0 0 0 0 10 14 0 0 0 0 14 0 0 0 0 0 0 0 0 0 0 0 0 0 0 0 0 0 0 11 0 0 0 0 0 0 0 0 0 0 0 0 0 6 0 0 0 0 0 0 0 0 0 0 12 0 0 0 0 0 0 0 2 0 0 0 18 3 3 0 15 19 0 7 0 16 0 
1 0 0 0 12 0 0 0 0 0 0 0 0 0 0 0 0 0 10 0 0 0 0 0 0 0 0 0 0 0 2 0 7 0 13 3 0 0 0 0 0 0 0 0 0 0 0 0 11 0 0 0 0 0 0 0 0 0 0 14 3 0 8 0 14 0 0 0 0 0 0 0 0 0 0 0 0 0 0 0 0 0 0 0 0 0 0 0 0 0 4 5 9 0 15 0 5 0 0 0 0 0 0 0 0 0 0 0 0 0 0 0 0 0 0 0 0 0 0 16 0 6 0 0 0 
19
0 4 8 13 0 1 5 0 0 17 0 0 0 0 0 0 0 0 0 0 0 0 0 0 0 0 0 9 0 0 0 5 0 0 0 0 0 0 0 0 0 0 0 0 0 0 0 0 0 0 0 0 10 14 0 0 0 0 14 0 0 0 0 0 0 0 0 0 0 0 0 0 0 0 0 0 0 11 0 0 0 0 0 0 0 0 0 0 0 0 0 6 0 0 0 0 0 0 0 0 0 0 12 0 0 2 0 0 0 0 2 0 0 0 18 3 3 0 15 19 0 7 0 16 0 
1 0 0 0 12 0 0 0 0 0 0 0 0 0 0 0 0 0 10 0 0 0 0 0 0 2 0 0 0 0 2 0 7 0 13 3 0 0 0 0 0 0 0 0 0 0 0 0 11 0 0 0 0 0 0 0 0 0 0 14 3 0 8 0 14 0 0 0 0 0 0 0 0 0 0 0 0 0 0 0 0 0 0 0 0 0 0 0 0 0 4 5 9 0 15 0 5 0 0 0 0 0 0 0 0 0 0 0 0 0 0 0 0 0 0 0 0 0 0 16 0 6 0 0 0 
19
0 4 8 13 0 1 5 0 0 17 0 0 0 0 0 0 0 0 0 0 0 0 0 0 0 0 0 9 0 0 0 5 0 0 0 0 0 0 0 0 0 0 0 0 0 0 0 0 0 0 0 0 10 14 0 0 0 0 14 0 0 0 0 0 0 0 0 0 0 0 0 0 0 0 0 0 0 11 0 0 0 0 0 0 0 0 0 0 0 0 0 6 0 0 0 0 0 0 0 0 0 0 12 12 0 2 0 0 0 0 2 0 0 0 18 3 3 0 15 19 0 7 0 16 0 
1 0 0 0 12 0 0 0 0 12 0 0 0 0 0 0 0 0 10 0 0 0 0 0 0 2 0 0 0 0 2 0 7 0 13 3 0 0 0 0 0 0 0 0 0 0 0 0 11 0 0 0 0 0 0 0 0 0 0 14 3 0 8 0 14 0 0 0 0 0 0 0 0 0 0 0 0 0 0 0 0 0 0 0 0 0 0 0 0 0 4 5 9 0 15 0 5 0 0 0 0 0 0 0 0 0 0 0 0 0 0 0 0 0 0 0 0 0 0 16 0 6 0 0 0 
19
0 4 8 13 0 1 5 0 0 17 0 0 0 0 0 0 0 0 0 0 0 0 0 0 0 0 0 9 0 0 0 5 0 0 0 0 0 0 0 0 0 0 0 0 0 0 0 0 0 0 0 0 10 14 0 0 0 0 14 0 0 0 0 0 0 0 0 0 0 0 0 0 0 0 0 0 11 11 0 0 0 0 0 0 0 0 0 0 0 0 0 6 0 0 0 0 0 0 0 0 0 0 12 12 0 2 0 0 0 0 2 0 0 0 18 3 3 0 15 19 0 7 0 16 0 
1 0 0 0 12 0 0 0 0 12 0 0 0 0 0 0 0 0 10 0 0 0 0 0 0 2 0 0 0 0 2 0 7 0 13 3 0 0 0 0 0 0 0 11 0 0 0 0 11 0 0 0 0 0 0 0 0 0 0 14 3 0 8 0 14 0 0 0 0 0 0 0 0 0 0 0 0 0 0 0 0 0 0 0 0 0 0 0 0 0 4 5 9 0 15 0 5 0 0 0 0 0 0 0 0 0 0 0 0 0 0 0 0 0 0 0 0 0 0 16 0 6 0 0 0 
19
0 4 8 13 0 1 5 0 0 17 1 0 0 0 0 0 0 0 0 0 0 0 0 0 0 0 0 9 0 0 0 5 0 0 0 0 0 0 0 0 0 0 0 0 0 0 0 0 0 0 0 0 10 14 0 0 0 0 14 0 0 0 0 0 0 0 0 0 0 0 0 0 0 0 0 0 11 11 0 0 0 0 0 0 0 0 0 0 0 0 0 6 0 0 0 0 0 0 0 0 0 0 12 12 0 2 0 0 0 0 2 0 0 0 18 3 3 0 15 19 0 7 0 16 0 
1 0 0 0 12 1 0 0 0 12 0 0 0 0 0 0 0 0 10 0 0 0 0 0 0 2 0 0 0 0 2 0 7 0 13 3 0 0 0 0 0 0 0 11 0 0 0 0 11 0 0 0 0 0 0 0 0 0 0 14 3 0 8 0 14 0 0 0 0 0 0 0 0 0 0 0 0 0 0 0 0 0 0 0 0 0 0 0 0 0 4 5 9 0 15 0 5 0 0 0 0 0 0 0 0 0 0 0 0 0 0 0 0 0 0 0 0 0 0 16 0 6 0 0 0 
19
0 4 8 13 0 1 5 0 0 17 1 0 0 0 0 0 0 0 0 0 0 0 0 0 0 0 0 9 0 0 0 5 0 0 0 0 0 0 0 0 0 0 0 0 0 0 0 0 0 0 0 0 10 14 0 0 0 0 14 0 0 0 0 0 0 0 0 0 0 0 0 0 0 0 0 0 11 11 0 0 0 0 0 0 0 0 0 0 0 0 0 6 0 0 0 0 0 0 0 0 0 0 12 12 0 2 2 0 0 0 2 0 0 0 18 3 3 0 15 19 0 7 0 16 0 
1 0 0 0 12 1 0 0 0 12 0 0 0 0 0 0 0 0 10 0 0 0 0 0 0 2 0 0 0 0 2 0 7 0 13 3 0 0 0 0 0 0 0 11 0 0 0 0 11 0 2 0 0 0 0 0 0 0 0 14 3 0 8 0 14 0 0 0 0 0 0 0 0 0 0 0 0 0 0 0 0 0 0 0 0 0 0 0 0 0 4 5 9 0 15 0 5 0 0 0 0 0 0 0 0 0 0 0 0 0 0 0 0 0 0 0 0 0 0 16 0 6 0 0 0 
19
0 4 8 13 0 1 5 0 0 17 1 0 0 0 0 0 0 0 0 0 0 0 0 0 0 0 0 9 0 0 0 5 0 0 0 0 0 0 0 0 0 0 0 0 0 0 0 0 0 0 0 0 10 14 0 0 0 0 14 0 0 0 0 0 0 0 0 0 0 0 0 0 0 0 0 0 11 11 0 0 0 11 0 0 0 0 0 0 0 0 0 6 0 0 0 0 0 0 0 0 0 0 12 12 0 2 2 0 0 0 2 0 0 0 18 3 3 0 15 19 0 7 0 16 0 
1 0 0 0 12 1 0 0 0 12 0 0 0 0 0 0 0 0 10 0 0 0 0 0 0 2 0 0 0 0 2 0 7 0 13 3 0 0 0 0 0 0 11 11 0 0 0 0 11 0 2 0 0 0 0 0 0 0 0 14 3 0 8 0 14 0 0 0 0 0 0 0 0 0 0 0 0 0 0 0 0 0 0 0 0 0 0 0 0 0 4 5 9 0 15 0 5 0 0 0 0 0 0 0 0 0 0 0 0 0 0 0 0 0 0 0 0 0 0 16 0 6 0 0 0 
19
0 4 8 13 0 1 5 0 13 17 1 0 0 0 0 0 0 0 0 0 0 0 0 0 0 0 0 9 0 0 0 5 0 0 0 0 0 0 0 0 0 0 0 0 0 0 0 0 0 0 0 0 10 14 0 0 0 0 14 0 0 0 0 0 0 0 0 0 0 0 0 0 0 0 0 0 11 11 0 0 0 11 0 0 0 0 0 0 0 0 0 6 0 0 0 0 0 0 0 0 0 0 12 12 0 0 0 0 0 0 0 0 0 0 18 3 3 0 15 19 0 7 0 16 0 
1 0 0 0 12 1 0 0 0 12 0 0 0 0 0 0 0 0 10 0 0 0 0 0 0 0 0 0 0 0 0 0 7 0 13 3 0 0 0 13 0 0 11 11 0 0 0 0 11 0 0 0 0 0 0 0 0 0 0 14 3 0 8 0 14 0 0 0 0 0 0 0 0 0 0 0 0 0 0 0 0 0 0 0 0 0 0 0 0 0 4 5 9 0 15 0 5 0 0 0 0 0 0 0 0 0 0 0 0 0 0 0 0 0 0 0 0 0 0 16 0 6 0 0 0 
19
0 4 8 13 0 1 5 0 13 17 1 0 0 0 0 1 0 0 0 0 0 0 0 0 0 0 0 9 0 0 0 5 0 0 0 0 0 0 0 0 0 0 0 0 0 0 0 0 0 0 0 0 10 14 0 0 0 0 14 0 0 0 0 0 0 0 0 0 0 0 0 0 0 0 0 0 11 11 0 0 0 11 0 0 0 0 0 0 0 0 0 6 0 0 0 0 0 0 0 0 0 0 12 12 0 0 0 0 0 0 0 0 0 0 18 3 3 0 15 19 0 7 0 16 0 
1 0 0 0 12 1 0 0 0 12 1 0 0 0 0 0 0 0 10 0 0 0 0 0 0 0 0 0 0 0 0 0 7 0 13 3 0 0 0 13 0 0 11 11 0 0 0 0 11 0 0 0 0 0 0 0 0 0 0 14 3 0 8 0 14 0 0 0 0 0 0 0 0 0 0 0 0 0 0 0 0 0 0 0 0 0 0 0 0 0 4 5 9 0 15 0 5 0 0 0 0 0 0 0 0 0 0 0 0 0 0 0 0 0 0 0 0 0 0 16 0 6 0 0 0 
18
0 3 7 12 0 1 4 0 12 16 1 0 0 0 0 1 0 0 0 0 0 0 0 0 0 0 3 8 0 0 0 4 0 0 0 0 0 0 0 0 0 0 0 0 0 0 0 0 0 0 0 0 9 13 0 0 0 0 13 0 0 0 0 0 0 0 0 0 0 0 0 0 0 0 0 0 10 10 0 0 0 10 0 0 0 0 0 0 0 0 0 5 0 0 0 0 6 0 0 0 0 0 11 11 0 2 2 0 0 0 2 0 0 0 17 2 2 0 14 18 0 6 0 15 0 
1 0 0 0 11 1 0 0 0 11 1 0 0 0 0 0 0 0 9 0 0 0 0 0 0 2 0 0 0 0 0 0 6 0 12 2 0 0 0 12 0 0 10 10 0 0 0 0 10 0 2 0 0 0 0 2 0 6 0 13 2 0 7 0 13 3 0 0 0 0 0 0 0 0 0 0 0 0 0 0 0 0 0 0 0 0 0 0 0 0 3 4 8 0 14 0 4 0 0 0 0 0 0 0 0 0 0 0 0 0 0 0 0 0 0 0 0 0 0 15 0 5 0 0 0 
