28 200 13
0000000000000000000000000000
0000000000000000000000000000
0000000000000000000000000000
0000000000000000000000000000
0000000000000000000000000000
0000000000000000000000000000
0000000000000000000000100000
0000000000000000111000000000
0000000000000100001111110000
0000000000000001111111110010
0000000000000011111111111100
0000000000000111111111111000
0000000000001111111111111100
0000000000001111111111111110
0000000000011111111111111110
0000000000001111111111111111
0000000010001111111111111110
0000000000101111111111111110
0000000000001111111111111010
0000000000000111111111111100
0000000000000111111111111110
0000000000000000111111111010
0000000000000000001111111000
0000000000000000010010000000
0000000000000000001000000000
0000000000000000100000000000
0000000000000000000000000000
0000000000000000000000000000
0000000000000100001000000010
0110100000000100011110110001
1001001100000001101101000000
0111111100000000011101110001
0011111011000011111111111110
1101111100100011011101101101
0101111000100111111111101100
0111110000000011111110110010
1000000000100111111111110011
1101100000001111111111111100
0000001100000011111111011111
0000001010000000111111111101
0001100000010000111011010011
0000000000000001101011001000
0000000000000010011001001000
0000000000000000010110000010
0000000000001001100000000000
0000000000000000000000000000
0000000000000000000000100000
0000000000000010000000000000
0000000000000000000000000000
0000000000000000000000000000
0000000000000000000000000000
0000000000000000000000000000
0000000000000000000000000000
0000000000000000000000000000
0000000000000000000000000000
0000000000000000000000000000
