22 90 6
0011111110111000000000
0111100111000000000000
1101111011010000000000
0111111000100000000000
1111110110110000000000
1011110101100000000000
1000111111000000000000
0111110110001010000000
1010110000000000000000
1110001000100000000000
0001100000000000000000
0010100000000000000000
0000001000000000000000
0000000000000000000000
0000000000000000000000
0000001000000000000000
0000000000000000000000
0000000000100000000000
0000000011010000000000
0000000001000000000000
0000000001000000000000
0000010000010000000000
1000000000000100000000
1000000110001000000000
1000001000000000000000
0000000001010000000000
0000000000000100000000
0000101001011000000000
0010001000000000001000
0001010110000000000000
0000000010000100000000
0000110100001000001000
0100000000000000000000
0000010001100000000000
1011101011000000001000
1011101111100000000000
1111101010000000000000
1011011010000000000000
1111111000000000000000
1101010000000000000000
1101000000000000000000
0001111000000000000000
0011111100000000000000
1000000001000000000000
