28 296 13
0000000000000000000000000000
0000000000000000000000000000
0000000000000000000000000000
0000000000000000000000000000
0000000000000000000000000000
0000000000000000000000000000
0000000000000000000000000000
0000000000000000000000000000
0000000000000000010101000000
0000000000010000010000000000
0000000001000010011001000000
0000000000110000111111001000
0000000001010111110110100000
0000010011011111111111010100
0000000111111111111111010010
0000000001111111111111101100
0000000011111111111111101000
0000100110111111111111110011
0010001111111111111111111010
0000000111111111111111111110
0000001011111111111111111100
0000010111111111111111110110
0000001111111111111111110100
0000000011111111111111111010
0000000011111111111111110000
0000000011111111111111111110
0000001001111111111111011110
0000000000111111111110110000
0000000000000011111111111111
0000000000000011111111111111
0000000000000101111111111111
0000000000000111111111111111
0000000000000111111111111111
0000000000000111111111111111
0000000000000111111111111111
0000000000010111111111111111
0000000000001011111111111111
0000000000000111111111111111
0000000000000111111111111111
0000000000000111111111111111
0000000000000010111111111111
0000000000100001111111111111
0000000000000010111111111111
0000000000001101011111111111
0000000000000011011111111111
0000000000000001001111111111
0000000000000000101111111111
0000000000000000001111111111
0000000000000000000101011111
0000000000000000000001111111
0000000000000000000000000101
0000000000000000000000010011
0000000000000000000000000000
0000000000000000000000000000
0000000000000000000000000000
0000000000000000000000000000
