24 183 11
000000000000000000000000
000000000000000000000000
000000000000000000000000
000000000000000000000000
000000000001000000000000
000000000000000000000000
000000000000000000000000
000000000000000010000000
000000000000100000000000
100000000000010100000000
010100000101000011000010
000000000000110101001100
001100101101110001010000
001000000111111011111000
000000111101101010101100
011111111110111100011000
011101111111111111011000
010111111111111011111001
111111111111111110010000
000111011111111100010000
101111111111110011100100
101011010111111001100100
111111010110011010000010
000010000001000001000000
000000000000101011100111
000000000011010111111010
000000000000011111001000
000000000000000010101110
000000000000010001111111
000000000000000011100011
100000000001000010110111
110000000000000010101100
011010000000000000000001
001110000000001100100000
011010000000001100000000
111011000000001000000000
111011100100000000100001
001110000000000100000000
101100000001001110001000
011000000110000001000000
001000001000010010110000
101011000001000101000000
000000101001111111100100
000000011011110011111000
000000101111101101100000
001000001101111101010010
000001111010111110110101
000001000001011111111000
