28 207 5
0000000000000000000000000000
0000000000000000000000000000
0000100000000000000000000000
0000000000000000000000000000
0000000101000000000000000000
0000001111111000000000000000
0000111111111111000000000000
0010111111111111000000000000
0101111111111110000000000000
0011111111111111000000000000
0111111111111111000000000000
0111111111111111100000000000
0011111111111111100000000000
0111111111111111110000000000
0011111111111111110000000000
0011111111111111000000000000
0111111111111110100000000000
0011111111111111000000000000
0000111111111110000000000000
0000011111111000000000000000
0000000101110000000000000000
0000000000000000000000000000
0000000000000000000000000000
0000000000000000000000000000
0000000000000000000000000000
0000000000000000000000000000
0000000000000000000000000000
0000000000000000000000000000
1111111111111111100000000000
1111111111111111100000000000
1111111111111111100000000000
1111111111111111000000000000
1111111111111111000000000000
1111111111111111000000000000
1111111111111111000000000000
1111111111111111000000000000
1111111111111110000000000000
1111111111111100000000000000
1111111111111000000000000000
1111111111110000000000000000
1111111111100000000000000000
1111111101000000000000000000
0000100001000000000000000000
0000000000000000000000000000
0000000000000000000000000000
0000000000000000000000000000
0000000000000000000000000000
0000000000000000000000000000
0000000000000000000000000000
0000000000000000000000000000
0000000000000000000000000000
0000000000000000000000000000
0000000000000000000000000000
0000000000000000000000000000
0000000000000000000000000000
0000000000000000000000000000
