19 97 8
0000000000000000000
0000000000000000000
0000000000000000000
0000000000000000000
0000000000000000000
0000000000000000000
0000000000000000000
0000000000000000000
0000000000000000000
0000000000010000000
0000000010100000000
0001000011011100100
0000000111111111100
0001001111111111000
0000001011011111010
0011011111111111110
0000111111111111110
0000011111111111111
0100101111111111110
0001001000000000000
0010000000000000000
0000000000000000000
1000010000010000000
0000011000010010000
0000111100000110000
0000101100001000000
0110011001000100000
0010101001001100000
0001010110110000000
0001001011110010000
0000010111110110100
0111110001101110000
0100001101110100000
0100100001110000010
1001001011000100000
0100111000111010000
0000000101100100000
0100010000000000000
