18 118 14
000000000000000000
000000100100000000
000001110000000010
010001010101010000
000011111110110000
000111101101001000
001111101111000010
101011101011000100
001110001111110000
000101110111100000
000000001111111001
000001011100100110
000000100000111000
000101101010010110
000000000001101000
000000001111011100
010001010000111110
000100010010110111
000000000001000000
000000000000000000
001000000000000000
000000000000000000
000000000000000000
000000000000000000
000001000000000000
001110000100000000
010000010110000000
111011010010011000
110010011000001001
110111111000110000
111111101000011101
101010101010111111
111111101101111010
011011111111111011
110111011111110010
011010111111111111
