19 68 14
0000000000000000000
0000000000000000000
0000000000000000000
1000000000000000000
0000000000000000000
0010000000000000000
0000000000000000000
0001100000001000000
0100000000000000000
0010000000100000000
0000101010000000000
0010010000000000000
1100100111000000000
0110110101000000000
1110011011001000000
1110000100010000000
0111111111000000000
1111111010000100001
1111101101111000000
0000000000000000011
0000000000000011011
0000000011000000101
0000000000100111100
0000001000010101100
0000000010011001111
0000000111001010101
0000000100100111010
0000000001010000101
0000010000100011010
0000000010101011000
0000000010101000111
0000000010000100000
0000000000000001010
0000000000001000000
0000000000100000000
0000000001000000000
0000000000000000001
0000000000000000000
