24 278 8
000000000011101111111111
000000000001101111111111
000010000000111111110111
000100000001110101101101
000000000011101111001010
000000001111011111111110
000100010010011011111111
000000000001101011111100
000001000000001011011101
000000001000110111110100
010001000001000101011111
000001000100101011101111
110010010110011011111111
000010101111101111111111
000010101000010111111111
000001010101111111111111
000110110011101110111111
001100101010100111111111
000011000101011101111111
100101100010101000111110
000110001000100101110111
000100101001001001101100
000011000000010100111000
010100000000000000000000
000000111111111000000000
000001011111111010000000
000000101111101000000000
000010011111000100000000
001101000110011000000000
000000000111000000000000
000000100100000010000000
001001100100000000000000
001111101100000100000000
000101111111101000000000
011101101110000001000000
011111111011000000000000
001111111111000000011111
011111111101110110001101
111111111111011010011101
011110111111110111111111
011111111111111011111111
111111111001111111111111
111111100010111111111111
000110001111111111111111
000101100001111111111111
001001100000100111110011
000001010000010110100110
000000000000100010000000
