30 440 14
000000000000000000000101100000
000000000000000000000000000000
000000000000010001000010101010
000000000000010001010000111100
000000000000000000000110100100
000000000000001000000111111110
000000000000000001001101111101
000000000011001010111111111111
000000000000110011111011111111
100000000001000111111111111111
000000000000100111111111111111
000000000100001111111111111111
000000000000111111111111111111
000000000001011111111111111111
000000000101111111111111111111
000000001001101111111111111111
000000000101111111111111111111
000000000010111111111111111111
000000000001001111111111111111
000000000001110111111111111111
000000000000111111111111111111
000000000100111111111111111111
000000000000101111111111111111
000000000000101111111111111111
000000000000111111111111111111
000000000001011111111111111111
000000000010011111111111111111
000000000001111111111111111111
000000000000011111111111111100
000000000001011011111110101010
111111110100000000000000000000
111111101111010000000000000000
111111111100000000000000000000
111111111110010000000000000000
111111111011100000000000000000
111111111101001000000000000000
111111111101100100000000000000
111111111110000000000000000000
111111111111100000000000000000
111111111111111000000000000000
111111111111010000000000000000
111111111110000001100000000000
111111111111110000000000000000
111111111111101100000000000000
111111111111111010000000000000
111111111111111001000000000000
111111111111111011100000000000
111111111111111110000000000000
111111111111111111100000000000
111111111111110011111100100000
111111111111111010111110000110
110111111111111110110000011000
111111111111111001001011000000
001111111111111011101011100100
011111111111111000111111011000
000111111111101010111100110000
101111111100101000101010000000
001011111100100000001100010010
000100110001001010100000000010
000000000001000001000000000000
