25 173 13
1011100111111110000001000
0101000111111011000000000
0001110001110001010000000
0101110111001101000000000
1110011110111011000000000
0010010001111110000000000
0000011101100100000000000
0000001011101000000000000
1001001010000000000000000
0100000001010000000000000
0000000100000000000000000
0011010000100000000000000
0000010100000000000000000
0000000001010111000000000
0100011111111100000000000
0000101110101001100000000
0000000111010100000000000
0111011011111000000000000
0000010010111111100000000
0000100110101110000000000
0010110111011000000000000
0000010111010010000000000
0000001111111100000010000
0000011110011010000000000
0001000010000010000000000
1011110101100000000000000
0111110111000000000000000
0010101101010000000000000
0000111111001000000000000
0111101111010000000000000
1001011000000000000000000
0001100010000000000000000
0001001110100000000000000
0000001000000000000000000
0000010000000000000000000
0000000010000000000000000
0000000000000001000000000
0001000000000001000000000
0000010000100000000010000
0100000000000000000100000
0110000000011100000101000
0001101011000010010100000
0111010010000000010001000
0011100001011011111101001
0101101010111110100110000
1111101110110100011010000
1111011111101101100101100
1111111110001110010010000
0100111010110000000000000
1011110111101000000100000
