23 210 15
00000000111111111111111
00000001111111111111111
00000000100111111111111
00000000011111111111111
00000000010111111111111
00000010100111111111111
00000000001111111111111
00000000000111111111111
00000000001111111111111
00000000000001111111111
00000000001010111111111
00000000000011111111111
00000000010000111111111
00000000000100101111111
00000000000001111111111
00000000000000000111001
00000000000000010100111
00000000000000000010111
00000000000000100000111
00000000000000110000110
00000000000000000100000
00000000000000000001000
00000000000000000100101
00000001000000000000000
00000000000000000000000
00000100000000000000000
00010000000100000000000
00000100000010000000000
01111000111000011000000
01111111110110000000000
11001111111101000000000
01111111111111110000000
01011111110111110000000
00111111111101010000000
11011101111011001000000
11111111111111110000000
01111111111111010100000
10111111111011111010000
01111101111111111000000
10011111111111110000000
00001001111111110010000
00011111111011000100000
10011001110110001000000
00000000001100110000000
00000111100011000100000
00010000010000000001000
