20 57 13
00000000000000000000
01000000000000000000
00000100100000000000
11100000001000000000
10000001000100000000
11000000000000000000
00010100110000000000
00000001000100000000
10010000100000000000
01010001000000000000
10000101110000000000
00000001000011000000
00110010000100000000
11000000001000000000
00100000000011000000
00110000011000100000
00101000000100100000
01000000000001000000
00000000000011000000
01001000000000000000
00010000000000000000
10000001000100000000
00000100010000000000
00100010000000000000
01010000000000001000
00110110001000000000
11000110000001000000
11011011110000000000
01001101010000000000
10000000100000000000
11000011010000000000
00110111000000000000
01001001000000000000
00101010000000000000
10000000000000000000
00010000000000000000
00010000010000000000
00100000000000000000
00000000000000000000
00000000000000000000
