30 183 12
000000000000000000000111111111
000000000000000000011111111111
000000000000000000001111111111
000000000000000000000111111111
000000000000000000000111111100
000000000000000000000010111110
000000000000000000000000010110
000000000000000000000001000000
000000000000000000000000000100
000000000000000000000000000000
000000000000000000000000000000
000000000000000000000000000000
000000000000000000000000000000
000000000000000000000000000000
000000000000000000000000000000
000000000000000000000000000000
000000000000000000000000000000
000001000000000000000000000000
000010001000000000000000000000
101000000000000000000000000000
000101011010100000000000000000
101110000100000000000000000000
111110001011001000000000000000
111111111111110000000000000000
111111111111110000000000000000
111111111111110100000000000000
111111111111110000000000000000
111111111111110100000000000000
111111111111111010000000000000
111111111111100000000000000000
000000000000000000000000000000
000000000000000000000000000000
000000000000000000000000000000
000000010000000000000000000000
000000000000000000000000000000
000000000000000000000000000000
001100000000000000000000000000
000101010000000000000000000000
100000000000000000000000000000
000110001000000000000000000000
110110000000000000000000000000
011001000010000000000000000000
110100000010000000000000000000
101000010010000000000000000000
000001000000000000000000000001
110000000000000000000000000000
110000000100000000000000000010
001101001000000000000000100000
110010000000000000000000100000
111101100101000000000000100101
100110000000000000000010110010
010110100000000000000010111010
110101000000000000000010011111
111001000000000000000000101111
111001000000000000110100111111
111110100100000100001110111111
111110010000000000111101111111
100101001010001000001111010111
111110100110000000001011101111
110110000010100000111011111111
