22 115 11
0000000001000000100000
0000000000010000000000
0000000000000010000000
0000000000010000000000
0000010000010100000100
0000000001000110011010
0000000111010101100000
0001011000010010100001
0000000010000010111100
0000010011001000110100
0000001010010101001000
1000000011011111110001
0000000010100101100010
0000000010001100011010
0000000000101000110000
0000001010100110010101
0000000011100011110000
0000000000000100110010
0000000011000010001000
0000000110000100101000
0000000001011001011000
0000000000001111101000
0000000000001010111110
0000000000001001000100
1100000000000111111101
0111100000000010100100
1110001000010111010100
0000000000000001001011
0100000000000000000000
0010000100000000100000
0000000000100000010000
0000000010000001010010
0000001011010001000000
0000000000000010000000
0000101001010101111001
0001000001000100001000
0000000000001110010000
0000001000100010101001
0010000000110100101000
0000000000000110000000
0000010100010000100000
0000000011110100001000
0010011000100001000000
0001111111101101000000
