16 128 12
1110110001110000
1101111111100000
0011011111010000
1011111111000100
1111111110100000
0111110111101000
1111101110011000
1011111111110000
0110110111000100
1111111111000000
0101101111000000
0001111101011000
0101101000011000
0100101100001010
0000100010100000
0010100000100000
0000000000000000
0000000000000000
0110101100000000
0010000000100000
1011110001000000
1110000100100001
1101101110010000
1111110110000010
1111111100100111
0111111001111111
1111111010111111
1111011110011111
0111010111001111
1011100011110111
0001110011111101
0000000111111011
