21 96 7
010100000000000000000
001010000000000000000
010110100000010000000
010010001100000000000
101000011001000000000
000111010100000100000
110111100110000000000
001011110011001000000
111110100110000000000
000010011010010100000
110011010000000000000
001010101000000000000
001011110101100000000
000111110000000100000
100001000000010000000
000000110000000100000
101011010110000000000
110000000100000000000
101000010000000000000
000000000000000000000
000000000000000000000
000000000000000000000
000000000000000000000
000000000000000000000
000000000000000000000
000000000000000000000
000000000000000000000
000000000010000000000
000000100100000000000
000000000000010000000
000000001110000000000
000000100000010111000
000001101111011000111
000000001101011000001
000000010010010100000
000001101101111110101
001000101001111110000
001000011111110101000
000011011111110101100
000001101011011111000
000000000101001000000
000011011110000010000
