17 76 12
00000000000000010
00000000000100000
10100000000000000
00011000001000001
01001001000000110
10111110010000000
01000011100010000
00000110110000010
11010011000000000
01100101110000010
01100110000000000
01100111010001100
00110101101100000
01101010000000000
00001001010000000
00101110010000000
00000010010100000
00000000000000100
00000000111111000
00000000010010101
00000000000111111
00000000000101011
00000000011001000
00010000101010011
00000000001001110
00101011000010010
00010000000000000
00101011001001111
10000110100000000
00010000000101100
00000010001011000
01010100000000010
00011100100010000
00110110100000000
