23 64 9
00000000001000000000000
00000000000000000000100
00000000000000100100000
00000000000010100000100
00000000010000010000000
00001000100000000000000
00000000000100100010000
00000000100100000010000
00000000000010100011000
00000000001000000000001
00000001011111100100000
00100000000111100000000
00000010000000100000010
00000010000011000100010
00000000000010000000000
00000000010001010001101
00000100010000010000001
00000100000000000010000
00000000000000011100001
00000000000000000100000
00000000000000000000000
00000000000000000000000
00000000000001000010000
00000000000000000000000
00000000000000000000000
00000000000000000000000
00000000000000000000000
00000000000000000000000
00000000000000000000000
00000000000000000000000
00000000000000000000000
00001000001000000000000
00000000110000000100000
00001100000000000000000
00000111011000010000000
00000011111100000000000
00011111101000000000000
00000011010110000000000
00011111100011110000000
00000001111010100100000
00000011111000001000001
00000000001000001100000
00000000000000000000100
00000000000000000000000
00000000000000000000110
00000000000010100000100
