30 206 7
000000000000000000110111011101
000000000000000001011010111101
000000000000000000100101110011
000000000000000001011111100011
000000000000000000000101101101
000000000000000000001111010010
000000000000000000000111011011
000000000000001000001101001010
000000000000000000010011110010
000000000000000000000010000000
000000000000000000000100111011
000000000000000000000001001010
000000000000000000000011111110
000000000000000000101010011100
000000000000000000000000111111
000000000000000000000010111011
000000000000000000000010011110
000000000000000010000110101110
000000000000000000100001011101
000000000000000001000001111011
000000000000000000000000011001
000000000000000000000110100111
000000000000000101000011001111
000000000000000110111100101010
000000000010000000111010101001
000000000001000010101010101010
000000100000000011111001011100
000000000000000011010110000001
000000000000011010111101100011
000000000000011101110111110100
000000000000000000000000000101
000000000000000000000000000000
000000000000000000000000100000
000000000000000000000000000111
000000000000000000000000000000
000000000000000000000100001100
000000000000000000000010001000
000000000000000000010000101000
000000000000000000010000111001
000000000000000000000101100100
000000000000000000000001100100
100100000000000000110101000111
000100000100000000000000111001
000110100000000000010110000010
011100100000000000110000111011
110011101010000000000001001100
111110010111000000000000011111
111110111110000000000000000000
101111110001000000000000011010
101111000101000000000010000000
111111100101000000000000100010
111101011100010000010000000001
111111111010100000000000000001
111111001001110000000000000000
111110101000010000000000000000
111011101001100000000000000000
111101100001100011000000000000
111111000000000000000000000000
111100000000010100000000000000
111011110111000010000000000000
