23 255 9
00000000011111111111111
00000000011111111111111
00000001111111111111111
00000000111111111111111
00000001111111111111111
00000001111111111111111
00000000111111111111111
00000000111111111111111
00000001111111111111111
00000000111111111111111
00000000111111111111111
00000000011111111111111
00000000011111111111111
00000000001111111111111
00000000000011111111111
00000000000001111111111
00000000000101111111111
00000000000001011111111
00000000000000000111100
00000000000000000010000
00000000000000000010000
00000000000000000000000
00000000000000000000000
00010111111111111010000
00011111111111111100000
00000111111111111100000
00000111111111111100000
00000011111111110000000
00000000111111110000000
00000010111111000000000
00000000000101000000000
00000000000000000000000
00000000000000000000000
00000000000000000000000
00000010101001000000000
00001100111000100000000
00000111111111010000000
00011111111111101000000
00111111111111110000000
10111111111111111000000
11111111111111111010000
11111111111111111100000
11111111111111111100000
11111111111111111110000
11111111111111111110000
11111111111111111100000
