23 53 6
00100000100010000000000
00100100000011000000101
00000000010000001000000
00000000000011000011000
00010000111000000100100
00001001000001000000000
01000001101000000000000
10100100000000100001000
11000100000000000000000
00010100000000000000000
10010001000100000000000
00100000000000000001000
10010000000000000000000
00000000000000000000000
00000010000000000000000
00000000000000000000000
00000000000000000000000
00000000000000000000000
00000000000000000001000
00000000000000000000000
00000000000001000000000
00000000000000100110000
00000000000010000000000
00000000000000010000101
00000000000001000000001
00000000000000101011000
00000000000000000001000
00000000000000000001001
00000000000000010001000
00000000000000000001000
00101000000000000000000
00000001000000000000000
01011000000000000000000
00001100000000000000000
00001000000000000000000
00001110000000000000000
00010100000000000000000
11011000000000000000000
11100010000000000000000
00101100100000000000000
00000000000000000000000
00000000010001000000000
00000000110000000000000
10000010000000000000000
00000111010000000000000
00000000100100000000000
