30 225 9
000001000000000000000000000000
000010110000000000000000000000
011001111010000000000000000000
001101011000001000000000000000
001000010001100000000000000000
100011001000000000000000000000
011000111011000000000000000000
000001001000000000000000000000
000010111100000000000000000000
010001000000000000000000000000
000110010010000000000000000000
000000000000000000000000000000
000000000100000000000000000000
000000001000010000000010000000
011000000000100100000000000000
111010001011011100010000000000
000011010100010100010000000000
010010010000000100000000000000
001111111000110100000000000000
110111100011000000000000000000
001011111111011000000000000000
111011111110100000010000000010
000000010010010000000000000000
111111111011110001100000000000
101110111100110100000000000101
001001111101001000000000110000
111110111111000010111000000100
001111110111111111110001001110
100101011111011011000010101010
010001011101111110010000100001
000000000000000000000000010000
000000000000000000010000001000
000000000000000000000000000000
000000000000000000001000100011
010000000000000000100000100100
000010000000000101100101010000
010100100000000000011000000000
111011101001000000111101000100
001111111000000000110101100000
011111101000001000100001100000
111111110000000000000000100000
111111111000010000000000000000
111111110110000000000000000000
111111111111000000000000000000
111111111011110100000000000000
111111111111000000000000000000
111111111111101000000000000000
111111111111000000000000000000
111111111101100000000000000000
111111111101000000000000000000
111111111011100000000000000000
111111111100001000000000000000
111111111010000000000000000000
011101000000000000000000000000
111001100000000000000000000000
100110110000000000000000000000
000000010000000000000000000000
000000000000000000000000000000
001000000000000000000000000000
000000000000000000000000000000
