17 52 8
00000000000000000
00000000000000000
00100011000000000
00000000000000000
00000000000000000
00100000010000000
00000011001000000
00001010000000000
00010011110000100
10011010000100000
01000000000001000
01000101001001000
01001011101000100
01011000000100000
00011010101000000
00100110000000000
10001000011010000
00000000000000100
00000000000000000
00000000000000000
00000000010110100
00000011100010000
00000011010010001
00000101111111100
00000011101100000
00000000110110111
00000000111100000
00000000001000101
00000010001100001
00000000011100000
00000000000001000
00000000001100000
00000000000000000
00000000000000000
