21 187 8
011111111011111000001
110100101101010010001
001111110100101101010
011111111110111110111
010111111011011100111
101010111010111111000
001100101111111110101
001111100111011110110
000111111101111010010
101111001011110010000
011000100001011010100
001111000111110100010
000101010111001010100
011000100111010000001
101000011100000000100
000000010000000000000
010010000001000000000
010000000000000000000
010011000000000000001
010000001000000000000
000000000000000000000
000001100000000000000
000000000000000000000
000000000000000000010
010000000000000000010
010001000000000000101
101001000001000001110
101110000000001001000
101110010000000111111
001101000000000111111
111111011000101011111
111111010001001111111
111101111100010111111
111101111000000011111
110111000010001001111
110111010000011011111
111111000000000010111
111111110000000001111
111010011111000100011
111111000000100001111
101011110000000000010
111011001000001000111
