28 289 8
0000000000000000000000000000
0000000000000000000000000000
0000000000000000000000000000
0000000000000001000000000000
0000000000000000010000001000
0000000000100000000000000000
0000000000000001111000000000
0000000000000000000101101000
0000000000010010011010100100
0000000000000101010011000000
0000000001001100110111100000
0000000000001000110100000000
0000001010100001101111010000
0000000111100100011111100100
0000010000111111010010101010
0000010110111101100010001000
0000010011011111111000000010
0000000111111111111111010000
0010000011011111101111110000
0000111111101111101111100000
0001011111111101111111111000
0010001101101111111111110100
0000111101110111111111111010
0001111110010111111111111010
0011001111111101111111111110
0000101111011111111111111100
0010000100011101011111111100
0000100010010010101111110010
0000000000000000000000000000
0000000000000000000000000000
0000000000000000000000000000
0000000010000000000000000000
0000000000000000000000000000
0000110000000000000000000000
1100000000000000000000000000
1100111000000000000000000000
1110101001000000000000000000
1111101010100000000000000000
1111111110101000000000000000
1111111101111000000000000000
1111111110100100000000000000
1111111111100000000000000000
1111111111101010000000000000
1111111110100110000000000000
1111111111111110000000000000
1111111111111111000000000000
1111111111111111111000000000
1111111111111111110000000000
1111111111111111110000000000
1111111111111111111000000000
1111111111111111110100000000
1111111111111111111000000000
1111111111111111110000000000
1111011111101111111000000000
0000010101111100000000000000
0011011010111110000000000000
