20 114 15
00000000001001001000
00000000000011000000
00000110001111101100
00000110010100011110
00001000110010110001
00000100011011001000
00010001010101111100
00000001111101101110
00000101110111100000
00001000000001111000
00000001001110111001
00000010101111101110
00000011101111111011
00000000001000011010
00100000000001000100
00000000010110001010
00000000010100100000
00000000000000000100
00000000000010000000
00000000000000000000
00000000000010010100
00000000000101001000
00000000010000000100
00000000011000101100
00001000000001111100
00000010000001011111
00000000100111111110
00000000010111111110
00000000001010110010
00000000001001110000
00000000100100111110
00000101100111110100
00000101101010110000
00010001110001001010
00000011010100010000
00000001001011000110
00000000001110000010
00000010100000000000
00000000000111100000
00000001101111101110
