17 33 8
00000000000000000
00000000000000000
00000000000000000
00000000000000000
00000000000000000
00000000000111000
00000000000001000
00000000000001000
00000000000010000
00000100000001000
00000000001010000
00000000000101000
00000010010001000
00000001000000100
00100011000111110
00000010010100000
00000010001010101
00000000000000000
00000000000000000
01000000000000000
00000000000000000
00100000000000000
00000000000000000
00000001000000000
00000000000000000
10101000000000000
01101100000000000
01001100000000000
10100100000000000
10010001000000000
10110001000000000
01011000000000000
01110000100000000
11000000100000000
