28 155 5
0000000000100100010100100000
0000000000000001000010000010
0000000000000010101110000000
0000000000100110010101100010
0001000000000001110111000000
0000000000000000011100000000
0000000001000001111100000000
0011000000000001001000000000
0010010001001100000000000000
0001001000000010001101010000
0010010000110000010001010100
0000000000000000000000000000
0010000000000000000000000000
0000100001000010000101010000
0101100010000000001000000000
0010001000000000000101001000
0110010000100000000100000000
0101001000010100110010000100
0010000000000100001011000000
1000000000000001111111000000
0000010000001000001100011001
0000100010000100100111110000
0000000000000000001000110000
0000000000000000000010100000
0001011100100000000000010100
0011110001000000000011001000
0001111101101000000000010000
0001111010000000000000000000
0000000100000000100000000000
0000001000000000100000000000
0010011001000000000100000000
0011000000101000000000000000
0000001000100001000000000000
0111010101000000100000000000
0001000001001100000000000000
0101100101001010000010000000
0000100000010000010100000000
0100001110001010000000000100
0000010000101100000000000000
0000000000000000010001000100
0000000011010000000011010000
0000000001000010010000010010
0000000001101000001101000010
0000000000010010001000001010
0000000000010001000110110000
0000000000000101001001110110
0000000001011010000101001000
0000000000010001111100110100
0000000000001000010101010010
0000000000001010011010100010
0000000001000100011111001100
0000000100010001011100000000
0000001000000010100010000110
0000000100000000001100011100
0000000000011000101000000010
0000000000001000000100010010
