16 45 6
1111110110010000
1110100010000000
1001011100000100
0110100100000000
1000100111100000
0001100110000000
0010100100000000
0000001100000000
0000101000000000
0010000000000000
0000000100010000
0000000100000000
0000000000000000
0000000000000000
0000000000000000
0000000000000000
0000000100000000
0000000000011000
0000000010001000
1010001110101000
0111011100000100
0010001000010000
0000000000011000
1000111110010000
1000011110000000
0000000110100000
0000000000000000
0100010100000010
0000000000000000
0000000000000000
0000000000100000
0100000000000000
