28 170 11
0000000000000010000011000000
0000000000001010101000000000
0000000000000010000000001000
0000000000000000100000001000
0000000000001110010010001000
0000000001000010010110101110
0000000000001011001100101100
0000001000001100011100111010
0000000010000101010111111110
0000000000000011101001001110
0000000000000000100001101000
0000000000100110011101110100
0000000001010010111000000010
0000000000000011100111001010
0010011000100000001110000010
0110100000000000100010010100
1111111110000010010110110000
1010010010010001100000010000
0100001111000100000100100000
1100111100000000000001010000
0110111100000000000000000000
1001000100000000000000000000
0000001100000000000000000000
0000111000001100000000000000
0001100000010000000000000000
1000000000000000000000000000
0000000000000000000000000000
0001010100000000000000000000
0000000000000000111111111111
0000000000000010111111111111
0000000000000000101111111111
0000000000000010111111111111
0000000000000000111111111111
0000000000000001001111111111
0000000000000000111111111111
0000000000000010011111111111
0000000000000000011111111111
0000000000000000101111111111
0000000000000000001011111111
0000000000000000011101111111
0000000000000000001111111111
0000000000000000000011111111
0000000000000000000001111111
0000000000000000000000101111
0000000000000000000000000101
0000000000000000000000000001
0000000000000000000000000000
0000000000000000000000000000
0000000000000000000000000000
0000000000000000000000000000
0000000000000000000000000000
0000000000000000000000000000
0000000000000000000000000000
0000000000000000000000000000
0000000000000000000000000000
0000000000000000000000000000
