24 91 8
000000000000000000000000
000000000000000000000000
000000000000000000000000
000000000000000000000000
000000000000000000000000
000000000000000000000000
000000000000000000000000
000000000000000000000000
000000000000000000000000
000000000000000000000000
000000000000000000000000
000000000100000000000000
000000010000000000000000
000100000000000100000000
000000000100000010000000
000000001000010000000010
000000100010100010000000
000000001010000000100000
000000011101110100100000
001011100111111100000000
001111111110111111000000
001111111111111111000000
000011111111111101000000
000100111111111100001000
111111111000000000000000
111111111110000000000000
111111111000000000000000
111111111011000000000000
111111111000000000000000
111111111100000000000000
111111111000000000000000
111110101000000000000000
111110000100000000000000
111101010000000000000000
011100100000000000000000
000000000000000000000000
000000000000000000000000
000000000000000000000000
000000000000000000000000
000000000000000000000000
000000000000000000000000
000000000000000000000000
000000000000000000000000
000000000000000000000000
000000000000000000000000
000000000000000000000000
000000000000000000000000
000000000000000000000000
