22 49 11
0000000000000000000000
0000000000000000000000
0000000000000000000000
0000000000000000000000
0000000000000000000000
0000000000000000000000
0000000000000000000000
0000000000000000000000
0000000000000000000000
0000000000000000000000
0001000010100010000100
1110000001000000010000
0000111100000000000000
0011110000000000000001
0101110000000000000100
1001100010000000000000
0100000000000010000000
1011000100000000000000
0010110000000000000000
0000100101000000000000
0001000000000000101000
1110000100100000000100
0000000000000000000000
0000000000000000000000
0000000100010100000000
0000000000000000000000
0000000000010000000000
0000000000001000000000
0000000001001100000000
0000000000100000010000
0000000000001010000000
0000000001011000000001
0000000000011101010000
0010000000110100000100
0001000000101000000000
0000000000001100000000
0000110100001000000000
0001000000000010001100
0000000000000000000000
0000101110001000000000
0000000001100000000000
0010001000000000000000
0000000000000000000000
0000000000000000100000
