24 130 6
000000000000000000000000
000000000000000000000000
000000000000000000000000
000000000000010000000000
000000010001000000000000
000000010000000000000000
000100010000000100100000
000000100000110100000000
010000011011010000000000
100100000001101000100000
000000111110101010000000
100100111010010101100000
001011110101000110000000
011101111110101100000000
000011101111010010001000
000011100101110001000000
000010110011101010000000
011010111111000001000000
100010111010110000101000
000110101110110010000000
100100101000100000100000
000000000001000000000000
000000000000001000000000
000001001100000010000000
000000000000000000000000
000000000000000000000000
000000000000000000000000
000000000000000000000000
000000000000000000100000
000000000000000000000100
000000000000000000000001
000000000000000000111000
000000000000001000010110
000000000100011111010011
000000000000000011111111
000000000000011110111111
000000000000110111101111
000000000000100001111111
000000000001000101111111
000000000000000111101111
000000000000111111111111
000000000000101011111111
000000000000011010111111
000000000000010111111101
000000000000000001111111
000000000010000000101110
000000000000000001010100
000000000000000000001101
