23 215 12
11110111000000000000000
01111111111000001000000
11111101101000000000000
11111111111010000000000
11111111110100000100000
11111111001001000000000
01111111101000010000000
11101101010010011001000
11011111110000000000000
11010011111000011101100
10000000000100100000100
10111000001101110100110
00001010010000100001010
10100100010110100101100
10111011110010000000010
01110111110110110111010
11111100100111101000100
01110011101101111011110
00011000001100111100000
00010010000010010110111
10100100000010010000000
00000000000000001000000
00000000100000000000000
00000000001011111111111
00000000010000111111111
00000000000001011111111
00000000010001001101110
00000000000010000011111
00000000000000001100110
00010000000000101110000
00000000000000001000010
10000000000000000000100
10000100000000000000000
00111000000000000000000
00010000000000000000000
10011110000000000000101
11110101000000010001010
01111110111101111101100
11111010001000001101101
10010011011110100101000
01111110111101111001011
01111111111011111110111
00001001111011101111111
11011011101011111111110
00000010111111011000111
00100001111111011111100
