21 48 15
000001000010000000000
010000001000010000000
011011010000000010000
000010100100100000000
110010010110000000000
010010000111011000000
010000011111000000000
001100000000000000000
000000011100000000000
010000010010000000000
000000000000000000000
000000010000001000000
000000000000000000000
000000000000000000000
000000100000000000000
000000000000000000000
000000000000000000000
000000000000000000000
000000000000000000000
100100000000000000000
001000000000000000000
000000000000000000000
000000000000000000000
000000000000000000000
000000000000000000000
000000000000000000000
000000000000000000000
000000000000000000000
000000000000000000000
000000000000000000000
000000000000000000000
000000000000000000000
000010000000000000000
000001000000000000000
000001001100000000000
010101010001000010000
001000100111000000000
101011101000000000000
001111100100000000000
010111111000000000000
000011010110000000100
011011110000100000000
