23 108 8
00000000000000000000000
00000000000001000000000
00000001010000001100000
00000000000000101010001
00000000000010110011000
00000010000101111111100
00000000000000110111000
00000001101111111110010
00000000110011111111000
00000000000011111110110
00000000001011111001110
00000000001010010001000
00000000111010100110100
00000000001001010100001
00000000000010000101100
00000000000000000000001
00000000000100011001110
00000000000010011000000
00000000100000010010100
00000000000000100000000
00000000000000000010100
00000000000000000000000
00000000000000000010000
00000000000000000000000
00000000000000000000000
00010000000000000000000
00000000000000000000000
00000000000001000000000
00000000000000000000000
00000000000001100000000
00000000000101000000000
00000101100000000010000
00001000000000100000000
00000000010101000001001
01000001001010111100100
00000000000001010010000
00000010100010111101000
00000000101110111100011
00000010000011111011011
00001000100011001110101
00000000000001101010110
00000000001010100000100
00000000000000011111111
00000000001001011111110
00000000000000111111101
00000000000000111111001
