22 74 13
0000000000000000000000
0001001100000000000000
1010000000000000000000
0011111000000000000000
0111111100000000000000
1111101111000000000000
1111111110000000000000
1111111100000000000000
0011111101000000000000
0111111110000000000000
0111111000000000000000
0001111000000000000000
0001010100000000000000
0001000000000000000000
0000010010000000000000
0000000000000000000000
0000000000000000000000
0000000000000000000000
0000000000000000000000
0000000000000000000000
0000000000000000000000
0000000000000000000000
0001000000000010000100
0000000000000000010111
0000000100010000000101
0000000000000000000011
0001000001000001001010
0000000000000011000111
1000000100000000010000
0000100000000000000000
0000000110000000111000
0100000000101000000100
0011000110000001000011
0001010001000000000000
1001000000111000000000
0001101001000000000001
0000010010010000000000
0100000100100000000000
0001101000010000000000
0000100010010000000000
0100101000000000000000
0000000000000000100000
1000000000000000000000
0000000000000000000000
