29 111 6
00000000000000000000000000000
00000000000000000000000000000
00000100000000000000000000000
00000000000000000000000000000
00000000000000000000000000000
00000000000100000000000000000
00000000000000000000000000000
00000000000010000000000000000
00000000000000000000000000000
00011001000000000000000000000
00010110100100000000000000000
10001001000000000000000000000
10101111000000000000000000000
10111111011000000000000000000
01111011000000000000000000000
11111100011000000000000000000
01111111110000010000000000000
11101110111100000000000000000
11111011011000100000000000000
11001011100000001000000000000
00111110011000000000000000000
00111011011100000000000000000
11101010100000000000000000000
00000011000000000000000000000
01101001010010000000000000000
00000000000000000000000000000
00001001000000000000000000000
00000000000000000000000000000
00000000000000000000000000000
00000000000000000000000000000
00000001000000000000000000000
00000000000000000000000000000
00000001000000000000000000000
00000000000000000000000000000
01000000000000000000000000000
00000000000000000000000000000
00000000110000000000000000000
00100000000000000000000000000
00100000010000000000000000000
00001000000000000000000000000
00000000010000000000000000000
00000000000000100000000000100
00000001000100010001000000000
00000000000000100000000000000
01000000000000001010000000000
00000000000001101000000000000
00000000001000010101000010000
00000000001001100000110100000
00000000001100000000100100000
00000000000010101100000010100
00000000000001111101000000000
00000000000101111010000001010
00000000100001101100100111000
00000000000001111010111001101
00000000010001001110010101110
00000000000001100010011100111
00000000000000000100011001011
00000000000101000100010011011
