22 236 8
0000000000000000000000
0000000001000000000000
0000000000000000000010
0000000000000100000000
0000000000000000000000
0000001100000000000000
0000000001010000000001
0000000000101010000000
0000000100100100101000
0000001011111111111011
0000100111011111100101
0010110111111111111000
0011101101111111011100
0101111111111111101100
0101111111111111111100
0001111111111111111110
0011111111111111111001
0011111111111111111100
0011111111111111111110
1111111111111111111000
1101111111111111110000
1001111111111111111111
0000001111111111111111
0000000011111111111111
0000000111111111111111
0000011111111111111111
0000001111111111111111
0000000111111111111111
0000100111111111111111
0000001111111111111111
0000001101111111111111
0000001111111111111111
0000000011111111111111
0000000001111111111111
0000000001111111111111
0000000001011111111111
0000000000111111111111
0000000000010001111111
0000000000000100110101
0000000000000000000110
0000000000000000010000
0000000000000000000000
0000000000000000000000
0000000000000000000000
