22 118 8
0111100010000000000000
0100000011001000001000
0000011000100000000000
1010000100000000000000
0110100101100010010000
1010001100001110000010
0110001000011010000000
1101000101011000100000
1001110101101001100000
0001110010101000010110
1001110100000010100101
0000100100000110000000
0001100000010100000010
0010001101010100000001
0010110100000000000000
0100101000101000001000
0001000100001010000010
0000000010000011000100
0000000000100000000000
0000001001100000000000
1100000001000000000000
0000000001000000010000
0000000000000010111111
0000000000001000011111
0000000000100000011111
0000000000010010011111
0000000000001111111111
0000000000000001111111
0000000000001111111111
0000000000001111111111
0000000000001001111111
0000000000000001111111
0000000000000001111111
0000000000001011111111
0000000000001000110111
0000000000000000111011
0000000000000000111110
0000000000000000000110
0000000000000000100101
0000000000000000001000
0000000000000000100000
0000000000000000000000
0000000000000000001000
0000000000000000000000
