16 119 11
0010000000000000
0000000000001000
0000000001000000
0000000000010000
0000000011000000
0000110010001000
0000001011111111
0000101111001110
0000011111101101
0000010111011111
0010111101111111
0100111110111111
1010010111111101
1101010111111111
0001111111111111
0100111111111111
0000010001000000
0100111101010011
0000111111000101
0011111111111011
0011111111111110
0110111111111111
1011111101111011
0001111111111000
0100111110011111
1011110101101110
1001010100011000
0010101001101000
0000000100010000
0000001000000000
0000000000000000
0000000000000000
