26 326 7
00000111101110001000000000
00110100111010111000000000
01011111111111110000000000
01111111111111101010000000
01010111111111111100000000
01111111111111111010000000
11111111111111111101100000
11111111111111111110000000
01111111111111111100000000
11111111111111111101001000
11111111111111111110000000
11111111111111111111000000
11111111111111111101000000
01111111111111111110000000
11111111111111111100000000
01111111111111111101000000
00111111111111100100000000
01111111111111110100000000
10101111110110010000000000
00010110111101010000000000
00000110001000000000000000
00000001000000000000000100
00000000010000000000000000
00000010000000000000000000
00000000000000100000000000
00000000000000000000000000
11111111110110000000000000
11111111110000000000000000
11111111111100000000000000
11111111111000000000000000
11111111010010000000000000
11111111010100000010100101
11111110110010000001001110
11111111101100000000111100
11101100000000010001111111
11111011001000100111111111
11111111000000000111111111
01111000100000001111111111
11111100010000000111111111
00111000110000011111111111
11110101000000110111111111
00011001000000011111111111
01000000110000011111111111
00001000000000000111111111
00000010000000001111111111
00000000000100000011111111
01010000000000000011111111
00001010000000000011111111
01110011010000000101100011
00000110110010000001100101
00011110111001000000000010
01111111001100000000000000
