27 309 5
111111110001100000000000000
111111111001100000000000000
111111111011000000000000000
111111111011000000000000000
111111111111011000000000000
111111111111010000000000000
111111111111110000000000000
111111111111100000000000000
111111111111100000000000000
111111111111110110000000000
111111111111111000000000000
111111111111010100000000000
111111111111100000000000000
111111111111001000000000000
111111111111010000000000000
111111111111100100000000000
111111111111110000000000000
111111111111110000000000000
111111111111100000000000000
111111111101000000000000000
111111110110010000000000000
111111111001100000000000000
111110111100000000000000000
111111110001100000000000000
111100000000000000000000000
100110000000000000000000000
000100000000000000000000000
111111111111111111111111110
111111111111111111111111110
111111111111111111111111110
111111111111111111111111100
111111111111111111111111110
111111111111111111111111110
111111111111111111111111000
111111111111111111111111000
111101111111111111111111000
111111001111111111111101100
111000011111111111111101000
100001001011111111110110000
000000010110111111110111000
000000001100111111000010000
000000000100010110000000000
000000000000000000000000000
000000000000000000000000000
000000000000000000000000000
000000000000000000000000000
000000000000000000000000000
000000000000000000000000000
000000000000000000000000000
000000000000000000000000000
000000000000000000000000000
000000000000000000000000000
000000000000000000000000000
000000000000000000000000000
