27 295 12
000010101101100100011111111
000000011111110111111111111
000111000111111111111111111
000000011111111011111111111
000000111111111111011111111
000011111111111111001111111
000101111111111111110111111
001010111111111111101011110
001111111111111111110101111
000001111111111111110101101
000011011111111111110000000
000110111111111111110110010
000011001111111111001000000
000001011111111111011010000
000100011010111111010000000
000000010011111000000000000
000000001100111010110000000
000000000010001010000000000
000000000000100010010010000
000000000000011000000000000
000000000000000000000000000
000000000000000000000000000
000000000000000000000000000
000000000000000000000000000
000000000000000000000000000
000000000000000000000000000
000000000000000000000000000
000000000000000000000000000
000000000000000000000000000
000100100000000000000000000
000010001100000000000000000
000011111000000000000000000
001111111111100100000000000
111111111111111100000000000
101111111111111000000000000
111111111111111100000000000
111111111111111100000000000
111111111111111100000000000
111111111111111110000000000
111111111111111110000000000
111111111111111100000000000
111111111111111100000000000
111111111111111110000000000
011111111111111000000000000
101111111111110000000000000
111111111111100000000000000
111011111111011000000000000
111111111111100000000000000
111111000000000000000000000
111111100000000000000000000
111111100000000000000000000
111111110000000000000000000
111111111000000000000000000
111111111000000000000000000
