29 236 14
00000000000100110110010000000
00100000000010100010100000000
00000000000001001110101000000
00000000001011001111110010000
01000010000000110101101000100
10000000000001111111111111000
00010000101101111111111010110
00100000100011011111101010000
00000000000011111011111100110
00000000000000111111111110000
00010001000001011011111101010
00100001001100100111101000000
10101100011000000000101000000
00110010101000100011000100010
10001101000000000000101000000
01001000000000000100000000000
01100000000001000000000000000
01010000000010000000000001000
00000100010000000000000010000
10000011000000000000000010100
00000000000000000000001001000
00010000000000000000001100100
00000000000000000001010010010
00000000000000100000111111100
00000000000000000101011111111
00000000000000000001011111100
00000000000000010011111110110
00000000000000001110111111110
00000000000000110111111111001
10100000110000000001101000000
10111011000001001000100100000
11000000001101101011110100100
01100100010001111111111100001
00001100100101111111111111000
00000100001001111101011100000
01100000010101111010111100001
00000000000000101111011111110
00110000000010011111101000000
00000000010011011111111111010
01000000000100011011110101100
00000001001001110111111111011
00000000001100111110101101111
00000000000001010011010111111
00000000000000000011101001101
00000000000000100101011110011
00000000000001000111111111011
00000000000011100101100111110
00000000000000000011100010011
00000000000000000000100000000
00000000000000011100101001010
00000000000000000000000000000
00000000000000000000000100000
00000000000000000000110000000
00000000000000000010000000010
00000000000000000000000000000
00000000000000000000000000000
00000000000000000000000000001
00000000000000000000000000000
