26 313 15
00001011111111111111010000
00000111001111111011011100
00100111111111111011010000
00000111111111111111111000
00010001111111111111110000
10011010111111111111110101
00100011111111111111111010
00001111111111111111100000
00000011111111111111111001
00100011101111111111111100
00001001011111111111110000
01000001110110111111101000
00000110000100101011010000
00000000000101000010000000
00000000001000010000001000
00000000000011001001000000
00000011100100000000000000
00001010000100100000000000
00000111110100000100000000
00001101110011100000000000
00101111111111011000000000
00000101010111100000010000
00101111111100111000011000
00011111111111001000100010
00001010111011110000010000
00001011111001110000110000
00000000000000000000000000
00010000000000000000000000
00110000000000000000000000
11111111000000000000000000
11111111110000000000000000
11111111110000000000000000
11111111111100000000000000
11111111111100000000000000
11111111111111000000000000
11111111111111100000000000
11111111111111100000000000
11111111111111000000000000
11111111111111110000000000
11111111111111100000000000
11111111111111100000000000
11111111111111100000000000
11111111111111110000000000
11111111111111110000000000
11111111111111110000000000
11111111111111100000000000
11111111111111000000000000
11111111111111000000000000
11111111111110000000000000
11111111111100000000000000
11111111111100000000000000
11111111111000000000000000
