25 220 15
0000000000000000000000000
0000000000000000000000000
0000000000000000000000000
0000000000000000000000000
0000000000000000001001000
0000010000000000111011101
0000000000000000011111111
0000000000000000011111111
0000000000000000101111111
1010000000010000011111111
1010000001000000111111111
0000000000000000011111111
1000101110000000011111111
1100011010100000001111101
1001100011011000001110000
0010101111100100000000000
0111111101101000000000000
1001011111111000000100000
1011111101011100000000000
1111111111111000000000000
0111111111111010000000000
1111111111110001000000000
1111111111111110000000000
1011111111010110100000000
1011111111111100000000000
0000000111011011111110000
0000011001111111110001000
0000011111111111111111000
0000001011011111111100000
0000001111111111111111110
0000000111111111111101001
0000101111111111111110000
0001101111111111111011100
0000010111111111110111011
0000010111111111111111101
0000010111111111111010000
0000000110011111011100011
0000010011111111101100000
0000000010001101111010000
0000001110101110001010000
0000001001101111000000000
0000000010000000000000000
0000000000000000100000000
0000000000000000000000000
0000000000100000000000000
0000000000000000000000000
0000000000000000000000000
0000000000000000000000000
0000000000000000000000000
0000000000000000000000000
