21 46 6
000000000000000000000
000000000000000000000
000000000000000000000
000000000000000000000
000000000000000000000
000000000000000000000
000000000000000000000
000000000000000000000
000000000000000000000
000000000000000000000
000000000001100000010
000000000001100001000
000000000000010110000
000000000010001110001
000000000000110100000
000000000001101001000
000000000101101111110
000000000000000111000
000000000000000010111
000000000000000010001
000000000000101111110
000011010010101000000
000000001000000100000
000000001010000000000
000000000001000000000
000000010010000000000
000000000001000000000
000000000000000000000
000000000010100000010
000000000000100010000
000000000000010000000
000000000000000000000
000000000010001010001
000000001100100000000
000010000000001000000
010000110000000000000
000000001000000000000
000000000000100000000
000100000000000110010
010000000000000000000
000000000000000011001
100000000000000010101
