16 125 11
0000000000111111
0000000011111111
0000000000101111
0000000011011111
0000000100111111
0000001001011111
0000000101111111
0000010111111111
0001001111111111
0000111011101111
0000011111111111
0000011111010011
0001011011111111
0010000011101110
0010101000010111
0000000100010000
1111111111111000
1111111111110010
1111111111100000
1111111111111000
1111111111100000
1111111111100000
1111111111100000
1111111111100000
1111111111010000
1111111000000000
1111111000000000
1100010100000000
0110000000000000
0000000000000000
0000000000000000
0000000000000000
