28 392 6
0000000000000010000100010110
0000000000000001010010111110
0000100000000100010110010000
0000000000011101110111100001
0000000000001110100111101110
0000000010101011011011011000
0000000100101110111101001111
0000110100000011101111111110
0001100010110111111111110110
1000101111111101011111101111
0000011111101011111111101001
1000011111101111100111110110
0001011011111101111111010101
0001011111111100101111000100
1100011111111111011110010110
0000101110110111111111101000
1011001111111111110111011010
0000011110111111000111001000
0010111111111111101000110000
0000110011111111110101000000
0001110111111111111010000000
0010000111111111101111000000
0000011011111111111100000000
0000010111111111100101000000
0000111111110111110010000000
0000001100010111100000000000
0000011101111110100000000000
0000010101110111000000000000
1111111111111111110100000000
1111111111111110110000000000
1111111111111111111000000000
1111111111111111110000000000
1111111111111111101000000000
1111111111111111111000000000
1111111111111111110000000000
1111111111111111110000000000
1111111111111111110000000000
1111111111111111111000000000
1110111111111111110000000000
0111111011111100000000000000
1000000101100100100000000000
1101011110000110000000000000
0000011000000000000000000000
0000100000000000000010000000
0000000000000010010000011100
1000000000000000010100000000
1001000001000000101110001000
0001000000000000000001110100
1111000000000000111111111110
1110110000000001111011111110
1111100000000001111111111111
1111100000000110111111111111
1111001000000111111111111111
1111000000001001111111111111
0011010000010001111111111110
0100100000010111111111111111
