25 289 14
0000000000000000000000000
0000000000000001000000010
0000000000000000000011100
0000000000000001000010011
0000000000000000010110100
0000000001000000000001000
0000000000000100001011010
0000001100000000101010101
0000000000001011011001101
0000000010010001011011010
0000000000100100111111110
0000000011001111110111111
0000010000000111111001110
0110001110111011101011111
0010101111111101110111101
1010001011001111111110010
1001111111111101111101100
1110100111001011111110100
1111111111111101010110110
1111111111111010111110000
1111111110110111110010010
1101111111110111101011100
1011111111111111010000000
1111110111111101011100000
1111111011111011111010000
0000000000100111111111111
0000000000010011111111111
0000000000001111111111111
0000000000111111111111111
0000000000111111111111111
0000000000001111111111111
0000000000111111111111111
0000000001011111111111111
0000000000011111111111111
0000000000011111111111111
0000000000011111111111111
0000000000011111111111111
0000000000011111111111111
0000000000001111111111111
0000000000001111111111111
0000000000000111111111111
0000000000001111111111111
0000000000000001111111111
0000000000000001111111111
0000000000000011111111111
0000000000000000111111111
0000000000000000111111111
0000000000000000000111111
0000000000000000000000011
0000000000000000000000000
