20 157 11
11110100110110111001
11001100101100111111
10101110010011111010
01101111010000110111
11111011011011110011
11010111001100010100
11111011001001001000
11111010000010000110
11111110101111000010
10111111000000000000
10111111110000000000
11110111110000000000
01101100010000000000
01000111100000000000
10001011000000000000
01000010100000100000
10101010000000000000
00100001000000000000
01000000000000000000
00000000000000000000
00000000000000000000
00000000000000000000
00000000000000000000
00000000000000000000
00000010000000100000
00000000000100010000
00000000010000001000
00000000000100010000
01000000010001011010
01000001010110110100
00000000111110100010
00000010111111010111
00001101111111111111
00000011111111111101
01110111111111111111
00101101101111111111
01000011011111111110
00100101111111111111
00010001111111111111
00100111001111111111
