23 83 5
00000000000000000000000
00000000000000000000000
00000000000000000000000
00000000000000000000000
00000000000000000000000
00000000000000000000000
00000000000000000100100
00000000000000000001111
00000000000000100000011
00000000000000000000101
00000000000000011100011
00000000000000001111011
00000000000001001111111
00000000000000011111111
00000000000000011111111
00000000000000011111111
00000000000000010111111
00000000000000110111110
00000000000000110001011
00000000000000011011001
00000000000000001000010
00000000000000000000101
00000000000000000100000
00000011000000000000000
00001100010000000000000
00000010000010000000000
01001010100001010000000
00000110100000000000000
00000000010100100000000
00100110000010011000000
00010000111000001001000
00000000000100000000000
01101010000110100000000
00000111100000010000000
00001011001100001000000
00001010100000000000000
00001000001000000000100
00001010010000000000000
00000001001100000000000
00000100000000010000000
00000100100001000000100
00000010000000000000000
00011001001000000000000
00000000000000000000000
00010111001000010000010
00000000100101000000000
