29 202 6
00000000000000000000000000000
00000000000000000000000000000
00000000000000000000000000000
00000000000000000000000000000
00000000000000000000000000000
00000000000000000000000000000
00000000000000000000000000000
00000000000000000000000000000
00000000000000000000000000000
00000000000000000000000000000
00000000000000000000000000000
00000000000000000000000000000
00000000000000000000000000000
00000000000000001000001000000
00000000000000000000010000000
00000000001000001100110000000
00000110000000011010011000000
00000000000101111111100101000
00000000111111011111111100000
00000000110111111111111011100
00000000011111111111110100000
00000000100111111111111101110
00000000101111111111111110000
00000000001111111111111110000
00000000011111111111111111000
00000001001111111111111111000
00000000010111111111111101100
00001000001111011111111100010
00000000011111111111111101100
00000000000000000000000000000
00000000000000000000000000000
00000000000000000000000000000
00000000000000000000000000000
00000000000000000000000000000
00000000000000000000000000000
00000000000000000000000000000
00000000000000000000000000000
00000000000000000000000000000
00000000000000000000000000000
00000000000000000000000000000
00000000000000000000000000000
00000000000000000000110000000
00000000000000000000001000000
00000000000000000000111111100
00000000000000000011111111010
00000000000000000011111111110
10000000000000000111111111111
00000000000000001111111111111
01001100000000000111111111111
11111000000000000111111111111
11100001000000000011111111111
11111110100000000011111111111
11111111000000000011111111110
11111111111000000010111110010
11111111000000000000010011100
11111111111000000000000011000
11111111100000000000000100000
11111111110000000000000000000
