25 85 11
0001000000000100100111100
0000000000000000001000000
0000000000000000110011011
0000000001000010011111100
0000000000000010001010000
0000000000101000010101101
0000000010000001010000010
0000001001000000101010010
0000000000000000011001010
0000000000000100000101000
0000000000000000000000000
0000000000100100010100000
0000000000000100001100100
0000000000100010000101010
0000000000000000000000000
0001000000100000100010000
0000100000000000000000000
0010000000000000000000110
1100000000000000010000110
1100000000000000000010001
0000000000000000000010000
0000000010000000000000000
0001000000000000000000000
0100000000000000000000000
0100010000000000000000000
0000000000010000000000000
0000000000000000000000000
0000001000000000000000000
0000001000000000000000000
1000100010000000000000000
0100000010011000000000000
0100000100000000000000000
0010010010000000100000000
0011000000000000000000000
0001100100001000000000000
0100000101110000000000000
0010101000000000000000000
1111010000100000000000000
0010000010010000000000000
1001100010100101000000000
0011000001010010110000000
0000000000111110000000000
0000000100001100000000000
0100100001101100100000000
0000000001001000000000000
0000011000001000100000000
0000000011010000000000000
0000000001111000000000000
0000000000011010000000000
0000000000000001000000000
