27 100 15
000000011000000000000000000
000000000000001000000000000
000010111110010100000000000
000010010010000000000000000
001011010001100000000000000
000100001000010000000000000
001001001000100000000000000
000000000001010001000000000
000010000100000100000000000
000000001000101100000000000
000010011000110000000000000
000100001100000000000000000
000000110100000000000000000
000000110000000000000000000
000001001000000000000000000
000000011110100000000000000
000000011010000000000000000
000000100000000000000000000
000000110010000000000000000
000000000000000001000000000
000000000000001000000000000
000000000000000000111000000
000000000000010101011000000
000000000000001011110010100
000000000000011100110000100
000000000010010111000001000
000000000000100001111001100
000000110000000000010000000
100000111001000000000100000
001101000000000001000000000
010010100101000000001000101
101000010010000010110001000
001001110110000010011100000
001011110100000010110011010
001111101000001010000110110
000110110100000000010010010
000101000101000000001100110
000000000100000000111010100
000000100010000000101000000
000000000000000000100100000
000000000000000010000000010
001000000000000000000000000
000000000000000000000000010
000000000000000000101000010
000000000000000000000000000
000000000000000000000100000
000000000000000000000000100
000000000000000000000000000
000000000000000000000000000
000000000000000000000000000
000000000000000000000000000
000000000000000000000000000
000000000000000000000000000
000000000000000000000000000
