16 64 10
0000000000000000
0000000000000001
0000000000001000
0000000011000101
0000000000111001
0000010011000011
0000000101101111
0000001100100111
0000000101111111
0000001100101011
0001010011010001
0000010101001100
0000010101110001
0000000100000010
0000000001000000
0000000100000010
1110010000000101
1000110010011101
1101001000101000
1101001000100000
1010111000010001
0111001011000001
0010100000000100
1010000100000000
0011110000101010
0100000000000000
0100000000001000
0000000001011011
0100000000111000
0000000000000000
0000000000000000
0000000000000000
