26 253 13
00000000000000011101111000
00000000000001111011111100
00100000000111011111111110
01000000000011111111111111
01001000000011011111111101
01000000000101111111111100
00100110100010111111110110
00000100000111011111111010
01001000100101111111110000
10110100111001101111110100
11110100000010011110110000
11111110000001100000000010
11111011000001110000000000
11111111111000000000100000
11101111010100000000000000
11111111011010000000000000
11111110001100000000000000
11110111000000000000000000
11101111000000000000000000
11111111101000000000000000
11111011010000000000000000
11111001000000000000000000
01101010000000000000000000
11110000000100000000000000
00100000001000000000000000
00001000000000000000000000
00000000000000000000000000
00000000001000000001101000
00000000000100000000001000
00001000000000000010000100
00000000000000010001000110
00000000000000001111101101
00000000000100001011111101
00000000000010100111111100
00000000000001111111111011
01000000000001111111111101
00000001001110111111111001
00000000001001111111110111
00100000011000111111111101
10110000000011110111111101
00000100110110011111111111
01000000000000001011111001
10101100101110011001101101
01001011000001001011011111
11111001000010101101111010
01110000000010110010100100
10110100000100011000011100
11111000000001100111011100
10111000000001000101000010
00111000100000000101000100
01111011100001100000010000
00110000001011100000000111
