18 128 13
001000000110010011
000010000101011110
000000010010000100
000011011111001111
001000001011001111
100000101110101000
000001001011101101
000000110010101010
000000111110001110
100000001011011111
000000100011101101
001000010111010101
001110000000111011
010000000001011011
000001011000101011
000000010001101001
000000110011101111
000000011000110100
110100000000000000
111110000000000000
111100100000000000
111101100000000000
111111000100000000
111110111000000000
111111110110000000
111111111011000000
111111111110000000
111111111010000000
111111111100000000
101111111100000000
111111111100000000
011111110101000000
101111110000000000
000001100100000000
101000110000000000
000000000000000000
