20 164 12
00110011110110000000
11100111111010100000
10001111111111101000
01110111110111100000
10111111111111110100
01111101111110101000
11111111111110100000
01111111111101110000
01111001111110000100
00110011111111000000
10101111011111010000
10001110111101101000
00100011010010110000
00100010101100000000
00000001000000000000
00000001000000010000
00000000100000000000
00000000010000000000
00000000000101000000
00000000000000000000
00110000010000010000
10010000100010010001
00000000010100111111
10110010100011010000
11110100001010010011
11101110100110001101
11011001111101010001
10011000101111011101
11111110010011011001
10101011010101100110
10010110110100110110
01010011001010010100
01011100110001001100
00010100011100100111
00000000100010000100
00100000111110001000
10000100001000010000
01000000010011110100
10100100110001100000
00000101000010000000
