27 137 12
000100011111111110111000000
001010000011101111101100000
000001001111111111101010000
000110011011111111010000100
000001110001111111111100000
000010011111101101001000010
000001111011110011010100000
000001110101011111010000000
000000000111111101011000000
000000000001111100000000000
000000010111101011100000000
010000000000101101000000000
000010000000100000100000000
000000000010000001000000000
000000000000000000000000000
000000000000000000000000000
000000000000000000000000000
000000000000000000000000000
000000000000000000000000000
000000000000000000000000000
000000000000000000000000000
000000000000000000000000000
000000000000000000000000000
000000000000000000000000000
000000000000000000000000000
000000000000000000000000000
000000000000000000000000000
000000000000000000000000000
000000000000000000000000000
000000000000000000000000000
000000000000000000000000000
000000000000000000000000000
000000000000000000000000000
000000000000000000000000000
000000000000000000000000000
000000000000000000000000000
000000000000000000000000000
000000000001100000000000000
000000010000010001000001000
001000000010100000000000010
000000011001111010010000001
001000100001011010000011001
000001000100000100011111111
000000000001110000010101110
100001100101001011100110011
000000001001101001100111010
001000001001110011111111000
000000001110011010011111011
000000000000000010011111111
000000000111100110011101001
000001001001100000101101010
001000000001010000000101001
000000000000011000011001000
000000000000000000000010000
