17 128 10
01110000010000000
01111010000000000
01111000000000000
11110110000000000
11110110010000000
11111101001010100
11001001000000100
00111100001010001
10000010010001111
00000000011110010
00000110101011101
00001001111010111
00001000111101101
00000111011111101
00000111111111111
00000001111011111
00001011111111111
00001001100000000
00000000010010100
00010111110001000
01110101110100010
00000101101001100
11010100111001000
10011110000010000
10011111100011010
10110111011011000
10111100100100000
10111101111001000
01101110011010000
00110111010000000
11111111011000000
00000100110001000
01111011100110000
11111111101100010
