19 176 15
0000000000000000000
0000000000000000000
0000000000010000000
0000000010000001100
0000000000000011000
0010000001111101011
0000001010001111100
0000010000100111011
0001111010001111111
0000000111111111001
0010001111111111111
0001000011111111111
0000101111111111111
0010101110111111111
0000000111111111111
0011001111111111111
0000110111111111111
0010001111111111111
1000111111111111111
1111111100100000000
1111111101100000000
1111111100100000000
1111111111110000000
1111111101010000000
1111111111000000000
1111111111100000000
1111111111100000000
1111111101100000000
1111110100110000000
1111111111000000000
1111111111000000000
1111110101000000000
1101111001000000000
1111110100000000000
1111110101100000000
1111110110000000000
1111111000000000000
1111111110000000000
