24 253 8
000001000100000000000000
000000001100010010000000
010001011100100100000000
000110001111011101000000
000110111111111100000000
011000111111111011000000
000011010111111111100000
000011111111111111100000
000011111111111111010000
100011111111111101011000
000111011111111100110000
000011101111110010000000
000101001111111100100001
000011011111110100000000
000011101001100010100100
000100100100011000001000
000000000100100100101101
000000000001110110111110
000000000000000111111110
000000000010111011111110
000000001001111111111111
000000000001101111111111
000000000011011111011110
000000000100011111111111
000000000001100111111100
000000010000011111110100
000000100001101111110000
000001000011011111011100
001001000100111111011000
011000110001011111110100
110000100000111011100000
111011101000000100001000
111111110011100000000000
111111101100101000100000
111111111101000000000000
111111111100000000000000
111111111111010000000000
111111111110100000000000
111111111110000000000000
111111111111000000000000
111111111110101000000000
111111111110001000000000
111111111100000000000000
111111111000000000000000
111111111000000000000000
111111011100000100000000
111111101001000000000000
111100111110000000000000
