23 96 7
01110000001001000000000
00010100110001100000000
11011100100100100000000
01100011001110110000000
01111110000001000001000
11111111110000000000000
10011110101100000000000
11111111110000001000000
01101111100000000000000
01111110000100000000000
01011111100001000000000
00010011001100000000000
00000010011000000000000
00001000000000000000000
00000000000000000000000
00000000000000000000000
00000000000000000000000
00000000000000000000000
00000000000000000000000
00000000000000000000000
00000000000000000000000
00000000000000000000000
00000000000000000000000
00010000000000000000000
00100000000000000000000
00000101000000000000000
00100001000000100000000
00000001110000100000000
00000001011000000110000
00101011100001001000000
00000100110100000000000
00010100110100100000000
01011001100000000000000
01001101000110000000000
00000100000010100000000
10001000010010000000101
00001000001001100000010
00000001101100000000110
00000000000001000000000
00000100010000000000110
00000000000000000000110
00010100100000000110100
00000000000000010100110
00000000000000011001010
00000000010010000100101
00000000010001110011000
