18 34 8
010011011101100101
000000100101001101
000111001110010000
100000001000001010
000000000001000000
000000100000001011
000000000000000000
000000000000000000
000000000010000000
000000000000010000
000000000000000000
000000000000000000
000000000000000000
000000000000000000
000000000000000000
000000000000000000
000000000000000000
000000000000000000
000000000000000000
000000001000000000
000000000000000000
000000100000000000
000000000000000000
000010010000010001
000000101000000000
000000011110100000
000000010000000000
000010101100101000
000001000100000000
000000001000010110
000000000100001000
000000000010000100
000000000000101000
000000010000000000
010000000000000000
000000000000000000
