25 159 15
0000100000111111111111111
0000000010111111111111111
0000000000111111111111111
0000000000111111111111111
0000000001111111111111111
0000000000111111111111111
0000000001111111111111111
0000000000000111111111111
0000000000010011111111111
0000000000001111111111111
0000000000000000111111111
0000000000000000011000000
0000000000000000000101000
0000000000000000000000000
0000000000000000000000000
0000000000000000000000000
0000000000000000000000000
0000000000000000000000000
0000000000000000000000000
0000000000000000000000000
0000000000000000000000000
0000000000000000000000000
0000000000000000000000000
0000000000000000000000000
0000000000000000000000000
0000110010000000000000011
0010000000010000000001000
0010001101000000000011000
0001010000000110000011011
0010001001100000001010100
0000110001000000000101001
0001100000000100000000101
0000000000000010000000000
0000001000100001000000000
0000000100100000000010000
0000000000001000011000101
0000000000001001100100110
0000000000000011110100001
0000000000000001010001100
0000000000100110000100011
0000000000100010101010001
0000000000000000101101100
0000000000100101100001010
0000000000100110001011101
0000000100101111101110110
0000010011010011111111011
0000000000010111110010110
0000000000000111011101010
0000000000101011111111000
0000000000000110111110000
