28 316 14
1111111111111111111111100100
1111111111111111111111010000
1111111111111111111111010010
1111111111111111111111001000
1111111111111111111111000000
1111111111111111111111000000
1111111111111111111110100000
1111111111111111111111100000
1111111111111111111110100000
1111111111111111111100000000
1111111111111111111010000000
1111111111111111111000000000
1011111111111111100100000000
0101111111101100000000000000
0111011011110101010000000000
0000111100001010000000000000
0000000100001100000000000000
1000000000000000000000000000
0000000001000000000000000000
0000000000000000000000000000
0000000100000000000000000000
0000000000000000000000000000
0000000000000000000000000000
0000000000000000000000000000
0000000000000000000000000000
0000000000000000000000000000
0000000000000000000000000000
0000000000000000000000000000
0000000000000000000000000000
0000000000000000000000000000
0000000000000000000100000000
0000000000000000000000000000
0000000000000000000000000000
0000000000000000000001000001
0000000000001000001000100000
0000000000000000000000001000
0000000000000000000100010100
0000000000001000001101000110
0000000000000101001001101000
0000000000000000110100110110
0000000001000100110111111111
0000000000000010101110110101
0000000001000011111111111111
0000000001001000110110111011
0000000001011100111101111111
0000011000000011111111111111
0000000000110111111111111111
0000001110110111111111111111
0000010011110111111111111111
0000010011111111111111111111
0000001011101111111111111111
0000101111111111111111111111
0000001111101111111111111111
0000001111111111111111111011
0000101110111111111111111111
0001001111111111111111111111
