22 213 5
0011000001010111000000
1000100111011111100000
0101011001011111100000
0110100001101111101100
0100100111111111110000
0011110001111111110000
0110000100111110000000
0010001100101110110000
1100000010111001100000
1110100011100111010000
1010010001001100000000
1100000111111101100100
1011101011111111000001
1100100110101011000101
0010010011110101111110
0000000111011110100111
0000010001010100001011
0000000001000111111111
0000000000111000111011
0000000000000001001111
0000000000000011011101
0000000000010001011111
0000000000000001111111
0000000000000001111111
0000000000010011111111
0000000000000111111111
0000000000011111111111
0000000000001010111111
0000000000000111111111
0000000000001101111111
0000000000010111111111
0000000000111111111111
0000000011101111111111
0000000100111111111111
0000000010111111111111
0000000011101111111111
0000000010111111111110
0000000001111111111110
0000000000111111111001
0000000010111011111110
0000000001111111101110
0000000000011010111100
0000000000100111010000
0000000000000001100000
