29 87 7
00000010101000000000000100000
00001010010000100000010100000
00000010010000000000100001000
00001001000000000000000101000
00000000100000000000000000000
00000000000000000000000000000
00000000000000000000000000100
00000000000000000000000010000
00000000000000000000000011000
00000000000000000000000000011
00000000000000000001011010000
00000000000000000100001010100
00000000000000000000111000000
00000000000000000100101011100
00000000000000000001001100110
00000000000000000000001000001
00000000000000000000101000000
00000000000000000000010010000
00000000000000000000110000000
00000000010000000000000000000
00000000001000000000000000000
00000000000000000000000000000
00000000000000000000000000000
00000000100101010000000000000
00000000101101000000000000000
00000100011101000000000000000
00001011001000100000000000000
01000101100101000000000000000
00010010001111000000000000000
00000000000000010000010110101
00000000000000000000111010110
00000000000000000000011111111
00000000000000000010010100111
00000000000000000000100110101
00000000000000000001010010100
00000000000000000000000010000
00000000000000000000000001011
00000000000000000000010010000
00000000000000000100000000010
00000000000000000000000000000
00000000000000000000000010000
00000000000000000000000000000
00000000000000000000000000000
00000000000000000000000000000
00000000000000000000000000000
00000000000000000000000000000
00010000000000000000000000000
00010110010000000000000000000
00101011000000000000000000000
01111111000100000000000000000
00001100000100000000000000000
11010010100000000000000000000
00001111101000000000000000000
10101101010000000000000000000
00000010010000000000000000000
00000000100000000000000000000
00001100000000000000000000000
00000010000000000000000000000
