24 173 15
000000000000010001010010
000000010000000010000000
000001000000100010011001
000000000100000101010010
000011000011000010000010
000000010100000000010000
000010000011000000001000
000001010001100000100011
000001001111100010000000
100010000101101101011110
100011101011010001000000
011010111110110010000000
101110111011111001000000
000110011111101101010000
001111101111111000000000
001110111101110110000000
001010111111100101000000
000011010111110000000000
000001000101101010000000
000100111000001100000000
000010101011100010000000
001010000010001000000000
000000101100100000000000
000000100000001000000000
000000000010010011001000
000010001100011111000000
001000000001001000000000
000000000010010000000000
000100010010101010001000
000000101100001011000000
000000111001110111110000
000100011110100101001001
000000001011100111110111
000001000001011011010101
000000000001111011011111
000000110011001011001111
000000110001010010010010
000000000000011010010111
000100000010010111001101
000001111100000011000001
000001100011010000000010
001010001011001010100000
000100101000100010100000
001110011100011000010000
000110001011001110000000
000000001101100101000000
000000000010000001000000
000000011000000000000000
