23 216 7
00000000000000000000000
00010000000000000000000
00000100010000100000000
00001000000000000010000
00001100000100000000000
00100101010000001000000
10101101000110000100000
11011110000101000000000
10111111111000000000000
11101001110110110000000
11110111100111010000000
11111111111101110000000
10111111110100101101010
11111011101111011111000
10111101111111100100000
11010101111111011000100
11100110111111110110000
10111111111111100000010
01101110111111101001010
01100011001010110010001
10010001011010000010000
11101010001000001010100
11110001000001001000000
00000000000000000000000
00000000000000000000000
00000000000000000000000
00000000000010000011111
00000000000000000000110
00000000000100110101111
00000000000000101111111
00000000000001101111111
00000000000000111111111
00000000001111111111111
00000000000011111111111
00000000001111111111111
00000000100111111111111
00000000001011111111111
00000000000111111111111
00000000000111111111111
00000000001111111111111
00000000001111111111111
00000000001111111111111
00000000001111111111111
00000000000011111111111
00000000001111111111111
00000000010011111111111
