29 281 9
01000000001101111111110111111
00001000000111111111111111111
00000001100001111111111111111
00000000011011111111111110111
10001011001001111110111111111
00000000101111101111111011110
00000000011110111011111111111
01011001101001010111110011111
01011111110010111111100110001
01010010011110010010010110010
00110101111110001111010000000
00111110100100010000000000100
11111110110111100010010000010
11100110001101101001001000000
11110110111111100010010000000
11111101101110110000000000000
01100101111101001000000000000
10010000011100100000000000000
00011000001010000000000000000
00000000000000000000000000000
00000000010000000000000000000
00000001000000000000000000000
00000000000000000000000000000
00000000001000000000000000000
00000001000000000000000000000
00000000000000000000000000000
00000000000000000000000000000
00000000000000000000000000000
00000000000000000000000000000
00000000000000000000000000000
00000000000000000000000000000
00000000000000000000000000000
00000000000000000000000000000
00000000000000000000000000000
00000000000000000000000000000
00000000000000000000000000000
00000000000000000000000000000
00000000000000000000000000000
00000000000000000000000000000
00000000000000000000000000000
00000000000000000000000000000
00001111110000000000000000000
01111111111100000000000000000
11111111111111000000000000000
11111111111111100000000000000
11111111111111111000000000000
11111111111111111000000000000
11111111111111111000000000000
11111111111111111100000000000
11111111111111111110000000000
11111111111111111100000000000
11111111111111111100000000000
11111111111111111100000000000
11111111111111111110000000000
11111111111111111110000000000
11111111111111111110000000000
11111111111111111100000000000
11111111111111111100000000000
