23 57 12
00000011110111000100000
00000101111110100000000
00001100111111100000000
00001100110011000000000
00000011110111100000000
00100000011111000000000
00100010101100000000000
00000000100100000000000
00000001100000000000000
00000000000100000000000
00000100000000000000000
00000000000100000000000
00000000000000000000000
00000000000000000000000
00000000000000000000000
00000000000000000000000
00000000000000000000000
00000000000000000000000
00000000000000000000000
00000000000000000000000
00000000000000000000000
00000000000000000000000
00000000000000000000000
11111111111000000000000
11111111101100000000000
11111111110000000000000
11111111110000000000000
01111111100000000000000
01111101000000000000000
00000000000000000000000
00010000000000000000000
00000000000000000000000
00000000000000000000000
00000000000000000000000
00000000000000000000000
00000000000000000000000
00000000000000000000000
00000000000000000000000
00000000000000000000000
00000000000000000000000
00000000000000000000000
00000000000000000000000
00000000000000000000000
00000000000000000000000
00000000000000000000000
00000000000000000000000
