25 83 5
0000000000000000000001000
0000000000000000000000000
0000000000001001001000000
0000000000000001010011000
0000000000000010000100111
0000000000100111000111000
0000000000010101010110010
0000000000000110000101000
0000000000010010100010100
0000000000000000111001111
0000000000010010011011011
0000000000000101001000000
0000000000000001000111000
0000000000000001000011000
0000000000000000000101010
0000000000000000001101000
0000000000000000000000000
0000000000000000100100000
0000000000000000010000000
0000000000000000000010000
0000000000000010000010100
0000000000000000000100000
0000000000000000001000000
0000000000000001000100001
0000000000000010000011010
0000000000000000000000000
1000000001000000000100100
0000000000000001100000000
0110000000000010100100001
0000000000111011010001000
0000010000100100100000100
0100000100001110100000010
0010100010100010100000000
0000000000110001000000010
1001010010001011000000000
0100010000010000000110000
0111001111100000000100000
0100110101001000000010000
0000000001011000000000000
0001100000001000000000000
1000000010000000000100000
0000000000101100000000000
0000000001000000000000000
0000000000000000000001000
0000000000000000000000000
0000000000000000000000000
0000000000000000000000000
0000000000000000000000000
0000000000000000000000000
0000000000000000000000000
