21 120 10
000000010000100100000
001001001000000000100
100010100001100010110
010000000001000000000
000000000010011001001
000100000000001010110
001001010100001010100
111110101101111011010
010000000010010100111
000000000000100101111
110100000011001101011
001100000000001111101
101000000100011101110
000001000000111001110
000000000000101010111
010000000000000100110
000000000000010000001
000000000000000001011
000000000100001000010
000100001000000000110
001000010000000000000
101011110101000000000
101111110100000000000
011111110010000000000
101111111010000000000
101111111100000000000
111111111001000000000
101011010000000000000
001101100000000000000
010011000000100000000
010100010000011000000
100000000000000010010
001100100000000111000
000000000000011110001
000000101110011001101
000000000110010010101
000000000000001010101
000000010000000101001
000000000000101000110
000010000000000000011
000000000000001010011
000000001000010000000
