20 169 6
00000000000000000000
00000000000000000000
00000000000000000000
00000000000000000000
00000000000000000000
00000000000000000000
01000100000000000000
01000001110000100000
00101001000000000000
10101100111010100000
10000111101111100100
11111111101111110000
11111111111111111100
11111111101111101010
11111111111111110000
11111111111111111010
11111111111111110000
11111111111111000000
11111111111111000000
11111111011010100000
00000000010100111010
00010000010000111111
10110000101111011111
00000101111001010011
01001101010011111101
01110101111110000000
00111111011110000010
01000110110010000000
00000111110000100000
00011011111010110000
00001011101010000000
01000111001111100010
00000101001101100000
00001011000101101010
00000101101111000000
00000000000111101110
00011001010111000011
00100000011111000001
00001111101111010001
00000001111011010000
