25 204 14
1111111111111111111111111
1111111111111111111101010
1111111101111111111111110
1111110100010111111101110
1111111101111111111111100
1111100101000111111110000
0101100101011011101011000
1110011111000100101101000
1001011000000100100110000
0010001001000000000000000
0100010000000010001000000
1000100000001000000000000
1000000000000000000000000
0000000000000000000000000
0000000000000000000000000
0000000000000000000000000
0000000000000010000000000
0000000000100000000000000
0000100001000000000000000
0000000001000100100000000
0000000110000010000000000
0000000010111110000000000
1000101011001000000000000
0000010011101010000000000
0000000011011100100000000
0011011100000000000000000
0111111001000000000000000
0011101100110101000000000
0011111111000110000000000
0011111100010101110000000
1111111111100111100100000
1100111110000111110000000
0001111001111111100000000
0011001111111011010000000
0101111011011111110000000
0011010101101011010000000
0000011011010001100000000
0000101111011111100000000
0000101101101000010000000
0000001101110100000000000
0001000011000111000000000
1101001000010001000000000
0000000000000100001000000
0000001101001001100000000
0000000010000001100000000
0000000000011110000000000
0000001000001111000000000
0000000000000110110000000
0000000101111101011000000
0000100010111111100100000
