30 265 10
000000000000000000000000000000
000000000000000000000000000000
000000000000000000000000000000
000000000000000000000000000000
000000000000000000000000000000
000000000000000000000000000000
000000000000000000000000000000
000000000000000000000000000000
000000000000000000000000000000
000000000000000000000000000000
000000000000000000000000000000
000000000000000000000000000000
000000000000000000000000000000
000000000000000101001000000000
000000000000010111011011000000
000000000000011111111111000000
000000000000011111111110100000
001000000001011111111110100000
000001100101101111111110000000
000000111111011111111111100000
000000111111111111111111100000
000111111111111111111110000000
000111111111111111111011010000
001111111111111111111110000000
001111111111111111101010000000
101111111111111111111000000000
001111111111111111100000000000
001111111111111111010000000000
001111111111111111000000000000
011111111111111111000000000000
011001001000111000010000000000
010001001000010010000000000000
101100110011000010000000000000
100100100111010000010100000000
000101011001010110000000000000
000001011010001000000000000000
000100111000001101000000000000
000010000001100000000000000000
000000101000001000000000000000
100000010010001000000000000000
100001001000110010000000000000
000100111100010010000000000000
000111101100000000101000000000
101011100110011111000010000000
011011111111101110010000000010
111111110110011001101000000000
111111100111010100011000100000
111111100111111010111001000000
011111001101111011011000000000
110111111001111110101000000000
000111111111011110000100010000
010110001011111101100010000000
000010101111111101001000000000
001000001101011110110000000000
000001010010110001001011000000
000000000100100100000000000000
001001000001000000100000000000
000000000010011011000000000000
000001000001001000001000000000
000000000000000010000000000000
