26 208 14
00000000000000000000000000
00000000000000000000000000
00000000000000000000000000
00000000000000000000000000
00000000000000000000000000
00000000000000000000000000
00000000000000000000000000
00000000000000000000000000
00000000000000000000000000
00000000000000010000000000
00000000111000000000000000
00000001101101110000000000
00000010111101100001000000
00001001101111011111010000
00000001011111111111101000
00000111111110111111011100
00011011111111111011111100
00010111111111110101111010
00011011111111001011110100
00000111111111110110011000
00000111111111111100000000
01101111111111100110100000
00111111111111110000000000
10010111111111111000001000
01011111111110100000000000
00101001100110000100000000
00000000000000000111111111
00000000000000000011111111
00000000000000001111111111
00000000000000001011111111
00000000000000001101111111
00000000000000000001111111
00000000000000000001111111
00000000000000000001111111
00000000000000000001110111
00000000000000000000000001
00000000000000000000000010
00000000000000000000000000
00000000000000000101000000
00000000000000000011100000
00000000000000011001110001
00000000000000010011111111
00000000000000011111111111
00000000000000111111111111
00000000000000011111111111
00000000000001111111111111
00000000000001111111111111
00000000000001111111111111
00000000000000111111111111
00000000000000011111111111
00000000000000001111111111
00000000000000001111110110
