21 117 9
000000000000001101101
000000000000010111110
000000000000000111110
001000000000101111111
000000000000101111111
000000000000001111110
000000000000000011110
000000000000000001100
001000000000000000000
000000001000000000000
001000100000000000000
100010000000000000000
010110010000000000000
111101101010000000000
010101110000000000000
111101001010000000000
111111111000000000000
011110011000000100000
111111111100000000000
111101111000000000000
111111110000000000000
000000000000000000000
000000000000000000000
000000000000000000000
000000100100100000000
000000010000100000000
000000010010100000000
000110000010000000000
000111111010000000000
001100111011010000000
000110111111100000000
001011111110000000000
100111111101110000000
011111111111001000000
101110111111000000000
001111111111000000000
000011111011100000000
000101010100000000000
000011110110000000000
000001111000100000000
000001001010000000000
001101100100000000000
