18 51 12
100001010000101000
001000000001110001
011001001110010100
000010000101101000
000101010000000000
000010010010001000
010101100110000000
000000010000000000
010010100000000010
001000001000000000
000001100000000000
000000011000010000
000000000000000010
000100000010000000
000000000000000000
000000000000000000
000000000000000000
000000000000000000
011110110000000000
110011110001000000
011111110100000000
110111111000000000
101110010010000000
111100100000000000
011110000000000000
110000100000000000
101000000000000000
000001000000000000
000000000001000000
000000000000000000
000000000000000000
000000000000000000
000000000000000000
000000000000000000
000000000000000000
000000000000000000
