20 65 13
00000000000000000100
01011000000000000101
11001000000000001001
11100010000000000101
01001000000000000000
01000000100000000000
00000000100000000000
01000000000000000000
00000011100110000000
00000011101000000000
00011011110010000000
00000011011010000000
00001110011001000000
00000011000110010000
00000100000000000000
00000000010011100000
00000000100000000000
00000000000000000000
00001000000110000100
00000000000000000000
00000001000011000000
00100000000101000000
00000010000010000010
00000010000010110110
00011001000010100001
00000010010000101011
01101100010100001000
10000000000000000000
00011000001000111000
11000100000100010000
10010011100000000000
00110000110000000000
00011100000000000000
00001000000000000000
00001100010000000000
10000000000000000000
00000000000001000000
00100000000000000000
00000000000000000000
00000000000000000000
