19 86 9
0000000000000000000
0000000000000000000
0000000000000000000
0000000000000001000
0000000000000000000
0000000000000000000
0000000000001000000
0000100010000000000
0001010000001101000
0001001001101000000
1001001010010111100
1000011001000010010
0001000100111100100
0000001101111100101
0001111010000101111
0001001000110101010
0001101001001111011
0000001100110000101
0000110101100011100
0000000000000000000
0000000000000000000
0000000000000000000
0000000000000000000
0000000000000000000
0000000000000000000
0000000000000000000
0010000000000000000
0000010000000000000
0000001100000000000
0000001010000000000
0011111111100000000
1000010110000000000
0001111100010000000
1111111101110000000
1111111111101110000
1111111111101000000
1111111101100100000
1111111111011100000
