26 276 11
00000000000001000000100000
00000000000000000000000000
00000000011000000000001100
00000000001011010000001100
00000000101000010000011011
00000010010010011011010000
00101100011000000110111110
00001010010110111001010100
01000011110010111110110000
00110110111111110000010010
10111110111110001110101110
01100011011111001111010101
00000100111011111010110000
11110111111110100111100101
00011111011111101101101001
10001111111111010111100100
00111111111111011100010000
10010010111111010011001000
10111011110101111110000010
00101011111101111111000000
00101010110010100000101000
00011011001111001000000000
00100010100111111001000100
00000001010100000100000000
00001000000011001000000000
00000000100000011000000000
00110111011010000000000000
01111110111000000000000000
01111101110000010000000000
10010111000000000000000000
01000001100010000001000000
00000000000000010000000000
00101000101100000000000000
00000101000110010000000000
00000100100100000010000000
00010010001110000000000000
00001100001111000010000000
10000111111110010000100000
00000110101100100000100000
00101111101111010010100010
01000110111111000011110000
01000001111101100111000000
00001111101111110011000000
10110011111111111100000010
00000111111110111111000000
00011010111111111110100110
01101111111111111110011000
01001111111111111111000000
00001111111111110100001000
01011111111111111011000000
01000111111111111101000001
00010111111111111001000000
