19 68 9
0110001000100100000
0001100000011000000
0001000100010000011
0101000010000010000
0100000101010101000
0000000000101100100
1000000001100001000
0010000000001000000
0101000000010000000
0000100000000000000
0000001000100000110
0010100011000000100
0000000000000011011
0000000000000111100
0000000000101000110
0000000000000100110
0000000000000001101
0000000000010000000
0000000000000000101
0000000000001000000
0000000000000000000
0000000000001000000
0000000000001100100
0000000000000000000
0000000000000101110
0000000000000100000
0000000000000000010
0000000000110001000
0000000000100101000
0000000010100001000
0000000000100011110
0000000101001111100
0001000010000111110
0000011110000101000
0000100100011000010
0000000001000101010
0000001001101111010
0000000001000101111
