21 192 8
000000000000011000101
000000000101101000100
000000010000111101101
000000000000101111110
000000101001111111111
000000000111110111111
000000001111111111110
000000010111111111111
001000100111111111111
000000111111111111111
000000010111111111111
000000000111111111111
000000010011111111111
000000001100111111111
000000010110111111110
000000100001111111111
000000000000111011010
000000000000111110101
000000000000000110010
000000000001000001011
000000000001000000000
001111000000000000000
000001100000000000000
110110000000000000000
100000010010000000000
100101000000000000000
100010010010000000000
000001000101000000001
110000010100000000100
111100101001101101000
110000110101100000000
110001010111100011111
101000100101111000110
110000010111101011110
110111111110111111101
101010011111011001111
000001010111111111111
000010100011111111110
101000101101111110111
000000001000111111111
000000111111111111101
000000101111111111111
