19 69 7
0100001000000000000
0000000010000010000
1000000000000000000
0000010001000000010
0001100000000000001
0000011000000011000
0000101000010001100
0000101110000110000
0010000000000011111
0001010010001000011
0000100100000011110
0000001100000001011
0000000100000000110
0000000000000000000
0000000011000000000
0000101110100100000
0000010010000000000
0000010010000000000
0000011101100000000
0000000000000000000
0000000000000000001
0000000000000000000
0000000000000000100
0000000000000101100
0000100010101000000
0000000011010101100
0000001000101101011
0000001001110100100
0000001001011011000
0000000111010011000
0000001001100001110
0000001010110001110
0000001000110100010
0000000010100000000
0000000000000010000
0000000001001010000
0000000000111110000
0000000000000000000
