20 60 8
00000000000000000000
00000000000000000000
00000000000000000000
00000000000000000000
00000000000000000000
00000000000000000000
00000000000000000000
00000000000000000000
01100101000100000000
01000000000000000000
00010010000000000000
00101001000000000000
11000100000010000000
11000100000000000000
11110111001000000000
11111111000000000000
01011101000100000000
11011101000010000000
10111000000100000000
11011110101000000000
01110011000100010000
01101111101000000000
11110010010000000000
00101001101000000000
01000101100110100000
01101010100000000000
00011011110100100000
00001000000101000000
10000100000000000000
00010000010000000000
00000000000000000000
00000000000000000000
00000000000000000000
10000000000000000000
00001000000000000000
00000000100000000000
00000000001000000000
00100000000000000000
00010000000000000000
00000000010000000000
