19 180 12
0101110001000000000
1110010000101100000
1011111001100100000
1100101110010000100
0101110001010001100
1110101110001100000
1111111111101100000
1111011011011101010
1100110111110011010
1011011111100011100
0111010111111001110
1110011001011111011
1101110111011101000
0110110110011101110
0010001011111110100
0001100011101101010
0001100000010010100
0000001000010001100
0000000001011001101
0000000000000000000
0000000000000000000
0000000000000000000
0000001000010000001
1010000000000000000
0100000100000011000
0000000001100000011
0111000001111110000
1010111010001000000
1110011001100101111
1110000111011110100
0111111111011011011
1111001101111011111
1011011111111111101
0111011111111111011
1111111110111011101
1111111111111111111
1011010111111111110
1111100111111110111
