16 86 9
0000000000001000
0000000001000000
0000000000000010
0000010000000101
0000100000001001
0110001101000001
0000001001001000
0000000000101111
1000010110110010
0001111110111000
1111101000001110
0000100101110000
1001110111110100
0000111010111100
1101110011110010
0110110000000010
0000110111100000
0000000111000000
1000111111110100
0010011111011000
0001101110110000
0000011111111010
0000111011110110
0001010110100000
0000100010010100
0000000001000000
0000010100000000
0001000010100000
0001010000000000
1101100110000000
0011011011000000
0001000111100000
