27 245 8
000000000001000000110000000
000000000000001010100000000
000000000000000001100000000
000000000000000001000000000
000000000000000000000000000
000000010000000000000000000
000000000000010000000000000
000000000010000000000000000
000000001000010000000000000
000000000101000100000000000
100001010000100010000000000
000001001000101000000000000
000110011111101000100000000
101111111111011000000000000
101011111110011011101000000
101001011101111011111100000
001111111111101011010110100
011111111100110111111111000
111111111111110011011101100
011101111111110111111010000
111111111111101111110010000
010111011110101111001110000
110111111101110101001000000
000011111110001101000000000
101001110110111101100000000
110010010110001000000000000
110011000100010000000000000
100110000110010001000000000
101111000110000000100000100
000001010000000000011000001
001110000100000110101110110
101110111000100100110010000
100000000100100100110010100
000100001000000000010110111
110000100100001011111101110
001001110000010001101110010
000010000000100100101111111
000100000000000011100101101
000000000000001100111111110
010000000000000110010100010
000000100010011010100111001
000100010100100101111011010
000000001011100110110100100
000100000001011101111010010
000000010100110111101000100
000000100101001110100110000
000000000000110111111111010
000000100001111110111010100
001000001010011110101101100
000000010000100010011001001
000001000000010011100001000
000000010000110110001000000
000000000000000011000100000
000000000010100010001000000
