19 171 9
0000000011011101000
0000001111110111101
0011011111101111111
0000000111111100011
0000111011101111111
1001001111110100010
0100001101010011111
0001010011101101000
0010011101000101001
0000101011101110110
0000000010000010000
0100110000000000100
1011011100110001000
1110101001100100000
0100111110010000000
0111111110100000000
1111111111100100000
1111101101000000000
1111111111110000000
1011111100000000000
1111111110000000000
1111111010000000000
1111111111000000000
1111111100000000000
1111111111010000000
1111111111000000000
1111111111000000000
0111001011000000010
0110110100001000011
0001100011110111000
1010000000101111111
0010001000010101111
1000000000111011011
1110100000000111111
0101000000010111111
0000100010100111111
0100100000011111111
0101100000001111111
