20 132 7
00000000000000000010
00000000000101011100
00000000010011000000
00000001000110011010
00000100010101000000
00101010001010100000
00000001011010000000
00100010011000000001
00000000111000001000
10000001001001110000
00101001101010110011
01100010101100100111
00010101100100000100
10110001011010000000
00010101111101011111
00001000111000000010
11100100011111011111
00000011011000111101
01000000001110100101
00110000100011011000
00000000100111010011
00000010100110111100
00000000100101111010
00000000111100010010
00001100100001101000
00000000010011101111
00010101101100010011
01100010010000011100
00110110110111100001
00011011010010111000
00111111011000000010
00001011000100000000
01000000100001001000
00000100010001100000
00000100010111000100
00000000011110000000
00000000011110111000
00001000010111110010
00000000000101101000
00000000101001100000
