16 98 12
0000100011101110
0000100001111101
0001000110110111
1000011111010110
1001010110101111
0000100001111010
0100011000011111
0000010101101100
0000100000111110
0000010110010010
0000100010110000
0000000100011110
0010000000011000
0100101100110000
0000010101101000
0010001001000000
1111111111000000
1111111110000000
1111111111000100
1101111111000100
1111110111010000
1111111110100000
1111110110000000
1101111111000000
0011110000010000
1111101001000000
0100000110000000
1000100100000000
0000000000100000
0100100000000000
0000000000000000
0000000000000000
