21 176 9
100000000000000000010
000000000000000000000
001000000000000000100
010000000000000000100
001000000000000010100
001000000000000010000
010000000000000001010
111110000001000001010
101110000100000111101
011110001000110100111
011110100000001110111
001010010001001100111
111101000000001111111
110110001001101111111
111100100001101011111
011100100000101111111
011011000000000011111
111101100010001111111
111111001000000011111
111100101100000111111
111111001010000111111
010110111101100000000
001011001101000010000
111111111110001000000
011100000100111100000
111111111010000000100
111111111110000010001
110111111110000000111
111111111110000111101
111111111001000000110
111111101011110011111
000111011110101001011
010111110011010100101
110011111101110100101
000101000010000010011
010010000000010001111
000000001000000001110
001000000000000000100
000000000000000010000
000000000000000000000
000000000000000000000
000000000000000000000
