26 232 12
00000000000000000000000000
00000000000000000000000000
11000001000000000000000000
00000000000000000010000000
00000000000000000000000000
01100000000100000000000000
01010100000000000000000000
11110100000000000000000000
11111010001001000000000000
11111010100000000000000000
11110010110000000000000000
11111000110100000000000000
11111000111000001000000000
11111101011100001100000000
11111111001111001000000000
11111011110101000000100000
11111111101011011000000000
11111111111110000000000000
11111111111111101000000000
11111111111111010010000000
11111111111101001010000000
11111111011110000000000000
11111111111100110100000000
11111101111010110100000000
11111111101110010000000000
11111111011101100000000000
00000000000000000000000000
00000000000000000000000000
00000000000000001000000000
00000000000000000000000000
00000000000000000000000000
00000000000000000000000000
00000000001000010000000100
00000000000000000011000100
00000000100000000100000000
00000001000001100100001000
01000010011001101111101111
00000000010011011010110111
00000000011011110001101000
00000000000010111111110111
00001001111101111111100100
00000001011111111111111111
00000000111111111111111011
00000000101111111111100101
00000010111111111111110110
00000000110111111111111110
00000000111101111111101110
00000000111011011111111011
00010001001111111011111100
00000000101001111100011011
00000000000000101111101000
00000000001101111111010010
