18 156 6
110111111111111101
011111111111111111
111111111110111111
111111111111111111
111111111111111111
011111111111110111
101111111111111111
001111101100111101
010111110110001111
000001000011000111
000010001001000001
000000000000000010
000000000000000110
000000000000000000
000000000000000000
000000000000000000
000000000000000000
000000000000000000
001000010000000000
010000010101000000
011100000000000000
000010011000000000
100101110000000000
010101011000000000
000111111110101100
001111011110010000
001001001011001010
001001011011101111
000010111011011111
000101111111111101
101001000101111111
000110110011111111
100001101111111111
000100111101111111
000010110111111111
000001011111111111
