30 183 11
000000000000000000000001101110
000000000000000000000000101111
000000000000000000000001110111
001000000000000000010000011101
000000000000000000000001111111
000001000000000000000000010011
000000000000000000000000100111
000010001111000000000001110101
000100100101010100000000000000
010011010100000000000000010000
101111111100000000000000101000
111111010001000100000000001000
011111111100101000000000000000
101111110000100000000000000010
111111111110110000000000000000
011111111111000000000000000000
011110111000010000000000000000
101111101111100100000000000000
011111111101100100000000000000
011111110100000000000000000000
011000111100000000000000000000
000100001100001000000000000000
010001010100010000000000000000
000001000000000000000000000000
000000001000000000000000000000
000100000000000000000000000000
000000010000000000000000000000
000000000000000000000000000000
000000000000000000000000000000
000000000000000000000000000000
111111111110000000000000001000
111111111101010000000000000000
111111111001010000000000000000
001111111111000000000000000000
011111001011010000100000000101
001011000010000000000000000100
000111000001000000000001111110
000100000100000000001010100101
100000010010000000000110101101
000000000000000000110111110010
000000000000000000101000111001
000000000000000000000011111101
000000000000001000001000111111
000000000000000101000011111111
000000000000000000011111111110
000000000000000000101011111111
000000000000000000001111010101
000000000000000000001101111110
000000000000000000000111111110
000000000000000001000001110101
000000000000000000001010000000
000000000000000000000100000010
000000000000000000000000100000
000000000000000000010000100000
000000000000000000000000000000
000000000000000000000000000000
000000000000000000000000000000
000000000000000000000000000000
000000000000000000000000000000
000000000000000000000000000000
