18 147 8
100101100001000000
111100000000000000
010100000100000000
110110000100000000
011010000000000000
010000011110100000
101111110111100010
100101010110110111
110000100010100101
010001111110101011
100010100111100101
110111010110111011
111011000011100101
100011111111111111
001011010011001111
100111000011111011
000000000111100110
000000001001011101
000001011100000000
000001000000000000
000001001101101000
001001010000110000
000011011110100100
011010111110011000
000101111111100100
011111111111001000
001111111111111000
110101011111111100
010111011111001000
101111111111110000
110110111101110000
010110111111111000
101001011011000000
010011000110000100
001000000000010000
000111010000000000
