20 161 13
00000000000000000000
00000000000000000000
00000000000000000000
00000000000000000000
00000000000000000000
00000000000100000000
00000000000000000000
00000000010000000000
00000001000110100000
00000011111111001000
00000101111111000001
10010111111111011000
01001111111111110100
01111111111111111000
01111111111111110000
11111111111111111000
11111111111111110000
11111111111111110000
11111111111111100000
11111111111111100000
00111111100000000000
11101111100000000000
11111011111010100000
11111111101011000000
11111111111100000000
11111111111100100000
10111111110010000000
11111111111101010000
11111111111110000000
11111111111110000000
00111110110110000000
11101111011011000000
10110111101000000000
11110111110010000000
10111100000000000000
00000000000000000000
00010100000000000000
01000000000000000000
00000000100000000000
00000000000000000000
