28 238 10
0000000000000000000000000000
0000000000000000000000000000
0000000000000000000000000000
0000000000000000000000000000
0000000000000000000000000000
0000100000000000000000000000
0010010000000000000000000000
1111100000000000000000000000
1111110100000000000000000000
1111110000000000000000000000
1111111100000000000000000000
1111111101000000000000000000
1111111110000000000000000000
1111111110000000000000000000
1111111100000000000000000000
1111111110000000000000000010
1111111011000000000000111101
1111111000000000000101111111
1111111000000000000110111111
1111100000000000011111111111
0111010000000001011111111111
0000000000000000101111111111
0000000000000000111111111111
0000000000000000111111111111
0000000000000010111111111111
0000000000000011111111111111
0000000000000001111111111111
0000000000000001111111111111
0000000000000000000000000000
0000000000000000000000000000
0110100000000000000000000000
1001000000000000000000000000
0001100000000000000010000000
1111010000000000000000000000
1111010000000000000001000000
1111111000000000000000001000
1111110000000000000111110001
1111110100000000000011000010
1111111000000000100101110100
1111111000000001110110111101
1111110000000001101111011101
1111101100000000011101010010
1110000010000100000111100110
1110000000000000000011111101
0000010000000001100101111000
0010000010000001011101100010
1110100000000000001000100001
1111110100000000100111100000
1111100010000000000000100100
1111111110100000000000000000
1111111101000000000000000000
1111111110000000000100000000
1111111110010000000000000000
1111111010100000000000000000
1111111100000000000000000000
1111111110000000000000000000
