28 315 12
0000000001011000100010000000
0000000000100111000000000000
0000001011000111011000000000
0000000111101111111100000000
0010010111111111010000001000
0000001111111111111010000000
0000010111111111111100010000
0000001101110111111100000000
0000011101111110011101001000
0010011111111111010100000000
0000000001111011110000000000
0011101011011111111000000000
0000111001100111010000000000
0110010001010111100000000000
1001010010000000000000000000
0010111111100110000000000000
0001111110110010000010000000
0101001001000000000000000000
1010111111101111000100000000
0011111011111001001000010000
0011101110101001000100000000
0011111111110011110001000000
0011111011010101111101000000
0001111111111110110100000000
0101101000111011100101100100
0001100111000101111011110000
0000001110110111100011000000
0010000110110111111111100000
1011111001110000000000000000
0010111110100000000000000000
1111111010100000000000000000
1011111110100000000000000000
1111110001000000000000000000
1101110110100000000000000000
1011110001000000000000000000
1111100000000000000000000000
1111101100000000000000000000
1111111000000000000000000000
1111111001000000000000000000
1111111100100000000000000000
1111111110010000000000000000
1111111100000010100000000000
1111111110101000000000000000
1111111111111000100000000000
1111111111111100000000000000
1111111111111110000000000000
1111111111111110000000000000
1111111111111111110000000000
1111111111111110000000000000
1111111111111101100000000000
1111111111111111100000000000
1111111111111100000000000000
1111111111111100000000000000
0111111111111010000000000000
0111111111111101110000000000
0101100111111111000000000000
