18 91 8
000000010000000000
000000000010000000
000000000100000000
000111001011000000
000100000000000000
101000100100100000
000011000010000000
000101100100110000
100010001011110100
000100101010001101
100011111110110100
001110111011001001
000000101100110000
000000100101110100
010010000010000001
000000010010111001
100000001000100101
010000000000111010
000000000000000000
000000000000000001
000000000001000000
000000100000000000
000000001000000000
000010000001001001
110000100011000010
000001001000100001
101000000000100100
101001101101010010
111010000100001110
101110010010010110
100110011001100000
011010011011101000
110100110100011000
001000111011100010
010110100010000011
100101000000100000
