18 35 9
110100000000000000
101100000000000000
111110000000000000
111101000000000000
111100110000000000
111110000000000000
101110000000000000
100100000000000000
000010000000000000
000010000000000000
000000000000000000
000000000000000000
000000000000000000
000000000000000000
000000000000000000
000000000000000000
000000000000000000
000000000000000000
000000000000000000
010001010001000000
000000010000000000
000011010000000000
000000010011000000
000001111100100000
000100011011000000
000100011010100000
000000110100100000
000000000000000000
000110100000000000
000001000000000000
000000000000000000
000000000000000000
000000000000000000
000000000000000000
000000000000000000
000000000000000000
