29 343 14
00000000100000100000000000000
00000000000000000000001000000
00001100000000000000100000110
00111001110001000010100110000
00101011010101000100001111000
10011111111100000001100101110
01011111111111100100011010110
01111111111111100001111110110
11011111111110100100011101000
10111111111111110010000100110
00111111111110100000110110010
01101111111110100000000100000
00111111111101000000000100100
00101011111100000000000000000
00001101101110000000101000000
00000111101111000010000101000
00110101100000000110001011000
00000000110100000010011000000
01000100001001100101100110000
00000000100000010110111000010
00000000000000001110001110000
00000000000100110111111111101
00000000001000111111111101110
00000000000001101101111111111
00000000000100101111111110101
00000000000001110111011111110
00000000010000111101111111110
00000000000101101110111111111
00000000000001001010011011111
00000000000000011000100100000
00000000000000011001101110100
00000000000000101111000100000
00000000000000000110100011100
00000000000000000100111000000
00000000000000001100011100010
01000000000010000000011000100
11100100000001000101001110100
01110111000000100001111001000
10111010100000000000000001000
10111100000010000100111000000
11110000000000010100000000000
11101110000001011100001100010
11111010100000010101000000100
11000010000010101011100011000
11110000000001011111001001000
11101000001010111111110100101
11100000000111111101111011000
10000001100111101111110111111
01000000011111111111111111100
01000001111111111111101101100
00000010101111101111111011001
00000000000111111111111100000
00000100011111111111111111001
00000100111111111101100101000
00000011101011111111101110000
00000001011111111111111100000
00000001101101111111111000000
00000000000111111111110000000
