25 84 6
0000000000000000000000000
0000000000000000000010000
0000000000000000001010000
0000000000000000011111000
0000000000000000011101000
0000000000000000110111100
0000000000000010011111110
0000000000000001111111111
0000000000000010111111111
0000000000000010111111111
0000000000000011111111111
0000000000000100111111101
0000000000000001111110000
0000000000000000010000000
0000000000000000000100000
0000000000000000000000000
0000000000000000000000000
0000000000000000000000000
0000000000000000000000000
0000000000000000000000000
0000000000000000000000000
0000000000000000000000000
0000000000000000000000000
0000000000000000000000000
0000000000000000000000000
0000000000000000000000000
0000000000000000000000000
0000000000000000000000000
0000000000000000000000000
0000000000000000000000000
0000000000000000000000000
0000000000000000000000000
0000000000000000000000011
0000000000000000000000111
0000000000000000000101111
0000000000000000000111111
0000000000000000001111111
0000000000000000011111111
0000000000000000001111111
0000000000000000001111111
0000000000000000001111111
0000000000000000011111111
0000000000000000000111111
0000000000000000100111111
0000000000000000000011111
0000000000000000000000111
0000000000000000000000111
0000000000000000000000000
0000000000000000000000000
0000000000000000000000000
