16 40 7
0000000000000000
0000000001110000
0000001000000001
0100100000000000
0000100010000000
0010000100010000
1000110100011100
0000100000000010
1101000000000000
0010000001000000
0000001100010010
1100000010101000
0000000000000000
0000000000001000
0000000000010110
0000000000000100
0000000000110010
0000000000000100
0000000001000000
0000010010100110
0000000001000011
0110000010010000
0000000000100000
1000000001101000
0110000100100001
0010010101100100
0100000000000000
0000000000000000
0000000000100001
0000000000000000
0101001000000000
0000001000000000
