22 161 8
1111111111011100000000
1111110111111110000000
1111111111111100000000
1111111111111110000000
1111111111111111000000
1111111111111111000000
1111111111111111100000
1011111111111110100000
1001111111111111000000
1001111111111100000000
0010011111110000000000
0000101101000100000000
0000000101000000000000
0000000000000000000000
0000000000000000000000
0000000000000000000000
0000000000000000000000
0000000000000000000000
0000000000000000000000
0000000000000000000000
0000000000000000000000
0000000000000000000000
1110000000000000000000
1000110000000000000000
0000111000000000000000
1111000000000000000000
1111000000000000000000
0110000000000000000000
0000000100000000000000
0010010000001000000000
0000100011000000000000
0110101010000000000000
0000100001100001000000
0000001111000100100000
1001111100010101100000
1011101000101000100000
1100011111010000000000
1001111111111100100000
1101111110111100000000
1101111111111110000000
1011111101011101001000
1111111111111110100000
0111111011110101000100
0011111110101110101000
