24 73 8
000000000000000000000000
000000000000000000000000
000000000000000000000000
000000000000000000000000
000000000000000000100000
000000000000000000001000
000000000000000001100010
000000100001000000001101
000000000000000000010110
000000001100000000111110
000100100000010000100111
000000000100000000001011
000011101011010100001111
000001000010111000001011
001000001010000000000010
100010010000000000001101
100000001001000000000000
000010010000000000000000
100100000000010000000000
000010000000000000000000
010000000000000000000000
010000000000000000000000
000000000000000000000000
000000010000000000000000
000000111111011010000010
001101101111101100110000
000000000010101010100000
000101111110100010001000
000000101001111010000100
001101000010000100010000
000000001011100000000000
001000110000100000001000
000000010100000000010000
000000000101000000000000
000001000011001000000000
000100000000000100000100
000000000000000000000000
000000000000000000000000
000000000000000000000000
000000000000000000000000
000000000000000000000000
000000000000000000000000
000000000000000000000000
000000000000000000000000
000000000000000000000000
000000000000000000000000
000000000000000000000000
000000000000000000000000
