17 101 5
00000000000000001
00000000000110100
00000001001011001
00000001010110010
00000001010111000
00010101000110010
00000000111111110
00000000110010111
00010000010100001
01100100101001100
00000101101111101
01010000000100100
01011000001100010
01110101011010100
10110010100010010
11111010001100010
11111100000000100
00000000000000000
00000010000000000
00000000100000000
00100000000000010
01010010100000000
10001000001001000
00000001111010000
00010100111111010
00101001001100000
10101111101111010
00111101111111110
00110010111101110
00001101110110101
00010010111101100
00010110011000001
00000111101110100
00000110001000100
