21 99 8
000000000000000000000
000000000000000000000
000000000000000000000
000000000000000000000
000000000000000000000
000000000000000000000
000000000000000000000
000000000000000000000
000000000000000000000
000000000000000000000
000000000000100010000
000000000001000100000
000000000000010100100
000000000001111010101
000000000101111101110
000000000011111110100
000001101011111111111
000010101111111111110
000000101111111111111
000000001111111111110
000001011111111111110
000000000000000000000
000000000000000000000
000000000000100000000
000000000000000000000
000010100000000100000
000000000001000000000
000000000011110000000
000000000100000000100
000001000100101000000
000100000010000110100
000100011000001001000
010010011100000100000
000010011010010110000
000100001110110010000
000011110101110010000
000100110111000010001
100010000111101000100
000000110110110100000
000000000111110001000
000010011011111100000
001000001111001000001
