18 60 5
000000101110101011
000001011100111111
000010000010111010
000000100001000101
000000001100100111
000000001010100100
000000000011001111
000010100001100110
000000000000000000
000100000001010110
000000000000010110
000000000000000000
000000001000000010
000000000000000000
000000000000000000
000000000000000000
000000000000000000
000000000000000000
000000000000000000
000000000000000000
000000000000000000
000000000000110000
010000000000000000
000100001010000100
000000000000110000
110000100000000001
111010100000100010
111000000010110000
111000010000100000
111111000001010000
011000010010000000
110000101000101000
110000100010000000
000000000100000000
010011000000000000
000100001000100000
