22 212 5
0000011100000000000000
0010111110000000000000
0001111110010000000000
0011111111010000100000
0101111111111100000000
0011111110000010111000
0111111111000001101100
0101111110001001111110
0001001111000101110101
0001111010000001111111
0000000000000101111111
0011011100010111111111
0100101000010001111111
0001010000100101110101
1110000000000001101000
1111000100000010111101
1110101100000010000100
1111111001000001000000
1011011010000000000000
1111111010000011001010
1011101111000100100010
1011000100000000101100
1111101111110000000000
0111110111110000000000
0101110111001100000000
1111111110110010100000
1111111111111101100000
1111111111011000000000
1111111111111111010000
1111111101110010000000
1011101111101001001000
1111111111101100010000
0111111111111110000000
1111111101110000000000
1111111111111100100000
1111111110110011000100
1111111000101110000000
0101101010010100000000
0000010110100010000000
1010010101100000000000
0010000000100000000000
0000000000000000000000
0000000000000000000000
0000000000100000000000
