23 226 9
00000000000000000001000
00000000000000000000000
00000000000000000011100
00000000000000000000100
00000000000001000000000
00000000000001000000100
00000000000010000001100
00000011100001000000000
10000111000111011100000
00000000100101110100110
11011011100111101110000
00010101101110101011010
11110110111111011001100
11101010111111010110000
11101111111010111001100
00011111111110111100000
01010010111101110111101
11110111011101111111100
01111111111110111111100
10011111111010011111100
00110111111100011101000
11001101111100011011100
11011011100011000101100
11111111111111111111111
11111111111111111110111
11111111111111101111111
11111111011111111111110
11111111111111111111111
11111111110111111111110
11111100111111111111001
11111110111001111101101
11111111011110010111011
11111010001101101000000
11011000001110101010100
11100010000000011010100
11001010000000100000000
01000000000000000000100
00000000000000001000000
00000000000000000000000
00000000000000000000000
00000000000100000000000
00000000000000000000000
00000000000000000000000
00000000000000000000000
00000000000000000000000
00000000000000000000000
