29 409 7
00000000000000000000000000000
00000000000000000000000000000
00000000000000000000000000000
00000000000000000000000000000
00000000000000000000000000000
00000000000000000000000000000
00000000000000000000000000000
00000000000000000000000000000
00000000000000010000000010000
00000000000000000001000011000
00000000001101000011001110110
00000000000001001111111111110
00000000000011101111111111111
00000000001010011111111111111
00000001110011111111111111111
00000100111111111111111111111
00000000011111111111111111111
00000101011111111111111111111
00000001111111111111111111111
00000001111111111111111111111
00000011111111111111111111111
00000111111111111111111111111
00011111111111111111111111111
00000111111111111111111111111
00000111111111111111111111111
00010111111111111111111111111
00001111111111111111111111111
00011111111111111111111111111
00000111111111111111111111111
11111111111111111111110111000
11111111111111111111110000000
11111111111111111111010000000
11111111111111111111110000000
11111111111111111111000000000
11111111111111111111100000000
11111111111111111111001000000
11111111111111111111010000000
11111111111111111111010000000
11111111111111111110100000000
11111111111111111111000000000
11111111111111111110010000000
10111111111111101000000000000
11011011111111100000000000000
01001111111111110000000000000
10111111010000010000000000000
00000101110101000100000000000
00000000001000000000000000000
10001000100000000000000000000
00100110101000000000000000000
00011111101110000000000000000
00101110010010000000000000000
01111111111100000000000000000
00001111111010010000000000000
11111111001110000100000000000
00111011111110010000000000000
10001110111010000000000000000
11111111111001000000000000000
00011111011110110000000000000
