20 136 12
00001100000000000000
00000010100101001000
00000000000100010000
00000001100000000000
00101001001000001000
00000101000100100000
00101101000110010000
01001110011011010010
00000001110010001000
01111001111111001000
01100111111110000000
00110110010011110000
01001110001110001001
00000001111110101000
00110000111101100010
01000110100111010010
00100000010011001000
00010010110111101100
00000010111110001100
00000001010001110000
00000000000000000000
00000000000000000000
00000000000000000000
00000000001000000000
00000000000100000000
00000000100010000000
00000000000000001000
00100001000010001000
00001000000001010010
00000100011000001010
01000000111111100010
00010011111100110000
00000111010111001101
00001011110101110100
10100111111111111111
00110101111001110111
00001101111011010011
10101111111111111110
00000101101010111101
00001011011111111100
