19 162 10
0000000000000000011
0000000000001011111
0000000000011111111
0000000000011111111
0000000011111111111
0000000010111111111
0000000001111111111
0000000111111111111
0000000001111111111
0000000011111111111
0000000011111111111
0000000011111111111
0000001011111111111
0000000011111111111
0000000000111111111
0000000000011111111
0000000000010111111
0000000000000010111
0000000000000000100
0000110000000000000
1101001010000000000
1000011010111000000
1001110110110010000
1110110110100000000
1011111111001010000
1111111110100000000
1111111011101100000
1111111100001100000
1111111111100000000
1110111011101100000
1111110110100001000
1111111100001000000
1111111110000000000
1111011110000000000
1111111001000000000
1111111010000000000
1111110000010000001
1101110010000000000
