20 145 11
00000001010011000000
00100011001110011000
00010000000011000100
00001000010001100010
11101010010111100000
10011100100101110110
10011000011111100111
01111111010110100010
01000111010001100100
01011001111010110100
01001011010110101100
00000001011001100000
00000000001100001100
00000011000001011100
00000100001110111111
00000000001100001010
01000000001100010010
00000000000001010111
00000000000011010110
00000000001001011110
11111111111000110000
10111111100001000000
00111111110101100000
11111111100010100000
01011111111001100110
11111111111011110000
00011111010111101000
11111111001111111110
00011111100101111100
00110011001101111100
00011010000000110010
00010100100010101001
00000000100000100000
00001100001011000000
00000100000000000000
00100000000000000000
00000000000000000000
00000000000000000000
00000000000000000000
00000000000000000000
