27 219 8
000000000000111111111111000
000000000000111111111111100
000000000001111111111111101
000000000111111111111111100
000000000011111111111111111
000000000100111111111111100
000000000110111111111111100
000000000001111111111110100
000000000001111111111111010
000000000101011111111110100
000000000001111011111000100
000000000001010111001000000
000000000000000010110000000
000000000000010000001000000
000000000000000001000000000
000000000000000000001000000
000000000000000001000000000
100000000000000000000000000
000001010000000000000000000
000000000000000000000000000
111010000000000000000000000
011111001101000000000000000
101111100000000000000000000
111011110100000000000000000
111110110100000000000000000
111111110000000000000000000
111111110000000000000000000
000000010000000000001000100
000000000000000000010000010
000000001000100000000010000
000000000001100000100100000
000000001011010010000100000
010000011111111001000000000
000000011110101111110000000
000011011111111111000000000
000010111111110111100000000
001001111111111111100000000
000111111111111111010000000
010111101111111111110000000
000010111111111111011000000
001011111111111111000000000
010101111111111111010000000
000001011111111111100000000
000010111111111111001010000
001000111111110100001000000
000000010101111000101000000
000000011101000000000000000
000000000100110100000000000
000000000100100000000000000
000000000000000000000000000
000000010100000000100000000
000000000000000000000000000
000000000000000000000000000
000000000000000000000000000
