17 141 6
01000010000000000
10010101000000000
00010111100000000
01111111100000000
11111110010000000
11111111000100000
11111111100001010
01111111111100000
11111111110000000
10011111101001001
00001011110110111
10101111100110110
01101100111011111
00000001101011010
00000000111011011
00000010010111111
00000011110111110
00011111111111111
00010111111111111
00001111111111111
00010111111111111
00000111111111111
00011011111111111
00000111111111111
00000011111111111
00001101111111111
00000000111111111
00000000001111111
00000000110011111
00000000000100111
00000000000000100
00000000000000000
00000000000000000
00000000000000000
