27 265 14
000000011111111111111111110
000000101111111111111111111
000011111111111111111111101
010001011111111111111111111
100000101111111111111111110
000001110111111111111111111
000100001010111111111111101
001000101011100111111111010
000010001111111111111011000
000000000100011111101110100
000001000100011010111111001
000000000000100010000010000
000000100100011000101010010
000000001000000100100000100
000000000000000000010001000
000000000000000010011000000
000000000000010000000000000
000000000100000000000000000
000000000000000000000000000
000000000000000000000000000
000000000001011000000000000
000000000001100000000000000
000000010001010010000000000
000000000101111110100000000
000000000111111110100000000
000000001111111110010000000
000000001111111111100000000
000000000101100000000000000
000100001100000010000000000
010100000000010000000000000
000001000010001000010000000
000010101000100000000000000
000000001010101000000000000
100010110111010000000000000
000010100000000000000000000
000000011110000000000000000
001010010010001000000000000
101111010111000001000000000
111100111110001000000000000
101111111101011000000000000
111111111111110101000000000
111111111111000100000000000
111111111111000001000000000
111111111111110000000000000
111111111111011000100000000
111111111111111100000000000
111111111111111100000000000
111111111111111010000000000
111111111111111000000000000
111111111111111000000000000
001111111110111010000000000
011111111110000100000000000
011011101111110000000000000
101001111001100000000000000
