16 117 5
0001011001010000
0010101101110000
0001100001100000
1011110011110010
0001010001101100
1100100110101000
0010100110110000
0100110011000010
0001111110101010
1011010111011000
0101000010101000
1110111110111000
1101101111110000
1100011011010101
0001100101010010
1001001110100010
0010000100110010
1011011010001100
0010011110110111
0101101101111100
0010101001000000
0110011001101000
1111010011011101
1010101100101001
0101011000100100
1110111111010010
1111111111001000
1011100010100000
1111011000001000
1010001101100000
0110000100000000
0010110010000000
