29 190 7
00010000000000000000000000000
00111110000000000000000000000
00111110100100000000000000000
00111111110100000000000000000
00111111111010010000000000000
11111111111100000100000000000
01111111111110110111000000000
10101111111101010011000000000
11111111111011001111101000000
11011111111010000000000000000
01111111110101000010000000000
01111111111110000001000000000
00001110101110000001000000000
00100111001000000000000000000
00100000000000000000000000000
00000000000000000000000000000
00000000000100000000000000111
00000000000000000000000001011
00000000000000000000000000111
00000000000000000000001011111
00000000000000000000000111111
00000000000000000000000111111
00000000000000000000000111111
00000000000000000000000001111
00000000000000000000000011100
00000000000000000000000000001
00000000000000000000000000000
00000000000000000000000000110
00000000000000000000000000000
00000000000000000000000000000
00000000000000000000000000000
00000000000000000000000000000
00000000000000000000000000000
00000000000000000000000000000
00000000000000000000000000000
00000000000000000000000000000
00000000000000000000000000000
00000000000000000000000000000
00000000000000000000000000000
00001000000000000000000000000
00000000000000000000000000000
00000000000000001000000000000
00000000000000000000001000000
00000000010001100000110000000
00000000000010000111000000000
00000000000111010001100010000
00000000000000111110010101100
00000000111110101001110001000
00000000011010011111010110100
00000001111111111111111001101
00000000111000101110111000010
00001000010111111111110101100
00000001010111111111111001110
00000100010111111111111101010
00000000101111111111110001100
00000000010111111111110111000
00001000111110111111101000000
00000000111011111011110101100
