23 156 7
00000100000100000000000
01010111010001000000000
01100000000100000000000
00100101001000100000000
00001001000100000000000
00001001000000000000000
00010011000000000000000
00101001000100100000000
01001111000000000000000
10111011000001000000000
01100000000110000000000
00000110100000000000100
01000101110000000000000
10100101000000000000100
01101100111010000000101
11100011010101000000000
10101111000110010000100
10110000000110100010000
01101110010001000010010
11111101111000011100100
00011110101010000110111
10101101100100001111010
01101110000111101010111
00000000000100111111111
00000001100001111110110
00000001000011011110111
00000000001011111111111
00000000001101011101110
00000000001101111011110
00000000000101001111001
00000000000000101110111
00000000000100110010000
00000000100010001100010
00000000000010000110011
00000000001100011100000
10000000000100010010000
00000000000010001000000
00001100000101110011100
00010100000110100100100
00110000000001000000000
00000011100100000001000
00110111000001011100000
00100010010000000000100
10101100101010100000000
01111100001001000000000
00100001001000000100000
