23 199 6
10111110111111010100000
00111110011111001000000
01101011111111111000000
01101111111101110000000
00111111111111101000000
00101111011111111100011
10101011111110011100000
00001111101111100000000
00100011011111100100000
00000111111111100100000
00010101011111111110000
00100111111111010000000
10010001111111111010000
00000001111011010010000
00000000100111010000000
00000000011011011000000
00000000010100001000000
00000000110000000000000
00000000011110000010000
00001001000010000000000
00100000001010000000000
00000000000000000000000
00000001000000000000000
00000010000000000000000
00000000000000000000000
00101111010000000010000
11011110010000000110000
00011000110000000001000
00011101111100100100000
01000100100100011101000
00111010001010110010000
01011000000001011000000
10111010011111011100000
11110000011101110110100
01110001001001000000011
11111000110111011011100
11000000000110000101000
11010000000010001000101
11010000000001110100000
11100100110001001110000
10110100100110101110000
10011001011101011111000
00010001111001101111000
00000001010001111110101
00000011001011101100111
01000001111011011000000
