16 108 5
0000010000000000
0000001000000000
0000000000100000
0000000000010000
0000000011010000
0000100111000000
0000000001100000
1101100111001000
1110101111111001
1001100111101000
0111111111100010
1111111111011000
1111010011110100
1110111011110010
0111111111110010
0111111100011101
0000000000000000
0000000010000010
0000000000001101
0000000101001111
0000000100101010
0000000111110111
0000001011111111
0000110011111111
0000001001111111
0000000111101111
0000001111011111
0000000111111111
0000110111111111
0000000111111111
0000000000111111
0000000011100111
