19 74 11
0000000000000000000
0000000000000000000
0000000000000000000
0000000000000000000
0000000000000000000
0000000000000001000
0000100011000000000
0000101010011000000
0000000010000001000
0010001111100100000
0110001010111000001
0000011001110000000
0000001101111010001
0000001111110001000
0000011111110110100
0000011000000010000
1000101011001000000
0000100100101000000
0010100010001100000
0000001000100100110
0000100010010101110
0000000000101101000
0000110001010000000
0100000101010110101
0000011011100001000
0010000101100111100
0001000010000000000
0000000001001100000
0000000001010100000
0000000011010000000
0000000001010000000
0000000001011000000
0000000000010000000
0000000010110010000
0000000000011000000
0000001011010110000
0000000001000100000
0000000000000000100
