27 187 7
000000000000000000000000000
000000000000000000000000000
000000000000000000000000000
000000000000000000000000000
000000000000000000000000000
000000000000000000010000000
000000000000000000000000100
000000000000010000100001000
000000000000000100001010000
000000000000010010100011010
000000000010001100110101000
000000000001011110110110100
000000000000101111111011100
000000000000111111111111110
000000010010011111111110110
000000000001111111111111110
000000000011011111111111110
000000000101111111111111110
000000000000111111111111000
000000010001111111111111100
000000000000010101111100011
000000001000010001111111100
000000000011100011101011000
000000000011000010110010000
000000000000011010111000000
000000000000000001100000000
000000000000100000000100000
000000001111111101110000000
000011111111111111101000000
000101111111111111101010000
000110111111111111111010000
000011111111101111110000000
000101111111111111100110000
001011111101111111111110001
001001111111111101010100000
001100111111110110100001000
010010011111011100101000000
000011111111011110010010000
000001100110010001100000000
000001010000010000000100000
000000010000000100101000000
000000001000000000000000000
000000000010000000000000000
000000000000000000000100000
000000000000000000000000000
000000000000000000000000000
000000000000000000000000000
000000000000000000000000000
000000000000000000000000000
000000000000000000000000000
000000000000000000000000000
000000000000000000000000000
000000000000000000000000000
000000000000000000000000000
