22 61 12
0101000000100000000000
0010000100000000000000
0001101000100000000000
0100000000100000000000
1110010000000000000000
0000001000000000000000
0000100000000000000000
0000000000000000000000
0000000000010100000000
0000000000001010010000
0000000000000000000000
0100000000000100000000
0000000001001010000000
0000000000000111100101
0000000000000111011100
0000000000011111100100
0000000000001111101000
0000000000010011110000
0000000000001000001000
0000000000000000000000
0000000000001100000000
0000000000000000000000
0000000000000000000000
0000000000000000000010
0000000000000000000000
0000000000000000000000
0000000000000000000000
0000000000000000000110
0000000000000000000000
0000000000001010000000
0000000000000001000100
0000000000001010110100
0000000000000100010100
0000000010111100000000
0000000001000110111000
0000000000001010101000
0000000000110111111011
0000000001010110001000
0000010000000011100000
0000000000101011000000
0000000001100000000000
0000000000000110100000
0000000000000011000000
0000000000100000000000
