25 312 12
0000000000000000000000000
0000000000000000000000000
0000000000000000000000000
0000000011111110000000000
0000001111111111100000000
0000011111111111110000000
0000111111111111111000000
0010111111111111111110000
0011111111111111111101000
0111111111111111111110000
0111111111111111111110000
0111111111111111111110000
0111111111111111111110000
0011111111111111111110000
0011111111111111111110000
0111111111111111111110000
0001111111111111111101000
0001111111111111111100000
0000111111111111111100000
0000111111111111111000000
0000001111111111100000000
0001010011111111000000000
0000000110110000000000000
0000000000000000000000000
0000000000000000000000000
1110110010111111111111000
1111100010111111111110100
1111110001111111111111010
1011111000011111111011000
1100111000011111111011100
1000000100001111111100100
1011000100011001111100101
1010010000000000011000111
0000000000000101000111110
0000000000000100111111111
1000000000000011111111111
0000000000010011111111111
0000000000001100111111111
0000000000000111111111111
0000000001000011111111111
0000000000001101111111111
0000000000101111111111111
0000000000000111111111111
0000000000000011111111111
0000000001100010111111111
0000000001000011111111111
0000000000000001111111111
0000000000101101111111111
0000000000001001111111111
0000000000000001111111101
