23 132 8
01001110000000000000010
00010010000100100001010
00000110100000000011000
00100011010000101101110
01010111011010000111111
00111111101101100110111
01101011101000110111111
00101111111000000111111
01011111100101000111011
00011011101100000101001
00111110110000011000111
00010111010000100111000
00001000000000000000010
00000000000000000000000
00000000000000000000000
00000000000000000000000
00000000000000000000000
00000000000000000000000
00000000000000000000000
00000000000000000000000
00000000000000000000000
00000000000000000000000
00000000000000000000000
00100100000011000010001
00000000110010000110010
00100100000100011101011
00000011011000001011101
00000001000010000001111
00010001101100000111010
10010110100101101011010
00011011010010000000001
00001101110100100000000
11000000010000000000000
00011100110000000000000
00001001010010100010000
00000011101000100000000
10000011100011100100000
00001111010111000000000
00010011100001100000000
00001001101100010000000
00000001101001000001000
00000000000001000000000
00000100001100010010000
00000000000000000000000
00000000000010000000000
00000000000011000000000
