24 282 9
000001111111111111111111
011000101111111111111111
000101111111111111111111
000100111111111111111111
000111111111111111111111
000001111111111111111111
000000011111111111111111
000000111111111111111111
000010111101111111111111
000000010101111111111111
000001001000111101111101
001010000100000101110111
101000001010100110100111
000110100000000101001010
111111000000000000000000
111111011010000000000000
111111100000100000000000
111111100000000000010000
111111110000000000000000
010111010000000000000000
111110000000000000000000
000101000000000000000000
011100000000000000000000
001000101000000000000000
000000000000000000000000
000000000000000000000000
000000000000000000000000
010010100000000100000000
000110100000000000000000
111011110000000000000000
101110000110000000000000
111111010111000000000000
111111111110000000000000
111111111101000000000000
111111111110100000000000
111111111111111000000000
111111111111110000000000
111111111111111010000000
111111111111101110000000
111111111111111100000000
111111111111111110010000
111111111111111110000000
111111111111111100100000
111111111111111101100000
111111111111111110001000
111111111111111111000000
111111111111111110100000
111111111111111110000000
