25 191 7
0000000000000000000000000
0000000000000000000000000
0000000000000000000000000
0000000000000000000000000
0000000000000000000000000
0000000000000000000000000
0000000000000000000010100
0000000000000000000011010
0000000000000001001111111
0000000000000010101111111
0000000000000001011111111
0000000000000101111111111
0000000000000011111111111
0000000000001011111111111
0000000000000011111111111
0000000000001111111111111
0000000000000111111111111
0000000000000111111111111
0000000000000111111111111
0000000000000111111111111
0000000000000111111111111
0000000000000011111111111
0000000000000001111111111
0000000000000011111111111
0000000000000001111111111
0011000000000000000000000
1010010000000000000000000
1100010110000000000000000
1001111100000000000000000
1111001000000000000000000
0011110100100100000000000
1111110010010001000000000
1110011010100010000000000
1011101000010101000000000
0110111000100110100000000
0001001001001100111000100
1111100100011110110000000
0010110101001111001100010
1010100110000101010100000
0010101001100111011000010
0100110111010111000000011
0100000001001000011100000
0101000001000001111110011
0000000000010000001111011
0000000000010010010010111
0000010000000000110111111
0000000000000010010101101
0000000000000100011001111
0000000000000000001101110
0000000000000000110011101
