29 399 5
11111111111111100000000000000
11111111111111100000000000000
11111111111111110000000000000
11111111111111100000000000000
11111111111110000000000000000
11111111111111100000000000000
11111111111110000000000000000
11111111111000010000000000000
01111111111000000000000000000
01111111111000000000000000000
00110100110000000000000000000
01000101001100000000000000000
00110100000000000000000000000
11110111000100000000000000000
11111111110100000000000000000
11111111100000000000001011000
11111111110100000000001011000
11111111100101000000001111111
11111111111000000000111111100
11111111111000000000011111111
11111111111100000010111111111
11111111111000000001111111111
11111111111100000011111111111
11111111111110000001011111110
11111111111100000000101111110
11111111111000000000001111100
11111111110000000000000000000
11111111101000000000010000000
11111111100000000000000000000
00000000000000000000000000000
00000000000000000000000000000
00000000000000000000000010000
00000000000000000000001110001
00000000000000000010000010000
00000000000000000010101010111
00000000000000000010110011111
00000000000000000011111111111
00000000000001011111111111111
00000000000000000101111111111
00000000000001111111111111111
00000000000000111111111111111
00000000000001111111111111111
00000000000101111111111111111
00000000000111111111111111111
00000000000011111111111111111
00000000000011111111111111111
00000000101111111111111111111
00000000001111111111111111111
00000000101101111111111111111
00000000001111111111111111111
00000000000111111111111111111
00000010010111111111111111111
00000000011111111111111111111
00000000000011111111111111111
00000000001101111111111111111
00000000010001111111111111111
00000000001111111111111111111
00000000000111111111111111111
