30 194 8
000000010000000000000000000000
101111011000000000000000000000
111101011010000000000000000000
011110010000000000000000000000
011111111110000000000000000000
010111110100000000000000000000
011011111010000000000000000000
111111110100000000000000000000
011111011000000000000000000000
001110000101000000000000000000
001011001000000001001000000000
010000000000000100000000100000
000010000000000000000100010000
000000000000001000011000000000
000000000000000000010110101000
000000000000000001101001000000
000000000000000010111110110000
000000000000000100110100000100
000000000000001101011011100100
000000000000001011111111101101
000000000000000010111111111000
000000000000000011111111100000
000000000000001000111011111010
000000000000100011111010101101
000000000000000010100001111110
000000000000000000001111110000
000000000000000000011100000000
000000000000000000111000011000
000000000000000000000111010000
000000000000000010000000010000
000011000000000000000000000001
000000111100010000000000101111
001000100100000100000010100010
001001111110000000000000001111
100000111110000000000000111010
000011111110000000000000110011
000111110110000000000000100111
001110110110000000000000010001
000010111110000000000000001000
001011110000010000000000000011
000011000000000000000000000001
000000000000010000000000001000
000000000000000000000000000000
000000000000000000000000000000
000000000000000000000000000000
000000000000000000000000000000
000000000000000000000100000000
000000000000000000000001000000
000000000000000000000011000000
000000000000000000010001000000
000000000001000001000011000000
000100010011000001111001000000
000000000100000000000011110000
100000100001010110011101100010
000011011000110101001101011000
000000000101001100100010001000
000101011110001010110110000000
001000100011000000110101100000
000111111110100010110011000000
000110111111110000000010000000
