18 116 7
100111110111111110
000110001011111110
001011110011101111
000010011111111111
001010111111111111
000000111000111111
000011111111011111
000000000101111111
000100010110011110
000000100010010011
000000000000001001
000001000000011010
000000000000110010
000000000000000100
000000000000010000
000000000000000000
000000000000000000
000000000000000000
111101110101110100
100111110110100000
110110110110001010
101100111111000000
111100111011101000
100111010111010110
100111101101000010
111101111001100010
110111110111010000
010100110100010000
001111001000000100
000010000000100000
001000100000000000
011000000000000000
000000000000000000
000000000010000000
001000001010000000
000000000000100000
