25 163 6
0000000001000000000000000
0000000000100000000000000
0000010010000000000000000
0000100011110000000000000
0000110001010000000000000
0000001111100000000000000
0000000111101000010000000
0000011110101000000000000
0000000111100100100000000
0001100111111110000000000
0000100101111010100000000
0000101000110100100000000
0010011010100000000000000
0001100000000000000000000
0010111000010000000000000
1010111001000000000000000
1111110011000000000000000
1011111111000000000000000
1111111111000000000000000
0101110101000000000000000
0011111111110000000000000
0111111111111000000000000
1101111111111000000000000
1011110111110000000000000
0010111111100000000000000
0000000100000000000000100
0000001010101010000001000
0000000000000100001000000
0000000101100100000010000
0000100010110100000010000
0000010011110000000101100
0000100001100000000101111
0000000000101000000001001
0000000110010000000011111
0000000000100000000000111
0000000000000000000000010
0000000000000000000000111
0001000000010000000010100
0000000000000000000000000
0000000000000000100011011
0000000000000000111001011
0000000000000000011111010
0000000000000100000111011
0000000000000001111111111
0000000000011011111111111
0000000100111111001111111
0000000000111001111111011
0000000000111011100011111
0000000000001111100111110
0000000000100100111101110
