23 76 10
10101110000000000000000
11010100000100000000000
10111101100000000000000
01011111100100000000000
11111111111000100000000
11011110000000000000000
10111000110000000000000
11111110110100000000000
00111010010000000000000
11010100000000010000000
01000000000000000000000
01000000000000000000000
10010000000000000000000
00001000000000000000000
00000000000000000000000
00000000000000000000000
00000001000000000000000
00000100000000000000000
00000000000000000000000
00000000000000000000000
00000000000000000000000
00000000000000000000000
00000000000000000000000
11100100000000000000000
00010100000000000000000
00100000000000000000000
00010100000000000000000
00000000000000000000000
10000000000000000000000
11011110100000000000000
01100101000000000000000
01101000010000000000010
10111000000000000000000
01011000010000000001100
10000000000001010010000
10000000001000000000000
00001000000000100100000
10000000000000000000000
00001100000000010010000
00100000001100101100100
00001000000010000010000
00000000000100110000010
00000000001101000100010
00000000000001001000000
00000000000000110000000
00000000010100100000000
