17 55 12
00000010000111000
00101001010001001
00111110101011100
01011101011000101
00001010110010000
00000001110000100
00001000000000010
00000000100001100
00011000000000000
00000000000000110
00000000000000000
00000001000000000
00100100000000010
00010001000000000
00000000000000000
00000010000000000
10000000000000000
00000100000110100
11000100000111000
01000100000000000
01000000011100000
00000110100011000
00000000001000111
00110100000101001
00001000000010010
10000010100001000
00000010000001010
00001001000001000
00010101000000000
00010000100100000
00010000000000000
00000001000001001
00000000000000000
00000000001000000
