26 93 7
10000000000000000000010000
00000000000000000001000000
00000000000000000000100000
00001000001000000101000000
00000001000000000001000000
00001100000110001000100000
00000001000000000111000000
00001000000001101011000000
10000000000000000000000000
10000000000100000110101010
00000000000001000010001100
10000000011100000100000001
10000101000011100001000000
00000000000001000001000001
00010010001000001101011000
10000100000000110001000000
10001000000100001010011100
00000000000000000010001000
10000001000000000000001000
00000000100000001000010000
00001000000000000000000001
00000000000000010000000100
00000000000000000000101000
00000000000000000011000000
00000000000000000011000000
00000000000000000000000000
11111110100001001110110101
00111111000000000111001111
01011110000000000011111110
11111110010000100110111111
00101100010000001111111100
00001111000000010011111100
10000100000000000011010011
00000000000000000001010001
00000000000000000000101000
00000000000000000000000000
00000000000000000000000000
00000000000000000000000000
00000000000000000000000000
00000000000000000000000000
00000000000000000000000000
00000000000000000000000000
00000000000000000000000000
00000000000000000000000000
00000000000000000000000000
00000000000000000000000000
00000000000000000000000000
00000000000000000000000000
00000000000000000000000000
00000000000000000000000000
00000000000000000000000000
00000000000000000000000000
