19 54 15
0000000000000000000
0000000000000000000
0000000100000000000
0000001000000101000
0000000000101000000
0000100000001000000
0000000000000000000
0000000010110000000
0000001000101100100
0000111001000010100
0000100111111000000
0000000110010100000
0000001001011000000
0000011011001110100
0000000100010100000
0001001000000000000
0000000000000001000
0000000011000000000
0000000100000000000
0000000000010000000
0000000000010000010
1000000001001001000
0011000000000000000
1000001000010000010
0110000001010010000
1000001000000110010
0000000000100111010
0010000000101011000
1100000000001011000
0000100010010100000
0000000000100001110
0000000000100100000
0000000000000010000
0000000000000011010
0000000000000000000
0000000000000100000
0000000000000000000
0000000000000100000
