24 253 9
000000000000000000000110
000000000000000000010010
000000000000000000000000
000000000000110000011100
000000000000000100010000
000000000000000101001111
000001000000100010011011
000001000000100000000101
100100000000000010100100
000010011100001011111111
101111111111001111111111
010011111000111100101111
110110101110110111011111
111111111101001101000110
111111010111100110101100
101111111111111101000111
101111111110101100100011
101111101111110000000000
111111101111101100001000
111111111111111100001000
011111111111111100100000
011011110110011001000000
001101101110001010000000
000100101011000100000000
111111111111111111100000
111111111111111111110000
111111111111111111110000
111111111111111111111000
111111111111111111110000
111111111111111111000000
111111111111111111100000
111111111111111111100000
111111111111111111100000
111111111111111111010000
111111111111111101000000
111111111111111010000000
001111111111110000000000
011101111100100000000000
000000101011000000000000
000000100000000000000000
000000000000000000000000
000000000000000000000000
000000000000000000000000
000000000000000000000000
000000000000000000000000
000000000000000000000000
000000000000000000000000
000000000000000000000000
