26 235 11
00000000000001010001010111
00000000001000010111101010
00000000000001111101111101
00000000001000111111111100
00000000000011111111111110
00000000001111011111111000
00000000001111110101111100
00000000010110011011111110
00000000000011011111111110
00000000001110101010011101
00000001001100001110010010
00000000000000100001101110
00000000000100000100010010
00000000000000000000101000
00000000110000000100001000
00000001000000000000000000
10001000100100000000000000
00100011000001000000001000
01011101000100000000011010
00100001110011010000000100
00001011111011000000000100
11100111100101101000000000
01011111001010011000100000
11111111001111011001100000
10111101111101001000001001
10111111101101010011100000
00111111111100000000000000
11111111111111000000000000
11111111111110001000000000
11111111111111100000000000
11111111111111000000000000
11111111111110100000000000
11111111111111100000000000
11111111111111010000000000
11111111111111110000000000
11111111111111010000000000
11111111111111010000000000
11111111111110000000000000
01111111111110000100000000
00001111101011000000000000
01110110000000000000000000
00101001000000000000000000
10000000000000000000000000
00001100000000000000000000
10000000000000000000000000
01100000000000000000000000
11001000000000000000000000
11111100000000000000000000
11110100000000000000000000
11111000100000000000000000
11111100100000000000000000
11001000000000000000000000
