30 256 8
000000000000000000001000011000
000000000000000001110011001001
000000000000000000001101110010
000000000000000000000110010111
000000000000001000101011010001
000000000000000000111111011110
000000001000000101011111111110
000001000100100000110111001111
000000000001001100111111111010
000000000100000001011111111100
000000000010100101001001111111
000000110001100010011111111111
000000000010101111011101110111
001000000101110110110010000011
100001000000010111111011111111
000000101011101111110011011101
000000000011001110101110111010
000000010100000111010101010100
000000011010110111010000011111
000001100001010010011001000001
000000100011100000001011000111
000000100010010001100000000000
000000000000001100000001000000
000000000000010110100000010000
000000000000000000100000000000
000000000001001100000011000100
000000001000100000000000000000
000000000010000000000000000000
000000000000000000000000000000
000000000000000000000000000000
111111111111010010000000000000
111101111110001001000000000000
111111111111101001010000000000
011111111111110000100000000000
111111111101011100000000000000
100111111111110000100000000000
111101010111110110000000000000
001111011111000110000000000000
001111111111111100010000000000
001111111111111111100000000000
111110110011110110100000000000
010000011111111011100000000000
010010111111111101000000000000
010010110111111111000100000000
000000111111101001110000000000
001110101111111101100100000000
000001010111111111011000000000
000010011110011111100000000000
000010000110110101000000000000
000000000001100000000000000000
000000000000010000000000000000
000000000000011000000000000000
000000000000001000000000000000
000000000000000000000000000000
000000000000010000000000000000
000000000000000000000000000000
000000000000000000000000000000
000000000000000000000000000000
000000000000000000000000000000
000000000000000000000000000000
