20 163 10
00000000000000000000
00000000000000000000
00000000000000000000
00000000000000000000
00000000000000000000
00000000000000000000
00000000001000000000
00000010100100000000
00001111111110110000
00001111111111010000
01101111111111110000
00111111111111100000
00011111111111110000
01111111111111110000
10011111111111111100
00011111111111110000
00111111111111110000
00111111111111110000
00101111111111110000
00011111111111010000
00010011000011000000
10110010100010101000
00011100001000010011
10111010001001000101
10111010100000111011
01110100011001110110
11100001111101111101
00110101001000111000
10011010011101110101
10101101000011011101
10101110011111011111
01010010110111110010
11011000110101111110
10000000000100111110
10000000010000111101
00000000100001111000
00000010010010110000
01001000000000000000
00000000000100000010
00000000000000000000
