21 215 6
010000000100100010010
000000001011110101111
101111111101111101111
111111111010010110111
111111111110111111101
111111011110001001111
101011100101101111111
111111011111110011101
111111011110010001001
111111011000011000111
111111110011101110101
011111010000101100000
111110110100100000100
111100101011000011000
110110011101010010000
110111101000000000000
110010110000000000000
000101000000000000000
001110000000000000000
000000000000000000000
001000000100000000000
000000000000000000000
000000000000000000000
000000001000000000000
000000000000001000000
000000000001000000000
000000000101100000000
000000000000010010010
000001111001011000000
001100010011011010100
000011011011001101001
000011011111111010111
000001111111111011101
000111111111111111100
001011111111110111110
001011111111111111111
000111111111111111111
100111111111111111111
001011111111111111001
010101111111111111010
001001111111111111111
000011011111111111111
