24 58 15
000000001000000000000000
000000000000000000000000
000000000000000000000000
000010000000000000000000
000000000000000100000000
000000100010010100000000
001000100001000000000000
000010000000000010000000
000001000000000110000000
010000000000000001000000
100010000000000001000000
000010000000100000000000
000000111001000000000000
001000111000010010000000
110001000001000100100000
010010000000000000001000
000010001000000000000000
001001000000000000000000
100000001000000000000000
000000000000000000000000
001000000100000000000000
000001000000000000000000
010110000000010000000000
000100001010000000001000
000000000000000000000000
000000000000000000000000
000000000000000000000000
000000000000000000000000
000000000000000000000000
000000000000000000000000
000000000000000001000000
000000000000000000000000
000000000000000000000010
000000000000010110011000
000000000101010001100000
000000000000010000101100
000000000000100010010110
000000000100001100101011
000000000000011110110010
000000000000000001010000
000000000000000001100000
000000100000000000011110
000000000001000100101000
011001000000000000000000
000110000000000100000000
000000000000000100000000
001000010000000000000000
001000000000000000000000
