20 53 15
00000100000001000000
00100000000000000010
00000000000011100110
00000000000000000100
00000000010010100001
00000010000001100010
00000000000001000000
00010101000000000110
00000100010000010000
00000000000000000000
00000010000000100000
00010000010101010000
10000000000001100000
01000000000000000000
10001110000100000000
00000001000001000000
00010111000000100000
00000000000000000000
00000000101000000000
00000000001000000000
00000000000000000000
00000000000000000000
00000000000000000000
00000000000000000000
00000000000000000000
00000000000000001000
00000000000000000010
00000000000000000010
00000000000000000100
00000000001010000011
00000000000000000100
00000000000000001111
00000000000000010000
00000000000000111011
00000000000111100111
00000000001110010101
00000000000000100111
00000000000001110111
00000000000000111111
00000000001100011001
