24 164 5
000000000000000000110101
000000000000000010001000
000000000000000000001010
000000000000001001000000
000000000010000010001100
000000000000010000001110
000000000001010010110110
000000000000000100001101
000000000001000000110011
000000001001011011000001
000001001010100101001100
100000000001101100010100
000000000001000110110111
101000000000101100000100
001110000000001010101001
000000010001010000101000
110100001011110000001001
010001110011001110000100
001100011101111010001000
110111111100101000000000
111100100111100100010000
001000011111011100010000
011100011110011000000100
100011011010001010000000
000000000000010000000000
000000001000000000000000
011001001000000001000000
000100111100000100000000
111000010111000011000000
111111100110101000000000
110110111011100010000000
100011001101010011000010
000111001011100001000000
011001111110111000000000
111110111011000111000000
000010100001001110110000
000001010001110110000000
000110110100000010000000
100100110001001010000000
000001001100010000100000
010100110011000000000000
101011111001000100000000
000001110100100000000000
000110000110000000000000
000011011000000000100000
001001011101000000000000
001001001001100000000000
000001101101000000000000
