23 221 15
00000011011110011001010
10011101101111000010100
10100001111110101011000
01001011010010001111110
00010101101111011110001
00000010011101111111111
00000001001101110111111
00000100010000110111010
00010010101101101110010
00000100000111010110110
00000000101001011010101
00110100101001100010110
01000111100100001111001
11100100000011100000000
00100011100111000000000
11100100101000001001100
10101011101001100000000
01111111001000000010010
11101100100010111000000
11011010100010000000000
11110000101001001000000
11110100110000000000000
01001111000000000000000
00000000000000000000000
00000000000000010011100
00000000000001111100110
00000000000000100111111
00000000000011111111111
00000000000000111111111
00000000000011111111111
00000000000100011111111
00000000100001111111111
00000000000101111111111
00000000001001111111111
00000000001011111111111
00000000001011111111111
00000000100010111111111
00000000000101111111111
00000000001011111111111
00000000001100111111111
00000000011111111111111
00000000000100111111111
00000001001101111111111
00000000000011111101110
00000000000010011011111
00000000000001010110111
