19 97 11
0000000000000000000
0000000000000000000
0000000000000000000
0000000000000000000
0000000000000000000
0000000000000000000
0000001100000000000
0000010010000000000
0101011101001000000
0001111111100000000
0100111101101000100
0101011111000000000
0100111111011100000
0101111111110000000
0011111111100000000
1111111111110100000
1010111111100000000
0001111101110000000
0000011001000000000
1111110000010000000
1001111110000000000
1111101001000000000
1111111010110010000
1111100101100000000
1111110110111010000
1111111011110000000
0111110101100000000
1101110000000000000
1110111000000000000
1001000110000000000
0010101100100000000
0001000000000000000
0000000000000000000
1000001000000000000
0000000100000000000
0000010000000000000
0000000000000000000
0000000010000000000
