21 79 13
000000000000000110000
000000000001000101000
000000000000000011100
000000000000000111101
000000000000000101101
000000000000010111110
000000000000011100101
000000000010101110011
000000000100111001101
000000000000010011111
000000000001111111110
000000000001001111000
000000001010000011110
000000000000000101011
000000000000000100100
000000000000000001110
000000000001000000000
000000000000000000000
000000000000000000000
000000000000001000000
000000000000000000000
000000000000000010000
000000000000001001000
000000000000001010101
000000000001010111010
000000000000000110101
000000000000001000100
000000000000001010010
000000000000000111110
000000000000000101011
110000010010111110111
000100000001000010111
000000000000010000100
101000000000001000111
001000000000000110101
000000100000000000001
010101000000000000000
000100000000000000011
111000000000001000000
111000000000000000010
100000000000000000000
000000000000000000000
