30 243 13
000000000000000000000000000000
000000000000000000000000000000
000000000010000000000000011110
000000000010010000101000011100
000000000001001111010000010101
000000001000100000000010100001
000000100000001001000001000010
000000111110000110100010010000
010000010100010011100100101010
001011000111100111011000100001
000010111111001111000100000000
000000011111111111011000000000
000000111011111111111010000000
001111011111111111100110000000
100000110110111110100000100000
000011111111011110110010000000
001001111111111011101001110000
000000000011111110100110000000
000001111111101110111000000000
100001101001111111110000000000
010000010110001100100000000000
000000001000010001000000000000
000010101101100000011000000000
000000101001000100000000000000
000001000010000001000000000000
000000010100000001000000000000
001000001011000000000000000000
000010000001100000000000000000
000000000000000000000000000000
000000000100000000100000000000
000000000000000000000100101010
000000000000000100011100100000
000000000000000101011111010101
000000000000000011111111101000
000000000000000011111111111111
000000000000000001111111111000
000000000000001011111111111010
000000000000001011111111110100
000000000000001011111111110000
000000000000000011111111111000
000000000000001001111111100000
000000000000000011111100100000
000000000000001101100100000000
000000000000000000111101000000
000000010000000110110000000000
000100000000001101001110100000
000000001000111010110010000000
000000000000101010000000000000
000000001010111011111100000000
000000010001010111111100000000
000000000001111011111011101000
000000000000000010111111000000
000000100000111011111011000000
000000010010010111001110001000
000000100000100110010100000000
000000000101111001110001001000
000000000000100001000110000000
000000000000101011100100100000
000000000000100000000000000000
000000000000000001001010000000
