26 4 27 12 52 3 
46 21 8 33 1 40 
16 14 44 42 0 25 
56 51 32 43 31 18 
38 41 58 54 49 39 
6 5 10 50 55 28 
50 52 24 8 29 58 
28 5 38 26 1 14 
41 51 40 6 44 2 
16 23 17 34 4 33 
49 35 20 11 0 18 
39 15 12 55 7 53 
43 6 36 39 32 46 
37 26 7 28 5 22 
8 13 11 16 57 4 
42 50 45 49 31 47 
25 9 44 56 15 2 
40 30 0 48 35 29 
23 49 29 39 59 54 
34 1 25 11 0 5 
31 21 17 13 14 44 
33 58 45 20 4 24 
7 48 46 51 32 26 
55 43 6 57 40 52 
43 35 20 53 14 41 
46 0 44 30 42 18 
23 40 17 22 47 11 
38 50 29 5 15 21 
12 19 16 25 4 31 
49 24 45 36 58 51 
54 51 56 38 17 57 
45 11 40 7 0 12 
36 21 44 43 15 29 
6 49 22 46 8 47 
16 5 42 10 23 24 
58 37 31 50 41 27 
13 14 50 41 37 8 
7 16 44 59 30 45 
2 27 11 31 12 1 
17 0 19 46 6 15 
52 49 28 22 18 34 
23 57 42 40 58 4 
14 57 12 4 38 59 
31 7 49 22 32 5 
9 18 16 11 41 40 
47 17 55 10 6 53 
24 36 28 50 15 20 
37 45 56 51 34 8 
14 48 53 50 37 57 
47 42 36 45 3 58 
44 22 11 43 40 41 
6 12 10 39 56 18 
15 49 0 16 13 51 
17 2 59 4 9 38 
45 53 31 59 28 36 
6 39 15 43 1 40 
20 17 47 10 12 55 
56 44 2 35 38 7 
27 11 37 13 32 48 
21 5 34 50 29 51 
