13 48 1 22 14 16 
54 15 20 58 5 34 
42 23 50 10 26 52 
21 33 47 59 7 32 
56 31 37 11 49 6 
0 57 18 4 40 55 
54 25 43 34 33 30 
14 45 5 19 2 44 
57 12 15 39 53 50 
52 13 20 38 9 24 
26 35 7 49 6 29 
42 31 16 55 11 48 
5 48 51 35 33 53 
54 7 56 11 28 18 
40 22 4 57 13 41 
42 8 38 16 12 43 
34 6 59 9 21 45 
47 49 36 19 37 50 
46 57 55 42 47 26 
50 13 53 16 22 11 
48 56 43 34 25 59 
6 12 7 33 15 44 
21 52 10 23 24 9 
29 30 51 27 20 17 
28 16 20 33 37 58 
36 17 26 39 18 23 
9 11 8 34 45 55 
43 32 2 12 6 49 
50 10 44 0 57 51 
25 41 19 15 21 24 
11 30 47 36 1 10 
24 15 51 2 17 21 
23 13 45 14 0 59 
56 3 12 43 18 39 
33 9 5 42 16 31 
46 44 54 37 40 53 
31 27 45 58 33 48 
43 12 4 52 23 7 
51 6 50 42 5 40 
2 39 17 15 56 32 
35 44 37 19 13 18 
59 34 20 38 46 30 
6 18 51 29 49 40 
23 19 35 0 39 38 
7 13 14 22 48 3 
11 2 33 10 32 56 
57 36 47 16 30 50 
45 46 31 17 26 58 
25 20 15 0 58 29 
14 32 38 43 37 50 
7 5 39 33 6 46 
34 8 1 16 45 9 
18 3 12 26 24 57 
44 13 40 21 51 55 
52 27 33 7 40 57 
54 9 17 0 26 25 
42 23 38 6 16 14 
2 29 39 8 18 45 
44 12 4 37 22 21 
31 3 43 5 11 49 
