25 3 4 58 19 34 
43 17 37 21 9 47 
30 31 16 44 2 54 
52 40 20 22 15 0 
29 48 12 11 33 18 
13 28 57 14 23 41 
58 57 51 25 47 52 
39 30 38 14 37 42 
26 23 27 34 9 48 
20 1 16 29 54 44 
17 40 0 43 7 55 
59 33 49 36 53 50 
48 17 40 5 23 27 
46 37 1 30 20 4 
43 7 39 45 6 50 
13 14 54 0 21 33 
36 32 52 12 15 19 
51 44 2 47 3 59 
32 35 55 20 27 46 
8 11 38 21 4 25 
51 39 7 12 24 58 
53 37 17 18 6 54 
13 1 47 9 33 45 
57 22 44 34 14 42 
57 31 20 53 22 32 
11 1 26 4 0 28 
6 43 39 18 10 44 
38 49 41 45 29 40 
30 16 23 7 42 36 
19 48 46 52 34 51 
43 39 40 6 48 52 
49 35 36 47 1 16 
15 38 21 22 42 54 
14 11 12 45 50 30 
25 10 59 20 34 44 
37 57 46 41 27 56 
50 37 12 53 32 45 
54 17 18 33 49 38 
0 39 57 35 15 47 
23 11 44 16 13 43 
25 28 4 36 6 5 
42 10 51 3 41 20 
56 37 49 16 8 51 
46 20 12 1 38 3 
34 9 30 40 33 54 
57 11 43 18 44 23 
26 5 10 15 2 35 
39 52 31 42 17 45 
27 49 45 13 20 47 
33 51 30 2 12 48 
18 15 16 34 56 6 
40 43 50 31 10 11 
7 14 39 8 1 35 
58 36 57 42 37 41 
45 39 44 19 55 34 
8 49 38 28 2 24 
52 11 37 18 6 40 
10 12 0 17 33 43 
58 53 51 22 9 16 
14 42 30 57 47 32 
