19 12 46 16 28 29 
38 1 47 55 57 44 
48 42 35 11 7 54 
17 43 20 18 33 45 
22 30 51 31 39 8 
13 3 50 5 41 24 
47 42 1 8 56 54 
39 5 7 0 22 41 
58 49 12 16 34 6 
37 31 11 43 32 26 
10 2 18 55 19 29 
44 52 38 59 53 45 
23 40 11 26 8 57 
49 30 35 5 1 44 
33 41 12 38 3 51 
7 9 43 32 52 46 
56 36 2 21 19 24 
47 10 6 4 37 25 
48 49 2 7 42 30 
19 20 34 45 39 35 
44 38 13 17 51 23 
14 16 43 11 1 56 
10 54 28 47 24 12 
58 9 52 32 0 37 
39 31 32 19 11 46 
9 13 14 0 28 6 
7 15 18 43 21 30 
45 5 52 1 37 33 
8 10 56 47 12 57 
40 44 3 4 24 2 
20 25 46 13 47 23 
31 11 39 17 59 8 
14 16 0 44 45 48 
40 9 55 5 24 50 
32 49 10 7 38 52 
36 41 51 34 4 33 
34 43 56 58 32 30 
10 25 35 9 29 12 
54 2 11 47 24 22 
38 13 50 52 18 59 
44 15 37 40 41 48 
49 36 46 39 20 55 
39 46 5 38 9 27 
21 33 54 30 13 17 
18 12 22 11 44 31 
42 8 57 24 1 14 
36 16 53 19 15 0 
20 45 51 26 34 49 
20 15 48 3 39 43 
0 33 7 30 51 53 
18 13 38 16 34 45 
1 56 32 17 12 50 
41 11 23 44 57 10 
5 54 31 37 24 46 
47 8 52 50 7 43 
51 32 44 21 38 49 
36 10 24 46 19 35 
12 2 31 15 1 18 
5 45 39 40 9 41 
17 25 56 26 11 37 
