43 6 9 17 21 40 
58 5 2 44 37 1 
54 46 47 28 16 51 
48 10 8 24 41 0 
19 35 23 12 15 26 
27 25 3 59 52 30 
33 21 56 38 34 50 
48 13 1 16 12 10 
5 37 58 8 36 7 
41 2 26 11 42 28 
53 15 39 40 4 46 
45 43 0 35 19 24 
45 43 25 33 27 6 
0 49 15 19 37 12 
42 14 39 59 53 31 
50 32 1 2 51 46 
26 13 21 3 56 34 
41 10 18 38 40 11 
48 33 20 15 45 16 
17 1 22 37 50 35 
40 3 55 44 13 42 
58 8 11 36 32 49 
51 23 12 34 5 38 
30 46 39 59 19 43 
33 12 29 2 20 58 
0 21 11 30 31 53 
56 27 13 24 51 49 
18 9 7 45 15 28 
1 37 5 16 6 36 
39 17 32 8 34 47 
42 17 31 15 21 50 
20 37 23 53 6 7 
54 5 38 57 45 47 
9 34 2 3 46 19 
10 0 39 11 4 49 
30 56 22 24 43 48 
22 13 47 40 38 0 
1 34 44 43 21 9 
11 31 33 14 36 48 
28 29 46 45 56 57 
30 18 39 8 32 10 
20 27 24 55 12 50 
47 14 38 33 30 59 
5 44 36 7 39 8 
43 45 52 13 10 9 
15 23 31 2 58 42 
56 18 51 12 26 22 
28 49 17 55 0 19 
27 34 51 54 18 39 
11 8 56 32 16 49 
50 9 13 36 31 0 
5 43 44 7 40 23 
37 45 38 26 6 12 
14 19 15 30 21 53 
18 22 14 3 52 27 
40 23 17 50 13 37 
11 12 46 0 43 33 
54 49 16 48 44 10 
57 9 39 19 1 31 
6 4 8 55 24 38 
