46 30 3 45 55 24 
39 38 58 53 57 50 
47 9 32 22 12 41 
43 29 21 33 10 49 
37 17 52 48 31 8 
15 20 34 42 26 40 
54 6 38 58 46 57 
34 2 45 37 12 35 
27 17 43 51 16 11 
8 7 13 32 10 52 
5 59 42 40 0 50 
47 28 26 48 20 56 
53 54 30 57 9 49 
12 14 8 37 23 1 
33 17 0 44 13 59 
29 34 2 52 48 21 
15 10 19 11 3 24 
22 46 43 31 39 45 
34 31 56 2 11 51 
26 5 12 47 27 17 
39 45 7 6 23 28 
16 38 18 33 24 37 
59 32 25 10 21 13 
46 4 55 15 40 43 
53 16 49 52 19 46 
51 6 4 24 41 31 
22 12 15 43 11 25 
38 13 45 39 42 40 
37 5 17 55 10 23 
14 28 36 30 35 59 
59 49 15 58 3 38 
37 24 23 19 52 55 
32 13 45 39 5 16 
10 21 11 7 44 30 
12 9 48 17 0 33 
20 31 43 18 29 42 
10 23 26 9 47 35 
27 16 14 57 39 13 
52 18 37 12 51 38 
30 29 40 28 7 6 
20 11 44 19 45 41 
32 48 17 54 25 50 
52 16 45 31 32 46 
44 38 0 43 51 5 
42 11 8 12 7 49 
48 21 23 58 20 50 
39 19 9 17 34 30 
22 27 2 56 4 37 
36 3 24 59 2 29 
21 20 33 18 12 47 
11 1 44 45 7 15 
22 42 51 13 40 56 
41 5 16 31 48 17 
9 39 46 38 0 14 
24 38 11 35 40 57 
18 37 44 49 7 9 
23 45 15 5 8 3 
53 17 2 6 22 43 
20 14 1 31 12 46 
59 39 30 41 34 56 
