10 5 59 31 0 21 
32 56 14 20 46 34 
51 49 52 36 33 35 
37 44 26 15 18 58 
27 41 30 53 19 2 
28 43 3 6 25 45 
41 36 45 29 38 47 
49 4 40 32 18 20 
19 5 11 14 26 34 
51 12 21 33 42 56 
2 7 48 28 10 3 
57 59 6 15 23 53 
9 10 6 48 46 21 
4 43 38 23 36 11 
25 13 15 42 24 52 
37 29 45 5 17 51 
27 50 44 3 16 2 
58 55 12 57 22 31 
45 38 9 26 10 47 
36 1 56 42 17 21 
15 50 8 34 11 28 
54 24 33 6 32 22 
43 3 51 16 7 19 
59 31 49 46 0 58 
59 20 33 27 4 23 
57 16 58 10 19 31 
26 11 2 12 49 56 
36 45 37 52 38 18 
9 0 44 51 5 53 
46 34 43 3 48 50 
43 44 14 49 13 23 
38 12 40 15 6 16 
37 22 8 53 50 45 
28 29 47 11 19 18 
36 2 17 39 31 1 
59 52 42 35 10 30 
16 36 19 44 10 51 
24 30 0 42 38 59 
52 32 50 39 49 46 
12 18 45 17 2 57 
47 43 1 9 23 56 
5 6 35 53 22 11 
56 8 50 55 42 12 
11 38 6 5 44 32 
51 16 17 43 45 25 
18 53 31 37 20 7 
13 35 10 14 41 2 
24 15 46 3 52 22 
46 50 33 43 19 26 
8 9 5 40 44 34 
56 10 13 12 17 57 
49 32 37 16 51 22 
48 11 41 38 39 45 
54 7 55 14 30 25 
58 11 14 23 16 40 
13 10 37 52 12 9 
50 15 2 17 44 59 
35 1 43 53 33 29 
51 7 6 38 4 45 
30 27 47 34 18 49 
