15 0 50 38 48 16 
52 11 58 12 56 4 
3 32 1 9 45 29 
36 13 27 2 42 30 
28 35 7 5 49 43 
34 20 41 22 51 10 
48 1 17 22 42 40 
32 15 8 57 9 58 
12 45 14 56 43 21 
0 52 30 47 31 26 
29 2 16 13 7 23 
59 28 55 4 33 36 
39 32 36 8 21 51 
45 33 12 5 16 40 
31 1 17 10 18 41 
30 14 3 44 34 50 
11 7 13 9 20 48 
42 43 0 54 35 57 
40 56 59 58 55 57 
34 32 10 30 14 28 
8 20 45 18 7 24 
42 16 37 4 25 6 
27 36 9 12 17 52 
47 23 29 35 1 38 
46 18 23 54 32 17 
14 3 12 21 33 42 
34 13 38 1 40 39 
31 48 45 44 0 30 
36 2 55 8 9 5 
19 24 7 15 57 52 
44 51 36 8 24 57 
18 4 32 21 14 50 
1 20 55 11 22 39 
17 45 16 7 30 42 
49 2 34 38 15 33 
10 9 37 23 19 40 
25 13 53 31 33 49 
36 26 1 43 10 41 
54 6 7 39 16 30 
29 12 11 15 50 51 
22 52 17 8 2 57 
48 37 3 45 9 44 
23 43 16 54 30 59 
50 13 6 48 11 31 
37 12 21 53 1 38 
20 14 57 40 9 49 
17 24 5 39 2 34 
56 33 7 32 45 44 
30 20 53 48 27 56 
47 16 37 52 39 22 
41 38 44 57 51 6 
49 21 8 33 12 18 
42 14 29 32 23 0 
10 31 11 9 19 15 
40 18 2 54 49 41 
30 34 10 57 1 38 
35 36 7 14 45 58 
52 12 50 44 6 23 
43 17 42 3 21 8 
46 27 33 5 19 22 
