40 36 53 4 0 30 
1 22 41 57 49 8 
55 54 18 52 16 12 
25 34 32 28 43 29 
15 58 50 26 39 56 
23 21 2 37 38 33 
57 33 8 41 0 20 
30 28 1 37 32 15 
36 22 10 2 14 27 
31 56 49 12 53 34 
18 42 24 58 17 13 
25 45 7 26 9 52 
2 27 9 5 17 6 
57 22 36 29 0 23 
43 32 8 51 50 54 
31 3 10 37 21 41 
38 13 44 20 1 11 
55 12 40 15 45 46 
49 46 47 17 45 40 
14 4 15 18 0 29 
58 42 38 34 12 1 
5 19 44 10 43 2 
8 53 16 54 3 32 
56 36 39 37 27 26 
28 58 39 40 43 52 
18 57 5 2 1 33 
54 16 22 45 42 51 
59 14 17 6 3 36 
56 21 4 50 7 0 
49 44 31 53 8 37 
4 44 49 31 12 32 
52 43 9 30 13 14 
51 15 45 34 10 40 
57 39 26 38 35 8 
42 11 7 36 37 50 
58 22 41 20 23 28 
51 32 23 58 16 57 
4 9 49 8 44 29 
20 50 19 1 2 45 
5 43 12 35 39 41 
33 56 31 10 3 28 
36 7 54 30 25 26 
41 6 18 21 4 47 
14 38 16 50 31 17 
19 33 43 51 5 49 
11 44 56 53 15 42 
37 20 45 2 52 46 
26 22 8 58 29 59 
48 19 38 4 12 54 
45 58 43 56 46 14 
15 37 25 2 24 40 
44 17 18 59 10 47 
52 30 5 13 3 41 
57 32 16 23 8 11 
43 26 10 35 45 17 
0 50 7 11 12 19 
21 6 39 15 52 42 
28 14 44 23 18 25 
33 46 16 36 9 59 
38 13 2 48 40 34 
