19 52 22 48 29 12 
17 35 40 7 26 55 
44 53 28 46 57 50 
58 3 36 24 2 23 
4 6 5 32 56 47 
8 25 30 21 33 27 
56 44 55 51 29 22 
54 34 4 12 7 38 
17 27 31 20 15 11 
53 21 24 18 14 45 
48 5 35 30 9 49 
59 52 50 57 8 47 
20 56 15 52 12 59 
24 39 18 48 17 22 
34 16 21 51 33 55 
19 25 38 3 2 45 
29 13 42 0 1 28 
5 11 40 26 31 58 
42 55 53 39 33 13 
0 23 5 48 18 49 
32 16 57 7 17 38 
45 24 9 50 1 19 
14 10 12 46 4 8 
37 2 47 15 51 43 
19 22 2 26 49 12 
41 11 46 3 24 10 
38 17 29 40 35 51 
18 13 43 4 57 16 
14 48 9 8 42 47 
28 34 1 32 6 52 
51 49 43 5 3 12 
50 37 39 44 1 30 
6 38 36 16 14 0 
57 9 21 31 26 47 
53 45 56 48 11 59 
58 19 35 13 54 10 
54 16 40 32 11 15 
12 14 6 7 23 20 
55 13 38 24 33 50 
19 18 4 46 29 52 
51 43 10 34 3 45 
53 0 56 37 1 39 
40 25 33 49 22 38 
31 14 43 5 8 29 
52 34 16 7 42 46 
53 0 18 6 11 20 
55 19 45 30 4 39 
32 37 36 44 21 23 
36 16 9 31 19 15 
40 8 7 18 12 3 
46 29 35 5 6 50 
59 22 45 39 54 32 
10 56 38 34 41 44 
14 51 21 33 28 48 
8 9 23 17 28 27 
24 40 16 11 36 48 
31 57 44 56 20 15 
19 49 7 12 32 33 
39 1 54 43 37 13 
46 55 2 21 18 30 
