24 1 29 45 19 28 
15 57 0 39 44 21 
59 12 42 13 31 4 
58 49 22 51 14 7 
54 32 56 16 36 37 
10 48 5 33 46 43 
17 14 13 47 40 43 
7 25 15 27 31 1 
35 53 11 8 12 46 
59 10 45 19 5 52 
34 24 30 18 44 39 
48 0 41 50 2 32 
42 4 52 53 55 6 
33 2 37 50 10 23 
24 36 26 48 0 12 
47 34 16 38 3 44 
5 8 57 7 17 30 
41 32 58 19 51 43 
1 37 54 44 39 8 
50 2 45 0 10 16 
38 19 11 18 3 57 
20 41 42 17 43 46 
51 56 27 31 48 34 
40 25 32 5 55 33 
40 34 49 23 11 38 
58 17 18 39 31 6 
44 1 3 37 2 55 
57 25 43 5 53 7 
28 16 9 32 42 15 
24 46 47 56 0 41 
41 55 22 26 59 21 
34 13 40 11 12 2 
47 45 31 16 18 44 
37 7 56 30 20 54 
50 27 10 32 57 39 
42 17 33 23 1 52 
42 10 46 34 6 20 
12 31 26 17 40 23 
27 41 14 44 5 56 
11 16 37 1 7 45 
28 13 8 0 2 39 
9 32 52 43 38 58 
50 36 38 48 2 35 
6 33 44 45 57 19 
46 37 21 40 49 34 
52 17 15 12 43 55 
20 16 29 47 28 3 
25 9 41 0 24 27 
33 19 6 21 24 40 
44 15 14 39 32 35 
38 41 3 16 10 45 
13 58 18 23 46 11 
50 1 5 51 30 17 
43 22 55 7 37 12 
39 2 1 44 16 22 
12 50 35 29 30 41 
17 37 45 7 26 36 
38 56 11 13 5 14 
55 18 6 20 46 8 
4 54 53 15 21 31 
