9 39 27 19 33 1 
42 6 54 32 4 2 
59 3 25 21 36 43 
55 50 7 26 28 38 
12 34 11 23 57 5 
46 14 24 0 18 56 
35 8 22 4 31 46 
12 45 11 19 28 23 
3 42 51 5 13 27 
37 43 14 18 20 55 
39 24 53 34 9 29 
40 30 48 49 10 58 
47 3 40 57 0 22 
37 12 11 17 27 4 
54 20 50 7 9 21 
15 14 38 32 44 39 
56 5 48 36 31 33 
35 13 41 49 19 30 
52 29 47 41 33 51 
34 26 4 17 59 27 
43 13 44 31 16 15 
21 8 38 42 7 50 
46 6 37 10 1 45 
53 12 22 14 39 32 
49 51 1 57 21 20 
50 3 17 13 12 46 
4 0 7 45 40 33 
22 43 15 16 5 18 
31 6 39 8 25 23 
35 52 26 32 11 59 
32 38 11 54 39 16 
9 4 14 1 6 3 
41 48 7 20 44 42 
55 49 0 40 12 31 
23 2 30 15 34 8 
56 17 33 57 5 43 
43 21 15 16 18 22 
24 50 37 33 7 46 
34 3 52 1 55 41 
4 44 32 48 23 49 
14 6 42 17 39 47 
51 38 8 53 5 12 
30 22 57 58 52 56 
12 14 37 8 18 39 
44 31 3 34 16 17 
38 20 54 7 0 26 
51 28 2 11 40 32 
29 15 50 35 36 33 
13 43 51 48 18 30 
7 38 17 12 24 52 
54 6 37 11 3 19 
41 27 20 16 0 55 
46 32 10 22 1 34 
45 14 39 42 33 59 
34 1 44 2 55 53 
39 46 6 48 5 18 
50 15 24 12 37 28 
7 17 8 10 16 20 
29 49 43 52 13 4 
58 56 51 32 14 59 
