11 37 56 32 51 20 
12 58 28 44 21 19 
15 42 38 0 26 10 
41 50 34 3 23 54 
57 4 17 9 18 31 
40 8 59 46 43 35 
47 16 49 42 30 55 
41 17 7 6 32 11 
21 34 52 2 27 0 
45 39 24 43 15 26 
14 29 50 37 51 9 
23 3 25 58 46 59 
57 52 44 11 36 32 
37 27 13 31 29 15 
59 5 12 20 2 26 
43 28 39 10 40 19 
46 33 4 16 18 6 
50 17 8 38 3 47 
10 15 55 40 18 45 
44 26 0 39 9 57 
16 12 7 38 13 27 
47 1 43 8 48 21 
33 42 3 11 4 19 
5 59 30 53 46 51 
28 44 3 53 12 57 
6 30 9 33 31 40 
50 27 26 25 0 32 
10 54 18 45 23 2 
49 39 47 4 51 13 
37 11 22 8 41 34 
7 44 5 6 35 37 
2 0 25 55 12 38 
58 42 16 46 47 34 
15 45 17 36 14 40 
9 50 19 39 24 48 
57 26 53 27 51 20 
21 49 55 20 33 57 
13 11 32 15 43 41 
58 38 2 10 24 45 
46 44 22 18 9 40 
0 23 52 26 39 17 
7 25 3 28 34 51 
32 52 43 35 23 20 
42 15 19 48 3 11 
22 44 1 45 49 17 
50 21 13 2 7 59 
54 10 12 16 5 38 
58 9 40 36 37 34 
21 8 7 40 2 12 
57 34 15 37 33 24 
23 22 10 48 17 45 
4 5 56 13 46 18 
44 52 50 11 51 43 
32 36 28 53 39 41 
34 52 10 41 3 26 
9 48 39 36 51 0 
37 28 22 5 57 30 
35 13 11 50 31 38 
7 8 45 20 44 29 
56 40 23 54 46 32 
