38 2 25 44 3 7 
49 39 54 48 46 59 
20 41 12 24 42 27 
14 1 9 50 13 16 
35 17 56 4 40 51 
33 29 0 53 45 15 
40 29 31 36 30 58 
4 44 7 6 2 25 
54 33 37 13 17 24 
0 14 49 9 10 22 
19 5 32 52 23 1 
55 41 45 34 8 28 
45 21 52 49 7 56 
9 38 43 28 16 18 
57 11 44 40 39 50 
41 10 51 13 36 48 
46 34 15 26 6 55 
19 47 17 31 37 59 
56 28 49 59 24 27 
13 20 11 31 7 51 
39 38 2 32 41 47 
50 26 44 12 3 45 
18 6 37 16 9 43 
55 36 14 48 1 57 
47 1 6 17 23 12 
57 7 38 4 32 35 
11 20 19 16 21 33 
39 30 18 49 40 31 
36 45 22 42 44 37 
34 5 41 51 55 50 
29 11 32 35 0 49 
50 6 48 15 14 18 
37 45 17 30 12 39 
46 56 13 10 42 55 
16 38 44 1 21 20 
57 28 23 40 9 54 
15 22 40 38 9 18 
51 10 20 19 42 28 
39 56 45 11 31 48 
2 1 32 3 23 35 
57 37 7 14 49 0 
54 17 52 43 33 21 
42 13 46 7 9 50 
38 16 23 17 5 34 
45 19 14 43 21 2 
36 3 31 22 1 44 
52 6 12 4 56 33 
57 26 8 48 11 18 
59 9 44 46 29 15 
37 39 16 51 22 14 
50 18 17 38 45 13 
12 55 7 49 21 41 
43 11 31 25 19 0 
24 35 53 57 2 33 
37 8 49 15 48 57 
18 44 38 14 50 41 
12 1 40 19 7 46 
6 54 33 31 42 39 
5 32 0 22 20 16 
56 21 52 25 13 59 
