26 57 48 16 0 37 
5 31 38 7 44 40 
13 23 14 54 1 17 
58 3 46 30 19 27 
50 45 12 6 52 42 
18 4 2 34 49 56 
59 44 1 40 51 56 
43 11 21 7 18 29 
41 50 22 10 13 20 
27 46 37 0 35 30 
12 2 9 15 52 42 
36 5 54 39 48 57 
36 30 38 52 37 25 
15 41 17 11 51 26 
10 7 27 34 2 23 
5 9 16 57 1 32 
13 21 0 6 8 55 
54 53 28 42 29 35 
52 32 45 43 16 57 
29 17 38 33 3 58 
11 10 18 49 51 4 
37 12 6 44 0 47 
19 9 34 50 30 15 
20 2 13 26 35 41 
50 38 56 39 57 55 
12 22 7 37 6 40 
42 10 34 48 36 51 
58 11 28 5 0 16 
49 8 17 9 43 23 
44 33 18 13 24 26 
21 28 40 50 16 49 
8 7 9 37 22 45 
14 19 13 18 10 39 
47 23 1 24 32 34 
2 6 52 12 35 44 
42 38 20 17 33 30 
55 59 2 58 28 49 
33 16 32 52 42 5 
36 13 6 10 56 21 
19 14 44 43 15 37 
0 31 3 17 12 4 
25 39 38 30 53 40 
7 6 54 21 0 14 
20 50 12 17 29 43 
38 18 33 44 5 2 
42 15 55 16 10 51 
27 39 9 4 26 19 
46 40 49 45 8 48 
44 7 49 36 51 46 
43 47 4 2 20 38 
50 6 17 33 12 42 
39 11 16 37 15 27 
32 45 19 35 31 10 
40 5 14 1 3 57 
23 9 50 49 41 25 
43 42 2 11 39 24 
44 33 37 45 1 48 
12 18 51 17 54 26 
3 15 52 7 31 16 
21 8 47 5 10 35 
