22 52 41 17 47 26 
20 44 5 34 42 27 
9 12 18 23 11 25 
58 38 37 7 6 51 
33 55 16 28 10 57 
2 1 19 43 32 56 
33 19 32 52 30 59 
5 26 10 47 15 41 
45 25 40 43 2 57 
51 21 20 34 12 35 
27 44 23 6 14 24 
56 9 16 29 39 28 
27 9 31 39 57 34 
25 29 7 10 2 43 
37 1 45 6 19 49 
50 44 17 56 16 18 
22 21 4 35 12 20 
52 51 41 33 48 46 
16 28 14 49 31 33 
7 8 30 2 25 1 
9 24 12 42 40 44 
10 11 37 17 29 45 
53 32 58 15 41 54 
55 4 56 38 6 39 
55 3 46 36 0 48 
53 56 1 10 47 12 
25 16 15 30 4 51 
13 45 32 22 31 21 
26 2 42 37 8 27 
29 18 43 41 14 33 
48 43 10 30 31 29 
15 46 19 38 18 54 
42 6 24 1 51 45 
21 53 27 32 0 57 
41 52 49 35 17 7 
23 2 14 12 34 44 
54 42 41 51 52 55 
50 47 5 43 34 20 
37 13 26 12 48 19 
22 35 25 14 57 16 
58 11 39 45 1 15 
38 27 32 31 49 30 
53 21 51 12 16 19 
7 11 22 43 5 39 
10 56 6 37 14 52 
47 13 38 1 0 2 
46 30 18 29 42 27 
41 4 20 3 33 8 
31 55 32 11 6 50 
23 22 12 0 25 15 
45 26 13 2 21 8 
48 1 41 16 14 49 
42 39 47 28 7 54 
36 46 51 18 44 52 
14 38 58 31 50 34 
33 21 12 17 51 45 
47 20 3 16 2 22 
41 46 18 57 6 4 
49 36 27 42 37 40 
13 44 25 32 11 39 
