0 39 27 24 30 2 
25 31 58 32 42 43 
21 47 36 33 34 1 
28 49 38 35 48 53 
40 18 19 26 52 5 
4 37 14 59 56 44 
59 39 55 43 45 48 
13 19 38 21 24 6 
53 18 22 31 5 28 
52 50 56 8 2 23 
20 44 3 17 4 37 
12 26 40 27 14 35 
26 12 32 40 24 44 
27 20 2 6 19 1 
38 11 59 8 39 37 
29 22 33 50 5 16 
15 0 31 43 9 49 
56 35 13 48 18 58 
49 23 8 17 38 6 
46 40 13 14 1 50 
54 31 11 43 39 12 
15 45 36 37 10 44 
57 18 16 33 52 7 
53 34 9 58 27 56 
21 50 43 27 13 30 
33 4 39 11 45 17 
49 3 18 44 38 31 
12 34 28 7 10 48 
15 9 8 35 58 53 
22 6 46 51 29 59 
29 58 0 54 51 42 
28 30 17 34 39 32 
31 6 7 44 14 36 
47 21 33 20 12 41 
2 13 1 43 16 37 
18 49 45 55 15 38 
20 15 41 33 8 32 
42 19 37 3 22 49 
2 23 12 38 46 7 
13 35 51 1 11 34 
45 18 21 6 24 56 
58 53 52 48 40 9 
30 54 41 20 6 52 
44 4 16 47 26 56 
36 17 43 3 50 5 
34 12 38 7 13 35 
31 40 11 18 37 10 
49 29 22 45 23 51 
53 33 31 28 39 18 
24 21 37 52 6 29 
58 7 12 43 11 27 
20 38 5 50 16 8 
34 44 17 45 3 0 
51 55 4 41 30 10 
51 20 8 59 17 24 
10 1 15 39 21 38 
44 56 13 19 46 35 
37 3 11 45 0 53 
36 22 34 26 16 27 
57 33 28 18 32 43 
