40 32 36 56 48 22 
41 57 21 37 4 27 
31 13 5 16 29 18 
59 11 24 47 33 58 
0 25 50 3 52 30 
12 34 1 7 44 23 
8 20 31 53 40 22 
9 6 24 46 10 36 
16 48 18 49 7 17 
45 43 21 23 50 27 
19 13 5 26 4 28 
15 3 34 39 38 58 
29 31 46 48 7 40 
34 33 8 2 42 30 
56 19 12 38 43 39 
10 11 44 50 9 17 
16 6 26 28 18 49 
0 52 5 55 20 32 
41 30 54 32 33 38 
6 1 24 11 40 49 
43 44 45 23 7 5 
55 8 48 12 13 37 
18 17 16 39 46 3 
22 20 29 31 26 51 
50 33 32 40 29 53 
23 38 39 12 42 46 
49 13 11 45 10 15 
22 35 2 6 18 26 
52 7 16 17 3 58 
51 41 48 28 21 56 
49 41 18 23 11 47 
8 6 14 45 40 35 
43 44 50 13 17 58 
30 39 0 48 19 42 
59 4 12 26 21 7 
22 38 33 29 15 54 
28 31 24 32 52 36 
50 2 4 54 33 40 
34 3 42 16 6 12 
22 8 27 18 46 55 
47 57 21 10 9 1 
5 26 43 49 20 45 
20 7 26 53 2 11 
45 3 4 28 27 34 
48 13 41 36 5 40 
59 31 33 55 6 56 
9 12 8 42 38 17 
43 39 32 29 49 47 
29 43 19 40 35 53 
7 11 4 9 52 14 
49 15 44 12 33 5 
16 45 13 38 3 32 
27 37 39 23 8 21 
59 17 31 10 56 42 
44 47 6 55 58 28 
10 43 49 35 34 48 
46 11 16 50 42 36 
9 17 15 12 33 18 
31 8 20 51 2 40 
26 45 37 22 38 52 
