26 19 56 51 11 5 
21 52 23 55 37 8 
35 1 2 4 41 27 
13 58 33 10 9 14 
36 39 40 12 44 16 
34 46 20 17 47 15 
43 29 50 27 34 36 
8 23 41 17 20 57 
49 33 7 39 28 10 
26 14 1 38 19 44 
42 52 31 13 22 48 
56 53 58 37 45 46 
28 25 11 37 39 55 
33 18 3 0 15 12 
30 32 51 40 17 23 
34 45 14 38 43 46 
19 9 21 8 1 22 
57 27 13 54 49 50 
26 12 58 50 19 54 
10 37 51 7 36 38 
44 5 17 23 3 16 
41 43 2 18 11 45 
49 0 33 8 13 4 
22 35 52 24 46 48 
28 51 12 46 16 59 
45 33 3 9 54 34 
6 15 39 23 2 48 
31 11 21 25 7 5 
35 44 10 40 38 24 
32 37 50 56 41 17 
23 20 54 41 9 2 
49 13 38 51 12 11 
10 55 6 5 16 58 
56 18 25 42 45 40 
17 50 31 21 7 32 
30 3 35 22 19 57 
45 40 8 12 10 51 
44 5 43 38 41 37 
22 52 16 25 55 11 
23 36 6 49 9 0 
32 18 20 31 13 59 
56 50 17 30 3 46 
56 27 53 30 1 49 
40 7 51 21 45 13 
11 10 12 15 39 31 
6 48 32 43 17 44 
19 0 37 2 38 20 
23 36 25 24 8 42 
43 8 50 42 13 40 
37 52 46 4 30 10 
33 9 38 44 21 24 
39 15 11 17 34 27 
16 1 49 0 28 48 
41 31 6 51 7 45 
59 52 37 27 39 18 
50 7 57 12 16 5 
28 55 44 8 11 38 
10 6 31 19 17 48 
45 9 43 42 32 40 
47 46 4 34 22 36 
