14 21 11 3 48 1 
34 2 43 18 27 46 
6 17 15 10 44 38 
0 45 56 7 53 37 
31 54 8 36 12 59 
22 16 55 57 47 39 
58 51 11 2 33 37 
32 35 47 8 27 28 
29 20 7 59 19 56 
18 12 40 0 44 41 
36 15 6 38 13 43 
48 34 54 4 46 31 
31 8 12 16 30 51 
20 3 42 13 0 19 
49 38 29 40 11 9 
56 6 37 18 2 53 
15 23 7 57 5 43 
34 46 1 26 10 44 
45 51 53 37 10 26 
32 3 47 1 46 48 
14 31 19 49 13 41 
42 15 17 43 12 38 
34 0 56 7 11 18 
54 44 59 52 22 58 
34 48 38 14 57 50 
26 17 24 6 16 23 
37 13 9 3 32 12 
43 22 40 7 45 58 
18 28 2 25 11 36 
49 47 35 33 4 55 
16 18 40 53 44 59 
11 12 4 48 20 7 
22 23 41 37 39 33 
31 58 17 42 36 50 
25 45 49 32 54 8 
46 5 38 34 0 52 
55 42 59 47 4 40 
18 29 5 44 39 25 
54 8 38 50 17 23 
53 11 7 32 52 34 
10 43 56 46 1 57 
6 36 37 24 13 49 
54 1 7 34 14 33 
40 10 16 43 21 55 
44 8 38 51 32 11 
20 17 56 46 12 13 
31 15 41 36 45 39 
42 47 52 35 57 30 
21 26 5 51 31 50 
13 45 44 23 14 20 
38 11 46 49 19 34 
43 16 12 30 10 57 
18 7 0 36 56 4 
55 17 29 42 9 27 
51 15 24 52 26 29 
37 32 21 5 2 44 
38 0 43 17 45 18 
49 30 12 20 6 53 
50 41 13 19 8 33 
16 39 7 27 23 4 
