26 44 57 23 54 53 
16 31 48 3 6 12 
52 22 11 25 28 43 
19 15 21 39 59 58 
46 2 9 7 29 45 
36 5 35 24 55 37 
33 49 56 53 9 6 
2 44 24 10 14 39 
50 47 43 22 32 34 
38 37 1 51 7 8 
16 15 4 19 46 42 
57 48 12 36 17 55 
44 28 20 25 53 56 
55 21 46 0 40 42 
33 19 8 18 45 30 
58 36 27 11 7 43 
32 48 31 22 9 52 
39 10 51 3 4 50 
59 48 37 6 42 49 
7 34 39 18 27 26 
51 13 19 44 17 9 
5 23 58 11 40 30 
52 14 38 45 22 16 
3 46 53 4 12 28 
32 9 56 16 2 20 
23 33 43 30 46 6 
37 1 10 21 12 24 
45 22 48 52 11 13 
54 4 15 0 28 17 
25 26 34 18 42 57 
40 10 41 17 30 20 
55 12 4 14 5 2 
57 42 52 43 18 36 
31 7 46 15 9 44 
32 38 16 22 37 29 
35 23 33 56 45 49 
59 16 49 39 22 48 
9 35 4 36 1 53 
17 32 0 45 18 55 
23 30 21 44 3 42 
20 51 28 6 2 11 
25 8 13 7 37 57 
59 18 6 27 49 51 
48 39 15 4 25 58 
45 42 8 23 16 13 
52 11 1 33 53 9 
36 34 38 12 7 56 
30 40 31 46 37 44 
41 7 35 37 17 54 
9 38 43 4 51 28 
16 14 5 53 42 27 
45 13 36 18 3 12 
10 49 15 31 30 0 
24 29 48 11 1 50 
9 0 13 5 39 28 
46 11 38 26 2 50 
49 24 51 54 16 56 
32 48 44 57 22 55 
47 14 34 1 29 17 
23 30 7 40 15 58 
