36 24 38 7 3 10 
59 12 8 22 21 1 
39 5 30 55 48 37 
14 52 46 58 33 23 
28 25 40 9 43 49 
34 0 4 44 35 6 
57 47 39 13 42 59 
10 18 6 27 24 58 
31 17 22 33 7 53 
36 46 5 12 20 45 
48 9 11 50 2 38 
40 14 56 37 51 52 
51 17 30 54 14 15 
21 7 13 23 45 47 
53 3 36 5 35 8 
11 38 39 12 37 20 
49 29 1 34 10 48 
58 33 42 40 4 18 
0 46 11 53 54 40 
34 7 1 38 17 10 
52 15 16 5 37 33 
59 8 6 25 36 18 
41 13 49 31 39 20 
28 48 30 32 42 12 
54 1 18 10 8 57 
27 44 19 45 41 40 
39 20 49 9 30 7 
43 34 16 12 0 2 
46 4 52 38 13 33 
11 47 35 28 31 51 
44 39 9 55 26 43 
36 47 32 17 54 12 
52 6 40 10 16 15 
49 33 13 51 8 34 
45 0 4 42 7 11 
30 23 18 29 50 57 
4 3 16 42 49 34 
21 31 10 11 43 9 
20 32 57 12 8 47 
44 33 15 37 29 51 
45 22 7 28 18 23 
58 50 2 38 1 59 
36 14 39 59 40 35 
30 51 31 43 13 22 
55 16 6 34 33 3 
18 45 42 7 17 28 
8 38 0 44 27 46 
58 32 2 26 49 15 
14 51 49 56 22 30 
12 31 40 3 38 33 
53 13 46 43 16 2 
18 0 44 6 23 47 
10 48 45 9 7 42 
11 4 50 34 36 21 
26 32 21 49 4 42 
18 39 13 48 57 6 
15 1 45 36 46 33 
43 31 38 51 11 2 
12 52 19 35 29 23 
54 20 55 44 0 16 
