43 47 28 25 34 46 
18 35 38 16 53 17 
10 24 12 37 27 7 
44 0 42 3 15 9 
48 13 30 52 20 56 
21 29 31 45 59 22 
51 45 44 40 34 27 
16 30 31 17 29 46 
39 0 2 33 23 26 
1 8 12 58 22 48 
49 36 9 50 7 47 
57 53 20 13 56 55 
48 18 44 21 2 24 
31 26 50 5 16 54 
19 7 45 12 10 28 
39 17 1 33 51 58 
30 0 40 20 32 8 
56 38 15 23 22 52 
55 23 32 50 52 36 
31 22 7 30 38 12 
43 8 11 44 2 21 
49 0 46 18 37 42 
17 33 34 3 16 51 
58 39 35 20 9 13 
40 1 55 10 48 14 
3 18 34 44 17 0 
28 51 45 46 30 54 
58 43 15 7 37 20 
13 39 16 5 32 33 
53 19 38 41 50 52 
57 39 46 6 31 18 
45 34 8 33 43 28 
38 1 49 53 21 44 
58 20 13 40 52 50 
51 11 2 15 5 9 
48 17 55 12 37 56 
57 28 31 58 19 53 
13 29 39 18 7 8 
22 38 43 32 10 55 
47 0 4 50 27 20 
44 49 41 12 15 35 
21 6 40 1 56 46 
52 30 35 37 50 34 
41 38 39 48 10 21 
36 17 53 8 42 6 
7 0 51 32 5 59 
57 28 2 1 22 15 
58 24 40 20 33 26 
58 55 30 8 39 56 
15 37 11 47 29 54 
40 44 49 43 16 32 
45 17 18 51 38 19 
48 42 2 9 24 25 
52 41 28 21 13 26 
29 16 31 19 57 45 
5 50 42 51 15 11 
39 18 32 13 1 47 
6 43 10 30 44 12 
41 37 17 20 25 23 
52 22 28 48 27 56 
