2 46 22 36 44 1 
41 54 21 11 27 25 
0 10 29 48 9 57 
37 4 3 32 40 26 
31 24 16 47 35 19 
23 13 50 6 52 30 
58 6 18 20 31 51 
28 9 11 16 29 44 
35 3 7 12 19 53 
42 14 8 34 4 25 
50 39 59 30 46 33 
10 36 52 41 43 47 
29 28 24 19 2 36 
25 53 42 10 31 15 
56 1 12 4 14 11 
32 43 50 18 34 16 
13 45 40 38 21 7 
55 9 30 22 17 46 
53 18 44 16 37 20 
4 35 1 17 47 24 
22 39 19 43 10 0 
31 11 52 12 33 3 
32 27 28 21 2 45 
59 40 38 57 42 49 
5 41 49 45 12 37 
26 3 31 43 13 57 
29 17 6 30 24 44 
47 50 0 25 15 14 
53 11 40 8 7 10 
51 33 9 48 1 55 
20 41 48 8 36 9 
14 17 1 38 54 49 
35 6 16 13 40 5 
21 19 7 24 12 10 
58 53 22 39 51 4 
30 34 31 37 42 43 
57 32 23 53 37 29 
11 1 2 20 13 18 
3 40 5 54 21 48 
35 33 17 7 12 51 
46 38 43 10 0 56 
47 26 44 39 24 34 
16 20 42 3 51 31 
30 50 12 44 40 48 
41 39 36 1 19 24 
32 13 8 38 14 54 
49 57 58 46 35 52 
15 25 22 26 5 17 
51 56 15 34 52 24 
21 12 39 40 18 55 
16 8 37 36 23 10 
22 38 45 48 17 19 
41 6 7 50 42 4 
49 46 43 27 54 44 
11 46 15 22 2 29 
33 3 36 51 9 31 
5 44 13 7 26 20 
52 27 45 38 6 16 
43 37 17 58 18 12 
35 23 41 14 32 55 
