48 18 14 37 35 46 
58 15 21 39 40 42 
3 45 19 49 27 20 
4 25 47 44 54 2 
7 50 55 57 29 23 
10 28 52 31 33 43 
49 5 55 15 8 19 
45 27 9 41 18 38 
40 13 57 10 29 56 
25 7 4 33 52 17 
16 14 3 28 51 26 
2 36 37 59 50 44 
34 33 10 20 29 40 
11 5 16 7 53 14 
49 43 2 9 37 59 
4 39 1 15 45 42 
46 36 22 19 18 48 
57 52 55 13 50 41 
54 52 42 22 44 43 
6 38 21 7 50 12 
40 17 37 8 5 28 
55 27 2 46 56 39 
48 15 13 1 23 36 
47 19 34 18 45 25 
16 43 18 12 7 39 
40 5 32 9 51 3 
56 25 31 37 21 4 
58 15 35 38 46 49 
27 28 22 29 30 54 
52 8 45 42 17 53 
50 0 47 12 43 11 
35 26 6 1 34 52 
5 56 37 32 45 44 
59 31 27 8 10 33 
15 21 13 25 49 46 
57 18 39 36 24 54 
26 35 32 23 15 30 
36 12 17 43 8 13 
55 18 50 37 19 56 
45 51 49 6 38 41 
25 44 31 42 16 0 
29 33 22 48 34 11 
25 42 40 16 36 56 
35 18 46 2 5 47 
55 8 13 39 1 54 
50 31 44 12 32 4 
43 6 48 58 21 15 
17 53 10 45 0 59 
52 48 28 44 22 32 
11 8 45 13 38 24 
27 20 5 50 7 10 
17 31 15 6 46 16 
51 56 29 43 25 37 
21 2 59 57 39 40 
40 11 16 47 41 58 
13 39 12 18 46 8 
43 14 37 38 55 33 
17 50 5 7 45 49 
44 27 15 10 32 48 
30 36 57 28 31 53 
