35 21 23 52 31 9 
53 45 47 33 2 42 
36 50 25 57 12 4 
8 3 40 34 11 22 
30 20 41 13 0 16 
32 1 26 38 15 56 
53 43 20 46 57 39 
14 15 13 31 17 54 
5 11 16 37 21 8 
50 24 38 55 0 1 
9 28 4 18 32 22 
7 42 49 10 3 34 
33 19 58 20 38 56 
2 0 36 30 24 15 
5 39 44 12 18 51 
6 16 17 57 1 48 
23 49 42 52 8 45 
9 13 21 32 46 43 
25 44 36 22 57 59 
15 3 47 23 40 37 
0 38 45 48 11 53 
7 39 12 43 13 46 
34 16 51 18 42 24 
49 27 35 19 31 41 
52 28 44 11 33 57 
32 6 12 46 15 0 
47 7 43 17 16 42 
38 51 53 10 19 18 
30 14 23 50 35 45 
37 13 49 22 5 26 
39 7 40 42 24 33 
50 6 48 21 15 14 
44 23 11 47 45 8 
34 57 46 12 3 32 
36 10 30 43 9 41 
31 37 1 53 19 4 
57 49 58 20 1 44 
13 15 5 30 24 33 
10 45 31 0 17 19 
51 2 39 37 7 34 
22 43 32 38 9 16 
59 25 56 26 11 41 
18 13 24 31 0 38 
47 6 17 50 10 12 
37 22 5 19 16 14 
40 39 45 32 1 51 
59 54 8 4 46 7 
53 20 44 30 55 57 
56 20 29 14 40 19 
7 5 21 50 2 33 
41 13 31 11 49 28 
12 34 37 30 44 25 
46 9 17 8 18 42 
54 53 48 38 36 57 
24 4 38 9 0 29 
55 8 18 6 10 37 
40 7 48 20 44 39 
31 11 17 42 49 46 
21 13 41 14 22 15 
50 25 16 32 12 43 
