36 58 9 49 5 27 
46 6 42 34 53 7 
18 13 35 43 11 23 
14 4 39 59 17 31 
21 25 48 20 12 33 
15 1 16 30 2 26 
57 12 50 22 30 44 
6 1 8 45 5 46 
48 27 25 43 20 42 
56 17 13 37 23 3 
21 39 51 14 9 2 
26 11 15 16 58 49 
26 24 45 36 17 28 
6 7 10 30 22 51 
52 19 33 23 15 4 
49 25 20 41 35 16 
9 55 2 21 34 29 
56 37 47 11 46 12 
53 51 36 48 38 40 
23 5 47 8 54 49 
42 2 17 33 20 46 
22 31 44 39 11 28 
6 0 4 7 58 21 
13 9 43 32 14 30 
54 57 45 13 22 51 
41 46 9 19 0 32 
17 52 44 8 14 30 
5 40 7 15 43 39 
50 6 18 33 10 21 
37 42 16 4 49 24 
28 23 42 35 51 29 
14 44 26 5 17 18 
37 13 22 33 16 34 
58 3 10 43 12 40 
46 47 38 36 24 9 
32 39 53 7 57 50 
34 2 46 45 20 48 
8 40 16 6 55 15 
37 10 38 0 7 54 
41 28 52 14 18 32 
21 9 5 42 30 57 
49 17 11 36 39 43 
11 45 59 24 25 49 
37 1 13 38 34 15 
44 12 16 52 7 31 
22 57 43 36 51 35 
50 23 6 42 21 47 
14 46 28 5 30 3 
14 34 5 46 36 11 
12 35 45 18 49 22 
50 4 15 6 52 44 
53 43 31 42 30 40 
2 47 33 16 10 20 
54 39 19 3 9 13 
41 7 47 44 6 15 
23 5 45 18 9 59 
3 43 11 17 32 2 
37 13 39 12 8 38 
52 36 16 21 26 22 
50 56 34 46 31 54 
