28 52 25 22 3 16 
18 33 26 53 48 56 
12 6 39 1 20 40 
21 10 38 44 32 47 
50 46 45 42 41 54 
0 58 29 14 57 35 
52 42 10 48 43 27 
24 7 14 17 13 23 
55 12 45 16 39 44 
5 29 49 26 30 21 
37 15 6 32 2 51 
38 35 33 50 34 56 
11 4 27 56 21 52 
10 46 44 3 1 38 
17 15 7 50 48 49 
32 40 14 37 0 23 
29 26 22 20 34 24 
36 18 55 8 45 47 
47 36 23 28 42 56 
18 16 51 17 19 4 
58 32 11 7 5 43 
21 55 1 38 10 14 
41 2 24 0 30 46 
52 31 59 50 33 13 
59 42 55 14 10 44 
23 25 35 5 6 19 
37 38 47 40 58 15 
28 4 31 21 13 34 
53 16 32 11 12 48 
51 26 22 17 3 27 
40 36 0 42 15 52 
33 5 44 21 2 20 
16 49 3 10 14 56 
50 1 17 32 23 31 
48 30 4 51 11 25 
38 53 13 8 39 59 
34 10 56 0 41 30 
16 43 33 45 5 52 
11 36 12 40 32 22 
18 20 42 51 8 59 
3 13 38 4 14 31 
15 1 23 49 24 44 
46 15 48 57 22 58 
1 43 26 8 2 18 
42 9 45 17 7 38 
16 11 13 37 12 39 
33 21 4 14 35 28 
41 0 53 5 44 50 
2 17 3 34 31 36 
15 46 24 18 40 14 
39 11 52 44 48 37 
38 49 12 22 32 51 
10 50 57 20 9 5 
47 1 42 45 16 35 
44 49 2 59 6 54 
28 34 38 41 42 16 
40 12 23 39 7 31 
33 43 11 45 17 13 
37 46 52 3 30 4 
1 15 8 18 24 55 
