49 25 37 28 21 31 
10 53 46 8 51 18 
5 24 47 48 0 44 
20 13 58 3 6 11 
9 50 57 42 17 27 
34 56 59 55 22 32 
41 31 32 28 57 58 
23 10 14 18 11 5 
3 38 12 51 0 17 
53 6 55 22 43 8 
52 2 1 45 26 27 
20 44 50 21 4 42 
19 8 6 45 31 18 
21 16 15 1 30 44 
33 51 12 52 36 42 
13 11 43 5 38 32 
25 2 10 24 14 41 
39 35 22 50 46 58 
8 40 59 22 30 58 
45 23 16 1 31 46 
50 42 13 37 51 19 
54 11 33 52 49 18 
25 34 38 17 5 26 
53 35 48 3 15 43 
52 10 22 41 28 59 
57 27 45 7 23 49 
33 43 13 38 35 50 
17 30 39 11 37 18 
6 51 12 16 36 42 
55 8 20 19 32 46 
55 59 18 40 11 53 
50 7 37 32 43 10 
17 4 48 12 13 2 
39 9 58 36 51 6 
49 16 44 19 0 33 
41 42 47 52 46 38 
59 10 54 17 16 58 
37 52 18 29 26 9 
15 8 48 45 5 38 
0 49 43 55 6 32 
56 13 39 21 42 36 
3 23 33 1 57 51 
34 4 28 23 15 51 
3 39 17 45 12 49 
8 13 10 11 55 37 
18 36 38 5 21 44 
16 40 7 27 43 48 
30 57 14 19 42 35 
42 39 2 48 38 58 
57 31 51 17 25 11 
12 33 15 50 6 28 
16 22 32 44 1 29 
23 8 7 13 47 18 
34 5 53 19 24 45 
58 38 14 47 21 25 
36 4 51 17 37 8 
45 42 7 3 32 50 
29 15 12 13 16 9 
23 39 10 11 5 52 
54 49 57 20 46 34 
