28 8 31 49 21 18 
25 0 37 58 10 32 
6 41 26 30 53 27 
36 59 35 56 57 5 
13 52 34 45 42 22 
17 39 55 33 1 29 
28 8 53 56 50 57 
17 24 46 13 58 37 
33 27 3 11 7 39 
1 29 22 16 36 51 
21 30 42 4 38 25 
59 6 43 35 19 23 
10 26 38 46 6 32 
13 16 11 1 0 49 
17 27 12 2 41 24 
30 42 37 3 5 48 
14 19 47 39 31 18 
51 56 45 44 43 40 
56 46 42 24 36 59 
0 17 20 45 7 47 
38 16 12 22 8 44 
11 48 33 18 39 13 
30 15 21 51 1 55 
29 32 41 6 43 57 
23 13 53 38 30 11 
24 39 19 29 12 10 
46 5 40 9 27 31 
14 37 8 1 6 52 
18 47 7 45 44 42 
59 43 16 17 22 50 
43 5 33 52 1 59 
34 51 10 36 17 45 
57 2 16 39 32 23 
44 40 12 22 11 13 
14 8 48 3 31 37 
21 46 28 54 7 56 
57 43 34 59 7 58 
44 1 33 13 51 16 
45 12 50 32 10 54 
9 26 23 27 5 48 
41 17 39 8 11 0 
15 31 22 19 18 40 
39 21 33 16 22 55 
49 44 17 13 14 46 
20 0 12 18 32 41 
7 30 45 8 40 51 
29 1 37 38 5 50 
52 9 36 56 43 26 
29 21 16 22 52 41 
46 12 9 34 57 23 
15 32 51 55 4 53 
37 25 49 7 11 24 
8 43 38 44 35 17 
40 45 54 30 19 26 
59 17 42 20 24 40 
6 44 8 53 0 45 
50 32 57 48 7 38 
21 11 31 33 14 18 
15 2 16 39 13 56 
4 51 30 12 23 37 
