19 36 29 1 14 52 
13 5 7 46 31 17 
45 6 28 40 27 32 
59 53 57 22 16 55 
24 8 43 21 34 50 
15 51 35 18 2 47 
49 12 45 28 54 47 
40 7 52 4 2 23 
6 51 24 32 25 50 
17 38 15 21 3 33 
30 10 22 11 5 35 
48 19 57 13 59 55 
5 40 30 8 48 38 
23 12 45 1 10 28 
57 18 37 2 4 54 
41 22 32 49 55 19 
0 20 6 17 7 21 
44 16 13 46 24 53 
33 29 57 44 47 17 
2 7 9 10 24 37 
20 8 5 58 16 23 
41 43 42 11 12 36 
1 52 45 18 25 39 
32 51 46 22 21 15 
49 36 52 56 58 32 
45 33 0 8 4 16 
9 7 31 15 42 10 
28 11 44 34 5 17 
12 21 22 35 50 25 
6 48 26 55 2 38 
51 24 48 8 30 3 
55 0 20 37 38 7 
15 1 44 49 35 5 
53 50 39 10 12 33 
11 16 23 47 54 17 
45 25 41 36 14 2 
24 37 2 57 7 6 
34 18 52 46 15 41 
19 9 49 45 50 43 
38 11 35 8 22 55 
32 3 13 44 5 17 
53 12 23 1 48 0 
45 7 16 28 25 59 
12 48 36 56 39 19 
52 10 46 42 6 50 
33 3 21 11 13 43 
0 40 32 55 17 9 
51 54 31 5 49 20 
50 57 14 39 33 55 
31 6 45 35 1 49 
23 22 12 17 44 43 
59 8 13 18 7 40 
30 42 32 19 11 46 
38 25 56 21 9 51 
46 42 56 44 10 58 
18 11 37 6 26 39 
24 40 8 16 5 45 
36 12 43 52 15 47 
17 25 33 3 49 59 
48 57 1 38 13 31 
