11 6 37 13 35 29 
32 31 14 21 28 54 
51 2 23 22 1 44 
15 41 30 49 4 52 
53 45 26 39 58 48 
34 38 55 57 56 33 
54 2 40 55 43 53 
27 6 14 19 5 58 
21 29 8 34 1 32 
44 22 52 9 20 23 
45 33 25 10 42 47 
59 49 37 56 38 51 
51 17 31 4 5 59 
32 23 19 11 42 21 
50 45 12 52 43 47 
41 16 34 0 36 20 
30 3 38 22 1 46 
35 2 9 57 18 15 
59 18 37 51 7 1 
11 12 32 29 17 0 
44 49 16 21 30 4 
55 15 13 23 19 53 
45 2 25 39 50 6 
43 20 34 52 58 57 
33 34 46 50 24 31 
43 13 2 18 11 16 
6 7 39 15 14 58 
23 4 12 44 3 41 
38 30 52 5 10 0 
45 47 21 8 53 48 
53 49 9 44 35 25 
52 43 40 41 17 13 
3 31 45 15 0 54 
6 50 42 36 7 14 
39 5 18 30 51 24 
58 38 22 10 2 46 
59 17 40 43 19 41 
31 46 13 35 32 14 
24 11 37 10 20 12 
25 8 33 47 4 2 
34 3 50 18 57 38 
16 54 39 45 23 58 
26 50 16 20 30 38 
46 45 49 17 4 41 
57 59 44 39 1 37 
11 56 51 3 52 10 
54 13 27 12 23 22 
58 28 36 25 24 48 
57 18 38 23 58 47 
5 16 42 0 53 34 
25 51 37 8 1 31 
44 12 32 43 6 20 
13 50 7 17 49 11 
56 29 22 30 39 54 
43 16 34 14 39 48 
26 46 5 7 20 40 
23 8 31 59 6 1 
36 50 44 30 11 56 
19 49 33 32 17 12 
52 3 41 24 35 38 
