21 51 29 38 50 37 
54 46 40 20 53 55 
31 6 48 18 1 43 
14 17 25 35 9 32 
47 36 8 23 7 49 
42 39 34 4 24 0 
23 25 58 28 16 59 
42 18 45 35 34 20 
12 21 53 7 49 1 
43 29 22 46 14 13 
15 17 26 40 24 11 
32 47 38 51 31 44 
2 4 16 22 1 40 
58 29 11 19 3 52 
6 23 44 41 47 24 
18 13 35 36 54 55 
9 10 50 39 8 7 
48 30 15 27 49 56 
44 8 10 43 19 55 
6 45 18 23 38 17 
56 4 7 41 12 48 
13 54 26 15 25 3 
34 2 0 42 1 51 
32 11 57 40 46 16 
39 10 17 14 46 56 
7 9 34 41 43 32 
40 30 16 13 15 52 
51 35 25 26 18 2 
11 5 44 50 4 37 
53 3 23 33 42 48 
57 42 31 52 49 2 
53 16 18 39 45 19 
54 51 33 9 23 6 
13 50 7 43 8 25 
37 29 4 12 1 10 
59 22 0 27 38 41 
39 43 24 51 36 50 
5 12 20 21 19 42 
38 55 28 45 15 17 
1 49 9 33 8 14 
56 37 48 30 10 16 
34 4 54 13 41 11 
43 12 44 40 32 46 
38 0 39 45 5 30 
33 34 7 3 31 11 
6 2 8 9 16 13 
51 15 18 54 37 27 
49 14 22 1 58 52 
31 8 43 22 14 45 
46 6 23 58 50 39 
4 35 52 13 7 20 
26 1 12 55 3 38 
5 53 54 32 24 40 
2 10 15 42 0 56 
34 4 53 1 23 46 
37 18 13 8 55 3 
50 6 22 45 16 47 
12 38 15 44 24 2 
51 33 39 32 0 36 
10 27 21 56 28 49 
