9 47 16 45 32 49 
11 3 13 21 17 19 
54 23 30 48 44 15 
27 41 14 26 57 10 
37 51 53 31 38 5 
4 1 12 20 36 55 
58 24 0 27 45 42 
15 21 17 2 31 30 
10 20 28 16 1 41 
33 11 12 43 50 57 
35 14 13 7 5 3 
23 36 54 8 40 48 
57 36 9 1 8 50 
44 14 7 15 22 28 
10 38 13 39 45 29 
52 30 48 17 3 34 
5 42 18 4 6 32 
51 31 37 58 40 56 
54 44 5 51 31 55 
26 18 14 13 40 9 
58 21 7 17 46 45 
30 43 12 11 29 34 
33 28 47 23 15 27 
49 56 22 10 2 39 
43 45 57 34 54 14 
40 10 37 24 20 12 
32 35 41 38 7 49 
44 15 1 0 39 16 
13 17 50 23 21 5 
48 6 9 26 11 51 
42 13 34 22 29 45 
52 39 19 5 2 58 
1 33 24 17 21 56 
43 3 46 59 27 4 
37 11 9 20 18 53 
49 36 51 8 31 48 
51 23 6 45 14 18 
1 11 32 49 5 33 
13 30 19 36 10 3 
31 52 20 59 22 47 
7 12 43 2 29 27 
38 37 21 50 44 16 
37 19 56 32 6 54 
12 24 15 43 33 17 
11 20 44 35 21 18 
22 40 13 16 31 36 
48 5 0 3 9 46 
10 51 49 23 38 53 
55 45 1 50 28 39 
31 14 59 24 17 21 
52 15 38 16 53 19 
49 46 0 48 44 10 
8 42 36 11 54 7 
35 30 12 13 4 20 
46 7 45 17 57 54 
15 24 3 53 12 41 
48 10 44 50 40 14 
23 32 2 36 37 6 
26 42 13 0 21 19 
30 56 33 39 22 38 
