48 42 28 29 1 44 
15 9 46 26 40 54 
39 57 53 7 36 27 
16 24 32 19 59 6 
45 41 22 34 30 18 
20 49 0 38 25 43 
34 50 40 53 0 33 
32 8 37 29 16 15 
39 51 49 46 7 24 
58 18 5 1 21 45 
55 17 13 54 9 4 
59 35 27 11 43 48 
30 34 45 23 36 53 
22 5 40 3 15 25 
49 17 33 18 1 26 
54 37 41 11 16 50 
0 21 9 51 12 20 
35 52 10 39 43 29 
41 2 55 43 34 59 
18 30 5 16 40 44 
11 32 42 22 1 4 
31 3 49 17 19 15 
45 29 12 13 47 37 
48 50 10 46 8 38 
57 42 53 43 26 32 
30 21 38 50 54 28 
29 51 11 41 12 27 
0 19 13 22 39 44 
7 3 10 5 25 33 
36 8 4 55 59 37 
51 44 11 57 4 56 
1 0 15 16 38 3 
33 30 12 5 31 39 
55 7 43 8 45 46 
50 9 17 54 25 32 
49 35 22 21 48 36 
54 15 46 20 8 10 
6 31 30 16 3 48 
1 17 18 39 27 51 
43 11 12 44 41 38 
21 32 49 2 5 58 
42 33 34 24 35 45 
41 43 13 50 5 53 
0 39 10 38 24 8 
45 42 12 19 17 54 
3 14 31 44 6 15 
48 35 18 7 11 26 
47 21 22 56 37 57 
58 10 32 34 39 48 
37 31 16 13 24 28 
8 50 23 44 0 43 
53 38 11 12 15 14 
4 42 5 1 6 45 
3 21 56 51 59 41 
34 30 51 0 28 25 
52 9 8 32 15 3 
45 1 5 43 2 53 
31 48 7 23 16 18 
33 19 6 11 37 27 
13 39 44 22 17 47 
