49 22 7 41 47 35 
50 9 11 10 2 32 
39 18 45 6 20 8 
25 26 23 38 14 59 
44 13 3 52 24 4 
58 19 17 29 33 37 
18 43 27 29 37 6 
15 52 19 41 38 50 
40 12 35 1 55 48 
3 20 10 45 8 46 
42 13 16 56 33 39 
34 25 47 23 32 17 
34 14 9 17 54 50 
19 12 3 46 45 55 
59 5 37 44 13 29 
31 52 42 11 6 58 
10 0 33 32 8 35 
2 20 23 7 49 47 
53 51 54 49 5 44 
36 39 11 45 13 21 
31 50 16 20 9 23 
2 6 38 17 22 41 
32 15 35 14 43 12 
3 40 24 34 8 7 
47 6 42 34 13 35 
50 43 52 46 16 51 
5 32 19 21 15 56 
8 4 18 45 2 44 
37 40 17 31 30 22 
27 49 3 20 12 39 
50 15 57 39 11 53 
18 42 26 48 40 51 
6 21 43 36 16 2 
4 44 13 22 56 46 
49 23 38 1 5 54 
45 47 19 3 0 17 
38 23 44 20 33 54 
7 0 22 11 5 16 
55 51 1 37 35 24 
17 12 28 13 8 49 
45 43 40 57 14 25 
34 36 48 32 46 42 
47 48 51 46 28 56 
39 9 2 8 1 29 
14 45 17 54 32 0 
49 35 44 16 25 58 
43 37 18 38 23 24 
50 21 13 11 12 7 
50 7 23 17 36 12 
14 8 44 22 48 20 
49 18 31 46 16 37 
47 38 13 56 6 30 
15 10 32 0 40 51 
25 54 11 43 3 34 
45 7 49 17 24 20 
21 46 2 59 19 34 
40 43 44 48 52 30 
56 39 6 32 13 27 
35 1 37 10 4 5 
16 28 51 0 50 18 
