22 6 39 31 32 20 
12 28 34 16 11 52 
17 25 3 15 36 54 
0 21 4 44 8 27 
1 41 13 50 59 19 
40 51 14 42 7 2 
39 20 45 3 8 55 
11 14 28 42 32 37 
48 50 52 27 2 40 
51 34 18 44 10 22 
5 6 33 35 19 9 
43 24 26 46 41 23 
45 43 22 26 20 51 
40 1 8 28 0 18 
33 44 11 5 27 41 
17 15 37 16 3 14 
36 47 38 53 39 32 
42 9 58 12 13 57 
8 10 54 0 27 28 
7 48 14 1 42 30 
32 15 12 46 37 59 
6 31 38 40 23 17 
39 45 11 41 9 33 
50 18 43 44 52 55 
51 27 38 55 23 30 
37 5 11 8 49 57 
13 7 12 43 52 15 
41 10 16 39 17 58 
31 50 44 21 33 45 
47 53 28 9 46 19 
46 49 13 33 55 58 
43 11 18 56 39 40 
47 7 8 30 19 5 
21 27 20 45 1 59 
3 10 12 37 16 38 
25 51 4 32 34 44 
34 33 55 20 50 36 
10 39 11 32 17 7 
45 5 16 8 30 27 
42 12 57 6 13 22 
3 1 21 0 4 44 
59 29 28 48 37 14 
43 41 56 1 34 21 
24 11 46 45 40 35 
32 16 4 37 44 22 
47 13 50 12 10 17 
14 9 38 36 2 18 
42 49 7 33 39 30 
52 16 10 22 58 48 
2 44 12 57 42 36 
7 39 24 6 38 45 
31 34 0 37 53 13 
17 41 43 11 29 46 
56 18 5 51 3 32 
40 7 34 19 8 23 
27 38 17 37 2 1 
31 49 6 18 12 48 
3 11 45 26 36 42 
16 39 13 10 14 21 
51 32 29 46 24 41 
