2008
16 3 17 3
15 3 16 3
14 3 15 3
13 3 14 3
12 3 13 3
11 3 12 3
10 3 11 3
9 2 10 3
8 2 9 2
7 2 8 2
6 2 7 2
5 1 6 2
4 1 5 1
3 1 4 1
2 0 3 1
1 0 2 0
0 0 1 0
16 13 17 14
15 12 16 13
14 11 15 12
13 10 14 11
12 9 13 10
11 8 12 9
10 7 11 8
9 7 10 7
8 6 9 7
7 5 8 6
6 4 7 5
5 4 6 4
4 4 5 4
3 3 4 4
2 2 3 3
1 1 2 2
1 0 2 1
21 15 22 15
20 14 21 15
19 14 20 14
18 14 19 14
17 13 18 14
16 12 17 13
15 11 16 12
14 10 15 11
13 9 14 10
12 8 13 9
11 7 12 8
10 6 11 7
9 5 10 6
8 5 9 5
7 4 8 5
6 3 7 4
5 2 6 3
4 1 5 2
3 1 4 1
2 1 3 1
22 1 23 1
21 1 22 1
20 1 21 1
19 1 20 1
18 1 19 1
17 1 18 1
16 1 17 1
15 1 16 1
14 1 15 1
13 1 14 1
12 1 13 1
11 1 12 1
10 1 11 1
9 1 10 1
8 1 9 1
7 1 8 1
6 1 7 1
5 1 6 1
4 1 5 1
3 1 4 1
2 0 3 1
24 16 25 17
23 15 24 16
22 15 23 15
21 15 22 15
20 14 21 15
19 14 20 14
18 13 19 14
17 13 18 13
16 12 17 13
15 11 16 12
14 10 15 11
13 9 14 10
12 8 13 9
11 7 12 8
10 6 11 7
9 5 10 6
8 4 9 5
7 3 8 4
6 2 7 3
5 1 6 2
4 1 5 1
3 0 4 1
24 8 25 8
23 7 24 8
22 7 23 7
21 7 22 7
20 7 21 7
19 7 20 7
18 7 19 7
17 6 18 7
16 6 17 6
15 5 16 6
14 5 15 5
13 4 14 5
12 3 13 4
11 3 12 3
10 3 11 3
9 2 10 3
8 2 9 2
7 2 8 2
6 2 7 2
5 1 6 2
4 0 5 1
28 16 29 17
27 15 28 16
26 14 27 15
25 14 26 14
24 13 25 14
23 12 24 13
22 11 23 12
21 10 22 11
20 9 21 10
19 8 20 9
18 7 19 8
17 6 18 7
16 6 17 6
15 5 16 6
14 5 15 5
13 5 14 5
12 4 13 5
11 3 12 4
10 3 11 3
9 3 10 3
8 2 9 3
7 1 8 2
6 0 7 1
5 0 6 0
22 21 23 21
21 20 22 21
20 19 21 20
19 18 20 19
18 18 19 18
17 17 18 18
16 16 17 17
15 15 16 16
14 14 15 15
13 13 14 14
12 12 13 13
11 11 12 12
10 10 11 11
9 9 10 10
8 8 9 9
7 7 8 8
6 6 7 7
5 5 6 6
4 4 5 5
3 3 4 4
2 2 3 3
18 3 19 3
17 3 18 3
16 2 17 3
15 1 16 2
14 0 15 1
13 0 14 0
12 0 13 0
11 0 12 0
10 0 11 0
9 0 10 0
8 0 9 0
7 0 8 0
6 0 7 0
28 23 29 24
27 22 28 23
26 21 27 22
25 20 26 21
24 19 25 20
23 18 24 19
22 17 23 18
21 16 22 17
20 15 21 16
19 14 20 15
18 13 19 14
17 13 18 13
16 12 17 13
15 11 16 12
14 10 15 11
13 9 14 10
12 8 13 9
11 7 12 8
10 7 11 7
9 7 10 7
8 6 9 7
7 5 8 6
6 4 7 5
5 4 6 4
4 4 5 4
3 3 4 4
22 13 23 13
21 13 22 13
20 13 21 13
19 13 20 13
18 13 19 13
17 13 18 13
16 12 17 13
15 11 16 12
14 10 15 11
13 9 14 10
12 8 13 9
11 8 12 8
10 7 11 8
9 7 10 7
8 6 9 7
7 6 8 6
6 5 7 6
5 4 6 5
4 4 5 4
27 4 28 4
26 4 27 4
25 4 26 4
24 4 25 4
23 4 24 4
22 4 23 4
21 4 22 4
20 4 21 4
19 4 20 4
18 3 19 4
17 3 18 3
16 2 17 3
15 1 16 2
14 1 15 1
13 0 14 1
12 0 13 0
11 0 12 0
10 0 11 0
9 0 10 0
8 0 9 0
7 0 8 0
27 24 28 25
26 23 27 24
25 22 26 23
24 21 25 22
23 20 24 21
22 19 23 20
21 19 22 19
20 18 21 19
19 17 20 18
18 16 19 17
17 15 18 16
16 14 17 15
15 13 16 14
14 12 15 13
13 12 14 12
12 12 13 12
11 11 12 12
10 10 11 11
9 9 10 10
8 8 9 9
7 7 8 8
6 6 7 7
5 5 6 6
26 23 27 24
25 22 26 23
24 21 25 22
23 21 24 21
22 20 23 21
21 19 22 20
20 18 21 19
19 17 20 18
18 16 19 17
17 15 18 16
16 14 17 15
15 13 16 14
14 13 15 13
13 12 14 13
12 11 13 12
11 11 12 11
10 10 11 11
9 9 10 10
8 8 9 9
7 7 8 8
6 6 7 7
25 2 26 2
24 2 25 2
23 1 24 2
22 1 23 1
21 1 22 1
20 1 21 1
19 1 20 1
18 1 19 1
17 1 18 1
16 0 17 1
15 0 16 0
14 0 15 0
13 0 14 0
12 0 13 0
11 0 12 0
10 0 11 0
9 0 10 0
8 0 9 0
7 1 8 1
6 1 7 1
5 1 6 1
4 1 5 1
24 0 25 0
23 0 24 0
22 0 23 0
21 0 22 0
20 0 21 0
19 0 20 0
18 0 19 0
17 0 18 0
16 0 17 0
15 0 16 0
14 0 15 0
13 0 14 0
12 0 13 0
11 0 12 0
10 0 11 0
9 0 10 0
24 23 25 24
23 22 24 23
22 21 23 22
21 20 22 21
20 19 21 20
19 18 20 19
18 18 19 18
17 17 18 18
16 16 17 17
15 15 16 16
14 14 15 15
13 13 14 14
12 12 13 13
11 11 12 12
10 10 11 11
9 9 10 10
8 8 9 9
7 7 8 8
25 2 26 2
24 2 25 2
23 2 24 2
22 2 23 2
21 2 22 2
20 1 21 2
19 1 20 1
18 1 19 1
17 1 18 1
16 0 17 1
15 0 16 0
14 0 15 0
13 0 14 0
12 0 13 0
11 0 12 0
10 0 11 0
24 9 25 9
23 8 24 9
22 7 23 8
21 7 22 7
20 7 21 7
19 7 20 7
18 7 19 7
17 6 18 7
16 5 17 6
15 4 16 5
14 3 15 4
13 2 14 3
12 1 13 2
11 0 12 1
17 11 18 11
16 11 17 11
15 11 16 11
14 11 15 11
13 11 14 11
12 11 13 11
11 11 12 11
10 10 11 11
9 9 10 10
8 8 9 9
24 1 25 1
23 1 24 1
22 1 23 1
21 1 22 1
20 1 21 1
19 1 20 1
18 1 19 1
17 0 18 1
16 0 17 0
15 0 16 0
14 0 15 0
13 0 14 0
12 0 13 0
26 16 27 16
25 16 26 16
24 16 25 16
23 16 24 16
22 15 23 16
21 15 22 15
20 14 21 15
19 14 20 14
18 13 19 14
17 12 18 13
16 11 17 12
15 11 16 11
14 10 15 11
13 9 14 10
12 9 13 9
11 9 12 9
10 9 11 9
9 9 10 9
3 2 4 3
10 1 11 2
9 1 10 1
8 1 9 1
7 1 8 1
6 1 7 1
5 1 6 1
14 10 15 10
13 10 14 10
12 10 13 10
11 10 12 10
10 10 11 10
22 14 23 14
21 13 22 14
20 12 21 13
19 12 20 12
18 12 19 12
17 12 18 12
16 11 17 12
15 11 16 11
14 11 15 11
13 11 14 11
12 11 13 11
11 11 12 11
12 7 13 8
11 6 12 7
10 5 11 6
9 4 10 5
8 3 9 4
7 2 8 3
6 1 7 2
27 10 28 10
26 9 27 10
25 9 26 9
24 8 25 9
23 8 24 8
22 7 23 8
21 6 22 7
20 5 21 6
19 4 20 5
18 3 19 4
17 3 18 3
16 2 17 3
15 1 16 2
14 0 15 1
13 0 14 0
25 4 26 4
24 3 25 4
23 2 24 3
22 2 23 2
21 1 22 2
20 1 21 1
19 1 20 1
18 1 19 1
17 0 18 1
16 0 17 0
15 0 16 0
14 0 15 0
25 23 26 24
24 23 25 23
23 22 24 23
22 21 23 22
21 20 22 21
20 19 21 20
19 18 20 19
18 18 19 18
17 17 18 18
16 16 17 17
15 15 16 16
14 14 15 15
13 13 14 14
12 12 13 13
26 20 27 20
25 19 26 20
24 18 25 19
23 17 24 18
22 17 23 17
21 16 22 17
20 15 21 16
19 14 20 15
18 14 19 14
17 14 18 14
16 13 17 14
15 13 16 13
14 13 15 13
13 13 14 13
17 17 18 18
16 16 17 17
15 15 16 16
14 14 15 15
23 17 24 17
22 16 23 17
21 15 22 16
20 15 21 15
19 15 20 15
18 15 19 15
17 15 18 15
16 15 17 15
15 15 16 15
11 9 12 10
10 8 11 9
9 7 10 8
8 6 9 7
7 6 8 6
6 5 7 6
5 4 6 5
4 3 5 4
25 16 26 17
24 16 25 16
23 16 24 16
22 16 23 16
21 16 22 16
20 16 21 16
19 16 20 16
18 16 19 16
17 16 18 16
16 16 17 16
14 8 15 9
13 7 14 8
12 6 13 7
11 5 12 6
10 4 11 5
9 3 10 4
8 2 9 3
7 1 8 2
26 19 27 19
25 19 26 19
24 19 25 19
23 19 24 19
22 18 23 19
21 18 22 18
20 18 21 18
19 18 20 18
18 18 19 18
17 17 18 18
16 11 17 11
15 10 16 11
14 10 15 10
13 9 14 10
12 8 13 9
11 8 12 8
10 8 11 8
9 7 10 8
8 7 9 7
7 6 8 7
6 5 7 6
5 4 6 5
24 18 25 18
23 18 24 18
22 18 23 18
21 18 22 18
20 18 21 18
19 18 20 18
18 18 19 18
12 9 13 10
11 8 12 9
10 8 11 8
9 7 10 8
8 7 9 7
7 6 8 7
6 5 7 6
8 1 9 2
22 20 23 21
21 20 22 20
20 19 21 20
19 19 20 19
25 7 26 8
24 6 25 7
23 5 24 6
22 4 23 5
21 3 22 4
20 3 21 3
19 2 20 3
18 1 19 2
17 1 18 1
16 0 17 1
15 0 16 0
24 0 25 0
23 0 24 0
22 0 23 0
21 0 22 0
20 0 21 0
19 0 20 0
18 0 19 0
17 0 18 0
16 0 17 0
15 5 16 5
14 5 15 5
13 4 14 5
12 3 13 4
11 2 12 3
10 1 11 2
9 1 10 1
8 4 9 4
7 3 8 4
6 2 7 3
5 2 6 2
4 2 5 2
22 2 23 3
21 1 22 2
20 1 21 1
19 1 20 1
18 1 19 1
17 0 18 1
7 2 8 2
6 2 7 2
5 2 6 2
8 6 9 6
7 6 8 6
28 17 29 17
27 17 28 17
26 17 27 17
25 17 26 17
24 17 25 17
23 16 24 17
22 16 23 16
21 15 22 16
20 14 21 15
19 13 20 14
18 12 19 13
17 12 18 12
16 12 17 12
15 12 16 12
14 11 15 12
13 10 14 11
12 9 13 10
11 8 12 9
10 8 11 8
9 7 10 8
8 7 9 7
17 15 18 16
16 14 17 15
15 13 16 14
14 12 15 13
13 11 14 12
12 10 13 11
11 9 12 10
10 8 11 9
9 8 10 8
16 15 17 16
15 14 16 15
14 13 15 14
13 12 14 13
12 11 13 12
11 10 12 11
26 6 27 7
25 5 26 6
24 4 25 5
23 3 24 4
22 2 23 3
21 1 22 2
20 1 21 1
19 1 20 1
18 0 19 1
9 7 10 8
8 6 9 7
7 5 8 6
6 4 7 5
5 3 6 4
11 9 12 10
10 8 11 9
9 7 10 8
8 6 9 7
7 5 8 6
6 4 7 5
11 6 12 7
10 5 11 6
9 4 10 5
8 3 9 4
7 2 8 3
6 2 7 2
21 21 22 22
20 20 21 21
23 22 24 22
22 21 23 22
21 21 22 21
14 11 15 11
13 11 14 11
12 11 13 11
27 5 28 5
26 4 27 5
25 4 26 4
24 4 25 4
23 3 24 4
22 2 23 3
21 1 22 2
20 0 21 1
19 0 20 0
23 9 24 10
22 8 23 9
21 7 22 8
20 7 21 7
19 7 20 7
18 7 19 7
17 6 18 7
16 6 17 6
15 5 16 6
14 4 15 5
13 3 14 4
12 3 13 3
11 2 12 3
10 1 11 2
25 20 26 20
24 19 25 20
23 19 24 19
22 18 23 19
21 18 22 18
20 17 21 18
19 16 20 17
18 15 19 16
17 15 18 15
16 14 17 15
15 13 16 14
14 12 15 13
13 12 14 12
16 8 17 8
15 8 16 8
14 8 15 8
13 7 14 8
12 7 13 7
11 6 12 7
10 6 11 6
9 6 10 6
8 6 9 6
25 14 26 15
24 14 25 14
23 14 24 14
22 14 23 14
21 13 22 14
20 13 21 13
19 13 20 13
18 13 19 13
17 13 18 13
16 13 17 13
15 13 16 13
14 13 15 13
20 9 21 9
19 8 20 9
18 7 19 8
17 6 18 7
16 5 17 6
15 5 16 5
14 4 15 5
13 3 14 4
12 2 13 3
11 1 12 2
22 18 23 18
21 17 22 18
20 16 21 17
19 15 20 16
18 15 19 15
17 15 18 15
16 14 17 15
15 14 16 14
17 2 18 2
16 2 17 2
15 2 16 2
14 2 15 2
13 2 14 2
12 1 13 2
21 9 22 10
20 8 21 9
19 7 20 8
18 6 19 7
17 5 18 6
16 4 17 5
15 3 16 4
14 2 15 3
13 1 14 2
26 22 27 22
25 22 26 22
24 22 25 22
23 22 24 22
22 22 23 22
28 2 29 2
27 2 28 2
26 2 27 2
25 2 26 2
24 2 25 2
23 1 24 2
22 0 23 1
21 0 22 0
20 0 21 0
13 3 14 3
12 3 13 3
11 3 12 3
10 3 11 3
9 3 10 3
8 3 9 3
7 2 8 3
19 11 20 11
18 11 19 11
17 11 18 11
16 11 17 11
15 11 16 11
14 11 15 11
13 10 14 11
12 10 13 10
11 9 12 10
10 8 11 9
9 7 10 8
23 23 24 23
25 6 26 7
24 6 25 6
23 6 24 6
22 6 23 6
21 6 22 6
20 5 21 6
19 4 20 5
18 3 19 4
17 3 18 3
16 2 17 3
15 1 16 2
14 1 15 1
23 19 24 20
22 19 23 19
21 18 22 19
20 17 21 18
19 16 20 17
18 15 19 16
17 15 18 15
16 15 17 15
8 4 9 5
7 3 8 4
6 3 7 3
20 8 21 8
19 8 20 8
18 8 19 8
17 8 18 8
16 8 17 8
15 8 16 8
14 8 15 8
13 8 14 8
12 8 13 8
11 8 12 8
10 8 11 8
17 1 18 2
16 1 17 1
15 1 16 1
27 19 28 20
26 18 27 19
25 17 26 18
24 17 25 17
23 16 24 17
22 16 23 16
21 16 22 16
20 16 21 16
19 16 20 16
18 16 19 16
17 16 18 16
19 2 20 3
18 2 19 2
17 1 18 2
16 1 17 1
21 3 22 4
20 3 21 3
19 2 20 3
18 2 19 2
17 1 18 2
18 7 19 7
17 6 18 7
16 5 17 6
15 4 16 5
14 4 15 4
13 4 14 4
12 4 13 4
11 4 12 4
10 3 11 4
9 2 10 3
13 9 14 9
12 9 13 9
11 9 12 9
27 1 28 1
26 1 27 1
25 1 26 1
24 0 25 1
23 0 24 0
22 0 23 0
21 0 22 0
24 6 25 7
23 5 24 6
22 4 23 5
21 3 22 4
20 3 21 3
19 2 20 3
18 1 19 2
11 2 12 2
10 2 11 2
16 8 17 9
15 8 16 8
14 8 15 8
13 8 14 8
12 7 13 8
11 6 12 7
10 5 11 6
9 4 10 5
8 4 9 4
7 4 8 4
23 1 24 1
22 0 23 1
17 13 18 13
16 13 17 13
15 12 16 13
14 11 15 12
13 10 14 11
12 10 13 10
25 13 26 13
24 13 25 13
23 12 24 13
22 12 23 12
21 12 22 12
20 11 21 12
19 11 20 11
18 11 19 11
17 11 18 11
16 11 17 11
15 11 16 11
14 11 15 11
13 11 14 11
23 11 24 11
22 10 23 11
21 9 22 10
20 9 21 9
19 9 20 9
18 8 19 9
17 8 18 8
16 7 17 8
15 6 16 7
14 5 15 6
13 4 14 5
12 3 13 4
11 2 12 3
27 10 28 11
26 9 27 10
25 9 26 9
24 8 25 9
23 8 24 8
22 8 23 8
21 8 22 8
20 7 21 8
19 7 20 7
18 7 19 7
17 6 18 7
16 5 17 6
15 4 16 5
14 3 15 4
13 2 14 3
12 2 13 2
26 6 27 7
25 6 26 6
24 5 25 6
23 4 24 5
22 4 23 4
21 3 22 4
20 2 21 3
19 1 20 2
13 9 14 10
12 8 13 9
11 7 12 8
10 7 11 7
9 6 10 7
8 5 9 6
11 3 12 3
10 3 11 3
9 3 10 3
8 3 9 3
7 3 8 3
18 2 19 2
17 2 18 2
16 2 17 2
15 2 16 2
14 2 15 2
13 2 14 2
24 19 25 19
23 18 24 19
22 18 23 18
21 18 22 18
20 18 21 18
19 18 20 18
18 17 19 18
18 15 19 16
17 14 18 15
16 13 17 14
15 12 16 13
14 12 15 12
26 6 27 6
25 5 26 6
24 4 25 5
23 4 24 4
22 3 23 4
21 2 22 3
20 1 21 2
21 16 22 16
20 16 21 16
19 15 20 16
18 15 19 15
17 14 18 15
16 13 17 14
15 13 16 13
21 12 22 13
20 12 21 12
19 11 20 12
18 10 19 11
17 9 18 10
16 8 17 9
15 8 16 8
14 8 15 8
13 8 14 8
12 7 13 8
11 6 12 7
10 6 11 6
9 6 10 6
22 18 23 18
21 18 22 18
20 18 21 18
19 18 20 18
16 14 17 15
20 3 21 3
19 3 20 3
18 3 19 3
17 2 18 3
16 2 17 2
15 2 16 2
14 2 15 2
26 26 27 27
25 25 26 26
24 24 25 25
11 5 12 6
10 5 11 5
9 4 10 5
8 4 9 4
23 7 24 7
22 6 23 7
21 5 22 6
20 4 21 5
19 3 20 4
18 3 19 3
17 2 18 3
16 2 17 2
15 2 16 2
8 3 9 3
23 18 24 18
22 17 23 18
21 16 22 17
20 16 21 16
19 16 20 16
18 15 19 16
17 15 18 15
27 23 28 24
26 22 27 23
25 22 26 22
24 21 25 22
23 21 24 21
22 20 23 21
21 20 22 20
20 19 21 20
20 4 21 4
19 3 20 4
18 3 19 3
17 3 18 3
16 2 17 3
15 4 16 4
14 4 15 4
13 4 14 4
12 4 13 4
11 4 12 4
10 3 11 4
9 3 10 3
18 5 19 6
17 4 18 5
16 4 17 4
15 4 16 4
14 4 15 4
13 4 14 4
12 4 13 4
11 4 12 4
10 3 11 4
26 8 27 8
25 7 26 8
24 6 25 7
23 5 24 6
22 4 23 5
21 4 22 4
20 4 21 4
19 3 20 4
18 3 19 3
17 2 18 3
16 5 17 5
15 4 16 5
14 4 15 4
13 4 14 4
12 4 13 4
11 3 12 4
27 18 28 19
26 18 27 18
25 17 26 18
24 17 25 17
23 16 24 17
22 16 23 16
21 16 22 16
20 16 21 16
19 16 20 16
18 16 19 16
22 4 23 4
21 4 22 4
20 4 21 4
19 3 20 4
18 2 19 3
21 4 22 5
20 3 21 4
19 2 20 3
27 11 28 12
26 10 27 11
25 9 26 10
24 8 25 9
23 8 24 8
22 8 23 8
21 7 22 8
20 7 21 7
19 6 20 7
18 5 19 6
17 5 18 5
16 5 17 5
15 4 16 5
14 3 15 4
13 3 14 3
27 21 28 21
26 21 27 21
25 21 26 21
24 21 25 21
23 21 24 21
22 20 23 21
21 20 22 20
24 1 25 1
23 0 24 1
28 15 29 16
27 14 28 15
26 14 27 14
25 13 26 14
24 12 25 13
23 11 24 12
22 10 23 11
21 9 22 10
20 8 21 9
19 7 20 8
18 6 19 7
17 5 18 6
16 4 17 5
15 4 16 4
14 3 15 4
21 2 22 3
20 2 21 2
18 5 19 5
17 5 18 5
16 4 17 5
15 3 16 4
26 0 27 0
25 0 26 0
24 0 25 0
22 19 23 20
21 18 22 19
20 18 21 18
19 17 20 18
19 16 20 17
18 15 19 16
17 14 18 15
16 13 17 14
15 12 16 13
14 11 15 12
13 10 14 11
12 9 13 10
11 8 12 9
10 7 11 8
17 3 18 3
22 1 23 1
21 1 22 1
25 3 26 3
24 2 25 3
23 2 24 2
22 1 23 2
20 3 21 3
19 3 20 3
18 3 19 3
22 12 23 12
21 12 22 12
20 12 21 12
19 11 20 12
18 11 19 11
17 10 18 11
16 9 17 10
15 8 16 9
14 8 15 8
13 8 14 8
12 8 13 8
11 8 12 8
15 12 16 13
14 11 15 12
13 10 14 11
12 9 13 10
24 11 25 11
23 11 24 11
22 11 23 11
21 11 22 11
20 11 21 11
19 11 20 11
18 11 19 11
17 11 18 11
16 11 17 11
15 11 16 11
14 10 15 11
13 10 14 10
12 5 13 6
11 5 12 5
10 4 11 5
9 4 10 4
25 0 26 0
10 4 11 4
22 12 23 13
21 12 22 12
20 11 21 12
19 11 20 11
18 11 19 11
17 11 18 11
16 11 17 11
15 11 16 11
14 11 15 11
22 19 23 20
21 19 22 19
22 10 23 10
21 9 22 10
20 9 21 9
19 9 20 9
18 8 19 9
17 7 18 8
16 6 17 7
15 6 16 6
14 5 15 6
13 4 14 5
12 4 13 4
11 4 12 4
18 7 19 7
17 7 18 7
16 6 17 7
15 6 16 6
14 5 15 6
13 4 14 5
12 4 13 4
28 26 29 27
27 25 28 26
26 25 27 25
25 25 26 25
13 6 14 7
12 5 13 6
11 5 12 5
10 5 11 5
9 5 10 5
20 13 21 14
19 12 20 13
18 12 19 12
17 12 18 12
16 12 17 12
15 12 16 12
13 9 14 10
12 8 13 9
11 7 12 8
10 6 11 7
18 13 19 13
17 13 18 13
16 13 17 13
17 7 18 8
16 6 17 7
15 6 16 6
14 5 15 6
13 4 14 5
28 18 29 18
27 18 28 18
26 18 27 18
25 17 26 18
24 17 25 17
23 16 24 17
22 16 23 16
21 16 22 16
20 16 21 16
19 15 20 16
18 15 19 15
17 14 18 15
20 17 21 18
19 16 20 17
18 15 19 16
11 7 12 8
15 8 16 8
14 8 15 8
13 8 14 8
12 8 13 8
28 2 29 3
27 1 28 2
26 0 27 1
28 21 29 21
27 21 28 21
26 21 27 21
25 21 26 21
24 21 25 21
23 21 24 21
22 21 23 21
15 6 16 7
14 6 15 6
13 6 14 6
12 5 13 6
11 5 12 5
10 5 11 5
24 8 25 8
23 7 24 8
22 6 23 7
21 5 22 6
20 4 21 5
19 3 20 4
20 3 21 4
15 9 16 10
14 9 15 9
13 9 14 9
28 0 29 0
17 9 18 9
16 8 17 9
15 8 16 8
14 7 15 8
13 6 14 7
12 5 13 6
11 5 12 5
22 8 23 9
21 7 22 8
20 7 21 7
19 7 20 7
18 7 19 7
17 6 18 7
16 6 17 6
15 5 16 6
14 4 15 5
22 2 23 2
16 11 17 12
15 10 16 11
14 10 15 10
25 11 26 11
24 10 25 11
23 9 24 10
22 8 23 9
21 7 22 8
20 6 21 7
19 5 20 6
18 5 19 5
17 5 18 5
16 5 17 5
15 4 16 5
26 12 27 13
25 11 26 12
24 10 25 11
23 9 24 10
22 8 23 9
21 7 22 8
20 6 21 7
19 6 20 6
18 6 19 6
17 5 18 6
16 4 17 5
25 6 26 7
24 5 25 6
23 5 24 5
22 4 23 5
21 3 22 4
20 9 21 10
19 8 20 9
18 7 19 8
17 7 18 7
16 6 17 7
15 6 16 6
14 6 15 6
13 6 14 6
12 5 13 6
23 2 24 3
16 9 17 10
15 9 16 9
14 9 15 9
13 8 14 9
12 7 13 8
22 6 23 7
21 6 22 6
20 5 21 6
19 5 20 5
18 5 19 5
17 4 18 5
18 9 19 10
17 9 18 9
16 8 17 9
15 8 16 8
14 8 15 8
13 8 14 8
28 14 29 15
27 13 28 14
26 12 27 13
25 11 26 12
24 10 25 11
23 9 24 10
22 8 23 9
21 7 22 8
20 6 21 7
19 5 20 6
18 4 19 5
22 17 23 17
21 17 22 17
20 17 21 17
22 11 23 11
21 10 22 11
20 9 21 10
19 9 20 9
18 9 19 9
17 9 18 9
16 9 17 9
15 9 16 9
14 9 15 9
27 20 28 20
26 20 27 20
25 20 26 20
24 20 25 20
23 20 24 20
22 19 23 20
21 18 22 19
20 4 21 4
19 4 20 4
27 17 28 17
26 16 27 17
25 16 26 16
24 15 25 16
23 14 24 15
22 14 23 14
21 14 22 14
20 14 21 14
19 13 20 14
18 12 19 13
17 11 18 12
16 10 17 11
15 10 16 10
28 9 29 10
27 8 28 9
26 8 27 8
25 8 26 8
24 7 25 8
23 7 24 7
22 6 23 7
21 5 22 6
20 4 21 5
27 25 28 25
26 24 27 25
25 24 26 24
24 23 25 24
23 22 24 23
21 16 22 17
20 15 21 16
19 14 20 15
18 13 19 14
17 12 18 13
16 11 17 12
15 11 16 11
20 16 21 17
19 15 20 16
18 14 19 15
17 13 18 14
16 12 17 13
26 22 27 22
25 22 26 22
24 22 25 22
23 21 24 22
18 5 19 5
17 5 18 5
16 5 17 5
15 5 16 5
14 5 15 5
13 5 14 5
24 10 25 10
23 9 24 10
22 8 23 9
21 7 22 8
20 7 21 7
19 7 20 7
18 7 19 7
17 6 18 7
16 6 17 6
15 6 16 6
14 5 15 6
25 24 26 25
24 23 25 24
23 12 24 12
22 11 23 12
21 10 22 11
20 9 21 10
19 8 20 9
18 7 19 8
17 6 18 7
16 6 17 6
15 5 16 6
22 11 23 11
21 10 22 11
20 9 21 10
19 8 20 9
18 7 19 8
17 6 18 7
16 5 17 6
14 7 15 7
13 7 14 7
28 1 29 1
27 1 28 1
26 1 27 1
25 1 26 1
24 1 25 1
20 12 21 13
19 12 20 12
18 12 19 12
17 12 18 12
16 11 17 12
22 19 23 20
23 3 24 3
24 2 25 2
24 18 25 18
23 17 24 18
22 16 23 17
21 15 22 16
20 14 21 15
19 14 20 14
18 14 19 14
23 8 24 8
22 8 23 8
21 8 22 8
20 7 21 8
19 7 20 7
18 6 19 7
17 5 18 6
20 5 21 5
19 5 20 5
18 5 19 5
17 12 18 12
22 18 23 19
21 17 22 18
20 16 21 17
19 15 20 16
26 12 27 12
25 11 26 12
24 10 25 11
23 9 24 10
22 8 23 9
21 7 22 8
20 6 21 7
19 5 20 6
14 8 15 9
21 4 22 4
21 14 22 15
20 14 21 14
19 13 20 14
18 13 19 13
25 2 26 3
21 9 22 9
20 9 21 9
19 9 20 9
18 9 19 9
17 9 18 9
16 9 17 9
15 9 16 9
28 21 29 21
27 21 28 21
26 21 27 21
25 21 26 21
24 21 25 21
28 22 29 22
27 22 28 22
26 22 27 22
25 22 26 22
24 22 25 22
16 7 17 7
15 7 16 7
14 6 15 7
13 6 14 6
28 19 29 20
27 18 28 19
26 18 27 18
25 17 26 18
24 17 25 17
23 17 24 17
22 17 23 17
21 17 22 17
20 16 21 17
14 6 15 6
19 14 20 15
22 17 23 18
21 17 22 17
22 18 23 19
23 13 24 14
22 12 23 13
21 12 22 12
20 11 21 12
19 10 20 11
18 10 19 10
17 10 18 10
16 10 17 10
16 9 17 10
15 8 16 9
14 7 15 8
22 6 23 6
21 6 22 6
20 5 21 6
28 27 29 28
27 27 28 27
23 5 24 6
22 4 23 5
20 15 21 16
17 11 18 12
16 7 17 7
25 9 26 10
24 8 25 9
23 7 24 8
22 6 23 7
21 5 22 6
19 13 20 13
15 8 16 9
26 10 27 11
25 10 26 10
24 10 25 10
23 10 24 10
22 9 23 10
21 8 22 9
20 7 21 8
19 7 20 7
18 7 19 7
17 7 18 7
16 6 17 7
28 7 29 7
27 6 28 7
26 5 27 6
25 4 26 5
24 3 25 4
27 20 28 20
26 20 27 20
25 20 26 20
24 19 25 20
23 19 24 19
28 28 29 29
25 10 26 11
24 10 25 10
23 9 24 10
22 9 23 9
21 8 22 9
20 7 21 8
19 7 20 7
18 7 19 7
17 6 18 7
26 1 27 1
22 14 23 15
21 14 22 14
20 14 21 14
26 23 27 24
25 23 26 23
28 9 29 10
27 8 28 9
26 7 27 8
25 6 26 7
24 5 25 6
23 4 24 5
24 12 25 13
23 12 24 12
22 11 23 12
21 10 22 11
20 9 21 10
19 8 20 9
18 7 19 8
27 1 28 2
19 10 20 10
18 10 19 10
17 10 18 10
26 8 27 9
25 7 26 8
24 6 25 7
23 5 24 6
22 5 23 5
26 5 27 6
25 5 26 5
24 4 25 5
26 18 27 19
25 18 26 18
24 18 25 18
23 18 24 18
22 17 23 18
19 6 20 6
18 6 19 6
20 7 21 8
19 7 20 7
23 10 24 11
22 9 23 10
21 8 22 9
20 7 21 8
19 6 20 7
26 2 27 3
27 7 28 8
26 6 27 7
25 6 26 6
24 5 25 6
23 5 24 5
21 7 22 7
20 6 21 7
28 22 29 22
27 21 28 22
26 20 27 21
25 20 26 20
24 20 25 20
28 25 29 25
27 25 28 25
26 25 27 25
25 12 26 13
24 11 25 12
23 10 24 11
22 9 23 10
21 8 22 9
20 7 21 8
27 26 28 26
19 9 20 9
18 8 19 9
17 8 18 8
28 1 29 1
24 15 25 15
23 15 24 15
22 15 23 15
21 15 22 15
27 2 28 3
28 8 29 9
27 7 28 8
26 6 27 7
25 5 26 6
24 5 25 5
28 13 29 14
27 12 28 13
26 11 27 12
25 10 26 11
24 9 25 10
23 9 24 9
22 8 23 9
21 7 22 8
20 8 21 8
19 8 20 8
18 8 19 8
22 6 23 6
25 21 26 22
27 25 28 26
26 24 27 25
26 17 27 17
25 17 26 17
24 17 25 17
23 16 24 17
22 16 23 16
28 4 29 4
27 4 28 4
26 4 27 4
25 4 26 4
26 23 27 24
26 8 27 8
25 7 26 8
24 7 25 7
23 6 24 7
21 9 22 10
20 9 21 9
19 8 20 9
26 20 27 20
25 20 26 20
24 19 25 20
20 12 21 13
19 12 20 12
25 14 26 14
24 14 25 14
23 13 24 14
22 13 23 13
21 13 22 13
20 13 21 13
24 8 25 8
23 8 24 8
22 7 23 8
18 10 19 11
28 24 29 24
27 24 28 24
22 8 23 8
21 8 22 8
20 8 21 8
25 20 26 21
22 9 23 9
21 8 22 9
23 16 24 16
22 15 23 16
21 14 22 15
26 9 27 10
25 9 26 9
24 8 25 9
23 7 24 8
27 10 28 11
26 9 27 10
25 8 26 9
24 7 25 8
19 11 20 11
27 23 28 24
26 22 27 23
24 9 25 10
23 8 24 9
22 8 23 8
19 9 20 9
18 9 19 9
27 20 28 21
26 20 27 20
25 19 26 20
24 18 25 19
19 9 20 9
27 14 28 14
26 14 27 14
25 13 26 14
24 12 25 13
23 12 24 12
22 12 23 12
21 12 22 12
20 12 21 12
24 17 25 18
23 16 24 17
22 15 23 16
22 9 23 9
21 9 22 9
20 9 21 9
26 17 27 17
25 16 26 17
24 16 25 16
23 16 24 16
25 12 26 13
24 11 25 12
23 10 24 11
22 9 23 10
28 10 29 11
27 9 28 10
26 8 27 9
25 7 26 8
24 6 25 7
22 14 23 15
21 13 22 14
23 13 24 13
22 12 23 13
21 11 22 12
20 11 21 11
19 10 20 11
28 25 29 25
23 10 24 10
22 10 23 10
21 10 22 10
20 10 21 10
28 15 29 16
27 15 28 15
26 15 27 15
25 15 26 15
24 15 25 15
23 15 24 15
22 14 23 15
24 17 25 17
21 10 22 11
26 3 27 4
25 3 26 3
27 11 28 12
26 11 27 11
25 10 26 11
24 9 25 10
24 16 25 17
23 15 24 16
27 13 28 14
26 12 27 13
25 12 26 12
24 11 25 12
23 10 24 11
22 10 23 10
21 11 22 11
20 11 21 11
27 11 28 11
26 10 27 11
25 9 26 10
24 8 25 9
25 12 26 13
24 11 25 12
23 10 24 11
27 20 28 20
26 19 27 20
25 19 26 19
28 23 29 24
27 22 28 23
26 9 27 9
25 9 26 9
28 13 29 13
27 12 28 13
26 12 27 12
25 11 26 12
24 10 25 11
27 15 28 16
26 15 27 15
25 15 26 15
24 14 25 15
23 14 24 14
22 13 23 14
21 12 22 13
27 14 28 14
26 13 27 14
25 13 26 13
24 13 25 13
23 13 24 13
22 13 23 13
25 14 26 14
24 14 25 14
23 14 24 14
23 11 24 11
22 11 23 11
21 11 22 11
25 11 26 12
24 11 25 11
23 11 24 11
22 11 23 11
24 11 25 11
23 11 24 11
26 9 27 9
25 6 26 7
27 21 28 22
26 20 27 21
25 17 26 17
26 11 27 11
25 11 26 11
24 11 25 11
24 14 25 14
23 13 24 14
22 12 23 13
26 11 27 11
25 11 26 11
26 17 27 17
25 16 26 17
24 15 25 16
28 11 29 11
27 10 28 11
28 2 29 2
26 4 27 4
25 13 26 14
24 12 25 13
23 12 24 12
27 8 28 8
26 8 27 8
26 19 27 20
27 15 28 15
26 15 27 15
25 15 26 15
25 13 26 14
24 13 25 13
28 20 29 20
27 20 28 20
27 6 28 6
26 5 27 6
26 15 27 16
25 14 26 15
25 16 26 16
28 8 29 8
27 8 28 8
27 11 28 12
28 18 29 18
27 17 28 18
28 4 29 4
27 3 28 4
27 19 28 19
26 18 27 19
27 12 28 12
26 12 27 12
25 12 26 12
28 6 29 6
27 5 28 6
28 20 29 20
28 15 29 15
27 15 28 15
26 15 27 15
28 11 29 12
27 16 28 17
28 7 29 7
27 7 28 7
27 6 28 6
27 12 28 13
26 14 27 15
26 13 27 13
28 19 29 19
28 6 29 7
27 15 28 16
27 14 28 14
28 13 29 13
27 13 28 13
28 14 29 15
28 13 29 13
28 16 29 17
28 15 29 16
28 9 29 9
