856383
852211
886587
883978
739726
870432
833507
874299
894565
808714
825820
816901
807975
879781
907104
841624
915755
877252
857445
822882
860000
808930
837634
845820
819369
835676
869198
838503
881375
861798
856992
765673
851041
879237
845564
846154
871397
852371
806624
827476
858452
871901
895178
906048
775720
810086
834764
819706
882353
845666
827660
909190
827662
831557
814732
777423
862680
884361
858836
872054
816979
892157
907676
811530
839207
834931
846971
854234
845465
892617
773626
831285
794595
777906
789417
939732
829787
860963
768069
847778
844754
855615
855292
887665
873717
843478
821888
802575
764454
818681
800214
890558
861538
822173
848518
787911
846154
847514
903226
826455

800000
833873
842966
869613
804004
897010
825182
811448
914130
878852
867828
823402
803778
914754
893989
838579
869803
952703
796199
838284
876842
816199
807527
880565
803047
830270
825949
886631
813747
847191
871822
773895
855422
878178
880613
874025
855876
909483
880342
826411
883910
846074
897275
831533
855967
737124
874464
843816
901961
827696
851064
799781
846323
837953
850446
960596
821705
833700
830819
877666
835722
824619
887967
866962
840308
865815
791711
897106
858903
893736
878022
804469
756757
798619
789417
857143
830851
819251
796117
878889
822270
829947
954644
853524
832649
854348
818670
780043
845824
819780
820513
894850
819780
783754
837541
843054
874025
877348
898618
809524
819149
928803
862595
885083
791359
823920
844953
867565
840217
856536
758197
794150
868835
829508
857923
819289
865957
852211
799346
772376
775553
806202
802289
810638
914779
837514
861878
872497
827243
842872
883277
815217
817216
823770
829902
742917
874317
844809
801015
869803
854730
880676
891089
822105
768432
933333
882736
778020
859459
853376
827807
834812
810112
825212
816033
864184
849576
811610
878484
824834
858836
715812
833866
879837
879132
778826
859611
813786
810086
840129
883648
864924
877378
863830
829322
825467
877399
848214
889244
788483
857930
845905
893378
770673
839869
836100
876940
850220
844515
837407
822079
797312
840045
863736
871508
768649
899885
805616
854911
905319
869519
817691
822222
839400
858824
874730
818282
801848
839130
856223
858369
832976
910989
818376
851931
894505
784852
829857
850477
798216
853039
882488
849735
864894
848975
815703
ning `target/release/tester ../main`
875659
853821
852237
850730
878261
850159
863730
ning `target/release/tester ../main`
803778
906011
865574
811168
ning `target/release/tester ../main`
859234
ning `target/release/tester ../main`
ning `target/release/tester ../main`
ning `target/release/tester ../main`
792316
837634
ning `target/release/tester ../main`
ning `target/release/tester ../main`
ning `target/release/tester ../main`
ning `target/release/tester ../main`
ning `target/release/tester ../main`
ning `target/release/tester ../main`
ning `target/release/tester ../main`
815678
828366
837897
851695
872946
807135
838137
856681
829060
ning `target/release/tester ../main`
854379
844008
ning `target/release/tester ../main`
ning `target/release/tester ../main`
858025
805794
814378
807128
871460
771670
868085
917943
826564
825160
844866
ning `target/release/tester ../main`
869324
758811
848060
895623
0
847495
ning `target/release/tester ../main`
879157
ning `target/release/tester ../main`
812567
883103
856377
858903
865772
ning `target/release/tester ../main`
ning `target/release/tester ../main`
819459
ning `target/release/tester ../main`
ning `target/release/tester ../main`
ning `target/release/tester ../main`
855319
782888
ning `target/release/tester ../main`
805556
837259
902674
795896
ning `target/release/tester ../main`
774127
831522
786481
841202
865096
842857
841880
811159
790110
ning `target/release/tester ../main`
851811
ning `target/release/tester ../main`
ning `target/release/tester ../main`
850829
ning `target/release/tester ../main`
888889
705319
714132
663032
766851
685985
740864
695109
751964
692391
736451
732582
678223
713536
681967
695082
633503
765864
752252
740232
782178
672632
738318
737634
711183
665941
718919
700422
744385
722838
792135
111702
119741
193021
121547
119073
100775
132154
83053
164130
103082
112705
125677
105981
131148
88525
78173
691489
677454
655398
677348
669125
760797
631634
659933
658696
683316
670082
707476
693599
685246
709290
674112
666302
711712
712777
737074
661053
681205
652688
655809
643090
714595
618143
683422
697339
706742
702331
677287
672508
691737
688938
723523
733925
654095
692308
670927
662933
671488
660377
676026
648148
665236
623391
668763
701525
684989
702128
661926
686059
673774
683036
668797
810638
914779
837514
861878
872497
827243
842872
883277
815217
817216
823770
829902
742917
874317
844809
801015
869803
854730
880676
891089
822105
768432
933333
882736
778020
859459
853376
827807
834812
810112
825212
816033
864184
849576
811610
878484
824834
858836
715812
833866
879837
879132
778826
859611
813786
810086
840129
883648
864924
877378
863830
829322
825467
877399
848214
889244
788483
857930
845905
893378
770673
839869
836100
876940
850220
844515
837407
822079
797312
840045
863736
871508
768649
899885
805616
854911
905319
869519
817691
822222
839400
858824
874730
818282
801848
839130
856223
858369
832976
910989
818376
851931
894505
784852
829857
850477
798216
853039
882488
849735
793617
873786
816794
841989
837724
842746
855359
852974
850000
801275
777664
808234
813221
914754
848087
838579
868709
822072
856389
856986
807368
789200
837634
830619
868335
882162
830169
837433
827051
761798
832627
778006
792990
844280
797371
841695
847007
755388
742521
853035
834012
855372
786164
842333
830247
869099
793617
873786
816794
841989
837724
842746
855359
852974
850000
801275
777664
808234
813221
914754
848087
838579
868709
822072
856389
856986
807368
789200
837634
830619
868335
882162
830169
837433
827051
761798
832627
778006
792990
844280
797371
841695
847007
755388
742521
853035
834012
855372
786164
842333
830247
869099
791845
851153
862745
838266
797872
880744
823271
799574
823661
855165
853821
832599
812500
924804
926130
852941
813278
882483
885463
893504
894793
909968
937290
898210
885714
858101
802162
814730
793737
872768
808511
869519
825243
862222
888651
788235
823974
894273
830595
846739
789700
862661
788009
902198
905983
831545
867033
837541
835346
818664
770346
815470
862903
899471
793617
873786
816794
841989
837724
842746
855359
852974
850000
801275
777664
808234
813221
914754
848087
838579
868709
822072
856389
856986
807368
789200
837634
830619
868335
882162
830169
837433
827051
761798
832627
778006
792990
844280
797371
841695
847007
755388
742521
853035
834012
855372
786164
842333
830247
869099
791845
851153
862745
793617
873786
816794
841989
837724
842746
855359
852974
850000
801275
777664
808234
813221
914754
848087
838579
868709
822072
856389
856986
807368
789200
837634
830619
868335
882162
830169
837433
827051
761798
832627
778006
792990
844280
797371
841695
847007
755388
742521
853035
834012
855372
786164
842333
830247
869099
791845
851153
862745
838266
797872
880744
823271
799574
823661
855165
853821
832599
812500
924804
926130
852941
813278
882483
885463
893504
894793
909968
937290
898210
885714
858101
802162
814730
793737
872768
808511
869519
825243
862222
888651
788235
823974
894273
830595
846739
789700
862661
788009
902198
905983
831545
867033
837541
835346
818664
770346
793617
873786
816794
841989
837724
842746
855359
852974
850000
801275
777664
808234
813221
914754
848087
838579
868709
822072
856389
856986
807368
789200
837634
830619
868335
882162
830169
837433
793617
873786
816794
841989
837724
842746
855359
852974
850000
801275
777664
808234
813221
914754
848087
838579
868709
822072
856389
856986
807368
789200
837634
830619
868335
882162
830169
837433
827051
761798
832627
778006
792990
844280
797371
841695
847007
755388
742521
853035
834012
855372
786164
842333
830247
869099
791845
851153
862745
701064
729234
676118
668508
699684
767442
738814
705948
706522
697131
697746
687974
677859
700546
0
0
0
0
0
0
0
0
0
0
0
0
732979
857605
793893
847514
848261
790698
823101
812570
839130
828905
782787
834236
812172
840437
821858
788832
857768
790541
877660
848975
870229
802210
926238
919158
737773
838384
776087
887354
811475
874323
828961
794536
852459
791878
772429
808559
875396
863586
924211
818276
755914
820847
899891
852973
838608
804278
864745
842697
758475
831449
833516
802966
856517
835006
871397
859914
875000
860490
794297
804752
852201
867171
786008
827253
869099
912998
781046
905920
842553
898249
821076
847548
824777
801917
789590
865639
837284
821549
805954
831155
814315
859202
846916
911608
901169
848875
921613
882550
824176
784358
821622
911392
844492
866071
852128
839572
800431
822222
882227
811765
867171
907489
844969
856522
818670
847639
828694
847253
893162
821888
879121
796926
816685
855779
833891
792265
917051
800000
679787
639698
714286
787845
650158
728682
668054
690236
690217
766206
646516
743229
616999
714754
782979
764833
817884
840884
847208
861573
834547
851852
739130
782147
757172
811484
791186
786885
793443
817259
891489
875944
861505
805525
898841
879291
815817
806958
783696
891605
816598
864572
870934
825137
831694
843655
747265
783784
873284
872387
932632
745587
798925
796960
853101
877838
840717
847059
793792
875281
813559
882837
831325
777542
846659
848384
847007
828664
841880
862620
802444
831612
902516
917927
804527
787554
839056
845912
753813
837209
798936
871991
847420
884861
833705
831736
776301
833700
829741
858586
811466
795207
776971
927938
863830
872708
847328
803315
909378
846069
819979
838384
798913
927736
846311
811484
884575
848087
820765
801015
726477
784910
858501
849285
912632
800623
840860
805646
873776
822703
834388
828877
804878
893258
752119
859198
766703
760593
854326
874025
835920
845905
814103
835996
842159
827479
890985
927646
838477
741416
859442
850105
761438
862579
802128
841357
838639
885928
786830
831736
807309
817181
851293
888889
775083
816993
825726
853659
840308
869010
877790
773848
933931
875532
841424
829880
808840
919916
866002
785640
878788
752174
927736
798156
813651
820567
849180
832787
790863
743982
760135
836325
851485
916842
819315
813978
790445
848749
862703
834388
837433
890426
819849
850600
788950
910432
849391
767950
866442
786957
927736
798156
813651
835257
849180
812022
778680
753829
751126
860612
865787
916842
790239
817204
779587
863983
862703
834388
837433
825942
891011
814619
845838
828039
798729
848850
874025
838137
827586
841880
864750
842159
862603
866876
917927
841564
791845
846567
825996
786492
887949
828723
877462
838639
872068
794643
841321
807309
871145
826509
849607
762955
765795
857884
885809
864537
869010
876727
847803
920493
838926
795604
821229
796757
850403
839093
797991
875532
828877
834951
861111
925054
780749
846652
861233
843943
860870
825107
829399
862955
807692
871795
860515
890110
817783
838639
891835
862876
823204
900922
786243
825532
838188
828790
825414
789252
873754
787721
855219
775000
814028
799180
787649
842602
795628
825137
836548
774617
780405
781415
816282
833684
798546
929032
843648
840044
753514
830169
858824
840355
817978
811441
811922
887185
812500
820372
919732
819290
764009
818376
806177
824847
741736
832285
820734
793210
860515
786481
746331
742919
895745
947141
849509
865193
890411
873754
749220
905724
801087
933050
769467
823402
885624
852459
807650
837563
776805
893018
887012
873487
911579
791277
831183
795874
892274
863784
920886
807487
848115
880899
777542
796506
820372
786017
863089
823857
872506
864224
852564
839191
783096
873967
850105
897408
865226
816524
835837
888889
793028
916490
824468
905908
866081
862473
848214
813632
847176
892070
840426
840345
858233
838674
869336
825028
755463
806958
800000
882040
862705
891658
930745
782514
819672
776650
812910
845721
926082
914191
900000
758048
867742
737242
850925
984865
880802
857754
835920
843820
780720
803700
858708
806144
844469
833891
828160
814655
811966
874334
776986
896809
853290
839695
847514
954689
879291
749220
838384
730435
927736
846311
850488
840504
854645
816393
835533
726477
736486
911299
872387
971579
813084
783871
753529
872688
823784
863924
847059
829268
851685
828390
877698
837897
818856
891566
861761
835920
792026
885684
847710
797352
806818
885744
917927
813786
801502
869099
882600
774510
894292
801064
867615
835346
868870
870536
831736
775194
876652
856681
826038
809261
759259
857884
831486
837004
869010
887354
817792
928331
869128
768132
841341
802162
867664
871490
830357
871277
908021
834951
855556
899358
764706
908207
862335
779261
870652
848712
804721
852248
802198
892094
836910
891209
768386
780461
895016
859532
796685
847926
849735
768085
886731
870229
854144
842993
900332
786681
906846
831522
842721
871926
823402
824764
892896
785792
876142
792123
792793
824710
889989
830851
785329
808070
819890
830348
893688
805411
831650
866304
850159
811475
880823
858342
881967
769399
859898
929978
789414
763464
884488
743158
841121
867742
795874
910773
846486
848101
772340
907228
828790
844199
841939
928018
805411
872054
883696
857598
928279
851571
826863
927869
808743
827411
777899
789414
852165
893289
769474
786085
859140
852334
835691
895135
832278
777540
838137
864045
914195
772867
774370
909958
838992
820513
811530
788793
836538
781683
805499
825413
811321
899568
794239
863734
865880
774633
820261
837209
852128
861050
837541
868870
883929
824281
779623
899780
818966
893378
889746
822440
903527
885809
825991
788072
802338
798499
800672
887025
934066
905028
910270
895282
836933
823661
822340
914439
776699
815556
836188
908021
788337
876652
903491
826087
916309
815451
857602
895604
842949
809013
882418
827662
872667
856383
852211
886587
883978
739726
870432
833507
874299
894565
808714
825820
816901
807975
879781
907104
841624
915755
877252
857445
822882
860000
808930
837634
845820
819369
835676
869198
838503
881375
861798
856992
765673
851041
879237
845564
846154
871397
852371
806624
827476
858452
871901
895178
906048
775720
810086
834764
819706
800000
833873
842966
869613
804004
897010
825182
811448
914130
878852
867828
823402
803778
914754
893989
838579
869803
952703
796199
838284
876842
816199
807527
880565
803047
830270
825949
886631
813747
847191
871822
773895
855422
878178
880613
874025
855876
909483
880342
826411
883910
846074
897275
831533
855967
737124
874464
843816
901961
827696
851064
799781
846323
837953
850446
960596
821705
833700
830819
877666
835722
824619
887967
866962
840308
865815
791711
897106
858903
893736
878022
804469
756757
798619
789417
857143
830851
819251
796117
878889
822270
829947
954644
853524
832649
854348
818670
780043
845824
819780
820513
894850
819780
783754
837541
843054
874025
877348
898618
809524
856383
852211
886587
883978
739726
870432
833507
874299
894565
808714
825820
816901
807975
879781
907104
841624
915755
877252
857445
822882
860000
808930
837634
845820
819369
835676
869198
838503
881375
861798
856992
765673
851041
879237
845564
846154
871397
852371
806624
827476
858452
871901
895178
906048
775720
810086
834764
819706
882353
845666
827660
909190
827662
831557
814732
777423
862680
884361
858836
872054
816979
892157
907676
811530
839207
834931
846971
854234
845465
892617
773626
831285
794595
777906
789417
939732
829787
860963
768069
847778
844754
855615
855292
887665
873717
843478
821888
802575
764454
818681
800214
890558
861538
822173
848518
787911
846154
847514
903226
826455
813830
820928
796074
816575
754478
797342
764828
812570
782609
772582
783811
856988
786988
797872
865156
758997
835359
790306
791805
789802
791246
883696
798087
868852
801064
799353
828790
874033
756586
775194
916753
772166
732609
818278
761270
827736
818468
750820
868852
823350
855580
822072
758184
856383
852211
886587
883978
739726
870432
833507
874299
894565
808714
825820
816901
807975
879781
907104
841624
915755
877252
857445
822882
860000
808930
837634
845820
819369
835676
869198
838503
881375
861798
856992
765673
851041
879237
845564
846154
871397
852371
806624
827476
858452
871901
895178
906048
775720
810086
834764
819706
882353
845666
827660
909190
827662
831557
814732
777423
862680
884361
858836
872054
816979
892157
907676
811530
839207
834931
846971
854234
845465
892617
773626
831285
794595
777906
789417
939732
829787
860963
768069
847778
844754
855615
855292
887665
873717
843478
821888
802575
764454
818681
800214
890558
861538
822173
848518
787911
846154
847514
903226
826455
817021
867314
794984
902762
867229
789590
774194
848485
777174
835282
835041
838570
822665
822951
861202
787817
836980
792793
851109
821782
846316
815161
834409
794788
737758
868108
871308
728342
837029
804494
802966
787256
811610
825212
783133
819398
834812
839440
878205
771033
794297
803719
774633
833693
824074
797210
825107
820755
809368
844609
908511
797593
859495
828358
786830
794462
797342
827093
886853
803591
895259
786492
840249
829268
861233
804047
784272
847803
935050
870246
782418
795531
895135
795167
867171
835938
834043
888770
846818
833333
811563
844920
906048
842511
866530
867391
784335
828326
832976
865934
855769
894850
817582
854007
729967
814422
800446
806630
857143
801058
837234
909385
838604
840884
867229
848283
806452
824916
777174
859724
817623
873239
736621
800000
836066
833503
889497
816441
761352
819582
808421
787124
886022
826276
761697
864865
750000
810695
841463
871910
860169
839671
823658
886653
751369
837235
842553
847896
865867
909392
727081
854928
883455
866442
884783
814028
784836
804984
877230
827322
815957
820928
840785
818785
775553
901440
859521
748597
789130
838470
881148
825569
840504
850273
873224
807107
882932
871622
815206
865787
882105
826584
818280
816504
870511
846486
784810
880214
852550
869663
825212
835560
840088
790254
870756
812709
847007
862069
770299
798722
779022
805785
861635
912527
860082
803648
855150
748428
872549
855180
809574
878556
877058
902985
867188
783813
860465
842553
847896
865867
909392
727081
854928
883455
866442
884783
814028
784836
804984
877230
827322
953005
901523
874179
944820
800422
883388
892632
766355
837634
827362
852013
855135
897679
813904
812639
900000
899364
804728
870756
911017
841183
793757
921286
873922
904915
848775
911405
804752
922432
855292
911523
816524
845494
818658
897603
829810
826596
931072
875960
975480
908482
829606
883721
852423
842672
901235
845645
757081
902490
778271
841410
891374
870351
869239
786114
888143
917582
841341
797838
876870
872570
871652
896809
850267
770227
782222
856531
819251
904968
850220
869610
885870
786481
864807
885439
861538
864316
846567
857143
833150
830955
889714
889632
833149
870968
839153
837234
909385
838604
840884
867229
848283
806452
824916
777174
859724
817623
873239
736621
800000
836066
833503
889497
816441
761352
819582
808421
787124
886022
826276
761697
864865
750000
810695
841463
871910
860169
839671
823658
886653
751369
837235
839246
812500
795940
758253
837067
844008
770213
802589
856052
830939
805058
859358
765869
786756
809783
845909
818648
762730
834208
831694
851366
781726
843545
831081
721277
690399
704471
742541
708114
765227
708637
729517
739130
720510
665984
700975
650577
710383
706011
714721
687090
729730
690602
700770
690526
704050
708602
730727
751904
743784
732068
644920
767184
689888
684322
675231
720701
700212
752464
772575
747228
717672
712607
680511
678208
730372
727463
738661
682099
728541
746781
694969
716776
708245
698936
716630
720088
703625
739955
726305
723145
790749
732759
714927
675854
687364
769710
742794
764317
679446
750266
687031
788298
760518
850600
871823
831401
852713
797086
897868
761957
857598
744877
737811
852046
791257
871038
805076
762582
879505
847941
808581
804211
763240
811828
776330
870511
789189
857595
788235
811530
835955
727754
779034
779847
808263
722892
824972
824834
808190
869658
735889
801426
724174
785115
823974
796296
922747
784335
802935
816993
919662
840426
897155
825467
857143
743304
839191
849391
886564
772629
806958
805954
886710
788382
883592
840308
807242
747078
807074
861142
859060
834066
821229
870270
858458
811015
806920
844681
839572
786408
812222
907923
803209
806695
844714
738193
855435
765021
827253
838330
804396
756410
768240
806593
748628
861690
876988
843924
777901
806452
811640
706383
705502
667394
698343
613277
661130
688866
665544
688043
672689
592213
672806
614900
720219
655738
582741
642232
731982
567054
759076
602105
604361
684946
671010
680087
645405
648734
613904
644124
634831
582627
627955
631982
760593
672508
712375
810638
914779
837514
861878
872497
827243
842872
883277
815217
817216
823770
829902
742917
874317
844809
801015
869803
854730
880676
891089
822105
768432
933333
882736
778020
859459
853376
827807
834812
810112
825212
816033
864184
849576
811610
878484
824834
858836
715812
833866
879837
879132
778826
859611
813786
810086
840129
883648
864924
877378
863830
829322
825467
877399
848214
889244
788483
857930
845905
893378
770673
839869
836100
876940
850220
844515
837407
822079
797312
840045
863736
871508
768649
899885
805616
854911
905319
869519
817691
822222
839400
858824
874730
818282
801848
839130
856223
858369
800000
893204
788441
808840
806112
789590
706556
767677
838043
822529
820697
819068
799580
750820
920219
815228
879650
739865
872228
880088
840000
784008
884946
806732
775843
749189
797468
880851
837109
805889
901657
721812
893688
735692
851852
781522
821467
782787
874323
848898
868852
781421
858883
759300
799550
847941
801980
796842
845275
770968
823018
781284
828108
767932
804278
799335
813483
863347
788284
882804
899364
773275
789298
754989
908405
790598
725240
786151
846074
895178
852052
782922
917382
881974
850105
814815
745243
840426
912473
827662
815565
818080
807242
828350
785242
758621
874299
875413
818083
795643
842572
843612
811502
746015
859593
791713
870246
873626
768715
804324
875719
865011
819196
789362
790374
832794
854444
843683
755080
792657
856828
935318
722826
849785
905579
873662
830769
712607
828326
828571
766191
738749
780488
837235
782320
805300
815873
773404
846818
821156
792265
744995
702104
679501
716049
781522
651435
794057
700975
772298
802186
715847
772589
806346
796171
721225
739274
637895
758048
755914
740499
783460
654054
828059
759358
708426
760674
757415
701953
646221
752119
651698
837235
841463
684267
736111
767838
752546
734504
737945
763499
670782
811159
772532
771488
820261
686047
808511
810722
807903
730277
742188
752929
744186
823789
768319
804714
750827
833333
850622
710643
792952
740149
811902
729904
729003
732662
781319
798883
770811
805524
730022
783482
739362
847059
718447
774444
741970
828877
774298
708150
718686
757609
728541
730687
741970
801099
720213
833873
688113
738122
712329
703212
704475
739618
766304
719447
781762
746479
635887
781421
785792
784772
792123
787162
741288
807481
880851
837109
805889
901657
721812
893688
735692
851852
781522
821467
782787
874323
848898
868852
781421
858883
759300
799550
847941
801980
796842
845275
770968
823018
781284
828108
767932
804278
799335
813483
863347
788284
882804
899364
773275
789298
754989
908405
790598
725240
786151
846074
895178
852052
782922
917382
881974
850105
814815
745243
840426
912473
827662
815565
818080
807242
828350
785242
758621
874299
875413
818083
795643
842572
843612
811502
746015
859593
791713
870246
873626
768715
804324
875719
865011
819196
789362
790374
832794
854444
843683
755080
792657
856828
935318
722826
849785
905579
873662
830769
712607
828326
828571
766191
738749
780488
837235
782320
805300
815873
758511
769148
781897
739227
768177
807309
757544
803591
766304
791711
821721
812568
794334
800000
750820
802030
864333
871622
771911
771177
825263
755971
809677
782845
804135
779459
824895
792513
780488
822472
773305
724563
780851
797195
794984
773481
699684
867110
876171
716049
841304
798087
623975
774648
764953
782514
768306
871066
803063
845721
772967
844884
852632
796469
762366
888165
860718
762162
792194
803209
817073
764045
779661
804728
852136
762712
780942
797101
763858
764009
803419
694356
768839
857438
811321
807775
825103
785408
880901
824948
827887
842495
723404
765864
835346
811301
859375
791267
825028
803965
783405
751964
753032
808279
771784
791574
797357
671991
769394
829582
790594
860179
715385
880447
752432
795167
744060
738839
722340
859893
820928
735556
788009
783957
861771
817181
811088
866304
727468
793991
767666
806593
844017
763948
806593
789243
790340
772004
787068
839779
838710
746032
491489
422869
497274
510497
413066
433001
444329
483726
429348
497343
429303
464789
397692
534426
531148
433503
451860
539414
483633
504950
463158
435099
505376
500543
514690
460541
460970
463102
447894
467416
466102
514902
469880
430085
496166
473802
532151
494612
532051
525027
514257
411157
460168
510799
491770
528970
463519
375262
515251
598309
458511
492341
514819
458422
473214
461129
492802
470264
503233
547699
549063
495643
437759
527716
473568
494143
481403
433012
508399
525727
493407
443575
468108
467204
505400
545759
482979
425668
449838
463333
529979
445989
475162
506608
502053
490217
440987
526824
495717
494505
448718
471030
542857
434687
461032
446448
510591
472928
482719
482540
491489
422869
497274
510497
413066
433001
444329
483726
429348
497343
429303
464789
397692
534426
531148
884043
846818
961832
793370
758693
815061
840791
740741
802174
853348
776639
819068
858342
843716
860109
793909
910284
899775
841605
806381
861053
800623
861290
871878
822633
770811
794304
854545
796009
775281
802966
843782
746988
823093
848850
778149
855876
784483
893162
906283
816701
796809
824164
805889
853039
812434
892580
801249
823793
825000
842721
788934
803900
796432
861202
854645
951269
896061
856982
805702
908691
801053
848390
809677
813246
824810
700541
792194
879144
875831
906742
884534
792395
751369
759534
822563
801561
840355
827586
880342
720980
821792
876033
751572
826134
874486
814378
849785
741090
803922
791755
884043
812910
793633
836887
922991
840256
724468
795038
801527
777901
721812
838317
906348
845118
850000
927736
740779
908992
798531
890710
852459
813830
893204
866957
835359
782929
890365
845994
859708
894565
868225
812500
829902
875131
857923
869945
865990
826039
782658
775079
882288
808421
940810
870968
833876
862894
857297
773207
852406
900222
889888
890890
828366
828039
898305
878423
846154
819149
873786
779716
880663
805058
861573
845994
794613
795652
877790
809426
802817
793284
836066
887432
843655
840263
897523
903907
820682
777895
835929
764516
867535
780196
842162
833333
801070
808204
840449
784958
918808
909091
796610
866375
886288
907982
850216
805556
831736
811609
785124
777778
806695
ning `target/release/tester ../main`
ning `target/release/tester ../main`
ning `target/release/tester ../main`
ning `target/release/tester ../main`
ning `target/release/tester ../main`
ning `target/release/tester ../main`
ning `target/release/tester ../main`
ning `target/release/tester ../main`
ning `target/release/tester ../main`
ning `target/release/tester ../main`
ning `target/release/tester ../main`
ning `target/release/tester ../main`
ning `target/release/tester ../main`
ning `target/release/tester ../main`
ning `target/release/tester ../main`
ning `target/release/tester ../main`
ning `target/release/tester ../main`
ning `target/release/tester ../main`
ning `target/release/tester ../main`
ning `target/release/tester ../main`
ning `target/release/tester ../main`
ning `target/release/tester ../main`
ning `target/release/tester ../main`
820213
841424
833152
822099
775553
869324
861602
813692
896739
823592
849385
879740
783841
826230
893989
853807
851204
862613
896515
865787
917895
851506
887097
817590
812840
812973
808017
833155
821508
858511
822006
828790
868508
787144
910299
826223
884400
863043
842721
831967
848321
888772
877596
862295
792893
853392
895270
834213
796480
832632
840083
908511
856526
817884
875138
805058
805094
886576
793490
860870
799150
797131
798483
876180
860109
838251
776650
811816
906532
877508
869087
748421
813830
715210
862595
880663
730242
816168
873049
836139
832609
852285
835041
798483
748164
787978
826230
827411
838074
867117
776135
806381
750526
697819
880851
860841
841876
854144
709168
881506
778356
804714
854348
815090
830943
804984
856243
821858
808743
818274
862144
684685
900739
821782
774737
803738
779570
786102
853101
829189
743671
764706
856984
900000
761653
741007
838992
802966
788609
828317
812639
849138
841880
825346
781059
745868
876310
913607
711934
787554
748927
764151
748366
916490
775532
805252
815587
771855
856027
830671
872647
765419
878233
854097
876516
819172
852697
786031
822687
751864
848034
726688
867861
791946
726374
754190
778378
872267
809935
787946
839362
898396
807983
838889
674518
859893
735421
850220
854209
778261
836910
755365
784797
ning `target/release/tester ../main`
690171
825107
658242
760703
856202
817603
735786
798895
768433
835979
ning `target/release/tester ../main`
ning `target/release/tester ../main`
ning `target/release/tester ../main`
ning `target/release/tester ../main`
ning `target/release/tester ../main`
ning `target/release/tester ../main`
ning `target/release/tester ../main`
ning `target/release/tester ../main`
ning `target/release/tester ../main`
ning `target/release/tester ../main`
ning `target/release/tester ../main`
ning `target/release/tester ../main`
ning `target/release/tester ../main`
ning `target/release/tester ../main`
ning `target/release/tester ../main`
ning `target/release/tester ../main`
ning `target/release/tester ../main`
ning `target/release/tester ../main`
ning `target/release/tester ../main`
ning `target/release/tester ../main`
ning `target/release/tester ../main`
ning `target/release/tester ../main`
ning `target/release/tester ../main`
ning `target/release/tester ../main`
ning `target/release/tester ../main`
ning `target/release/tester ../main`
ning `target/release/tester ../main`
ning `target/release/tester ../main`
ning `target/release/tester ../main`
ning `target/release/tester ../main`
ning `target/release/tester ../main`
ning `target/release/tester ../main`
880851
837109
805889
901657
721812
893688
735692
851852
781522
821467
782787
874323
848898
868852
781421
858883
759300
799550
847941
801980
796842
845275
770968
823018
781284
828108
767932
804278
799335
813483
863347
788284
882804
899364
773275
789298
754989
908405
790598
725240
786151
846074
895178
852052
782922
917382
881974
850105
814815
745243
840426
912473
827662
815565
818080
807242
828350
785242
758621
874299
875413
818083
795643
842572
843612
811502
746015
859593
791713
800000
893204
788441
808840
806112
789590
706556
767677
838043
822529
820697
819068
799580
750820
920219
815228
879650
739865
872228
880088
840000
784008
884946
806732
775843
749189
797468
794652
723947
853933
781780
807811
787514
799788
789704
701226
797118
859914
752137
813632
815682
725207
808176
848812
820988
763948
825107
889937
846405
786469
838298
1000000
838639
907249
784598
869010
838317
898678
765086
854097
873208
873638
786307
862528
862335
827476
918172
822079
827548
734899
906593
755307
858378
819333
809935
796875
728723
895187
787487
822222
807281
734759
816415
839207
812115
720652
841202
864807
892934
791209
696581
799356
826374
712404
843030
813362
817168
796685
788018
835979
ning `target/release/tester ../main`
ning `target/release/tester ../main`
ning `target/release/tester ../main`
ning `target/release/tester ../main`
ning `target/release/tester ../main`
ning `target/release/tester ../main`
ning `target/release/tester ../main`
ning `target/release/tester ../main`
ning `target/release/tester ../main`
710638
631068
707743
650829
641728
767442
654527
776655
701087
648247
606557
690141
627492
666667
655738
597970
724289
647523
708553
759076
670526
673936
679570
649294
606094
684324
646624
674866
709534
719101
703390
651593
665936
645127
707558
750279
769401
701509
668803
677316
623218
690083
706499
660907
665638
635193
664163
674004
661220
698732
642553
690372
645445
654584
641741
783813
668882
679515
656250
742985
654906
668845
716805
719512
676211
678381
580234
681672
680851
644295
746154
683799
690811
712313
677106
684152
652128
620321
711974
747778
587794
678075
703024
693833
642710
685870
638412
746781
642398
696703
591880
704936
657143
669594
655324
700954
697882
638674
690092
663492
787234
883495
870229
812155
844046
928018
784599
891134
875000
857598
858607
866739
836306
925683
732240
812183
810722
802928
808870
898790
813684
786085
779570
852334
858542
902703
805907
732620
884701
907865
805085
780062
765608
871822
861993
866221
832594
810345
830128
774228
775967
808884
833333
875810
797325
863734
858369
799790
854031
837209
800000
924508
851811
889126
882813
822151
829457
911894
829741
859708
829107
810458
799793
925721
822687
806177
809777
830654
778275
868009
817582
874860
858378
901036
828294
860491
827660
914439
786408
774444
920771
919786
813175
867841
903491
833696
843348
849785
830835
863736
842949
800429
865934
802415
869374
831389
916388
849724
869816
831746
796809
824164
864776
836464
845100
788483
801249
795735
757609
793836
811475
860238
785939
841530
801093
783756
834792
751126
845829
810781
786316
726895
798925
885993
832427
832432
773207
790374
841463
791011
886653
788284
813801
798729
875137
750279
773836
807112
778846
825346
782077
842975
794549
708423
779835
748927
835837
759958
796296
820296
775532
833698
867179
857143
754464
801917
833887
830396
798491
865320
769570
802832
822614
794900
741189
731629
826780
821008
836506
846756
845055
853631
821622
861910
815335
824777
785106
780749
817691
800000
882227
809626
781857
758811
787474
840217
817597
851931
799786
857143
793803
841202
795604
756312
844127
747614
859532
804420
820276
779894
753191
701187
711014
739227
668072
737542
732570
767677
721739
735388
685451
749729
669465
769399
735519
742132
703501
792793
720169
793179
734737
708204
722581
780673
749728
748108
756329
690909
805987
762921
737288
702980
703176
709746
744797
763657
788248
739224
727564
710330
723014
700413
729560
719222
754115
731760
770386
668763
757081
707188
696809
716630
749726
736674
753348
731629
728682
761013
754310
765432
728776
790850
733402
729490
732379
756124
782147
717042
736842
723714
778022
762011
726486
751438
706263
755319
844660
791712
805525
821918
919158
845994
846240
791304
858661
864754
851571
693599
803279
856831
761421
723195
858108
740232
836084
789474
825545
783871
814332
731230
833514
745781
865241
776053
785393
856992
827338
789704
782839
838992
804905
825942
728448
884615
802982
822811
795455
775681
777538
843621
756438
800429
846960
785403
776956
868085
797593
746432
857143
812500
851970
852713
831498
839440
766554
828004
782135
707469
767184
843612
761448
814028
841372
809630
837808
826374
886034
801081
797468
822894
787946
840426
857754
832794
798889
753191
784250
874591
843094
744995
858250
806452
822671
846739
823592
863730
864572
813221
837158
844809
820305
822757
858108
824710
765677
855789
856698
812903
847991
836779
910270
834388
827807
805987
828090
867585
861254
882804
799788
794085
848384
849224
788793
820513
841321
750509
856383
852211
886587
883978
739726
870432
833507
874299
894565
808714
825820
816901
807975
879781
907104
841624
915755
877252
857445
822882
860000
808930
837634
845820
819369
835676
869198
838503
881375
861798
856992
765673
851041
879237
845564
846154
871397
852371
806624
827476
858452
871901
895178
906048
775720
810086
834764
819706
882353
845666
827660
909190
827662
831557
814732
777423
862680
884361
858836
872054
816979
892157
907676
811530
839207
834931
846971
854234
845465
892617
773626
831285
794595
777906
789417
939732
829787
860963
768069
847778
844754
855615
855292
887665
873717
843478
821888
802575
764454
818681
800214
890558
861538
822173
848518
787911
846154
847514
903226
826455
802128
836030
770992
877348
755532
819491
775234
870932
748913
840595
822746
789816
725079
856831
887432
900508
827133
924550
771911
861386
878947
776739
775269
779587
784548
837838
792194
841711
883592
879775
829449
849949
821468
812500
741512
782609
901330
823276
864316
800852
853360
842975
822851
806695
817901
828326
895923
813417
779956
885835
864894
907002
824369
811301
872768
842386
868217
812775
871767
789001
819184
762527
829876
865854
873348
806177
771520
818864
847704
819911
882418
808939
855135
817031
804536
887277
810638
843850
805825
855556
831906
821390
877970
822687
803901
846739
866953
869099
880086
862637
844017
866953
829670
794731
749726
804878
792553
804746
774264
888398
816649
850498
753382
881033
792391
863974
814549
768147
804827
877596
898361
927919
843545
843468
772967
867987
864211
805815
782796
739414
825898
848649
845992
854545
856984
931461
897246
823227
817087
893008
765608
773690
888027
859914
868590
813632
838086
901860
873166
801296
804527
815451
845494
799790
786492
831924
859574
909190
862788
831557
856383
763754
826609
867403
794521
821705
777315
836139
752174
888417
881148
794150
796432
868852
856831
955330
811816
857447
816613
813522
858564
782929
788483
833507
873176
801087
827843
807377
765980
856383
763754
826609
867403
794521
821705
777315
836139
752174
888417
881148
794150
796432
868852
856831
955330
811816
861486
818374
842684
860000
842160
812903
806732
805223
812973
863924
886631
910200
917978
845339
794450
822563
854873
750274
820513
889135
848060
865385
854100
846232
875000
862683
806695
813786
796137
856223
855346
827887
866808
934043
856383
852211
886587
883978
739726
870432
833507
874299
894565
808714
825820
816901
807975
879781
907104
841624
915755
877252
857445
822882
860000
808930
837634
845820
819369
835676
869198
838503
881375
861798
856992
765673
851041
879237
845564
846154
871397
852371
806624
827476
858452
871901
895178
906048
775720
810086
834764
819706
882353
845666
827660
909190
827662
798936
909385
806979
824309
909378
785161
907388
887767
881522
838470
804303
856988
810073
792350
848087
789848
804158
869369
877508
862486
847368
809969
906452
882736
825898
863784
860759
857754
788248
819101
860169
834532
842278
799788
869660
843924
782705
822198
768162
872340
855448
928026
853039
742887
903654
867846
888889
895652
867163
820697
804984
862539
872131
918033
848731
854486
818694
866948
790979
803158
856698
830108
847991
815016
793514
863924
808556
896896
875281
890890
869476
825849
865466
855422
830546
870288
862069
802350
827476
865580
845041
927673
832613
842593
799356
847639
809224
887800
828753
807447
840263
873765
929638
849330
842386
934662
832599
807447
823085
895311
837569
794521
859358
822060
840629
891304
853348
803279
771398
880378
881967
914754
835533
900438
911036
903907
870187
795789
765317
869892
770901
855277
829189
876582
790374
888027
867416
824153
796506
872946
849576
837897
862876
849224
848060
798077
796592
838086
872340
855448
928026
853039
742887
903654
867846
888889
895652
867163
820697
804984
862539
872131
918033
848731
854486
818694
866948
790979
803158
856698
830108
847991
815016
793514
863924
808556
896896
875281
890890
869476
825849
865466
855422
830546
870288
862069
802350
827476
865580
845041
927673
832613
842593
799356
847639
809224
887800
828753
807447
840263
873765
929638
849330
842386
934662
832599
837284
912458
773980
808279
819502
810421
904185
827476
806589
897106
857783
850112
903297
894972
779459
844649
838013
967634
813830
864171
719525
791111
812634
822460
892009
844714
874743
822826
833691
866953
835118
876923
837607
866953
869231
791438
812294
798515
860647
897238
913594
808466
168085
174757
175573
164641
144362
180509
182102
187430
158696
141339
163934
163597
188877
165027
210929
141117
184902
176802
143611
169417
150526
114226
184946
146580
171926
114595
106540
167914
165188
162921
172669
128469
175246
148305
170865
195095
156319
163793
172009
161874
154786
204545
186583
188985
119342
187768
157725
150943
143791
153277
170213
153173
186608
188699
161830
165069
161683
193833
174569
150393
198456
185185
152490
171840
165198
168264
131775
150054
179171
119687
147253
153073
166486
184120
165227
151786
155319
164706
137001
193333
178801
173262
145788
486170
458468
496183
485083
459431
493909
467222
465769
505435
459086
460041
474540
472193
481967
473224
444670
543764
541667
411827
469747
447368
474559
509677
438654
445049
448649
471519
471658
463415
506742
507415
456321
475356
433263
441402
471572
498891
490302
521368
417465
430754
472107
438155
456803
471193
443133
417382
872340
855448
928026
853039
742887
903654
867846
888889
895652
867163
820697
804984
862539
872131
918033
848731
854486
818694
866948
790979
803158
856698
830108
847991
815016
793514
863924
808556
896896
875281
890890
869476
825849
865466
855422
830546
870288
862069
802350
827476
865580
845041
927673
832613
842593
799356
847639
809224
887800
828753
807447
840263
873765
929638
849330
842386
934662
832599
837284
912458
773980
808279
819502
810421
904185
827476
806589
897106
857783
850112
903297
894972
779459
844649
838013
967634
813830
864171
719525
791111
812634
822460
892009
844714
874743
822826
833691
866953
835118
876923
837607
866953
869231
791438
812294
798515
860647
897238
913594
808466
573404
551241
570338
640884
615385
584718
545265
644220
642391
501594
592213
705309
575026
537705
646995
570558
648796
590090
557550
657866
571579
618899
607527
590662
599565
566486
574895
614973
644124
740449
686441
739979
645126
604873
547645
653289
687361
483836
618590
617678
535642
565083
552411
563715
504115
604077
640558
577568
601307
599366
545745
634573
669594
495736
597098
558040
542636
680617
581897
656566
573319
569717
575726
556541
511013
811702
759439
804798
782320
763962
758511
777778
676118
732597
711275
809524
750260
723906
748913
789586
715164
718310
779643
766120
704918
725888
812910
770270
782471
738174
814737
739356
843011
742671
775843
748108
760549
708021
773836
784270
745763
770812
771084
711864
763417
822742
850000
766990
742639
871823
713383
784053
845994
847363
785870
800213
785861
806067
748164
793443
785792
754315
843545
817568
769799
789879
814737
788162
808602
868621
792165
838919
790084
768984
860310
828090
806144
829394
807229
823093
825849
764771
858093
804957
833333
793397
790224
885331
765199
796976
788066
846567
763948
763103
796296
783298
792553
852298
774973
827292
787946
748669
853821
776432
733836
777778
791621
802832
835062
841463
797357
809372
798087
787781
809630
831096
847253
438298
433657
461287
462983
513172
476190
424558
434343
501087
528162
419057
504875
461700
566120
487432
462944
464989
514640
461457
856383
852211
886587
883978
739726
870432
833507
874299
894565
808714
825820
816901
807975
879781
907104
841624
915755
877252
857445
822882
860000
808930
837634
845820
819369
835676
869198
838503
881375
861798
856992
765673
851041
879237
845564
846154
871397
852371
806624
827476
858452
871901
895178
906048
775720
810086
834764
819706
882353
845666
827660
909190
819149
928803
862595
885083
791359
823920
844953
867565
840217
856536
758197
794150
868835
829508
857923
819289
857768
863739
809926
869087
807368
833853
840860
885993
803047
805405
816456
872727
837029
856180
837234
806904
857143
876243
737619
871539
866805
845118
855435
806589
863730
808234
799580
863388
909290
800000
871991
863739
852165
831683
878947
842160
837634
866450
811752
860541
789030
870588
804878
857303
810381
733813
836802
829449
801752
765886
941242
826509
842949
782748
857434
811983
795597
869330
846708
807940
912017
818658
932462
917548
828723
820569
843030
884861
871652
876464
882614
860132
850216
900112
896362
769063
896266
820399
882159
935037
849097
843516
872340
827740
879121
839106
783784
853855
813175
835938
888298
820321
844660
862222
832976
865241
938445
822687
863450
826087
797210
824034
814775
845055
816239
792918
838462
817783
845225
822906
858417
876243
866359
844444
787234
883495
870229
812155
844046
928018
784599
891134
875000
857598
858607
866739
836306
925683
732240
812183
810722
802928
808870
898790
813684
786085
779570
852334
858542
902703
805907
732620
884701
907865
805085
780062
765608
871822
861993
866221
832594
810345
830128
774228
775967
808884
833333
875810
797325
863734
858369
799790
854031
837209
769149
710895
707743
695028
700738
754153
796046
757576
741304
753454
673156
730228
661070
768306
721311
668020
712254
685811
708553
750275
670526
625130
715054
739414
735582
690811
727848
721925
753880
755056
726695
664954
744797
677966
702081
727982
758315
719828
712607
685836
685336
694215
679245
699784
654321
664163
679185
638365
757081
728330
730851
707877
729967
697228
681920
772098
746401
788546
738147
720539
704520
770153
731328
751663
745595
682641
717322
689175
707727
741611
725275
734078
752432
726122
725702
745536
671277
699465
736785
746667
713062
726203
711663
752203
652977
721739
733906
754292
717345
784615
755342
704936
712088
742042
746432
653234
771460
738122
707373
679365
495745
546926
491821
510497
463646
433001
494277
497194
438043
569607
618852
509209
614900
546448
531148
688325
449672
527027
551214
504950
614737
511942
418280
500543
465724
513514
588608
526203
447894
482022
533898
539568
626506
477754
435926
473802
554324
523707
486111
537806
662933
535124
628931
598272
531893
713830
766990
762268
766851
794521
764120
686785
589226
768478
773645
827869
778982
771249
739891
655738
901523
699125
826596
783172
752454
887293
753425
840532
728408
771044
768478
763018
702869
794150
840504
820765
856831
704569
805252
850225
833157
910891
747368
801661
783871
849077
723613
803243
819620
715508
829268
861798
752119
758479
855422
ning `target/release/tester ../main`
ning `target/release/tester ../main`
ning `target/release/tester ../main`
ning `target/release/tester ../main`
ning `target/release/tester ../main`
ning `target/release/tester ../main`
ning `target/release/tester ../main`
ning `target/release/tester ../main`
ning `target/release/tester ../main`
ning `target/release/tester ../main`
ning `target/release/tester ../main`
725532
847896
805889
855249
813488
810631
856400
846240
786957
826780
849385
853738
822665
742077
874317
805076
842451
782658
678986
805281
867368
758048
820430
789359
866159
846486
830169
777540
787140
638298
760518
711014
713812
713383
646733
826223
625140
735870
738576
718238
851571
655824
687432
693989
779695
483589
700450
676874
712871
702105
746625
689247
786102
739935
598919
745781
793583
567627
808989
676907
707091
717415
712924
651698
664437
666297
701509
746795
760383
765784
765496
688679
654428
780864
753191
807983
788441
850829
746048
787375
755463
826038
809783
820404
787910
744312
805876
780328
831694
734010
757447
843581
812432
899448
805058
871539
823101
923681
878261
750266
811475
867822
695698
804372
878689
759391
861050
828829
778247
819582
730526
780893
779570
856678
757345
899459
833333
875936
838137
753191
800431
756816
832044
836670
837209
803330
803591
863043
757705
878074
786566
776495
765027
777049
841624
793217
846847
810982
796480
816842
817238
741935
706840
798694
884324
753191
800431
756816
832044
836670
837209
803330
803591
863043
757705
878074
786566
776495
765027
777049
841624
793217
846847
810982
796480
816842
817238
741935
706840
798694
884324
717300
779679
822616
837079
858051
847893
844469
842161
782037
812709
786031
881466
912393
855165
767821
753191
800431
756816
832044
836670
837209
803330
803591
863043
757705
878074
786566
776495
765027
777049
841624
793217
846847
810982
796480
816842
817238
741935
706840
757447
843581
812432
899448
805058
871539
823101
923681
878261
750266
811475
867822
757447
843581
812432
899448
805058
871539
823101
923681
878261
750266
811475
867822
695698
804372
878689
759391
861050
828829
757447
843581
812432
899448
805058
871539
823101
923681
878261
750266
811475
867822
695698
804372
878689
698936
779935
814613
824309
737619
789590
843913
819304
822826
798087
845287
827736
772298
814208
836066
779695
827133
799550
760296
810781
767368
792316
796774
813246
792165
856216
716245
792513
798226
862921
814619
821172
831325
854873
796276
803790
758315
822340
857605
826609
792265
771338
787375
800208
866442
782609
772582
835041
829902
759706
780328
833880
778680
787746
833333
804646
789879
800000
755971
804301
802389
764962
892973
763713
779679
776053
889888
831568
807811
865279
843220
826944
801561
855876
753191
800431
756816
832044
836670
837209
803330
803591
863043
757705
878074
786566
776495
765027
777049
841624
793217
846847
810982
796480
816842
817238
741935
706840
798694
884324
717300
779679
537234
532902
491821
510497
429926
433001
494277
497194
438043
620616
527664
509209
558237
455738
531148
562437
449672
527027
543823
504950
649474
507788
418280
500543
505985
513514
604430
500535
447894
482022
512712
527235
543264
477754
435926
473802
554324
479526
486111
537806
614053
549587
563941
618790
559671
615880
515021
511530
515251
605708
546809
603939
576290
594883
472098
532481
492802
612335
593750
490460
554576
504357
526971
449002
504405
516507
511158
579850
508399
525727
482418
526257
459459
525892
590713
440848
568085
525134
532902
463333
617773
499465
451404
403084
498973
491304
534335
479614
492505
494505
488248
626609
618681
562020
474204
537646
477146
453039
578341
514286
954255
970874
868048
877348
916754
899225
932362
875421
947826
931987
915984
846154
889822
873224
920219
896447
924508
870495
898627
894389
914737
874351
921505
921824
948857
975135
947257
893048
851441
904494
895127
914697
915663
826271
925520
972129
919069
976293
976496
908413
838086
851240
909853
987041
876543
957082
921674
897275
880174
928118
931915
907002
923161
947761
822545
905218
909192
968062
895474
937149
932745
971678
902490
923503
968062
891374
930925
901393
877940
884787
948352
862570
926486
911392
913607
960938
900000
897326
919094
932222
921842
920856
935205
903084
860370
863043
962446
931330
962527
959341
926282
906652
924176
890231
916575
992577
909699
875138
904378
929101
902128
850054
861505
877660
923409
940022
934807
877766
891473
812695
906846
907609
895855
877049
906826
920252
848087
845902
850761
928884
858108
880676
808581
927368
824507
878495
892508
847661
899459
836498
781818
822616
952809
859110
854060
848850
853814
868565
965440
945676
917026
886752
782748
828921
908058
888889
899568
826132
870172
893777
877358
812636
956660
855319
885120
877058
847548
870536
840256
788483
931718
859914
919192
859978
937908
811203
852550
890969
879659
848034
894962
891377
909396
909890
931844
883243
899885
869330
834821
900000
864171
886731
896667
849036
925134
938445
868943
852156
866304
865880
869099
866167
885714
855769
885193
860440
936334
901207
829268
831661
946961
930876
858201
877660
923409
940022
934807
877766
891473
812695
906846
907609
895855
877049
906826
920252
848087
845902
850761
856383
852211
886587
883978
739726
870432
833507
874299
894565
808714
825820
816901
807975
879781
907104
841624
915755
877252
857445
822882
860000
808930
837634
845820
819369
835676
869198
838503
881375
861798
856992
765673
851041
879237
845564
846154
871397
852371
806624
827476
858452
871901
895178
906048
775720
810086
834764
819706
882353
845666
827660
909190
827662
831557
814732
777423
862680
884361
858836
872054
816979
892157
907676
811530
839207
834931
846971
854234
845465
892617
773626
831285
794595
777906
789417
939732
829787
860963
768069
847778
844754
855615
855292
887665
873717
843478
821888
802575
764454
818681
800214
890558
861538
822173
848518
787911
846154
847514
903226
826455
770213
802589
887677
865193
825079
794020
793965
866442
777174
826780
842213
813651
781742
796721
815301
837563
781182
825450
787751
910891
827368
819315
795699
783931
830250
874595
824895
789305
766075
817978
817797
780062
818182
801907
792990
743590
809313
857759
801282
831736
767821
762397
831237
855292
791152
832618
778970
850105
802832
805497
812766
821663
784852
841151
781250
847710
818383
812775
906250
787879
884234
769063
836100
835920
835903
780618
837407
845659
734602
825503
768132
782123
770811
811277
801296
808036
862766
843850
807983
867778
808351
817112
855292
779736
806982
843478
830472
780043
807281
792308
840812
809013
858242
802415
821076
844115
808250
869613
847926
819048
