0 1566 1575 1264 1194 1449 1136 0 1207 0 1373 1424 0 1662 0 1401 1491 2417 0 2223 1470 2320 1463 1306 0 738 1463 863 0 0 1935 1332 1018 1131 1409 1917 1188 1 0 0 1378 1097 1832 1241 1507 2387 1607 1207 1289 1401 0 1556 0 0 1709 0 1499 927 1362 1262 1538 1472 903 1515 811 2383 1492 1191 0 1486 1512 0 5 1009 1337 1879 1154 1104 2117 1518 1074 0 0 2271 1569 0 561 1785 0 0 1667 2201 1 1094 1531 0 0 2004 0 2121 
0 0 0 1 0 1 1 1 0 1 0 0 0 1 0 0 1 0 1 0 1 0 1 1 0 0 0 0 1 0 0 1 0 0 0 1 0 1 1 0 0 0 1 0 1 0 1 0 0 1 1 0 1 0 1 0 1 1 0 0 0 0 0 0 1 1 0 0 1 0 1 0 0 0 0 0 1 1 0 0 1 0 1 0 0 1 1 0 0 0 0 1 0 0 0 1 1 0 1 1 0 0 0 1 0 1 1 0 0 0 0 0 1 1 0 0 1 0 0 0 0 0 0 1 0 1 1 0 1 0 0 0 0 1 1 0 1 0 1 1 0 0 1 0 0 0 0 0 1 0 1 0 1 1 0 0 0 1 0 0 0 0 0 0 0 0 0 0 1 0 0 0 1 0 1 1 0 1 1 0 0 0 1 0 1 0 1 0 0 0 0 0 1 0 0 1 0 1 1 0 0 0 0 0 0 0 0 1 0 1 0 0 0 1 0 0 1 1 1 0 0 0 0 0 1 0 0 1 0 0 0 0 0 0 0 1 1 1 1 1 0 0 0 0 1 0 0 1 1 0 0 0 0 0 0 0 0 0 0 0 0 1 1 0 1 0 0 1 0 1 0 1 0 0 0 0 0 1 1 0 1 0 0 0 
0 1564 1575 1228 1145 1106 1055 0 1207 0 1373 1417 0 1662 0 1401 1491 2417 0 2223 1470 2320 1463 1126 0 526 1463 837 0 0 1935 1353 802 1069 1320 0 1188 0 0 0 1182 1090 1832 1241 1507 2387 1589 1191 1265 1401 0 1556 0 0 1709 0 1499 917 71 1260 1538 1472 903 1515 0 2383 1492 1157 0 1278 1512 0 0 1009 1337 1863 978 0 2117 1518 1074 0 0 2271 1569 0 516 1647 0 0 1667 2201 0 1094 1531 0 0 1978 0 2121 
0 0 0 1 0 1 1 1 0 1 0 0 0 1 0 0 1 0 1 0 1 0 1 1 0 0 0 0 1 0 0 1 0 0 0 1 0 1 1 0 0 0 1 0 1 0 1 0 0 1 1 0 1 0 1 0 1 1 0 0 0 0 0 0 1 1 0 0 1 0 1 0 0 0 0 0 1 1 0 0 1 0 1 0 0 1 1 0 0 0 0 1 0 0 0 1 1 0 1 1 0 0 0 1 0 1 1 0 0 0 0 0 1 1 0 0 1 0 0 0 0 0 0 1 0 1 1 0 1 0 0 0 0 1 1 0 1 0 1 1 0 0 1 0 0 0 0 0 1 0 1 0 1 1 0 0 0 1 0 0 0 0 0 0 0 0 0 0 1 0 0 0 1 0 1 1 0 1 1 0 0 0 1 0 1 0 1 0 0 0 0 0 1 0 0 1 0 1 1 0 0 0 0 0 0 0 0 1 0 1 0 0 0 1 0 0 1 1 1 0 0 0 0 0 1 0 0 1 0 0 0 0 0 0 0 1 1 1 1 1 0 0 0 0 1 0 0 1 1 0 0 0 0 0 0 0 0 0 0 0 0 1 1 0 1 0 0 1 0 1 0 1 0 0 0 0 0 1 1 0 1 0 0 0 
0 1564 1575 1220 1137 1106 1037 0 1207 0 1373 1417 0 1662 0 1400 1491 2417 13 2223 1493 2320 1463 1079 0 108 1463 837 0 0 1932 1283 3 1058 1303 0 1188 0 20 0 1179 1071 1832 1241 1507 2387 1589 1191 1265 1401 0 1556 0 0 1709 0 1499 749 0 1259 1529 1472 903 1515 0 2383 1492 0 0 0 1512 0 0 1009 1337 1861 0 0 2117 1518 1074 0 0 2271 1569 10 426 1499 0 0 1667 2201 0 1094 1531 0 0 1978 0 2139 
0 0 0 1 0 1 1 1 0 1 0 0 0 1 0 0 1 0 1 0 1 0 1 1 0 0 0 0 1 0 0 1 0 0 0 1 0 1 1 0 0 0 1 0 1 0 1 0 0 1 1 0 1 0 1 0 1 1 0 0 0 0 0 0 1 1 0 0 1 0 1 0 0 0 0 0 1 1 0 0 1 0 1 0 0 1 1 0 0 0 0 1 0 0 0 1 1 0 1 1 0 0 0 1 0 1 1 0 0 0 0 0 1 1 0 0 1 0 0 0 0 0 0 1 0 1 1 0 1 0 0 0 0 1 1 0 1 0 1 1 0 0 1 0 0 0 0 0 1 0 1 0 1 1 0 0 0 1 0 0 0 0 0 0 0 0 0 0 1 0 0 0 1 0 1 1 0 1 1 0 0 0 1 0 1 0 1 0 0 0 0 0 1 0 0 1 0 1 1 0 0 0 0 0 0 0 0 1 0 1 0 0 0 1 0 0 1 1 1 0 0 0 0 0 1 0 0 1 0 0 0 0 0 0 0 1 1 1 1 1 0 0 0 0 1 0 0 1 1 0 0 0 0 0 0 0 0 0 0 0 0 1 1 0 1 0 0 1 0 1 0 1 0 0 0 0 0 1 1 0 1 0 0 0 
0 1554 1575 1220 1137 1094 1010 0 1207 0 1373 1417 0 1662 0 1400 1491 2417 0 2223 1493 2320 0 1079 0 0 1743 837 0 0 1932 1283 0 1058 1303 0 1178 0 0 15 1090 1054 1832 1241 1507 2387 1589 1191 1265 1401 0 1556 0 0 1709 14 1499 735 0 1259 1529 1472 903 1515 0 2383 1492 0 0 0 1512 0 0 1009 1337 1861 0 0 2117 1518 1074 0 0 2271 1569 0 426 1483 0 0 1667 2201 0 1094 1531 0 0 1978 0 2123 
0 0 0 1 0 1 1 1 0 1 0 0 0 1 0 0 1 0 1 0 1 0 1 1 0 0 0 0 1 0 0 1 0 0 0 1 0 1 1 0 0 0 1 0 1 0 1 0 0 1 1 0 1 0 1 0 1 1 0 0 0 0 0 0 1 1 0 0 1 0 1 0 0 0 0 0 1 1 0 0 1 0 1 0 0 1 1 0 0 0 0 1 0 0 0 1 1 0 1 1 0 0 0 1 0 1 1 0 0 0 0 0 1 1 0 0 1 0 0 0 0 0 0 1 0 1 1 0 1 0 0 0 0 1 1 0 1 0 1 1 0 0 1 0 0 0 0 0 1 0 1 0 1 1 0 0 0 1 0 0 0 0 0 0 0 0 0 0 1 0 0 0 1 0 1 1 0 1 1 0 0 0 1 0 1 0 1 0 0 0 0 0 1 0 0 1 0 1 1 0 0 0 0 0 0 0 0 1 0 1 0 0 0 1 0 0 1 1 1 0 0 0 0 0 1 0 0 1 0 0 0 0 0 0 0 1 1 1 1 1 0 0 0 0 1 0 0 1 1 0 0 0 0 0 0 0 0 0 0 0 0 1 1 0 1 0 0 1 0 1 0 1 0 0 0 0 0 1 1 0 1 0 0 0 
0 1554 1575 1220 1137 1094 1010 0 1207 2 1522 1417 0 1662 0 1400 1491 2417 0 2223 1493 2320 0 1079 0 0 1743 837 0 0 1932 1283 0 1058 1303 0 1178 0 0 0 1090 1054 1832 1241 1507 2387 1589 1191 1265 1401 0 1556 0 0 1709 0 1499 735 0 1259 1529 1472 903 1515 0 2383 1492 0 0 0 1512 0 0 1009 1337 1861 0 0 2117 1518 1074 0 0 2271 1569 0 426 1483 0 0 1667 2201 0 0 1531 0 0 1978 0 2123 
0 0 0 1 0 1 1 1 0 1 0 0 0 1 0 0 1 0 1 0 1 0 1 1 0 0 0 0 1 0 0 1 0 0 0 1 0 1 1 0 0 0 1 0 1 0 1 0 0 1 1 0 1 0 1 0 1 1 0 0 0 0 0 0 1 1 0 0 1 0 1 0 0 0 0 0 1 1 0 0 1 0 1 0 0 1 1 0 0 0 0 1 0 0 0 1 1 0 1 1 0 0 0 1 0 1 1 0 0 0 0 0 1 1 0 0 1 0 0 0 0 0 0 1 0 1 1 0 1 0 0 0 0 1 1 0 1 0 1 1 0 0 1 0 0 0 0 0 1 0 1 0 1 1 0 0 0 1 0 0 0 0 0 0 0 0 0 0 1 0 0 0 1 0 1 1 0 1 1 0 0 0 1 0 1 0 1 0 0 0 0 0 1 0 0 1 0 1 1 0 0 0 0 0 0 0 0 1 0 1 0 0 0 1 0 0 1 1 1 0 0 0 0 0 1 0 0 1 0 0 0 0 0 0 0 1 1 1 1 1 0 0 0 0 1 0 0 1 1 0 0 0 0 0 0 0 0 0 0 0 0 1 1 0 1 0 0 1 0 1 0 1 0 0 0 0 0 1 1 0 1 0 0 0 
0 1554 1575 1220 1137 1086 1008 0 1207 0 1522 1417 0 1662 0 1400 1491 2417 0 2223 1478 2320 5 1069 7 0 1743 837 0 0 1932 1283 0 1058 1296 0 1178 0 0 0 1090 1054 1832 1241 1507 2387 1589 1191 1259 1401 0 1556 0 0 1709 0 1499 715 0 1259 1529 1472 903 1515 18 2383 1492 0 0 0 1512 0 0 1009 1337 1861 0 0 2117 1518 1074 0 0 2271 1569 0 426 1483 0 0 1667 2201 0 0 1531 0 0 1978 0 2123 
0 0 0 1 0 1 1 1 0 1 0 0 0 1 0 0 1 0 1 0 1 0 1 1 0 0 0 0 1 0 0 1 0 0 0 1 0 1 1 0 0 0 1 0 1 0 1 0 0 1 1 0 1 0 1 0 1 1 0 0 0 0 0 0 1 1 0 0 1 0 1 0 0 0 0 0 1 1 0 0 1 0 1 0 0 1 1 0 0 0 0 1 0 0 0 1 1 0 1 1 0 0 0 1 0 1 1 0 0 0 0 0 1 1 0 0 1 0 0 0 0 0 0 1 0 1 1 0 1 0 0 0 0 1 1 0 1 0 1 1 0 0 1 0 0 0 0 0 1 0 1 0 1 1 0 0 0 1 0 0 0 0 0 0 0 0 0 0 1 0 0 0 1 0 1 1 0 1 1 0 0 0 1 0 1 0 1 0 0 0 0 0 1 0 0 1 0 1 1 0 0 0 0 0 0 0 0 1 0 1 0 0 0 1 0 0 1 1 1 0 0 0 0 0 1 0 0 1 0 0 0 0 0 0 0 1 1 1 1 1 0 0 0 0 1 0 0 1 1 0 0 0 0 0 0 0 0 0 0 0 0 1 1 0 1 0 0 1 0 1 0 1 0 0 0 0 0 1 1 0 1 0 0 0 
0 1554 1575 1218 1137 1086 1008 0 1207 0 1522 1417 0 1662 0 1400 1491 2417 0 2223 1478 2320 0 1069 0 0 1743 837 0 0 1932 1283 0 1058 1296 0 1178 0 0 0 1090 1054 1832 1241 1507 2387 1589 1191 1259 1401 0 1556 7 0 1709 0 1499 715 0 1259 1529 1472 903 1515 18 2383 1492 0 0 0 1512 0 0 1009 1337 1861 0 0 2117 1518 1074 0 0 2271 1569 1 426 1483 0 0 1667 2201 0 0 1531 0 0 1978 0 2123 
0 0 0 1 0 1 1 1 0 1 0 0 0 1 0 0 1 0 1 0 1 0 1 1 0 0 0 0 1 0 0 1 0 0 0 1 0 1 1 0 0 0 1 0 1 0 1 0 0 1 1 0 1 0 1 0 1 1 0 0 0 0 0 0 1 1 0 0 1 0 1 0 0 0 0 0 1 1 0 0 1 0 1 0 0 1 1 0 0 0 0 1 0 0 0 1 1 0 1 1 0 0 0 1 0 1 1 0 0 0 0 0 1 1 0 0 1 0 0 0 0 0 0 1 0 1 1 0 1 0 0 0 0 1 1 0 1 0 1 1 0 0 1 0 0 0 0 0 1 0 1 0 1 1 0 0 0 1 0 0 0 0 0 0 0 0 0 0 1 0 0 0 1 0 1 1 0 1 1 0 0 0 1 0 1 0 1 0 0 0 0 0 1 0 0 1 0 1 1 0 0 0 0 0 0 0 0 1 0 1 0 0 0 1 0 0 1 1 1 0 0 0 0 0 1 0 0 1 0 0 0 0 0 0 0 1 1 1 1 1 0 0 0 0 1 0 0 1 1 0 0 0 0 0 0 0 0 0 0 0 0 1 1 0 1 0 0 1 0 1 0 1 0 0 0 0 0 1 1 0 1 0 0 0 
14 1552 1575 1217 1137 1082 1008 0 1207 1 1522 1417 0 1662 0 1400 1491 2417 0 2223 0 2320 0 1069 0 0 1743 837 0 0 1932 1283 0 1058 1296 0 1178 0 3 0 1090 1048 1832 1241 1507 2387 1589 1191 1259 1401 0 1556 0 0 1709 0 1499 714 0 1259 1529 1472 903 1515 0 2383 1492 0 0 0 1871 0 0 1009 1337 1860 0 0 2117 1513 1074 0 0 2271 1569 0 426 1483 2 0 1667 2201 0 4 1531 0 0 1978 2 2123 
0 0 0 1 0 1 1 1 0 1 0 0 0 1 0 0 1 0 1 0 1 0 1 1 0 0 0 0 1 0 0 1 0 0 0 1 0 1 1 0 0 0 1 0 1 0 1 0 0 1 1 0 1 0 1 0 1 1 0 0 0 0 0 0 1 1 0 0 1 0 1 0 0 0 0 0 1 1 0 0 1 0 1 0 0 1 1 0 0 0 0 1 0 0 0 1 1 0 1 1 0 0 0 1 0 1 1 0 0 0 0 0 1 1 0 0 1 0 0 0 0 0 0 1 0 1 1 0 1 0 0 0 0 1 1 0 1 0 1 1 0 0 1 0 0 0 0 0 1 0 1 0 1 1 0 0 0 1 0 0 0 0 0 0 0 0 0 0 1 0 0 0 1 0 1 1 0 1 1 0 0 0 1 0 1 0 1 0 0 0 0 0 1 0 0 1 0 1 1 0 0 0 0 0 0 0 0 1 0 1 0 0 0 1 0 0 1 1 1 0 0 0 0 0 1 0 0 1 0 0 0 0 0 0 0 1 1 1 1 1 0 0 0 0 1 0 0 1 1 0 0 0 0 0 0 0 0 0 0 0 0 1 1 0 1 0 0 1 0 1 0 1 0 0 0 0 0 1 1 0 1 0 0 0 
0 1552 1575 1217 1137 1082 1008 0 1207 0 1522 1417 0 1662 0 1395 1491 2417 0 2223 0 2320 0 1069 0 2 1743 837 0 0 1932 1283 0 1058 1296 0 1178 0 0 0 1090 1048 1830 1241 1507 2387 1589 1190 1255 1401 0 1556 0 0 1709 0 1499 714 0 1259 1529 1472 903 1515 0 2383 1492 10 0 0 1871 12 0 1009 1337 1860 0 0 2117 1513 1074 0 0 2271 1569 0 426 1483 8 0 1667 2201 0 4 1531 0 0 1978 0 2123 
0 0 0 1 0 1 1 1 0 1 0 0 0 1 0 0 1 0 1 0 1 0 1 1 0 0 0 0 1 0 0 1 0 0 0 1 0 1 1 0 0 0 1 0 1 0 1 0 0 1 1 0 1 0 1 0 1 1 0 0 0 0 0 0 1 1 0 0 1 0 1 0 0 0 0 0 1 1 0 0 1 0 1 0 0 1 1 0 0 0 0 1 0 0 0 1 1 0 1 1 0 0 0 1 0 1 1 0 0 0 0 0 1 1 0 0 1 0 0 0 0 0 0 1 0 1 1 0 1 0 0 0 0 1 1 0 1 0 1 1 0 0 1 0 0 0 0 0 1 0 1 0 1 1 0 0 0 1 0 0 0 0 0 0 0 0 0 0 1 0 0 0 1 0 1 1 0 1 1 0 0 0 1 0 1 0 1 0 0 0 0 0 1 0 0 1 0 1 1 0 0 0 0 0 0 0 0 1 0 1 0 0 0 1 0 0 1 1 1 0 0 0 0 0 1 0 0 1 0 0 0 0 0 0 0 1 1 1 1 1 0 0 0 0 1 0 0 1 1 0 0 0 0 0 0 0 0 0 0 0 0 1 1 0 1 0 0 1 0 1 0 1 0 0 0 0 0 1 1 0 1 0 0 0 
0 1552 1572 1217 1137 1082 1008 0 1207 1 1522 1417 0 1662 0 1394 1491 2417 0 2223 0 2320 0 1069 0 0 1743 837 0 0 1932 1283 0 1058 1296 0 1178 0 0 0 1090 1048 1830 1241 1507 2387 1589 1190 1255 1401 0 1556 0 18 1709 0 1499 714 0 1259 1529 1472 903 1515 6 2383 1492 0 0 0 1871 0 0 1009 1337 1860 0 0 2117 1513 1074 0 0 2271 1569 0 426 1483 8 0 1667 2201 0 0 1531 0 0 1978 0 2122 
0 0 0 1 0 1 1 1 0 1 0 0 0 1 0 0 1 0 1 0 1 0 1 1 0 0 0 0 1 0 0 1 0 0 0 1 0 1 1 0 0 0 1 0 1 0 1 0 0 1 1 0 1 0 1 0 1 1 0 0 0 0 0 0 1 1 0 0 1 0 1 0 0 0 0 0 1 1 0 0 1 0 1 0 0 1 1 0 0 0 0 1 0 0 0 1 1 0 1 1 0 0 0 1 0 1 1 0 0 0 0 0 1 1 0 0 1 0 0 0 0 0 0 1 0 1 1 0 1 0 0 0 0 1 1 0 1 0 1 1 0 0 1 0 0 0 0 0 1 0 1 0 1 1 0 0 0 1 0 0 0 0 0 0 0 0 0 0 1 0 0 0 1 0 1 1 0 1 1 0 0 0 1 0 1 0 1 0 0 0 0 0 1 0 0 1 0 1 1 0 0 0 0 0 0 0 0 1 0 1 0 0 0 1 0 0 1 1 1 0 0 0 0 0 1 0 0 1 0 0 0 0 0 0 0 1 1 1 1 1 0 0 0 0 1 0 0 1 1 0 0 0 0 0 0 0 0 0 0 0 0 1 1 0 1 0 0 1 0 1 0 1 0 0 0 0 0 1 1 0 1 0 0 0 
1 1552 1572 1217 1137 1082 1008 0 1207 0 1522 1417 0 1662 0 1394 1491 2417 0 2223 0 2320 0 1069 0 0 1743 837 0 0 1932 1283 0 1058 1296 0 1178 0 0 0 1090 1048 1830 1241 1507 2387 1589 1190 1255 1401 0 1556 0 0 1709 0 1499 714 0 1259 1529 1472 903 1515 0 2383 1492 0 0 0 1871 0 0 1009 1337 1860 0 0 2117 1513 1074 0 0 2271 1569 0 426 1483 0 0 1667 2201 0 0 1531 0 0 1978 0 2122 
0 0 0 1 0 1 1 1 0 1 0 0 0 1 0 0 1 0 1 0 1 0 1 1 0 0 0 0 1 0 0 1 0 0 0 1 0 1 1 0 0 0 1 0 1 0 1 0 0 1 1 0 1 0 1 0 1 1 0 0 0 0 0 0 1 1 0 0 1 0 1 0 0 0 0 0 1 1 0 0 1 0 1 0 0 1 1 0 0 0 0 1 0 0 0 1 1 0 1 1 0 0 0 1 0 1 1 0 0 0 0 0 1 1 0 0 1 0 0 0 0 0 0 1 0 1 1 0 1 0 0 0 0 1 1 0 1 0 1 1 0 0 1 0 0 0 0 0 1 0 1 0 1 1 0 0 0 1 0 0 0 0 0 0 0 0 0 0 1 0 0 0 1 0 1 1 0 1 1 0 0 0 1 0 1 0 1 0 0 0 0 0 1 0 0 1 0 1 1 0 0 0 0 0 0 0 0 1 0 1 0 0 0 1 0 0 1 1 1 0 0 0 0 0 1 0 0 1 0 0 0 0 0 0 0 1 1 1 1 1 0 0 0 0 1 0 0 1 1 0 0 0 0 0 0 0 0 0 0 0 0 1 1 0 1 0 0 1 0 1 0 1 0 0 0 0 0 1 1 0 1 0 0 0 
0 1552 1572 1217 1137 1082 1008 0 1207 0 1522 1417 0 1662 0 1394 1491 2417 0 2331 0 2320 0 1069 0 0 1743 837 0 0 1932 1283 0 1058 1296 0 1178 0 0 0 1090 1048 1830 1241 1507 2387 1589 1190 1255 1401 0 1556 0 0 1709 0 1499 714 0 1259 1529 1472 903 1515 0 2383 1492 0 0 0 1871 0 0 1009 1337 1860 0 0 2117 0 1074 0 0 2271 1569 0 426 1483 0 0 1667 2201 0 0 1531 0 0 1978 0 2122 
0 0 0 1 0 1 1 1 0 1 0 0 0 1 0 0 1 0 1 0 1 0 1 1 0 0 0 0 1 0 0 1 0 0 0 1 0 1 1 0 0 0 1 0 1 0 1 0 0 1 1 0 1 0 1 0 1 1 0 0 0 0 0 0 1 1 0 0 1 0 1 0 0 0 0 0 1 1 0 0 1 0 1 0 0 1 1 0 0 0 0 1 0 0 0 1 1 0 1 1 0 0 0 1 0 1 1 0 0 0 0 0 1 1 0 0 1 0 0 0 0 0 0 1 0 1 1 0 1 0 0 0 0 1 1 0 1 0 1 1 0 0 1 0 0 0 0 0 1 0 1 0 1 1 0 0 0 1 0 0 0 0 0 0 0 0 0 0 1 0 0 0 1 0 1 1 0 1 1 0 0 0 1 0 1 0 1 0 0 0 0 0 1 0 0 1 0 1 1 0 0 0 0 0 0 0 0 1 0 1 0 0 0 1 0 0 1 1 1 0 0 0 0 0 1 0 0 1 0 0 0 0 0 0 0 1 1 1 1 1 0 0 0 0 1 0 0 1 1 0 0 0 0 0 0 0 0 0 0 0 0 1 1 0 1 0 0 1 0 1 0 1 0 0 0 0 0 1 1 0 1 0 0 0 
0 1552 1572 1217 1137 1082 1008 0 1207 0 1522 1417 0 1662 0 1394 1491 2417 0 2331 0 2320 0 1069 0 0 1743 837 0 0 1932 1283 0 1058 1296 0 1178 0 0 0 1090 1048 1830 1241 1507 2387 1589 1190 1255 1401 0 2172 0 0 1709 0 1499 714 0 1259 1529 1472 903 1515 0 2383 1492 0 0 0 0 0 0 1009 1337 1860 0 5 2117 0 1074 0 0 2271 1569 0 426 1483 0 0 1667 2201 0 0 1531 0 0 1978 0 2122 
0 0 0 1 0 1 1 1 0 1 0 0 0 1 0 0 1 0 1 0 1 0 1 1 0 0 0 0 1 0 0 1 0 0 0 1 0 1 1 0 0 0 1 0 1 0 1 0 0 1 1 0 1 0 1 0 1 1 0 0 0 0 0 0 1 1 0 0 1 0 1 0 0 0 0 0 1 1 0 0 1 0 1 0 0 1 1 0 0 0 0 1 0 0 0 1 1 0 1 1 0 0 0 1 0 1 1 0 0 0 0 0 1 1 0 0 1 0 0 0 0 0 0 1 0 1 1 0 1 0 0 0 0 1 1 0 1 0 1 1 0 0 1 0 0 0 0 0 1 0 1 0 1 1 0 0 0 1 0 0 0 0 0 0 0 0 0 0 1 0 0 0 1 0 1 1 0 1 1 0 0 0 1 0 1 0 1 0 0 0 0 0 1 0 0 1 0 1 1 0 0 0 0 0 0 0 0 1 0 1 0 0 0 1 0 0 1 1 1 0 0 0 0 0 1 0 0 1 0 0 0 0 0 0 0 1 1 1 1 1 0 0 0 0 1 0 0 1 1 0 0 0 0 0 0 0 0 0 0 0 0 1 1 0 1 0 0 1 0 1 0 1 0 0 0 0 0 1 1 0 1 0 0 0 
0 1552 1572 1217 1137 1082 1008 0 1207 0 1522 1417 0 1662 0 1394 1491 2417 0 2331 0 2320 3 1069 0 0 1743 837 0 0 1932 1283 0 1058 1296 0 1178 0 0 0 1090 1048 1830 1241 1507 2387 1589 1190 1255 1401 0 2172 0 0 1709 0 1499 714 0 1259 1529 1472 903 1515 0 2383 1492 0 0 0 0 0 0 1009 1337 1860 0 0 2117 0 1074 0 0 2271 1569 0 426 1483 0 0 1667 2201 0 0 1531 0 5 1978 0 2122 
0 0 0 1 0 1 1 1 0 1 0 0 0 1 0 0 1 0 1 0 1 0 1 1 0 0 0 0 1 0 0 1 0 0 0 1 0 1 1 0 0 0 1 0 1 0 1 0 0 1 1 0 1 0 1 0 1 1 0 0 0 0 0 0 1 1 0 0 1 0 1 0 0 0 0 0 1 1 0 0 1 0 1 0 0 1 1 0 0 0 0 1 0 0 0 1 1 0 1 1 0 0 0 1 0 1 1 0 0 0 0 0 1 1 0 0 1 0 0 0 0 0 0 1 0 1 1 0 1 0 0 0 0 1 1 0 1 0 1 1 0 0 1 0 0 0 0 0 1 0 1 0 1 1 0 0 0 1 0 0 0 0 0 0 0 0 0 0 1 0 0 0 1 0 1 1 0 1 1 0 0 0 1 0 1 0 1 0 0 0 0 0 1 0 0 1 0 1 1 0 0 0 0 0 0 0 0 1 0 1 0 0 0 1 0 0 1 1 1 0 0 0 0 0 1 0 0 1 0 0 0 0 0 0 0 1 1 1 1 1 0 0 0 0 1 0 0 1 1 0 0 0 0 0 0 0 0 0 0 0 0 1 1 0 1 0 0 1 0 1 0 1 0 0 0 0 0 1 1 0 1 0 0 0 
0 1552 1571 1217 1137 1082 1008 9 1207 0 1522 1417 0 1662 0 1394 1491 2417 0 2331 0 2320 0 1069 0 0 1743 837 0 0 1932 1283 0 1058 1296 0 1178 0 0 0 1090 1048 1830 1241 1507 2387 1589 1190 1255 1401 0 2172 2 0 1709 0 1499 712 0 1259 1528 1472 903 1515 0 2383 1492 0 0 13 0 0 0 1009 1337 1860 0 5 2117 0 1074 0 13 2271 1569 8 426 1483 0 6 1667 2201 0 0 1531 0 1 1978 0 2122 
0 0 0 1 0 1 1 1 0 1 0 0 0 1 0 0 1 0 1 0 1 0 1 1 0 0 0 0 1 0 0 1 0 0 0 1 0 1 1 0 0 0 1 0 1 0 1 0 0 1 1 0 1 0 1 0 1 1 0 0 0 0 0 0 1 1 0 0 1 0 1 0 0 0 0 0 1 1 0 0 1 0 1 0 0 1 1 0 0 0 0 1 0 0 0 1 1 0 1 1 0 0 0 1 0 1 1 0 0 0 0 0 1 1 0 0 1 0 0 0 0 0 0 1 0 1 1 0 1 0 0 0 0 1 1 0 1 0 1 1 0 0 1 0 0 0 0 0 1 0 1 0 1 1 0 0 0 1 0 0 0 0 0 0 0 0 0 0 1 0 0 0 1 0 1 1 0 1 1 0 0 0 1 0 1 0 1 0 0 0 0 0 1 0 0 1 0 1 1 0 0 0 0 0 0 0 0 1 0 1 0 0 0 1 0 0 1 1 1 0 0 0 0 0 1 0 0 1 0 0 0 0 0 0 0 1 1 1 1 1 0 0 0 0 1 0 0 1 1 0 0 0 0 0 0 0 0 0 0 0 0 1 1 0 1 0 0 1 0 1 0 1 0 0 0 0 0 1 1 0 1 0 0 0 
0 1552 1571 1217 1137 1082 1008 0 1207 0 1522 1417 0 1662 0 1394 1491 2417 5 2331 0 2320 0 1069 0 0 1743 837 0 0 1932 1283 16 1058 1296 0 1178 0 0 0 1090 1048 1830 1241 1507 2387 1589 1190 1255 1401 0 2172 0 0 1709 0 1499 712 0 1259 1528 1472 903 1515 0 2383 1492 0 0 0 0 0 0 1009 1337 1860 0 0 2117 0 1074 0 0 2271 1569 0 426 1483 0 0 1667 2201 0 0 1531 0 0 1978 0 2122 
0 0 0 1 0 1 1 1 0 1 0 0 0 1 0 0 1 0 1 0 1 0 1 1 0 0 0 0 1 0 0 1 0 0 0 1 0 1 1 0 0 0 1 0 1 0 1 0 0 1 1 0 1 0 1 0 1 1 0 0 0 0 0 0 1 1 0 0 1 0 1 0 0 0 0 0 1 1 0 0 1 0 1 0 0 1 1 0 0 0 0 1 0 0 0 1 1 0 1 1 0 0 0 1 0 1 1 0 0 0 0 0 1 1 0 0 1 0 0 0 0 0 0 1 0 1 1 0 1 0 0 0 0 1 1 0 1 0 1 1 0 0 1 0 0 0 0 0 1 0 1 0 1 1 0 0 0 1 0 0 0 0 0 0 0 0 0 0 1 0 0 0 1 0 1 1 0 1 1 0 0 0 1 0 1 0 1 0 0 0 0 0 1 0 0 1 0 1 1 0 0 0 0 0 0 0 0 1 0 1 0 0 0 1 0 0 1 1 1 0 0 0 0 0 1 0 0 1 0 0 0 0 0 0 0 1 1 1 1 1 0 0 0 0 1 0 0 1 1 0 0 0 0 0 0 0 0 0 0 0 0 1 1 0 1 0 0 1 0 1 0 1 0 0 0 0 0 1 1 0 1 0 0 0 
0 1552 1571 1217 1137 1082 1008 0 1207 0 1522 1417 0 1662 0 1394 1491 2417 1 2331 0 2320 0 1069 0 0 1743 837 0 0 1932 1283 17 1058 1296 0 1178 0 0 0 1090 1048 1830 1241 1507 2387 1589 1190 1255 1401 0 2172 0 0 1709 0 1499 712 0 1259 1528 1472 903 1515 0 2383 1492 0 0 0 0 9 0 1007 1337 1860 0 0 2117 6 1074 0 0 2271 1569 2 426 1483 0 0 1667 2201 0 0 1531 0 0 1978 0 2122 
0 0 0 1 0 1 1 1 0 1 0 0 0 1 0 0 1 0 1 0 1 0 1 1 0 0 0 0 1 0 0 1 0 0 0 1 0 1 1 0 0 0 1 0 1 0 1 0 0 1 1 0 1 0 1 0 1 1 0 0 0 0 0 0 1 1 0 0 1 0 1 0 0 0 0 0 1 1 0 0 1 0 1 0 0 1 1 0 0 0 0 1 0 0 0 1 1 0 1 1 0 0 0 1 0 1 1 0 0 0 0 0 1 1 0 0 1 0 0 0 0 0 0 1 0 1 1 0 1 0 0 0 0 1 1 0 1 0 1 1 0 0 1 0 0 0 0 0 1 0 1 0 1 1 0 0 0 1 0 0 0 0 0 0 0 0 0 0 1 0 0 0 1 0 1 1 0 1 1 0 0 0 1 0 1 0 1 0 0 0 0 0 1 0 0 1 0 1 1 0 0 0 0 0 0 0 0 1 0 1 0 0 0 1 0 0 1 1 1 0 0 0 0 0 1 0 0 1 0 0 0 0 0 0 0 1 1 1 1 1 0 0 0 0 1 0 0 1 1 0 0 0 0 0 0 0 0 0 0 0 0 1 1 0 1 0 0 1 0 1 0 1 0 0 0 0 0 1 1 0 1 0 0 0 
3 1552 1571 1217 1137 1082 1008 0 1207 15 1522 1417 0 1662 0 1394 1491 2417 7 2331 0 2320 0 1069 0 0 1743 837 0 0 1932 1283 1 1058 1296 0 1178 0 0 0 1090 1048 1830 1241 1507 2387 1589 1190 1255 1401 0 2172 0 0 1709 0 1499 712 0 1259 1528 1472 903 1515 0 2383 1492 0 0 0 0 0 1 1007 1337 1860 0 0 2117 0 1074 0 0 2271 1569 0 426 1483 0 0 1667 2201 0 4 1531 0 0 1978 0 2122 
0 0 0 1 0 1 1 1 0 1 0 0 0 1 0 0 1 0 1 0 1 0 1 1 0 0 0 0 1 0 0 1 0 0 0 1 0 1 1 0 0 0 1 0 1 0 1 0 0 1 1 0 1 0 1 0 1 1 0 0 0 0 0 0 1 1 0 0 1 0 1 0 0 0 0 0 1 1 0 0 1 0 1 0 0 1 1 0 0 0 0 1 0 0 0 1 1 0 1 1 0 0 0 1 0 1 1 0 0 0 0 0 1 1 0 0 1 0 0 0 0 0 0 1 0 1 1 0 1 0 0 0 0 1 1 0 1 0 1 1 0 0 1 0 0 0 0 0 1 0 1 0 1 1 0 0 0 1 0 0 0 0 0 0 0 0 0 0 1 0 0 0 1 0 1 1 0 1 1 0 0 0 1 0 1 0 1 0 0 0 0 0 1 0 0 1 0 1 1 0 0 0 0 0 0 0 0 1 0 1 0 0 0 1 0 0 1 1 1 0 0 0 0 0 1 0 0 1 0 0 0 0 0 0 0 1 1 1 1 1 0 0 0 0 1 0 0 1 1 0 0 0 0 0 0 0 0 0 0 0 0 1 1 0 1 0 0 1 0 1 0 1 0 0 0 0 0 1 1 0 1 0 0 0 
3 1552 1571 1217 1137 1082 1008 0 1207 0 1522 1417 0 1662 0 1394 1491 2417 0 2331 0 2320 11 1069 0 0 1743 837 0 0 1932 1283 0 1058 1296 0 1178 0 0 0 1090 1048 1830 1241 1507 2387 1589 1190 1255 1401 0 2172 0 0 1709 0 1499 712 8 1259 1528 1472 903 1515 5 2383 1492 0 0 0 0 0 0 1007 1337 1860 0 0 2117 0 1074 0 0 2271 1569 0 426 1483 0 0 1667 2201 0 0 1531 0 0 1978 0 2122 
0 0 0 1 0 1 1 1 0 1 0 0 0 1 0 0 1 0 1 0 1 0 1 1 0 0 0 0 1 0 0 1 0 0 0 1 0 1 1 0 0 0 1 0 1 0 1 0 0 1 1 0 1 0 1 0 1 1 0 0 0 0 0 0 1 1 0 0 1 0 1 0 0 0 0 0 1 1 0 0 1 0 1 0 0 1 1 0 0 0 0 1 0 0 0 1 1 0 1 1 0 0 0 1 0 1 1 0 0 0 0 0 1 1 0 0 1 0 0 0 0 0 0 1 0 1 1 0 1 0 0 0 0 1 1 0 1 0 1 1 0 0 1 0 0 0 0 0 1 0 1 0 1 1 0 0 0 1 0 0 0 0 0 0 0 0 0 0 1 0 0 0 1 0 1 1 0 1 1 0 0 0 1 0 1 0 1 0 0 0 0 0 1 0 0 1 0 1 1 0 0 0 0 0 0 0 0 1 0 1 0 0 0 1 0 0 1 1 1 0 0 0 0 0 1 0 0 1 0 0 0 0 0 0 0 1 1 1 1 1 0 0 0 0 1 0 0 1 1 0 0 0 0 0 0 0 0 0 0 0 0 1 1 0 1 0 0 1 0 1 0 1 0 0 0 0 0 1 1 0 1 0 0 0 
0 1552 1571 1217 1137 1082 1008 0 1207 0 1522 1417 0 1662 0 1394 1491 2417 0 2331 0 2320 0 1069 0 0 1743 837 0 0 1997 1283 0 1058 1296 0 1178 0 0 0 1090 1048 1830 1241 1507 2387 1589 1190 1255 1401 0 2172 0 0 1709 0 1499 712 0 1259 1528 1472 903 1515 0 2383 1492 0 0 0 0 0 0 1007 1337 1860 0 0 2117 0 1074 6 0 2271 1569 0 426 0 0 0 1667 2201 0 0 1531 0 0 1978 0 2122 
0 0 0 1 0 1 1 1 0 1 0 0 0 1 0 0 1 0 1 0 1 0 1 1 0 0 0 0 1 0 0 1 0 0 0 1 0 1 1 0 0 0 1 0 1 0 1 0 0 1 1 0 1 0 1 0 1 1 0 0 0 0 0 0 1 1 0 0 1 0 1 0 0 0 0 0 1 1 0 0 1 0 1 0 0 1 1 0 0 0 0 1 0 0 0 1 1 0 1 1 0 0 0 1 0 1 1 0 0 0 0 0 1 1 0 0 1 0 0 0 0 0 0 1 0 1 1 0 1 0 0 0 0 1 1 0 1 0 1 1 0 0 1 0 0 0 0 0 1 0 1 0 1 1 0 0 0 1 0 0 0 0 0 0 0 0 0 0 1 0 0 0 1 0 1 1 0 1 1 0 0 0 1 0 1 0 1 0 0 0 0 0 1 0 0 1 0 1 1 0 0 0 0 0 0 0 0 1 0 1 0 0 0 1 0 0 1 1 1 0 0 0 0 0 1 0 0 1 0 0 0 0 0 0 0 1 1 1 1 1 0 0 0 0 1 0 0 1 1 0 0 0 0 0 0 0 0 0 0 0 0 1 1 0 1 0 0 1 0 1 0 1 0 0 0 0 0 1 1 0 1 0 0 0 
0 1552 1571 1217 1137 1082 1008 0 1207 0 1522 1417 0 1662 0 1394 1491 2417 0 2331 4 2320 0 1069 0 0 1743 837 0 0 1997 1283 0 1058 1296 0 1178 0 0 0 1088 1048 1830 1241 1507 2387 1587 1190 1255 1401 0 2172 0 0 1709 0 1499 711 0 1259 1528 1472 903 1515 0 2383 1492 0 8 0 0 0 9 1007 1337 1860 0 0 2117 0 1074 0 0 2271 1569 0 426 0 0 0 1667 2201 0 0 1531 0 0 1978 0 2122 
0 0 0 1 0 1 1 1 0 1 0 0 0 1 0 0 1 0 1 0 1 0 1 1 0 0 0 0 1 0 0 1 0 0 0 1 0 1 1 0 0 0 1 0 1 0 1 0 0 1 1 0 1 0 1 0 1 1 0 0 0 0 0 0 1 1 0 0 1 0 1 0 0 0 0 0 1 1 0 0 1 0 1 0 0 1 1 0 0 0 0 1 0 0 0 1 1 0 1 1 0 0 0 1 0 1 1 0 0 0 0 0 1 1 0 0 1 0 0 0 0 0 0 1 0 1 1 0 1 0 0 0 0 1 1 0 1 0 1 1 0 0 1 0 0 0 0 0 1 0 1 0 1 1 0 0 0 1 0 0 0 0 0 0 0 0 0 0 1 0 0 0 1 0 1 1 0 1 1 0 0 0 1 0 1 0 1 0 0 0 0 0 1 0 0 1 0 1 1 0 0 0 0 0 0 0 0 1 0 1 0 0 0 1 0 0 1 1 1 0 0 0 0 0 1 0 0 1 0 0 0 0 0 0 0 1 1 1 1 1 0 0 0 0 1 0 0 1 1 0 0 0 0 0 0 0 0 0 0 0 0 1 1 0 1 0 0 1 0 1 0 1 0 0 0 0 0 1 1 0 1 0 0 0 
0 1552 1571 1217 1137 1082 1008 0 1207 0 1522 1417 0 1662 0 1394 1491 2417 0 2331 0 2320 0 1067 6 0 1743 837 0 0 1997 1283 0 1058 1296 0 1178 0 0 0 1088 1048 1830 1241 1507 2387 1587 1190 1255 1401 0 2172 0 0 1709 0 1499 711 0 1259 1528 1472 903 1515 0 2383 1492 0 0 0 0 0 0 1007 1337 1860 0 4 2117 0 1074 0 0 2271 1569 3 426 0 0 0 1667 2201 0 0 1531 0 0 1978 0 2121 
0 0 0 1 0 1 1 1 0 1 0 0 0 1 0 0 1 0 1 0 1 0 1 1 0 0 0 0 1 0 0 1 0 0 0 1 0 1 1 0 0 0 1 0 1 0 1 0 0 1 1 0 1 0 1 0 1 1 0 0 0 0 0 0 1 1 0 0 1 0 1 0 0 0 0 0 1 1 0 0 1 0 1 0 0 1 1 0 0 0 0 1 0 0 0 1 1 0 1 1 0 0 0 1 0 1 1 0 0 0 0 0 1 1 0 0 1 0 0 0 0 0 0 1 0 1 1 0 1 0 0 0 0 1 1 0 1 0 1 1 0 0 1 0 0 0 0 0 1 0 1 0 1 1 0 0 0 1 0 0 0 0 0 0 0 0 0 0 1 0 0 0 1 0 1 1 0 1 1 0 0 0 1 0 1 0 1 0 0 0 0 0 1 0 0 1 0 1 1 0 0 0 0 0 0 0 0 1 0 1 0 0 0 1 0 0 1 1 1 0 0 0 0 0 1 0 0 1 0 0 0 0 0 0 0 1 1 1 1 1 0 0 0 0 1 0 0 1 1 0 0 0 0 0 0 0 0 0 0 0 0 1 1 0 1 0 0 1 0 1 0 1 0 0 0 0 0 1 1 0 1 0 0 0 
0 1552 1571 1217 1137 1082 1008 0 1207 0 1522 1416 0 1662 0 1394 1491 2417 0 2331 6 2320 0 1067 0 5 1743 837 0 0 1997 1283 0 1058 1296 11 1178 0 0 0 1088 1048 1830 1241 1507 2387 1587 1190 1255 1401 0 2172 0 0 1709 0 1499 711 2 1259 1528 1472 903 1515 0 2383 1492 1 0 0 0 0 0 1007 1337 1860 0 0 2117 0 1074 10 0 2271 1569 0 426 0 0 0 1667 2201 0 0 1531 0 0 1978 0 2121 
0 0 0 1 0 1 1 1 0 1 0 0 0 1 0 0 1 0 1 0 1 0 1 1 0 0 0 0 1 0 0 1 0 0 0 1 0 1 1 0 0 0 1 0 1 0 1 0 0 1 1 0 1 0 1 0 1 1 0 0 0 0 0 0 1 1 0 0 1 0 1 0 0 0 0 0 1 1 0 0 1 0 1 0 0 1 1 0 0 0 0 1 0 0 0 1 1 0 1 1 0 0 0 1 0 1 1 0 0 0 0 0 1 1 0 0 1 0 0 0 0 0 0 1 0 1 1 0 1 0 0 0 0 1 1 0 1 0 1 1 0 0 1 0 0 0 0 0 1 0 1 0 1 1 0 0 0 1 0 0 0 0 0 0 0 0 0 0 1 0 0 0 1 0 1 1 0 1 1 0 0 0 1 0 1 0 1 0 0 0 0 0 1 0 0 1 0 1 1 0 0 0 0 0 0 0 0 1 0 1 0 0 0 1 0 0 1 1 1 0 0 0 0 0 1 0 0 1 0 0 0 0 0 0 0 1 1 1 1 1 0 0 0 0 1 0 0 1 1 0 0 0 0 0 0 0 0 0 0 0 0 1 1 0 1 0 0 1 0 1 0 1 0 0 0 0 0 1 1 0 1 0 0 0 
0 1552 1571 1217 1137 1082 1008 0 1207 0 1522 1416 0 1662 0 1394 1491 2417 0 2331 0 2320 0 1067 0 0 1743 837 0 9 1997 1283 0 1058 1296 0 1178 5 0 0 1088 1048 1830 1241 1507 2387 1587 1190 1255 1401 0 2172 0 0 1709 0 1499 711 0 1259 1528 1472 903 1515 0 2383 1492 0 0 0 0 0 0 1007 1337 1860 0 0 2117 2 1074 0 0 2271 1569 0 426 1 0 0 1667 2201 2 0 1531 0 5 1978 0 2121 
0 0 0 1 0 1 1 1 0 1 0 0 0 1 0 0 1 0 1 0 1 0 1 1 0 0 0 0 1 0 0 1 0 0 0 1 0 1 1 0 0 0 1 0 1 0 1 0 0 1 1 0 1 0 1 0 1 1 0 0 0 0 0 0 1 1 0 0 1 0 1 0 0 0 0 0 1 1 0 0 1 0 1 0 0 1 1 0 0 0 0 1 0 0 0 1 1 0 1 1 0 0 0 1 0 1 1 0 0 0 0 0 1 1 0 0 1 0 0 0 0 0 0 1 0 1 1 0 1 0 0 0 0 1 1 0 1 0 1 1 0 0 1 0 0 0 0 0 1 0 1 0 1 1 0 0 0 1 0 0 0 0 0 0 0 0 0 0 1 0 0 0 1 0 1 1 0 1 1 0 0 0 1 0 1 0 1 0 0 0 0 0 1 0 0 1 0 1 1 0 0 0 0 0 0 0 0 1 0 1 0 0 0 1 0 0 1 1 1 0 0 0 0 0 1 0 0 1 0 0 0 0 0 0 0 1 1 1 1 1 0 0 0 0 1 0 0 1 1 0 0 0 0 0 0 0 0 0 0 0 0 1 1 0 1 0 0 1 0 1 0 1 0 0 0 0 0 1 1 0 1 0 0 0 
0 1552 1571 1217 1137 1082 1008 0 1207 0 1522 1416 0 1662 0 1394 1491 2417 0 2331 0 2320 0 1067 0 0 1743 837 0 0 1997 1283 0 1058 1296 0 1178 0 4 0 1088 1048 1830 1241 1507 2387 1587 1190 1255 1401 0 2172 0 0 1709 0 1499 711 0 1259 1528 1472 903 1515 0 2383 1492 0 0 0 0 0 0 1007 1337 1860 0 0 2117 0 1074 0 0 2271 1569 0 426 0 0 0 1667 2201 2 0 1531 18 0 1978 0 2121 
0 0 0 1 0 1 1 1 0 1 0 0 0 1 0 0 1 0 1 0 1 0 1 1 0 0 0 0 1 0 0 1 0 0 0 1 0 1 1 0 0 0 1 0 1 0 1 0 0 1 1 0 1 0 1 0 1 1 0 0 0 0 0 0 1 1 0 0 1 0 1 0 0 0 0 0 1 1 0 0 1 0 1 0 0 1 1 0 0 0 0 1 0 0 0 1 1 0 1 1 0 0 0 1 0 1 1 0 0 0 0 0 1 1 0 0 1 0 0 0 0 0 0 1 0 1 1 0 1 0 0 0 0 1 1 0 1 0 1 1 0 0 1 0 0 0 0 0 1 0 1 0 1 1 0 0 0 1 0 0 0 0 0 0 0 0 0 0 1 0 0 0 1 0 1 1 0 1 1 0 0 0 1 0 1 0 1 0 0 0 0 0 1 0 0 1 0 1 1 0 0 0 0 0 0 0 0 1 0 1 0 0 0 1 0 0 1 1 1 0 0 0 0 0 1 0 0 1 0 0 0 0 0 0 0 1 1 1 1 1 0 0 0 0 1 0 0 1 1 0 0 0 0 0 0 0 0 0 0 0 0 1 1 0 1 0 0 1 0 1 0 1 0 0 0 0 0 1 1 0 1 0 0 0 
0 1552 1571 1217 1137 1082 1008 0 1207 0 1522 1416 0 1662 0 1394 1491 2417 0 2331 0 2320 0 1067 0 0 1743 837 0 0 1997 1283 0 1058 1296 0 1178 0 2 0 1088 1048 1830 1241 1507 2387 1587 1190 1255 1401 0 2172 0 0 1709 0 1499 711 0 1259 1524 1472 903 1515 0 2383 1492 0 0 0 0 0 0 1007 1337 1859 0 0 2117 0 1074 0 0 2271 1569 0 426 18 0 0 1667 2201 0 0 1531 0 0 1978 0 2121 
0 0 0 1 0 1 1 1 0 1 0 0 0 1 0 0 1 0 1 0 1 0 1 1 0 0 0 0 1 0 0 1 0 0 0 1 0 1 1 0 0 0 1 0 1 0 1 0 0 1 1 0 1 0 1 0 1 1 0 0 0 0 0 0 1 1 0 0 1 0 1 0 0 0 0 0 1 1 0 0 1 0 1 0 0 1 1 0 0 0 0 1 0 0 0 1 1 0 1 1 0 0 0 1 0 1 1 0 0 0 0 0 1 1 0 0 1 0 0 0 0 0 0 1 0 1 1 0 1 0 0 0 0 1 1 0 1 0 1 1 0 0 1 0 0 0 0 0 1 0 1 0 1 1 0 0 0 1 0 0 0 0 0 0 0 0 0 0 1 0 0 0 1 0 1 1 0 1 1 0 0 0 1 0 1 0 1 0 0 0 0 0 1 0 0 1 0 1 1 0 0 0 0 0 0 0 0 1 0 1 0 0 0 1 0 0 1 1 1 0 0 0 0 0 1 0 0 1 0 0 0 0 0 0 0 1 1 1 1 1 0 0 0 0 1 0 0 1 1 0 0 0 0 0 0 0 0 0 0 0 0 1 1 0 1 0 0 1 0 1 0 1 0 0 0 0 0 1 1 0 1 0 0 0 
0 1552 1571 1217 1137 1082 1008 0 1207 0 1522 1416 0 1662 0 1394 1491 2417 0 2331 0 2320 0 1067 0 0 1743 837 0 0 1997 1283 0 1058 1296 0 1178 0 0 0 1088 1048 1830 1241 1507 2387 1587 1190 1255 1401 16 2172 0 0 1709 0 1499 711 0 1259 1524 1472 903 1515 0 2383 1492 0 0 0 0 0 0 1007 1337 1859 0 0 2117 0 1074 0 0 2271 1569 0 426 0 0 0 1667 2201 0 0 1531 0 0 1978 1 2121 
0 0 0 1 0 1 1 1 0 1 0 0 0 1 0 0 1 0 1 0 1 0 1 1 0 0 0 0 1 0 0 1 0 0 0 1 0 1 1 0 0 0 1 0 1 0 1 0 0 1 1 0 1 0 1 0 1 1 0 0 0 0 0 0 1 1 0 0 1 0 1 0 0 0 0 0 1 1 0 0 1 0 1 0 0 1 1 0 0 0 0 1 0 0 0 1 1 0 1 1 0 0 0 1 0 1 1 0 0 0 0 0 1 1 0 0 1 0 0 0 0 0 0 1 0 1 1 0 1 0 0 0 0 1 1 0 1 0 1 1 0 0 1 0 0 0 0 0 1 0 1 0 1 1 0 0 0 1 0 0 0 0 0 0 0 0 0 0 1 0 0 0 1 0 1 1 0 1 1 0 0 0 1 0 1 0 1 0 0 0 0 0 1 0 0 1 0 1 1 0 0 0 0 0 0 0 0 1 0 1 0 0 0 1 0 0 1 1 1 0 0 0 0 0 1 0 0 1 0 0 0 0 0 0 0 1 1 1 1 1 0 0 0 0 1 0 0 1 1 0 0 0 0 0 0 0 0 0 0 0 0 1 1 0 1 0 0 1 0 1 0 1 0 0 0 0 0 1 1 0 1 0 0 0 
0 1552 1571 1217 1137 0 1462 0 1207 0 1522 1416 0 1662 0 1394 1491 2417 0 2331 0 2320 0 1067 0 0 1743 837 0 0 1997 1283 0 1058 1296 0 1178 0 0 0 1088 1048 1830 1241 1507 2387 1587 1190 1255 1401 0 2172 0 0 1709 0 1499 711 0 1259 1524 1472 903 1515 0 2383 1492 0 0 0 0 0 0 1007 1337 1859 0 0 2117 5 1074 0 0 2271 1569 0 426 0 0 0 1667 2201 2 0 1531 0 0 1978 0 2121 
0 0 0 1 0 1 1 1 0 1 0 0 0 1 0 0 1 0 1 0 1 0 1 1 0 0 0 0 1 0 0 1 0 0 0 1 0 1 1 0 0 0 1 0 1 0 1 0 0 1 1 0 1 0 1 0 1 1 0 0 0 0 0 0 1 1 0 0 1 0 1 0 0 0 0 0 1 1 0 0 1 0 1 0 0 1 1 0 0 0 0 1 0 0 0 1 1 0 1 1 0 0 0 1 0 1 1 0 0 0 0 0 1 1 0 0 1 0 0 0 0 0 0 1 0 1 1 0 1 0 0 0 0 1 1 0 1 0 1 1 0 0 1 0 0 0 0 0 1 0 1 0 1 1 0 0 0 1 0 0 0 0 0 0 0 0 0 0 1 0 0 0 1 0 1 1 0 1 1 0 0 0 1 0 1 0 1 0 0 0 0 0 1 0 0 1 0 1 1 0 0 0 0 0 0 0 0 1 0 1 0 0 0 1 0 0 1 1 1 0 0 0 0 0 1 0 0 1 0 0 0 0 0 0 0 1 1 1 1 1 0 0 0 0 1 0 0 1 1 0 0 0 0 0 0 0 0 0 0 0 0 1 1 0 1 0 0 1 0 1 0 1 0 0 0 0 0 1 1 0 1 0 0 0 
0 1552 1571 1217 1137 0 1462 0 1207 0 1522 1416 0 1662 0 1394 1491 2417 0 2331 0 2320 0 1067 0 0 1743 837 0 0 1997 1283 3 1058 1296 0 1178 0 0 0 1088 1048 1830 1241 1507 2387 1587 1190 1255 1401 0 2172 0 0 1709 0 1499 711 0 1259 1524 1472 903 1515 0 2383 1492 0 0 0 0 0 0 1007 1337 1859 0 12 2117 0 1074 0 0 2271 1569 0 426 0 0 0 1667 2201 0 0 1531 0 0 1978 0 2121 
0 0 0 1 0 1 1 1 0 1 0 0 0 1 0 0 1 0 1 0 1 0 1 1 0 0 0 0 1 0 0 1 0 0 0 1 0 1 1 0 0 0 1 0 1 0 1 0 0 1 1 0 1 0 1 0 1 1 0 0 0 0 0 0 1 1 0 0 1 0 1 0 0 0 0 0 1 1 0 0 1 0 1 0 0 1 1 0 0 0 0 1 0 0 0 1 1 0 1 1 0 0 0 1 0 1 1 0 0 0 0 0 1 1 0 0 1 0 0 0 0 0 0 1 0 1 1 0 1 0 0 0 0 1 1 0 1 0 1 1 0 0 1 0 0 0 0 0 1 0 1 0 1 1 0 0 0 1 0 0 0 0 0 0 0 0 0 0 1 0 0 0 1 0 1 1 0 1 1 0 0 0 1 0 1 0 1 0 0 0 0 0 1 0 0 1 0 1 1 0 0 0 0 0 0 0 0 1 0 1 0 0 0 1 0 0 1 1 1 0 0 0 0 0 1 0 0 1 0 0 0 0 0 0 0 1 1 1 1 1 0 0 0 0 1 0 0 1 1 0 0 0 0 0 0 0 0 0 0 0 0 1 1 0 1 0 0 1 0 1 0 1 0 0 0 0 0 1 1 0 1 0 0 0 
0 1552 1571 1217 1137 0 1462 0 1207 0 1522 1416 0 1662 0 1394 1491 2417 0 2331 0 2320 0 1067 0 0 1743 837 0 0 1997 1283 0 1058 1296 0 1178 0 0 0 1088 1048 1830 1241 1507 2387 1587 1190 1255 1401 0 2172 0 0 1709 0 1499 711 0 1259 1524 1472 903 1515 0 2383 1492 0 0 0 0 0 0 1007 1337 1859 0 12 2117 0 1074 0 0 2271 1569 0 426 0 0 0 1667 2201 0 0 1531 0 0 1978 0 2121 
0 0 0 1 0 1 1 1 0 1 0 0 0 1 0 0 1 0 1 0 1 0 1 1 0 0 0 0 1 0 0 1 0 0 0 1 0 1 1 0 0 0 1 0 1 0 1 0 0 1 1 0 1 0 1 0 1 1 0 0 0 0 0 0 1 1 0 0 1 0 1 0 0 0 0 0 1 1 0 0 1 0 1 0 0 1 1 0 0 0 0 1 0 0 0 1 1 0 1 1 0 0 0 1 0 1 1 0 0 0 0 0 1 1 0 0 1 0 0 0 0 0 0 1 0 1 1 0 1 0 0 0 0 1 1 0 1 0 1 1 0 0 1 0 0 0 0 0 1 0 1 0 1 1 0 0 0 1 0 0 0 0 0 0 0 0 0 0 1 0 0 0 1 0 1 1 0 1 1 0 0 0 1 0 1 0 1 0 0 0 0 0 1 0 0 1 0 1 1 0 0 0 0 0 0 0 0 1 0 1 0 0 0 1 0 0 1 1 1 0 0 0 0 0 1 0 0 1 0 0 0 0 0 0 0 1 1 1 1 1 0 0 0 0 1 0 0 1 1 0 0 0 0 0 0 0 0 0 0 0 0 1 1 0 1 0 0 1 0 1 0 1 0 0 0 0 0 1 1 0 1 0 0 0 
0 1552 1571 1217 1137 0 1462 1 1207 0 1522 1416 0 1662 0 1394 1491 2417 0 2331 0 2320 0 1067 0 0 1743 837 0 0 1997 1283 0 1058 1296 0 1178 0 0 5 1088 1048 1830 1241 1507 2387 1587 1190 1255 1401 0 2172 0 1 1709 0 1499 711 0 1259 1524 1472 903 1515 0 2383 1492 0 0 0 0 0 0 1007 1337 1859 0 0 2117 0 1074 0 0 2271 1569 0 426 0 0 0 1667 2201 0 0 1531 2 0 1978 0 2121 
0 0 0 1 0 1 1 1 0 1 0 0 0 1 0 0 1 0 1 0 1 0 1 1 0 0 0 0 1 0 0 1 0 0 0 1 0 1 1 0 0 0 1 0 1 0 1 0 0 1 1 0 1 0 1 0 1 1 0 0 0 0 0 0 1 1 0 0 1 0 1 0 0 0 0 0 1 1 0 0 1 0 1 0 0 1 1 0 0 0 0 1 0 0 0 1 1 0 1 1 0 0 0 1 0 1 1 0 0 0 0 0 1 1 0 0 1 0 0 0 0 0 0 1 0 1 1 0 1 0 0 0 0 1 1 0 1 0 1 1 0 0 1 0 0 0 0 0 1 0 1 0 1 1 0 0 0 1 0 0 0 0 0 0 0 0 0 0 1 0 0 0 1 0 1 1 0 1 1 0 0 0 1 0 1 0 1 0 0 0 0 0 1 0 0 1 0 1 1 0 0 0 0 0 0 0 0 1 0 1 0 0 0 1 0 0 1 1 1 0 0 0 0 0 1 0 0 1 0 0 0 0 0 0 0 1 1 1 1 1 0 0 0 0 1 0 0 1 1 0 0 0 0 0 0 0 0 0 0 0 0 1 1 0 1 0 0 1 0 1 0 1 0 0 0 0 0 1 1 0 1 0 0 0 
0 1552 1571 1217 1137 0 1462 1 1207 0 1522 1416 0 1662 0 1394 1491 2417 0 2331 0 2320 0 1067 0 0 1743 837 0 0 1997 1283 0 1058 1296 0 1178 0 0 0 1088 1048 1830 1241 1507 2387 1587 1190 1255 1401 0 2172 0 1 1709 0 1499 711 0 1259 1524 1472 903 1515 0 2383 1492 0 0 0 0 0 0 1007 1337 1859 0 13 2117 0 1074 0 0 2271 1569 0 426 0 0 0 1667 2201 2 0 1531 0 0 1978 0 2121 
0 0 0 1 0 1 1 1 0 1 0 0 0 1 0 0 1 0 1 0 1 0 1 1 0 0 0 0 1 0 0 1 0 0 0 1 0 1 1 0 0 0 1 0 1 0 1 0 0 1 1 0 1 0 1 0 1 1 0 0 0 0 0 0 1 1 0 0 1 0 1 0 0 0 0 0 1 1 0 0 1 0 1 0 0 1 1 0 0 0 0 1 0 0 0 1 1 0 1 1 0 0 0 1 0 1 1 0 0 0 0 0 1 1 0 0 1 0 0 0 0 0 0 1 0 1 1 0 1 0 0 0 0 1 1 0 1 0 1 1 0 0 1 0 0 0 0 0 1 0 1 0 1 1 0 0 0 1 0 0 0 0 0 0 0 0 0 0 1 0 0 0 1 0 1 1 0 1 1 0 0 0 1 0 1 0 1 0 0 0 0 0 1 0 0 1 0 1 1 0 0 0 0 0 0 0 0 1 0 1 0 0 0 1 0 0 1 1 1 0 0 0 0 0 1 0 0 1 0 0 0 0 0 0 0 1 1 1 1 1 0 0 0 0 1 0 0 1 1 0 0 0 0 0 0 0 0 0 0 0 0 1 1 0 1 0 0 1 0 1 0 1 0 0 0 0 0 1 1 0 1 0 0 0 
0 1552 1571 1217 1137 0 1462 0 1207 0 1522 1416 0 1662 0 1394 1491 2417 0 2331 0 2320 0 1067 0 0 1743 837 0 0 1997 1283 0 1058 1296 0 1178 0 0 0 1088 1048 1830 1241 1507 2387 1587 1190 1255 1401 0 2172 0 0 1709 5 1499 711 0 1259 1524 1472 903 1515 0 2383 1492 0 11 0 0 0 0 1007 1337 1859 0 3 2117 0 1074 6 0 2271 1569 0 426 0 0 0 1667 2201 0 0 1531 0 0 1978 0 2121 
0 0 0 1 0 1 1 1 0 1 0 0 0 1 0 0 1 0 1 0 1 0 1 1 0 0 0 0 1 0 0 1 0 0 0 1 0 1 1 0 0 0 1 0 1 0 1 0 0 1 1 0 1 0 1 0 1 1 0 0 0 0 0 0 1 1 0 0 1 0 1 0 0 0 0 0 1 1 0 0 1 0 1 0 0 1 1 0 0 0 0 1 0 0 0 1 1 0 1 1 0 0 0 1 0 1 1 0 0 0 0 0 1 1 0 0 1 0 0 0 0 0 0 1 0 1 1 0 1 0 0 0 0 1 1 0 1 0 1 1 0 0 1 0 0 0 0 0 1 0 1 0 1 1 0 0 0 1 0 0 0 0 0 0 0 0 0 0 1 0 0 0 1 0 1 1 0 1 1 0 0 0 1 0 1 0 1 0 0 0 0 0 1 0 0 1 0 1 1 0 0 0 0 0 0 0 0 1 0 1 0 0 0 1 0 0 1 1 1 0 0 0 0 0 1 0 0 1 0 0 0 0 0 0 0 1 1 1 1 1 0 0 0 0 1 0 0 1 1 0 0 0 0 0 0 0 0 0 0 0 0 1 1 0 1 0 0 1 0 1 0 1 0 0 0 0 0 1 1 0 1 0 0 0 
0 1552 1571 1217 1137 0 1462 0 1207 0 1522 1416 0 1662 0 1394 1491 2417 0 2331 0 2320 0 1067 0 0 1743 837 0 0 1997 1283 0 1058 1296 0 1178 0 0 0 1088 1048 1830 1241 1507 2387 1587 1190 1255 1401 0 2172 0 0 1709 0 1499 711 0 1259 1524 1472 903 1515 0 2383 1492 0 0 0 9 0 0 1007 1337 1859 0 0 2117 0 1074 6 0 2271 1569 0 426 0 0 0 1667 2201 0 0 1531 0 0 1978 0 2121 
0 0 0 1 0 1 1 1 0 1 0 0 0 1 0 0 1 0 1 0 1 0 1 1 0 0 0 0 1 0 0 1 0 0 0 1 0 1 1 0 0 0 1 0 1 0 1 0 0 1 1 0 1 0 1 0 1 1 0 0 0 0 0 0 1 1 0 0 1 0 1 0 0 0 0 0 1 1 0 0 1 0 1 0 0 1 1 0 0 0 0 1 0 0 0 1 1 0 1 1 0 0 0 1 0 1 1 0 0 0 0 0 1 1 0 0 1 0 0 0 0 0 0 1 0 1 1 0 1 0 0 0 0 1 1 0 1 0 1 1 0 0 1 0 0 0 0 0 1 0 1 0 1 1 0 0 0 1 0 0 0 0 0 0 0 0 0 0 1 0 0 0 1 0 1 1 0 1 1 0 0 0 1 0 1 0 1 0 0 0 0 0 1 0 0 1 0 1 1 0 0 0 0 0 0 0 0 1 0 1 0 0 0 1 0 0 1 1 1 0 0 0 0 0 1 0 0 1 0 0 0 0 0 0 0 1 1 1 1 1 0 0 0 0 1 0 0 1 1 0 0 0 0 0 0 0 0 0 0 0 0 1 1 0 1 0 0 1 0 1 0 1 0 0 0 0 0 1 1 0 1 0 0 0 
0 1552 1571 1217 1137 5 1462 0 1207 0 1522 1416 4 1662 0 1394 1491 2417 0 2331 0 2320 0 1067 0 0 1743 837 0 0 1997 1283 0 1058 1296 0 1178 11 0 0 1088 1048 1830 1241 1507 2387 1587 1190 1255 1401 0 2172 0 0 1709 0 1499 711 0 1259 1524 1472 903 1515 0 2383 1492 0 0 0 0 0 0 1007 1337 1859 0 0 2117 0 1074 0 0 2271 1569 0 426 0 0 0 1667 2201 0 0 1531 0 0 1978 0 2121 
0 0 0 1 0 1 1 1 0 1 0 0 0 1 0 0 1 0 1 0 1 0 1 1 0 0 0 0 1 0 0 1 0 0 0 1 0 1 1 0 0 0 1 0 1 0 1 0 0 1 1 0 1 0 1 0 1 1 0 0 0 0 0 0 1 1 0 0 1 0 1 0 0 0 0 0 1 1 0 0 1 0 1 0 0 1 1 0 0 0 0 1 0 0 0 1 1 0 1 1 0 0 0 1 0 1 1 0 0 0 0 0 1 1 0 0 1 0 0 0 0 0 0 1 0 1 1 0 1 0 0 0 0 1 1 0 1 0 1 1 0 0 1 0 0 0 0 0 1 0 1 0 1 1 0 0 0 1 0 0 0 0 0 0 0 0 0 0 1 0 0 0 1 0 1 1 0 1 1 0 0 0 1 0 1 0 1 0 0 0 0 0 1 0 0 1 0 1 1 0 0 0 0 0 0 0 0 1 0 1 0 0 0 1 0 0 1 1 1 0 0 0 0 0 1 0 0 1 0 0 0 0 0 0 0 1 1 1 1 1 0 0 0 0 1 0 0 1 1 0 0 0 0 0 0 0 0 0 0 0 0 1 1 0 1 0 0 1 0 1 0 1 0 0 0 0 0 1 1 0 1 0 0 0 
3 1552 1571 1217 1137 0 1462 0 1207 0 1522 1416 0 1662 0 1394 1491 2417 4 2331 0 2320 0 1067 0 0 1743 837 0 0 1997 1283 0 1058 1296 0 1178 0 0 0 1088 1048 1830 1241 1507 2387 1587 1190 1255 1401 16 2172 0 0 1709 0 1499 711 0 1259 1524 1472 903 1515 0 2383 1492 0 0 0 0 0 0 1007 1337 1859 0 0 2117 0 1074 0 0 2271 1569 0 425 0 0 0 1667 2201 0 0 1531 0 0 1978 0 2121 
0 0 0 1 0 1 1 1 0 1 0 0 0 1 0 0 1 0 1 0 1 0 1 1 0 0 0 0 1 0 0 1 0 0 0 1 0 1 1 0 0 0 1 0 1 0 1 0 0 1 1 0 1 0 1 0 1 1 0 0 0 0 0 0 1 1 0 0 1 0 1 0 0 0 0 0 1 1 0 0 1 0 1 0 0 1 1 0 0 0 0 1 0 0 0 1 1 0 1 1 0 0 0 1 0 1 1 0 0 0 0 0 1 1 0 0 1 0 0 0 0 0 0 1 0 1 1 0 1 0 0 0 0 1 1 0 1 0 1 1 0 0 1 0 0 0 0 0 1 0 1 0 1 1 0 0 0 1 0 0 0 0 0 0 0 0 0 0 1 0 0 0 1 0 1 1 0 1 1 0 0 0 1 0 1 0 1 0 0 0 0 0 1 0 0 1 0 1 1 0 0 0 0 0 0 0 0 1 0 1 0 0 0 1 0 0 1 1 1 0 0 0 0 0 1 0 0 1 0 0 0 0 0 0 0 1 1 1 1 1 0 0 0 0 1 0 0 1 1 0 0 0 0 0 0 0 0 0 0 0 0 1 1 0 1 0 0 1 0 1 0 1 0 0 0 0 0 1 1 0 1 0 0 0 
0 1552 1571 1217 1137 0 1462 0 1207 0 1522 1416 0 1662 0 1394 1491 2417 0 2331 0 2320 0 1067 2 0 1743 837 0 0 1997 1283 0 1058 1296 0 1177 0 0 4 1088 1048 1830 1241 1507 2387 1587 1190 1255 1401 0 2172 0 0 1709 0 1499 711 0 1259 1524 1472 903 1515 0 2383 1492 0 0 0 0 0 0 1007 1337 1859 0 0 2117 0 1074 0 0 2271 1569 0 425 0 0 0 1667 2201 0 0 1531 0 0 1978 0 2121 
0 0 0 1 0 1 1 1 0 1 0 0 0 1 0 0 1 0 1 0 1 0 1 1 0 0 0 0 1 0 0 1 0 0 0 1 0 1 1 0 0 0 1 0 1 0 1 0 0 1 1 0 1 0 1 0 1 1 0 0 0 0 0 0 1 1 0 0 1 0 1 0 0 0 0 0 1 1 0 0 1 0 1 0 0 1 1 0 0 0 0 1 0 0 0 1 1 0 1 1 0 0 0 1 0 1 1 0 0 0 0 0 1 1 0 0 1 0 0 0 0 0 0 1 0 1 1 0 1 0 0 0 0 1 1 0 1 0 1 1 0 0 1 0 0 0 0 0 1 0 1 0 1 1 0 0 0 1 0 0 0 0 0 0 0 0 0 0 1 0 0 0 1 0 1 1 0 1 1 0 0 0 1 0 1 0 1 0 0 0 0 0 1 0 0 1 0 1 1 0 0 0 0 0 0 0 0 1 0 1 0 0 0 1 0 0 1 1 1 0 0 0 0 0 1 0 0 1 0 0 0 0 0 0 0 1 1 1 1 1 0 0 0 0 1 0 0 1 1 0 0 0 0 0 0 0 0 0 0 0 0 1 1 0 1 0 0 1 0 1 0 1 0 0 0 0 0 1 1 0 1 0 0 0 
0 1552 1571 1217 1137 0 1462 0 1207 0 1522 1416 0 1662 0 1394 1491 2417 0 2331 0 2320 0 1067 0 0 1743 837 0 0 1997 1283 0 1058 1296 0 1177 4 0 0 1088 1048 1830 1241 1507 2387 1587 1190 1255 1401 0 2172 0 0 1709 0 1499 711 6 1259 1524 1472 903 1515 0 2383 1492 0 0 0 0 0 0 1007 1337 1859 0 0 2117 0 1074 0 0 2271 1569 0 425 0 0 0 1667 2201 6 0 1531 0 0 1978 0 2121 
0 0 0 1 0 1 1 1 0 1 0 0 0 1 0 0 1 0 1 0 1 0 1 1 0 0 0 0 1 0 0 1 0 0 0 1 0 1 1 0 0 0 1 0 1 0 1 0 0 1 1 0 1 0 1 0 1 1 0 0 0 0 0 0 1 1 0 0 1 0 1 0 0 0 0 0 1 1 0 0 1 0 1 0 0 1 1 0 0 0 0 1 0 0 0 1 1 0 1 1 0 0 0 1 0 1 1 0 0 0 0 0 1 1 0 0 1 0 0 0 0 0 0 1 0 1 1 0 1 0 0 0 0 1 1 0 1 0 1 1 0 0 1 0 0 0 0 0 1 0 1 0 1 1 0 0 0 1 0 0 0 0 0 0 0 0 0 0 1 0 0 0 1 0 1 1 0 1 1 0 0 0 1 0 1 0 1 0 0 0 0 0 1 0 0 1 0 1 1 0 0 0 0 0 0 0 0 1 0 1 0 0 0 1 0 0 1 1 1 0 0 0 0 0 1 0 0 1 0 0 0 0 0 0 0 1 1 1 1 1 0 0 0 0 1 0 0 1 1 0 0 0 0 0 0 0 0 0 0 0 0 1 1 0 1 0 0 1 0 1 0 1 0 0 0 0 0 1 1 0 1 0 0 0 
0 1552 1571 1217 1137 0 1462 0 1207 0 1522 1416 0 1662 0 1394 1491 2417 0 2331 0 2320 0 1067 0 0 1743 837 0 0 1997 1283 0 1058 1296 0 1177 0 0 5 1088 1048 1830 1241 1507 2387 1587 1190 1255 1401 5 2172 5 0 1709 0 1499 711 0 1259 1524 1472 903 1515 0 2383 1492 0 0 0 0 0 5 1007 1337 1859 0 0 2117 0 1074 0 0 2271 1569 10 425 0 0 0 1667 2201 0 0 1531 3 0 1978 0 2121 
0 0 0 1 0 1 1 1 0 1 0 0 0 1 0 0 1 0 1 0 1 0 1 1 0 0 0 0 1 0 0 1 0 0 0 1 0 1 1 0 0 0 1 0 1 0 1 0 0 1 1 0 1 0 1 0 1 1 0 0 0 0 0 0 1 1 0 0 1 0 1 0 0 0 0 0 1 1 0 0 1 0 1 0 0 1 1 0 0 0 0 1 0 0 0 1 1 0 1 1 0 0 0 1 0 1 1 0 0 0 0 0 1 1 0 0 1 0 0 0 0 0 0 1 0 1 1 0 1 0 0 0 0 1 1 0 1 0 1 1 0 0 1 0 0 0 0 0 1 0 1 0 1 1 0 0 0 1 0 0 0 0 0 0 0 0 0 0 1 0 0 0 1 0 1 1 0 1 1 0 0 0 1 0 1 0 1 0 0 0 0 0 1 0 0 1 0 1 1 0 0 0 0 0 0 0 0 1 0 1 0 0 0 1 0 0 1 1 1 0 0 0 0 0 1 0 0 1 0 0 0 0 0 0 0 1 1 1 1 1 0 0 0 0 1 0 0 1 1 0 0 0 0 0 0 0 0 0 0 0 0 1 1 0 1 0 0 1 0 1 0 1 0 0 0 0 0 1 1 0 1 0 0 0 
0 1552 1571 1217 1137 0 1462 0 1207 0 1522 1416 6 1662 0 1394 1491 2417 0 2331 0 2320 0 1067 0 0 1743 837 0 0 1997 1283 0 1058 1296 0 1177 0 0 5 1088 1048 1830 1241 1507 2387 1587 1190 1255 1401 0 2172 0 0 1709 0 1499 711 0 1259 1524 1472 903 1515 3 2383 1492 0 0 0 0 0 0 1007 1337 1859 0 0 2117 0 1074 0 0 2271 1569 0 425 0 0 0 1667 2201 0 0 1531 0 0 1978 0 2121 
0 0 0 1 0 1 1 1 0 1 0 0 0 1 0 0 1 0 1 0 1 0 1 1 0 0 0 0 1 0 0 1 0 0 0 1 0 1 1 0 0 0 1 0 1 0 1 0 0 1 1 0 1 0 1 0 1 1 0 0 0 0 0 0 1 1 0 0 1 0 1 0 0 0 0 0 1 1 0 0 1 0 1 0 0 1 1 0 0 0 0 1 0 0 0 1 1 0 1 1 0 0 0 1 0 1 1 0 0 0 0 0 1 1 0 0 1 0 0 0 0 0 0 1 0 1 1 0 1 0 0 0 0 1 1 0 1 0 1 1 0 0 1 0 0 0 0 0 1 0 1 0 1 1 0 0 0 1 0 0 0 0 0 0 0 0 0 0 1 0 0 0 1 0 1 1 0 1 1 0 0 0 1 0 1 0 1 0 0 0 0 0 1 0 0 1 0 1 1 0 0 0 0 0 0 0 0 1 0 1 0 0 0 1 0 0 1 1 1 0 0 0 0 0 1 0 0 1 0 0 0 0 0 0 0 1 1 1 1 1 0 0 0 0 1 0 0 1 1 0 0 0 0 0 0 0 0 0 0 0 0 1 1 0 1 0 0 1 0 1 0 1 0 0 0 0 0 1 1 0 1 0 0 0 
0 1552 1571 1217 1137 0 1462 0 1207 0 1522 1416 0 1662 0 1394 1491 2417 0 2331 0 2320 6 1067 0 0 1743 837 0 0 1997 1283 0 1058 1296 0 1177 0 8 0 1088 1048 1830 1241 1507 2387 1587 1190 1255 1401 0 2172 0 0 1709 0 1499 711 0 1259 1524 1472 903 1515 0 2383 1492 0 0 0 0 0 0 1007 1337 1859 0 0 2117 0 1074 0 4 2271 1569 0 425 0 0 0 1667 2201 0 0 1531 0 0 1978 0 2121 
0 0 0 1 0 1 1 1 0 1 0 0 0 1 0 0 1 0 1 0 1 0 1 1 0 0 0 0 1 0 0 1 0 0 0 1 0 1 1 0 0 0 1 0 1 0 1 0 0 1 1 0 1 0 1 0 1 1 0 0 0 0 0 0 1 1 0 0 1 0 1 0 0 0 0 0 1 1 0 0 1 0 1 0 0 1 1 0 0 0 0 1 0 0 0 1 1 0 1 1 0 0 0 1 0 1 1 0 0 0 0 0 1 1 0 0 1 0 0 0 0 0 0 1 0 1 1 0 1 0 0 0 0 1 1 0 1 0 1 1 0 0 1 0 0 0 0 0 1 0 1 0 1 1 0 0 0 1 0 0 0 0 0 0 0 0 0 0 1 0 0 0 1 0 1 1 0 1 1 0 0 0 1 0 1 0 1 0 0 0 0 0 1 0 0 1 0 1 1 0 0 0 0 0 0 0 0 1 0 1 0 0 0 1 0 0 1 1 1 0 0 0 0 0 1 0 0 1 0 0 0 0 0 0 0 1 1 1 1 1 0 0 0 0 1 0 0 1 1 0 0 0 0 0 0 0 0 0 0 0 0 1 1 0 1 0 0 1 0 1 0 1 0 0 0 0 0 1 1 0 1 0 0 0 
0 1552 1571 1217 1137 0 1462 0 1207 0 1522 1416 0 1662 0 1394 1491 2417 0 2331 0 2320 6 1067 0 0 1743 837 0 0 1997 1283 0 1058 1296 0 1177 0 8 0 1088 1048 1830 1241 1507 2387 1587 1190 1255 1401 0 2172 0 0 1709 0 1499 711 0 1259 1524 1472 903 1515 0 2383 1492 0 0 0 0 0 0 1007 1337 1859 0 0 2117 0 1074 0 4 2271 1569 0 425 0 0 0 1667 2201 0 0 1531 0 0 1978 0 2121 
0 0 0 1 0 1 1 1 0 1 0 0 0 1 0 0 1 0 1 0 1 0 1 1 0 0 0 0 1 0 0 1 0 0 0 1 0 1 1 0 0 0 1 0 1 0 1 0 0 1 1 0 1 0 1 0 1 1 0 0 0 0 0 0 1 1 0 0 1 0 1 0 0 0 0 0 1 1 0 0 1 0 1 0 0 1 1 0 0 0 0 1 0 0 0 1 1 0 1 1 0 0 0 1 0 1 1 0 0 0 0 0 1 1 0 0 1 0 0 0 0 0 0 1 0 1 1 0 1 0 0 0 0 1 1 0 1 0 1 1 0 0 1 0 0 0 0 0 1 0 1 0 1 1 0 0 0 1 0 0 0 0 0 0 0 0 0 0 1 0 0 0 1 0 1 1 0 1 1 0 0 0 1 0 1 0 1 0 0 0 0 0 1 0 0 1 0 1 1 0 0 0 0 0 0 0 0 1 0 1 0 0 0 1 0 0 1 1 1 0 0 0 0 0 1 0 0 1 0 0 0 0 0 0 0 1 1 1 1 1 0 0 0 0 1 0 0 1 1 0 0 0 0 0 0 0 0 0 0 0 0 1 1 0 1 0 0 1 0 1 0 1 0 0 0 0 0 1 1 0 1 0 0 0 
0 1552 1571 1217 1137 0 1462 0 1207 0 1522 1416 0 1662 5 1394 1491 2417 0 2331 0 2320 0 1067 0 0 1743 837 0 5 1997 1283 0 1058 1296 0 1177 0 0 0 1088 1048 1830 1241 1507 2387 1587 1190 1255 1401 0 2172 0 0 1709 0 1499 711 0 1259 1524 1472 903 1515 0 2383 1492 0 0 0 0 0 4 1007 1337 1859 0 0 2117 6 1074 0 0 2271 1569 0 425 0 0 0 1667 2201 10 0 1531 0 0 1978 0 2121 
0 0 0 1 0 1 1 1 0 1 0 0 0 1 0 0 1 0 1 0 1 0 1 1 0 0 0 0 1 0 0 1 0 0 0 1 0 1 1 0 0 0 1 0 1 0 1 0 0 1 1 0 1 0 1 0 1 1 0 0 0 0 0 0 1 1 0 0 1 0 1 0 0 0 0 0 1 1 0 0 1 0 1 0 0 1 1 0 0 0 0 1 0 0 0 1 1 0 1 1 0 0 0 1 0 1 1 0 0 0 0 0 1 1 0 0 1 0 0 0 0 0 0 1 0 1 1 0 1 0 0 0 0 1 1 0 1 0 1 1 0 0 1 0 0 0 0 0 1 0 1 0 1 1 0 0 0 1 0 0 0 0 0 0 0 0 0 0 1 0 0 0 1 0 1 1 0 1 1 0 0 0 1 0 1 0 1 0 0 0 0 0 1 0 0 1 0 1 1 0 0 0 0 0 0 0 0 1 0 1 0 0 0 1 0 0 1 1 1 0 0 0 0 0 1 0 0 1 0 0 0 0 0 0 0 1 1 1 1 1 0 0 0 0 1 0 0 1 1 0 0 0 0 0 0 0 0 0 0 0 0 1 1 0 1 0 0 1 0 1 0 1 0 0 0 0 0 1 1 0 1 0 0 0 
0 1552 1571 1217 1136 0 1462 0 1207 0 1522 1416 0 1662 0 1394 1491 2417 0 2331 0 2320 0 1067 0 0 1743 837 0 0 1997 1283 0 1058 1296 12 1177 0 0 0 1088 1048 1830 1241 1507 2387 1587 1190 1255 1401 7 2172 0 0 1709 0 1499 711 0 1259 1524 1472 903 1515 0 2383 1492 7 0 0 0 0 6 1007 1337 1859 0 0 2117 0 1074 3 0 2271 1569 0 425 0 0 0 1667 2201 0 0 1531 0 0 1978 0 2121 
0 0 0 1 0 1 1 1 0 1 0 0 0 1 0 0 1 0 1 0 1 0 1 1 0 0 0 0 1 0 0 1 0 0 0 1 0 1 1 0 0 0 1 0 1 0 1 0 0 1 1 0 1 0 1 0 1 1 0 0 0 0 0 0 1 1 0 0 1 0 1 0 0 0 0 0 1 1 0 0 1 0 1 0 0 1 1 0 0 0 0 1 0 0 0 1 1 0 1 1 0 0 0 1 0 1 1 0 0 0 0 0 1 1 0 0 1 0 0 0 0 0 0 1 0 1 1 0 1 0 0 0 0 1 1 0 1 0 1 1 0 0 1 0 0 0 0 0 1 0 1 0 1 1 0 0 0 1 0 0 0 0 0 0 0 0 0 0 1 0 0 0 1 0 1 1 0 1 1 0 0 0 1 0 1 0 1 0 0 0 0 0 1 0 0 1 0 1 1 0 0 0 0 0 0 0 0 1 0 1 0 0 0 1 0 0 1 1 1 0 0 0 0 0 1 0 0 1 0 0 0 0 0 0 0 1 1 1 1 1 0 0 0 0 1 0 0 1 1 0 0 0 0 0 0 0 0 0 0 0 0 1 1 0 1 0 0 1 0 1 0 1 0 0 0 0 0 1 1 0 1 0 0 0 
0 1552 1571 1217 1136 0 1462 0 1207 0 1522 1416 0 1662 9 1394 1491 2417 12 2331 0 2320 0 1067 0 0 1743 837 0 0 1997 1283 0 1058 1296 0 1177 0 0 0 1088 1048 1830 1241 1507 2387 1587 1190 1255 1401 0 2172 0 0 1709 8 1499 711 0 1259 1524 1472 903 1515 0 2383 1492 0 0 0 0 3 0 1007 1337 1859 0 0 2117 0 1074 0 0 2271 1569 0 425 0 0 0 1667 2201 0 0 1531 0 0 1978 0 2121 
0 0 0 1 0 1 1 1 0 1 0 0 0 1 0 0 1 0 1 0 1 0 1 1 0 0 0 0 1 0 0 1 0 0 0 1 0 1 1 0 0 0 1 0 1 0 1 0 0 1 1 0 1 0 1 0 1 1 0 0 0 0 0 0 1 1 0 0 1 0 1 0 0 0 0 0 1 1 0 0 1 0 1 0 0 1 1 0 0 0 0 1 0 0 0 1 1 0 1 1 0 0 0 1 0 1 1 0 0 0 0 0 1 1 0 0 1 0 0 0 0 0 0 1 0 1 1 0 1 0 0 0 0 1 1 0 1 0 1 1 0 0 1 0 0 0 0 0 1 0 1 0 1 1 0 0 0 1 0 0 0 0 0 0 0 0 0 0 1 0 0 0 1 0 1 1 0 1 1 0 0 0 1 0 1 0 1 0 0 0 0 0 1 0 0 1 0 1 1 0 0 0 0 0 0 0 0 1 0 1 0 0 0 1 0 0 1 1 1 0 0 0 0 0 1 0 0 1 0 0 0 0 0 0 0 1 1 1 1 1 0 0 0 0 1 0 0 1 1 0 0 0 0 0 0 0 0 0 0 0 0 1 1 0 1 0 0 1 0 1 0 1 0 0 0 0 0 1 1 0 1 0 0 0 
0 1552 1571 1217 1136 0 1462 0 1207 0 1522 1416 0 1662 0 1394 1491 2417 0 2331 0 2320 0 1067 0 0 1743 837 0 0 1997 1283 0 1058 1296 0 1177 0 0 0 1088 1048 1830 1241 1507 2387 1587 1190 1255 1401 0 2172 0 0 1709 0 1499 711 0 1259 1524 1472 903 1515 0 2383 1492 0 0 0 0 0 9 1007 1337 1859 0 0 2117 15 1074 0 0 2271 1569 0 425 0 0 0 1667 2201 0 0 1531 0 0 1978 0 2121 
0 0 0 1 0 1 1 1 0 1 0 0 0 1 0 0 1 0 1 0 1 0 1 1 0 0 0 0 1 0 0 1 0 0 0 1 0 1 1 0 0 0 1 0 1 0 1 0 0 1 1 0 1 0 1 0 1 1 0 0 0 0 0 0 1 1 0 0 1 0 1 0 0 0 0 0 1 1 0 0 1 0 1 0 0 1 1 0 0 0 0 1 0 0 0 1 1 0 1 1 0 0 0 1 0 1 1 0 0 0 0 0 1 1 0 0 1 0 0 0 0 0 0 1 0 1 1 0 1 0 0 0 0 1 1 0 1 0 1 1 0 0 1 0 0 0 0 0 1 0 1 0 1 1 0 0 0 1 0 0 0 0 0 0 0 0 0 0 1 0 0 0 1 0 1 1 0 1 1 0 0 0 1 0 1 0 1 0 0 0 0 0 1 0 0 1 0 1 1 0 0 0 0 0 0 0 0 1 0 1 0 0 0 1 0 0 1 1 1 0 0 0 0 0 1 0 0 1 0 0 0 0 0 0 0 1 1 1 1 1 0 0 0 0 1 0 0 1 1 0 0 0 0 0 0 0 0 0 0 0 0 1 1 0 1 0 0 1 0 1 0 1 0 0 0 0 0 1 1 0 1 0 0 0 
0 1552 1571 1217 1136 0 1462 0 1207 0 1522 1416 0 1662 0 1394 1491 2417 0 2331 0 2320 0 1067 0 0 1743 837 0 0 1997 1283 0 1058 1296 0 1177 0 0 0 1088 1048 1830 1241 1507 2387 1587 1190 1255 1401 0 2172 0 0 1709 0 1499 711 0 1259 1524 1472 903 1515 0 2383 1492 0 0 0 0 7 9 1007 1337 1859 0 0 2117 15 1074 0 0 2271 1569 0 425 0 0 0 1667 2201 0 0 1531 0 0 1978 0 2121 
0 0 0 1 0 1 1 1 0 1 0 0 0 1 0 0 1 0 1 0 1 0 1 1 0 0 0 0 1 0 0 1 0 0 0 1 0 1 1 0 0 0 1 0 1 0 1 0 0 1 1 0 1 0 1 0 1 1 0 0 0 0 0 0 1 1 0 0 1 0 1 0 0 0 0 0 1 1 0 0 1 0 1 0 0 1 1 0 0 0 0 1 0 0 0 1 1 0 1 1 0 0 0 1 0 1 1 0 0 0 0 0 1 1 0 0 1 0 0 0 0 0 0 1 0 1 1 0 1 0 0 0 0 1 1 0 1 0 1 1 0 0 1 0 0 0 0 0 1 0 1 0 1 1 0 0 0 1 0 0 0 0 0 0 0 0 0 0 1 0 0 0 1 0 1 1 0 1 1 0 0 0 1 0 1 0 1 0 0 0 0 0 1 0 0 1 0 1 1 0 0 0 0 0 0 0 0 1 0 1 0 0 0 1 0 0 1 1 1 0 0 0 0 0 1 0 0 1 0 0 0 0 0 0 0 1 1 1 1 1 0 0 0 0 1 0 0 1 1 0 0 0 0 0 0 0 0 0 0 0 0 1 1 0 1 0 0 1 0 1 0 1 0 0 0 0 0 1 1 0 1 0 0 0 
0 1552 1571 1217 1136 0 1462 0 1207 0 1522 1416 0 1662 0 1394 1491 2417 0 2331 0 2320 0 1067 0 0 1743 837 0 0 1997 1283 0 1058 1296 0 1177 0 0 0 1088 1048 1830 1241 1507 2387 1587 1190 1255 1401 0 2172 0 0 1709 0 1499 711 0 1259 1524 1472 903 1515 0 2383 1492 0 0 0 0 0 0 1007 1337 1859 0 1 2117 0 1074 0 0 2271 1569 0 425 0 0 0 1667 2201 0 0 1531 0 0 1978 0 2121 
0 0 0 1 0 1 1 1 0 1 0 0 0 1 0 0 1 0 1 0 1 0 1 1 0 0 0 0 1 0 0 1 0 0 0 1 0 1 1 0 0 0 1 0 1 0 1 0 0 1 1 0 1 0 1 0 1 1 0 0 0 0 0 0 1 1 0 0 1 0 1 0 0 0 0 0 1 1 0 0 1 0 1 0 0 1 1 0 0 0 0 1 0 0 0 1 1 0 1 1 0 0 0 1 0 1 1 0 0 0 0 0 1 1 0 0 1 0 0 0 0 0 0 1 0 1 1 0 1 0 0 0 0 1 1 0 1 0 1 1 0 0 1 0 0 0 0 0 1 0 1 0 1 1 0 0 0 1 0 0 0 0 0 0 0 0 0 0 1 0 0 0 1 0 1 1 0 1 1 0 0 0 1 0 1 0 1 0 0 0 0 0 1 0 0 1 0 1 1 0 0 0 0 0 0 0 0 1 0 1 0 0 0 1 0 0 1 1 1 0 0 0 0 0 1 0 0 1 0 0 0 0 0 0 0 1 1 1 1 1 0 0 0 0 1 0 0 1 1 0 0 0 0 0 0 0 0 0 0 0 0 1 1 0 1 0 0 1 0 1 0 1 0 0 0 0 0 1 1 0 1 0 0 0 
0 1552 1571 1217 1136 0 1462 0 1207 5 1522 1415 2 1662 0 1394 1491 2417 4 2331 0 2320 0 1067 17 0 1743 837 0 0 1997 1283 0 1058 1296 0 1177 0 0 0 1088 1048 1830 1241 1507 2387 1587 1190 1255 1401 0 2172 0 0 1709 0 1499 708 0 1259 1524 1472 903 1515 0 2383 1492 0 0 0 0 0 11 1007 1337 1859 0 0 2117 0 1074 0 0 2271 1569 0 425 0 7 0 1667 2201 0 0 1531 0 0 1978 0 2121 
0 0 0 1 0 1 1 1 0 1 0 0 0 1 0 0 1 0 1 0 1 0 1 1 0 0 0 0 1 0 0 1 0 0 0 1 0 1 1 0 0 0 1 0 1 0 1 0 0 1 1 0 1 0 1 0 1 1 0 0 0 0 0 0 1 1 0 0 1 0 1 0 0 0 0 0 1 1 0 0 1 0 1 0 0 1 1 0 0 0 0 1 0 0 0 1 1 0 1 1 0 0 0 1 0 1 1 0 0 0 0 0 1 1 0 0 1 0 0 0 0 0 0 1 0 1 1 0 1 0 0 0 0 1 1 0 1 0 1 1 0 0 1 0 0 0 0 0 1 0 1 0 1 1 0 0 0 1 0 0 0 0 0 0 0 0 0 0 1 0 0 0 1 0 1 1 0 1 1 0 0 0 1 0 1 0 1 0 0 0 0 0 1 0 0 1 0 1 1 0 0 0 0 0 0 0 0 1 0 1 0 0 0 1 0 0 1 1 1 0 0 0 0 0 1 0 0 1 0 0 0 0 0 0 0 1 1 1 1 1 0 0 0 0 1 0 0 1 1 0 0 0 0 0 0 0 0 0 0 0 0 1 1 0 1 0 0 1 0 1 0 1 0 0 0 0 0 1 1 0 1 0 0 0 
0 1552 1571 1217 1136 0 1462 0 1207 0 1522 1415 0 1662 0 1394 1491 2417 0 2331 0 2320 0 1067 0 0 1743 837 0 0 1997 1283 0 1058 1296 0 1177 0 0 0 1088 1048 1830 1241 1507 2387 1587 1190 1255 1401 0 2172 0 0 1709 0 1499 708 0 1259 1524 1472 903 1515 0 2383 1492 0 0 0 0 0 0 1007 1337 1859 0 0 2117 15 1074 0 0 2271 1569 0 425 0 0 0 1667 2201 0 0 1531 0 0 1978 0 2121 
0 0 0 1 0 1 1 1 0 1 0 0 0 1 0 0 1 0 1 0 1 0 1 1 0 0 0 0 1 0 0 1 0 0 0 1 0 1 1 0 0 0 1 0 1 0 1 0 0 1 1 0 1 0 1 0 1 1 0 0 0 0 0 0 1 1 0 0 1 0 1 0 0 0 0 0 1 1 0 0 1 0 1 0 0 1 1 0 0 0 0 1 0 0 0 1 1 0 1 1 0 0 0 1 0 1 1 0 0 0 0 0 1 1 0 0 1 0 0 0 0 0 0 1 0 1 1 0 1 0 0 0 0 1 1 0 1 0 1 1 0 0 1 0 0 0 0 0 1 0 1 0 1 1 0 0 0 1 0 0 0 0 0 0 0 0 0 0 1 0 0 0 1 0 1 1 0 1 1 0 0 0 1 0 1 0 1 0 0 0 0 0 1 0 0 1 0 1 1 0 0 0 0 0 0 0 0 1 0 1 0 0 0 1 0 0 1 1 1 0 0 0 0 0 1 0 0 1 0 0 0 0 0 0 0 1 1 1 1 1 0 0 0 0 1 0 0 1 1 0 0 0 0 0 0 0 0 0 0 0 0 1 1 0 1 0 0 1 0 1 0 1 0 0 0 0 0 1 1 0 1 0 0 0 
0 1552 1571 1217 1136 0 1462 0 1207 0 1522 1415 0 1662 0 1394 1491 2417 6 2331 0 2320 0 1067 7 0 1743 837 0 0 1997 1283 0 1058 1296 0 0 0 0 0 1088 1048 1830 1241 1507 2387 1587 1190 1255 1401 0 2172 0 0 1709 0 1518 708 0 1259 1524 1472 903 1515 0 2383 1492 0 0 0 5 14 0 1007 1337 1859 0 0 2117 0 1074 0 0 2271 1569 0 425 7 0 0 1667 2201 0 0 1531 0 0 1978 0 2121 
0 0 0 1 0 1 1 1 0 1 0 0 0 1 0 0 1 0 1 0 1 0 1 1 0 0 0 0 1 0 0 1 0 0 0 1 0 1 1 0 0 0 1 0 1 0 1 0 0 1 1 0 1 0 1 0 1 1 0 0 0 0 0 0 1 1 0 0 1 0 1 0 0 0 0 0 1 1 0 0 1 0 1 0 0 1 1 0 0 0 0 1 0 0 0 1 1 0 1 1 0 0 0 1 0 1 1 0 0 0 0 0 1 1 0 0 1 0 0 0 0 0 0 1 0 1 1 0 1 0 0 0 0 1 1 0 1 0 1 1 0 0 1 0 0 0 0 0 1 0 1 0 1 1 0 0 0 1 0 0 0 0 0 0 0 0 0 0 1 0 0 0 1 0 1 1 0 1 1 0 0 0 1 0 1 0 1 0 0 0 0 0 1 0 0 1 0 1 1 0 0 0 0 0 0 0 0 1 0 1 0 0 0 1 0 0 1 1 1 0 0 0 0 0 1 0 0 1 0 0 0 0 0 0 0 1 1 1 1 1 0 0 0 0 1 0 0 1 1 0 0 0 0 0 0 0 0 0 0 0 0 1 1 0 1 0 0 1 0 1 0 1 0 0 0 0 0 1 1 0 1 0 0 0 
0 1552 1571 1217 1136 0 1462 0 1207 5 1522 1415 0 1662 0 1394 1491 2417 0 2331 0 2320 0 1067 0 0 1743 837 0 0 1997 1283 0 1058 1296 0 0 0 0 0 1088 1048 1830 1241 1507 2387 1587 1190 1255 1401 0 2172 0 0 1709 0 1518 708 0 1259 1524 1472 903 1515 0 2383 1492 0 0 0 0 0 0 1007 1337 1859 0 0 2117 0 1074 0 0 2271 1569 0 425 0 0 0 1667 2201 0 0 1531 0 0 1978 0 2121 
0 0 0 1 0 1 1 1 0 1 0 0 0 1 0 0 1 0 1 0 1 0 1 1 0 0 0 0 1 0 0 1 0 0 0 1 0 1 1 0 0 0 1 0 1 0 1 0 0 1 1 0 1 0 1 0 1 1 0 0 0 0 0 0 1 1 0 0 1 0 1 0 0 0 0 0 1 1 0 0 1 0 1 0 0 1 1 0 0 0 0 1 0 0 0 1 1 0 1 1 0 0 0 1 0 1 1 0 0 0 0 0 1 1 0 0 1 0 0 0 0 0 0 1 0 1 1 0 1 0 0 0 0 1 1 0 1 0 1 1 0 0 1 0 0 0 0 0 1 0 1 0 1 1 0 0 0 1 0 0 0 0 0 0 0 0 0 0 1 0 0 0 1 0 1 1 0 1 1 0 0 0 1 0 1 0 1 0 0 0 0 0 1 0 0 1 0 1 1 0 0 0 0 0 0 0 0 1 0 1 0 0 0 1 0 0 1 1 1 0 0 0 0 0 1 0 0 1 0 0 0 0 0 0 0 1 1 1 1 1 0 0 0 0 1 0 0 1 1 0 0 0 0 0 0 0 0 0 0 0 0 1 1 0 1 0 0 1 0 1 0 1 0 0 0 0 0 1 1 0 1 0 0 0 
0 1552 1571 1217 1136 0 1462 0 1207 0 1522 1415 0 1662 0 1394 1491 2417 0 2331 0 2320 0 1067 0 0 1743 837 2 0 1997 1283 0 1058 1296 0 0 0 0 0 1088 1048 1830 1241 1507 2387 1587 1190 1255 1401 0 2172 0 7 1709 0 1518 708 0 1259 1524 1472 903 1515 5 2383 1492 0 0 0 0 0 0 1007 1337 1859 0 0 2117 0 1074 0 0 2271 1569 0 425 0 0 0 1667 2201 0 0 1531 0 0 1978 0 2121 
0 0 0 1 0 1 1 1 0 1 0 0 0 1 0 0 1 0 1 0 1 0 1 1 0 0 0 0 1 0 0 1 0 0 0 1 0 1 1 0 0 0 1 0 1 0 1 0 0 1 1 0 1 0 1 0 1 1 0 0 0 0 0 0 1 1 0 0 1 0 1 0 0 0 0 0 1 1 0 0 1 0 1 0 0 1 1 0 0 0 0 1 0 0 0 1 1 0 1 1 0 0 0 1 0 1 1 0 0 0 0 0 1 1 0 0 1 0 0 0 0 0 0 1 0 1 1 0 1 0 0 0 0 1 1 0 1 0 1 1 0 0 1 0 0 0 0 0 1 0 1 0 1 1 0 0 0 1 0 0 0 0 0 0 0 0 0 0 1 0 0 0 1 0 1 1 0 1 1 0 0 0 1 0 1 0 1 0 0 0 0 0 1 0 0 1 0 1 1 0 0 0 0 0 0 0 0 1 0 1 0 0 0 1 0 0 1 1 1 0 0 0 0 0 1 0 0 1 0 0 0 0 0 0 0 1 1 1 1 1 0 0 0 0 1 0 0 1 1 0 0 0 0 0 0 0 0 0 0 0 0 1 1 0 1 0 0 1 0 1 0 1 0 0 0 0 0 1 1 0 1 0 0 0 
0 1552 1571 1217 1136 0 1462 1 1207 0 1522 1415 0 1662 0 1394 1491 2417 0 2331 0 2320 0 1067 11 2 1743 837 0 0 1997 1283 0 1058 1296 0 0 0 0 0 1087 1048 1830 1241 1507 2387 1587 1190 1255 1401 0 2531 0 0 1709 0 1518 708 0 1259 1524 1472 903 1515 0 2383 0 0 0 0 0 0 0 1007 1337 1859 0 0 2117 0 1074 0 0 2271 1569 0 425 0 0 0 1667 2201 0 7 1531 0 0 1978 0 2121 
0 0 0 1 0 1 1 1 0 1 0 0 0 1 0 0 1 0 1 0 1 0 1 1 0 0 0 0 1 0 0 1 0 0 0 1 0 1 1 0 0 0 1 0 1 0 1 0 0 1 1 0 1 0 1 0 1 1 0 0 0 0 0 0 1 1 0 0 1 0 1 0 0 0 0 0 1 1 0 0 1 0 1 0 0 1 1 0 0 0 0 1 0 0 0 1 1 0 1 1 0 0 0 1 0 1 1 0 0 0 0 0 1 1 0 0 1 0 0 0 0 0 0 1 0 1 1 0 1 0 0 0 0 1 1 0 1 0 1 1 0 0 1 0 0 0 0 0 1 0 1 0 1 1 0 0 0 1 0 0 0 0 0 0 0 0 0 0 1 0 0 0 1 0 1 1 0 1 1 0 0 0 1 0 1 0 1 0 0 0 0 0 1 0 0 1 0 1 1 0 0 0 0 0 0 0 0 1 0 1 0 0 0 1 0 0 1 1 1 0 0 0 0 0 1 0 0 1 0 0 0 0 0 0 0 1 1 1 1 1 0 0 0 0 1 0 0 1 1 0 0 0 0 0 0 0 0 0 0 0 0 1 1 0 1 0 0 1 0 1 0 1 0 0 0 0 0 1 1 0 1 0 0 0 
0 1552 1571 1217 1136 0 1462 0 1207 1 1522 1415 0 1662 0 1394 1491 2417 0 2331 0 2320 0 1067 0 0 1743 837 0 0 1997 1283 0 1058 1296 0 0 0 0 0 1087 1048 1830 1241 1507 2387 1587 1190 1255 1401 0 2531 0 0 1709 0 1518 708 0 1259 1524 1472 903 1515 0 2383 0 0 0 0 0 0 0 1007 1337 1859 0 0 2117 4 1074 0 0 2271 1569 8 425 0 0 0 1667 2201 0 0 1531 0 2 1978 0 2121 
0 0 0 1 0 1 1 1 0 1 0 0 0 1 0 0 1 0 1 0 1 0 1 1 0 0 0 0 1 0 0 1 0 0 0 1 0 1 1 0 0 0 1 0 1 0 1 0 0 1 1 0 1 0 1 0 1 1 0 0 0 0 0 0 1 1 0 0 1 0 1 0 0 0 0 0 1 1 0 0 1 0 1 0 0 1 1 0 0 0 0 1 0 0 0 1 1 0 1 1 0 0 0 1 0 1 1 0 0 0 0 0 1 1 0 0 1 0 0 0 0 0 0 1 0 1 1 0 1 0 0 0 0 1 1 0 1 0 1 1 0 0 1 0 0 0 0 0 1 0 1 0 1 1 0 0 0 1 0 0 0 0 0 0 0 0 0 0 1 0 0 0 1 0 1 1 0 1 1 0 0 0 1 0 1 0 1 0 0 0 0 0 1 0 0 1 0 1 1 0 0 0 0 0 0 0 0 1 0 1 0 0 0 1 0 0 1 1 1 0 0 0 0 0 1 0 0 1 0 0 0 0 0 0 0 1 1 1 1 1 0 0 0 0 1 0 0 1 1 0 0 0 0 0 0 0 0 0 0 0 0 1 1 0 1 0 0 1 0 1 0 1 0 0 0 0 0 1 1 0 1 0 0 0 
0 1552 1571 1217 1136 0 1462 6 1207 1 1522 1415 0 1662 0 1394 1491 2417 0 2331 0 2320 0 1067 0 0 1743 837 0 9 1997 1283 0 1058 1296 0 0 0 0 0 1087 1048 1830 1241 1507 2387 1587 1190 1255 1401 0 2531 0 0 1709 0 1518 708 0 1259 1524 1472 903 1515 0 2383 0 0 0 0 7 0 0 1007 1337 1859 0 0 2117 0 1074 0 0 2271 1569 0 425 0 0 0 1667 2201 0 0 1531 0 0 1978 0 2121 
0 0 0 1 0 1 1 1 0 1 0 0 0 1 0 0 1 0 1 0 1 0 1 1 0 0 0 0 1 0 0 1 0 0 0 1 0 1 1 0 0 0 1 0 1 0 1 0 0 1 1 0 1 0 1 0 1 1 0 0 0 0 0 0 1 1 0 0 1 0 1 0 0 0 0 0 1 1 0 0 1 0 1 0 0 1 1 0 0 0 0 1 0 0 0 1 1 0 1 1 0 0 0 1 0 1 1 0 0 0 0 0 1 1 0 0 1 0 0 0 0 0 0 1 0 1 1 0 1 0 0 0 0 1 1 0 1 0 1 1 0 0 1 0 0 0 0 0 1 0 1 0 1 1 0 0 0 1 0 0 0 0 0 0 0 0 0 0 1 0 0 0 1 0 1 1 0 1 1 0 0 0 1 0 1 0 1 0 0 0 0 0 1 0 0 1 0 1 1 0 0 0 0 0 0 0 0 1 0 1 0 0 0 1 0 0 1 1 1 0 0 0 0 0 1 0 0 1 0 0 0 0 0 0 0 1 1 1 1 1 0 0 0 0 1 0 0 1 1 0 0 0 0 0 0 0 0 0 0 0 0 1 1 0 1 0 0 1 0 1 0 1 0 0 0 0 0 1 1 0 1 0 0 0 
0 1552 1571 1217 1136 0 1462 6 1207 1 1522 1415 0 1662 0 1394 1491 2417 0 2331 0 2320 0 1067 0 0 1743 837 0 9 1997 1283 0 1058 1296 0 0 0 0 0 1087 1048 1830 1241 1507 2387 1587 1190 1255 1401 0 2531 0 0 1709 0 1518 708 0 1259 1524 1472 903 1515 0 2383 0 0 0 0 7 0 0 1007 1337 1859 0 0 2117 0 1074 0 0 2271 1569 0 425 0 0 0 1667 2201 0 0 1531 0 0 1978 0 2121 
0 0 0 1 0 1 1 1 0 1 0 0 0 1 0 0 1 0 1 0 1 0 1 1 0 0 0 0 1 0 0 1 0 0 0 1 0 1 1 0 0 0 1 0 1 0 1 0 0 1 1 0 1 0 1 0 1 1 0 0 0 0 0 0 1 1 0 0 1 0 1 0 0 0 0 0 1 1 0 0 1 0 1 0 0 1 1 0 0 0 0 1 0 0 0 1 1 0 1 1 0 0 0 1 0 1 1 0 0 0 0 0 1 1 0 0 1 0 0 0 0 0 0 1 0 1 1 0 1 0 0 0 0 1 1 0 1 0 1 1 0 0 1 0 0 0 0 0 1 0 1 0 1 1 0 0 0 1 0 0 0 0 0 0 0 0 0 0 1 0 0 0 1 0 1 1 0 1 1 0 0 0 1 0 1 0 1 0 0 0 0 0 1 0 0 1 0 1 1 0 0 0 0 0 0 0 0 1 0 1 0 0 0 1 0 0 1 1 1 0 0 0 0 0 1 0 0 1 0 0 0 0 0 0 0 1 1 1 1 1 0 0 0 0 1 0 0 1 1 0 0 0 0 0 0 0 0 0 0 0 0 1 1 0 1 0 0 1 0 1 0 1 0 0 0 0 0 1 1 0 1 0 0 0 
0 1552 1571 1217 1136 0 1462 6 1207 1 1522 1415 0 1662 0 1394 1491 2417 0 2331 0 2320 0 1067 0 0 1743 837 0 9 1997 1283 0 1058 1296 0 0 0 0 0 1087 1048 1830 1241 1507 2387 1587 1190 1255 1401 0 2531 0 0 1709 0 1518 708 0 1259 1524 1472 903 1515 0 2383 0 0 0 0 0 4 0 1007 1337 1859 0 0 2117 0 1074 0 0 2271 1569 0 425 0 0 0 1667 2201 0 0 1531 0 0 1978 0 2121 
0 0 0 1 0 1 1 1 0 1 0 0 0 1 0 0 1 0 1 0 1 0 1 1 0 0 0 0 1 0 0 1 0 0 0 1 0 1 1 0 0 0 1 0 1 0 1 0 0 1 1 0 1 0 1 0 1 1 0 0 0 0 0 0 1 1 0 0 1 0 1 0 0 0 0 0 1 1 0 0 1 0 1 0 0 1 1 0 0 0 0 1 0 0 0 1 1 0 1 1 0 0 0 1 0 1 1 0 0 0 0 0 1 1 0 0 1 0 0 0 0 0 0 1 0 1 1 0 1 0 0 0 0 1 1 0 1 0 1 1 0 0 1 0 0 0 0 0 1 0 1 0 1 1 0 0 0 1 0 0 0 0 0 0 0 0 0 0 1 0 0 0 1 0 1 1 0 1 1 0 0 0 1 0 1 0 1 0 0 0 0 0 1 0 0 1 0 1 1 0 0 0 0 0 0 0 0 1 0 1 0 0 0 1 0 0 1 1 1 0 0 0 0 0 1 0 0 1 0 0 0 0 0 0 0 1 1 1 1 1 0 0 0 0 1 0 0 1 1 0 0 0 0 0 0 0 0 0 0 0 0 1 1 0 1 0 0 1 0 1 0 1 0 0 0 0 0 1 1 0 1 0 0 0 
0 1552 1571 1217 1136 0 1462 0 1207 0 1522 1415 0 1662 0 1394 1491 2417 0 2331 0 2320 0 1067 0 1149 1743 837 0 0 1997 1283 0 1058 1296 0 0 0 0 0 1087 1048 1830 1241 1507 2387 1587 0 1255 1401 0 2531 0 0 1709 3 1518 708 0 1259 1524 1472 903 1515 0 2383 0 0 0 0 12 0 0 1007 1337 1859 0 0 2117 0 1074 0 0 2271 1569 0 425 0 8 0 1667 2201 0 0 1531 0 0 1978 0 2121 
0 0 0 1 0 1 1 1 0 1 0 0 0 1 0 0 1 0 1 0 1 0 1 1 0 0 0 0 1 0 0 1 0 0 0 1 0 1 1 0 0 0 1 0 1 0 1 0 0 1 1 0 1 0 1 0 1 1 0 0 0 0 0 0 1 1 0 0 1 0 1 0 0 0 0 0 1 1 0 0 1 0 1 0 0 1 1 0 0 0 0 1 0 0 0 1 1 0 1 1 0 0 0 1 0 1 1 0 0 0 0 0 1 1 0 0 1 0 0 0 0 0 0 1 0 1 1 0 1 0 0 0 0 1 1 0 1 0 1 1 0 0 1 0 0 0 0 0 1 0 1 0 1 1 0 0 0 1 0 0 0 0 0 0 0 0 0 0 1 0 0 0 1 0 1 1 0 1 1 0 0 0 1 0 1 0 1 0 0 0 0 0 1 0 0 1 0 1 1 0 0 0 0 0 0 0 0 1 0 1 0 0 0 1 0 0 1 1 1 0 0 0 0 0 1 0 0 1 0 0 0 0 0 0 0 1 1 1 1 1 0 0 0 0 1 0 0 1 1 0 0 0 0 0 0 0 0 0 0 0 0 1 1 0 1 0 0 1 0 1 0 1 0 0 0 0 0 1 1 0 1 0 0 0 
0 1552 1571 1217 1136 0 1462 0 1207 0 1522 1415 0 1662 0 1394 1491 2417 0 2331 0 2320 0 1067 0 1149 1743 837 0 6 1997 1282 0 1058 1296 0 0 0 0 0 1087 1048 1830 1241 1507 2387 1587 0 1255 1401 0 2531 0 2 1709 0 1518 708 0 1259 1524 1472 903 1515 0 2383 0 0 0 0 4 0 0 1007 1337 1859 0 0 2117 0 1074 0 0 2271 1569 0 425 0 0 0 1667 2201 0 0 1531 0 0 1978 0 2121 
0 0 0 1 0 1 1 1 0 1 0 0 0 1 0 0 1 0 1 0 1 0 1 1 0 0 0 0 1 0 0 1 0 0 0 1 0 1 1 0 0 0 1 0 1 0 1 0 0 1 1 0 1 0 1 0 1 1 0 0 0 0 0 0 1 1 0 0 1 0 1 0 0 0 0 0 1 1 0 0 1 0 1 0 0 1 1 0 0 0 0 1 0 0 0 1 1 0 1 1 0 0 0 1 0 1 1 0 0 0 0 0 1 1 0 0 1 0 0 0 0 0 0 1 0 1 1 0 1 0 0 0 0 1 1 0 1 0 1 1 0 0 1 0 0 0 0 0 1 0 1 0 1 1 0 0 0 1 0 0 0 0 0 0 0 0 0 0 1 0 0 0 1 0 1 1 0 1 1 0 0 0 1 0 1 0 1 0 0 0 0 0 1 0 0 1 0 1 1 0 0 0 0 0 0 0 0 1 0 1 0 0 0 1 0 0 1 1 1 0 0 0 0 0 1 0 0 1 0 0 0 0 0 0 0 1 1 1 1 1 0 0 0 0 1 0 0 1 1 0 0 0 0 0 0 0 0 0 0 0 0 1 1 0 1 0 0 1 0 1 0 1 0 0 0 0 0 1 1 0 1 0 0 0 
0 1552 1571 1217 1136 0 1462 0 1207 0 1522 1415 0 1662 0 1394 1491 2417 0 2331 0 2320 0 1067 0 1149 1743 837 0 6 1997 1282 0 1058 1296 0 0 0 0 0 1087 1048 1830 1241 1507 2387 1587 0 1255 1401 0 2531 4 2 1709 0 1518 708 0 1259 1524 1472 903 1515 0 2383 0 8 0 0 0 0 10 1007 1337 1859 5 0 2117 0 1074 0 0 2271 1569 0 425 0 0 0 1667 2201 0 0 1531 0 0 1978 0 2121 
0 0 0 1 0 1 1 1 0 1 0 0 0 1 0 0 1 0 1 0 1 0 1 1 0 0 0 0 1 0 0 1 0 0 0 1 0 1 1 0 0 0 1 0 1 0 1 0 0 1 1 0 1 0 1 0 1 1 0 0 0 0 0 0 1 1 0 0 1 0 1 0 0 0 0 0 1 1 0 0 1 0 1 0 0 1 1 0 0 0 0 1 0 0 0 1 1 0 1 1 0 0 0 1 0 1 1 0 0 0 0 0 1 1 0 0 1 0 0 0 0 0 0 1 0 1 1 0 1 0 0 0 0 1 1 0 1 0 1 1 0 0 1 0 0 0 0 0 1 0 1 0 1 1 0 0 0 1 0 0 0 0 0 0 0 0 0 0 1 0 0 0 1 0 1 1 0 1 1 0 0 0 1 0 1 0 1 0 0 0 0 0 1 0 0 1 0 1 1 0 0 0 0 0 0 0 0 1 0 1 0 0 0 1 0 0 1 1 1 0 0 0 0 0 1 0 0 1 0 0 0 0 0 0 0 1 1 1 1 1 0 0 0 0 1 0 0 1 1 0 0 0 0 0 0 0 0 0 0 0 0 1 1 0 1 0 0 1 0 1 0 1 0 0 0 0 0 1 1 0 1 0 0 0 
0 1552 1571 1217 1136 0 1462 0 1207 0 1522 1415 0 1662 0 1394 1491 2417 0 2331 0 2320 0 1067 0 1149 1743 837 0 6 1997 1282 0 1058 1296 0 0 0 0 0 1087 1048 1830 1241 1507 2387 1587 0 1255 1401 6 2531 4 2 1709 9 1518 708 0 1259 1524 1472 903 1515 0 2383 0 8 0 0 0 0 0 1007 1337 1859 5 0 2117 0 1074 0 0 2271 1569 0 425 0 0 0 1667 2201 0 0 1531 0 0 1978 0 2121 
0 0 0 1 0 1 1 1 0 1 0 0 0 1 0 0 1 0 1 0 1 0 1 1 0 0 0 0 1 0 0 1 0 0 0 1 0 1 1 0 0 0 1 0 1 0 1 0 0 1 1 0 1 0 1 0 1 1 0 0 0 0 0 0 1 1 0 0 1 0 1 0 0 0 0 0 1 1 0 0 1 0 1 0 0 1 1 0 0 0 0 1 0 0 0 1 1 0 1 1 0 0 0 1 0 1 1 0 0 0 0 0 1 1 0 0 1 0 0 0 0 0 0 1 0 1 1 0 1 0 0 0 0 1 1 0 1 0 1 1 0 0 1 0 0 0 0 0 1 0 1 0 1 1 0 0 0 1 0 0 0 0 0 0 0 0 0 0 1 0 0 0 1 0 1 1 0 1 1 0 0 0 1 0 1 0 1 0 0 0 0 0 1 0 0 1 0 1 1 0 0 0 0 0 0 0 0 1 0 1 0 0 0 1 0 0 1 1 1 0 0 0 0 0 1 0 0 1 0 0 0 0 0 0 0 1 1 1 1 1 0 0 0 0 1 0 0 1 1 0 0 0 0 0 0 0 0 0 0 0 0 1 1 0 1 0 0 1 0 1 0 1 0 0 0 0 0 1 1 0 1 0 0 0 
0 1552 1571 1217 1136 0 1462 0 1207 0 1522 1415 0 1662 0 1394 1491 2417 0 2331 0 2320 0 1067 0 1149 1743 837 0 0 1997 1282 0 1058 1296 0 0 0 0 0 1087 1048 1830 1241 1507 2387 1587 0 1255 1401 0 2531 0 0 1709 0 1518 708 0 1259 1524 1472 903 1515 11 2383 0 0 2 0 0 0 0 1007 1337 1859 8 0 2117 0 1074 0 0 2271 1569 0 425 0 0 0 1667 2201 0 0 1531 0 0 1978 0 2121 
0 0 0 1 0 1 1 1 0 1 0 0 0 1 0 0 1 0 1 0 1 0 1 1 0 0 0 0 1 0 0 1 0 0 0 1 0 1 1 0 0 0 1 0 1 0 1 0 0 1 1 0 1 0 1 0 1 1 0 0 0 0 0 0 1 1 0 0 1 0 1 0 0 0 0 0 1 1 0 0 1 0 1 0 0 1 1 0 0 0 0 1 0 0 0 1 1 0 1 1 0 0 0 1 0 1 1 0 0 0 0 0 1 1 0 0 1 0 0 0 0 0 0 1 0 1 1 0 1 0 0 0 0 1 1 0 1 0 1 1 0 0 1 0 0 0 0 0 1 0 1 0 1 1 0 0 0 1 0 0 0 0 0 0 0 0 0 0 1 0 0 0 1 0 1 1 0 1 1 0 0 0 1 0 1 0 1 0 0 0 0 0 1 0 0 1 0 1 1 0 0 0 0 0 0 0 0 1 0 1 0 0 0 1 0 0 1 1 1 0 0 0 0 0 1 0 0 1 0 0 0 0 0 0 0 1 1 1 1 1 0 0 0 0 1 0 0 1 1 0 0 0 0 0 0 0 0 0 0 0 0 1 1 0 1 0 0 1 0 1 0 1 0 0 0 0 0 1 1 0 1 0 0 0 
0 1552 1571 1217 1136 13 1462 0 1207 0 1522 1415 0 1662 0 1394 1491 2417 0 2331 0 2320 0 1067 2 1149 1743 837 0 0 1997 1282 0 1058 1296 0 0 0 0 0 1087 1048 1830 1241 1507 2387 1587 0 1255 1401 0 2531 0 0 1709 0 1518 708 0 1259 1524 1472 903 1515 0 2383 0 0 0 0 0 0 0 1007 1337 1859 0 8 2117 0 1074 0 0 2271 1569 0 425 8 0 0 1667 2201 0 0 1531 0 0 1978 0 2121 
0 0 0 1 0 1 1 1 0 1 0 0 0 1 0 0 1 0 1 0 1 0 1 1 0 0 0 0 1 0 0 1 0 0 0 1 0 1 1 0 0 0 1 0 1 0 1 0 0 1 1 0 1 0 1 0 1 1 0 0 0 0 0 0 1 1 0 0 1 0 1 0 0 0 0 0 1 1 0 0 1 0 1 0 0 1 1 0 0 0 0 1 0 0 0 1 1 0 1 1 0 0 0 1 0 1 1 0 0 0 0 0 1 1 0 0 1 0 0 0 0 0 0 1 0 1 1 0 1 0 0 0 0 1 1 0 1 0 1 1 0 0 1 0 0 0 0 0 1 0 1 0 1 1 0 0 0 1 0 0 0 0 0 0 0 0 0 0 1 0 0 0 1 0 1 1 0 1 1 0 0 0 1 0 1 0 1 0 0 0 0 0 1 0 0 1 0 1 1 0 0 0 0 0 0 0 0 1 0 1 0 0 0 1 0 0 1 1 1 0 0 0 0 0 1 0 0 1 0 0 0 0 0 0 0 1 1 1 1 1 0 0 0 0 1 0 0 1 1 0 0 0 0 0 0 0 0 0 0 0 0 1 1 0 1 0 0 1 0 1 0 1 0 0 0 0 0 1 1 0 1 0 0 0 
0 1552 1571 1217 1136 0 1462 0 1207 0 1522 1415 0 1662 0 1394 1491 2417 0 2331 0 2320 0 1067 0 1149 1743 837 0 0 1997 1282 7 1058 1296 0 0 0 0 0 1087 1048 1830 1241 1507 2387 1587 0 1255 1401 0 2531 0 0 1709 12 1518 708 0 1259 1524 1472 903 1515 0 2383 0 0 0 0 0 0 9 1007 1337 1859 0 0 2117 0 1074 0 0 2271 1569 0 425 0 7 0 1667 2201 0 0 1531 0 0 1978 0 2121 
0 0 0 1 0 1 1 1 0 1 0 0 0 1 0 0 1 0 1 0 1 0 1 1 0 0 0 0 1 0 0 1 0 0 0 1 0 1 1 0 0 0 1 0 1 0 1 0 0 1 1 0 1 0 1 0 1 1 0 0 0 0 0 0 1 1 0 0 1 0 1 0 0 0 0 0 1 1 0 0 1 0 1 0 0 1 1 0 0 0 0 1 0 0 0 1 1 0 1 1 0 0 0 1 0 1 1 0 0 0 0 0 1 1 0 0 1 0 0 0 0 0 0 1 0 1 1 0 1 0 0 0 0 1 1 0 1 0 1 1 0 0 1 0 0 0 0 0 1 0 1 0 1 1 0 0 0 1 0 0 0 0 0 0 0 0 0 0 1 0 0 0 1 0 1 1 0 1 1 0 0 0 1 0 1 0 1 0 0 0 0 0 1 0 0 1 0 1 1 0 0 0 0 0 0 0 0 1 0 1 0 0 0 1 0 0 1 1 1 0 0 0 0 0 1 0 0 1 0 0 0 0 0 0 0 1 1 1 1 1 0 0 0 0 1 0 0 1 1 0 0 0 0 0 0 0 0 0 0 0 0 1 1 0 1 0 0 1 0 1 0 1 0 0 0 0 0 1 1 0 1 0 0 0 
0 1552 1571 1217 1136 17 1462 0 1207 0 1522 1415 0 1662 0 1394 1491 2417 0 2331 0 2320 0 1067 0 1149 1743 837 0 0 1997 1282 0 1058 1296 0 0 0 0 0 1087 1048 1830 1241 1507 2387 1587 0 1255 1401 0 2531 0 0 1709 0 1518 708 0 1259 1524 1472 903 1515 5 2383 0 0 0 0 0 0 0 1007 1337 1859 0 0 2117 6 1074 0 0 2271 1569 0 425 0 0 0 1667 2201 0 0 1531 0 0 1978 0 2121 
0 0 0 1 0 1 1 1 0 1 0 0 0 1 0 0 1 0 1 0 1 0 1 1 0 0 0 0 1 0 0 1 0 0 0 1 0 1 1 0 0 0 1 0 1 0 1 0 0 1 1 0 1 0 1 0 1 1 0 0 0 0 0 0 1 1 0 0 1 0 1 0 0 0 0 0 1 1 0 0 1 0 1 0 0 1 1 0 0 0 0 1 0 0 0 1 1 0 1 1 0 0 0 1 0 1 1 0 0 0 0 0 1 1 0 0 1 0 0 0 0 0 0 1 0 1 1 0 1 0 0 0 0 1 1 0 1 0 1 1 0 0 1 0 0 0 0 0 1 0 1 0 1 1 0 0 0 1 0 0 0 0 0 0 0 0 0 0 1 0 0 0 1 0 1 1 0 1 1 0 0 0 1 0 1 0 1 0 0 0 0 0 1 0 0 1 0 1 1 0 0 0 0 0 0 0 0 1 0 1 0 0 0 1 0 0 1 1 1 0 0 0 0 0 1 0 0 1 0 0 0 0 0 0 0 1 1 1 1 1 0 0 0 0 1 0 0 1 1 0 0 0 0 0 0 0 0 0 0 0 0 1 1 0 1 0 0 1 0 1 0 1 0 0 0 0 0 1 1 0 1 0 0 0 
0 1552 1571 1217 1136 0 1462 0 1207 0 1522 1415 0 1662 0 1394 1491 2417 0 2331 16 2320 0 1067 0 1149 1743 837 0 0 1997 1282 0 1058 1296 0 0 5 0 0 1087 1048 1830 1241 1507 2387 1587 0 1255 1401 0 2531 0 0 1709 0 1518 708 0 1259 1524 1472 903 1515 0 2383 0 0 0 0 0 0 0 1007 1337 1859 0 0 2117 0 1074 0 8 2271 1569 0 425 0 0 3 1667 2201 0 0 1531 0 0 1978 0 2121 
0 0 0 1 0 1 1 1 0 1 0 0 0 1 0 0 1 0 1 0 1 0 1 1 0 0 0 0 1 0 0 1 0 0 0 1 0 1 1 0 0 0 1 0 1 0 1 0 0 1 1 0 1 0 1 0 1 1 0 0 0 0 0 0 1 1 0 0 1 0 1 0 0 0 0 0 1 1 0 0 1 0 1 0 0 1 1 0 0 0 0 1 0 0 0 1 1 0 1 1 0 0 0 1 0 1 1 0 0 0 0 0 1 1 0 0 1 0 0 0 0 0 0 1 0 1 1 0 1 0 0 0 0 1 1 0 1 0 1 1 0 0 1 0 0 0 0 0 1 0 1 0 1 1 0 0 0 1 0 0 0 0 0 0 0 0 0 0 1 0 0 0 1 0 1 1 0 1 1 0 0 0 1 0 1 0 1 0 0 0 0 0 1 0 0 1 0 1 1 0 0 0 0 0 0 0 0 1 0 1 0 0 0 1 0 0 1 1 1 0 0 0 0 0 1 0 0 1 0 0 0 0 0 0 0 1 1 1 1 1 0 0 0 0 1 0 0 1 1 0 0 0 0 0 0 0 0 0 0 0 0 1 1 0 1 0 0 1 0 1 0 1 0 0 0 0 0 1 1 0 1 0 0 0 
0 1552 1571 1217 1136 0 1462 0 1207 0 1522 1415 0 1662 0 1394 1491 2417 0 2331 0 2320 0 1067 0 1149 1743 837 0 0 1997 1282 0 1058 1296 0 0 0 0 0 1087 1048 1830 1241 1507 2387 1587 0 1255 1401 0 2531 0 0 1709 0 1518 708 0 1259 1524 1472 903 1515 0 2383 0 0 0 0 0 0 0 1007 1337 1859 0 0 2117 0 1074 0 0 2271 1569 0 425 12 0 0 1667 2201 4 0 1531 0 0 1978 0 2121 
0 0 0 1 0 1 1 1 0 1 0 0 0 1 0 0 1 0 1 0 1 0 1 1 0 0 0 0 1 0 0 1 0 0 0 1 0 1 1 0 0 0 1 0 1 0 1 0 0 1 1 0 1 0 1 0 1 1 0 0 0 0 0 0 1 1 0 0 1 0 1 0 0 0 0 0 1 1 0 0 1 0 1 0 0 1 1 0 0 0 0 1 0 0 0 1 1 0 1 1 0 0 0 1 0 1 1 0 0 0 0 0 1 1 0 0 1 0 0 0 0 0 0 1 0 1 1 0 1 0 0 0 0 1 1 0 1 0 1 1 0 0 1 0 0 0 0 0 1 0 1 0 1 1 0 0 0 1 0 0 0 0 0 0 0 0 0 0 1 0 0 0 1 0 1 1 0 1 1 0 0 0 1 0 1 0 1 0 0 0 0 0 1 0 0 1 0 1 1 0 0 0 0 0 0 0 0 1 0 1 0 0 0 1 0 0 1 1 1 0 0 0 0 0 1 0 0 1 0 0 0 0 0 0 0 1 1 1 1 1 0 0 0 0 1 0 0 1 1 0 0 0 0 0 0 0 0 0 0 0 0 1 1 0 1 0 0 1 0 1 0 1 0 0 0 0 0 1 1 0 1 0 0 0 
0 1552 1571 1217 1136 0 1462 0 1207 0 1522 1415 0 1662 0 1394 1491 2417 0 2331 0 2320 0 1067 0 1149 1743 837 0 0 1997 1282 0 1058 1296 0 0 0 0 0 1087 1048 1830 1241 1507 2387 1587 6 1255 1401 0 2531 0 0 1709 0 1518 708 0 1259 1524 1472 903 1515 0 2383 0 0 0 0 8 0 0 1007 1337 1859 0 14 2117 6 1074 0 0 2271 1569 0 425 0 0 0 1667 2201 0 0 1531 0 0 1978 0 2121 
0 0 0 1 0 1 1 1 0 1 0 0 0 1 0 0 1 0 1 0 1 0 1 1 0 0 0 0 1 0 0 1 0 0 0 1 0 1 1 0 0 0 1 0 1 0 1 0 0 1 1 0 1 0 1 0 1 1 0 0 0 0 0 0 1 1 0 0 1 0 1 0 0 0 0 0 1 1 0 0 1 0 1 0 0 1 1 0 0 0 0 1 0 0 0 1 1 0 1 1 0 0 0 1 0 1 1 0 0 0 0 0 1 1 0 0 1 0 0 0 0 0 0 1 0 1 1 0 1 0 0 0 0 1 1 0 1 0 1 1 0 0 1 0 0 0 0 0 1 0 1 0 1 1 0 0 0 1 0 0 0 0 0 0 0 0 0 0 1 0 0 0 1 0 1 1 0 1 1 0 0 0 1 0 1 0 1 0 0 0 0 0 1 0 0 1 0 1 1 0 0 0 0 0 0 0 0 1 0 1 0 0 0 1 0 0 1 1 1 0 0 0 0 0 1 0 0 1 0 0 0 0 0 0 0 1 1 1 1 1 0 0 0 0 1 0 0 1 1 0 0 0 0 0 0 0 0 0 0 0 0 1 1 0 1 0 0 1 0 1 0 1 0 0 0 0 0 1 1 0 1 0 0 0 
0 1552 1571 1217 1136 0 1462 0 1207 0 1522 1415 2 1662 0 1394 1491 2417 0 2331 0 2320 0 1067 0 1149 1743 837 0 0 1997 1282 0 1058 1296 1 0 0 0 6 1087 1048 1830 1241 1507 2387 1587 1 1255 1401 0 2531 0 0 1709 0 1518 708 0 1259 1524 1472 903 1515 0 2383 0 0 13 0 0 0 0 1007 1337 1859 0 0 2117 0 1074 0 0 2271 1569 0 425 0 0 0 1667 2201 0 0 1531 0 0 1978 0 2121 
0 0 0 1 0 1 1 1 0 1 0 0 0 1 0 0 1 0 1 0 1 0 1 1 0 0 0 0 1 0 0 1 0 0 0 1 0 1 1 0 0 0 1 0 1 0 1 0 0 1 1 0 1 0 1 0 1 1 0 0 0 0 0 0 1 1 0 0 1 0 1 0 0 0 0 0 1 1 0 0 1 0 1 0 0 1 1 0 0 0 0 1 0 0 0 1 1 0 1 1 0 0 0 1 0 1 1 0 0 0 0 0 1 1 0 0 1 0 0 0 0 0 0 1 0 1 1 0 1 0 0 0 0 1 1 0 1 0 1 1 0 0 1 0 0 0 0 0 1 0 1 0 1 1 0 0 0 1 0 0 0 0 0 0 0 0 0 0 1 0 0 0 1 0 1 1 0 1 1 0 0 0 1 0 1 0 1 0 0 0 0 0 1 0 0 1 0 1 1 0 0 0 0 0 0 0 0 1 0 1 0 0 0 1 0 0 1 1 1 0 0 0 0 0 1 0 0 1 0 0 0 0 0 0 0 1 1 1 1 1 0 0 0 0 1 0 0 1 1 0 0 0 0 0 0 0 0 0 0 0 0 1 1 0 1 0 0 1 0 1 0 1 0 0 0 0 0 1 1 0 1 0 0 0 
0 1552 1571 1217 1136 0 1462 0 1207 0 1522 1415 2 1662 0 1394 1491 2417 0 2331 0 2320 0 1067 0 1149 1743 837 0 0 1997 1282 0 1058 1296 11 0 0 0 6 1087 1048 1830 1241 1507 2387 1587 1 1255 1401 0 2531 0 0 1709 0 1518 708 0 1259 1524 1472 903 1515 0 2383 0 0 0 0 0 0 0 1007 1337 1859 0 0 2117 0 1074 0 0 2271 1569 0 425 0 0 0 1667 2201 0 0 1531 0 0 1978 0 2121 
0 0 0 1 0 1 1 1 0 1 0 0 0 1 0 0 1 0 1 0 1 0 1 1 0 0 0 0 1 0 0 1 0 0 0 1 0 1 1 0 0 0 1 0 1 0 1 0 0 1 1 0 1 0 1 0 1 1 0 0 0 0 0 0 1 1 0 0 1 0 1 0 0 0 0 0 1 1 0 0 1 0 1 0 0 1 1 0 0 0 0 1 0 0 0 1 1 0 1 1 0 0 0 1 0 1 1 0 0 0 0 0 1 1 0 0 1 0 0 0 0 0 0 1 0 1 1 0 1 0 0 0 0 1 1 0 1 0 1 1 0 0 1 0 0 0 0 0 1 0 1 0 1 1 0 0 0 1 0 0 0 0 0 0 0 0 0 0 1 0 0 0 1 0 1 1 0 1 1 0 0 0 1 0 1 0 1 0 0 0 0 0 1 0 0 1 0 1 1 0 0 0 0 0 0 0 0 1 0 1 0 0 0 1 0 0 1 1 1 0 0 0 0 0 1 0 0 1 0 0 0 0 0 0 0 1 1 1 1 1 0 0 0 0 1 0 0 1 1 0 0 0 0 0 0 0 0 0 0 0 0 1 1 0 1 0 0 1 0 1 0 1 0 0 0 0 0 1 1 0 1 0 0 0 
0 1552 1571 1217 1136 0 1462 0 1207 0 1522 1415 0 1662 0 1394 1491 2417 0 2331 0 2320 0 1067 0 1149 1743 837 12 4 1997 1282 0 1058 1296 0 0 0 0 0 1087 1048 1830 1241 1507 2387 1587 12 1255 1401 0 2531 0 0 1709 0 1518 708 0 1259 1524 1472 903 1515 0 2383 0 0 0 0 0 0 0 1007 1337 1859 0 0 2117 0 1074 0 0 2271 1569 0 425 0 0 0 1667 2201 0 0 1531 0 0 1978 0 2121 
0 0 0 1 0 1 1 1 0 1 0 0 0 1 0 0 1 0 1 0 1 0 1 1 0 0 0 0 1 0 0 1 0 0 0 1 0 1 1 0 0 0 1 0 1 0 1 0 0 1 1 0 1 0 1 0 1 1 0 0 0 0 0 0 1 1 0 0 1 0 1 0 0 0 0 0 1 1 0 0 1 0 1 0 0 1 1 0 0 0 0 1 0 0 0 1 1 0 1 1 0 0 0 1 0 1 1 0 0 0 0 0 1 1 0 0 1 0 0 0 0 0 0 1 0 1 1 0 1 0 0 0 0 1 1 0 1 0 1 1 0 0 1 0 0 0 0 0 1 0 1 0 1 1 0 0 0 1 0 0 0 0 0 0 0 0 0 0 1 0 0 0 1 0 1 1 0 1 1 0 0 0 1 0 1 0 1 0 0 0 0 0 1 0 0 1 0 1 1 0 0 0 0 0 0 0 0 1 0 1 0 0 0 1 0 0 1 1 1 0 0 0 0 0 1 0 0 1 0 0 0 0 0 0 0 1 1 1 1 1 0 0 0 0 1 0 0 1 1 0 0 0 0 0 0 0 0 0 0 0 0 1 1 0 1 0 0 1 0 1 0 1 0 0 0 0 0 1 1 0 1 0 0 0 
0 1552 1571 1217 1136 0 1462 0 1207 0 1522 1415 0 1662 0 1394 1491 2417 0 2331 0 2320 0 1067 0 1149 1743 837 1 15 1997 1282 0 1058 1296 0 0 7 0 0 1087 1048 1830 1241 1507 2387 1587 0 1255 1401 0 2531 0 0 1709 0 1518 708 0 1259 1524 1472 903 1515 0 2383 0 0 0 5 0 0 0 1007 1337 1859 0 0 2117 0 1074 0 0 2271 1569 0 425 0 1 0 1667 2201 0 0 1531 0 0 1978 0 2121 
0 0 0 1 0 1 1 1 0 1 0 0 0 1 0 0 1 0 1 0 1 0 1 1 0 0 0 0 1 0 0 1 0 0 0 1 0 1 1 0 0 0 1 0 1 0 1 0 0 1 1 0 1 0 1 0 1 1 0 0 0 0 0 0 1 1 0 0 1 0 1 0 0 0 0 0 1 1 0 0 1 0 1 0 0 1 1 0 0 0 0 1 0 0 0 1 1 0 1 1 0 0 0 1 0 1 1 0 0 0 0 0 1 1 0 0 1 0 0 0 0 0 0 1 0 1 1 0 1 0 0 0 0 1 1 0 1 0 1 1 0 0 1 0 0 0 0 0 1 0 1 0 1 1 0 0 0 1 0 0 0 0 0 0 0 0 0 0 1 0 0 0 1 0 1 1 0 1 1 0 0 0 1 0 1 0 1 0 0 0 0 0 1 0 0 1 0 1 1 0 0 0 0 0 0 0 0 1 0 1 0 0 0 1 0 0 1 1 1 0 0 0 0 0 1 0 0 1 0 0 0 0 0 0 0 1 1 1 1 1 0 0 0 0 1 0 0 1 1 0 0 0 0 0 0 0 0 0 0 0 0 1 1 0 1 0 0 1 0 1 0 1 0 0 0 0 0 1 1 0 1 0 0 0 
0 1552 1571 1217 1136 0 1462 4 1207 0 1522 1415 0 1662 0 1394 1491 2417 0 2331 0 2320 0 1067 0 1149 1743 837 0 0 1997 1282 0 1058 1296 0 0 7 0 0 1087 1048 1830 1241 1507 2387 1587 0 1255 1401 0 2531 0 0 1709 0 1518 708 0 1259 1524 1472 903 1515 0 2383 0 0 0 5 0 0 0 1007 1337 1859 0 0 2117 0 1074 0 0 2271 1569 0 425 0 1 0 1667 2201 0 0 1531 0 0 1978 0 2121 
0 0 0 1 0 1 1 1 0 1 0 0 0 1 0 0 1 0 1 0 1 0 1 1 0 0 0 0 1 0 0 1 0 0 0 1 0 1 1 0 0 0 1 0 1 0 1 0 0 1 1 0 1 0 1 0 1 1 0 0 0 0 0 0 1 1 0 0 1 0 1 0 0 0 0 0 1 1 0 0 1 0 1 0 0 1 1 0 0 0 0 1 0 0 0 1 1 0 1 1 0 0 0 1 0 1 1 0 0 0 0 0 1 1 0 0 1 0 0 0 0 0 0 1 0 1 1 0 1 0 0 0 0 1 1 0 1 0 1 1 0 0 1 0 0 0 0 0 1 0 1 0 1 1 0 0 0 1 0 0 0 0 0 0 0 0 0 0 1 0 0 0 1 0 1 1 0 1 1 0 0 0 1 0 1 0 1 0 0 0 0 0 1 0 0 1 0 1 1 0 0 0 0 0 0 0 0 1 0 1 0 0 0 1 0 0 1 1 1 0 0 0 0 0 1 0 0 1 0 0 0 0 0 0 0 1 1 1 1 1 0 0 0 0 1 0 0 1 1 0 0 0 0 0 0 0 0 0 0 0 0 1 1 0 1 0 0 1 0 1 0 1 0 0 0 0 0 1 1 0 1 0 0 0 
0 1552 1571 1217 1136 0 1462 0 1207 0 1522 1415 0 1662 0 1394 1491 2417 0 2331 0 2320 0 1067 0 1149 1743 837 0 17 1997 1282 0 1058 1296 0 0 0 0 0 1087 1048 1830 1241 1507 2387 1587 0 1255 1401 0 2531 0 2 1709 0 1518 708 0 1259 1524 1472 903 1515 0 2383 0 0 0 0 0 0 0 1007 1337 1859 0 0 2117 0 1074 0 5 2271 1569 0 425 0 0 0 1667 2201 0 0 1531 0 0 1978 0 2121 
0 0 0 1 0 1 1 1 0 1 0 0 0 1 0 0 1 0 1 0 1 0 1 1 0 0 0 0 1 0 0 1 0 0 0 1 0 1 1 0 0 0 1 0 1 0 1 0 0 1 1 0 1 0 1 0 1 1 0 0 0 0 0 0 1 1 0 0 1 0 1 0 0 0 0 0 1 1 0 0 1 0 1 0 0 1 1 0 0 0 0 1 0 0 0 1 1 0 1 1 0 0 0 1 0 1 1 0 0 0 0 0 1 1 0 0 1 0 0 0 0 0 0 1 0 1 1 0 1 0 0 0 0 1 1 0 1 0 1 1 0 0 1 0 0 0 0 0 1 0 1 0 1 1 0 0 0 1 0 0 0 0 0 0 0 0 0 0 1 0 0 0 1 0 1 1 0 1 1 0 0 0 1 0 1 0 1 0 0 0 0 0 1 0 0 1 0 1 1 0 0 0 0 0 0 0 0 1 0 1 0 0 0 1 0 0 1 1 1 0 0 0 0 0 1 0 0 1 0 0 0 0 0 0 0 1 1 1 1 1 0 0 0 0 1 0 0 1 1 0 0 0 0 0 0 0 0 0 0 0 0 1 1 0 1 0 0 1 0 1 0 1 0 0 0 0 0 1 1 0 1 0 0 0 
0 1552 1571 1217 1136 0 1462 0 1207 0 1522 1415 0 1662 0 1394 1491 2417 0 2331 0 2320 0 1067 0 1149 1743 837 0 0 1997 1282 0 1058 1296 0 0 0 0 0 1087 1048 1830 1241 1507 2387 1587 0 1255 1401 0 2531 0 0 1709 0 1518 708 0 1259 1524 1472 903 1515 0 2383 0 0 0 6 0 0 0 1007 1337 1859 0 0 2117 0 1074 0 0 2271 1569 0 425 7 0 14 1667 2201 0 0 1531 0 0 1978 0 2121 
0 0 0 1 0 1 1 1 0 1 0 0 0 1 0 0 1 0 1 0 1 0 1 1 0 0 0 0 1 0 0 1 0 0 0 1 0 1 1 0 0 0 1 0 1 0 1 0 0 1 1 0 1 0 1 0 1 1 0 0 0 0 0 0 1 1 0 0 1 0 1 0 0 0 0 0 1 1 0 0 1 0 1 0 0 1 1 0 0 0 0 1 0 0 0 1 1 0 1 1 0 0 0 1 0 1 1 0 0 0 0 0 1 1 0 0 1 0 0 0 0 0 0 1 0 1 1 0 1 0 0 0 0 1 1 0 1 0 1 1 0 0 1 0 0 0 0 0 1 0 1 0 1 1 0 0 0 1 0 0 0 0 0 0 0 0 0 0 1 0 0 0 1 0 1 1 0 1 1 0 0 0 1 0 1 0 1 0 0 0 0 0 1 0 0 1 0 1 1 0 0 0 0 0 0 0 0 1 0 1 0 0 0 1 0 0 1 1 1 0 0 0 0 0 1 0 0 1 0 0 0 0 0 0 0 1 1 1 1 1 0 0 0 0 1 0 0 1 1 0 0 0 0 0 0 0 0 0 0 0 0 1 1 0 1 0 0 1 0 1 0 1 0 0 0 0 0 1 1 0 1 0 0 0 
0 1552 1571 1217 1136 0 1462 0 1207 0 1522 1415 0 1662 0 1394 1491 2417 0 2331 0 2320 0 1067 0 1149 1743 837 0 1 1997 1282 0 1058 1296 0 0 0 0 0 1087 1048 1830 1241 1507 2387 1587 0 1255 1401 0 2531 0 1 1709 0 1518 708 0 1259 1524 1472 903 1515 0 2383 0 0 0 0 0 0 0 1007 1337 1859 0 0 2117 0 1074 0 0 2271 1569 0 425 0 0 0 1667 2201 0 0 1531 0 0 1978 0 2121 
0 0 0 1 0 1 1 1 0 1 0 0 0 1 0 0 1 0 1 0 1 0 1 1 0 0 0 0 1 0 0 1 0 0 0 1 0 1 1 0 0 0 1 0 1 0 1 0 0 1 1 0 1 0 1 0 1 1 0 0 0 0 0 0 1 1 0 0 1 0 1 0 0 0 0 0 1 1 0 0 1 0 1 0 0 1 1 0 0 0 0 1 0 0 0 1 1 0 1 1 0 0 0 1 0 1 1 0 0 0 0 0 1 1 0 0 1 0 0 0 0 0 0 1 0 1 1 0 1 0 0 0 0 1 1 0 1 0 1 1 0 0 1 0 0 0 0 0 1 0 1 0 1 1 0 0 0 1 0 0 0 0 0 0 0 0 0 0 1 0 0 0 1 0 1 1 0 1 1 0 0 0 1 0 1 0 1 0 0 0 0 0 1 0 0 1 0 1 1 0 0 0 0 0 0 0 0 1 0 1 0 0 0 1 0 0 1 1 1 0 0 0 0 0 1 0 0 1 0 0 0 0 0 0 0 1 1 1 1 1 0 0 0 0 1 0 0 1 1 0 0 0 0 0 0 0 0 0 0 0 0 1 1 0 1 0 0 1 0 1 0 1 0 0 0 0 0 1 1 0 1 0 0 0 
0 1552 1571 1217 1136 0 1462 0 1207 0 1522 1415 0 1662 2 1394 1491 2417 0 2331 0 2324 0 1067 0 1149 1743 837 10 0 1997 1282 0 1058 1296 0 3 7 0 0 1087 1048 1830 1241 1507 2387 1587 0 1255 1401 0 2531 0 0 1709 0 1518 0 0 1259 1524 1472 903 1515 0 2383 0 0 0 0 0 3 0 1007 1337 1859 0 0 2117 0 1074 0 0 2271 1569 0 425 0 0 0 1667 2201 0 0 1531 0 0 1978 0 2121 
0 0 0 1 0 1 1 1 0 1 0 0 0 1 0 0 1 0 1 0 1 0 1 1 0 0 0 0 1 0 0 1 0 0 0 1 0 1 1 0 0 0 1 0 1 0 1 0 0 1 1 0 1 0 1 0 1 1 0 0 0 0 0 0 1 1 0 0 1 0 1 0 0 0 0 0 1 1 0 0 1 0 1 0 0 1 1 0 0 0 0 1 0 0 0 1 1 0 1 1 0 0 0 1 0 1 1 0 0 0 0 0 1 1 0 0 1 0 0 0 0 0 0 1 0 1 1 0 1 0 0 0 0 1 1 0 1 0 1 1 0 0 1 0 0 0 0 0 1 0 1 0 1 1 0 0 0 1 0 0 0 0 0 0 0 0 0 0 1 0 0 0 1 0 1 1 0 1 1 0 0 0 1 0 1 0 1 0 0 0 0 0 1 0 0 1 0 1 1 0 0 0 0 0 0 0 0 1 0 1 0 0 0 1 0 0 1 1 1 0 0 0 0 0 1 0 0 1 0 0 0 0 0 0 0 1 1 1 1 1 0 0 0 0 1 0 0 1 1 0 0 0 0 0 0 0 0 0 0 0 0 1 1 0 1 0 0 1 0 1 0 1 0 0 0 0 0 1 1 0 1 0 0 0 
0 1552 1571 1217 1136 0 1462 9 1207 0 1522 1415 0 1662 0 1394 1491 2417 0 2331 3 2324 0 1067 0 1149 1743 837 0 0 1997 1282 0 1382 1296 0 0 0 0 0 1087 1048 1830 1241 1507 2387 1587 0 1255 1401 0 2531 0 0 1709 0 1518 0 0 1259 1524 1472 903 1515 0 2383 0 0 0 0 0 0 0 0 1337 1859 0 0 2117 0 1074 0 0 2271 1569 0 425 0 7 0 1667 2201 17 0 1531 0 0 1978 0 2121 
0 0 0 1 0 1 1 1 0 1 0 0 0 1 0 0 1 0 1 0 1 0 1 1 0 0 0 0 1 0 0 1 0 0 0 1 0 1 1 0 0 0 1 0 1 0 1 0 0 1 1 0 1 0 1 0 1 1 0 0 0 0 0 0 1 1 0 0 1 0 1 0 0 0 0 0 1 1 0 0 1 0 1 0 0 1 1 0 0 0 0 1 0 0 0 1 1 0 1 1 0 0 0 1 0 1 1 0 0 0 0 0 1 1 0 0 1 0 0 0 0 0 0 1 0 1 1 0 1 0 0 0 0 1 1 0 1 0 1 1 0 0 1 0 0 0 0 0 1 0 1 0 1 1 0 0 0 1 0 0 0 0 0 0 0 0 0 0 1 0 0 0 1 0 1 1 0 1 1 0 0 0 1 0 1 0 1 0 0 0 0 0 1 0 0 1 0 1 1 0 0 0 0 0 0 0 0 1 0 1 0 0 0 1 0 0 1 1 1 0 0 0 0 0 1 0 0 1 0 0 0 0 0 0 0 1 1 1 1 1 0 0 0 0 1 0 0 1 1 0 0 0 0 0 0 0 0 0 0 0 0 1 1 0 1 0 0 1 0 1 0 1 0 0 0 0 0 1 1 0 1 0 0 0 
0 1552 1571 1217 1136 0 1462 1 1207 0 1522 1415 0 1662 0 1394 1491 2417 0 2331 0 2324 0 1067 0 1149 1743 837 0 0 1997 1282 0 1382 1296 7 0 0 0 0 1087 1048 1830 1241 1507 2387 1587 0 1255 1401 0 2531 0 0 1709 0 1518 0 0 1259 1524 1472 903 1515 0 2383 0 0 0 0 0 0 0 0 1337 1859 0 0 2117 1 1074 0 0 2271 1569 0 425 0 0 1 1667 2201 0 0 1531 0 0 1978 0 2121 
0 0 0 1 0 1 1 1 0 1 0 0 0 1 0 0 1 0 1 0 1 0 1 1 0 0 0 0 1 0 0 1 0 0 0 1 0 1 1 0 0 0 1 0 1 0 1 0 0 1 1 0 1 0 1 0 1 1 0 0 0 0 0 0 1 1 0 0 1 0 1 0 0 0 0 0 1 1 0 0 1 0 1 0 0 1 1 0 0 0 0 1 0 0 0 1 1 0 1 1 0 0 0 1 0 1 1 0 0 0 0 0 1 1 0 0 1 0 0 0 0 0 0 1 0 1 1 0 1 0 0 0 0 1 1 0 1 0 1 1 0 0 1 0 0 0 0 0 1 0 1 0 1 1 0 0 0 1 0 0 0 0 0 0 0 0 0 0 1 0 0 0 1 0 1 1 0 1 1 0 0 0 1 0 1 0 1 0 0 0 0 0 1 0 0 1 0 1 1 0 0 0 0 0 0 0 0 1 0 1 0 0 0 1 0 0 1 1 1 0 0 0 0 0 1 0 0 1 0 0 0 0 0 0 0 1 1 1 1 1 0 0 0 0 1 0 0 1 1 0 0 0 0 0 0 0 0 0 0 0 0 1 1 0 1 0 0 1 0 1 0 1 0 0 0 0 0 1 1 0 1 0 0 0 
0 1552 1571 1217 1136 0 1462 0 1207 0 1522 1415 0 1662 0 1394 1491 2417 0 2331 0 2324 0 1067 0 1149 1743 837 0 0 1997 1282 0 1382 1296 0 0 0 0 0 1087 1048 1830 1241 1507 2387 1587 0 1255 1401 0 2531 0 0 1709 0 1518 0 0 1259 1524 1472 903 1515 0 2383 0 0 0 0 0 0 0 0 1337 1859 0 0 2117 0 1074 0 0 2271 1569 0 425 0 0 0 1667 2201 0 0 1531 0 0 1978 10 2121 
0 0 0 1 0 1 1 1 0 1 0 0 0 1 0 0 1 0 1 0 1 0 1 1 0 0 0 0 1 0 0 1 0 0 0 1 0 1 1 0 0 0 1 0 1 0 1 0 0 1 1 0 1 0 1 0 1 1 0 0 0 0 0 0 1 1 0 0 1 0 1 0 0 0 0 0 1 1 0 0 1 0 1 0 0 1 1 0 0 0 0 1 0 0 0 1 1 0 1 1 0 0 0 1 0 1 1 0 0 0 0 0 1 1 0 0 1 0 0 0 0 0 0 1 0 1 1 0 1 0 0 0 0 1 1 0 1 0 1 1 0 0 1 0 0 0 0 0 1 0 1 0 1 1 0 0 0 1 0 0 0 0 0 0 0 0 0 0 1 0 0 0 1 0 1 1 0 1 1 0 0 0 1 0 1 0 1 0 0 0 0 0 1 0 0 1 0 1 1 0 0 0 0 0 0 0 0 1 0 1 0 0 0 1 0 0 1 1 1 0 0 0 0 0 1 0 0 1 0 0 0 0 0 0 0 1 1 1 1 1 0 0 0 0 1 0 0 1 1 0 0 0 0 0 0 0 0 0 0 0 0 1 1 0 1 0 0 1 0 1 0 1 0 0 0 0 0 1 1 0 1 0 0 0 
0 1552 1571 1217 1136 0 1462 0 1207 0 1522 1415 0 1662 0 1394 1491 2417 0 2331 0 2324 0 1067 0 1149 1743 837 7 0 1997 1282 0 1382 1296 0 0 0 0 0 1087 1048 1830 1241 1507 2387 1587 0 1255 1401 0 2531 0 0 1709 0 1518 0 0 1259 1524 1472 903 1515 0 2383 0 0 0 0 0 0 5 0 1337 1859 1 0 2117 6 1074 0 0 2271 1569 0 425 0 0 0 1667 2201 0 0 1531 0 0 1978 0 2121 
0 0 0 1 0 1 1 1 0 1 0 0 0 1 0 0 1 0 1 0 1 0 1 1 0 0 0 0 1 0 0 1 0 0 0 1 0 1 1 0 0 0 1 0 1 0 1 0 0 1 1 0 1 0 1 0 1 1 0 0 0 0 0 0 1 1 0 0 1 0 1 0 0 0 0 0 1 1 0 0 1 0 1 0 0 1 1 0 0 0 0 1 0 0 0 1 1 0 1 1 0 0 0 1 0 1 1 0 0 0 0 0 1 1 0 0 1 0 0 0 0 0 0 1 0 1 1 0 1 0 0 0 0 1 1 0 1 0 1 1 0 0 1 0 0 0 0 0 1 0 1 0 1 1 0 0 0 1 0 0 0 0 0 0 0 0 0 0 1 0 0 0 1 0 1 1 0 1 1 0 0 0 1 0 1 0 1 0 0 0 0 0 1 0 0 1 0 1 1 0 0 0 0 0 0 0 0 1 0 1 0 0 0 1 0 0 1 1 1 0 0 0 0 0 1 0 0 1 0 0 0 0 0 0 0 1 1 1 1 1 0 0 0 0 1 0 0 1 1 0 0 0 0 0 0 0 0 0 0 0 0 1 1 0 1 0 0 1 0 1 0 1 0 0 0 0 0 1 1 0 1 0 0 0 
0 1552 1571 1217 1136 0 1462 0 1207 0 1522 1415 0 1662 0 1394 1491 2417 0 2331 0 2324 7 1067 0 1149 1743 837 0 0 1997 1282 0 1382 1296 0 0 0 0 0 1087 1048 1830 1241 1507 2387 1587 0 1255 1401 0 2531 0 0 1709 0 1518 0 0 1259 1524 1472 903 1515 0 2383 0 0 0 0 0 0 0 0 1337 1859 12 0 2117 0 1074 0 0 2271 1569 0 425 7 0 0 1667 2201 0 0 1531 0 0 1978 0 2121 
0 0 0 1 0 1 1 1 0 1 0 0 0 1 0 0 1 0 1 0 1 0 1 1 0 0 0 0 1 0 0 1 0 0 0 1 0 1 1 0 0 0 1 0 1 0 1 0 0 1 1 0 1 0 1 0 1 1 0 0 0 0 0 0 1 1 0 0 1 0 1 0 0 0 0 0 1 1 0 0 1 0 1 0 0 1 1 0 0 0 0 1 0 0 0 1 1 0 1 1 0 0 0 1 0 1 1 0 0 0 0 0 1 1 0 0 1 0 0 0 0 0 0 1 0 1 1 0 1 0 0 0 0 1 1 0 1 0 1 1 0 0 1 0 0 0 0 0 1 0 1 0 1 1 0 0 0 1 0 0 0 0 0 0 0 0 0 0 1 0 0 0 1 0 1 1 0 1 1 0 0 0 1 0 1 0 1 0 0 0 0 0 1 0 0 1 0 1 1 0 0 0 0 0 0 0 0 1 0 1 0 0 0 1 0 0 1 1 1 0 0 0 0 0 1 0 0 1 0 0 0 0 0 0 0 1 1 1 1 1 0 0 0 0 1 0 0 1 1 0 0 0 0 0 0 0 0 0 0 0 0 1 1 0 1 0 0 1 0 1 0 1 0 0 0 0 0 1 1 0 1 0 0 0 
0 1552 1571 1217 1136 0 1462 0 1207 0 1522 1415 0 1662 0 1394 1491 2417 0 2331 0 2324 0 1067 0 1149 1743 837 0 3 1997 1282 1 1382 1296 0 0 0 0 0 1087 1048 1830 1241 1507 2387 1587 0 1255 1401 0 2531 0 0 1709 0 1518 0 0 1259 1524 1472 903 1515 9 2383 0 0 0 0 0 0 0 0 1337 1859 12 0 2117 0 1074 0 0 2271 1569 0 425 0 0 0 1667 2201 0 0 1531 0 0 1978 0 2121 
0 0 0 1 0 1 1 1 0 1 0 0 0 1 0 0 1 0 1 0 1 0 1 1 0 0 0 0 1 0 0 1 0 0 0 0 0 1 0 0 0 0 1 0 1 0 1 0 0 1 1 0 1 0 1 0 1 0 0 0 0 0 0 0 1 1 0 0 1 0 1 0 0 0 0 0 1 1 0 0 1 0 1 0 0 0 1 0 0 0 0 1 0 0 0 1 1 0 1 0 0 0 0 1 0 1 0 0 0 0 0 0 0 1 0 0 0 0 0 0 0 0 0 1 0 1 1 0 1 0 0 0 0 0 1 0 1 0 0 0 0 0 1 0 0 0 0 0 1 0 1 0 1 1 0 0 0 0 0 0 0 0 0 0 0 0 0 0 0 0 0 0 0 0 1 1 0 1 1 0 0 0 1 0 1 0 1 0 0 0 0 0 1 0 0 1 0 1 0 0 0 0 0 0 0 0 0 1 0 0 0 0 0 1 0 0 0 0 0 0 0 0 0 0 1 0 0 1 0 0 0 0 0 0 0 1 1 1 1 1 0 0 0 0 0 0 0 1 1 0 0 0 0 0 0 0 0 0 0 0 0 1 1 0 1 0 0 1 0 1 0 1 0 0 0 0 0 0 1 0 0 0 0 0 
