2523
0 0 9505505 150639745
0 0 14440248 66827979
14440248 66827979 22002011 84815090
22002011 84815090 22002011 84815090
22002011 84815090 22002011 84815090
22002011 84815090 22368070 84815090
22368070 84815090 22368070 84815090
22368070 84815090 42283939 89909539
42283939 89909539 68947603 97627655
22368070 84815090 22368070 84815090
22368070 84815090 22368070 84815090
22368070 84815090 22368070 84815090
22368070 84815090 36872430 106006189
36872430 106006189 63215912 117279579
63215912 117279579 64060296 118599491
64060296 118599491 64060296 118599491
64060296 118599491 65314025 120664517
65314025 120664517 71368707 150433797
71368707 150433797 88745207 184557228
71368707 150433797 109033011 174303812
109033011 174303812 135836359 184050939
135836359 184050939 155334852 189277734
155334852 189277734 185825348 190540802
185825348 190540802 196489088 192215184
196489088 192215184 219114026 207784821
219114026 207784821 242776775 211468462
242776775 211468462 263983660 226183476
263983660 226183476 326291027 245856714
326291027 245856714 341082890 253024986
326291027 245856714 361457016 251812494
326291027 245856714 328406976 257192839
328406976 257192839 328406976 257192839
328406976 257192839 328406976 257192839
328406976 257192839 328406976 257192839
328406976 257192839 328406976 257192839
328406976 257192839 332899085 257192839
328406976 257192839 328406976 257192839
328406976 257192839 328406976 257192839
328406976 257192839 328406976 257192839
328406976 257192839 328406976 257192839
328406976 257192839 328406976 257192839
328406976 257192839 328406976 257192839
328406976 257192839 328406976 257192839
328406976 257192839 328406976 257192839
328406976 257192839 328406976 257192839
328406976 257192839 328406976 257192839
328406976 257192839 328406976 257192839
328406976 257192839 328406976 257192839
328406976 257192839 339632658 278846557
328406976 257192839 328406976 257192839
328406976 257192839 328406976 257192839
263983660 226183476 328236544 242015941
196489088 192215184 217252147 222726726
185825348 190540802 190166789 227376706
190166789 227376706 190949425 228713831
190949425 228713831 191872677 229209192
191872677 229209192 191872677 229209192
191872677 229209192 191872677 231531728
191872677 229209192 191872677 229209192
191872677 229209192 216207081 240976540
216207081 240976540 232812650 257981386
232812650 257981386 232812650 258409641
232812650 258409641 232812650 258409641
232812650 258409641 232929833 258666993
232929833 258666993 232929833 258666993
232929833 258666993 234133172 259403962
234133172 259403962 234133172 259403962
234133172 259403962 234133172 259403962
234133172 259403962 234133172 259403962
234133172 259403962 234133172 259403962
234133172 259403962 234133172 259403962
234133172 259403962 252539886 279116530
252539886 279116530 261594304 344709156
252539886 279116530 264765260 340640528
232929833 258666993 232929833 258666993
232812650 258409641 232929833 258409641
232812650 257981386 234571492 260457679
234571492 260457679 234571492 260457679
234571492 260457679 234571492 260457679
234571492 260457679 234571492 260457679
234571492 260457679 234571492 260457679
234571492 260457679 234571492 260457679
234571492 260457679 234571492 260457679
234571492 260457679 234571492 260457679
234571492 260457679 234571492 260457679
234571492 260457679 234571492 260457679
234571492 260457679 234571492 260457679
234571492 260457679 234571492 260457679
234571492 260457679 234571492 260457679
234571492 260457679 234571492 260457679
234571492 260457679 289667944 265577373
289667944 265577373 309496209 286371562
289667944 265577373 306833529 297040279
289667944 265577373 292180004 321144844
289667944 265577373 291790072 327608067
291790072 327608067 305828927 353198866
305828927 353198866 348529696 417366068
348529696 417366068 352341624 435245626
352341624 435245626 388037057 442017124
352341624 435245626 374165903 481061323
374165903 481061323 397796887 495186919
397796887 495186919 401417619 520203883
401417619 520203883 418807283 527087124
418807283 527087124 447591728 532443014
418807283 527087124 418807283 531356417
418807283 531356417 420865511 536509956
418807283 531356417 444006497 534113827
397796887 495186919 432418006 506235144
432418006 506235144 465269766 509803010
305828927 353198866 351356551 362328312
351356551 362328312 351565165 362392649
351565165 362392649 351565165 364045352
351565165 364045352 365258493 369371680
365258493 369371680 371439175 393961556
351356551 362328312 351421793 362328312
351421793 362328312 351421793 362328312
351421793 362328312 351421793 362328312
351421793 362328312 351421793 362328312
351421793 362328312 351565165 364045352
351565165 364045352 352242246 365646755
352242246 365646755 354681958 414542871
351421793 362328312 351421793 362392649
289667944 265577373 303211663 314597593
303211663 314597593 317298050 314597593
317298050 314597593 317298050 314597593
317298050 314597593 318326334 314610998
318326334 314610998 318326334 321470855
318326334 321470855 363375677 346262911
363375677 346262911 369340527 357494874
369340527 357494874 386089834 364402513
317298050 314597593 317298050 314597593
317298050 314597593 317298050 314597593
317298050 314597593 317298050 314597593
317298050 314597593 317516049 314597593
317516049 314597593 317516049 314597593
317516049 314597593 317849754 314597593
317849754 314597593 317849754 314597593
317849754 314597593 317849754 314597593
317849754 314597593 317849754 314597593
317849754 314597593 398975041 326064642
398975041 326064642 398975041 326064642
398975041 326064642 398975041 326064642
398975041 326064642 398975041 326064642
398975041 326064642 398975041 326064642
398975041 326064642 398975041 326064642
398975041 326064642 398975041 326064642
398975041 326064642 398975041 326064642
398975041 326064642 398975041 327608067
398975041 327608067 398975041 327608067
398975041 327608067 398975041 327608067
398975041 327608067 398975041 327608067
398975041 327608067 398975041 327666491
398975041 327666491 400456696 327666491
400456696 327666491 432147881 331895951
432147881 331895951 447591728 353752265
447591728 353752265 447591728 353752265
447591728 353752265 447591728 353989464
447591728 353989464 447591728 353989464
447591728 353989464 448276546 357338250
447591728 353989464 447591728 354815557
447591728 353752265 447591728 353752265
447591728 353752265 448276546 354815557
448276546 354815557 449854266 362392649
400456696 327666491 400456696 328086452
398975041 327608067 398975041 327608067
398975041 327608067 398975041 327608067
398975041 327608067 398975041 327608067
398975041 327608067 398975041 327608067
398975041 327608067 404423509 353705868
404423509 353705868 414810102 386905908
414810102 386905908 445961662 392783850
445961662 392783850 462157394 404680876
445961662 392783850 458337154 409952773
458337154 409952773 476384997 423614833
458337154 409952773 493116748 417421614
493116748 417421614 511546697 428703888
511546697 428703888 514242041 428881091
511546697 428703888 511546697 428881091
511546697 428881091 520899674 431344473
520899674 431344473 527251872 484185930
527251872 484185930 546586545 487843762
546586545 487843762 556556085 493212737
556556085 493212737 586687885 512232575
586687885 512232575 592323166 531680125
592323166 531680125 615762410 546801614
615762410 546801614 624043871 554939929
592323166 531680125 608921991 568696993
608921991 568696993 623095735 579303966
623095735 579303966 644059926 605497060
644059926 605497060 658975486 615268300
644059926 605497060 656996925 624723737
656996925 624723737 679166680 633736803
679166680 633736803 687800773 654051004
687800773 654051004 697309421 664360204
687800773 654051004 693349791 674239806
687800773 654051004 692912569 678201273
623095735 579303966 669320813 589241771
669320813 589241771 677143591 599416231
677143591 599416231 682447699 614695003
682447699 614695003 689466736 623763707
689466736 623763707 705329775 636991307
705329775 636991307 734008885 640629377
734008885 640629377 748226265 647394847
748226265 647394847 749138670 649073568
749138670 649073568 749138670 649073568
749138670 649073568 750662212 651177459
750662212 651177459 764591121 654329125
764591121 654329125 790557345 666015724
790557345 666015724 825022586 688333522
825022586 688333522 859151233 701018907
790557345 666015724 816004999 718926570
816004999 718926570 844696263 727490697
844696263 727490697 845157572 739513976
845157572 739513976 845957681 739513976
845957681 739513976 847524615 739513976
847524615 739513976 847813529 739513976
847813529 739513976 847813529 744495336
847813529 744495336 855215311 755522501
855215311 755522501 856489414 756244049
856489414 756244049 858776613 756523335
855215311 755522501 856489414 755522501
856489414 755522501 856489414 755522501
856489414 755522501 856489414 756244049
856489414 756244049 858294061 756523335
858294061 756523335 881191409 781488711
881191409 781488711 891145052 792730104
891145052 792730104 916963384 796179695
847524615 739513976 847524615 739513976
845957681 739513976 845957681 739513976
845957681 739513976 845957681 739513976
845957681 739513976 845957681 739513976
845957681 739513976 895104101 746730142
895104101 746730142 932998107 754101075
932998107 754101075 968545595 792201718
932998107 754101075 942570470 792730104
942570470 792730104 944597282 794300151
944597282 794300151 947015495 794300151
947015495 794300151 947015495 795400653
947015495 795400653 947015495 795400653
947015495 795400653 951935897 795771761
951935897 795771761 960680302 796290015
960680302 796290015 964112780 801282813
947015495 795400653 947015495 795771761
942570470 792730104 944597282 792730104
944597282 792730104 952635225 824520575
952635225 824520575 961969703 834161758
895104101 746730142 895104101 746730142
895104101 746730142 895309182 749154093
895309182 749154093 909445303 770509738
895104101 746730142 895309182 746730142
845957681 739513976 845957681 739513976
764591121 654329125 766681080 654329125
766681080 654329125 766681080 654329125
766681080 654329125 770950012 685517404
766681080 654329125 766681080 654329125
766681080 654329125 766681080 654329125
766681080 654329125 767338756 654329125
766681080 654329125 766681080 654329125
766681080 654329125 766681080 654329125
749138670 649073568 749138670 649073568
748226265 647394847 749138670 647394847
749138670 647394847 750032085 649073568
750032085 649073568 750662212 650665675
750662212 650665675 751282153 651177459
750032085 649073568 750032085 650665675
705329775 636991307 724563706 651764063
724563706 651764063 748218554 664530182
748218554 664530182 753153410 697501239
724563706 651764063 745438215 701647488
677143591 599416231 700086345 602472850
546586545 487843762 550323460 531613312
550323460 531613312 580261484 577169917
580261484 577169917 580261484 577169917
580261484 577169917 580261484 577169917
580261484 577169917 580261484 577169917
580261484 577169917 593915590 620292945
593915590 620292945 594164979 622695574
594164979 622695574 595974045 622695574
595974045 622695574 629623186 658225160
593915590 620292945 594164979 620292945
594164979 620292945 605642214 672088212
580261484 577169917 580261484 577169917
580261484 577169917 580261484 577169917
580261484 577169917 580261484 577169917
580261484 577169917 580261484 577169917
580261484 577169917 580261484 577169917
580261484 577169917 580261484 577534499
580261484 577534499 580937324 577534499
580261484 577169917 580261484 577169917
580261484 577169917 580261484 577169917
580261484 577169917 580261484 577169917
580261484 577169917 580261484 577169917
580261484 577169917 580261484 577169917
580261484 577169917 600227328 615622135
580261484 577169917 580261484 577169917
580261484 577169917 580261484 577169917
580261484 577169917 580261484 577169917
580261484 577169917 580261484 577169917
458337154 409952773 460794419 466974964
460794419 466974964 469843347 486536994
469843347 486536994 482557981 493722266
482557981 493722266 499624060 512232575
499624060 512232575 499624060 512232575
499624060 512232575 499624060 512232575
499624060 512232575 499624060 512232575
499624060 512232575 499624060 512232575
499624060 512232575 502222381 524725658
502222381 524725658 509943629 552937803
509943629 552937803 524421999 553938439
524421999 553938439 538856675 577534499
538856675 577534499 538917016 578635970
538917016 578635970 549977811 592583828
538856675 577534499 538917016 577534499
538917016 577534499 538917016 577534499
538917016 577534499 539278038 577534499
539278038 577534499 543186678 578635970
502222381 524725658 502222381 524725658
502222381 524725658 508692352 560329178
502222381 524725658 502222381 524725658
502222381 524725658 506180814 524725658
499624060 512232575 499624060 512232575
499624060 512232575 499624060 512232575
499624060 512232575 500164408 513073251
499624060 512232575 499624060 512232575
404423509 353705868 413408065 393956096
413408065 393956096 424817279 410503394
424817279 410503394 426944978 428703888
398975041 327608067 398975041 327666491
398975041 326064642 398975041 326064642
398975041 326064642 398975041 326064642
398975041 326064642 398975041 326064642
398975041 326064642 398975041 326064642
398975041 326064642 398975041 326064642
398975041 326064642 398975041 326064642
398975041 326064642 398975041 326064642
398975041 326064642 398975041 326064642
398975041 326064642 453443086 331497504
453443086 331497504 460366248 353198866
460366248 353198866 460794419 353705868
460794419 353705868 460794419 353752265
460794419 353752265 465269766 353752265
465269766 353752265 468316716 353752265
465269766 353752265 465269766 353752265
465269766 353752265 531103763 353989464
531103763 353989464 547131854 383022196
531103763 353989464 534599628 404172214
460366248 353198866 460366248 353418561
460366248 353418561 460366248 353690347
460366248 353690347 460794419 353690347
460794419 353690347 470229695 381720514
470229695 381720514 499574867 404660203
398975041 326064642 398975041 326064642
317516049 314597593 317516049 314597593
317516049 314597593 317516049 314597593
317298050 314597593 317298050 314597593
234571492 260457679 236821501 260457679
234571492 260457679 234571492 260457679
234571492 260457679 234571492 260457679
234571492 260457679 234571492 260457679
234571492 260457679 267275359 272465683
234571492 260457679 234571492 260457679
234571492 260457679 234571492 260457679
191872677 229209192 191872677 229209192
190166789 227376706 190166789 228713831
190166789 228713831 190949425 229209192
190949425 229209192 194021511 240790694
194021511 240790694 194021511 240976540
194021511 240976540 194021511 240976540
194021511 240976540 195301188 242015941
195301188 242015941 195909845 244099212
195909845 244099212 204100203 275178847
194021511 240976540 194021511 240976540
194021511 240790694 195301188 242015941
195301188 242015941 195909845 245856714
195909845 245856714 195909845 246643647
195909845 246643647 200380534 246643647
195909845 245856714 195909845 245856714
195301188 242015941 195301188 244099212
71368707 150433797 119292390 155201913
119292390 155201913 119292390 155350372
119292390 155201913 122459831 155350372
122459831 155350372 122459831 155350372
122459831 155350372 122459831 155350372
122459831 155350372 122459831 155350372
122459831 155350372 122459831 155350372
122459831 155350372 122459831 155350372
122459831 155350372 124667538 155401957
122459831 155350372 122459831 155350372
122459831 155350372 122459831 155350372
122459831 155350372 122459831 155350372
122459831 155350372 122459831 155350372
122459831 155350372 122459831 155350372
122459831 155350372 122459831 155350372
122459831 155350372 122459831 155350372
122459831 155350372 122459831 155350372
122459831 155350372 143473893 161816362
143473893 161816362 143473893 162531996
143473893 162531996 146836053 163246375
143473893 161816362 143473893 161816362
143473893 161816362 160404588 163246375
160404588 163246375 203529905 170181518
160404588 163246375 160404588 165384172
143473893 161816362 146836053 161816362
122459831 155350372 122459831 155350372
122459831 155350372 122459831 155350372
64060296 118599491 65314025 118599491
63215912 117279579 63215912 118599491
63215912 118599491 134374717 132196138
134374717 132196138 164562160 155201913
22368070 84815090 22368070 86562814
22002011 84815090 22002011 84815090
22002011 84815090 33551976 150085970
33551976 150085970 46586408 172471963
46586408 172471963 57827982 197155325
57827982 197155325 83581979 198286066
83581979 198286066 101030967 225955348
101030967 225955348 135000653 232323447
135000653 232323447 143473893 237400819
143473893 237400819 156059818 303997291
143473893 237400819 189699791 298937260
189699791 298937260 218686433 312094771
189699791 298937260 195301188 345496767
195301188 345496767 248407619 388463297
83581979 198286066 89446545 236403563
89446545 236403563 89446545 236403563
89446545 236403563 91193516 237270090
91193516 237270090 106729681 246938896
89446545 236403563 89446545 237270090
89446545 236403563 89446545 236403563
89446545 236403563 93439981 257089012
46586408 172471963 47875031 172471963
22002011 84815090 22002011 84815090
14440248 66827979 18950385 66827979
18950385 66827979 48085068 67950352
18950385 66827979 20601786 66827979
0 0 0 163246375
0 163246375 0 163246375
0 163246375 0 163246375
0 163246375 806138 693018894
806138 693018894 37117829 695408273
37117829 695408273 57974654 698665729
37117829 695408273 64060296 698210373
806138 693018894 76890483 695347584
806138 693018894 12187756 700337297
12187756 700337297 13345071 700788621
13345071 700788621 13847593 701018907
13847593 701018907 13847593 701018907
13847593 701018907 13847593 701018907
13847593 701018907 14358620 701873863
13847593 701018907 13847593 701018907
12187756 700337297 13345071 700337297
13345071 700337297 13847593 700788621
13847593 700788621 27416979 710458257
806138 693018894 2643451 736299821
2643451 736299821 8666901 836063557
8666901 836063557 9435800 934081358
9435800 934081358 34266557 948371905
34266557 948371905 36434859 976512517
36434859 976512517 49859004 979447972
49859004 979447972 58814418 984801602
49859004 979447972 54073362 994705622
9435800 934081358 31428016 991841327
8666901 836063557 9505505 836063557
9505505 836063557 71368707 840489863
71368707 840489863 71368707 840489863
71368707 840489863 71368707 840489863
71368707 840489863 74234908 844365102
74234908 844365102 74857044 844545118
74857044 844545118 74857044 844545118
74857044 844545118 74857044 844545118
74857044 844545118 74909640 844545118
74857044 844545118 74857044 844545118
74857044 844545118 74857044 844545118
74857044 844545118 74857044 844545118
74857044 844545118 74857044 844545118
74857044 844545118 74857044 844545118
74857044 844545118 74857044 844545118
74857044 844545118 76027043 882285653
74857044 844545118 74857044 844545118
74857044 844545118 74857044 844545118
74857044 844545118 74857044 844545118
74234908 844365102 74234908 844365102
71368707 840489863 71368707 840489863
71368707 840489863 71368707 840489863
71368707 840489863 74234908 840489863
74234908 840489863 84237076 844365102
84237076 844365102 84415137 844545118
84415137 844545118 84415137 844545118
84415137 844545118 84415137 844545118
84415137 844545118 84748534 844545118
84748534 844545118 103069037 846934620
84748534 844545118 84748534 845550028
84748534 845550028 97570187 881870894
97570187 881870894 99304888 899391473
99304888 899391473 106967573 934491130
106967573 934491130 137506803 945148533
137506803 945148533 195909845 945322912
195909845 945322912 196955251 955421777
195909845 945322912 208505123 950450377
208505123 950450377 218717720 997348067
106967573 934491130 131684307 955421777
131684307 955421777 132731230 960651136
131684307 955421777 131684307 958342139
131684307 958342139 131684307 958342139
131684307 958342139 136693136 975299607
131684307 958342139 132731230 958342139
84237076 844365102 84237076 844545118
84237076 844545118 84237076 844545118
84237076 844545118 84237076 844545118
84237076 844545118 84237076 844545118
84237076 844545118 84237076 844545118
84237076 844545118 104496994 845977673
104496994 845977673 118247506 861666396
118247506 861666396 170830584 871901880
170830584 871901880 207926378 896366535
71368707 840489863 71368707 840489863
9505505 836063557 12187756 836063557
12187756 836063557 12187756 836063557
12187756 836063557 12187756 836063557
12187756 836063557 13345071 836398487
13345071 836398487 13345071 838467901
13345071 836398487 13345071 836398487
13345071 836398487 13345071 836398487
13345071 836398487 18950385 849258916
18950385 849258916 34235837 872512287
34235837 872512287 49563345 926823746
49563345 926823746 49746677 927361191
49563345 926823746 49563345 927361191
49563345 927361191 52131732 938298649
52131732 938298649 89654267 939601798
52131732 938298649 70362192 969565607
70362192 969565607 85680361 971299557
85680361 971299557 90885419 975190852
85680361 971299557 85680361 971299557
85680361 971299557 88242893 973894571
85680361 971299557 88242893 971299557
12187756 836063557 13345071 836063557
2643451 736299821 7057478 736299821
7057478 736299821 24366310 748545791
24366310 748545791 27416979 766436494
27416979 766436494 27416979 768693993
27416979 768693993 36165293 785606661
27416979 768693993 30621709 768693993
27416979 766436494 27416979 766436494
27416979 766436494 27416979 766436494
27416979 766436494 31428016 768693993
31428016 768693993 130089660 780432515
31428016 768693993 31610149 768693993
31610149 768693993 46229123 784105146
46229123 784105146 119292390 792730104
119292390 792730104 183600514 798825995
183600514 798825995 200310852 804112429
119292390 792730104 120866608 792730104
120866608 792730104 122459831 792730104
122459831 792730104 122459831 794300151
7057478 736299821 37186088 743497895
37186088 743497895 49563345 743825808
7057478 736299821 15163875 781654464
15163875 781654464 24902861 815339968
24902861 815339968 85680361 819900225
85680361 819900225 95259210 827467219
0 163246375 0 163246375
0 163246375 0 163246375
0 163246375 0 163246375
0 163246375 9505505 197275469
9505505 197275469 14440248 211477450
14440248 211477450 41132301 219673314
41132301 219673314 66019126 239758602
9505505 197275469 13847593 197275469
0 163246375 0 163246375
0 163246375 0 163246375
0 163246375 0 163246375
0 163246375 4993803 281297208
4993803 281297208 61593866 289321809
61593866 289321809 103728629 306022871
103728629 306022871 142621026 326064642
0 163246375 0 163246375
0 163246375 3563554 290078677
3563554 290078677 52475229 307123257
3563554 290078677 41261847 331850888
41261847 331850888 53413172 375418301
41261847 331850888 70362192 331895951
70362192 331895951 70417832 334695630
70362192 331895951 70417832 331895951
70417832 331895951 89286909 335167567
89286909 335167567 89446545 357813307
89446545 357813307 89446545 357813307
89446545 357813307 92487786 395192277
92487786 395192277 104494078 404644033
89446545 357813307 89654267 357813307
89446545 357813307 89446545 357813307
89446545 357813307 89654267 359988657
89654267 359988657 89654267 359988657
89654267 359988657 89654267 359988657
89654267 359988657 90307497 362328312
90307497 362328312 94446653 372657796
94446653 372657796 114874317 387577260
114874317 387577260 118247506 398585816
118247506 398585816 118247506 398585816
118247506 398585816 118247506 398585816
118247506 398585816 119292390 398585816
119292390 398585816 120866608 400980290
120866608 400980290 126714429 402287588
126714429 402287588 136238988 421536256
120866608 400980290 120866608 402287588
118247506 398585816 118247506 398585816
118247506 398585816 118247506 398585816
118247506 398585816 118247506 398585816
118247506 398585816 118247506 398585816
118247506 398585816 118247506 400980290
118247506 400980290 131684307 430301823
131684307 430301823 179073010 433582294
179073010 433582294 179188056 434746544
179188056 434746544 190949425 441836104
190949425 441836104 203946779 464895422
131684307 430301823 205526571 431747195
118247506 400980290 120866608 400980290
118247506 398585816 118247506 398585816
89446545 357813307 89446545 357813307
89286909 335167567 106729681 340427285
106729681 340427285 106967573 340640528
106967573 340640528 125220724 346262911
125220724 346262911 125220724 346262911
125220724 346262911 125220724 346262911
125220724 346262911 135960334 349530539
135960334 349530539 138792583 369586482
138792583 369586482 168730009 370144466
138792583 369586482 151860424 381720514
151860424 381720514 158569829 392715812
158569829 392715812 234133172 416762672
234133172 416762672 239834559 433228657
234133172 416762672 255844282 427133540
234133172 416762672 239278968 457777252
239278968 457777252 254313449 483014792
254313449 483014792 270178610 493471900
239278968 457777252 275482207 468606167
275482207 468606167 298005553 489964973
234133172 416762672 295785604 422045454
295785604 422045454 298589197 423260512
298589197 423260512 298589197 423260512
298589197 423260512 305096748 432184443
298589197 423260512 298589197 423260512
298589197 423260512 298589197 423361469
298589197 423260512 298589197 423260512
298589197 423260512 317516049 429303786
317516049 429303786 324414167 485290708
324414167 485290708 354252849 501674186
324414167 485290708 363679822 497391615
363679822 497391615 366780416 523116962
363679822 497391615 372919704 519347349
372919704 519347349 396454266 539502869
324414167 485290708 341359104 536965299
341359104 536965299 343820425 551048570
343820425 551048570 383470809 552953609
383470809 552953609 389540624 569359515
389540624 569359515 395317865 570082128
395317865 570082128 395317865 572605570
395317865 570082128 396557724 572605570
396557724 572605570 396557724 572605570
396557724 572605570 396557724 572605570
396557724 572605570 396557724 572605570
396557724 572605570 440220178 576859304
440220178 576859304 502193452 581762402
440220178 576859304 486723250 597486399
486723250 597486399 499624060 603500177
499624060 603500177 504696523 630834455
486723250 597486399 500656508 597486399
500656508 597486399 500656508 597486399
500656508 597486399 500656508 597486399
500656508 597486399 502193452 597486399
502193452 597486399 502193452 597486399
502193452 597486399 502193452 597486399
502193452 597486399 502193452 597486399
502193452 597486399 502193452 597486399
502193452 597486399 502222381 597486399
502222381 597486399 502222381 597486399
502222381 597486399 502222381 597486399
502222381 597486399 502222381 597486399
502222381 597486399 502222381 597486399
502222381 597486399 502222381 597486399
502222381 597486399 533045947 597746137
502193452 597486399 502193452 597486399
500656508 597486399 502222381 597486399
502222381 597486399 502509968 597486399
502509968 597486399 502509968 597503564
502222381 597486399 502222381 597486399
502222381 597486399 502222381 597486399
502222381 597486399 519273261 599148206
440220178 576859304 495875174 587877425
396557724 572605570 396557724 572605570
396557724 572605570 396557724 572605570
396557724 572605570 396557724 572605570
396557724 572605570 396557724 572605570
396557724 572605570 396557724 575549271
396557724 572605570 396557724 572605570
396557724 572605570 396557724 572605570
396557724 572605570 396557724 572605570
396557724 572605570 396557724 572605570
396557724 572605570 396557724 572605570
396557724 572605570 416996639 577169917
396557724 572605570 396557724 572605570
383470809 552953609 389209186 580702830
151860424 381720514 151860424 381720514
151860424 381720514 151860424 381720514
151860424 381720514 151860424 381720514
151860424 381720514 151860424 381720514
151860424 381720514 151860424 381720514
151860424 381720514 151860424 381720514
151860424 381720514 153501518 385080503
151860424 381720514 151860424 381720514
151860424 381720514 151860424 381720514
125220724 346262911 125220724 346262911
125220724 346262911 125220724 346262911
125220724 346262911 125220724 346262911
125220724 346262911 125924749 346653527
125220724 346262911 125220724 346262911
106729681 340427285 106729681 340640528
106729681 340640528 106729681 340640528
106729681 340640528 107677188 341293486
106729681 340640528 106967573 340640528
3563554 290078677 61553028 306612575
0 163246375 0 165243910
0 165243910 7412782 269811407
7412782 269811407 63215912 276512250
0 165243910 806138 413667460
806138 413667460 2643451 654826814
2643451 654826814 9435800 661205185
9435800 661205185 21676108 667227699
9435800 661205185 9435800 662302713
9435800 662302713 9486208 662302713
9486208 662302713 9486208 664165636
806138 413667460 806138 413667460
806138 413667460 806138 413667460
806138 413667460 806138 413667460
806138 413667460 806138 413667460
806138 413667460 806138 413667460
806138 413667460 22442432 425956539
22442432 425956539 53875030 457499975
22442432 425956539 71027989 440044186
22442432 425956539 89032589 434307570
89032589 434307570 120866608 442394664
120866608 442394664 167242368 463833950
89032589 434307570 106245708 476570523
106245708 476570523 161254817 482568756
106245708 476570523 156803762 487483670
156803762 487483670 156803762 489095855
156803762 489095855 156803762 489095855
156803762 489095855 156803762 489095855
156803762 489095855 156803762 489095855
156803762 489095855 168805864 520203883
168805864 520203883 183533557 565447412
168805864 520203883 168805864 520824628
168805864 520824628 168805864 520824628
168805864 520824628 168805864 520824628
168805864 520824628 170190431 522182804
170190431 522182804 170867647 522182804
168805864 520824628 168805864 520824628
156803762 489095855 156803762 489095855
156803762 489095855 156803762 489095855
156803762 489095855 156803762 489095855
156803762 489095855 156803762 489095855
156803762 489095855 156803762 489095855
156803762 489095855 158054472 489137769
158054472 489137769 158054472 489137769
158054472 489137769 158054472 489137769
158054472 489137769 170190431 601920834
170190431 601920834 171342061 618125734
171342061 618125734 206079695 671780688
206079695 671780688 222534447 672251670
222534447 672251670 225240769 692779369
225240769 692779369 232929833 696547685
232929833 696547685 259462201 718667015
232929833 696547685 258171334 726819228
258171334 726819228 282071665 732940084
282071665 732940084 282071665 732940084
282071665 732940084 283747430 733168382
282071665 732940084 283747430 732940084
283747430 732940084 298994355 749090997
282071665 732940084 282071665 732940084
282071665 732940084 282071665 732940084
282071665 732940084 282071665 732940084
282071665 732940084 282071665 732940084
282071665 732940084 282071665 732940084
282071665 732940084 306788041 745177653
282071665 732940084 282071665 732940084
206079695 671780688 209812205 699802347
209812205 699802347 220950928 702578418
220950928 702578418 225585696 749553614
225585696 749553614 229853722 749553614
229853722 749553614 232537194 749759699
232537194 749759699 234571492 776288002
225585696 749553614 229853722 749553614
229853722 749553614 232537194 749759699
232537194 749759699 232537194 749759699
232537194 749759699 259007464 759818456
259007464 759818456 275179656 773687711
259007464 759818456 270536645 788890719
259007464 759818456 261413010 806969531
261413010 806969531 262692825 819044823
261413010 806969531 286171929 810084442
286171929 810084442 286171929 811314306
286171929 811314306 286171929 811745113
286171929 811745113 286171929 811745113
286171929 811745113 289570875 815339968
289570875 815339968 297687814 838796282
297687814 838796282 299855458 839441522
299855458 839441522 299855458 839441522
299855458 839441522 299855458 839441522
299855458 839441522 302806738 840489863
299855458 839441522 299855458 839441522
299855458 839441522 299855458 839441522
299855458 839441522 323960955 850967842
323960955 850967842 328406976 876948214
328406976 876948214 328406976 876948214
328406976 876948214 328406976 876948214
328406976 876948214 328406976 876948214
328406976 876948214 328406976 876948214
328406976 876948214 390558313 891893238
390558313 891893238 417042768 895061622
417042768 895061622 419082404 948910108
417042768 895061622 457591373 947803230
457591373 947803230 469984663 988436539
390558313 891893238 393355584 891893238
328406976 876948214 328406976 876948214
328406976 876948214 328474534 876948214
328474534 876948214 328474534 878453294
328406976 876948214 328406976 876948214
328406976 876948214 328406976 876948214
328406976 876948214 328406976 876948214
328406976 876948214 328406976 894771931
328406976 894771931 328406976 894771931
328406976 894771931 328406976 894993360
328406976 894993360 328474534 895061622
328474534 895061622 328474534 895412797
328474534 895412797 338268369 934628821
338268369 934628821 362287787 989598047
362287787 989598047 395955955 992623529
328474534 895061622 328474534 895061622
328406976 894993360 328474534 894993360
328406976 894771931 328406976 894771931
328406976 894771931 328474534 895061622
328474534 895061622 328474534 895061622
328474534 895061622 328474534 895061622
328474534 895061622 330973524 895412797
330973524 895412797 333110611 895628063
330973524 895412797 330973524 895628063
328406976 894771931 328406976 894771931
328406976 876948214 328406976 876948214
328406976 876948214 328406976 876948214
328406976 876948214 338719072 894009727
338719072 894009727 359156718 894771931
359156718 894771931 359741672 895412797
359741672 895412797 380752747 906410564
380752747 906410564 413306222 986675284
328406976 876948214 328474534 876948214
328406976 876948214 328406976 876948214
299855458 839441522 299855458 839441522
289570875 815339968 289667944 815339968
289667944 815339968 289667944 816636708
289667944 816636708 289667944 816977266
289667944 816977266 290609769 816977266
286171929 811745113 286171929 811745113
286171929 811745113 286171929 813104736
286171929 810084442 295905825 810084442
295905825 810084442 295905825 810084442
295905825 810084442 298005553 811314306
298005553 811314306 333110611 813692352
333110611 813692352 337547011 813756162
337547011 813756162 338268369 813756162
338268369 813756162 338719072 813756162
338719072 813756162 339632658 814128763
339632658 814128763 375303258 817604503
375303258 817604503 398975041 851261233
339632658 814128763 341082890 814128763
333110611 813692352 337547011 813692352
337547011 813692352 338268369 813756162
338268369 813756162 338719072 813756162
338719072 813756162 339632658 814128763
339632658 814128763 339632658 814128763
339632658 814128763 339632658 814128763
339632658 814128763 341359104 814622821
341359104 814622821 341359104 814622821
341359104 814622821 342786073 814622821
342786073 814622821 343324002 826627904
339632658 814128763 339632658 814128763
338268369 813756162 338268369 813756162
295905825 810084442 297687814 810084442
295905825 810084442 295905825 811314306
295905825 811314306 297687814 811745113
297687814 811745113 298005553 813104736
298005553 813104736 298005553 813104736
298005553 813104736 298094461 813332907
298094461 813332907 298094461 813332907
298094461 813332907 298094461 813332907
298094461 813332907 328406976 819867276
298094461 813332907 298094461 813332907
298094461 813332907 298094461 813332907
298094461 813332907 298094461 813332907
298094461 813332907 298094461 813332907
298094461 813332907 298094461 813332907
298094461 813332907 298094461 813332907
298094461 813332907 298094461 813332907
298094461 813332907 298094461 813332907
298094461 813332907 298094461 813332907
298094461 813332907 298094461 813756162
298094461 813332907 298094461 813332907
295905825 811314306 297687814 811314306
232537194 749759699 232537194 749759699
232537194 749759699 232812650 749759699
232812650 749759699 232812650 753521175
229853722 749553614 229853722 749759699
158054472 489137769 158054472 489137769
158054472 489137769 160477338 489137769
160477338 489137769 171353121 509629807
171353121 509629807 186329939 518470120
186329939 518470120 210132494 527223116
210132494 527223116 219114026 553938439
219114026 553938439 219114026 554939929
219114026 554939929 219114026 555556810
219114026 555556810 219441840 555556810
219441840 555556810 225585696 580509048
225585696 580509048 290373237 586410054
225585696 580509048 239834559 587336491
239834559 587336491 239834559 587336491
239834559 587336491 239834559 587336491
239834559 587336491 239834559 587336491
239834559 587336491 239834559 587336491
239834559 587336491 250711266 615305063
250711266 615305063 254627560 649073568
239834559 587336491 239834559 587336491
239834559 587336491 239834559 587336491
239834559 587336491 250006395 652593629
239834559 587336491 241491242 587336491
239834559 587336491 239834559 587336491
239834559 587336491 239834559 587336491
239834559 587336491 239834559 587336491
239834559 587336491 287030300 594423707
287030300 594423707 287030300 594423707
287030300 594423707 289570875 596526633
287030300 594423707 287030300 594423707
287030300 594423707 287030300 594423707
287030300 594423707 287030300 594423707
287030300 594423707 317298050 597917278
317298050 597917278 350924511 617282619
350924511 617282619 356437442 619667740
350924511 617282619 351421793 651987604
351421793 651987604 383890247 662302713
383890247 662302713 401625068 684536150
383890247 662302713 394604536 704018798
383890247 662302713 387424965 723294196
387424965 723294196 390558313 743281556
390558313 743281556 411386390 745310310
411386390 745310310 412093163 746730142
412093163 746730142 449498173 760830631
449498173 760830631 449880315 769265671
449880315 769265671 493430752 771510692
449880315 769265671 481300829 809108504
481300829 809108504 515868023 828415732
515868023 828415732 530797428 866675570
515868023 828415732 550323460 846934620
550323460 846934620 550323460 846934620
550323460 846934620 550323460 846934620
550323460 846934620 550323460 846934620
550323460 846934620 550323460 846934620
550323460 846934620 550323460 846934620
550323460 846934620 550323460 846934620
550323460 846934620 550323460 846934620
550323460 846934620 550323460 846934620
550323460 846934620 550323460 846934620
550323460 846934620 550323460 846934620
550323460 846934620 550323460 846934620
550323460 846934620 550323460 846934620
550323460 846934620 550323460 846934620
550323460 846934620 550323460 846934620
550323460 846934620 550323460 846934620
550323460 846934620 550323460 846934620
550323460 846934620 550323460 846934620
550323460 846934620 550323460 846934620
550323460 846934620 550323460 846934620
550323460 846934620 563386682 853498582
563386682 853498582 579551180 912750871
579551180 912750871 586838570 943111821
586838570 943111821 629671348 958342139
629671348 958342139 640657703 975889527
640657703 975889527 663241698 982752231
640657703 975889527 700691613 982495194
550323460 846934620 550323460 846934620
550323460 846934620 550323460 846934620
550323460 846934620 550323460 846934620
550323460 846934620 550323460 846934620
550323460 846934620 550323460 846934620
550323460 846934620 550323460 846934620
550323460 846934620 550323460 846934620
550323460 846934620 550323460 846934620
550323460 846934620 550323460 846934620
550323460 846934620 550323460 846934620
550323460 846934620 550323460 846934620
550323460 846934620 550323460 846934620
550323460 846934620 550323460 846934620
550323460 846934620 550323460 846934620
550323460 846934620 552274925 848061107
550323460 846934620 550323460 846934620
550323460 846934620 550323460 846934620
550323460 846934620 550323460 846934620
481300829 809108504 561532118 811314306
561532118 811314306 590022402 835898430
590022402 835898430 594164979 870856159
594164979 870856159 597705223 876948214
597705223 876948214 608897176 905227489
597705223 876948214 616172253 904668468
616172253 904668468 640542645 904883165
640542645 904883165 640657703 904883165
640657703 904883165 694328848 907015955
640657703 904883165 640657703 905099322
640542645 904883165 640542645 904883165
640542645 904883165 640542645 904883165
640542645 904883165 640657703 904883165
640657703 904883165 640657703 905099322
640657703 905099322 641476776 905941844
641476776 905941844 650079075 928367190
650079075 928367190 654198616 946519395
641476776 905941844 670387354 926823746
594164979 870856159 656996925 873165244
656996925 873165244 709705788 876767993
709705788 876767993 745805174 885945809
656996925 873165244 658022429 873165244
658022429 873165244 658975486 873165244
658975486 873165244 659034186 873165244
659034186 873165244 659034186 873165244
659034186 873165244 659034186 873165244
659034186 873165244 659034186 873165244
659034186 873165244 659034186 873165244
659034186 873165244 696148322 905634632
696148322 905634632 737592552 915753781
737592552 915753781 738322778 938636157
738322778 938636157 745236800 944394880
745236800 944394880 749138670 955382075
749138670 955382075 755697116 997487972
659034186 873165244 659034186 873165244
659034186 873165244 659034186 873165244
659034186 873165244 659034186 873165244
659034186 873165244 659034186 873165244
659034186 873165244 659034186 873165244
659034186 873165244 659034186 873165244
659034186 873165244 659034186 873165244
659034186 873165244 659034186 873165244
659034186 873165244 659034186 873165244
659034186 873165244 700578177 894993360
659034186 873165244 659034186 873165244
659034186 873165244 659034186 873165244
659034186 873165244 659034186 873165244
659034186 873165244 659034186 873165244
659034186 873165244 659034186 873165244
659034186 873165244 659034186 874623703
659034186 873165244 659034186 873165244
659034186 873165244 659034186 873165244
659034186 873165244 659034186 873165244
658975486 873165244 658975486 873165244
561532118 811314306 592109276 819900225
592109276 819900225 592323166 821142996
592323166 821142996 592551051 821142996
592551051 821142996 592551051 824520575
592551051 824520575 592551051 824520575
592551051 824520575 593910607 824857357
592551051 824520575 593910607 824520575
592551051 824520575 592551051 824520575
592109276 819900225 592109276 821142996
592109276 821142996 604580908 832339181
411386390 745310310 412093163 745310310
412093163 745310310 412093163 745310310
412093163 745310310 422252090 771210800
412093163 745310310 412093163 745310310
412093163 745310310 412381466 746730142
412093163 745310310 412093163 746730142
412093163 745310310 412093163 745310310
383890247 662302713 389209186 715622634
389209186 715622634 389209186 715924015
389209186 715924015 389209186 717431986
389209186 717431986 389209186 718449202
389209186 718449202 389540624 718504981
389540624 718504981 390362605 721995029
390362605 721995029 393839601 732642687
390362605 721995029 390558313 721995029
390558313 721995029 390558313 721995029
390558313 721995029 393367249 722980868
390558313 721995029 390558313 722980868
389209186 715622634 389540624 717431986
389540624 717431986 390362605 718504981
389540624 717431986 389540624 718449202
239834559 587336491 239834559 587336491
239834559 587336491 239834559 587336491
239834559 587336491 265732042 607611149
265732042 607611149 282071665 644261192
282071665 644261192 313479427 677561691
313479427 677561691 317849754 705887462
317849754 705887462 345853261 729211179
345853261 729211179 351565165 760468498
351565165 760468498 360137483 785450006
360137483 785450006 405382622 813332907
405382622 813332907 418722552 816636708
418722552 816636708 433368064 836398487
433368064 836398487 433368064 838467901
433368064 838467901 440220178 838467901
440220178 838467901 441648309 839441522
441648309 839441522 471869096 844365102
433368064 836398487 440220178 838796282
440220178 838796282 440220178 838796282
440220178 838796282 469495907 874745691
469495907 874745691 473720310 915997525
473720310 915997525 480297559 925534478
480297559 925534478 490418667 943708339
469495907 874745691 511546697 903826105
511546697 903826105 517647683 929360206
517647683 929360206 538917016 938475952
517647683 929360206 528185672 952179863
528185672 952179863 538917016 958342139
538917016 958342139 539278038 960651136
539278038 960651136 539278038 960651136
539278038 960651136 569653394 976498143
539278038 960651136 541739372 960651136
538917016 958342139 538917016 960651136
538917016 960651136 541739372 965313653
541739372 965313653 566835767 992751824
440220178 838796282 441648309 838796282
440220178 838796282 440220178 838796282
345853261 729211179 361370542 749759699
282071665 644261192 337547011 668462504
282071665 644261192 350691401 662352051
350691401 662352051 351175334 681983243
219114026 553938439 219441840 556336869
219441840 556336869 219441840 556336869
219441840 556336869 219441840 556336869
219441840 556336869 219441840 556336869
219441840 556336869 221887848 558224938
219441840 556336869 219441840 556336869
186329939 518470120 197858344 561799199
186329939 518470120 245542725 520824628
245542725 520824628 290470310 547422630
290470310 547422630 303840387 556336869
303840387 556336869 330973524 581526035
330973524 581526035 354681958 594423707
354681958 594423707 354681958 594423707
354681958 594423707 354681958 594423707
354681958 594423707 354681958 594423707
354681958 594423707 354681958 594423707
354681958 594423707 354681958 594423707
354681958 594423707 354681958 594423707
354681958 594423707 354681958 594423707
354681958 594423707 354681958 594423707
354681958 594423707 354681958 594423707
354681958 594423707 354681958 594423707
354681958 594423707 354681958 594423707
354681958 594423707 354681958 594423707
354681958 594423707 354681958 596526633
354681958 596526633 354681958 596526633
354681958 596526633 354681958 596526633
354681958 596526633 356437442 596872467
356437442 596872467 357599734 596872467
354681958 596526633 354681958 596872467
354681958 596872467 369196818 609102943
369196818 609102943 375597216 611260861
354681958 596526633 354681958 596526633
354681958 594423707 354681958 594423707
354681958 594423707 354681958 594423707
354681958 594423707 354681958 594423707
354681958 594423707 354681958 594423707
354681958 594423707 354681958 594423707
354681958 594423707 354681958 594423707
354681958 594423707 354681958 594423707
354681958 594423707 354681958 594423707
354681958 594423707 354681958 594423707
354681958 594423707 354681958 594423707
354681958 594423707 354681958 594423707
354681958 594423707 354681958 594423707
354681958 594423707 354681958 594423707
354681958 594423707 354681958 594423707
354681958 594423707 354681958 594423707
354681958 594423707 387394020 608179195
387394020 608179195 387424965 608179195
387424965 608179195 387424965 608179195
387424965 608179195 412093163 620292945
387424965 608179195 387809984 608179195
387394020 608179195 387394020 608179195
387394020 608179195 387424965 608179195
387424965 608179195 387424965 608179195
387424965 608179195 387809984 608179195
387809984 608179195 416067290 612593282
387809984 608179195 387809984 608717188
387809984 608717188 396760448 629527373
396760448 629527373 397796887 632431620
397796887 632431620 397796887 633736803
397796887 633736803 398975041 633736803
398975041 633736803 398975041 633736803
398975041 633736803 398975041 633736803
398975041 633736803 416973523 647394847
416973523 647394847 423139507 674471565
423139507 674471565 443898171 690155988
443898171 690155988 455670199 715622634
455670199 715622634 481195127 720514214
455670199 715622634 496496331 719260427
496496331 719260427 538856675 738733118
496496331 719260427 534186368 742919544
496496331 719260427 518524101 755522501
455670199 715622634 572540754 717431986
572540754 717431986 597868047 721995029
597868047 721995029 613030281 749553614
572540754 717431986 584141919 769635275
584141919 769635275 611336006 771739193
584141919 769635275 597587057 807820638
597587057 807820638 618046796 811745113
584141919 769635275 609939870 792599214
609939870 792599214 641613699 798391270
641613699 798391270 681816604 799861104
681816604 799861104 684441906 821142996
641613699 798391270 670952039 825960534
443898171 690155988 454261982 731091170
398975041 633736803 400456696 633736803
398975041 633736803 398975041 633736803
397796887 632431620 398975041 633736803
398975041 633736803 398975041 633736803
398975041 633736803 400456696 633736803
400456696 633736803 400872960 633896343
396760448 629527373 396760448 630834455
396760448 630834455 396760448 632431620
387424965 608179195 387424965 608179195
387394020 608179195 387394020 608179195
387394020 608179195 426320274 609664580
426320274 609664580 430524466 629527373
426320274 609664580 443498347 626882868
443498347 626882868 453934673 655417046
443498347 626882868 453934673 632431620
453934673 632431620 453934673 632431620
453934673 632431620 454261982 632431620
454261982 632431620 454261982 632431620
454261982 632431620 454261982 632431620
454261982 632431620 454261982 632431620
454261982 632431620 455670199 633736803
455670199 633736803 458337154 633736803
458337154 633736803 460366248 633896343
460366248 633896343 477883560 641931019
477883560 641931019 495874495 656611633
495874495 656611633 573088120 686131475
573088120 686131475 598469825 700788621
598469825 700788621 631442773 709169942
631442773 709169942 648728598 745310310
648728598 745310310 681945498 770371058
681945498 770371058 686537937 785432826
686537937 785432826 694280089 791586071
648728598 745310310 689393535 764224371
598469825 700788621 658975486 702257819
658975486 702257819 673007573 702578418
673007573 702578418 737922494 715924015
737922494 715924015 744393259 724223713
744393259 724223713 803416660 739308125
803416660 739308125 826434441 756244049
803416660 739308125 818568741 779001259
818568741 779001259 850758823 813692352
850758823 813692352 889381018 830442745
889381018 830442745 890266540 836398487
890266540 836398487 906084097 853861732
906084097 853861732 912111599 883766740
906084097 853861732 948266714 863939594
948266714 863939594 960023968 883998502
960023968 883998502 966972448 922918492
966972448 922918492 986672408 944007743
948266714 863939594 986663165 883777462
986663165 883777462 990071467 919758744
818568741 779001259 853807084 795400653
853807084 795400653 863653124 800547778
853807084 795400653 853880704 795400653
818568741 779001259 832975599 830442745
832975599 830442745 835617842 832339181
835617842 832339181 840795392 904070591
840795392 904070591 853428463 905099322
832975599 830442745 832975599 832339181
832975599 832339181 832975599 832339181
832975599 832339181 835617842 832339181
835617842 832339181 840520196 832396951
840520196 832396951 853807084 873165244
853807084 873165244 855215311 876166310
840520196 832396951 872834494 859563101
872834494 859563101 883503855 892380187
883503855 892380187 909622563 893883253
909622563 893883253 910621113 936726790
909622563 893883253 932599188 905531876
909622563 893883253 920378183 929045523
920378183 929045523 923429736 948953881
923429736 948953881 929080823 969399697
929080823 969399697 959560828 997057295
920378183 929045523 947015495 946260193
673007573 702578418 673007573 702578418
673007573 702578418 673057380 712708203
673057380 712708203 701570330 723175419
701570330 723175419 718375466 732162566
718375466 732162566 721351948 758627681
721351948 758627681 725564124 761742942
725564124 761742942 725564124 761742942
725564124 761742942 725564124 761742942
725564124 761742942 727008517 761742942
725564124 761742942 725564124 761742942
725564124 761742942 725564124 761742942
725564124 761742942 725564124 761742942
725564124 761742942 725564124 761742942
725564124 761742942 725564124 761742942
725564124 761742942 725564124 761742942
725564124 761742942 725564124 761742942
725564124 761742942 725564124 764224371
725564124 764224371 725564124 764224371
725564124 764224371 725564124 764224371
725564124 764224371 729079614 766436494
729079614 766436494 729079614 766436494
729079614 766436494 729079614 766436494
729079614 766436494 729079614 766436494
729079614 766436494 729079614 766436494
729079614 766436494 729079614 766436494
729079614 766436494 729079614 766436494
729079614 766436494 729079614 766436494
729079614 766436494 729079614 766436494
729079614 766436494 729079614 766436494
729079614 766436494 729079614 766436494
729079614 766436494 729079614 766436494
729079614 766436494 729079614 766436494
729079614 766436494 760597917 770585970
760597917 770585970 776098520 790183770
760597917 770585970 762221087 795813526
762221087 795813526 771032156 795813526
762221087 795813526 772713392 867140580
772713392 867140580 773658023 883998502
773658023 883998502 773658023 883998502
773658023 883998502 773658023 883998502
773658023 883998502 773658023 883998502
773658023 883998502 773658023 883998502
773658023 883998502 773658023 883998502
773658023 883998502 782469397 908082242
773658023 883998502 773658023 883998502
773658023 883998502 774076678 883998502
774076678 883998502 774076678 883998502
774076678 883998502 774076678 883998502
774076678 883998502 774427274 883998502
774427274 883998502 818918128 904883165
818918128 904883165 838561389 921666621
838561389 921666621 851402243 940123844
851402243 940123844 860769892 971299557
851402243 940123844 898060617 946367933
851402243 940123844 888691784 969728748
774076678 883998502 774076678 883998502
774076678 883998502 774076678 883998502
774076678 883998502 774076678 883998502
774076678 883998502 774427274 884156779
774076678 883998502 774076678 883998502
772713392 867140580 773246839 867140580
729079614 766436494 729079614 766436494
729079614 766436494 729079614 766436494
729079614 766436494 729079614 766436494
729079614 766436494 729079614 766436494
729079614 766436494 729079614 766436494
729079614 766436494 729079614 766436494
729079614 766436494 729079614 766436494
729079614 766436494 729079614 766436494
729079614 766436494 729079614 766436494
729079614 766436494 729079614 766436494
729079614 766436494 729079614 766436494
729079614 766436494 729079614 766436494
729079614 766436494 729115237 766436494
729079614 766436494 729079614 766436494
729079614 766436494 729079614 766436494
729079614 766436494 729079614 766436494
729079614 766436494 739297125 772648367
739297125 772648367 753367763 803984671
729079614 766436494 729079614 766436494
729079614 766436494 729079614 766436494
729079614 766436494 729079614 766436494
729079614 766436494 729079614 766436494
729079614 766436494 729079614 766436494
729079614 766436494 729079614 766436494
729079614 766436494 737420990 814128763
729079614 766436494 729079614 766436494
725564124 761742942 725564124 761742942
725564124 761742942 725564124 761742942
725564124 761742942 725564124 761742942
725564124 761742942 725564124 761742942
725564124 761742942 737481360 810084442
725564124 761742942 725564124 764224371
725564124 761742942 725564124 761742942
673007573 702578418 673007573 702578418
658975486 702257819 659034186 702257819
659034186 702257819 659566474 702257819
659566474 702257819 659566474 702257819
659566474 702257819 661040273 702257819
659566474 702257819 659566474 702257819
458337154 633736803 458337154 633896343
454261982 632431620 454261982 632431620
453934673 632431620 453934673 632431620
453934673 632431620 457591373 633736803
457591373 633736803 457591373 633736803
457591373 633736803 457591373 633736803
457591373 633736803 457591373 633736803
457591373 633736803 457591373 633736803
457591373 633736803 457591373 633736803
457591373 633736803 457591373 633736803
457591373 633736803 460366248 634349520
457591373 633736803 457591373 633736803
457591373 633736803 457591373 633736803
354681958 594423707 354681958 594423707
290470310 547422630 290470310 549219492
22442432 425956539 53791908 494095375
53791908 494095375 62070456 501710913
62070456 501710913 69990303 539139822
62070456 501710913 74857044 537130954
62070456 501710913 99183902 516074677
53791908 494095375 104765967 494865333
104765967 494865333 105708634 497726976
104765967 494865333 147212266 495630434
806138 413667460 806138 413667460
806138 413667460 5034204 547422630
5034204 547422630 12187756 637513123
806138 413667460 1278464 413667460
806138 413667460 806138 413667460
806138 413667460 806138 413667460
806138 413667460 22002011 494548711
22002011 494548711 39321071 514819307
22002011 494548711 52729318 502993458
22002011 494548711 49020717 513418500
22002011 494548711 22380361 540683705
22380361 540683705 42323906 572155353
42323906 572155353 46586408 587378190
22380361 540683705 53749513 566415748
53749513 566415748 74234908 572724660
74234908 572724660 129158129 603496295
22380361 540683705 30621709 607957892
30621709 607957892 51192663 609102943
51192663 609102943 71290484 612564086
71290484 612564086 89446545 624769200
89446545 624769200 99617154 661205185
99617154 661205185 113589215 678154042
113589215 678154042 148615722 688534108
148615722 688534108 194021511 706737352
148615722 688534108 189251607 720644306
189251607 720644306 205700196 773817610
205700196 773817610 221893146 788210548
205700196 773817610 219114026 792201718
219114026 792201718 247867359 827121067
219114026 792201718 219114026 792427671
219114026 792427671 219114026 792427671
219114026 792427671 219441840 792427671
219114026 792427671 222534447 827121067
222534447 827121067 225240769 827467219
225240769 827467219 225240769 827467219
225240769 827467219 229853722 827811024
225240769 827467219 225240769 827811024
222534447 827121067 222534447 827467219
222534447 827467219 232537194 850649202
232537194 850649202 245899876 872240297
245899876 872240297 249762158 890510673
245899876 872240297 246511563 896119424
246511563 896119424 262165627 926156154
232537194 850649202 270221959 865719449
219114026 792427671 219114026 792427671
89446545 624769200 95766505 664448532
71290484 612564086 112741796 623679179
112741796 623679179 142472908 640213460
51192663 609102943 51192663 609324821
0 163246375 0 163246375
0 0 587927900 0
587927900 0 587927900 0
587927900 0 587927900 0
587927900 0 589594245 0
589594245 0 710070717 5465817
710070717 5465817 748226265 41163869
748226265 41163869 753648087 67971668
753648087 67971668 755697116 74716647
755697116 74716647 755697116 74716647
755697116 74716647 755697116 74716647
755697116 74716647 755697116 74716647
755697116 74716647 755697116 74716647
755697116 74716647 755697116 74716647
755697116 74716647 755697116 74901353
755697116 74901353 755697116 74901353
755697116 74901353 755697116 74901353
755697116 74901353 755697116 74901353
755697116 74901353 755697116 74901353
755697116 74901353 782469397 118964576
782469397 118964576 782469397 118964576
782469397 118964576 782469397 118964576
782469397 118964576 782469397 118964576
782469397 118964576 782469397 118964576
782469397 118964576 782469397 118964576
782469397 118964576 803358786 147169349
782469397 118964576 782469397 118964576
782469397 118964576 782469397 118964576
782469397 118964576 782469397 118964576
782469397 118964576 782469397 118964576
782469397 118964576 782502018 119402057
782469397 118964576 782469397 119402057
782469397 118964576 782469397 118964576
782469397 118964576 784301104 185765834
784301104 185765834 787518083 195023460
787518083 195023460 811127446 226223775
811127446 226223775 825799211 238316300
787518083 195023460 839076529 208874000
787518083 195023460 847524615 202391761
847524615 202391761 869990682 207017337
869990682 207017337 895104101 225695473
895104101 225695473 901661024 244099212
847524615 202391761 856489414 232324851
856489414 232324851 858294061 248188968
858294061 248188968 885663861 262382792
885663861 262382792 909372221 272296188
909372221 272296188 914177755 279116530
914177755 279116530 929835868 286888483
914177755 279116530 915244794 279116530
915244794 279116530 915244794 281259888
782469397 118964576 782469397 118964576
755697116 74901353 755697116 74901353
755697116 74716647 755697116 74716647
755697116 74716647 755697116 74716647
755697116 74716647 755697116 74716647
755697116 74716647 755697116 74716647
755697116 74716647 755697116 74716647
755697116 74716647 755697116 74716647
755697116 74716647 755697116 74716647
755697116 74716647 755697116 74716647
755697116 74716647 755697116 74716647
755697116 74716647 755697116 74901353
755697116 74901353 755697116 74901353
755697116 74901353 755697116 74901353
755697116 74901353 755697116 74901353
755697116 74901353 761748203 120247205
755697116 74901353 755697116 74943501
755697116 74943501 755697116 74943501
755697116 74943501 755697116 74943501
755697116 74943501 804785394 77744849
804785394 77744849 811127446 78491179
811127446 78491179 811498053 79899100
811498053 79899100 811498053 79899100
811498053 79899100 811498053 79899100
811498053 79899100 811498053 79899100
811498053 79899100 811498053 79899100
811498053 79899100 811498053 79899100
811498053 79899100 811498053 79899100
811498053 79899100 814160875 83604318
811498053 79899100 811498053 79899100
811498053 79899100 811498053 79899100
811498053 79899100 811498053 79899100
811498053 79899100 811498053 79899100
811498053 79899100 811498053 79899100
811498053 79899100 811498053 79899100
811498053 79899100 811498053 79899100
811498053 79899100 811498053 79899100
811498053 79899100 811498053 79899100
811498053 79899100 859581992 84815090
811498053 79899100 814160875 79899100
811498053 79899100 811498053 79899100
811498053 79899100 811498053 79899100
811127446 78491179 811127446 78491179
811127446 78491179 814160875 79899100
814160875 79899100 820632788 86562814
820632788 86562814 826434441 88694479
826434441 88694479 826434441 88694479
826434441 88694479 852020906 98691743
852020906 98691743 854302287 169995999
852020906 98691743 893889365 150028236
852020906 98691743 890507152 161816362
890507152 161816362 918229703 184785003
918229703 184785003 932139534 185199835
890507152 161816362 914177755 205231862
914177755 205231862 929646456 209201596
929646456 209201596 931766000 232389109
931766000 232389109 936991793 255459101
936991793 255459101 957183527 272776874
890507152 161816362 939366006 184593113
826434441 88694479 826434441 88694479
820632788 86562814 822323690 86562814
822323690 86562814 825022586 86562814
825022586 86562814 825799211 86562814
825799211 86562814 825799211 86562814
825799211 86562814 826434441 88694479
826434441 88694479 826434441 88694479
826434441 88694479 826434441 88694479
826434441 88694479 826434441 88694479
826434441 88694479 826434441 88694479
826434441 88694479 828419786 91915646
826434441 88694479 826434441 88694479
811127446 78491179 811498053 78491179
755697116 74943501 755697116 74943501
755697116 74943501 755697116 74943501
755697116 74943501 755697116 74943501
755697116 74943501 755697116 74943501
755697116 74943501 755697116 74943501
755697116 74943501 755697116 74943501
755697116 74943501 755697116 74943501
755697116 74943501 760597917 124448107
760597917 124448107 760597917 124448107
760597917 124448107 761128432 125013100
760597917 124448107 761128432 124448107
760597917 124448107 760597917 124448107
760597917 124448107 764591121 217444042
755697116 74943501 755697116 74943501
755697116 74943501 755697116 74943501
755697116 74943501 755697116 74943501
755697116 74943501 756803520 74943501
755697116 74943501 755697116 74943501
755697116 74943501 755697116 74943501
755697116 74943501 755697116 74943501
755697116 74901353 755697116 74901353
755697116 74901353 797688464 93937007
755697116 74901353 755697116 74901353
755697116 74716647 755697116 74716647
755697116 74716647 755697116 74716647
710070717 5465817 804246881 22457517
804246881 22457517 815373661 27270926
815373661 27270926 817992602 33904954
817992602 33904954 838189901 43053532
838189901 43053532 860104839 52897077
860104839 52897077 872213587 55952258
872213587 55952258 902005274 76556564
902005274 76556564 907713820 92088595
907713820 92088595 924352607 94925917
924352607 94925917 950797740 118964576
924352607 94925917 966520688 117021633
966520688 117021633 975018570 155049129
966520688 117021633 974974645 175288686
974974645 175288686 997150659 199661950
974974645 175288686 982017665 225571104
907713820 92088595 921868842 129988460
902005274 76556564 926233406 88694479
860104839 52897077 860104839 55783133
710070717 5465817 835617842 8218295
835617842 8218295 853476619 12683887
835617842 8218295 842011835 32639246
842011835 32639246 865975384 34193590
587927900 0 587927900 0
587927900 0 587927900 0
587927900 0 645211233 18192441
645211233 18192441 652514344 29475674
652514344 29475674 672816254 33491924
587927900 0 587927900 0
587927900 0 587927900 0
587927900 0 587927900 0
587927900 0 587927900 0
587927900 0 587927900 0
587927900 0 904134658 5351907
904134658 5351907 904532878 6300147
904532878 6300147 910724629 35455616
910724629 35455616 911258867 35455616
911258867 35455616 911258867 35455616
911258867 35455616 911258867 35455616
911258867 35455616 948979934 48691237
948979934 48691237 976283146 67232347
976283146 67232347 989239687 74901353
911258867 35455616 911258867 35455616
911258867 35455616 911258867 35455616
911258867 35455616 911258867 35455616
911258867 35455616 911258867 35455616
911258867 35455616 911258867 35455616
911258867 35455616 911258867 35455616
911258867 35455616 911258867 35455616
911258867 35455616 911258867 35455616
911258867 35455616 911258867 35455616
911258867 35455616 911258867 36629586
911258867 35455616 911258867 35455616
911258867 35455616 933960975 57327706
911258867 35455616 911258867 35455616
911258867 35455616 911258867 35455616
911258867 35455616 911258867 35455616
911258867 35455616 911258867 35455616
911258867 35455616 977128697 36629586
977128697 36629586 977457472 37441708
977128697 36629586 977128697 37441708
977128697 37441708 977457472 37918822
977457472 37918822 980873182 39137812
980873182 39137812 993800486 64697960
977457472 37918822 977457472 37918822
977457472 37918822 981543414 39137812
977457472 37918822 977457472 37918822
904532878 6300147 904532878 7119725
904532878 7119725 904532878 7119725
904532878 7119725 904532878 7119725
904532878 7119725 904532878 7119725
904532878 7119725 904532878 7119725
904532878 7119725 930271849 8847000
904532878 7119725 904532878 7995488
904532878 7119725 904532878 7119725
904532878 7119725 904532878 7119725
904532878 7119725 904532878 7119725
904532878 7119725 923185024 21556369
904532878 7119725 904532878 7119725
904532878 7119725 904532878 7119725
587927900 0 587927900 0
0 0 24366310 12683887
24366310 12683887 24902861 14066301
24902861 14066301 24902861 14066301
24902861 14066301 26618416 14066301
26618416 14066301 26618416 14066301
26618416 14066301 26618416 14423782
26618416 14066301 26618416 14066301
26618416 14066301 26618416 14066301
26618416 14066301 26618416 14066301
26618416 14066301 26618416 14066301
26618416 14066301 26618416 14066301
26618416 14066301 59923258 18192441
59923258 18192441 84237076 21556369
84237076 21556369 84237076 25567392
84237076 25567392 125220724 44229756
125220724 44229756 141117498 48243404
84237076 21556369 148615722 25567392
148615722 25567392 148615722 25567392
148615722 25567392 148615722 25567392
148615722 25567392 148615722 25567392
148615722 25567392 148615722 25567392
148615722 25567392 148615722 25567392
148615722 25567392 148615722 25567392
148615722 25567392 151860424 25567392
151860424 25567392 158054472 26806031
158054472 26806031 168805864 39687009
168805864 39687009 172545870 102700983
172545870 102700983 269382600 109677726
172545870 102700983 189251607 109737594
189251607 109737594 189699791 109737594
189699791 109737594 190166789 111827386
189699791 109737594 189699791 111827386
189251607 109737594 189251607 109737594
189251607 109737594 205405138 126191316
205405138 126191316 246836350 127591075
246836350 127591075 266119434 132637324
266119434 132637324 287030300 141828841
266119434 132637324 266119434 132637324
266119434 132637324 268453199 184891975
266119434 132637324 266119434 132637324
266119434 132637324 266119434 132637324
266119434 132637324 266119434 132637324
266119434 132637324 266119434 132637324
266119434 132637324 266119434 132637324
266119434 132637324 266119434 132637324
266119434 132637324 270221959 160306610
270221959 160306610 270221959 160306610
270221959 160306610 270221959 160815458
270221959 160815458 270221959 161816362
270221959 161816362 270536645 162531996
270536645 162531996 270536645 162531996
270536645 162531996 270536645 162531996
270536645 162531996 270536645 162531996
270536645 162531996 304417849 170694620
270536645 162531996 270536645 162531996
270536645 162531996 270536645 162531996
270536645 162531996 270883076 162531996
270221959 160306610 270221959 160306610
270221959 160306610 270536645 160815458
270536645 160815458 277312074 177746978
277312074 177746978 295512244 186951950
270221959 160306610 270221959 160306610
266119434 132637324 266119434 132637324
266119434 132637324 266119434 132637324
266119434 132637324 266119434 133092235
266119434 132637324 266119434 132637324
189251607 109737594 189251607 111827386
148615722 25567392 148615722 25567392
148615722 25567392 151860424 25737254
148615722 25567392 148615722 25567392
148615722 25567392 148615722 25567392
148615722 25567392 148615722 25567392
148615722 25567392 148615722 25567392
148615722 25567392 182948099 26633152
182948099 26633152 185123506 35462794
148615722 25567392 148615722 25567392
59923258 18192441 59923258 20837125
59923258 20837125 59923258 23013162
59923258 23013162 81073406 44229756
81073406 44229756 84415137 55286173
81073406 44229756 81073406 46628693
81073406 46628693 82193899 71597068
26618416 14066301 26618416 14066301
26618416 14066301 26618416 14066301
24366310 12683887 24366310 14066301
24366310 14066301 47496960 25040795
0 0 161254817 5833388
161254817 5833388 182948099 6300147
182948099 6300147 183533557 7119725
183533557 7119725 183600514 7995488
183600514 7995488 184549965 14066301
183600514 7995488 184549965 7995488
182948099 6300147 183533557 6300147
183533557 6300147 183600514 7119725
183600514 7119725 183600514 7119725
183600514 7119725 183600514 7119725
183600514 7119725 245435166 15248160
161254817 5833388 163934083 5833388
163934083 5833388 163934083 6300147
0 0 282071665 5465817
282071665 5465817 493967673 7119725
282071665 5465817 283747430 5465817
283747430 5465817 285256932 5465817
285256932 5465817 285256932 5833388
285256932 5833388 295905825 20343030
295905825 20343030 299076998 64879623
299076998 64879623 311062767 70444579
285256932 5833388 291978152 95261947
291978152 95261947 302875962 130425371
302875962 130425371 326358087 138659917
326358087 138659917 351356551 166021120
351356551 166021120 387394020 192593404
387394020 192593404 408111441 209868273
408111441 209868273 413144298 212432081
408111441 209868273 410175946 209868273
351356551 166021120 386327212 240465639
386327212 240465639 425358034 258409641
425358034 258409641 445260709 269263415
445260709 269263415 477147383 276548539
477147383 276548539 480797571 283858488
386327212 240465639 408111441 284485577
386327212 240465639 416289487 283504264
416289487 283504264 427405307 285853651
416289487 283504264 416640641 304102346
416640641 304102346 418562867 308864342
418562867 308864342 468603234 314610998
416289487 283504264 426770349 298475662
285256932 5833388 299076998 17815936
299076998 17815936 324905211 27314676
324905211 27314676 327200030 60874897
327200030 60874897 358766940 74716647
299076998 17815936 299076998 17815936
299076998 17815936 299076998 17815936
299076998 17815936 311516728 61225391
299076998 17815936 299076998 17815936
299076998 17815936 299855458 17815936
285256932 5833388 343888795 6300147
343888795 6300147 343888795 6300147
343888795 6300147 488996276 30596203
488996276 30596203 502222381 52897077
488996276 30596203 505650298 49825662
505650298 49825662 543186678 66762043
543186678 66762043 583734424 78202672
543186678 66762043 543186678 66762043
543186678 66762043 543186678 66762043
543186678 66762043 543186678 66762043
543186678 66762043 543186678 66762043
543186678 66762043 571744714 99114255
571744714 99114255 599056459 123290158
543186678 66762043 543186678 66762043
543186678 66762043 543186678 66762043
543186678 66762043 543186678 66762043
543186678 66762043 543751916 66762043
543186678 66762043 543186678 66762043
343888795 6300147 343888795 6300147
343888795 6300147 343888795 8792736
343888795 8792736 370387905 35061105
370387905 35061105 410931314 67049399
410931314 67049399 421511547 96949626
421511547 96949626 421518682 133657992
421511547 96949626 425358034 129108997
425358034 129108997 428235101 129108997
428235101 129108997 449039738 133682803
428235101 129108997 442203076 160815458
425358034 129108997 432147881 166021120
432147881 166021120 433368064 178984376
433368064 178984376 469798242 195809336
469798242 195809336 477212572 196957948
469798242 195809336 470229695 213712075
470229695 213712075 470229695 213712075
470229695 213712075 470229695 213712075
470229695 213712075 470229695 213712075
470229695 213712075 470229695 215477284
470229695 215477284 470229695 215477284
470229695 215477284 471869096 219673314
471869096 219673314 471869096 219673314
471869096 219673314 471869096 219673314
471869096 219673314 471869096 219673314
471869096 219673314 471869096 219673314
471869096 219673314 480067763 257981386
480067763 257981386 493347242 265380352
493347242 265380352 506591821 282883450
506591821 282883450 551242143 289274263
551242143 289274263 553128651 309542687
551242143 289274263 553063118 316048208
553063118 316048208 557459977 336223719
557459977 336223719 592551051 339753021
592551051 339753021 602244685 342167347
592551051 339753021 592551051 351883571
592551051 351883571 594248946 430150381
594248946 430150381 599056459 478304980
599056459 478304980 599056459 478304980
599056459 478304980 599056459 478304980
599056459 478304980 599056459 478304980
599056459 478304980 630534924 487693918
630534924 487693918 630534924 487693918
630534924 487693918 630534924 487693918
630534924 487693918 630534924 487693918
630534924 487693918 630534924 487693918
630534924 487693918 630534924 487693918
630534924 487693918 630534924 487693918
630534924 487693918 630534924 487693918
630534924 487693918 630534924 487693918
630534924 487693918 631442773 487693918
631442773 487693918 631442773 487693918
631442773 487693918 631442773 487693918
631442773 487693918 631442773 487693918
631442773 487693918 633091456 488342697
631442773 487693918 631442773 487693918
631442773 487693918 631442773 487693918
630534924 487693918 630534924 487693918
630534924 487693918 630534924 487693918
630534924 487693918 630534924 487693918
630534924 487693918 630534924 487693918
630534924 487693918 630534924 487693918
630534924 487693918 630534924 487693918
630534924 487693918 630534924 487693918
630534924 487693918 630534924 487693918
630534924 487693918 630534924 487693918
630534924 487693918 630534924 487693918
630534924 487693918 630534924 487693918
630534924 487693918 630534924 487693918
630534924 487693918 641613699 489964973
641613699 489964973 642167112 492588252
641613699 489964973 641613699 489964973
641613699 489964973 644766713 492754193
641613699 489964973 641613699 489964973
630534924 487693918 630534924 487693918
630534924 487693918 630534924 487693918
630534924 487693918 630534924 487693918
599056459 478304980 599795567 478304980
599795567 478304980 599795567 478304980
599795567 478304980 600087205 478304980
599056459 478304980 623095735 501674186
623095735 501674186 623652966 502061582
623652966 502061582 623652966 502993458
623652966 502993458 623652966 503076261
623652966 502993458 623652966 502993458
623095735 501674186 623095735 501710913
623095735 501710913 623095735 502061582
623095735 502061582 637906485 518528651
623095735 501710913 623095735 501710913
599056459 478304980 599056459 478304980
599056459 478304980 599056459 478304980
599056459 478304980 606537375 503537998
592551051 351883571 593910607 351883571
593910607 351883571 593910607 351883571
593910607 351883571 593910607 351883571
593910607 351883571 642428323 394053176
642428323 394053176 653431826 397260268
642428323 394053176 643791094 415918913
643791094 415918913 673007573 426251521
593910607 351883571 593910607 351883571
593910607 351883571 593910607 351883571
593910607 351883571 593910607 351883571
593910607 351883571 614163772 425037573
614163772 425037573 640542645 441018590
614163772 425037573 635710121 450276848
635710121 450276848 659566474 470031031
659566474 470031031 724154584 472239833
659566474 470031031 727622086 470739658
659566474 470031031 659566474 483014792
659566474 483014792 659566474 483014792
659566474 483014792 659566474 483014792
659566474 483014792 659566474 483014792
659566474 483014792 662353135 483473031
662353135 483473031 695505701 496958562
695505701 496958562 722218635 502061582
722218635 502061582 725564124 513286572
695505701 496958562 702474290 542122939
702474290 542122939 727008517 551048570
727008517 551048570 727008517 551048570
727008517 551048570 727622086 551048570
727622086 551048570 727622086 551048570
727622086 551048570 727622086 551048570
727622086 551048570 727622086 551048570
727622086 551048570 751682109 563865792
727622086 551048570 727622086 551048570
727622086 551048570 727622086 551048570
727008517 551048570 727008517 551048570
727008517 551048570 727008517 551048570
727008517 551048570 727008517 551048570
727008517 551048570 727008517 551048570
727008517 551048570 727008517 551048570
727008517 551048570 727008517 551363154
727008517 551363154 727008517 551363154
727008517 551363154 727008517 551363154
727008517 551363154 733588857 570082128
733588857 570082128 744134339 586609282
744134339 586609282 780965174 591057051
744134339 586609282 800684512 591043382
800684512 591043382 806864163 617287103
800684512 591043382 839881735 616170898
839881735 616170898 842525524 652188317
839881735 616170898 866323780 651492247
839881735 616170898 878301749 641722151
744134339 586609282 779576123 608179195
779576123 608179195 794665858 641802279
794665858 641802279 804464478 650665675
727008517 551363154 727008517 551363154
727008517 551363154 727008517 551363154
727008517 551363154 727008517 551363154
727008517 551363154 729079614 551363154
727008517 551363154 727008517 551363154
727008517 551363154 727008517 551363154
727008517 551048570 727008517 551048570
727008517 551048570 727008517 551048570
727008517 551048570 729448523 594423707
727008517 551048570 727008517 551048570
659566474 483014792 659566474 483014792
659566474 483014792 659566474 483014792
659566474 483014792 659566474 483014792
659566474 483014792 659566474 483014792
659566474 483014792 664186043 503076261
664186043 503076261 672169729 544804567
672169729 544804567 679235215 564068962
679235215 564068962 681007522 583885976
664186043 503076261 664186043 503537998
664186043 503537998 664186043 504394766
664186043 504394766 678772557 506765719
593910607 351883571 593915590 351883571
593915590 351883571 615583501 422855877
557459977 336223719 572925595 371175979
506591821 282883450 532417631 337458115
471869096 219673314 471869096 219673314
470229695 215477284 470229695 217444042
470229695 213712075 470229695 215477284
470229695 215477284 473480389 221374841
470229695 215477284 471869096 215477284
432147881 166021120 432338446 166021120
432338446 166021120 432338446 169965493
421511547 96949626 476384997 127591075
476384997 127591075 476995223 127591075
476995223 127591075 506180814 129073346
506180814 129073346 506591821 129108997
506591821 129108997 508692352 129988460
508692352 129988460 508692352 129988460
508692352 129988460 508692352 129988460
508692352 129988460 508692352 129988460
508692352 129988460 508692352 129988460
508692352 129988460 508692352 129988460
508692352 129988460 508692352 129988460
508692352 129988460 508810695 131059706
508692352 129988460 508692352 129988460
508692352 129988460 508692352 129988460
508692352 129988460 508692352 129988460
506180814 129073346 506180814 129108997
506180814 129108997 506180814 129108997
506180814 129108997 549836773 131323841
549836773 131323841 578927846 139877714
578927846 139877714 592109276 151195844
578927846 139877714 579454968 178274725
579454968 178274725 587927900 186838789
587927900 186838789 597705223 192593404
597705223 192593404 597805861 193183708
597805861 193183708 605836690 213712075
597705223 192593404 597705223 193183708
597705223 193183708 621457287 210739981
621457287 210739981 628582846 254858427
628582846 254858427 634110188 258666993
621457287 210739981 625771037 257033935
621457287 210739981 655822228 247273402
579454968 178274725 635635810 184148706
506180814 129108997 506180814 129108997
506180814 129108997 506180814 129108997
476995223 127591075 476995223 129073346
476384997 127591075 476384997 127591075
476384997 127591075 499574867 138659917
499574867 138659917 500164408 139877714
500164408 139877714 500164408 140911772
500164408 140911772 529024085 159861109
499574867 138659917 499574867 138659917
499574867 138659917 499624060 139877714
499624060 139877714 500656508 140911772
500656508 140911772 516742461 160306610
516742461 160306610 517974552 189267521
517974552 189267521 539278038 199142902
517974552 189267521 550134901 193536668
517974552 189267521 567523564 192088355
567523564 192088355 573088120 215477284
573088120 215477284 580238086 240728715
580238086 240728715 617712949 277285567
580238086 240728715 615762410 281297208
615762410 281297208 638344091 302350781
638344091 302350781 655864266 304961057
655864266 304961057 658022429 353690347
658022429 353690347 676240936 371973340
658022429 353690347 675504663 380951726
675504663 380951726 703704019 412718183
615762410 281297208 615762410 281297208
615762410 281297208 616172253 281971278
616172253 281971278 616228465 281971278
615762410 281297208 615762410 281297208
573088120 215477284 573088120 215477284
573088120 215477284 579033791 215477284
579033791 215477284 582200409 223011090
573088120 215477284 573088120 215477284
499574867 138659917 499624060 138659917
476384997 127591075 476995223 127591075
410931314 67049399 484706167 90867686
484706167 90867686 494180953 107961312
484706167 90867686 506591821 95261947
506591821 95261947 508810695 96949626
508810695 96949626 509943629 96949626
509943629 96949626 509943629 96949626
509943629 96949626 509943629 96949626
509943629 96949626 509943629 96949626
509943629 96949626 509943629 96949626
509943629 96949626 509943629 96949626
509943629 96949626 509943629 96949626
509943629 96949626 510415892 101014445
506591821 95261947 508692352 95261947
508692352 95261947 508692352 95261947
508692352 95261947 556327920 108330884
508692352 95261947 508810695 95261947
343888795 8792736 411386390 33831968
343888795 6300147 343888795 6300147
343888795 6300147 491041783 12209964
491041783 12209964 544815811 20837125
544815811 20837125 580261484 26820948
580261484 26820948 587174730 60354792
587174730 60354792 599795567 75566648
599795567 75566648 605642214 78202672
605642214 78202672 605642214 78202672
605642214 78202672 605836690 78491179
605836690 78491179 605836690 78491179
605836690 78491179 630534924 103737090
630534924 103737090 652902263 109737594
652902263 109737594 674074381 124448107
652902263 109737594 663241698 131323841
663241698 131323841 664186043 132637324
664186043 132637324 664186043 132637324
664186043 132637324 664186043 132637324
664186043 132637324 664186043 132637324
664186043 132637324 694159220 160231280
664186043 132637324 664186043 132637324
664186043 132637324 668478027 132637324
664186043 132637324 664186043 132637324
663241698 131323841 663241698 132196138
663241698 132196138 663241698 132637324
663241698 132637324 683943103 171332496
683943103 171332496 693504847 181775280
693504847 181775280 734743156 236403563
683943103 171332496 687536301 240790694
687536301 240790694 703410595 257556130
687536301 240790694 688999863 290657356
688999863 290657356 701602465 317920830
701602465 317920830 722240780 325416483
722240780 325416483 731388001 359988657
731388001 359988657 750032085 378565844
750032085 378565844 750662212 398585816
750662212 398585816 766681080 416126525
750662212 398585816 761128432 444789963
761128432 444789963 764591121 472239833
764591121 472239833 764591121 472239833
764591121 472239833 764591121 472239833
764591121 472239833 764591121 472239833
764591121 472239833 764591121 472239833
764591121 472239833 764591121 472239833
764591121 472239833 770950012 476483513
770950012 476483513 796476943 485393207
796476943 485393207 832975599 489095855
832975599 489095855 852020906 496958562
852020906 496958562 852020906 497391615
852020906 497391615 865116793 504477124
852020906 496958562 853020379 497391615
853020379 497391615 853020379 497391615
853020379 497391615 853020379 497391615
853020379 497391615 853020379 497391615
853020379 497391615 853020379 497726976
853020379 497726976 853020379 497726976
853020379 497726976 853020379 497726976
853020379 497726976 854731295 527087124
854731295 527087124 873746757 532305754
873746757 532305754 899033629 549453310
899033629 549453310 908251919 562620700
908251919 562620700 955803833 565449777
854731295 527087124 868415616 559947159
868415616 559947159 896261891 585024914
896261891 585024914 913865506 593426976
896261891 585024914 910089993 601688344
910089993 601688344 923489339 607227537
910089993 601688344 939420951 602798530
939420951 602798530 955653493 607446680
939420951 602798530 942570470 668214930
942570470 668214930 956837470 671626707
942570470 668214930 954274439 700337297
954274439 700337297 971668253 718449202
971668253 718449202 975018570 732642687
975018570 732642687 975018570 732642687
975018570 732642687 975018570 732642687
975018570 732642687 976283146 732940084
976283146 732940084 976283146 732940084
976283146 732940084 976283146 732940084
976283146 732940084 976283146 732940084
976283146 732940084 982822803 786576917
976283146 732940084 976283146 732940084
976283146 732940084 976283146 732940084
976283146 732940084 976283146 732940084
976283146 732940084 976283146 732940084
976283146 732940084 976283146 732940084
976283146 732940084 977128697 732940084
976283146 732940084 976283146 732940084
976283146 732940084 976283146 732940084
975018570 732642687 975018570 732642687
975018570 732642687 975018570 732642687
975018570 732642687 975018570 732642687
975018570 732642687 975018570 732642687
975018570 732642687 988784723 780011212
975018570 732642687 975018570 732642687
954274439 700337297 988313944 710966373
896261891 585024914 905101318 609011860
896261891 585024914 903256994 628244939
853020379 497726976 853020379 497726976
853020379 497726976 853020379 497726976
853020379 497726976 853020379 498158076
853020379 497391615 853020379 497391615
853020379 497391615 853020379 497391615
853020379 497391615 853020379 497391615
853020379 497391615 853020379 497391615
853020379 497391615 888673065 500962169
853020379 497391615 853020379 497391615
853020379 497391615 853020379 497391615
770950012 476483513 771032156 476483513
771032156 476483513 771584509 476483513
771584509 476483513 792605532 509928615
792605532 509928615 818243083 515392679
764591121 472239833 764591121 472239833
764591121 472239833 764591121 472239833
764591121 472239833 764591121 472239833
764591121 472239833 764591121 472239833
764591121 472239833 771584509 513073251
771584509 513073251 772396966 513418500
772396966 513418500 773444504 532654751
773444504 532654751 806657016 555556810
806657016 555556810 851176436 569515622
851176436 569515622 860582863 586445600
771584509 513073251 771584509 513286572
771584509 513286572 771584509 513286572
771584509 513286572 772396966 514276037
771584509 513286572 771584509 513418500
761128432 444789963 761128432 448700895
761128432 448700895 761748203 448700895
761748203 448700895 786519031 451472602
761748203 448700895 762221087 448700895
762221087 448700895 790408310 451385700
750032085 378565844 768904551 394212480
768904551 394212480 773658023 408138396
731388001 359988657 772713392 377372247
772713392 377372247 782036559 385256291
782036559 385256291 784048848 400980290
701602465 317920830 720168860 364045352
687536301 240790694 701602465 258409641
701602465 258409641 701602465 258666993
701602465 258666993 701602465 258666993
701602465 258666993 715077590 271615304
701602465 258666993 701602465 258666993
701602465 258409641 701602465 258409641
701602465 258409641 702178945 258409641
702178945 258409641 702178945 259403962
701602465 258409641 729448523 262382792
729448523 262382792 729846338 265380352
729846338 265380352 729846338 267284124
729448523 262382792 729846338 262382792
729846338 262382792 741791790 265380352
741791790 265380352 755130351 269214191
755130351 269214191 774076678 289307527
741791790 265380352 741791790 265577373
741791790 265577373 741791790 267284124
741791790 267284124 741791790 267284124
741791790 267284124 741791790 267284124
741791790 267284124 741791790 267453988
741791790 267284124 753153410 295488245
753153410 295488245 753367763 295892794
753367763 295892794 754606000 295892794
754606000 295892794 754831141 329160370
753153410 295488245 753367763 295488245
753367763 295488245 764085709 326017372
605836690 78491179 605836690 78491179
605642214 78202672 605836690 78202672
605642214 78202672 605836690 78491179
605836690 78491179 608503098 79899100
608503098 79899100 617934712 118599491
605836690 78491179 606537375 78491179
580261484 26820948 613243683 59386858
613243683 59386858 635681858 61806508
613243683 59386858 642167112 60220315
642167112 60220315 670162992 60450317
670162992 60450317 683943103 77744849
683943103 77744849 684441906 78202672
684441906 78202672 685266724 78491179
683943103 77744849 684441906 77744849
684441906 77744849 685266724 78202672
685266724 78202672 705329775 109737594
705329775 109737594 709705788 111827386
709705788 111827386 710070717 117021633
710070717 117021633 710070717 117021633
710070717 117021633 739015148 142554882
739015148 142554882 743546357 225518989
743546357 225518989 760597917 225695473
760597917 225695473 786467376 228713831
786467376 228713831 789620906 254858427
789620906 254858427 789620906 254858427
789620906 254858427 789620906 254858427
789620906 254858427 789620906 254858427
789620906 254858427 789620906 255459101
789620906 255459101 789620906 255491228
789620906 254858427 789620906 254858427
789620906 254858427 791244569 275125326
791244569 275125326 806281495 281069789
806281495 281069789 820632788 295488245
820632788 295488245 822323690 307664389
822323690 307664389 844299287 354815557
844299287 354815557 861946914 370878210
861946914 370878210 867515534 390973513
867515534 390973513 874833956 413139201
874833956 413139201 888565147 422855877
888565147 422855877 888565147 422855877
888565147 422855877 888565147 422855877
888565147 422855877 888565147 422855877
888565147 422855877 888565147 422855877
888565147 422855877 888565147 422855877
888565147 422855877 888565147 422855877
888565147 422855877 888565147 423260512
888565147 423260512 915646918 457416058
888565147 423260512 916094257 442394664
916094257 442394664 916094257 444789963
916094257 444789963 916094257 449039302
916094257 442394664 918229703 444789963
918229703 444789963 919487729 449039302
919487729 449039302 919487729 454056679
919487729 454056679 947947909 470584741
947947909 470584741 968923439 499540095
968923439 499540095 987729052 532352807
968923439 499540095 999934917 528640564
919487729 449039302 919487729 449039302
918229703 444789963 919487729 444789963
919487729 444789963 980873182 459110663
980873182 459110663 989164787 477377486
888565147 422855877 888565147 422855877
888565147 422855877 888565147 422855877
888565147 422855877 888565147 422855877
888565147 422855877 888565147 422855877
888565147 422855877 888565147 422855877
888565147 422855877 888565147 422855877
888565147 422855877 888565147 422855877
888565147 422855877 895054938 460217981
895054938 460217981 906317060 487693918
906317060 487693918 920505769 495529011
888565147 422855877 888565147 422855877
888565147 422855877 888565147 422855877
888565147 422855877 888565147 422855877
888565147 422855877 888565147 422855877
888565147 422855877 888565147 422855877
888565147 422855877 911096873 458204512
888565147 422855877 888565147 422855877
822323690 307664389 866734255 329885358
866734255 329885358 868415616 349352342
868415616 349352342 870279674 366957644
870279674 366957644 885807247 374080395
885807247 374080395 890507152 404660203
890507152 404660203 890507152 404680876
890507152 404680876 891145052 406263247
891145052 406263247 892179327 406599560
890507152 404660203 891145052 404680876
891145052 404680876 892179327 406263247
892179327 406263247 893635667 408082844
891145052 404680876 891145052 404680876
868415616 349352342 868415616 349352342
868415616 349352342 872851096 353418561
868415616 349352342 869397306 349352342
806281495 281069789 806281495 302710946
806281495 302710946 806281495 302710946
806281495 302710946 806585249 304046008
806281495 302710946 806281495 303997291
806281495 302710946 806281495 302710946
806281495 302710946 806281495 302710946
806281495 302710946 806281495 302710946
806281495 302710946 806281495 302710946
806281495 302710946 806281495 302710946
806281495 302710946 806281495 302710946
806281495 302710946 811127446 372657796
811127446 372657796 811127446 372657796
811127446 372657796 811127446 372657796
811127446 372657796 811127446 372657796
811127446 372657796 811127446 372657796
811127446 372657796 811127446 372657796
811127446 372657796 811127446 372657796
811127446 372657796 811127446 372657796
811127446 372657796 811127446 372657796
811127446 372657796 817956076 440624059
811127446 372657796 811127446 372657796
811127446 372657796 811127446 372657796
811127446 372657796 811127446 372657796
811127446 372657796 811127446 372657796
811127446 372657796 811127446 372657796
811127446 372657796 811127446 372657796
811127446 372657796 811127446 373632800
811127446 373632800 811127446 373632800
811127446 373632800 811127446 373632800
811127446 373632800 811127446 373632800
811127446 373632800 811498053 373632800
811498053 373632800 840659232 408802109
840659232 408802109 845957681 409992857
811127446 373632800 811127446 373632800
811127446 373632800 840664242 373943570
840664242 373943570 845849068 398135502
811127446 373632800 811127446 373632800
811127446 373632800 811127446 373632800
811127446 373632800 811127446 373632800
811127446 373632800 835863911 433826505
835863911 433826505 859694836 439055576
811127446 373632800 811127446 373632800
811127446 372657796 811127446 372657796
811127446 372657796 811127446 372657796
811127446 372657796 811127446 372657796
811127446 372657796 811127446 372657796
811127446 372657796 816394316 444789963
811127446 372657796 811127446 372657796
811127446 372657796 811127446 372657796
806281495 302710946 806281495 302710946
806281495 302710946 806281495 302710946
806281495 281069789 842011835 283504264
842011835 283504264 842525524 283504264
842525524 283504264 842525524 283504264
842525524 283504264 843021333 283504264
843021333 283504264 843021333 286192164
842525524 283504264 842525524 283504264
842011835 283504264 871335573 286888483
871335573 286888483 906959884 291254621
871335573 286888483 871335573 286888483
871335573 286888483 871335573 287557861
871335573 287557861 878396938 302710946
871335573 286888483 871335573 286888483
871335573 286888483 878088398 323411820
878088398 323411820 898761328 347173674
898761328 347173674 912202464 368656088
912202464 368656088 929739841 406263247
878088398 323411820 913701272 327666491
913701272 327666491 933960975 331895951
933960975 331895951 980982447 340427285
933960975 331895951 935083323 331895951
935083323 331895951 935083323 331895951
935083323 331895951 935083323 331895951
935083323 331895951 935083323 331895951
935083323 331895951 935083323 331895951
935083323 331895951 935083323 331895951
935083323 331895951 935083323 331895951
935083323 331895951 935083323 331895951
935083323 331895951 935083323 331895951
935083323 331895951 989615140 336804444
935083323 331895951 935083323 331895951
935083323 331895951 935083323 331895951
935083323 331895951 935083323 331895951
935083323 331895951 935083323 331895951
935083323 331895951 935083323 331895951
935083323 331895951 935083323 331895951
935083323 331895951 935083323 331895951
935083323 331895951 935083323 334695630
935083323 334695630 944597282 357813307
944597282 357813307 971972860 395095558
971972860 395095558 992508081 443664116
935083323 334695630 935083323 335167567
935083323 335167567 935083323 335704356
935083323 331895951 935083323 331895951
760597917 225695473 760597917 225955348
760597917 225955348 761128432 225955348
761128432 225955348 761244699 225955348
761244699 225955348 761244699 225955348
761244699 225955348 761244699 225955348
761244699 225955348 784961956 229209192
761244699 225955348 761244699 225955348
761244699 225955348 761244699 225955348
761244699 225955348 761244699 227376706
761244699 225955348 761244699 225955348
761244699 225955348 761244699 225955348
710070717 117021633 710070717 117021633
705329775 109737594 705329775 109737594
705329775 109737594 709705788 117021633
709705788 117021633 709705788 117021633
709705788 117021633 709705788 117021633
709705788 117021633 709705788 117021633
709705788 117021633 709705788 117021633
709705788 117021633 709705788 117021633
709705788 117021633 710070717 117279579
710070717 117279579 721296399 150494054
710070717 117279579 712204519 117279579
709705788 117021633 709705788 117021633
709705788 117021633 709705788 117021633
705329775 109737594 705329775 111827386
642167112 60220315 642428323 60220315
642428323 60220315 642428323 60220315
642428323 60220315 645211233 70444579
645211233 70444579 645211233 70444579
645211233 70444579 645211233 70444579
645211233 70444579 645211233 70444579
645211233 70444579 645211233 70444579
645211233 70444579 645211233 70444579
645211233 70444579 645211233 70444579
645211233 70444579 645211233 70444579
645211233 70444579 645211233 70444579
645211233 70444579 645211233 70444579
645211233 70444579 645211233 70444579
645211233 70444579 645211233 70444579
645211233 70444579 645211233 70444579
645211233 70444579 647854079 75343385
645211233 70444579 645211233 70444579
645211233 70444579 645211233 70444579
645211233 70444579 645211233 70444579
645211233 70444579 645211233 70444579
645211233 70444579 645211233 70444579
645211233 70444579 645211233 70444579
645211233 70444579 645211233 70444579
645211233 70444579 645211233 70444579
645211233 70444579 645211233 70444579
645211233 70444579 645211233 70444579
645211233 70444579 645211233 70444579
645211233 70444579 645211233 70444579
645211233 70444579 645211233 70444579
645211233 70444579 645211233 70444579
645211233 70444579 645211233 70444579
645211233 70444579 645211233 70444579
645211233 70444579 647488336 71501318
645211233 70444579 645211233 70444579
645211233 70444579 645211233 70444579
645211233 70444579 645211233 70444579
645211233 70444579 645211233 70444579
645211233 70444579 645211233 70444579
645211233 70444579 645211233 70444579
642428323 60220315 642428323 60220315
642428323 60220315 642428323 60220315
642428323 60220315 642428323 60220315
642428323 60220315 642724550 60220315
544815811 20837125 566432284 37918822
