4 58 3 19 21 52 
15 16 17 0 47 55 
32 53 26 22 24 43 
8 57 54 25 42 37 
31 40 38 13 50 49 
11 20 2 12 45 59 
55 14 23 41 5 46 
29 28 10 15 22 51 
18 30 36 45 20 59 
42 48 21 4 44 52 
8 12 24 11 47 49 
39 7 17 58 50 35 
35 42 15 47 19 30 
39 27 38 44 5 59 
16 36 10 18 45 7 
46 12 8 49 1 34 
13 2 17 40 25 50 
43 37 53 4 11 24 
50 17 15 45 47 6 
5 38 43 33 26 44 
53 12 4 3 20 1 
42 13 48 29 31 36 
37 16 11 51 7 10 
23 24 27 56 2 41 
8 37 39 58 45 15 
20 3 51 1 57 11 
17 50 52 5 31 49 
48 25 34 16 14 35 
2 21 12 22 36 10 
56 13 32 23 41 18 
16 5 40 37 36 23 
4 2 10 44 42 25 
57 12 46 11 21 7 
43 39 32 13 0 31 
59 30 8 33 35 18 
52 58 45 17 49 41 
46 17 48 55 20 57 
39 16 40 38 3 1 
24 11 44 58 14 34 
7 9 10 8 26 2 
35 49 32 45 47 12 
53 15 21 54 36 50 
55 45 30 29 53 7 
0 51 31 58 27 38 
26 11 39 21 33 12 
44 8 17 35 10 16 
36 13 2 6 15 1 
52 54 4 34 32 59 
53 25 55 27 52 15 
51 13 8 17 43 19 
23 12 38 39 11 58 
59 9 44 3 54 37 
4 6 46 50 7 40 
32 48 24 22 31 18 
36 10 11 34 4 46 
16 39 22 7 13 17 
32 38 50 8 6 19 
18 51 12 43 40 3 
44 41 24 45 26 30 
15 58 57 14 47 37 
