40 4 52 2 5 54 
55 6 25 45 42 11 
19 26 1 51 41 31 
59 56 21 33 23 48 
24 16 22 58 44 32 
20 28 7 43 17 12 
58 10 18 4 0 26 
34 56 48 12 59 11 
54 38 45 47 22 17 
25 40 29 31 33 35 
41 6 46 8 15 1 
43 27 50 3 32 19 
51 14 42 56 57 59 
9 44 7 55 0 54 
16 17 45 13 22 50 
46 38 11 41 39 37 
21 19 33 8 30 52 
47 32 49 20 12 58 
39 34 7 35 5 51 
33 37 12 16 6 1 
18 30 13 20 38 56 
58 9 46 23 17 48 
4 14 10 11 3 32 
25 43 22 24 31 52 
37 23 17 48 38 32 
59 20 40 4 0 51 
15 39 44 36 21 6 
13 8 19 10 7 34 
53 22 2 11 9 16 
43 14 1 42 45 33 
16 48 23 49 7 43 
32 44 21 33 20 2 
17 0 53 38 8 36 
41 37 13 45 15 14 
34 59 12 40 11 10 
58 52 42 3 31 18 
53 19 23 29 35 47 
3 18 5 16 37 44 
59 0 46 6 15 13 
49 52 45 24 2 20 
33 11 38 28 17 30 
34 40 50 12 42 43 
28 31 12 57 33 5 
18 2 56 50 13 43 
45 48 52 44 10 54 
58 16 9 39 21 55 
20 8 15 1 17 41 
24 14 23 51 22 49 
20 51 50 9 16 19 
3 49 21 15 32 10 
22 8 45 5 14 2 
34 58 4 43 28 23 
11 13 39 12 38 42 
1 17 40 56 18 24 
45 19 5 37 10 15 
7 33 39 32 1 51 
6 44 49 12 21 23 
52 11 9 22 48 16 
42 40 24 55 18 50 
46 38 59 43 56 3 
