2611
4573 0 0 97
1613 0 0 94
4255 0 0 91
3607 0 0 87
3025 0 0 85
1 0 0 83
1649 0 0 81
3638 0 0 78
4176 0 0 75
3580 0 0 72
977 0 0 69
1070 0 0 66
4316 0 0 63
162 0 0 61
51 0 0 58
4298 0 0 54
4157 0 0 49
1653 0 0 46
1999 0 0 43
4200 0 0 39
4075 0 0 37
4464 0 0 35
4914 0 0 32
1530 0 0 29
4174 0 0 26
4291 0 0 22
2840 0 0 19
2723 0 0 16
4135 0 0 12
4803 0 0 9
954 0 0 7
849 0 0 4
3640 0 0 1
3688 0 1 97
39 0 1 94
545 0 1 91
2426 0 1 87
4172 0 1 82
4163 0 1 78
1784 0 1 75
779 0 1 72
129 0 1 69
4510 0 1 65
3336 0 1 62
2894 0 1 60
1579 0 1 57
3864 0 1 54
3509 0 1 49
3700 0 1 45
1831 0 1 42
1542 0 1 40
4656 0 1 37
4209 0 1 34
4932 0 1 30
3362 0 1 26
2305 0 1 22
928 0 1 19
3304 0 1 15
238 0 1 12
4673 0 1 9
4930 0 1 4
1725 0 1 1
66 0 2 97
2376 0 2 93
3043 0 2 90
2737 0 2 88
1724 0 2 85
4519 0 2 82
3400 0 2 78
1045 0 2 75
596 0 2 72
2943 0 2 68
2238 0 2 65
2552 0 2 61
3602 0 2 57
1128 0 2 53
709 0 2 51
1936 0 2 49
3452 0 2 45
3801 0 2 41
3878 0 2 38
4303 0 2 36
4426 0 2 34
4511 0 2 30
2883 0 2 26
1534 0 2 22
4780 0 2 18
1923 0 2 14
2608 0 2 12
3110 0 2 9
4921 0 2 4
3398 0 3 96
2530 0 3 94
3962 0 3 90
3891 0 3 87
2874 0 3 82
2355 0 3 78
667 0 3 75
165 0 3 72
4752 0 3 67
2653 0 3 64
3920 0 3 60
3761 0 3 56
2556 0 3 52
4735 0 3 49
2531 0 3 45
2444 0 3 41
1957 0 3 38
745 0 3 36
3669 0 3 33
4466 0 3 31
298 0 3 28
3971 0 3 25
3353 0 3 22
692 0 3 18
1187 0 3 13
876 0 3 9
4760 0 3 4
3321 0 4 96
4243 0 4 92
4097 0 4 88
4341 0 4 84
2398 0 4 81
1885 0 4 78
4314 0 4 73
929 0 4 70
3861 0 4 66
2676 0 4 62
4525 0 4 59
2153 0 4 56
2068 0 4 52
1851 0 4 49
675 0 4 45
3951 0 4 40
3065 0 4 37
1829 0 4 33
4144 0 4 29
494 0 4 26
221 0 4 22
3236 0 4 17
4775 0 4 14
2207 0 4 11
2579 0 4 8
3781 0 4 6
1112 0 4 3
2343 0 5 96
3787 0 5 92
3192 0 5 88
4281 0 5 84
617 0 5 80
2380 0 5 77
1942 0 5 75
4415 0 5 71
391 0 5 69
3737 0 5 65
1486 0 5 61
2256 0 5 57
1943 0 5 52
650 0 5 49
3714 0 5 44
206 0 5 41
1178 0 5 37
1778 0 5 33
3063 0 5 28
3508 0 5 25
3337 0 5 22
2713 0 5 17
4087 0 5 14
3651 0 5 10
4348 0 5 8
1257 0 5 5
3533 0 5 2
325 0 6 96
2332 0 6 92
1996 0 6 88
886 0 6 84
2397 0 6 78
4213 0 6 73
464 0 6 70
3716 0 6 66
2349 0 6 62
3531 0 6 59
2077 0 6 56
697 0 6 52
4960 0 6 48
915 0 6 46
73 0 6 43
3211 0 6 39
591 0 6 36
3053 0 6 33
1982 0 6 28
3386 0 6 24
3988 0 6 21
1953 0 6 19
3001 0 6 15
2048 0 6 11
3927 0 6 7
490 0 6 4
4793 0 7 95
3499 0 7 92
4383 0 7 87
2271 0 7 82
1460 0 7 78
1742 0 7 73
204 0 7 70
1322 0 7 66
2150 0 7 62
1411 0 7 59
1389 0 7 56
3564 0 7 51
4615 0 7 48
2184 0 7 44
4891 0 7 40
163 0 7 37
603 0 7 33
364 0 7 28
2890 0 7 24
3936 0 7 21
4857 0 7 18
972 0 7 13
335 0 7 9
3252 0 7 4
3823 0 8 95
3226 0 8 92
3522 0 8 87
964 0 8 82
665 0 8 78
4710 0 8 72
4720 0 8 67
2679 0 8 63
3583 0 8 59
2514 0 8 55
3408 0 8 53
3641 0 8 48
2031 0 8 44
2528 0 8 40
2686 0 8 36
444 0 8 33
4641 0 8 27
4692 0 8 25
3201 0 8 22
2501 0 8 17
4247 0 8 13
19 0 8 9
2445 0 8 4
3079 0 9 95
549 0 9 92
2467 0 9 87
3030 0 9 80
4595 0 9 76
741 0 9 72
1098 0 9 67
1218 0 9 63
1803 0 9 59
4961 0 9 54
1101 0 9 49
2991 0 9 44
384 0 9 40
2464 0 9 36
2866 0 9 32
4886 0 9 27
3486 0 9 24
4475 0 9 20
4587 0 9 17
3838 0 9 13
4355 0 9 8
3189 0 9 4
2817 0 10 95
3831 0 10 91
347 0 10 87
2811 0 10 80
1607 0 10 76
1495 0 10 71
4796 0 10 68
1321 0 10 64
3731 0 10 60
3084 0 10 56
2553 0 10 51
4249 0 10 47
4964 0 10 44
2968 0 10 39
3848 0 10 35
3143 0 10 32
3132 0 10 27
3361 0 10 24
2125 0 10 20
2438 0 10 17
2030 0 10 12
3129 0 10 8
799 0 10 4
2229 0 11 95
2639 0 11 91
3719 0 11 86
1371 0 11 82
4798 0 11 77
1768 0 11 75
3558 0 11 71
409 0 11 68
81 0 11 64
3012 0 11 60
623 0 11 56
1404 0 11 51
3914 0 11 47
1944 0 11 44
2301 0 11 39
3184 0 11 34
3141 0 11 30
1906 0 11 26
18 0 11 22
1138 0 11 17
971 0 11 12
1190 0 11 8
2694 0 11 3
1559 0 12 95
2038 0 12 91
3675 0 12 86
560 0 12 82
4794 0 12 77
2565 0 12 74
1339 0 12 71
2870 0 12 67
117 0 12 63
396 0 12 59
3489 0 12 54
3755 0 12 48
4858 0 12 43
2733 0 12 39
1049 0 12 34
1901 0 12 30
1774 0 12 26
1192 0 12 21
495 0 12 18
4221 0 12 12
2448 0 12 7
3136 0 12 3
1009 0 13 95
4391 0 13 90
57 0 13 87
2557 0 13 80
4601 0 13 75
1656 0 13 70
646 0 13 66
4590 0 13 61
1347 0 13 57
2933 0 13 51
3609 0 13 47
1220 0 13 44
1359 0 13 39
4771 0 13 33
4289 0 13 27
4797 0 13 23
4100 0 13 19
1271 0 13 15
4669 0 13 10
689 0 13 7
1476 0 13 3
629 0 14 95
202 0 14 90
4903 0 14 86
4561 0 14 81
3287 0 14 77
3572 0 14 73
3125 0 14 69
3122 0 14 65
3117 0 14 60
90 0 14 56
2970 0 14 50
2574 0 14 47
2920 0 14 43
2294 0 14 39
3794 0 14 33
2783 0 14 27
3646 0 14 23
1062 0 14 19
4955 0 14 14
3576 0 14 10
4272 0 14 6
4667 0 14 2
481 0 15 95
4361 0 15 89
4800 0 15 86
991 0 15 81
1480 0 15 77
1922 0 15 73
1527 0 15 69
4809 0 15 64
1252 0 15 60
3681 0 15 55
4379 0 15 50
1798 0 15 47
2741 0 15 43
4538 0 15 38
4556 0 15 34
2609 0 15 29
1598 0 15 25
899 0 15 22
2814 0 15 16
2547 0 15 12
1810 0 15 7
1103 0 15 3
4575 0 16 94
3322 0 16 89
3493 0 16 86
3846 0 16 80
3364 0 16 75
558 0 16 70
4399 0 16 65
1370 0 16 60
3270 0 16 55
1109 0 16 50
4089 0 16 45
3056 0 16 40
1973 0 16 36
2348 0 16 32
2506 0 16 27
2761 0 16 23
4749 0 16 18
800 0 16 12
4751 0 16 6
86 0 16 2
3849 0 17 94
3133 0 17 89
3202 0 17 86
845 0 17 80
1959 0 17 75
4422 0 17 69
4328 0 17 64
1072 0 17 60
3138 0 17 55
277 0 17 50
3977 0 17 45
1808 0 17 40
389 0 17 36
3566 0 17 31
2888 0 17 27
1681 0 17 23
4016 0 17 18
4646 0 17 11
3524 0 17 7
4327 0 17 2
3444 0 18 94
2784 0 18 89
4285 0 18 85
3659 0 18 82
1714 0 18 77
1571 0 18 73
2312 0 18 68
4853 0 18 63
2832 0 18 58
4169 0 18 54
2614 0 18 48
3678 0 18 43
3545 0 18 38
1749 0 18 34
1945 0 18 29
4816 0 18 24
2056 0 18 20
447 0 18 17
583 0 18 12
3667 0 18 6
4832 0 18 1
377 0 19 94
2517 0 19 89
2898 0 19 85
1464 0 19 82
287 0 19 77
249 0 19 73
4968 0 19 67
4232 0 19 62
4739 0 19 58
2477 0 19 54
2525 0 19 48
1238 0 19 43
910 0 19 38
1276 0 19 34
885 0 19 29
3401 0 19 24
3621 0 19 19
2328 0 19 13
3121 0 19 8
504 0 19 2
272 2 0 94
3881 2 0 88
4827 2 0 83
4493 2 0 80
4659 2 0 74
184 2 0 71
796 2 0 67
3956 2 0 62
4022 2 0 58
982 2 0 54
2681 2 0 47
1779 2 0 43
357 2 0 38
1017 2 0 34
4695 2 0 28
2656 2 0 24
3562 2 0 19
1492 2 0 13
4528 2 0 7
2367 2 0 2
2864 2 1 93
3011 2 1 90
4698 2 1 86
4164 2 1 79
1687 2 1 77
58 2 1 73
4840 2 1 67
2427 2 1 62
925 2 1 58
4947 2 1 53
366 2 1 48
4408 2 1 42
3277 2 1 39
3180 2 1 33
1956 2 1 27
208 2 1 23
3799 2 1 18
3182 2 1 11
451 2 1 7
1574 2 1 2
995 2 3 93
4810 2 3 89
2190 2 3 85
401 2 3 81
833 2 3 77
2856 2 3 72
907 2 3 67
1293 2 3 62
3553 2 3 57
2471 2 3 51
3279 2 3 47
1171 2 3 43
1638 2 3 37
540 2 3 33
682 2 3 27
32 2 3 23
2566 2 3 18
1048 2 3 11
324 2 3 7
2279 2 3 1
4193 2 4 92
1892 2 4 87
4407 2 4 79
3995 2 4 76
893 2 4 71
752 2 4 67
1525 2 4 61
1265 2 4 57
948 2 4 51
4067 2 4 46
4727 2 4 42
1382 2 4 39
2652 2 4 33
4324 2 4 26
3732 2 4 20
2441 2 4 16
4694 2 4 11
4141 2 4 6
4521 2 4 1
3099 2 5 92
1299 2 5 87
3750 2 5 79
4830 2 5 75
4375 2 5 69
3074 2 5 64
565 2 5 60
2206 2 5 55
4049 2 5 49
2861 2 5 44
4207 2 5 38
3960 2 5 33
4401 2 5 25
177 2 5 22
2096 2 5 16
737 2 5 11
3948 2 5 6
4195 2 5 1
2618 2 7 92
1006 2 7 87
3431 2 7 79
4095 2 7 75
3471 2 7 69
1857 2 7 64
2904 2 7 59
3797 2 7 53
2869 2 7 47
608 2 7 43
695 2 7 37
3868 2 7 32
3194 2 7 26
2669 2 7 20
1987 2 7 16
24 2 7 11
3684 2 7 6
3402 2 7 1
41 2 8 92
892 2 8 87
234 2 8 79
3069 2 8 75
3050 2 8 69
4468 2 8 63
848 2 8 58
3551 2 8 53
2821 2 8 47
17 2 8 43
75 2 8 37
3479 2 8 32
336 2 8 26
1617 2 8 20
2496 2 8 15
4360 2 8 10
4199 2 8 6
2149 2 8 1
4409 2 10 91
2072 2 10 86
2796 2 10 79
2550 2 10 75
2880 2 10 69
3450 2 10 63
156 2 10 58
2541 2 10 53
2350 2 10 47
4860 2 10 42
2062 2 10 38
2616 2 10 32
142 2 10 26
4626 2 10 19
888 2 10 13
4345 2 10 7
2204 2 10 1
4063 2 11 91
901 2 11 86
4925 2 11 78
2250 2 11 72
1421 2 11 66
4228 2 11 61
264 2 11 57
194 2 11 51
1965 2 11 46
3204 2 11 42
1840 2 11 38
1754 2 11 32
4413 2 11 25
1977 2 11 21
4652 2 11 17
480 2 11 12
3045 2 11 6
824 2 11 2
4402 2 12 90
2822 2 12 86
3676 2 12 78
1595 2 12 72
1152 2 12 66
3874 2 12 61
1316 2 12 56
2511 2 12 50
3355 2 12 45
1240 2 12 40
1679 2 12 35
3218 2 12 31
2296 2 12 27
3825 2 12 22
179 2 12 16
4346 2 12 10
3258 2 12 6
4459 2 12 1
2263 2 13 90
1463 2 13 86
2414 2 13 78
1031 2 13 72
767 2 13 66
209 2 13 61
1932 2 13 55
3886 2 13 49
1510 2 13 44
3540 2 13 38
1360 2 13 32
4372 2 13 25
4729 2 13 20
4015 2 13 14
2640 2 13 10
154 2 13 6
4006 2 13 1
1148 2 14 90
1436 2 14 86
1997 2 14 78
674 2 14 72
3989 2 14 65
9 2 14 60
2033 2 14 55
2450 2 14 49
4874 2 14 43
4280 2 14 36
1528 2 14 31
3046 2 14 26
4600 2 14 19
4411 2 14 12
2630 2 14 6
3437 2 14 1
801 2 16 90
922 2 16 86
1751 2 16 78
3860 2 16 71
4557 2 16 66
4908 2 16 60
4440 2 16 54
2212 2 16 47
3415 2 16 42
1915 2 16 37
3062 2 16 32
4076 2 16 25
2651 2 16 20
3525 2 16 14
966 2 16 10
4479 2 16 5
2114 2 16 1
3485 2 17 89
26 2 17 85
329 2 17 80
3764 2 17 74
4631 2 17 70
3664 2 17 65
4922 2 17 59
2691 2 17 53
4098 2 17 46
2953 2 17 42
793 2 17 37
508 2 17 32
2145 2 17 25
1139 2 17 19
1592 2 17 12
2561 2 17 6
575 2 18 89
4764 2 18 84
2023 2 18 78
2887 2 18 71
2831 2 18 66
4579 2 18 60
1995 2 18 54
1855 2 18 47
2712 2 18 42
472 2 18 37
4814 2 18 31
2299 2 18 25
4414 2 18 18
344 2 18 11
1403 2 18 6
4569 2 19 88
4733 2 19 83
4225 2 19 80
3543 2 19 74
4536 2 19 70
1483 2 19 65
4788 2 19 59
1307 2 19 53
1863 2 19 46
28 2 19 42
2916 2 19 36
3427 2 19 30
1071 2 19 26
4048 2 19 19
1414 2 19 12
981 2 19 5
3055 3 0 88
634 3 0 83
4486 3 0 79
2374 3 0 75
1659 3 0 69
2940 3 0 63
3331 3 0 57
3899 3 0 50
2828 3 0 45
270 3 0 40
1223 3 0 35
3148 3 0 31
798 3 0 25
3510 3 0 18
3504 3 0 10
4262 3 0 5
2220 3 1 87
2993 3 1 78
2820 3 1 71
1818 3 1 65
4058 3 1 59
1204 3 1 53
1557 3 1 46
3615 3 1 41
91 3 1 37
4507 3 1 31
717 3 1 25
2599 3 1 18
2901 3 1 10
3855 3 1 5
69 3 3 87
2316 3 3 78
1760 3 3 71
1509 3 3 65
3897 3 3 59
224 3 3 53
104 3 3 46
2825 3 3 41
89 3 3 37
1934 3 3 31
4105 3 3 24
780 3 3 19
4478 3 3 11
622 3 3 6
836 3 4 86
1277 3 4 78
3584 3 4 70
4555 3 4 64
2865 3 4 59
4242 3 4 51
4974 3 4 45
1333 3 4 39
2292 3 4 33
4131 3 4 25
1854 3 4 18
2513 3 4 10
3434 3 4 5
3306 3 5 85
3350 3 5 79
1737 3 5 75
1629 3 5 69
2893 3 5 63
3186 3 5 57
3447 3 5 50
2577 3 5 45
2419 3 5 38
1181 3 5 32
1475 3 5 25
3622 3 5 17
3487 3 5 11
4935 3 5 5
491 3 7 85
3210 3 7 79
4817 3 7 74
3803 3 7 70
1782 3 7 64
2378 3 7 59
3594 3 7 51
2726 3 7 45
822 3 7 38
645 3 7 32
3498 3 7 24
4926 3 7 18
834 3 7 10
2924 3 7 5
3149 3 8 84
1426 3 8 78
3457 3 8 70
750 3 8 64
4753 3 8 58
1887 3 8 53
1861 3 8 45
749 3 8 37
345 3 8 31
3394 3 8 24
4460 3 8 18
1066 3 8 9
1325 3 8 4
3078 3 10 84
1133 3 10 78
2151 3 10 70
4077 3 10 63
3114 3 10 57
4786 3 10 49
3357 3 10 43
2773 3 10 36
2963 3 10 30
314 3 10 26
2000 3 10 19
905 3 10 11
4931 3 10 5
742 3 11 84
720 3 11 78
2063 3 11 70
3335 3 11 63
2138 3 11 57
3511 3 11 49
2900 3 11 43
1083 3 11 36
1183 3 11 30
3767 3 11 25
3165 3 11 17
2118 3 11 11
4911 3 11 5
3007 3 12 80
2768 3 12 74
1544 3 12 70
3162 3 12 63
1353 3 12 57
3348 3 12 49
2844 3 12 43
1081 3 12 36
4855 3 12 29
2667 3 12 24
4320 3 12 18
567 3 12 9
2361 3 12 3
4306 3 13 76
4958 3 13 69
3852 3 13 62
3002 3 13 57
2806 3 13 49
598 3 13 43
12 3 13 36
3945 3 13 29
469 3 13 24
3308 3 13 18
3963 3 13 8
4630 3 13 1
4230 3 14 74
61 3 14 70
4893 3 14 62
967 3 14 57
725 3 14 49
3542 3 14 42
1368 3 14 36
1508 3 14 29
4000 3 14 23
1533 3 14 18
3329 3 14 8
4623 3 14 1
4725 3 16 73
2293 3 16 67
1434 3 16 61
577 3 16 55
2040 3 16 49
2982 3 16 42
1002 3 16 36
710 3 16 29
3422 3 16 23
605 3 16 18
3181 3 16 8
2850 3 16 1
2309 3 17 64
4219 3 17 58
4494 3 17 52
3102 3 17 48
3294 3 17 42
904 3 17 36
636 3 17 29
2989 3 17 23
4902 3 17 17
980 3 17 11
3473 3 17 5
274 3 18 54
1056 3 18 47
1207 3 18 42
734 3 18 36
4099 3 18 28
22 3 18 23
4762 3 18 17
97 3 18 11
3407 3 18 5
3627 3 19 98
2425 3 19 94
3054 3 19 88
93 3 19 83
4287 3 19 79
3131 3 19 74
4949 3 19 69
3556 3 19 62
4111 3 19 56
2061 3 19 50
2091 3 19 45
3 3 19 37
3926 3 19 30
2661 3 19 25
574 3 19 17
4839 3 19 10
2757 3 19 5
2028 4 1 98
764 4 1 94
1811 4 1 88
3648 4 1 82
6 4 1 77
576 4 1 72
2975 4 1 65
2352 4 1 59
738 4 1 51
2470 4 1 45
3770 4 1 36
3156 4 1 28
3880 4 1 22
3225 4 1 15
2846 4 1 10
2607 4 1 5
4693 4 3 97
1059 4 3 93
53 4 3 89
4524 4 3 84
4390 4 3 77
187 4 3 72
2200 4 3 65
1882 4 3 59
302 4 3 51
1773 4 3 45
3101 4 3 36
2643 4 3 28
3454 4 3 22
432 4 3 15
2632 4 3 10
233 4 3 5
2563 4 5 97
4750 4 5 92
1151 4 5 86
1004 4 5 78
1008 4 5 70
4551 4 5 62
3671 4 5 56
1616 4 5 50
102 4 5 45
2342 4 5 36
2344 4 5 28
1960 4 5 22
412 4 5 15
1990 4 5 10
2226 4 5 4
4635 4 7 96
1376 4 7 92
4156 4 7 85
1664 4 7 79
256 4 7 74
2595 4 7 69
2829 4 7 62
2237 4 7 56
1361 4 7 50
4952 4 7 44
2117 4 7 38
140 4 7 32
3323 4 7 24
3087 4 7 18
2862 4 7 8
1696 4 7 1
1406 4 10 96
595 4 10 92
2251 4 10 85
2769 4 10 78
4790 4 10 69
1304 4 10 62
4937 4 10 55
513 4 10 49
1879 4 10 42
728 4 10 36
1632 4 10 28
1841 4 10 22
4758 4 10 14
3932 4 10 9
3985 4 10 2
3207 4 14 95
3419 4 14 89
2568 4 14 84
3900 4 14 77
4823 4 14 71
3303 4 14 64
3178 4 14 58
2436 4 14 52
2976 4 14 48
2972 4 14 42
4323 4 14 35
1536 4 14 31
4550 4 14 23
4482 4 14 17
4837 4 14 10
1142 4 14 4
2 4 16 95
3356 4 16 89
2824 4 16 83
846 4 16 79
4370 4 16 73
1441 4 16 67
1410 4 16 61
4278 4 16 54
953 4 16 47
3904 4 16 41
2409 4 16 36
1416 4 16 28
1245 4 16 22
4562 4 16 14
1792 4 16 9
3934 4 16 2
4589 5 5 94
360 5 5 88
2319 5 5 82
4653 5 5 76
4936 5 5 69
1024 5 5 62
4675 5 5 55
455 5 5 49
3837 5 5 41
4933 5 5 35
4009 5 5 30
420 5 5 25
3693 5 5 16
4155 5 5 10
1037 5 5 4
1832 5 16 94
4802 5 16 87
2179 5 16 78
3917 5 16 69
828 5 16 62
1122 5 16 55
4969 5 16 48
1678 5 16 42
4293 5 16 35
3365 5 16 30
769 5 16 24
736 5 16 18
3586 5 16 7
439 5 18 94
4617 5 18 87
1402 5 18 78
2364 5 18 69
4657 5 18 61
1991 5 18 54
3870 5 18 46
1512 5 18 41
3999 5 18 35
2410 5 18 30
4888 5 18 23
4388 5 18 17
3777 5 18 10
744 5 18 4
4873 5 19 93
4449 5 19 88
79 5 19 82
2289 5 19 76
4182 5 19 69
3397 5 19 61
1268 5 19 54
2910 5 19 46
183 5 19 41
658 5 19 35
2095 5 19 30
4457 5 19 23
4188 5 19 17
3334 5 19 10
3370 5 19 3
4687 6 0 93
3783 6 0 88
4834 6 0 81
4920 6 0 76
3244 6 0 69
1652 6 0 61
4070 6 0 53
4483 6 0 44
4928 6 0 37
3691 6 0 30
1947 6 0 23
2745 6 0 17
3224 6 0 10
2433 6 0 3
3443 6 1 93
2764 6 1 88
3833 6 1 80
1284 6 1 74
1471 6 1 69
552 6 1 61
2672 6 1 53
4427 6 1 44
1827 6 1 37
3024 6 1 30
1700 6 1 23
2297 6 1 17
1852 6 1 10
4477 6 1 2
4081 6 2 92
2245 6 2 85
138 6 2 78
1096 6 2 69
193 6 2 61
2177 6 2 53
4425 6 2 44
1263 6 2 37
2076 6 2 30
864 6 2 23
1514 6 2 17
823 6 2 10
2035 6 2 2
1825 6 4 92
1199 6 4 85
136 6 4 78
77 6 4 69
3302 6 4 60
1126 6 4 54
1583 6 4 46
4321 6 4 40
4189 6 4 34
3035 6 4 28
1762 6 4 21
4035 6 4 17
306 6 4 10
1651 6 4 2
1262 6 5 92
498 6 5 85
2774 6 5 77
4570 6 5 71
3061 6 5 64
521 6 5 58
1961 6 5 52
2462 6 5 48
4872 6 5 41
390 6 5 35
1874 6 5 30
841 6 5 23
1161 6 5 17
2969 6 5 9
1108 6 5 2
4712 6 8 91
2873 6 8 85
1309 6 8 77
3733 6 8 71
2700 6 8 64
435 6 8 58
1232 6 8 52
2244 6 8 48
4548 6 8 41
4632 6 8 34
1971 6 8 28
3623 6 8 20
2113 6 8 14
1516 6 8 9
739 6 8 2
4253 6 9 91
213 6 9 85
919 6 9 77
543 6 9 71
4785 6 9 63
1043 6 9 57
200 6 9 49
3725 6 9 41
3501 6 9 34
1925 6 9 28
2799 6 9 20
1494 6 9 14
853 6 9 9
4056 6 9 1
3728 6 10 91
4813 6 10 84
3478 6 10 77
4940 6 10 70
3459 6 10 62
4534 6 10 54
3158 6 10 45
2274 6 10 36
783 6 10 28
1899 6 10 20
4224 6 10 13
2486 6 10 7
7 6 11 91
1646 6 11 84
3369 6 11 77
3964 6 11 70
487 6 11 62
2168 6 11 54
2835 6 11 45
4073 6 11 35
4151 6 11 29
1878 6 11 23
759 6 11 17
959 6 11 9
3702 6 11 1
3388 6 13 90
602 6 13 86
3296 6 13 77
2809 6 13 70
4485 6 13 61
1850 6 13 53
3529 6 13 44
1166 6 13 37
1363 6 13 30
4759 6 13 22
3347 6 13 14
3528 6 13 8
963 6 13 1
3217 6 16 90
4175 6 16 85
3747 6 16 76
3113 6 16 69
3862 6 16 59
40 6 16 51
1753 6 16 45
3557 6 16 35
3986 6 16 29
291 6 16 23
4109 6 16 16
3842 6 16 10
1292 6 16 2
2794 6 18 90
3389 6 18 85
1462 6 18 76
2258 6 18 69
2253 6 18 59
4516 6 18 50
2615 6 18 44
839 6 18 37
854 6 18 30
4504 6 18 22
3159 6 18 14
2545 6 18 8
475 6 18 1
2626 6 19 90
1623 6 19 85
1234 6 19 76
851 6 19 69
2080 6 19 59
4332 6 19 50
485 6 19 44
371 6 19 37
16 6 19 30
4295 6 19 22
2016 6 19 14
1685 6 19 8
2183 7 2 90
4392 7 2 84
4776 7 2 76
642 7 2 69
1344 7 2 59
3022 7 2 50
2070 7 2 43
3666 7 2 35
3463 7 2 29
3712 7 2 22
647 7 2 14
1628 7 2 8
1346 7 4 90
4282 7 4 84
3601 7 4 76
167 7 4 69
3933 7 4 58
299 7 4 52
4588 7 4 47
2291 7 4 41
2772 7 4 34
1904 7 4 28
856 7 4 20
2084 7 4 13
1702 7 4 7
131 7 5 90
3058 7 5 84
1756 7 5 76
4194 7 5 68
4011 7 5 63
2762 7 5 56
146 7 5 50
1184 7 5 43
3652 7 5 35
1117 7 5 29
3228 7 5 22
3779 7 5 13
4878 7 5 6
4742 7 11 89
1941 7 11 83
4177 7 11 78
3757 7 11 68
4083 7 11 62
2079 7 11 54
2144 7 11 45
1983 7 11 35
4428 7 11 28
288 7 11 20
2043 7 11 13
2133 7 11 6
3467 7 13 89
4779 7 13 82
1278 7 13 76
1800 7 13 68
3970 7 13 62
1948 7 13 54
1452 7 13 45
613 7 13 35
4140 7 13 28
144 7 13 20
1979 7 13 13
1717 7 13 6
3203 7 16 89
4533 7 16 82
1264 7 16 76
1488 7 16 68
2494 7 16 62
1723 7 16 54
1282 7 16 45
4792 7 16 34
694 7 16 28
63 7 16 20
668 7 16 13
36 7 16 6
3974 7 18 88
3597 7 18 80
2536 7 18 73
4133 7 18 66
3215 7 18 60
3896 7 18 53
619 7 18 44
2907 7 18 36
599 7 18 27
2971 7 18 22
3668 7 18 13
4218 7 18 5
3146 8 1 88
3116 8 1 80
2841 8 1 72
757 8 1 65
1718 8 1 59
2767 8 1 50
192 8 1 42
1423 8 1 35
3922 8 1 28
4052 8 1 19
804 8 1 11
3034 8 1 5
4050 8 2 87
2261 8 2 77
1797 8 2 70
2724 8 2 61
1706 8 2 53
1739 8 2 43
1239 8 2 35
2627 8 2 28
3460 8 2 19
185 8 2 11
2589 8 2 5
1445 8 7 87
4509 8 7 76
3085 8 7 67
353 8 7 61
4115 8 7 52
3000 8 7 47
1688 8 7 41
2407 8 7 34
190 8 7 28
3312 8 7 19
4699 8 7 10
4389 8 7 1
1395 8 8 87
628 8 8 76
715 8 8 67
260 8 8 61
3537 8 8 52
2431 8 8 47
101 8 8 41
2210 8 8 34
2680 8 8 27
2962 8 8 22
3123 8 8 13
2934 8 8 5
3817 8 9 86
2158 8 9 77
1777 8 9 70
1721 8 9 61
2011 8 9 52
503 8 9 47
3265 8 9 40
3805 8 9 34
1380 8 9 26
1256 8 9 19
2744 8 9 10
3715 8 9 1
2636 8 10 85
656 8 10 76
2938 8 10 66
2495 8 10 60
1962 8 10 53
147 8 10 43
1188 8 10 35
196 8 10 28
3172 8 10 19
3513 8 10 9
3384 8 10 1
417 8 11 85
311 8 11 76
2516 8 11 66
2242 8 11 60
1605 8 11 53
4078 8 11 42
1302 8 11 35
4542 8 11 27
2399 8 11 22
2665 8 11 13
2754 8 11 5
266 8 13 85
99 8 13 76
442 8 13 66
1838 8 13 60
1400 8 13 53
2673 8 13 42
1297 8 13 35
4403 8 13 27
1597 8 13 22
1050 8 13 13
46 8 13 5
62 8 14 85
4731 8 14 75
4546 8 14 68
1092 8 14 62
539 8 14 54
781 8 14 45
3526 8 14 34
840 8 14 26
795 8 14 19
1349 8 14 9
1328 8 14 1
3923 8 16 84
1060 8 16 76
4846 8 16 65
1180 8 16 59
2518 8 16 50
114 8 16 42
1134 8 16 35
2592 8 16 27
902 8 16 22
514 8 16 13
2778 8 16 4
3591 8 18 83
3174 8 18 78
927 8 18 68
373 8 18 62
4741 8 18 53
620 8 18 42
2813 8 18 34
4129 8 18 25
2684 8 18 16
3756 8 18 10
2182 8 18 1
1683 9 1 83
1357 9 1 78
3070 9 1 67
3523 9 1 60
859 9 1 53
4492 9 1 41
1319 9 1 34
3865 9 1 25
1615 9 1 16
4171 9 1 9
1069 9 1 1
1461 9 2 83
161 9 2 78
2047 9 2 67
3349 9 2 60
1294 9 2 52
3980 9 2 46
3519 9 2 40
2372 9 2 34
3342 9 2 25
4634 9 2 15
1254 9 2 10
2155 9 2 1
515 9 4 83
4447 9 4 77
748 9 4 70
533 9 4 61
4948 9 4 51
4312 9 4 44
2848 9 4 36
4582 9 4 26
643 9 4 19
3318 9 4 8
1086 9 5 81
2538 9 5 76
3466 9 5 65
243 9 5 59
1032 9 5 50
11 9 5 42
4773 9 5 33
3859 9 5 25
1468 9 5 15
1173 9 5 10
1537 9 5 1
1785 9 6 80
4950 9 6 71
1880 9 6 63
962 9 6 56
4854 9 6 49
2743 9 6 41
706 9 6 34
482 9 6 25
633 9 6 15
284 9 6 10
499 9 6 1
4454 9 7 78
1672 9 7 67
2406 9 7 60
1094 9 7 52
3608 9 7 46
230 9 7 40
3446 9 7 33
3600 9 7 25
4622 9 7 14
1285 9 7 8
2429 9 8 76
1379 9 8 65
4967 9 8 58
3924 9 8 51
4198 9 8 44
2810 9 8 36
4544 9 8 26
4062 9 8 18
3393 9 8 7
1270 9 9 76
2249 9 9 64
4286 9 9 57
52 9 9 49
1604 9 9 41
4761 9 9 33
3259 9 9 25
4308 9 9 14
921 9 9 8
2055 9 10 68
4628 9 10 61
2323 9 10 51
3679 9 10 44
2753 9 10 36
2946 9 10 26
4294 9 10 17
766 9 10 9
1591 9 11 96
4818 9 11 91
985 9 11 84
590 9 11 76
1088 9 11 64
3592 9 11 57
2779 9 11 48
1930 9 11 41
2388 9 11 33
462 9 11 25
2748 9 11 12
4038 9 11 4
3736 10 1 95
3330 10 1 89
3292 10 1 82
580 10 1 76
879 10 1 64
1862 10 1 57
1593 10 1 48
1869 10 1 41
1709 10 1 33
4093 10 1 24
105 10 1 18
3359 10 1 7
3695 10 2 95
3315 10 2 89
2544 10 2 82
403 10 2 76
304 10 2 64
1412 10 2 57
1500 10 2 48
1118 10 2 41
1129 10 2 33
3005 10 2 24
4417 10 2 17
2584 10 2 8
2549 10 11 95
3082 10 11 89
2389 10 11 82
3780 10 11 75
4513 10 11 68
4563 10 11 61
1618 10 11 51
3762 10 11 43
2801 10 11 34
4064 10 11 24
2515 10 11 17
1802 10 11 8
1870 10 13 95
2446 10 13 89
1816 10 13 82
3778 10 13 75
2262 10 13 68
4123 10 13 61
4421 10 13 50
3649 10 13 41
467 10 13 33
2613 10 13 24
2199 10 13 17
1733 10 13 8
722 10 15 95
2094 10 15 89
4335 10 15 81
2520 10 15 76
4811 10 15 63
788 10 15 56
4042 10 15 49
2092 10 15 40
2216 10 15 33
1518 10 15 24
1558 10 15 17
92 10 15 8
4515 11 1 94
4301 11 1 87
98 11 1 76
805 11 1 63
262 11 1 56
3247 11 1 49
930 11 1 40
1845 11 1 33
3952 11 1 23
3940 11 1 16
2081 11 1 9
2012 11 2 94
3958 11 2 87
96 11 2 76
564 11 2 62
4705 11 2 53
3135 11 2 41
348 11 2 33
3195 11 2 23
2867 11 2 16
449 11 2 9
1619 11 4 94
3913 11 4 87
4340 11 4 75
1089 11 4 68
3552 11 4 61
4339 11 4 50
2987 11 4 41
731 11 4 32
2588 11 4 24
4102 11 4 16
719 11 4 8
1130 11 5 94
2791 11 5 87
2950 11 5 75
829 11 5 68
3271 11 5 61
4206 11 5 50
2447 11 5 41
351 11 5 32
2194 11 5 24
3644 11 5 16
119 11 5 8
4783 11 6 93
2173 11 6 88
3073 11 6 80
4781 11 6 71
4738 11 6 62
4055 11 6 53
654 11 6 41
4028 11 6 31
2683 11 6 23
27 11 6 16
3743 11 6 7
3689 11 7 93
2058 11 7 88
2580 11 7 80
2202 11 7 71
3527 11 7 62
2218 11 7 53
484 11 7 41
3655 11 7 31
2357 11 7 23
4003 11 7 14
518 11 7 8
2666 11 8 93
1677 11 8 88
1206 11 8 80
973 11 8 71
1114 11 8 62
2024 11 8 53
2838 11 8 40
4682 11 8 32
1926 11 8 24
2006 11 8 16
4599 11 8 6
1812 11 9 93
4716 11 9 87
1686 11 9 75
4 11 9 68
3205 11 9 61
1150 11 9 50
4168 11 9 40
4598 11 9 32
4046 11 9 23
1467 11 9 14
4616 11 9 7
3538 11 10 92
3840 11 10 84
4703 11 10 75
4501 11 10 67
1025 11 10 60
82 11 10 52
3453 11 10 46
4833 11 10 39
920 11 10 33
1230 11 10 23
957 11 10 14
1975 11 10 6
2659 11 11 92
3339 11 11 84
2961 11 11 75
2668 11 11 67
493 11 11 60
4473 11 11 51
3660 11 11 43
2175 11 11 34
3611 11 11 24
611 11 11 16
4461 11 11 6
4398 11 13 91
1689 11 13 83
3841 11 13 76
78 11 13 62
1705 11 13 53
1633 11 13 40
4344 11 13 32
3661 11 13 23
679 11 13 14
4154 11 13 5
3567 11 15 91
878 11 15 83
2505 11 15 76
4385 11 15 61
1084 11 15 50
457 11 15 40
3057 11 15 32
3604 11 15 23
4680 11 15 13
1169 11 15 4
2678 11 17 91
771 11 17 83
2046 11 17 76
1877 11 17 61
3993 11 17 49
817 11 17 40
880 11 17 32
2298 11 17 23
4378 11 17 13
381 11 17 4
2017 11 18 91
372 11 18 83
1429 11 18 76
4292 11 18 60
787 11 18 51
2702 11 18 43
3674 11 18 33
937 11 18 23
4309 11 18 13
4718 11 18 3
1214 11 19 91
169 11 19 83
983 11 19 76
945 11 19 60
2859 11 19 50
210 11 19 40
116 11 19 32
1921 11 19 23
2981 11 19 13
2990 11 19 3
4849 12 15 90
2944 12 15 84
1824 12 15 75
1111 12 15 67
211 12 15 60
1856 12 15 50
4080 12 15 39
507 12 15 33
4577 12 15 22
13 12 15 13
2074 12 15 3
3375 12 17 90
2879 12 17 84
3018 12 17 74
913 12 17 69
2335 12 17 58
2780 12 17 51
4065 12 17 42
3343 12 17 33
4117 12 17 22
2189 12 17 12
3884 12 17 4
2657 12 18 90
2598 12 18 84
2004 12 18 74
3280 12 18 68
2416 12 18 61
3268 12 18 49
2775 12 18 39
3754 12 18 32
1876 12 18 23
2709 12 18 13
4861 12 18 2
1858 12 19 90
1804 12 19 84
684 12 19 74
2802 12 19 68
1526 12 19 61
2860 12 19 49
509 12 19 39
2284 12 19 32
1172 12 19 23
2059 12 19 13
1805 12 19 2
3871 13 1 89
4030 13 1 81
2132 13 1 76
4476 13 1 59
4004 13 1 49
132 13 1 39
2236 13 1 32
4892 13 1 22
4074 13 1 11
421 13 1 5
3829 13 2 89
2336 13 2 81
4644 13 2 75
1079 13 2 67
3064 13 2 59
3585 13 2 49
4465 13 2 37
4418 13 2 29
2371 13 2 22
3243 13 2 11
4585 13 2 4
3175 13 3 89
4614 13 3 80
831 13 3 71
685 13 3 62
785 13 3 53
1215 13 3 40
3745 13 3 31
2346 13 3 23
1720 13 3 13
1415 13 3 2
1474 13 5 89
4288 13 5 80
355 13 5 71
4681 13 5 61
4721 13 5 48
331 13 5 41
3150 13 5 31
1219 13 5 23
4944 13 5 12
2918 13 5 4
724 13 7 89
3618 13 7 80
4719 13 7 70
3698 13 7 60
1427 13 7 50
1007 13 7 39
3275 13 7 31
468 13 7 23
3885 13 7 12
882 13 7 4
3550 13 9 88
4951 13 9 79
3367 13 9 73
3535 13 9 66
1513 13 9 60
969 13 9 50
4114 13 9 38
4895 13 9 31
4054 13 9 22
2926 13 9 11
4420 13 9 4
2610 13 10 88
1986 13 10 79
1626 13 10 73
4963 13 10 65
4110 13 10 58
2625 13 10 51
2069 13 10 42
1952 13 10 33
3177 13 10 22
2156 13 10 11
3816 13 10 4
1100 13 11 88
522 13 11 78
2800 13 11 66
4066 13 11 59
3421 13 11 49
3907 13 11 37
898 13 11 29
871 13 11 22
2001 13 11 10
510 13 12 87
863 13 12 75
4299 13 12 66
3273 13 12 59
1146 13 12 49
3126 13 12 37
662 13 12 29
627 13 12 22
648 13 12 10
505 13 13 87
790 13 13 75
3953 13 13 66
2313 13 13 59
789 13 13 49
2089 13 13 37
3234 13 13 28
1813 13 13 19
2620 13 13 8
4130 13 15 86
702 13 15 77
374 13 15 70
2526 13 15 60
4845 13 15 49
2034 13 15 37
3010 13 15 28
1635 13 15 19
4913 13 15 7
3806 14 3 86
4909 14 3 75
3003 14 3 66
2311 14 3 59
635 14 3 49
1107 14 3 37
2731 14 3 28
1038 14 3 19
1963 14 3 7
3223 14 5 86
4359 14 5 75
4594 14 5 65
3171 14 5 58
2247 14 5 51
1210 14 5 42
1097 14 5 33
1422 14 5 22
60 14 5 10
2423 14 7 86
3650 14 7 75
2682 14 7 65
1546 14 7 58
3109 14 7 50
3239 14 7 38
3490 14 7 31
3854 14 7 22
3100 14 7 9
1028 14 8 86
1993 14 8 75
2587 14 8 65
4433 14 8 57
1386 14 8 48
223 14 8 41
1541 14 8 31
821 14 8 22
4910 14 8 8
4876 14 9 84
4962 14 9 73
4499 14 9 65
3241 14 9 57
300 14 9 48
4462 14 9 40
3414 14 9 31
534 14 9 22
3076 14 9 7
4795 14 10 84
4683 14 10 73
3206 14 10 65
1205 14 10 57
4763 14 10 47
1073 14 10 39
1599 14 10 31
4443 14 10 21
1455 14 10 17
4941 14 10 7
3516 14 11 84
3653 14 11 72
690 14 11 65
4543 14 11 56
2310 14 11 49
188 14 11 37
2124 14 11 28
341 14 11 19
1585 14 11 7
3461 14 12 84
2939 14 12 72
4591 14 12 64
4273 14 12 56
2075 14 12 49
3410 14 12 36
4887 14 12 25
85 14 12 12
651 14 12 4
3325 14 15 84
2884 14 15 72
4387 14 15 64
4263 14 15 56
4498 14 15 48
4034 14 15 40
1023 14 15 31
3103 14 15 21
349 14 15 17
1780 14 15 7
914 14 16 84
1042 14 16 72
3435 14 16 64
2992 14 16 56
2644 14 16 48
2152 14 16 40
4812 14 16 30
4146 14 16 22
301 14 16 6
229 14 17 84
693 14 17 72
1033 14 17 64
2808 14 17 56
2341 14 17 48
1147 14 17 40
4347 14 17 30
4441 14 17 21
4371 14 17 16
4208 14 17 6
2479 14 18 83
616 14 18 76
3987 14 18 58
1305 14 18 50
2083 14 18 38
1819 14 18 31
2317 14 18 21
3107 14 18 16
3590 14 18 6
365 14 19 83
4036 14 19 75
2400 14 19 65
3269 14 19 56
814 14 19 48
1766 14 19 39
517 14 19 31
1428 14 19 21
2358 14 19 16
1935 14 19 6
2459 15 0 82
3763 15 0 75
1470 15 0 65
1076 15 0 56
232 15 0 48
810 15 0 39
399 15 0 31
4290 15 0 19
883 15 0 7
4217 15 1 81
1976 15 1 75
3935 15 1 64
2510 15 1 56
3251 15 1 47
2759 15 1 38
733 15 1 31
4651 15 1 18
3290 15 1 7
3738 15 2 80
3351 15 2 70
1036 15 2 60
3802 15 2 49
2903 15 2 36
4239 15 2 25
2044 15 2 11
2499 15 2 4
4032 15 3 79
4927 15 3 72
718 15 3 64
2837 15 3 55
3140 15 3 48
809 15 3 39
3740 15 3 30
3928 15 3 21
443 15 3 16
4658 15 3 5
2259 15 5 79
4435 15 5 72
149 15 5 64
2617 15 5 55
997 15 5 48
3957 15 5 38
4826 15 5 30
3238 15 5 21
2109 15 5 15
4629 15 5 9
4821 15 7 76
1596 15 7 58
671 15 7 50
2036 15 7 38
2369 15 7 30
2852 15 7 21
1931 15 7 15
4362 15 7 9
875 15 8 74
1266 15 8 68
1365 15 8 61
4319 15 8 48
2980 15 8 38
2365 15 8 30
2370 15 8 21
4838 15 8 14
1356 15 8 5
952 15 12 73
2727 15 12 65
827 15 12 56
2393 15 12 47
1668 15 12 38
1540 15 12 30
1708 15 12 21
4500 15 12 14
4444 15 12 4
1524 15 13 71
2128 15 13 61
3839 15 13 48
2675 15 13 38
4957 15 13 29
524 15 13 22
2366 15 13 5
2714 16 0 66
681 16 0 59
4765 16 0 48
2201 16 0 38
1281 16 0 29
151 16 0 22
1647 16 0 5
3298 16 5 93
2790 16 5 87
2057 16 5 74
696 16 5 68
4365 16 5 60
1667 16 5 49
632 16 5 36
3276 16 5 25
3847 16 5 10
3067 16 7 93
1046 16 7 87
279 16 7 74
500 16 7 68
3919 16 7 60
2275 16 7 48
1684 16 7 38
1039 16 7 29
600 16 7 21
3167 16 7 14
3164 16 7 4
2765 16 8 93
3496 16 8 86
159 16 8 75
3772 16 8 64
1372 16 8 55
955 16 8 48
1241 16 8 38
4529 16 8 28
4108 16 8 18
2329 16 8 7
392 16 15 93
3449 16 15 86
2102 16 15 74
4879 16 15 67
1531 16 15 59
4336 16 15 48
2967 16 15 37
3836 16 15 27
3636 16 15 21
2484 16 15 14
2053 16 15 4
4640 16 17 92
835 16 17 84
570 16 17 72
3853 16 17 63
3144 16 17 55
4610 16 17 47
1565 16 17 38
1477 16 17 28
3968 16 17 18
1287 16 17 6
2519 16 18 92
3624 16 18 83
3808 16 18 75
2573 16 18 64
593 16 18 55
2019 16 18 47
4708 16 18 37
3465 16 18 27
2899 16 18 21
452 16 18 14
999 16 18 4
2424 16 19 92
3506 16 19 83
2412 16 19 75
1320 16 19 64
48 16 19 55
746 16 19 47
4689 16 19 37
2320 16 19 27
2211 16 19 21
434 16 19 14
4700 16 19 3
2384 17 0 92
3430 17 0 83
3718 17 0 74
4118 17 0 67
989 17 0 59
2176 17 0 48
2381 17 0 37
2049 17 0 27
1665 17 0 21
328 17 0 14
4044 17 0 3
2278 17 2 92
1989 17 2 83
4283 17 2 73
2443 17 2 65
112 17 2 56
1442 17 2 47
2706 17 2 37
1155 17 2 27
1493 17 2 21
4554 17 2 13
289 17 2 2
1057 17 3 92
1521 17 3 83
2855 17 3 73
4276 17 3 64
4251 17 3 54
346 17 3 45
3263 17 3 34
2782 17 3 24
4491 17 3 15
3753 17 3 9
1738 17 5 91
4848 17 5 82
4210 17 5 74
3104 17 5 67
4002 17 5 58
4397 17 5 49
171 17 5 36
3161 17 5 25
3536 17 5 10
1227 17 7 91
3776 17 7 82
2722 17 7 74
2729 17 7 67
2896 17 7 58
3555 17 7 49
4227 17 7 35
4819 17 7 26
4261 17 7 17
4026 17 7 6
1091 17 8 91
3686 17 8 82
965 17 8 74
4197 17 8 66
305 17 8 59
657 17 8 48
782 17 8 37
237 17 8 27
316 17 8 21
4456 17 8 13
3088 17 8 1
867 17 10 91
3503 17 10 82
4649 17 10 73
3589 17 10 64
124 17 10 54
4512 17 10 44
2730 17 10 36
2359 17 10 25
3286 17 10 10
3324 17 11 90
1699 17 11 84
1063 17 11 71
2111 17 11 61
3792 17 11 48
370 17 11 37
489 17 11 26
1419 17 11 17
3368 17 11 6
3130 17 13 90
1669 17 13 84
4621 17 13 70
309 17 13 60
4438 17 13 47
1275 17 13 37
261 17 13 26
286 17 13 17
3420 17 13 5
2379 17 15 90
1622 17 15 84
1348 17 15 70
4825 17 15 59
1581 17 15 47
120 17 15 36
1140 17 15 25
290 17 15 10
786 17 17 90
1569 17 17 84
87 17 17 70
4643 17 17 59
1479 17 17 47
2805 17 17 35
3157 17 17 26
4057 17 17 16
4258 17 17 4
3378 17 18 89
3285 17 18 80
3105 17 18 70
3882 17 18 59
1472 17 18 47
2532 17 18 35
2174 17 18 26
271 17 18 16
2955 17 18 4
2277 17 19 89
1260 17 19 80
2973 17 19 70
1830 17 19 59
252 17 19 47
94 17 19 35
1826 17 19 26
2818 17 19 15
3532 17 19 9
152 18 0 89
802 18 0 80
1052 18 0 70
10 18 0 59
2875 18 0 46
2995 18 0 39
3599 18 0 30
2897 18 0 20
3916 18 0 12
2112 18 0 3
137 18 2 89
2188 18 2 79
4250 18 2 72
3291 18 2 63
3120 18 2 55
205 18 2 47
4037 18 2 34
1014 18 2 24
4448 18 2 15
3883 18 2 8
4502 18 3 88
460 18 3 78
1648 18 3 66
4142 18 3 58
3374 18 3 49
1834 18 3 35
235 18 3 26
2045 18 3 15
4202 18 3 7
1417 18 5 88
4956 18 5 77
4304 18 5 69
2198 18 5 58
2018 18 5 49
3717 18 5 34
4442 18 5 23
433 18 5 12
1451 18 5 3
825 18 8 88
1673 18 8 77
1853 18 8 69
2148 18 8 58
895 18 8 49
2688 18 8 34
3643 18 8 23
4740 18 8 11
1786 18 8 4
544 18 10 88
1505 18 10 77
4869 18 10 68
54 18 10 60
3768 18 10 47
2487 18 10 34
3198 18 10 23
3363 18 10 10
4474 18 11 87
2440 18 11 73
3230 18 11 64
4029 18 11 53
947 18 11 40
3534 18 11 30
2086 18 11 20
1383 18 11 12
592 18 11 3
3921 18 13 87
2303 18 13 73
2849 18 13 64
1374 18 13 53
4330 18 13 39
1748 18 13 30
2110 18 13 19
4715 18 13 6
3328 18 15 87
2295 18 15 73
2020 18 15 64
1482 18 15 52
3317 18 15 46
1674 18 15 39
1054 18 15 30
4139 18 15 18
4603 18 15 5
1761 19 0 87
3288 19 0 72
2137 19 0 63
3092 19 0 55
3981 19 0 46
1022 19 0 39
630 19 0 30
1554 19 0 18
318 19 0 5
1691 19 2 87
3289 19 2 71
4841 19 2 60
2497 19 2 47
2403 19 2 34
3168 19 2 23
2951 19 2 10
1440 19 3 87
1327 19 3 71
4005 19 3 60
2781 19 3 46
3856 19 3 38
3354 19 3 27
191 19 3 21
1570 19 3 13
2512 19 3 1
842 19 5 87
1603 19 5 67
2098 19 5 58
173 19 5 49
2225 19 5 34
2493 19 5 23
1067 19 5 10
4774 19 6 86
1511 19 6 74
4170 19 6 66
3469 19 6 58
3758 19 6 48
201 19 6 37
3893 19 6 25
3472 19 6 9
3835 19 7 86
254 19 7 74
2331 19 7 66
310 19 7 58
1864 19 7 48
3587 19 7 36
758 19 7 25
2797 19 7 9
2488 19 8 86
4424 19 8 73
1068 19 8 64
1394 19 8 52
2793 19 8 46
3546 19 8 38
2509 19 8 27
4901 19 8 20
1167 19 8 12
130 19 8 3
4672 19 10 85
2740 19 10 75
571 19 10 64
931 19 10 52
2569 19 10 46
2130 19 10 38
1842 19 10 27
4576 19 10 20
3299 19 10 11
1478 19 10 4
1969 19 11 85
2165 19 11 75
446 19 11 64
917 19 11 52
4896 19 11 45
1992 19 11 34
4663 19 11 22
791 19 11 5
4633 19 13 84
3873 19 13 69
37 19 13 58
778 19 13 48
4484 19 13 35
174 19 13 26
1872 19 13 15
3208 19 13 7
1895 19 15 84
1110 19 15 69
4256 19 15 57
3844 19 15 47
1225 19 15 34
4446 19 15 22
502 19 15 5
4212 19 16 83
2082 19 16 73
2021 19 16 63
281 19 16 55
3901 19 16 46
1823 19 16 38
506 19 16 27
4905 19 16 19
4553 19 16 6
3091 19 17 83
1393 19 17 73
80 19 17 63
3578 19 17 54
3014 19 17 44
2697 19 17 36
3990 19 17 24
3432 19 17 15
2641 19 17 7
3804 19 18 82
4596 19 18 73
2418 19 18 61
3742 19 18 48
3628 19 18 35
4757 19 18 25
3704 19 18 8
3521 19 19 82
3095 19 19 73
2282 19 19 61
3255 19 19 48
4522 19 19 34
2752 19 19 22
2219 19 19 4
