2348
2105 0 0 97
3602 0 0 93
734 0 0 91
1919 0 0 88
592 0 0 85
3357 0 0 82
1167 0 0 79
3827 0 0 76
2516 0 0 72
3143 0 0 68
3005 0 0 63
3512 0 0 60
3141 0 0 57
3806 0 0 54
2672 0 0 51
397 0 0 48
3460 0 0 44
3412 0 0 41
1541 0 0 36
3406 0 0 32
1198 0 0 29
739 0 0 26
3616 0 0 22
3875 0 0 18
513 0 0 14
3751 0 0 12
2220 0 0 9
94 0 0 5
2466 0 0 1
2072 0 1 97
423 0 1 92
3229 0 1 88
3593 0 1 84
879 0 1 82
280 0 1 79
544 0 1 76
1226 0 1 72
3642 0 1 67
3632 0 1 63
2029 0 1 59
1979 0 1 56
429 0 1 54
1356 0 1 49
2745 0 1 45
777 0 1 43
1766 0 1 41
1373 0 1 36
1794 0 1 32
910 0 1 29
2235 0 1 25
420 0 1 22
288 0 1 18
408 0 1 14
1058 0 1 11
3518 0 1 7
3361 0 1 3
908 0 2 97
3684 0 2 91
3592 0 2 87
3088 0 2 83
2294 0 2 81
2341 0 2 79
3848 0 2 75
2218 0 2 72
1259 0 2 67
3555 0 2 63
3333 0 2 58
2616 0 2 55
2132 0 2 51
1531 0 2 47
1542 0 2 44
682 0 2 41
618 0 2 36
448 0 2 32
1592 0 2 28
2885 0 2 24
2338 0 2 22
3522 0 2 17
1619 0 2 14
2184 0 2 10
2300 0 2 7
3099 0 2 3
452 0 3 97
1342 0 3 91
2881 0 3 87
2577 0 3 83
1404 0 3 80
3517 0 3 77
2523 0 3 75
1431 0 3 71
3075 0 3 68
1892 0 3 63
2602 0 3 58
1700 0 3 54
921 0 3 49
3469 0 3 44
2442 0 3 40
3782 0 3 36
3432 0 3 31
258 0 3 27
2467 0 3 25
33 0 3 22
235 0 3 17
431 0 3 14
2711 0 3 9
3392 0 3 4
1804 0 3 1
3163 0 4 96
3312 0 4 93
1155 0 4 90
326 0 4 88
3093 0 4 84
743 0 4 81
2488 0 4 76
1380 0 4 71
3241 0 4 67
3226 0 4 63
2130 0 4 58
2846 0 4 53
3205 0 4 50
1446 0 4 48
239 0 4 44
1576 0 4 40
3815 0 4 35
3625 0 4 32
2179 0 4 27
1461 0 4 25
3158 0 4 21
3764 0 4 18
20 0 4 14
1444 0 4 9
1255 0 4 4
2228 0 5 96
2099 0 5 92
1449 0 5 88
2138 0 5 84
492 0 5 81
2357 0 5 76
233 0 5 71
266 0 5 67
457 0 5 63
3768 0 5 57
2416 0 5 54
2457 0 5 47
3012 0 5 43
351 0 5 40
2675 0 5 35
229 0 5 31
655 0 5 26
2935 0 5 22
2327 0 5 16
2332 0 5 14
3750 0 5 8
3831 0 5 5
1025 0 5 1
1898 0 6 96
617 0 6 92
1326 0 6 88
978 0 6 84
3627 0 6 80
1448 0 6 77
3304 0 6 74
1111 0 6 71
2013 0 6 66
2264 0 6 62
3283 0 6 58
2501 0 6 53
1116 0 6 49
3523 0 6 43
1216 0 6 39
3484 0 6 36
2835 0 6 31
3365 0 6 25
2781 0 6 21
3232 0 6 16
3648 0 6 11
935 0 6 7
134 0 6 3
432 0 7 96
3164 0 7 91
1486 0 7 87
2016 0 7 83
516 0 7 79
623 0 7 75
1022 0 7 71
1599 0 7 66
751 0 7 62
1850 0 7 58
628 0 7 53
3861 0 7 48
2685 0 7 43
547 0 7 39
1791 0 7 36
2551 0 7 31
3217 0 7 25
253 0 7 21
1081 0 7 16
395 0 7 11
3374 0 7 6
2399 0 7 4
1415 0 8 95
2656 0 8 91
2534 0 8 86
1000 0 8 83
3636 0 8 78
3717 0 8 75
967 0 8 71
2506 0 8 65
2646 0 8 63
1957 0 8 57
3635 0 8 53
3503 0 8 48
1747 0 8 43
417 0 8 39
1323 0 8 34
1057 0 8 32
1277 0 8 27
794 0 8 24
3492 0 8 20
3501 0 8 17
139 0 8 14
1201 0 8 8
3829 0 8 4
1296 0 9 95
1697 0 9 91
1292 0 9 85
3094 0 9 81
596 0 9 76
3797 0 9 70
2954 0 9 67
3430 0 9 62
1699 0 9 57
2059 0 9 53
3444 0 9 48
1702 0 9 43
3629 0 9 38
1940 0 9 35
2615 0 9 30
505 0 9 27
2486 0 9 23
2512 0 9 19
712 0 9 16
3515 0 9 10
3091 0 9 5
864 0 10 95
3640 0 10 90
3303 0 10 87
1016 0 10 83
1015 0 10 78
1044 0 10 75
383 0 10 71
2405 0 10 65
1102 0 10 62
1059 0 10 57
3465 0 10 52
2699 0 10 49
2617 0 10 43
3122 0 10 38
2562 0 10 34
2792 0 10 31
2828 0 10 25
2741 0 10 20
3401 0 10 16
3055 0 10 10
2810 0 10 5
31 0 11 95
1492 0 11 90
2822 0 11 87
913 0 11 83
795 0 11 78
1162 0 11 74
1091 0 11 70
2666 0 11 67
1572 0 11 62
2310 0 11 56
1667 0 11 53
1177 0 11 47
2092 0 11 43
2142 0 11 38
2333 0 11 34
3696 0 11 30
196 0 11 27
1414 0 11 23
3514 0 11 18
2661 0 11 13
1636 0 11 10
1194 0 11 5
3033 0 12 94
3747 0 12 92
442 0 12 88
2879 0 12 83
529 0 12 78
238 0 12 74
855 0 12 69
1854 0 12 65
3559 0 12 61
1991 0 12 59
1251 0 12 56
1560 0 12 52
2014 0 12 48
236 0 12 43
1739 0 12 38
468 0 12 34
2910 0 12 30
1287 0 12 26
3554 0 12 21
2684 0 12 15
2111 0 12 13
3838 0 12 8
3584 0 12 4
2261 0 13 94
2554 0 13 91
3865 0 13 84
3359 0 13 80
753 0 13 77
1821 0 13 74
453 0 13 69
1567 0 13 65
2971 0 13 61
860 0 13 59
1199 0 13 56
1445 0 13 52
1897 0 13 48
3156 0 13 42
3611 0 13 39
276 0 13 32
943 0 13 27
3662 0 13 22
1471 0 13 16
2337 0 13 10
664 0 13 5
695 0 14 94
3259 0 14 90
2448 0 14 87
3370 0 14 82
1752 0 14 78
2980 0 14 73
1246 0 14 70
366 0 14 67
1210 0 14 62
1732 0 14 55
1756 0 14 51
2679 0 14 46
3812 0 14 42
162 0 14 38
3551 0 14 33
1896 0 14 29
1830 0 14 25
2623 0 14 20
2295 0 14 16
3183 0 14 9
1018 0 14 4
476 0 15 94
1614 0 15 90
2321 0 15 87
1871 0 15 82
2020 0 15 77
2479 0 15 73
591 0 15 70
3655 0 15 66
715 0 15 62
1623 0 15 55
2456 0 15 50
2122 0 15 46
3705 0 15 41
690 0 15 35
1587 0 15 30
368 0 15 26
1144 0 15 21
2581 0 15 15
380 0 15 12
2854 0 15 8
2240 0 15 4
1949 0 16 93
230 0 16 90
1252 0 16 86
2769 0 16 82
2186 0 16 76
3339 0 16 70
3396 0 16 66
436 0 16 62
3530 0 16 54
1505 0 16 47
1052 0 16 43
3519 0 16 37
3621 0 16 34
1691 0 16 30
187 0 16 26
1107 0 16 21
974 0 16 15
2984 0 16 11
557 0 16 6
1089 0 16 2
3043 0 17 92
2226 0 17 87
185 0 17 82
1909 0 17 76
3147 0 17 70
3344 0 17 66
3852 0 17 61
1399 0 17 58
765 0 17 52
1847 0 17 48
2653 0 17 42
1463 0 17 37
3811 0 17 33
1485 0 17 29
416 0 17 25
254 0 17 20
2195 0 17 16
3066 0 17 9
2206 0 17 3
2964 0 18 92
1837 0 18 86
1011 0 18 82
1353 0 18 76
2007 0 18 70
3266 0 18 66
1555 0 18 61
2422 0 18 57
2976 0 18 52
679 0 18 48
2447 0 18 42
127 0 18 37
3294 0 18 33
470 0 18 29
394 0 18 25
3368 0 18 19
3341 0 18 14
841 0 18 8
3535 0 18 3
724 0 19 92
3620 0 19 85
2991 0 19 81
58 0 19 76
1734 0 19 70
2443 0 19 66
906 0 19 61
1054 0 19 57
2756 0 19 52
2718 0 19 47
2875 0 19 42
2774 0 19 36
1175 0 19 31
789 0 19 25
2539 0 19 19
2197 0 19 14
629 0 19 8
3405 0 19 3
3491 2 1 91
2977 2 1 83
167 2 1 78
1820 2 1 73
215 2 1 70
3016 2 1 65
2768 2 1 60
404 2 1 57
392 2 1 52
2307 2 1 47
2204 2 1 42
1557 2 1 36
297 2 1 31
3414 2 1 24
2968 2 1 20
555 2 1 15
1644 2 1 11
1788 2 1 5
2564 2 2 91
1822 2 2 83
3630 2 2 77
833 2 2 73
2800 2 2 69
956 2 2 65
1377 2 2 60
1304 2 2 56
117 2 2 52
1597 2 2 47
2660 2 2 41
217 2 2 35
627 2 2 30
3242 2 2 25
786 2 2 18
2430 2 2 13
565 2 2 8
1264 2 2 3
2085 2 3 91
2133 2 3 82
184 2 3 76
654 2 3 70
2573 2 3 65
325 2 3 60
1327 2 3 55
2006 2 3 50
1506 2 3 46
2937 2 3 41
2689 2 3 34
1048 2 3 30
1361 2 3 25
77 2 3 18
1436 2 3 13
327 2 3 8
657 2 3 3
1809 2 5 91
1498 2 5 82
113 2 5 76
637 2 5 70
666 2 5 64
3654 2 5 62
1843 2 5 54
754 2 5 47
2141 2 5 41
1944 2 5 34
3594 2 5 29
3145 2 5 24
2989 2 5 19
2043 2 5 14
2 2 5 8
563 2 5 3
204 2 6 91
1694 2 6 80
1610 2 6 76
98 2 6 70
137 2 6 64
904 2 6 61
878 2 6 57
237 2 6 52
1537 2 6 47
901 2 6 41
2701 2 6 33
34 2 6 29
2563 2 6 24
2585 2 6 19
3176 2 6 13
3715 2 6 7
338 2 6 2
3328 2 7 90
2366 2 7 85
3334 2 7 80
820 2 7 76
3246 2 7 69
334 2 7 65
2172 2 7 59
809 2 7 55
1496 2 7 50
3534 2 7 45
1923 2 7 42
1299 2 7 36
2203 2 7 30
3291 2 7 24
1865 2 7 19
2465 2 7 13
1221 2 7 7
2217 2 7 1
129 2 8 90
1133 2 8 85
3039 2 8 80
2687 2 8 75
2806 2 8 70
3073 2 8 63
3221 2 8 54
449 2 8 47
514 2 8 41
1435 2 8 33
3778 2 8 28
1232 2 8 24
2629 2 8 18
756 2 8 13
2296 2 8 6
3613 2 8 1
1720 2 9 89
1454 2 9 86
2427 2 9 81
3171 2 9 75
71 2 9 70
1211 2 9 63
2948 2 9 54
3386 2 9 46
2435 2 9 40
1209 2 9 35
1627 2 9 29
3052 2 9 23
3063 2 9 18
3541 2 9 12
3201 2 9 7
1131 2 9 1
1554 2 10 89
1330 2 10 86
938 2 10 81
3023 2 10 75
3447 2 10 69
3502 2 10 64
3255 2 10 60
3773 2 10 54
3376 2 10 46
1306 2 10 40
992 2 10 35
3836 2 10 28
3084 2 10 23
1851 2 10 18
1549 2 10 12
723 2 10 7
1907 2 10 1
319 2 12 88
2015 2 12 83
3331 2 12 77
443 2 12 73
2606 2 12 69
275 2 12 64
2808 2 12 60
3254 2 12 54
2369 2 12 46
3199 2 12 39
81 2 12 32
914 2 12 27
3204 2 12 22
3542 2 12 15
987 2 12 11
1374 2 12 5
3792 2 13 87
3041 2 13 81
926 2 13 75
2494 2 13 69
209 2 13 64
2148 2 13 59
3441 2 13 54
161 2 13 46
1535 2 13 39
3854 2 13 31
2997 2 13 24
1566 2 13 18
1205 2 13 12
1347 2 13 6
1241 2 14 87
2805 2 14 81
697 2 14 75
1612 2 14 69
2071 2 14 63
1624 2 14 54
464 2 14 45
3645 2 14 41
1365 2 14 33
2598 2 14 28
2548 2 14 23
3536 2 14 17
3589 2 14 13
1826 2 14 6
851 2 15 87
363 2 15 81
2799 2 15 74
3324 2 15 68
735 2 15 63
2821 2 15 53
3763 2 15 46
634 2 15 39
2106 2 15 31
2335 2 15 24
898 2 15 18
1181 2 15 11
883 2 15 5
1441 2 17 86
3008 2 17 80
1988 2 17 75
350 2 17 69
1838 2 17 63
2739 2 17 53
2607 2 17 46
2346 2 17 38
3167 2 17 32
435 2 17 27
972 2 17 22
2162 2 17 15
454 2 17 11
3695 2 17 4
661 2 18 86
2734 2 18 80
1583 2 18 75
2199 2 18 68
3849 2 18 62
1220 2 18 54
3675 2 18 44
872 2 18 40
541 2 18 35
3424 2 18 28
3590 2 18 22
3847 2 18 14
2897 2 18 7
3543 2 19 85
2336 2 19 80
1262 2 19 74
2811 2 19 68
2612 2 19 62
2263 2 19 53
2323 2 19 46
1634 2 19 38
188 2 19 32
1769 2 19 26
445 2 19 21
3234 2 19 14
1469 2 19 7
3128 3 1 84
477 3 1 80
587 3 1 74
2473 3 1 68
1240 3 1 62
1638 3 1 53
595 3 1 46
3228 3 1 37
1646 3 1 32
1256 3 1 26
3605 3 1 20
3617 3 1 14
1483 3 1 6
2008 3 2 84
3011 3 2 79
594 3 2 74
1773 3 2 68
335 3 2 62
133 3 2 53
2230 3 2 45
160 3 2 41
1336 3 2 33
1649 3 2 28
2731 3 2 22
2033 3 2 14
55 3 2 6
1050 3 3 80
764 3 3 73
1516 3 3 69
126 3 3 63
1904 3 3 53
3133 3 3 44
2710 3 3 39
1780 3 3 31
3174 3 3 23
2410 3 3 17
2464 3 3 13
1344 3 3 6
3253 3 5 79
2161 3 5 73
354 3 5 69
802 3 5 62
2758 3 5 51
2423 3 5 46
720 3 5 37
95 3 5 32
793 3 5 26
3574 3 5 20
3578 3 5 14
1367 3 5 5
384 3 6 79
1839 3 6 73
1438 3 6 67
969 3 6 62
1427 3 6 51
2277 3 6 46
1413 3 6 36
1460 3 6 30
2914 3 6 24
560 3 6 18
933 3 6 11
985 3 6 4
2404 3 7 76
962 3 7 69
636 3 7 62
942 3 7 51
750 3 7 46
558 3 7 36
376 3 7 30
1514 3 7 24
441 3 7 18
504 3 7 11
3404 3 7 3
1977 3 8 76
569 3 8 69
344 3 8 62
16 3 8 51
3085 3 8 45
2955 3 8 40
85 3 8 35
2482 3 8 28
1394 3 8 22
1325 3 8 14
571 3 8 5
2536 3 9 75
875 3 9 68
3686 3 9 61
298 3 9 57
3577 3 9 51
1894 3 9 45
725 3 9 40
3710 3 9 34
2676 3 9 29
2933 3 9 23
2358 3 9 17
32 3 9 13
1247 3 9 6
2508 3 10 74
642 3 10 68
3539 3 10 61
2276 3 10 56
1918 3 10 51
1207 3 10 45
622 3 10 40
2771 3 10 34
1920 3 10 29
2023 3 10 23
2182 3 10 16
2375 3 10 9
1737 3 10 3
3759 3 12 98
2474 3 12 95
1121 3 12 90
3208 3 12 83
3597 3 12 76
3666 3 12 68
330 3 12 61
2244 3 12 56
603 3 12 51
353 3 12 45
2639 3 12 39
278 3 12 31
2788 3 12 23
3562 3 12 15
2205 3 12 10
172 3 12 5
1913 3 13 98
1641 3 13 94
3676 3 13 89
907 3 13 85
2302 3 13 80
2957 3 13 72
11 3 13 67
240 3 13 62
3511 3 13 50
2309 3 13 45
2181 3 13 39
3159 3 13 30
1154 3 13 24
2962 3 13 17
2922 3 13 12
1265 3 13 6
576 3 14 96
1676 3 14 91
807 3 14 80
2109 3 14 72
732 3 14 66
3277 3 14 60
2915 3 14 54
1806 3 14 44
3803 3 14 38
3105 3 14 31
530 3 14 23
2960 3 14 15
1031 3 14 10
3185 3 14 4
153 3 15 96
721 3 15 91
303 3 15 80
2057 3 15 72
3681 3 15 65
331 3 15 59
2450 3 15 54
3713 3 15 43
2207 3 15 37
3690 3 15 31
3774 3 15 22
3793 3 15 13
615 3 15 6
2893 3 17 95
1099 3 17 90
1723 3 17 83
3565 3 17 76
1717 3 17 68
1658 3 17 60
2504 3 17 54
3354 3 17 43
790 3 17 37
3557 3 17 31
3367 3 17 22
3723 3 17 13
1782 3 17 5
2529 3 18 95
1995 3 18 89
6 3 18 85
1824 3 18 80
1231 3 18 72
3626 3 18 65
164 3 18 59
1243 3 18 54
2999 3 18 43
2270 3 18 36
2873 3 18 29
1915 3 18 23
2353 3 18 15
3651 3 18 9
1239 3 18 3
902 3 19 95
1331 3 19 89
3721 3 19 84
1090 3 19 78
497 3 19 73
817 3 19 67
3719 3 19 60
1171 3 19 54
1499 3 19 43
861 3 19 36
2843 3 19 29
1625 3 19 23
2005 3 19 15
1927 3 19 9
1064 3 19 3
822 4 1 95
598 4 1 89
3668 4 1 84
609 4 1 78
255 4 1 73
451 4 1 67
2454 4 1 60
3144 4 1 53
489 4 1 44
3287 4 1 38
2749 4 1 31
2780 4 1 22
3194 4 1 13
3247 4 1 4
3402 4 5 94
2241 4 5 89
3177 4 5 84
3783 4 5 77
3004 4 5 72
2160 4 5 65
3598 4 5 58
213 4 5 52
975 4 5 47
3146 4 5 40
2255 4 5 34
1203 4 5 29
3619 4 5 22
3048 4 5 13
3027 4 5 4
1384 4 10 94
1770 4 10 89
717 4 10 84
3568 4 10 77
960 4 10 72
2045 4 10 65
2428 4 10 58
3809 4 10 51
3659 4 10 44
3058 4 10 38
2037 4 10 31
2326 4 10 21
2157 4 10 14
342 4 10 5
1092 4 15 94
2286 4 15 88
934 4 15 82
3214 4 15 75
701 4 15 68
3273 4 15 59
829 4 15 54
1955 4 15 42
3599 4 15 35
3203 4 15 27
3390 4 15 21
1815 4 15 14
212 4 15 5
2376 4 17 93
2886 4 17 89
3218 4 17 83
2339 4 17 76
890 4 17 68
1593 4 17 59
2097 4 17 53
306 4 17 44
1860 4 17 38
1261 4 17 31
2293 4 17 21
273 4 17 14
1462 4 17 4
1735 5 1 93
2620 5 1 89
3212 5 1 83
401 5 1 76
3114 5 1 67
1665 5 1 60
2248 5 1 53
2855 5 1 43
540 5 1 36
2747 5 1 29
1819 5 1 22
274 5 1 13
1998 5 1 4
1332 5 3 93
2058 5 3 89
2441 5 3 83
224 5 3 76
3053 5 3 67
858 5 3 60
1263 5 3 53
355 5 3 43
3352 5 3 35
3855 5 3 26
2647 5 3 20
2578 5 3 14
1749 5 3 3
1136 5 7 93
3760 5 7 88
3734 5 7 81
3699 5 7 73
2762 5 7 66
1962 5 7 60
620 5 7 53
3385 5 7 42
2221 5 7 35
3153 5 7 26
2542 5 7 20
2597 5 7 13
787 5 7 4
3281 5 9 92
3131 5 9 85
840 5 9 80
2696 5 9 71
2211 5 9 65
2355 5 9 58
3305 5 9 50
1570 5 9 45
3765 5 9 38
3020 5 9 30
936 5 9 24
119 5 9 17
951 5 9 11
1841 5 9 3
14 5 10 92
2983 5 10 85
2470 5 10 79
1482 5 10 73
2582 5 10 66
1180 5 10 60
243 5 10 53
1600 5 10 42
2034 5 10 35
2438 5 10 26
3656 5 10 19
1288 5 10 12
3251 5 10 5
2793 5 12 91
37 5 12 80
919 5 12 70
2028 5 12 62
2400 5 12 50
73 5 12 45
3139 5 12 38
2291 5 12 30
3606 5 12 23
2841 5 12 14
1635 5 12 3
891 5 13 91
3191 5 13 79
1281 5 13 73
2469 5 13 66
593 5 13 60
2732 5 13 52
819 5 13 47
2260 5 13 40
575 5 13 34
2368 5 13 28
3040 5 13 21
3608 5 13 13
3428 5 13 3
3743 5 14 90
1523 5 14 83
3431 5 14 75
2584 5 14 67
2735 5 14 59
1784 5 14 53
737 5 14 42
1108 5 14 35
1703 5 14 26
2906 5 14 19
3137 5 14 11
2233 5 14 2
1757 5 15 90
3504 5 15 82
1341 5 15 75
1465 5 15 67
1457 5 15 59
1178 5 15 53
402 5 15 42
839 5 15 35
1083 5 15 26
2379 5 15 19
2095 5 15 11
625 5 15 2
1387 5 17 90
1456 5 17 82
210 5 17 75
357 5 17 67
1671 5 17 58
3100 5 17 50
3585 5 17 44
1724 5 17 38
3657 5 17 29
178 5 17 22
2312 5 17 12
1517 5 17 5
1017 5 19 90
3850 5 19 81
3505 5 19 73
1014 5 19 66
496 5 19 60
2727 5 19 52
3777 5 19 46
2876 5 19 35
3830 5 19 25
3870 5 19 17
458 5 19 11
414 5 19 2
3786 6 1 89
2236 6 1 83
2131 6 1 75
1684 6 1 66
379 6 1 59
922 6 1 53
3371 6 1 41
3274 6 1 32
2124 6 1 25
3842 6 1 17
844 6 1 10
3134 6 1 4
3193 6 3 89
927 6 3 82
3449 6 3 74
3722 6 3 67
415 6 3 58
1795 6 3 50
852 6 3 44
2364 6 3 37
2532 6 3 31
3433 6 3 20
2594 6 3 13
2509 6 3 1
2383 6 5 89
3284 6 5 81
3387 6 5 73
52 6 5 66
3046 6 5 58
1074 6 5 50
528 6 5 44
2274 6 5 37
1569 6 5 31
741 6 5 20
2177 6 5 13
1130 6 5 1
894 6 6 89
1842 6 6 81
2208 6 6 73
3479 6 6 65
2087 6 6 58
337 6 6 50
62 6 6 44
2115 6 6 37
2938 6 6 30
1712 6 6 23
2565 6 6 13
1295 6 6 5
2091 6 7 88
3067 6 7 81
1941 6 7 73
3429 6 7 65
128 6 7 58
3720 6 7 49
1750 6 7 43
1352 6 7 35
1963 6 7 25
2838 6 7 17
2272 6 7 9
947 6 7 3
507 6 9 88
2673 6 9 81
2306 6 9 72
1741 6 9 65
3248 6 9 57
2658 6 9 51
838 6 9 44
1924 6 9 37
2860 6 9 30
1686 6 9 23
2445 6 9 13
2451 6 9 4
3306 6 15 87
1571 6 15 80
785 6 15 69
2572 6 15 61
2645 6 15 55
745 6 15 50
590 6 15 43
582 6 15 34
1609 6 15 28
1895 6 15 21
2461 6 15 13
2347 6 15 4
1078 6 17 87
21 6 17 80
3728 6 17 68
2601 6 17 58
3179 6 17 49
478 6 17 42
8 6 17 35
1511 6 17 25
1868 6 17 17
2154 6 17 9
2495 6 17 2
3878 6 19 86
2726 6 19 80
3375 6 19 68
1337 6 19 58
1147 6 19 49
3028 6 19 41
2252 6 19 32
1883 6 19 25
915 6 19 17
1761 6 19 9
400 6 19 2
1375 7 1 86
1707 7 1 80
1470 7 1 67
308 7 1 58
428 7 1 49
2384 7 1 41
3006 7 1 31
567 7 1 20
2596 7 1 12
2222 7 1 4
1852 7 3 81
1345 7 3 72
3462 7 3 64
2136 7 3 59
3582 7 3 52
3694 7 3 46
1224 7 3 35
225 7 3 25
600 7 3 17
958 7 3 9
3000 7 3 1
3310 7 5 78
3022 7 5 72
2883 7 5 64
1185 7 5 59
1849 7 5 52
1976 7 5 46
3086 7 5 34
1426 7 5 28
612 7 5 21
1563 7 5 13
2103 7 5 4
2052 7 9 77
678 7 9 72
1755 7 9 64
952 7 9 59
545 7 9 52
1965 7 9 46
1886 7 9 34
931 7 9 28
552 7 9 21
3335 7 9 12
3438 7 9 3
69 7 11 77
1985 7 11 71
747 7 11 65
1298 7 11 57
1208 7 11 51
1114 7 11 43
438 7 11 34
849 7 11 28
1266 7 11 20
2173 7 11 12
3388 7 11 3
226 7 12 72
3130 7 12 63
752 7 12 53
2652 7 12 41
2477 7 12 31
998 7 12 19
2453 7 12 10
74 7 12 4
3841 7 13 94
1869 7 13 88
1966 7 13 81
1104 7 13 72
2498 7 13 63
3236 7 13 52
1371 7 13 46
799 7 13 34
673 7 13 28
1073 7 13 20
1950 7 13 12
918 7 13 3
3761 7 14 94
195 7 14 88
1870 7 14 81
686 7 14 72
2120 7 14 63
1602 7 14 52
1146 7 14 46
1473 7 14 33
3537 7 14 27
649 7 14 21
2150 7 14 12
3766 7 14 2
407 7 15 94
2634 7 15 87
3601 7 15 79
2069 7 15 72
1654 7 15 63
1152 7 15 52
597 7 15 46
1077 7 15 33
3189 7 15 27
3362 7 15 20
1939 7 15 12
1217 7 15 2
136 7 17 94
2588 7 17 87
2911 7 17 79
112 7 17 72
993 7 17 62
2490 7 17 49
1196 7 17 41
1127 7 17 31
699 7 17 19
1493 7 17 10
3467 7 17 3
54 7 19 94
467 7 19 87
2372 7 19 79
1049 7 19 70
1419 7 19 62
1405 7 19 49
2900 7 19 40
566 7 19 34
332 7 19 28
3079 7 19 19
314 7 19 10
3456 7 19 3
1986 8 8 93
2967 8 8 88
1715 8 8 81
1803 8 8 71
2867 8 8 64
2746 8 8 58
3238 8 8 48
65 8 8 42
2180 8 8 34
3527 8 8 27
3351 8 8 20
3346 8 8 10
2610 8 8 3
973 8 9 92
1863 8 9 85
2444 8 9 78
1534 8 9 72
3036 8 9 61
2605 8 9 55
1170 8 9 49
2829 8 9 40
494 8 9 34
2471 8 9 27
2697 8 9 20
2265 8 9 10
1807 8 9 3
272 8 17 92
1474 8 17 85
2377 8 17 78
1192 8 17 72
1778 8 17 61
1853 8 17 55
145 8 17 49
2599 8 17 40
3488 8 17 33
1477 8 17 27
2492 8 17 20
190 8 17 10
183 8 17 3
2579 8 19 91
1768 8 19 78
718 8 19 72
1519 8 19 61
2628 8 19 54
1421 8 19 42
1538 8 19 34
2273 8 19 27
1845 8 19 20
46 8 19 10
3439 8 19 2
880 9 0 91
1551 9 0 78
3775 9 0 71
2716 9 0 64
1565 9 0 58
2073 9 0 48
142 9 0 41
49 9 0 31
3140 9 0 18
267 9 0 11
3658 9 0 1
3588 9 1 90
2363 9 1 81
1043 9 1 71
2330 9 1 64
2869 9 1 57
2940 9 1 50
120 9 1 43
2344 9 1 33
895 9 1 27
1823 9 1 20
3420 9 1 9
2304 9 1 1
1580 9 2 90
1101 9 2 81
3343 9 2 70
487 9 2 62
2135 9 2 48
2678 9 2 40
2773 9 2 33
336 9 2 27
1206 9 2 20
1466 9 2 9
1718 9 2 1
954 9 3 90
1030 9 3 81
3552 9 3 69
99 9 3 61
2051 9 3 54
1153 9 3 41
3851 9 3 30
9 9 3 23
1695 9 3 13
2996 9 3 1
896 9 5 90
711 9 5 81
1388 9 5 69
1042 9 5 60
2046 9 5 52
23 9 5 46
1816 9 5 32
1026 9 5 25
554 9 5 17
2413 9 5 8
3524 9 5 2
792 9 6 90
3327 9 6 80
3360 9 6 65
194 9 6 57
2319 9 6 50
3 9 6 43
1925 9 6 33
2760 9 6 26
3784 9 6 18
2898 9 6 10
3326 9 6 2
3835 9 8 89
1731 9 8 81
1340 9 8 69
3650 9 8 59
3282 9 8 51
988 9 8 43
27 9 8 33
740 9 8 26
2966 9 8 18
2785 9 8 7
3440 9 11 89
18 9 11 81
710 9 11 69
2640 9 11 59
2507 9 11 51
588 9 11 43
3464 9 11 32
522 9 11 25
92 9 11 17
1406 9 11 8
3322 9 11 2
1590 9 13 89
3090 9 13 80
1348 9 13 65
3533 9 13 56
2913 9 13 50
1922 9 13 42
1812 9 13 33
543 9 13 26
2075 9 13 18
2782 9 13 7
1047 10 0 89
900 10 0 80
1661 10 0 63
605 10 0 50
1867 10 0 42
1302 10 0 32
3219 10 0 24
3188 10 0 16
748 10 0 9
1674 10 0 1
3485 10 1 88
259 10 1 81
2560 10 1 68
2635 10 1 57
856 10 1 50
1082 10 1 42
83 10 1 32
1248 10 1 24
3051 10 1 16
3571 10 1 8
2729 10 1 2
3045 10 2 88
2925 10 2 80
1040 10 2 63
3172 10 2 49
1400 10 2 40
2665 10 2 33
3805 10 2 25
2798 10 2 16
3330 10 2 8
1621 10 2 1
1476 10 3 87
1855 10 3 79
3032 10 3 69
2190 10 3 59
2139 10 3 51
2890 10 3 42
3030 10 3 31
1391 10 3 18
2317 10 3 7
897 10 11 87
3702 10 11 78
2864 10 11 71
1002 10 11 64
2767 10 11 57
3472 10 11 49
1271 10 11 40
1968 10 11 33
483 10 11 25
537 10 11 16
3225 10 11 8
887 10 13 87
2953 10 13 78
2452 10 13 71
527 10 13 64
2544 10 13 57
2941 10 13 49
828 10 13 40
1309 10 13 33
2614 10 13 24
3732 10 13 14
3516 10 13 2
219 10 15 87
1744 10 15 78
2325 10 15 71
3150 10 15 63
413 10 15 49
3864 10 15 39
1698 10 15 30
2382 10 15 22
1553 10 15 12
2704 10 15 1
3245 10 17 86
1172 10 17 80
45 10 17 62
812 10 17 47
2223 10 17 40
2896 10 17 32
462 10 17 24
2140 10 17 14
2393 10 17 2
1620 10 18 85
1981 10 18 78
130 10 18 71
2398 10 18 63
2483 10 18 48
3436 10 18 39
26 10 18 30
484 10 18 22
3358 10 18 11
19 10 18 1
1219 10 19 85
3345 10 19 77
473 10 19 71
3712 10 19 62
159 10 19 47
1467 10 19 40
2723 10 19 32
282 10 19 24
1366 10 19 14
2129 10 19 2
3452 11 4 84
2024 11 4 77
144 11 4 71
2185 11 4 62
667 11 4 46
1594 11 4 32
3481 11 4 23
1142 11 4 13
1379 11 4 1
3290 11 5 84
1397 11 5 77
3300 11 5 70
3059 11 5 61
1186 11 5 54
3231 11 5 40
2421 11 5 32
3425 11 5 23
961 11 5 13
2637 11 5 2
3132 11 6 84
114 11 6 77
2969 11 6 70
2654 11 6 61
3556 11 6 53
182 11 6 41
3813 11 6 30
3380 11 6 21
1010 11 6 12
1975 11 6 2
535 11 7 84
3463 11 7 76
2194 11 7 67
2074 11 7 57
2861 11 7 49
2165 11 7 39
3646 11 7 29
3544 11 7 21
150 11 7 12
1507 11 7 2
3604 11 8 82
2176 11 8 74
3489 11 8 67
1165 11 8 57
1063 11 8 49
1748 11 8 39
2455 11 8 29
2820 11 8 21
2858 11 8 11
189 11 8 2
2787 11 9 81
791 11 9 68
1745 11 9 57
2499 11 9 48
3178 11 9 39
2426 11 9 29
2392 11 9 21
2830 11 9 11
2795 11 9 1
82 11 11 81
572 11 11 68
1501 11 11 57
1065 11 11 48
2812 11 11 39
1899 11 11 29
1490 11 11 21
2814 11 11 11
2515 11 11 1
1672 11 13 78
3799 11 13 70
2280 11 13 61
3776 11 13 52
640 11 13 45
1115 11 13 38
3151 11 13 29
200 11 13 21
1357 11 13 11
348 11 13 1
180 11 15 77
3814 11 15 69
1267 11 15 59
1650 11 15 51
2449 11 15 42
3872 11 15 30
1484 11 15 21
2299 11 15 10
3173 11 19 69
3881 11 19 58
360 11 19 48
1212 11 19 39
44 11 19 29
1964 11 19 20
733 11 19 9
1272 12 0 69
234 12 0 58
1917 12 0 47
1290 12 0 40
2168 12 0 32
2963 12 0 23
264 12 0 13
2866 12 1 67
814 12 1 57
1034 12 1 48
1190 12 1 39
3426 12 1 28
1875 12 1 19
293 12 1 10
1300 12 2 94
387 12 2 87
510 12 2 78
1956 12 2 70
1228 12 2 61
2050 12 2 52
3276 12 2 44
519 12 2 37
2431 12 2 30
61 12 2 21
1779 12 2 10
771 12 11 94
241 12 11 87
3496 12 11 77
3007 12 11 69
3237 12 11 57
925 12 11 48
12 12 11 39
2722 12 11 28
1783 12 11 19
40 12 11 10
3471 12 13 93
2349 12 13 88
2322 12 13 80
2591 12 13 61
2174 12 13 50
893 12 13 42
1489 12 13 30
2559 12 13 20
329 12 13 9
1643 12 15 93
2328 12 15 88
1606 12 15 80
2420 12 15 60
981 12 15 52
2784 12 15 44
1954 12 15 36
2517 12 15 29
1513 12 15 19
3422 12 15 9
3857 12 17 92
1451 12 17 85
3243 12 17 77
2557 12 17 69
2702 12 17 57
761 12 17 48
2988 12 17 38
2882 12 17 29
2844 12 17 18
1666 12 17 7
3295 12 19 92
905 12 19 85
2575 12 19 77
3683 12 19 68
3170 12 19 56
2894 12 19 50
3798 12 19 41
3135 12 19 30
2356 12 19 20
1916 12 19 8
3047 13 0 92
370 13 0 85
1708 13 0 77
3014 13 0 68
1797 13 0 56
206 13 0 49
1742 13 0 39
704 13 0 28
110 13 0 19
806 13 0 8
2316 13 4 92
2308 13 4 84
3113 13 4 76
1464 13 4 67
3704 13 4 56
3794 13 4 48
1948 13 4 38
2315 13 4 29
2817 13 4 18
3470 13 4 6
304 13 5 92
1688 13 5 84
1758 13 5 76
493 13 5 67
1235 13 5 56
3168 13 5 48
1346 13 5 37
1942 13 5 30
675 13 5 19
2650 13 5 7
3070 13 6 91
698 13 6 78
216 13 6 70
1137 13 6 61
1787 13 6 50
3072 13 6 41
3828 13 6 29
2801 13 6 18
3240 13 6 6
101 13 7 91
121 13 7 78
1 13 7 70
3451 13 7 60
579 13 7 52
3506 13 7 42
3545 13 7 29
430 13 7 18
1719 13 7 6
3532 13 8 90
2982 13 8 80
3262 13 8 56
2905 13 8 48
1215 13 8 36
703 13 8 29
1245 13 8 17
405 13 8 8
2694 13 11 90
2269 13 11 80
290 13 11 56
2712 13 11 48
2823 13 11 35
2187 13 11 24
3644 13 11 13
3553 13 12 89
3839 13 12 79
502 13 12 69
3570 13 12 56
2367 13 12 48
1575 13 12 35
1359 13 12 24
1416 13 12 12
2418 13 13 89
2714 13 13 79
221 13 13 68
1008 13 13 56
1409 13 13 48
214 13 13 35
3785 13 13 22
1743 13 13 11
1753 13 15 89
2493 13 15 79
2234 13 15 67
87 13 15 56
1321 13 15 48
3458 13 15 34
2246 13 15 27
758 13 15 20
3770 13 15 7
742 13 17 89
577 13 17 79
1887 13 17 67
3725 13 17 55
3252 13 17 48
3017 13 17 34
1771 13 17 27
358 13 17 20
3689 13 17 7
2121 13 19 88
3758 13 19 79
1070 13 19 67
3233 13 19 55
2064 13 19 48
29 13 19 34
1084 13 19 27
2848 13 19 19
749 13 19 6
1973 14 0 88
3667 14 0 79
944 14 0 67
3129 14 0 55
850 14 0 48
2916 14 0 33
2436 14 0 24
783 14 0 12
1376 14 2 88
1777 14 2 79
781 14 2 66
2909 14 2 58
911 14 2 46
1372 14 2 32
3321 14 2 22
41 14 2 11
1333 14 3 88
2850 14 3 78
3337 14 3 69
728 14 3 56
923 14 3 48
1626 14 3 33
1392 14 3 24
1547 14 3 10
3421 14 4 87
3353 14 4 77
1801 14 4 68
2870 14 4 55
694 14 4 48
1276 14 4 32
444 14 4 22
865 14 4 10
2149 14 5 87
2824 14 5 77
1284 14 5 68
1408 14 5 55
3790 14 5 47
854 14 5 40
1588 14 5 32
3269 14 5 21
813 14 5 10
2657 14 6 86
945 14 6 80
3869 14 6 51
1696 14 6 42
2622 14 6 29
526 14 6 17
1656 14 6 7
853 14 7 86
663 14 7 80
263 14 7 51
1616 14 7 42
2613 14 7 29
3549 14 7 16
2402 14 7 8
816 14 8 86
361 14 8 80
359 14 8 50
2932 14 8 41
3682 14 8 29
2902 14 8 16
3834 14 8 7
68 14 11 86
3769 14 11 79
2191 14 11 65
3116 14 11 56
3575 14 11 47
827 14 11 40
3106 14 11 31
1046 14 11 18
1350 14 11 6
3480 14 12 84
957 14 12 75
1213 14 12 66
2880 14 12 58
3807 14 12 45
624 14 12 38
709 14 12 29
599 14 12 16
3210 14 12 7
2189 14 13 84
296 14 13 75
482 14 13 66
2101 14 13 58
3525 14 13 45
3877 14 13 37
166 14 13 30
2036 14 13 18
2934 14 13 5
1313 14 17 84
269 14 17 75
84 14 17 66
1893 14 17 58
1880 14 17 45
3342 14 17 37
3098 14 17 29
391 14 17 16
3109 14 17 7
955 14 19 84
2959 14 19 74
2662 14 19 67
2924 14 19 55
606 14 19 47
2862 14 19 39
146 14 19 28
3010 14 19 18
1872 14 19 5
1123 15 0 83
559 15 0 75
2284 15 0 65
876 15 0 56
3190 15 0 47
2526 15 0 39
2522 15 0 27
2566 15 0 19
3510 15 0 5
231 15 13 83
3077 15 13 74
2123 15 13 67
2571 15 13 55
3779 15 13 46
3044 15 13 31
651 15 13 18
1095 15 13 5
2698 15 15 81
3740 15 15 67
2253 15 15 55
3317 15 15 45
2553 15 15 37
1202 15 15 29
3186 15 15 15
517 15 15 9
1020 15 17 81
1156 15 17 67
2068 15 17 55
3285 15 17 45
2017 15 17 37
341 15 17 29
1608 15 17 15
80 15 17 9
674 16 0 77
3753 16 0 67
175 16 0 55
3250 16 0 45
2680 16 0 36
245 16 0 29
3372 16 0 13
152 16 2 76
2100 16 2 66
1437 16 2 58
3665 16 2 43
2786 16 2 32
2961 16 2 21
107 16 2 10
2978 16 3 75
1320 16 3 65
3336 16 3 55
2627 16 3 45
2285 16 3 36
3239 16 3 28
1728 16 3 18
3735 16 3 4
2489 16 5 72
2292 16 5 59
2227 16 5 50
317 16 5 41
2219 16 5 28
3634 16 5 17
1601 16 5 7
1984 16 6 72
1905 16 6 59
1188 16 6 50
3871 16 6 40
2849 16 6 31
3833 16 6 17
3293 16 6 6
1440 16 7 72
1244 16 7 59
2077 16 7 49
2543 16 7 38
38 16 7 29
835 16 7 13
542 16 8 91
2342 16 8 77
602 16 8 67
1310 16 8 54
3152 16 8 38
3001 16 8 28
3498 16 8 17
2809 16 8 6
3437 16 10 90
1117 16 10 80
632 16 10 49
1417 16 10 38
1197 16 10 28
3102 16 10 17
2740 16 10 6
3288 16 11 90
50 16 11 80
1682 16 11 47
2334 16 11 39
109 16 11 27
1349 16 11 19
2651 16 11 5
3230 16 12 90
3679 16 12 78
1579 16 12 69
289 16 12 56
2538 16 12 47
1960 16 12 39
3157 16 12 26
105 16 12 18
3149 16 12 5
3018 16 13 90
3142 16 13 78
656 16 13 69
2633 16 13 55
2547 16 13 45
1581 16 13 36
2112 16 13 28
2777 16 13 17
2175 16 13 5
2985 16 14 90
2649 16 14 78
3265 16 14 68
1148 16 14 55
536 16 14 44
3074 16 14 35
3446 16 14 22
3364 16 14 9
2619 16 15 90
680 16 15 78
3031 16 15 68
472 16 15 55
320 16 15 44
2766 16 15 35
1857 16 15 20
3482 16 15 7
2514 16 17 90
1386 16 17 77
346 16 17 67
1236 16 17 54
773 16 17 38
3161 16 17 27
2700 16 17 18
2155 16 17 5
2403 16 18 90
3873 16 18 76
766 16 18 66
932 16 18 58
256 16 18 42
1294 16 18 29
3393 16 18 12
2388 16 19 90
3716 16 19 76
3450 16 19 64
47 16 19 57
122 16 19 48
3623 16 19 31
2944 16 19 17
2012 16 19 5
1227 17 0 90
3382 17 0 76
930 17 0 64
3700 17 0 56
2497 17 0 47
996 17 0 39
2895 17 0 26
3624 17 0 17
1257 17 0 5
3216 17 2 89
218 17 2 79
1888 17 2 65
1273 17 2 55
64 17 2 44
1385 17 2 35
1996 17 2 18
830 17 2 5
1989 17 3 89
2923 17 3 78
2076 17 3 68
2834 17 3 53
1596 17 3 40
2511 17 3 31
2871 17 3 17
585 17 3 1
1808 17 5 89
2010 17 5 78
3787 17 5 67
1495 17 5 52
2717 17 5 42
205 17 5 29
3195 17 5 12
1611 17 10 89
1138 17 10 78
810 17 10 67
702 17 10 52
151 17 10 42
3859 17 10 27
362 17 10 18
3757 17 10 6
1418 17 19 89
3707 17 19 77
66 17 19 67
412 17 19 52
3119 17 19 41
181 17 19 28
2397 17 19 17
3316 17 19 6
3671 18 0 88
1360 18 0 78
365 18 0 67
3127 18 0 51
39 18 0 42
3564 18 0 27
3076 18 0 16
2994 18 0 6
3394 18 2 88
1840 18 2 75
1141 18 2 65
633 18 2 55
3748 18 2 43
2011 18 2 32
2259 18 2 21
3224 18 2 9
2857 18 3 88
1364 18 3 74
2061 18 3 67
2245 18 3 51
3802 18 3 41
13 18 3 26
3180 18 3 17
2229 18 3 6
1308 18 5 87
842 18 5 77
3780 18 5 66
928 18 5 58
1072 18 5 41
115 18 5 25
2608 18 5 14
1420 18 5 2
3397 18 7 86
2775 18 7 79
466 18 7 65
1530 18 7 54
389 18 7 38
1817 18 7 26
2945 18 7 17
518 18 7 6
3314 18 8 86
658 18 8 79
2524 18 8 64
3637 18 8 56
1733 18 8 47
3308 18 8 38
3664 18 8 25
1124 18 8 14
1891 18 8 1
2796 18 10 86
2928 18 10 77
3138 18 10 66
681 18 10 58
132 18 10 41
2320 18 10 24
3318 18 10 9
2625 18 12 86
941 18 12 77
2126 18 12 66
2257 18 12 57
3845 18 12 47
2648 18 12 38
3356 18 12 25
691 18 12 14
892 18 12 1
991 18 13 86
309 18 13 77
614 18 13 66
1432 18 13 57
2751 18 13 47
2513 18 13 38
2022 18 13 24
3389 18 13 8
2026 18 14 85
1502 18 14 77
714 18 14 65
1225 18 14 54
3196 18 14 37
3628 18 14 28
1810 18 14 17
385 18 14 6
815 18 15 84
1961 18 15 73
3097 18 15 65
1143 18 15 54
3111 18 15 37
1982 18 15 28
1730 18 15 17
1605 18 15 5
3550 18 17 83
76 18 17 74
1972 18 17 67
2044 18 17 51
2238 18 17 41
1764 18 17 23
1958 18 17 12
1129 19 0 83
3612 19 0 73
1607 19 0 65
1106 19 0 54
1204 19 0 37
1006 19 0 28
650 19 0 17
3407 19 0 4
2216 19 2 82
1721 19 2 74
2520 19 2 66
1396 19 2 57
601 19 2 47
2370 19 2 38
780 19 2 24
705 19 2 7
1781 19 3 82
616 19 3 74
3182 19 3 65
2533 19 3 53
716 19 3 40
2001 19 3 31
2089 19 3 17
3323 19 3 4
439 19 5 82
244 19 5 74
1670 19 5 65
2009 19 5 53
2587 19 5 39
837 19 5 26
1443 19 5 17
2677 19 5 4
1877 19 7 81
1135 19 7 66
1120 19 7 57
3338 19 7 46
2736 19 7 31
393 19 7 17
2268 19 7 4
2047 19 8 80
2314 19 8 42
2440 19 8 24
2759 19 8 5
1382 19 10 80
3746 19 10 63
984 19 10 48
3220 19 10 31
1585 19 10 12
42 19 12 80
700 19 12 63
299 19 12 47
2360 19 12 38
1818 19 12 23
261 19 12 12
3123 19 13 79
3415 19 13 62
3050 19 13 38
500 19 13 22
1289 19 13 9
1993 19 17 79
1278 19 17 61
286 19 17 50
3733 19 17 40
3670 19 17 30
1584 19 17 18
1716 19 17 4
3669 19 18 77
220 19 18 65
426 19 18 53
1494 19 18 39
2753 19 18 25
2664 19 18 13
2145 19 19 77
165 19 19 65
2952 19 19 51
1134 19 19 41
1453 19 19 23
96 19 19 12
