39 29 14 6 20 35 
45 10 22 17 0 26 
34 54 1 25 41 46 
2 49 21 58 40 13 
51 24 37 48 56 33 
53 44 19 50 31 38 
53 19 31 56 3 47 
36 33 50 26 18 41 
5 52 43 15 22 28 
13 6 38 11 17 27 
40 0 20 4 21 35 
30 44 29 54 49 9 
55 17 54 47 23 42 
8 9 50 7 46 2 
11 52 13 58 44 53 
24 32 15 10 19 49 
16 3 36 5 41 25 
38 22 40 48 21 35 
56 26 51 21 14 58 
33 37 45 15 5 19 
39 32 46 12 57 20 
40 31 47 11 24 50 
4 34 22 13 16 18 
59 23 52 8 27 49 
59 46 44 7 34 54 
36 22 49 17 51 33 
6 11 13 38 24 23 
53 1 12 18 39 15 
35 9 31 57 37 30 
45 43 42 16 52 56 
51 47 0 55 31 22 
8 32 39 2 43 40 
57 1 45 44 24 53 
16 17 9 5 11 52 
12 48 7 18 6 36 
27 34 28 37 42 13 
56 18 2 51 14 58 
44 6 50 23 8 45 
55 35 32 16 38 42 
21 41 1 13 11 22 
12 17 4 37 9 5 
24 27 48 43 7 39 
58 42 30 31 33 46 
14 32 39 47 13 35 
59 53 48 24 15 23 
51 49 19 1 56 52 
7 43 10 8 18 41 
37 2 27 57 21 45 
17 4 11 19 26 48 
1 45 41 55 12 59 
50 52 7 44 18 15 
39 38 22 3 37 20 
8 43 6 49 21 10 
51 13 33 47 27 53 
56 10 43 52 57 24 
39 34 47 20 51 50 
31 12 38 45 0 7 
37 2 23 13 15 44 
6 18 33 4 1 17 
53 27 22 32 16 40 
