4 50 30 6 21 53 
40 49 3 47 46 24 
11 33 42 20 37 55 
59 26 54 14 39 22 
17 29 57 58 9 44 
1 2 23 51 19 25 
50 33 16 14 25 35 
39 26 11 8 23 5 
48 47 51 32 9 24 
1 57 12 10 21 34 
6 19 43 7 0 30 
55 13 56 22 49 54 
57 29 49 42 10 56 
28 14 44 43 1 4 
46 39 0 2 12 35 
18 9 11 7 22 54 
53 8 33 50 47 48 
27 20 59 3 51 37 
51 22 9 10 25 44 
50 17 12 40 7 21 
32 11 13 16 31 35 
55 52 47 45 57 15 
23 14 46 34 6 8 
19 41 33 37 26 38 
49 43 57 22 44 42 
58 21 24 33 51 1 
17 10 52 38 8 39 
48 12 11 23 2 40 
4 46 45 7 35 18 
26 3 28 36 6 50 
9 38 45 11 30 3 
0 21 4 14 15 22 
13 51 16 20 8 12 
55 39 18 7 43 41 
6 10 50 23 44 49 
58 17 32 52 29 53 
50 2 39 5 51 29 
48 23 21 11 27 52 
0 38 43 45 20 40 
32 6 1 42 15 41 
18 17 35 12 14 8 
49 3 25 36 19 53 
59 45 19 49 0 53 
46 41 30 18 47 34 
32 16 33 15 1 8 
43 44 3 2 21 6 
5 17 14 48 22 38 
40 11 37 56 20 50 
16 54 20 36 45 58 
26 30 2 22 18 19 
3 9 14 42 5 57 
41 51 50 1 8 40 
43 12 44 28 32 0 
23 17 10 11 52 49 
49 39 36 16 3 40 
6 44 11 13 9 55 
45 2 52 46 7 50 
32 42 51 31 12 25 
38 35 26 22 5 58 
23 19 33 34 37 59 
