22 42 37 12 19 45 
59 11 29 31 30 24 
7 47 23 21 39 34 
10 48 49 53 40 52 
38 18 9 15 35 27 
57 58 41 13 14 16 
20 3 19 59 40 36 
4 23 0 33 2 35 
14 46 37 52 39 12 
8 28 43 27 5 58 
48 25 6 55 41 1 
38 42 9 49 47 13 
44 37 38 21 1 30 
23 40 12 15 51 59 
31 43 18 24 7 54 
50 34 17 57 19 27 
10 45 41 4 22 36 
56 42 11 14 58 46 
5 13 32 54 17 47 
51 23 15 9 18 50 
39 14 10 7 6 43 
27 1 52 0 36 49 
42 22 44 45 8 3 
41 46 37 2 16 55 
59 37 2 36 18 42 
41 4 15 51 9 30 
13 38 35 55 25 52 
57 39 16 8 12 17 
34 10 0 48 1 50 
43 32 58 26 56 54 
58 57 59 7 21 51 
8 18 12 30 10 13 
54 37 14 0 5 45 
34 36 40 3 38 23 
6 27 43 42 16 39 
32 1 11 29 15 33 
59 3 56 4 46 48 
54 34 39 38 8 22 
43 16 7 6 44 9 
11 49 55 10 32 5 
51 14 21 42 0 20 
35 31 41 25 36 12 
33 42 45 46 34 36 
52 8 30 7 0 59 
5 6 40 39 10 51 
43 13 58 11 19 31 
17 18 26 50 44 20 
56 14 48 9 1 54 
51 6 35 27 46 48 
18 5 22 13 4 41 
2 7 9 12 49 39 
8 44 11 38 0 45 
52 23 20 19 36 32 
55 50 31 37 17 58 
43 35 53 47 4 42 
51 3 13 7 30 8 
22 19 6 33 11 40 
14 41 44 15 49 20 
52 17 31 57 39 12 
32 50 37 45 54 56 
