36 21 34 33 26 20 
19 52 15 3 48 9 
39 31 5 59 13 27 
22 44 16 29 4 12 
1 46 40 24 42 11 
41 14 32 10 43 38 
43 35 52 37 32 58 
46 15 30 2 28 21 
10 4 9 3 8 26 
56 17 27 51 38 13 
16 0 1 31 44 50 
55 11 34 54 39 33 
39 43 42 26 23 58 
21 9 40 22 41 35 
36 17 11 18 12 29 
52 14 2 19 15 51 
27 24 3 37 34 48 
44 32 50 49 10 33 
51 25 40 46 39 36 
35 17 52 49 43 42 
8 19 31 12 45 28 
44 7 33 3 38 22 
16 2 11 53 10 57 
48 26 6 1 32 27 
34 27 37 54 5 49 
21 36 13 20 19 17 
43 14 3 22 42 8 
53 15 16 38 31 57 
6 10 50 12 7 2 
48 24 39 32 47 51 
56 44 53 15 23 58 
48 49 16 13 32 55 
21 46 39 7 51 38 
18 1 40 45 19 9 
2 8 34 31 42 12 
50 33 4 10 3 30 
52 32 23 37 5 54 
41 13 11 29 42 31 
51 39 43 40 50 25 
10 16 8 21 22 6 
45 17 12 38 1 19 
14 46 7 20 3 34 
45 44 37 51 38 58 
13 15 20 32 35 54 
6 10 40 42 14 1 
7 27 5 16 26 49 
3 21 4 18 2 17 
34 50 41 53 12 43 
54 28 36 35 55 57 
5 34 19 44 1 15 
30 17 49 46 0 53 
13 40 37 18 39 12 
43 52 58 8 29 2 
51 32 22 33 10 45 
39 17 12 31 16 40 
9 5 21 37 49 47 
38 11 48 45 44 54 
25 50 18 13 15 7 
51 43 19 20 27 6 
41 22 58 32 10 33 
