2762
4124 0 0 98
4093 0 0 94
1978 0 0 90
1365 0 0 87
3966 0 0 84
4082 0 0 81
919 0 0 78
3810 0 0 76
4894 0 0 73
4949 0 0 69
1444 0 0 66
68 0 0 64
4597 0 0 62
4175 0 0 60
4860 0 0 58
4003 0 0 55
3568 0 0 52
1463 0 0 49
3914 0 0 45
4084 0 0 42
243 0 0 40
1348 0 0 38
4228 0 0 36
1407 0 0 34
4821 0 0 31
1034 0 0 28
1903 0 0 25
2167 0 0 22
4778 0 0 19
4702 0 0 17
680 0 0 15
4888 0 0 11
3181 0 0 9
1949 0 0 6
4114 0 0 3
2079 0 1 98
2318 0 1 94
2164 0 1 89
552 0 1 87
4253 0 1 83
3321 0 1 80
2445 0 1 78
3516 0 1 75
3887 0 1 72
3449 0 1 68
4279 0 1 65
4680 0 1 63
3253 0 1 60
421 0 1 57
3513 0 1 55
49 0 1 52
3711 0 1 48
1303 0 1 44
2446 0 1 42
4182 0 1 38
1930 0 1 36
3664 0 1 33
3801 0 1 30
4563 0 1 27
3462 0 1 23
4732 0 1 20
2651 0 1 17
4483 0 1 14
4 0 1 11
3282 0 1 8
1991 0 1 6
3353 0 1 2
872 0 2 98
992 0 2 94
1697 0 2 89
1325 0 2 86
1838 0 2 82
2132 0 2 80
1441 0 2 78
2288 0 2 75
3549 0 2 72
1823 0 2 68
555 0 2 65
3701 0 2 61
990 0 2 58
648 0 2 55
3488 0 2 51
267 0 2 49
2456 0 2 45
608 0 2 42
2365 0 2 38
3989 0 2 35
1764 0 2 33
2489 0 2 30
3852 0 2 27
1192 0 2 23
4670 0 2 20
1361 0 2 17
2867 0 2 14
4207 0 2 10
4897 0 2 8
4822 0 2 5
1951 0 2 2
4760 0 3 97
775 0 3 94
2690 0 3 88
4386 0 3 85
3683 0 3 81
382 0 3 78
3778 0 3 73
3196 0 3 69
4810 0 3 65
3514 0 3 61
4912 0 3 57
4898 0 3 54
4463 0 3 51
4108 0 3 48
4713 0 3 43
624 0 3 40
3731 0 3 37
4169 0 3 34
4602 0 3 31
896 0 3 28
4917 0 3 24
3607 0 3 20
1479 0 3 16
1476 0 3 13
3475 0 3 10
3378 0 3 6
2783 0 3 2
4461 0 4 97
4752 0 4 93
4697 0 4 90
4498 0 4 86
4385 0 4 81
3055 0 4 77
4603 0 4 72
1802 0 4 68
4768 0 4 64
3026 0 4 61
4643 0 4 57
4056 0 4 54
1494 0 4 50
3999 0 4 47
1250 0 4 45
19 0 4 42
1753 0 4 37
509 0 4 34
2561 0 4 31
370 0 4 28
3987 0 4 24
3596 0 4 20
626 0 4 16
4436 0 4 12
3122 0 4 10
2020 0 4 6
1404 0 4 2
2789 0 5 97
3606 0 5 93
1927 0 5 90
4469 0 5 86
1918 0 5 81
3020 0 5 77
4162 0 5 72
2969 0 5 67
4784 0 5 65
2876 0 5 61
2451 0 5 57
4408 0 5 53
4355 0 5 50
2741 0 5 47
734 0 5 44
4740 0 5 41
1375 0 5 39
4399 0 5 36
2381 0 5 32
3543 0 5 29
1131 0 5 26
1591 0 5 22
4944 0 5 18
390 0 5 15
4410 0 5 11
2573 0 5 8
2460 0 5 5
3200 0 5 1
2747 0 6 97
2354 0 6 93
4881 0 6 89
4712 0 6 84
2995 0 6 81
1456 0 6 76
540 0 6 73
1242 0 6 69
631 0 6 65
698 0 6 61
3247 0 6 56
657 0 6 53
2828 0 6 50
284 0 6 47
579 0 6 44
3976 0 6 41
601 0 6 38
2261 0 6 34
4097 0 6 30
3465 0 6 27
3029 0 6 22
4720 0 6 18
3938 0 6 14
3491 0 6 10
1882 0 6 6
4205 0 6 1
2106 0 7 97
434 0 7 93
4024 0 7 89
4365 0 7 84
3629 0 7 80
4632 0 7 77
194 0 7 72
2673 0 7 67
4429 0 7 63
4910 0 7 59
246 0 7 57
231 0 7 53
1452 0 7 50
179 0 7 47
4091 0 7 43
4090 0 7 38
1684 0 7 33
4447 0 7 29
4797 0 7 25
4173 0 7 21
4457 0 7 17
2624 0 7 12
4140 0 7 9
957 0 7 6
4066 0 7 1
2036 0 8 97
54 0 8 93
3451 0 8 89
3052 0 8 84
3412 0 8 80
3896 0 8 76
812 0 8 72
378 0 8 67
3737 0 8 63
4639 0 8 59
3584 0 8 55
2800 0 8 51
3621 0 8 47
3503 0 8 43
4069 0 8 38
1600 0 8 33
4322 0 8 29
3812 0 8 25
4877 0 8 20
212 0 8 16
3325 0 8 12
1400 0 8 9
4568 0 8 5
688 0 8 1
627 0 9 97
3369 0 9 92
2950 0 9 90
2687 0 9 86
511 0 9 81
4450 0 9 75
1942 0 9 72
4497 0 9 66
3265 0 9 62
2518 0 9 58
4055 0 9 54
854 0 9 50
454 0 9 46
530 0 9 42
2807 0 9 36
1558 0 9 32
3467 0 9 29
2803 0 9 25
3792 0 9 20
2953 0 9 15
3660 0 9 11
3508 0 9 7
4548 0 9 5
1254 0 9 2
1274 0 10 96
1054 0 10 94
1688 0 10 88
4125 0 10 84
2295 0 10 80
2681 0 10 76
301 0 10 72
3348 0 10 66
2142 0 10 62
4119 0 10 57
3894 0 10 52
2024 0 10 48
4104 0 10 43
2111 0 10 38
868 0 10 33
4267 0 10 29
3790 0 10 24
3123 0 10 20
2660 0 10 15
3570 0 10 11
1670 0 10 7
3772 0 10 2
361 0 11 96
2938 0 11 93
2650 0 11 89
2417 0 11 84
1935 0 11 80
1427 0 11 76
4600 0 11 71
317 0 11 69
4932 0 11 64
1507 0 11 61
1844 0 11 56
4330 0 11 52
1233 0 11 48
1442 0 11 43
2048 0 11 38
583 0 11 33
3507 0 11 28
2990 0 11 24
1496 0 11 20
2336 0 11 15
3436 0 11 11
1438 0 11 7
2492 0 11 1
262 0 12 96
2830 0 12 93
2220 0 12 89
2299 0 12 84
446 0 12 80
3165 0 12 74
1171 0 12 71
2698 0 12 68
4432 0 12 64
4793 0 12 60
414 0 12 57
1563 0 12 52
318 0 12 48
1224 0 12 43
460 0 12 38
2866 0 12 32
1798 0 12 29
3186 0 12 24
1133 0 12 20
742 0 12 15
1629 0 12 11
3657 0 12 6
3588 0 12 1
3952 0 13 95
2477 0 13 92
1132 0 13 90
939 0 13 86
3330 0 13 80
617 0 13 74
3502 0 13 70
105 0 13 68
1356 0 13 64
4117 0 13 60
2868 0 13 55
1726 0 13 51
823 0 13 47
790 0 13 43
4315 0 13 37
4502 0 13 33
3218 0 13 28
2328 0 13 24
1091 0 13 20
4767 0 13 14
1458 0 13 8
2663 0 13 4
4145 0 13 1
3547 0 14 95
3541 0 14 91
899 0 14 88
2541 0 14 84
347 0 14 80
4666 0 14 73
158 0 14 69
1696 0 14 64
1255 0 14 60
2776 0 14 55
852 0 14 51
3616 0 14 46
4351 0 14 41
427 0 14 38
1022 0 14 32
4765 0 14 28
2310 0 14 24
3962 0 14 19
4224 0 14 15
3811 0 14 10
804 0 14 6
42 0 14 1
2677 0 15 95
2556 0 15 91
319 0 15 88
4018 0 15 83
4850 0 15 79
4504 0 15 76
3298 0 15 71
1982 0 15 68
4843 0 15 63
3589 0 15 59
1869 0 15 55
483 0 15 51
3071 0 15 46
3329 0 15 41
4282 0 15 37
3520 0 15 33
2480 0 15 28
468 0 15 24
3637 0 15 18
3142 0 15 14
1302 0 15 8
2954 0 15 3
4960 0 16 94
61 0 16 88
2121 0 16 83
2385 0 16 79
1460 0 16 75
4707 0 16 71
4774 0 16 67
3566 0 16 63
2110 0 16 59
2004 0 16 54
840 0 16 50
1539 0 16 45
329 0 16 41
4086 0 16 37
3220 0 16 33
2686 0 16 27
1944 0 16 22
4144 0 16 17
3479 0 16 11
2999 0 16 6
3975 0 16 1
2872 0 17 94
4624 0 17 87
4413 0 17 82
3185 0 17 79
1122 0 17 75
4599 0 17 71
614 0 17 67
6 0 17 63
1292 0 17 59
1227 0 17 54
4225 0 17 49
2008 0 17 45
4390 0 17 40
2268 0 17 37
4638 0 17 32
3833 0 17 28
2831 0 17 23
1428 0 17 20
2070 0 17 14
4811 0 17 7
1914 0 17 1
531 0 18 94
1854 0 18 87
3752 0 18 82
3425 0 18 78
2558 0 18 73
3937 0 18 68
4318 0 18 63
1724 0 18 58
295 0 18 54
3765 0 18 49
1596 0 18 45
2537 0 18 40
457 0 18 37
4217 0 18 32
3344 0 18 28
1296 0 18 23
1573 0 18 19
2390 0 18 15
2457 0 18 10
3825 0 18 5
1677 0 18 1
3754 0 19 93
4605 0 19 88
1784 0 19 83
2023 0 19 79
3969 0 19 74
2844 0 19 70
4857 0 19 67
3418 0 19 62
2787 0 19 57
1270 0 19 52
4783 0 19 47
508 0 19 43
2501 0 19 37
4176 0 19 32
1389 0 19 28
951 0 19 23
1319 0 19 19
935 0 19 15
3620 0 19 9
3791 0 19 5
886 0 19 1
2251 2 0 93
3356 2 0 88
4032 2 0 82
2391 2 0 77
4690 2 0 71
649 2 0 65
195 2 0 61
4579 2 0 55
1576 2 0 50
1374 2 0 45
2077 2 0 40
2485 2 0 36
1243 2 0 32
701 2 0 28
3881 2 0 22
3611 2 0 17
3393 2 0 11
2743 2 0 6
1891 2 1 93
3254 2 1 87
3631 2 1 82
4961 2 1 76
344 2 1 71
884 2 1 64
377 2 1 60
1223 2 1 55
635 2 1 50
1658 2 1 44
1314 2 1 41
3910 2 1 37
3134 2 1 32
3878 2 1 27
286 2 1 22
3352 2 1 16
165 2 1 12
4272 2 1 8
1613 2 1 3
4536 2 2 92
4262 2 2 88
3871 2 2 82
4834 2 2 76
4867 2 2 70
4372 2 2 67
814 2 2 62
670 2 2 57
1146 2 2 51
1593 2 2 46
2870 2 2 41
456 2 2 37
2081 2 2 32
3410 2 2 27
4364 2 2 21
2200 2 2 17
2108 2 2 11
594 2 2 6
3972 2 3 92
1917 2 3 88
2949 2 3 82
3318 2 3 76
4258 2 3 70
4312 2 3 67
297 2 3 62
589 2 3 57
811 2 3 51
549 2 3 46
4336 2 3 40
4582 2 3 35
4968 2 3 32
2920 2 3 27
2408 2 3 21
26 2 3 17
1849 2 3 11
4805 2 3 5
1864 2 4 92
3839 2 4 87
2843 2 4 82
3004 2 4 76
4131 2 4 70
4792 2 4 66
4417 2 4 61
3864 2 4 55
4749 2 4 49
1225 2 4 45
2018 2 4 40
3870 2 4 35
1859 2 4 31
2406 2 4 27
1822 2 4 20
1646 2 4 14
1594 2 4 7
826 2 4 1
1195 2 5 92
3495 2 5 87
2644 2 5 82
2032 2 5 76
641 2 5 70
640 2 5 66
2804 2 5 61
3706 2 5 55
4705 2 5 49
263 2 5 44
3288 2 5 40
2520 2 5 35
4545 2 5 30
4814 2 5 26
256 2 5 22
2857 2 5 16
2148 2 5 11
2283 2 5 5
328 2 7 92
3322 2 7 87
313 2 7 82
1585 2 7 76
588 2 7 70
3794 2 7 65
2278 2 7 60
4715 2 7 54
2082 2 7 49
2025 2 7 43
2327 2 7 37
2038 2 7 32
1080 2 7 27
466 2 7 20
4701 2 7 13
3464 2 7 8
2983 2 7 2
3842 2 8 91
4197 2 8 87
3256 2 8 81
3523 2 8 75
4157 2 8 70
1616 2 8 65
1426 2 8 60
4593 2 8 54
1388 2 8 49
4326 2 8 42
1517 2 8 36
174 2 8 32
783 2 8 27
4671 2 8 19
412 2 8 14
620 2 8 7
230 2 8 1
2551 2 9 91
4177 2 9 87
2566 2 9 81
3429 2 9 75
1756 2 9 70
1068 2 9 65
706 2 9 60
3351 2 9 54
4868 2 9 48
2674 2 9 42
4865 2 9 35
2723 2 9 30
4656 2 9 26
3435 2 9 21
4303 2 9 16
1662 2 9 11
857 2 9 5
1021 2 10 91
3145 2 10 87
2068 2 10 81
2453 2 10 75
3023 2 10 69
120 2 10 64
4700 2 10 59
4806 2 10 53
3749 2 10 49
3797 2 10 42
4393 2 10 35
2383 2 10 30
1016 2 10 26
285 2 10 21
3913 2 10 16
117 2 10 11
3963 2 10 4
3768 2 11 90
906 2 11 86
1793 2 11 80
4663 2 11 73
3932 2 11 68
3740 2 11 63
216 2 11 58
4886 2 11 53
3104 2 11 49
3226 2 11 42
4319 2 11 35
1975 2 11 30
2474 2 11 25
2865 2 11 20
2951 2 11 13
2771 2 11 8
2484 2 11 2
3430 2 12 90
4099 2 12 85
2151 2 12 81
2396 2 12 75
1568 2 12 69
2351 2 12 63
4785 2 12 57
616 2 12 51
2884 2 12 45
4849 2 12 39
2941 2 12 35
1330 2 12 30
3494 2 12 24
960 2 12 18
4906 2 12 13
2731 2 12 7
200 2 12 1
3150 2 13 90
4077 2 13 85
1525 2 13 81
1970 2 13 75
4919 2 13 68
4419 2 13 62
389 2 13 57
4625 2 13 50
1403 2 13 44
2476 2 13 40
1708 2 13 35
719 2 13 30
2303 2 13 24
395 2 13 18
2860 2 13 13
890 2 13 7
2640 2 14 90
3427 2 14 85
172 2 14 81
967 2 14 75
4101 2 14 68
4163 2 14 62
4761 2 14 56
3593 2 14 52
4371 2 14 47
4226 2 14 42
4040 2 14 35
327 2 14 30
1559 2 14 23
519 2 14 19
4618 2 14 13
478 2 14 7
1795 2 15 90
2598 2 15 85
3762 2 15 80
4456 2 15 73
2987 2 15 68
3861 2 15 62
4477 2 15 56
2575 2 15 52
3692 2 15 47
3909 2 15 42
3194 2 15 35
4688 2 15 29
3063 2 15 24
4636 2 15 17
4637 2 15 10
3785 2 15 5
453 2 16 90
2586 2 16 85
2414 2 16 80
2019 2 16 73
1759 2 16 68
2583 2 16 62
4379 2 16 56
1743 2 16 52
441 2 16 47
1775 2 16 42
2848 2 16 35
3424 2 16 29
1789 2 16 24
3638 2 16 17
2852 2 16 10
3291 2 16 5
1906 2 17 89
2266 2 17 84
4890 2 17 79
1469 2 17 74
3610 2 17 69
1710 2 17 63
3970 2 17 57
3835 2 17 50
1660 2 17 43
2193 2 17 37
1674 2 17 32
4644 2 17 26
213 2 17 21
3739 2 17 16
3284 2 17 10
2513 2 17 5
4681 2 18 88
2794 2 18 82
3067 2 18 75
2046 2 18 68
2435 2 18 62
3721 2 18 56
4280 2 18 51
380 2 18 45
4083 2 18 39
1259 2 18 35
2642 2 18 29
1661 2 18 24
3083 2 18 17
1780 2 18 10
4521 2 18 4
3076 2 19 88
2089 2 19 82
2422 2 19 75
1410 2 19 68
1898 2 19 62
2128 2 19 56
2840 2 19 51
254 2 19 45
3333 2 19 39
976 2 19 35
1490 2 19 29
1423 2 19 24
2486 2 19 17
1432 2 19 10
4342 2 19 4
2427 3 0 88
2043 3 0 82
2069 3 0 75
633 3 0 68
321 3 0 62
1996 3 0 56
2146 3 0 51
228 3 0 45
2808 3 0 39
901 3 0 35
1118 3 0 29
280 3 0 24
1683 3 0 17
1139 3 0 10
3832 3 0 4
2525 3 1 87
1654 3 1 81
424 3 1 75
3845 3 1 67
4755 3 1 61
1433 3 1 55
4628 3 1 49
2903 3 1 42
665 3 1 35
4880 3 1 28
3672 3 1 22
2767 3 1 16
1174 3 1 10
3294 3 1 4
2398 3 2 87
528 3 2 81
3580 3 2 74
171 3 2 69
1039 3 2 63
3907 3 2 57
2105 3 2 50
4803 3 2 42
3327 3 2 34
3428 3 2 30
1113 3 2 23
4227 3 2 18
2553 3 2 13
4375 3 2 6
4278 3 3 86
8 3 3 80
1925 3 3 73
2539 3 3 67
2497 3 3 61
1383 3 3 55
3930 3 3 49
2792 3 3 42
979 3 3 34
1852 3 3 30
584 3 3 23
455 3 3 18
2307 3 3 13
3510 3 3 6
2991 3 4 86
2754 3 4 79
925 3 4 74
760 3 4 68
86 3 4 62
593 3 4 56
1967 3 4 51
4726 3 4 44
1545 3 4 40
629 3 4 35
4187 3 4 28
2357 3 4 22
3936 3 4 15
4667 3 4 8
669 3 4 2
107 3 5 86
667 3 5 79
340 3 5 74
470 3 5 68
4757 3 5 61
3822 3 5 54
4672 3 5 48
1203 3 5 42
693 3 5 34
4655 3 5 29
4496 3 5 23
3872 3 5 17
696 3 5 10
38 3 5 4
3315 3 7 85
727 3 7 79
278 3 7 74
3444 3 7 67
2247 3 7 61
2478 3 7 54
3098 3 7 48
2346 3 7 41
4265 3 7 36
136 3 7 32
4617 3 7 26
4631 3 7 20
2629 3 7 13
1765 3 7 6
2968 3 8 85
4376 3 8 78
2215 3 8 73
2136 3 8 67
1718 3 8 61
2131 3 8 54
2706 3 8 48
2102 3 8 41
3916 3 8 36
4059 3 8 31
998 3 8 27
3659 3 8 19
4573 3 8 13
795 3 8 6
931 3 9 85
3127 3 9 78
134 3 9 73
147 3 9 67
1286 3 9 61
839 3 9 54
2503 3 9 48
1170 3 9 41
2207 3 9 36
2599 3 9 31
971 3 9 26
2096 3 9 20
2338 3 9 13
305 3 9 6
4730 3 10 84
3007 3 10 79
4878 3 10 73
3670 3 10 66
2011 3 10 61
4952 3 10 53
2688 3 10 49
2289 3 10 42
4337 3 10 33
2596 3 10 27
965 3 10 19
4520 3 10 12
4017 3 10 8
449 3 10 2
3844 3 11 84
2791 3 11 79
3079 3 11 73
3490 3 11 66
942 3 11 61
4199 3 11 53
35 3 11 49
2034 3 11 42
3273 3 11 33
2448 3 11 27
2040 3 11 18
2177 3 11 13
4080 3 11 5
2931 3 12 83
4930 3 12 77
4476 3 12 71
4407 3 12 63
2562 3 12 57
127 3 12 50
4029 3 12 42
2696 3 12 33
1672 3 12 27
255 3 12 18
2126 3 12 13
3118 3 12 5
2163 3 13 83
4802 3 13 77
4433 3 13 71
4096 3 13 63
2184 3 13 57
4047 3 13 49
1100 3 13 42
1007 3 13 33
905 3 13 27
3784 3 13 17
2524 3 13 9
4698 3 13 4
4050 3 14 81
3337 3 14 74
3197 3 14 67
3367 3 14 60
3100 3 14 54
1947 3 14 48
109 3 14 41
1072 3 14 36
544 3 14 31
4443 3 14 25
4595 3 14 19
4156 3 14 12
2240 3 14 8
4776 3 14 1
3764 3 15 81
2623 3 15 74
3136 3 15 67
1876 3 15 60
2378 3 15 54
33 3 15 48
4320 3 15 40
4132 3 15 34
3534 3 15 29
2817 3 15 23
765 3 15 17
1966 3 15 9
4201 3 15 4
3158 3 16 80
1480 3 16 73
898 3 16 66
3787 3 16 60
4836 3 16 53
4409 3 16 48
3128 3 16 40
3933 3 16 34
3402 3 16 29
1965 3 16 23
2786 3 16 16
772 3 16 10
4936 3 16 3
4418 3 17 79
2744 3 17 73
3109 3 17 65
3781 3 17 59
3992 3 17 53
3988 3 17 48
1956 3 17 40
486 3 17 34
2665 3 17 29
1867 3 17 23
2287 3 17 16
4928 3 17 9
1971 3 17 4
914 3 18 79
2572 3 18 73
379 3 18 65
1827 3 18 59
3603 3 18 53
1566 3 18 48
782 3 18 40
4223 3 18 33
4535 3 18 26
144 3 18 20
1968 3 18 13
1889 3 18 5
755 3 19 78
2716 3 19 72
2952 3 19 66
3714 3 19 60
2580 3 19 53
462 3 19 48
3854 3 19 39
806 3 19 35
3918 3 19 28
1112 3 19 22
3481 3 19 15
1850 3 19 8
4524 3 19 1
1371 4 5 77
3036 4 5 71
3559 4 5 63
1943 4 5 57
3834 4 5 49
2576 4 5 41
571 4 5 36
3586 4 5 30
4855 4 5 22
711 4 5 15
764 4 5 8
4281 4 5 1
3013 4 7 74
2918 4 7 67
1451 4 7 60
2431 4 7 53
4616 4 7 47
3455 4 7 41
11 4 7 36
3147 4 7 30
3408 4 7 22
459 4 7 15
744 4 7 8
1492 5 0 69
546 5 0 63
84 5 0 57
3211 5 0 49
1317 5 0 41
1276 5 0 35
1772 5 0 28
450 5 0 22
3423 5 0 14
281 5 0 7
3008 5 1 66
3132 5 1 60
537 5 1 53
1581 5 1 47
1787 5 1 41
986 5 1 35
330 5 1 28
438 5 1 22
2530 5 1 14
3779 5 1 6
3376 5 2 98
3957 5 2 93
2907 5 2 87
17 5 2 81
1505 5 2 74
1277 5 2 67
1097 5 2 60
132 5 2 53
563 5 2 47
14 5 2 41
831 5 2 35
3563 5 2 27
3397 5 2 17
4800 5 2 8
3365 5 3 97
2923 5 3 92
3108 5 3 87
3025 5 3 80
3729 5 3 72
4000 5 3 65
1283 5 3 59
2717 5 3 53
463 5 3 47
4293 5 3 40
3334 5 3 33
4274 5 3 26
4668 5 3 19
3716 5 3 12
1959 5 3 8
1791 5 5 97
2584 5 5 92
2946 5 5 87
3143 5 5 79
1293 5 5 73
3468 5 5 64
3235 5 5 59
1686 5 5 53
3964 5 5 46
4025 5 5 40
1649 5 5 33
4100 5 5 26
3993 5 5 19
2285 5 5 12
4710 5 5 7
4345 5 9 96
1664 5 9 93
2781 5 9 87
2813 5 9 79
3947 5 9 72
3774 5 9 65
4751 5 9 58
3386 5 9 53
1154 5 9 46
3789 5 9 40
77 5 9 33
3921 5 9 26
3587 5 9 19
4198 5 9 11
2713 5 9 4
153 5 11 96
948 5 11 93
1063 5 11 87
2294 5 11 79
2548 5 11 72
3477 5 11 65
4180 5 11 58
3221 5 11 53
4657 5 11 45
753 5 11 39
3517 5 11 34
2231 5 11 29
1762 5 11 23
856 5 11 16
4044 5 11 9
1886 5 11 4
3556 5 13 95
4309 5 13 90
2344 5 13 85
3110 5 13 77
1855 5 13 71
1685 5 13 63
4833 5 13 56
1922 5 13 51
4466 5 13 44
1263 5 13 40
4042 5 13 32
4534 5 13 26
2799 5 13 19
3457 5 13 11
1092 5 13 4
1082 5 15 95
4306 5 15 90
947 5 15 85
1808 5 15 77
1187 5 15 71
1014 5 15 63
2186 5 15 56
4959 5 15 50
3980 5 15 42
835 5 15 33
3802 5 15 26
1879 5 15 19
3155 5 15 11
4277 5 15 3
1065 5 16 95
3841 5 16 90
3260 5 16 84
1785 5 16 79
1331 5 16 72
3137 5 16 65
3944 5 16 58
1531 5 16 53
3920 5 16 45
628 5 16 39
2134 5 16 33
2260 5 16 26
1587 5 16 19
507 5 16 11
3057 5 16 3
828 5 17 95
2546 5 17 90
1322 5 17 84
668 5 17 79
4048 5 17 71
487 5 17 63
1913 5 17 56
2730 5 17 50
2092 5 17 42
521 5 17 33
989 5 17 26
847 5 17 19
4454 5 17 10
4728 5 17 3
636 5 18 95
2494 5 18 90
348 5 18 84
53 5 18 79
3645 5 18 71
3813 5 18 62
4526 5 18 55
2775 5 18 49
4314 5 18 40
3264 5 18 32
4529 5 18 26
75 5 18 19
3771 5 18 10
4724 5 18 3
4555 5 19 94
921 5 19 87
1998 5 19 79
2252 5 19 71
3961 5 19 61
2879 5 19 53
3780 5 19 45
197 5 19 39
384 5 19 33
4240 5 19 25
2471 5 19 19
3395 5 19 10
3971 5 19 3
3767 6 0 94
4665 6 0 86
324 6 0 79
401 6 0 71
3473 6 0 61
2765 6 0 53
2170 6 0 45
4308 6 0 38
503 6 0 32
4485 6 0 26
4922 6 0 18
3728 6 0 12
3215 6 0 7
472 6 1 94
3577 6 1 86
916 6 1 78
4270 6 1 71
2037 6 1 61
1572 6 1 53
56 6 1 45
4078 6 1 38
4288 6 1 31
4030 6 1 25
2388 6 1 19
3172 6 1 9
928 6 1 4
4095 6 2 93
961 6 2 87
731 6 2 79
4357 6 2 70
4640 6 2 64
304 6 2 59
192 6 2 53
3148 6 2 44
3848 6 2 39
13 6 2 33
495 6 2 25
2145 6 2 19
1734 6 2 9
4206 6 2 3
3167 6 3 93
500 6 3 87
4871 6 3 78
4135 6 3 71
522 6 3 61
3942 6 3 52
4741 6 3 46
2679 6 3 40
2626 6 3 32
2927 6 3 26
4486 6 3 18
2608 6 3 12
2924 6 3 7
2881 6 5 93
4273 6 5 86
113 6 5 78
3431 6 5 71
3860 6 5 60
4531 6 5 52
4421 6 5 46
312 6 5 40
1543 6 5 32
249 6 5 26
3917 6 5 18
568 6 5 12
1414 6 5 7
3011 6 7 92
1974 6 7 87
3635 6 7 78
3287 6 7 71
2118 6 7 60
4302 6 7 52
4120 6 7 46
4591 6 7 39
3658 6 7 32
4951 6 7 25
1599 6 7 19
1105 6 7 9
3474 6 7 3
2117 6 8 92
866 6 8 87
1860 6 8 78
2986 6 8 71
4387 6 8 59
4885 6 8 52
3724 6 8 46
3357 6 8 39
1046 6 8 32
4268 6 8 25
4733 6 8 18
3177 6 8 11
1260 6 8 3
1907 6 9 92
1439 6 9 86
3263 6 9 77
431 6 9 71
3795 6 9 59
4505 6 9 52
3041 6 9 46
3180 6 9 39
4662 6 9 31
3888 6 9 25
3420 6 9 18
2659 6 9 11
4818 6 9 2
1333 6 11 92
1011 6 11 86
2680 6 11 77
4896 6 11 70
3295 6 11 64
4111 6 11 58
96 6 11 53
2499 6 11 44
309 6 11 39
3846 6 11 31
3641 6 11 25
2611 6 11 18
1993 6 11 11
2961 6 11 2
2493 6 13 91
4963 6 13 86
1651 6 13 77
2472 6 13 70
2856 6 13 64
3417 6 13 58
4437 6 13 52
2982 6 13 46
4427 6 13 38
4185 6 13 31
3371 6 13 25
2191 6 13 18
926 6 13 11
2945 6 13 2
1445 6 19 91
3267 6 19 86
803 6 19 77
1256 6 19 70
1483 6 19 64
3010 6 19 58
3339 6 19 52
2574 6 19 46
4405 6 19 38
4138 6 19 31
2880 6 19 25
2085 6 19 18
491 6 19 11
652 6 19 2
4736 7 3 90
245 7 3 84
3336 7 3 78
2761 7 3 71
1801 7 3 59
2582 7 3 52
4937 7 3 45
2244 7 3 38
4058 7 3 31
2437 7 3 25
1595 7 3 18
4127 7 3 10
3840 7 3 3
2095 7 5 90
4654 7 5 83
4499 7 5 77
1028 7 5 70
4633 7 5 62
2814 7 5 55
2067 7 5 49
2375 7 5 40
4795 7 5 31
2282 7 5 25
1168 7 5 18
3705 7 5 10
3715 7 5 2
271 7 7 90
3107 7 7 82
754 7 7 75
3240 7 7 67
4181 7 7 59
2377 7 7 51
3786 7 7 44
2341 7 7 38
3544 7 7 31
2087 7 7 25
726 7 7 18
3341 7 7 10
1516 7 7 2
1727 7 10 89
2098 7 10 84
2652 7 10 78
1806 7 10 71
1188 7 10 59
1382 7 10 51
3651 7 10 44
1397 7 10 38
1804 7 10 31
3755 7 10 24
2311 7 10 15
474 7 10 8
4763 7 11 88
1564 7 11 82
4123 7 11 74
787 7 11 67
2700 7 11 59
1335 7 11 51
3238 7 11 44
2849 7 11 37
3160 7 11 31
3669 7 11 24
1862 7 11 15
423 7 11 8
4513 7 13 87
934 7 13 78
1457 7 13 71
920 7 13 59
1206 7 13 51
2957 7 13 44
2591 7 13 37
632 7 13 31
2301 7 13 24
1847 7 13 15
403 7 13 8
1417 7 15 87
4213 7 15 77
4782 7 15 69
4218 7 15 62
2323 7 15 55
3077 7 15 48
3793 7 15 39
3266 7 15 31
930 7 15 24
4942 7 15 14
716 7 15 6
4969 7 17 86
4073 7 17 76
4235 7 17 69
2507 7 17 62
927 7 17 55
1215 7 17 48
3656 7 17 39
2135 7 17 31
912 7 17 24
3654 7 17 14
385 7 17 6
4547 7 19 86
4062 7 19 76
1790 7 19 69
1264 7 19 61
2491 7 19 52
4835 7 19 45
2015 7 19 38
484 7 19 31
4327 7 19 23
4641 7 19 15
3492 7 19 7
2439 8 0 86
3943 8 0 76
1241 8 0 69
2319 8 0 60
3817 8 0 52
4460 8 0 45
975 8 0 38
164 8 0 31
3955 8 0 23
2977 8 0 15
3480 8 0 7
201 8 1 86
1405 8 1 76
943 8 1 69
1150 8 1 60
3120 8 1 52
4313 8 1 45
2273 8 1 37
4528 8 1 30
1754 8 1 22
653 8 1 14
4276 8 1 4
4541 8 7 85
4955 8 7 76
516 8 7 69
1093 8 7 60
2932 8 7 52
3927 8 7 45
4875 8 7 36
2925 8 7 30
1341 8 7 22
2209 8 7 13
751 8 7 5
3448 8 9 85
4171 8 9 76
447 8 9 69
690 8 9 60
2669 8 9 52
3184 8 9 45
3272 8 9 36
1920 8 9 30
2842 8 9 21
3622 8 9 16
3045 8 9 9
2263 8 9 3
2653 8 10 85
3499 8 10 76
4304 8 10 68
3922 8 10 61
4762 8 10 51
1323 8 10 44
4334 8 10 36
1062 8 10 30
1640 8 10 21
3581 8 10 16
359 8 10 9
1725 8 10 3
859 8 11 85
3293 8 11 76
4094 8 11 68
2631 8 11 61
3831 8 11 51
2205 8 11 43
1797 8 11 37
1574 8 11 30
1053 8 11 21
3388 8 11 16
3979 8 11 8
621 8 13 83
3000 8 13 77
3941 8 13 69
4507 8 13 59
995 8 13 51
1955 8 13 43
1409 8 13 37
3912 8 13 29
1151 8 13 23
2809 8 13 15
1104 8 13 7
3450 8 15 82
3031 8 15 74
367 8 15 67
1694 8 15 59
4769 8 15 50
1839 8 15 42
43 8 15 33
4184 8 15 24
2206 8 15 14
3469 8 15 4
1601 8 17 82
763 8 17 74
311 8 17 67
858 8 17 59
3403 8 17 50
89 8 17 42
4102 8 17 32
3496 8 17 25
659 8 17 18
2959 8 17 10
1359 8 17 2
3525 8 19 80
2796 8 19 72
2886 8 19 65
3261 8 19 58
3192 8 19 52
2588 8 19 45
3116 8 19 36
863 8 19 30
562 8 19 21
3311 8 19 16
3796 8 19 8
2639 9 0 80
513 9 0 72
3594 9 0 64
1908 9 0 58
2505 9 0 52
2568 9 0 45
2838 9 0 36
1501 9 0 29
1095 9 0 23
2180 9 0 15
27 9 0 7
1768 9 1 80
399 9 1 72
3296 9 1 64
980 9 1 58
2012 9 1 52
4970 9 1 44
3886 9 1 36
1158 9 1 29
1006 9 1 23
1172 9 1 15
3422 9 1 6
4542 9 2 79
687 9 2 70
2123 9 2 62
4920 9 2 54
4635 9 2 47
3873 9 2 40
4346 9 2 31
3164 9 2 23
602 9 2 15
2447 9 2 6
3452 9 3 79
682 9 3 69
4196 9 3 59
2899 9 3 50
80 9 3 42
3856 9 3 32
3042 9 3 25
142 9 3 18
2745 9 3 10
4239 9 3 1
82 9 4 78
793 9 4 71
4958 9 4 58
4522 9 4 51
529 9 4 43
352 9 4 37
2358 9 4 29
4899 9 4 22
2563 9 4 12
177 9 4 7
2271 9 5 77
3485 9 5 69
3668 9 5 59
2088 9 5 50
3354 9 5 41
3713 9 5 34
3545 9 5 28
4509 9 5 21
3027 9 5 15
936 9 5 6
1116 9 7 77
2773 9 7 69
2233 9 7 58
4366 9 7 51
440 9 7 43
4913 9 7 36
3946 9 7 28
3154 9 7 21
834 9 7 15
499 9 7 6
622 9 9 76
2339 9 9 68
4718 9 9 60
1212 9 9 52
4380 9 9 44
2695 9 9 36
3182 9 9 28
1992 9 9 21
820 9 9 15
398 9 9 6
4010 9 13 75
2972 9 13 67
4887 9 13 58
2039 9 13 51
4349 9 13 42
451 9 13 32
2549 9 13 25
4781 9 13 17
3056 9 13 8
3686 9 15 74
3432 9 15 66
2454 9 15 60
605 9 15 52
4263 9 15 44
1177 9 15 36
3035 9 15 28
131 9 15 21
664 9 15 15
4940 9 15 5
3884 9 17 97
1437 9 17 92
4472 9 17 85
1098 9 17 76
1909 9 17 68
3847 9 17 60
2836 9 17 51
4172 9 17 42
253 9 17 32
1700 9 17 25
4518 9 17 17
2007 9 17 8
3742 10 5 96
3939 10 5 92
4444 10 5 85
3151 10 5 75
1931 10 5 67
4252 10 5 58
4191 10 5 50
3138 10 5 41
1650 10 5 34
3442 10 5 28
2788 10 5 20
169 10 5 13
108 10 5 5
3034 10 7 96
3649 10 7 92
4088 10 7 85
1623 10 7 75
1190 10 7 67
2981 10 7 58
3303 10 7 50
1185 10 7 41
1429 10 7 34
1366 10 7 28
1713 10 7 20
1124 10 7 12
4626 10 7 6
4908 10 9 95
2000 10 9 90
2643 10 9 82
4210 10 9 73
1083 10 9 64
514 10 9 58
3262 10 9 50
4883 10 9 40
4155 10 9 31
2955 10 9 23
3053 10 9 14
2001 10 9 4
1671 10 11 95
1085 10 11 90
2232 10 11 82
3996 10 11 73
4687 10 11 63
791 10 11 56
2441 10 11 50
4167 10 11 40
871 10 11 31
2943 10 11 23
2490 10 11 14
1466 10 11 4
3702 10 13 94
3519 10 13 86
520 10 13 76
1493 10 13 68
3385 10 13 60
2635 10 13 51
945 10 13 42
2466 10 13 31
2589 10 13 23
1740 10 13 14
566 10 13 4
2350 10 15 94
3201 10 15 86
3689 10 15 75
1144 10 15 67
802 10 15 58
1282 10 15 50
4113 10 15 40
3292 10 15 30
4065 10 15 20
4772 10 15 11
651 10 15 2
548 10 17 94
3040 10 17 86
3199 10 17 75
308 10 17 67
666 10 17 58
1272 10 17 50
4005 10 17 40
3101 10 17 30
2975 10 17 20
4721 10 17 11
283 10 17 2
3059 10 18 93
1741 10 18 86
4840 10 18 74
3125 10 18 66
1799 10 18 60
2028 10 18 51
730 10 18 42
1534 10 18 31
1748 10 18 23
1298 10 18 14
4586 10 18 3
3039 10 19 93
4208 10 19 85
4397 10 19 74
904 10 19 66
1036 10 19 60
1612 10 19 51
270 10 19 41
345 10 19 34
363 10 19 28
217 10 19 20
4289 10 19 11
4789 10 19 1
2861 11 1 93
3924 11 1 85
2900 11 1 74
551 11 1 66
1008 11 1 60
2850 11 1 50
1137 11 1 40
3058 11 1 30
2877 11 1 20
2762 11 1 11
2628 11 1 1
1999 11 2 93
3207 11 2 85
2811 11 2 74
2996 11 2 65
3133 11 2 58
232 11 2 50
4627 11 2 39
1502 11 2 31
436 11 2 23
307 11 2 14
4193 11 2 3
4009 11 3 92
3757 11 3 85
4275 11 3 71
1088 11 3 58
60 11 3 50
2988 11 3 39
485 11 3 31
3991 11 3 22
1676 11 3 12
4356 11 3 6
3647 11 4 92
2399 11 4 85
1655 11 4 71
725 11 4 58
4554 11 4 49
2304 11 4 40
1877 11 4 30
2371 11 4 20
894 11 4 11
2428 11 4 1
2179 11 5 92
1542 11 5 85
4759 11 5 70
1994 11 5 62
4109 11 5 54
4516 11 5 47
2305 11 5 40
1834 11 5 30
585 11 5 20
4861 11 5 10
4026 11 5 1
1051 11 9 92
4248 11 9 84
92 11 9 78
705 11 9 71
2555 11 9 57
3038 11 9 49
1487 11 9 40
4098 11 9 29
4403 11 9 22
604 11 9 12
3024 11 9 6
4854 11 11 91
3338 11 11 85
2889 11 11 70
154 11 11 62
1736 11 11 54
4020 11 11 47
3960 11 11 39
2818 11 11 30
4146 11 11 19
4564 11 11 8
4704 11 13 91
3049 11 13 85
2802 11 13 69
1733 11 13 58
4168 11 13 49
4152 11 13 39
2600 11 13 30
3911 11 13 19
2234 11 13 8
2434 11 15 91
1711 11 15 85
2793 11 15 69
1506 11 15 58
3950 11 15 49
3203 11 15 39
2440 11 15 30
3808 11 15 19
1669 11 15 8
1691 11 17 91
1665 11 17 85
1354 11 17 69
4398 11 17 57
1911 11 17 49
3095 11 17 39
4630 11 17 29
1380 11 17 22
3761 11 17 11
1017 11 17 1
1477 11 18 91
729 11 18 85
269 11 18 69
3707 11 18 57
819 11 18 49
2554 11 18 39
2370 11 18 29
825 11 18 22
275 11 18 11
3902 11 18 1
1173 11 19 91
3482 11 19 84
3983 11 19 77
291 11 19 69
3281 11 19 57
714 11 19 49
1453 11 19 39
103 11 19 29
518 11 19 22
4832 11 19 10
2590 11 19 1
547 12 1 91
2919 12 1 84
1157 12 1 77
4561 12 1 68
3204 12 1 60
1800 12 1 50
2755 12 1 39
3487 12 1 28
4368 12 1 19
1052 12 1 8
46 12 2 91
953 12 2 84
587 12 2 77
4495 12 2 68
2264 12 2 60
3935 12 2 49
1145 12 2 39
2482 12 2 28
4158 12 2 19
954 12 2 8
3561 12 3 90
1933 12 3 82
3526 12 3 73
4382 12 3 63
266 12 3 56
874 12 3 50
1673 12 3 39
3535 12 3 27
1226 12 3 17
1015 12 3 8
2162 12 4 90
1874 12 4 82
2394 12 4 73
3380 12 4 63
30 12 4 56
4230 12 4 49
850 12 4 39
2705 12 4 27
4965 12 4 16
2366 12 4 8
1861 12 5 90
1197 12 5 82
176 12 5 73
1450 12 5 63
23 12 5 56
4074 12 5 49
336 12 5 39
1737 12 5 27
4594 12 5 16
1767 12 5 8
4634 12 6 89
1875 12 6 84
4876 12 6 76
1304 12 6 68
1219 12 6 60
2885 12 6 49
4950 12 6 38
3562 12 6 30
3190 12 6 19
1455 12 6 7
202 12 8 89
845 12 8 83
2891 12 8 77
4134 12 8 68
902 12 8 60
917 12 8 49
4133 12 8 38
2592 12 8 30
2150 12 8 19
70 12 8 7
4734 12 9 88
542 12 9 82
4458 12 9 72
1679 12 9 64
2053 12 9 57
199 12 9 49
2763 12 9 38
1373 12 9 30
1557 12 9 19
2607 12 9 6
4428 12 11 88
1872 12 11 81
1096 12 11 74
1111 12 11 65
3084 12 11 58
3093 12 11 49
205 12 11 38
713 12 11 30
219 12 11 19
2424 12 11 6
4350 12 13 86
4971 12 13 73
7 12 13 63
3015 12 13 55
1138 12 13 48
3661 12 13 38
1518 12 13 29
4552 12 13 21
2752 12 13 14
3904 12 13 3
3231 12 15 86
3652 12 15 73
4946 12 15 62
1689 12 15 54
2166 12 15 47
3409 12 15 39
1663 12 15 27
4445 12 15 16
4219 12 15 7
1252 13 1 86
3443 13 1 73
4296 13 1 62
3567 13 1 53
2320 13 1 44
807 13 1 36
963 13 1 28
2425 13 1 19
4954 13 1 5
3734 13 6 85
493 13 6 68
3940 13 6 59
712 13 6 50
1420 13 6 39
996 13 6 27
4621 13 6 15
4587 13 6 5
1895 13 8 85
2937 13 8 67
416 13 8 58
2072 13 8 49
4902 13 8 37
2290 13 8 29
1430 13 8 21
2143 13 8 14
3014 13 8 3
504 13 9 85
4057 13 9 66
173 13 9 60
1324 13 9 48
2093 13 9 38
1315 13 9 29
4838 13 9 20
1073 13 9 10
2127 13 9 1
3536 13 11 84
2552 13 11 76
3885 13 11 67
204 13 11 58
4064 13 11 48
326 13 11 38
41 13 11 29
2265 13 11 20
4174 13 11 9
1136 13 11 3
1752 13 13 84
1812 13 13 76
2368 13 13 67
4049 13 13 57
3426 13 13 48
4699 13 13 37
358 13 13 29
1803 13 13 20
2917 13 13 9
988 13 13 3
471 13 15 82
4159 13 15 72
4283 13 15 63
1634 13 15 55
3065 13 15 47
2229 13 15 39
907 13 15 27
4581 13 15 15
2967 13 15 5
3826 13 16 80
3648 13 16 71
3276 13 16 56
3401 13 16 49
4571 13 16 37
227 13 16 29
1504 13 16 19
4106 13 16 5
4071 13 17 79
4572 13 17 68
3673 13 17 59
3212 13 17 49
4076 13 17 37
4142 13 17 27
1815 13 17 14
2944 13 17 3
2756 13 18 77
2770 13 18 68
3236 13 18 59
3135 13 18 49
2702 13 18 37
3381 13 18 27
1291 13 18 14
2172 13 18 3
4307 13 19 68
2083 13 19 59
2331 13 19 49
2345 13 19 37
2661 13 19 27
4719 13 19 13
3404 13 19 4
3553 14 1 66
4879 14 1 59
3640 14 1 48
2133 14 1 37
1334 14 1 27
2176 14 1 13
3392 14 1 4
118 14 3 65
4203 14 3 57
582 14 3 48
929 14 3 37
1258 14 3 27
832 14 3 13
1509 14 3 4
761 14 4 62
2570 14 4 53
2010 14 4 44
634 14 4 36
3751 14 4 27
4729 14 4 12
1976 14 4 6
3504 14 5 93
1735 14 5 85
2567 14 5 66
3509 14 5 59
3394 14 5 48
422 14 5 37
1221 14 5 27
4238 14 5 9
323 14 5 2
2694 14 6 93
722 14 6 85
1527 14 6 66
2140 14 6 59
4492 14 6 47
489 14 6 39
3949 14 6 25
2710 14 6 17
2869 14 6 7
1814 14 8 93
715 14 8 85
2488 14 8 65
2815 14 8 57
439 14 8 48
372 14 8 37
1202 14 8 27
1934 14 8 9
3945 14 8 1
1742 14 9 93
4731 14 9 84
1140 14 9 76
2013 14 9 67
3274 14 9 57
4178 14 9 47
4271 14 9 38
3800 14 9 28
2086 14 9 19
3216 14 9 5
1500 14 11 93
1367 14 11 84
322 14 11 76
1465 14 11 67
2614 14 11 57
3726 14 11 47
2936 14 11 38
972 14 11 28
1816 14 11 19
2313 14 11 5
1010 14 13 93
371 14 13 84
4842 14 13 75
3948 14 13 66
2774 14 13 58
2047 14 13 48
40 14 13 37
1033 14 13 27
1912 14 13 8
386 14 15 92
3106 14 15 84
4646 14 15 75
1204 14 15 66
2333 14 15 58
360 14 15 48
4511 14 15 36
1865 14 15 27
1109 14 15 7
4244 14 16 91
221 14 16 84
2173 14 16 75
287 14 16 66
1829 14 16 58
4311 14 16 47
2795 14 16 38
660 14 16 28
550 14 16 19
81 14 16 5
2657 14 17 91
186 14 17 84
104 14 17 75
4607 14 17 65
2859 14 17 56
2610 14 17 49
2253 14 17 37
163 14 17 27
645 14 17 7
1611 14 18 91
2450 14 18 83
1121 14 18 77
2306 14 18 68
1792 14 18 59
4052 14 18 47
1020 14 18 38
615 14 18 28
543 14 18 19
2353 14 18 3
1394 14 19 91
2226 14 19 83
334 14 19 77
946 14 19 68
1372 14 19 59
3075 14 19 47
3189 14 19 37
1615 14 19 26
3863 14 19 18
1969 14 19 10
1769 14 19 1
1208 15 1 91
2192 15 1 83
97 15 1 77
3681 15 1 67
1805 15 1 57
3684 15 1 47
2711 15 1 37
4727 15 1 25
1297 15 1 17
2189 15 1 7
732 15 3 91
1358 15 3 83
3119 15 3 76
1057 15 3 67
394 15 3 57
2109 15 3 47
2670 15 3 37
3703 15 3 24
1693 15 3 14
1988 15 3 3
4523 15 4 90
3592 15 4 81
467 15 4 74
160 15 4 65
4847 15 4 55
2874 15 4 47
2603 15 4 37
1946 15 4 24
1262 15 4 14
1249 15 4 3
1209 15 5 90
4859 15 5 80
3414 15 5 71
1207 15 5 56
2404 15 5 49
4004 15 5 36
224 15 5 27
3750 15 5 6
955 15 6 90
2855 15 6 80
2250 15 6 71
388 15 6 56
2171 15 6 49
3440 15 6 36
10 15 6 27
2625 15 6 5
234 15 8 90
4851 15 8 79
3571 15 8 68
1059 15 8 59
4550 15 8 46
3018 15 8 38
2291 15 8 27
3600 15 8 3
4118 15 9 89
813 15 9 83
2715 15 9 76
3400 15 9 66
4141 15 9 57
1915 15 9 46
4072 15 9 37
1776 15 9 24
3243 15 9 13
837 15 9 4
1732 15 11 89
4455 15 11 82
3899 15 11 72
853 15 11 63
1120 15 11 55
2832 15 11 47
1562 15 11 37
3953 15 11 23
4828 15 11 13
539 15 11 4
3486 15 13 88
4343 15 13 80
293 15 13 71
2359 15 13 54
272 15 13 47
430 15 13 37
1194 15 13 22
3869 15 13 10
883 15 13 1
3447 16 1 88
3373 16 1 80
4200 16 1 70
4115 16 1 61
4566 16 1 50
1413 16 1 39
1682 16 1 25
581 16 1 17
873 16 1 7
3068 16 3 88
2058 16 3 80
3102 16 3 69
3753 16 3 56
1987 16 3 49
1958 16 3 36
4569 16 3 26
3747 16 3 18
3815 16 3 9
3153 16 3 1
2898 16 6 88
1936 16 6 80
1077 16 6 69
2267 16 6 56
1031 16 6 49
1825 16 6 36
2270 16 6 26
3745 16 6 18
1952 16 6 9
2284 16 6 1
1431 16 8 88
4839 16 8 79
1189 16 8 68
968 16 8 59
4514 16 8 46
3744 16 8 37
808 16 8 21
506 16 8 14
265 16 8 3
381 16 9 88
3285 16 9 79
717 16 9 68
418 16 9 59
3176 16 9 46
3573 16 9 37
3028 16 9 20
1029 16 9 9
836 16 9 1
3807 16 11 87
3270 16 11 77
3633 16 11 67
4231 16 11 56
592 16 11 49
1071 16 11 36
1449 16 11 26
3319 16 11 18
1904 16 11 9
2161 16 13 87
2416 16 13 77
2888 16 13 67
3087 16 13 56
4150 16 13 48
4394 16 13 36
4448 16 13 25
2790 16 13 16
3849 16 13 7
1229 16 14 87
2255 16 14 77
2619 16 14 67
4813 16 14 55
1520 16 14 47
419 16 14 37
1070 16 14 20
810 16 14 9
987 16 15 87
1706 16 15 76
1565 16 15 66
4089 16 15 57
166 16 15 46
1548 16 15 37
3814 16 15 19
1582 16 15 9
210 16 16 87
1461 16 16 76
524 16 16 66
4019 16 16 57
4939 16 16 45
663 16 16 36
1179 16 16 25
3743 16 16 15
2613 16 16 5
3934 16 17 86
2090 16 17 73
3086 16 17 62
2141 16 17 53
1712 16 17 44
4606 16 17 35
448 16 17 27
178 16 17 3
2922 16 18 86
299 16 18 73
1511 16 18 62
1547 16 18 53
2309 16 18 43
4901 16 18 36
74 16 18 25
2246 16 18 15
1166 16 18 5
2022 16 19 86
4678 16 19 72
554 16 19 63
997 16 19 55
1285 16 19 47
1556 16 19 36
4661 16 19 24
3233 16 19 13
4412 16 19 3
1508 17 1 86
3880 17 1 72
4708 17 1 62
1108 17 1 53
1265 17 1 43
4415 17 1 36
3224 17 1 24
1953 17 1 13
2593 17 1 3
4490 17 3 85
3286 17 3 63
774 17 3 55
1075 17 3 47
924 17 3 36
1777 17 3 24
599 17 3 13
4725 17 3 2
2585 17 5 85
962 17 5 63
533 17 5 55
4799 17 5 46
1528 17 5 37
1126 17 5 19
1355 17 5 9
2116 17 6 85
877 17 6 55
1245 17 6 46
4031 17 6 36
1047 17 6 23
4189 17 6 13
1060 17 6 2
1161 17 8 85
3193 17 8 54
4401 17 8 46
1312 17 8 36
702 17 8 23
2587 17 8 13
191 17 8 2
2017 17 9 84
4691 17 9 74
4653 17 9 64
1247 17 9 57
3471 17 9 45
2443 17 9 35
1845 17 9 26
2139 17 9 18
762 17 9 9
140 17 11 83
1614 17 11 76
3251 17 11 65
4359 17 11 55
882 17 11 46
673 17 11 36
4674 17 11 22
881 17 11 9
45 17 13 83
3290 17 13 75
1540 17 13 65
3926 17 13 55
320 17 13 46
612 17 13 36
3091 17 13 22
1421 17 13 8
2279 17 14 82
3097 17 14 72
3331 17 14 62
750 17 14 53
4745 17 14 42
302 17 14 31
1135 17 14 22
619 17 14 8
2144 17 15 82
4584 17 15 71
2223 17 15 54
909 17 15 46
175 17 15 36
1972 17 15 22
3905 17 15 6
1598 17 16 81
4903 17 16 73
2606 17 16 61
4434 17 16 50
977 17 16 39
2579 17 16 24
4948 17 16 12
2397 17 16 5
1238 17 17 80
849 17 17 69
862 17 17 56
2858 17 17 48
2719 17 17 36
3126 17 17 21
3178 17 17 13
4737 17 17 1
3210 17 18 76
3105 17 18 65
469 17 18 55
2050 17 18 45
1606 17 18 35
1549 17 18 26
1067 17 18 18
2812 17 18 8
3837 17 19 75
2544 17 19 64
4686 17 19 56
1899 17 19 48
444 17 19 36
578 17 19 21
2337 17 19 13
4706 17 19 1
2348 18 1 73
721 18 1 61
4087 18 1 50
458 18 1 39
1831 18 1 24
3579 18 1 12
1981 18 1 5
4257 18 3 91
1018 18 3 83
1919 18 3 75
2534 18 3 64
4022 18 3 56
1632 18 3 48
4426 18 3 35
4660 18 3 25
1782 18 3 15
700 18 3 5
3019 18 5 91
728 18 5 83
704 18 5 75
2016 18 5 63
152 18 5 55
1619 18 5 45
1183 18 5 35
4611 18 5 25
4013 18 5 14
4612 18 5 2
2052 18 6 91
4294 18 6 82
1094 18 6 71
2342 18 6 53
4034 18 6 42
2413 18 6 30
777 18 6 18
4889 18 6 7
766 18 8 91
4195 18 8 82
3259 18 8 70
4938 18 8 60
3483 18 8 47
121 18 8 36
2847 18 8 20
3359 18 8 8
1278 18 9 90
3756 18 9 79
3723 18 9 67
3141 18 9 55
2115 18 9 43
3759 18 9 36
4471 18 9 19
4588 18 9 7
1115 18 11 90
3445 18 11 79
4956 18 11 66
3021 18 11 57
2627 18 11 45
3827 18 11 34
3540 18 11 27
4166 18 11 17
553 18 11 7
2862 19 11 89
2224 19 11 82
2538 19 11 70
3250 19 11 60
2963 19 11 47
3798 19 11 35
4070 19 11 25
3242 19 11 13
4335 19 11 1
2296 19 12 89
918 19 12 82
3874 19 12 69
3777 19 12 55
1370 19 12 43
2612 19 12 36
3968 19 12 19
3399 19 12 7
494 19 13 89
4846 19 13 81
4475 19 13 73
3530 19 13 60
735 19 13 47
4041 19 13 34
2384 19 13 27
1928 19 13 17
4515 19 13 6
4384 19 14 88
2402 19 14 79
4546 19 14 66
1307 19 14 57
2522 19 14 45
3722 19 14 34
4787 19 14 26
1165 19 14 17
3370 19 14 6
1973 19 15 88
1926 19 15 79
2905 19 15 66
1305 19 15 57
1196 19 15 45
3446 19 15 34
3140 19 15 26
983 19 15 17
2646 19 15 6
429 19 16 88
4841 19 16 78
565 19 16 71
1571 19 16 53
3981 19 16 42
277 19 16 30
4220 19 16 17
2452 19 16 6
3441 19 17 87
2757 19 17 75
162 19 17 63
3908 19 17 53
3828 19 17 42
4297 19 17 29
211 19 17 19
2153 19 17 7
3159 19 18 87
1892 19 18 75
1758 19 18 62
252 19 18 53
824 19 18 42
3574 19 18 29
4620 19 18 18
4609 19 18 6
2527 19 19 87
184 19 19 75
1678 19 19 62
4229 19 19 52
4214 19 19 44
3799 19 19 35
3630 19 19 25
3227 19 19 13
4021 19 19 1
