56 23 51 35 12 37 
20 44 34 40 52 22 
32 43 0 19 58 21 
24 41 15 28 11 6 
27 18 47 3 31 8 
50 9 5 25 36 4 
51 21 19 49 2 18 
40 23 3 31 20 55 
50 17 12 34 56 52 
29 32 10 42 0 43 
6 9 1 8 16 38 
44 15 37 58 5 54 
58 59 17 53 33 57 
56 8 6 45 13 35 
39 42 49 14 43 11 
38 18 16 51 27 9 
52 15 21 10 2 22 
44 37 5 29 4 55 
1 31 8 54 23 50 
42 18 49 33 52 21 
10 16 7 15 2 24 
13 11 44 39 17 14 
48 46 4 5 45 30 
19 0 34 38 29 56 
6 4 22 13 3 36 
49 10 7 2 18 46 
45 44 53 41 5 28 
11 52 38 15 51 27 
39 14 19 37 17 42 
58 16 50 12 1 54 
41 29 47 16 56 55 
9 17 43 8 12 21 
58 4 32 36 30 48 
27 18 53 35 14 51 
15 13 7 39 37 6 
49 46 45 20 44 57 
47 12 40 46 24 39 
30 3 51 50 27 13 
25 38 4 26 11 48 
17 23 18 37 6 31 
49 5 1 44 10 22 
32 8 35 7 33 52 
42 33 39 49 22 6 
14 7 23 48 13 0 
36 21 43 37 26 10 
44 11 8 31 1 2 
32 18 12 9 40 15 
46 16 24 57 17 59 
18 13 23 36 37 55 
3 38 33 11 44 45 
39 9 17 6 8 58 
30 49 12 43 7 0 
28 2 29 10 1 53 
48 22 31 51 16 40 
8 11 55 41 50 33 
23 39 22 17 35 42 
12 44 48 47 26 52 
57 38 37 16 14 25 
32 7 5 46 0 49 
51 54 45 34 15 19 
