43 52 23 56 46 24 
11 3 20 41 17 15 
33 0 32 37 30 34 
59 6 26 28 9 22 
1 47 49 36 16 42 
48 50 54 45 55 18 
55 15 47 13 37 28 
40 36 52 16 11 44 
45 12 5 38 25 20 
56 6 49 33 0 51 
22 54 30 17 10 19 
59 4 3 46 42 43 
32 20 43 48 24 45 
46 30 11 44 9 49 
47 39 2 7 41 51 
10 35 5 42 23 34 
19 6 13 3 18 16 
50 53 17 55 12 58 
40 34 38 32 11 56 
31 7 35 37 33 16 
59 17 44 25 43 50 
55 10 30 21 3 2 
54 15 1 18 4 19 
58 12 41 46 14 20 
55 35 49 54 1 43 
38 4 44 2 36 21 
32 0 16 22 14 33 
17 57 45 46 37 50 
23 15 11 40 12 5 
41 13 52 19 18 24 
51 55 36 46 15 28 
57 10 49 31 11 12 
4 32 2 16 7 53 
50 25 33 17 43 29 
59 20 13 9 45 23 
37 44 18 34 38 56 
38 37 1 18 16 49 
39 44 14 0 34 53 
54 21 15 45 19 50 
55 28 32 48 42 13 
33 56 10 31 12 52 
25 22 30 26 24 51 
46 9 19 38 42 43 
57 20 33 34 41 2 
48 21 11 22 39 51 
45 5 53 8 3 29 
47 17 12 44 40 15 
13 56 23 59 31 58 
27 54 5 17 18 49 
24 36 6 46 19 33 
2 11 12 37 3 58 
35 56 7 43 42 0 
22 16 39 15 41 44 
57 21 59 38 34 50 
59 32 47 45 3 49 
13 18 54 16 34 52 
53 23 40 46 15 1 
20 39 17 38 14 10 
44 2 5 51 30 7 
21 43 31 55 12 58 
