51 40 54 31 23 48 
39 2 53 42 18 5 
13 25 45 14 56 38 
28 6 33 49 12 29 
24 47 32 35 50 0 
4 27 15 17 52 59 
53 28 48 23 18 20 
3 21 52 31 11 51 
19 12 14 13 6 49 
43 9 7 46 25 8 
44 33 22 56 2 17 
38 24 34 36 42 58 
51 53 33 13 10 59 
17 24 18 30 0 7 
27 1 14 22 16 57 
21 32 39 31 12 49 
48 46 15 38 5 50 
29 28 3 42 36 45 
30 9 51 43 58 22 
19 37 38 17 18 7 
3 46 12 35 16 15 
40 10 44 20 24 53 
33 14 8 5 13 11 
36 23 50 2 42 21 
32 31 20 47 18 13 
6 16 53 25 44 49 
33 2 43 38 12 57 
58 17 23 39 5 7 
51 9 10 26 27 14 
42 40 1 50 30 52 
34 7 9 11 40 5 
6 21 30 48 32 53 
43 38 54 18 52 45 
37 10 51 57 28 58 
31 2 15 12 41 50 
42 44 36 4 22 39 
57 2 43 0 32 47 
50 52 16 38 8 36 
19 11 44 22 53 18 
49 45 13 21 1 5 
42 7 40 51 12 27 
59 37 6 55 33 58 
55 42 18 29 11 48 
2 21 35 38 17 46 
33 4 12 0 39 16 
7 49 44 52 1 47 
56 36 37 32 3 25 
57 31 40 58 13 59 
40 34 9 33 50 7 
54 13 57 42 14 26 
35 6 5 41 19 3 
11 0 51 18 20 53 
36 38 31 24 43 16 
49 15 52 30 37 39 
40 22 38 31 57 33 
1 30 51 37 3 48 
59 7 32 8 10 9 
34 46 21 39 17 49 
0 42 5 18 29 24 
15 23 36 58 12 56 
