35 33 25 21 19 32 
3 34 53 42 41 18 
8 37 44 46 17 31 
38 36 39 59 23 30 
5 29 48 11 27 15 
14 16 24 57 26 10 
21 58 39 23 40 3 
13 36 12 10 49 54 
24 31 55 28 4 43 
32 11 1 57 9 50 
18 0 25 42 30 46 
37 45 41 7 44 19 
12 29 27 35 57 38 
11 18 8 20 31 30 
49 10 33 48 36 9 
37 19 13 7 0 1 
41 51 5 42 2 53 
52 25 21 43 47 45 
48 2 13 52 8 30 
45 6 50 11 15 44 
43 19 17 20 51 59 
3 0 12 9 1 22 
18 37 4 39 29 14 
38 46 31 5 47 55 
41 5 36 13 55 14 
56 0 10 8 1 59 
12 33 22 45 6 47 
35 51 39 2 17 37 
7 57 23 31 25 4 
50 52 48 42 49 26 
16 13 58 9 39 40 
5 18 11 26 34 48 
43 15 31 33 12 56 
44 36 2 28 20 17 
21 3 7 6 51 24 
54 49 46 22 30 27 
5 39 4 33 19 22 
23 52 40 12 30 8 
54 11 41 42 17 16 
38 36 10 7 31 28 
51 46 45 15 18 49 
44 47 43 55 24 57 
51 7 59 30 46 57 
16 19 29 5 38 33 
18 22 44 17 28 4 
26 15 43 39 40 32 
12 36 45 49 8 1 
9 6 27 2 20 24 
9 7 14 33 13 47 
56 23 42 45 31 16 
52 48 36 38 4 39 
30 22 51 57 34 0 
25 17 44 12 49 20 
40 19 37 46 6 59 
16 50 11 44 23 43 
34 8 30 31 3 14 
38 6 39 5 48 10 
42 7 18 51 22 33 
32 29 12 15 40 13 
45 19 59 17 4 37 
