57 28 53 14 36 15 
40 29 58 13 47 19 
8 17 41 18 2 37 
32 20 45 26 48 39 
56 44 42 6 21 59 
51 46 1 24 35 7 
42 29 7 1 3 49 
35 13 2 16 51 48 
20 4 46 5 23 31 
25 52 28 14 24 47 
58 10 12 6 22 54 
56 41 36 59 34 57 
30 7 5 32 9 55 
48 45 0 12 15 8 
16 17 38 44 19 28 
37 24 22 2 52 21 
18 1 40 41 10 33 
56 36 57 39 46 50 
52 26 23 38 21 58 
50 0 57 44 7 20 
11 4 19 12 17 42 
48 16 39 34 8 27 
43 54 40 37 13 55 
47 18 33 31 1 35 
54 49 30 1 39 24 
9 10 5 46 40 17 
34 33 12 59 2 16 
6 8 44 38 31 28 
36 0 37 57 21 52 
11 32 45 14 15 58 
30 54 2 42 3 43 
49 0 28 1 50 4 
12 24 44 10 17 51 
52 38 45 46 5 23 
6 21 18 32 7 40 
48 34 11 37 19 47 
49 4 14 19 32 50 
7 3 45 0 9 46 
44 56 36 12 22 52 
1 16 13 11 43 6 
34 55 8 53 18 27 
30 10 38 42 40 33 
54 55 45 39 26 43 
7 0 17 1 31 10 
22 28 53 36 13 6 
58 37 29 23 20 57 
2 18 16 38 8 12 
56 27 34 50 52 48 
16 26 38 12 56 19 
14 6 30 32 33 43 
13 7 44 59 10 21 
1 31 58 2 53 27 
5 42 52 18 24 15 
8 37 40 34 9 11 
10 51 12 38 36 34 
45 23 11 7 48 22 
37 21 52 49 8 50 
1 17 19 13 14 40 
46 24 6 18 4 26 
20 31 15 27 43 5 
