29 43 56 47 2 51 
19 46 33 58 25 57 
40 23 0 5 59 35 
9 54 30 17 3 34 
37 39 49 8 38 48 
55 1 52 50 4 11 
46 55 7 40 29 28 
39 0 11 12 36 23 
44 38 8 10 49 48 
47 30 56 16 3 17 
42 51 15 37 14 41 
58 57 34 33 2 35 
48 38 10 17 15 42 
44 55 51 9 8 50 
57 18 24 46 3 11 
49 1 39 16 45 56 
43 22 13 40 41 4 
14 36 19 58 26 37 
55 19 37 42 4 31 
17 34 13 45 12 46 
43 1 20 11 18 41 
40 6 8 30 21 7 
23 38 5 24 15 56 
52 29 49 58 36 44 
54 56 5 6 45 59 
27 39 32 41 11 36 
15 30 44 50 7 34 
21 17 12 16 35 29 
18 1 13 14 22 9 
4 55 8 38 33 40 
25 36 42 2 54 55 
23 0 15 53 18 48 
28 43 45 16 37 40 
33 12 32 31 39 10 
20 30 6 5 14 35 
58 9 46 49 7 17 
38 34 53 19 28 36 
24 40 0 9 44 31 
10 12 23 7 32 11 
20 17 27 18 3 56 
43 13 41 15 42 22 
49 52 4 5 37 45 
35 51 9 16 54 53 
20 3 5 43 33 47 
2 22 45 37 52 55 
10 40 13 30 18 41 
50 36 15 7 21 24 
49 46 44 59 4 11 
9 11 48 10 57 58 
39 12 54 40 55 23 
44 18 22 13 1 33 
7 52 45 20 38 53 
8 25 51 19 36 14 
56 5 49 21 35 26 
4 16 7 41 0 40 
17 26 37 14 58 23 
39 1 2 11 32 57 
6 49 12 44 43 3 
18 46 56 45 10 51 
54 13 48 19 8 5 
