2361
1765 0 0 98
1372 0 0 96
3324 0 0 92
1961 0 0 89
580 0 0 86
936 0 0 83
212 0 0 79
1819 0 0 75
2555 0 0 72
2183 0 0 69
2172 0 0 66
3967 0 0 62
1216 0 0 59
1195 0 0 56
2075 0 0 53
2222 0 0 50
2007 0 0 46
3179 0 0 44
3784 0 0 40
2650 0 0 37
3555 0 0 33
2296 0 0 31
3512 0 0 29
3657 0 0 26
3540 0 0 22
3903 0 0 20
1089 0 0 18
1407 0 0 15
312 0 0 11
3513 0 0 9
3473 0 0 6
1427 0 0 4
540 0 0 1
2664 0 1 96
2770 0 1 92
3700 0 1 88
3989 0 1 86
1954 0 1 82
3606 0 1 78
3459 0 1 74
3415 0 1 71
1053 0 1 69
3496 0 1 65
3591 0 1 63
2028 0 1 61
358 0 1 57
759 0 1 54
2212 0 1 50
3043 0 1 45
2603 0 1 43
2907 0 1 41
455 0 1 38
920 0 1 35
59 0 1 32
3973 0 1 29
649 0 1 25
2604 0 1 21
1964 0 1 18
972 0 1 15
249 0 1 11
200 0 1 8
1662 0 1 6
470 0 1 4
3628 0 2 95
1282 0 2 92
2588 0 2 88
1537 0 2 84
447 0 2 81
3393 0 2 77
2875 0 2 74
154 0 2 71
418 0 2 68
2121 0 2 65
373 0 2 61
49 0 2 57
1148 0 2 53
698 0 2 49
2706 0 2 46
818 0 2 42
2516 0 2 40
313 0 2 36
3616 0 2 33
3290 0 2 30
3114 0 2 28
2652 0 2 24
1290 0 2 22
3771 0 2 18
3299 0 2 14
1235 0 2 11
1561 0 2 7
2535 0 2 3
2771 0 3 95
1797 0 3 90
3033 0 3 86
1646 0 3 82
775 0 3 78
1729 0 3 74
242 0 3 70
685 0 3 67
2784 0 3 65
3120 0 3 60
3232 0 3 56
3855 0 3 52
3101 0 3 49
3504 0 3 45
1545 0 3 41
3876 0 3 36
3562 0 3 33
3041 0 3 30
1554 0 3 27
3326 0 3 23
2983 0 3 19
2383 0 3 16
51 0 3 13
3398 0 3 10
405 0 3 8
332 0 3 5
2138 0 3 3
1026 0 4 95
1353 0 4 90
733 0 4 86
216 0 4 82
164 0 4 78
667 0 4 74
2681 0 4 69
3284 0 4 64
31 0 4 60
2981 0 4 56
1209 0 4 52
3586 0 4 47
2815 0 4 44
2834 0 4 40
3510 0 4 35
3851 0 4 30
1285 0 4 27
2753 0 4 23
1670 0 4 19
2318 0 4 16
2457 0 4 11
328 0 4 7
1106 0 4 3
2182 0 5 94
823 0 5 92
138 0 5 88
2733 0 5 83
2708 0 5 78
176 0 5 74
901 0 5 69
1805 0 5 64
1464 0 5 59
3377 0 5 55
3812 0 5 53
2751 0 5 48
1162 0 5 44
2638 0 5 40
3931 0 5 34
3909 0 5 32
2407 0 5 29
96 0 5 24
2836 0 5 21
3955 0 5 16
2381 0 5 11
2086 0 5 6
3083 0 5 2
1248 0 6 94
293 0 6 90
3832 0 6 85
2044 0 6 81
2477 0 6 77
3582 0 6 73
2464 0 6 70
3583 0 6 64
1452 0 6 59
3018 0 6 55
83 0 6 53
2441 0 6 48
118 0 6 44
1029 0 6 40
3139 0 6 34
2687 0 6 31
2539 0 6 27
1720 0 6 23
1842 0 6 18
2371 0 6 14
481 0 6 11
365 0 6 6
2976 0 6 2
838 0 7 94
140 0 7 90
2970 0 7 85
1725 0 7 81
87 0 7 77
2471 0 7 73
1723 0 7 70
3021 0 7 64
228 0 7 59
2242 0 7 55
2095 0 7 52
3224 0 7 47
2773 0 7 44
801 0 7 40
3129 0 7 34
2429 0 7 31
2258 0 7 27
1085 0 7 22
1474 0 7 17
2675 0 7 14
137 0 7 11
3497 0 7 5
2955 0 7 1
774 0 8 94
3990 0 8 89
510 0 8 86
1165 0 8 81
1112 0 8 76
2734 0 8 70
2519 0 8 64
1920 0 8 58
2911 0 8 55
1858 0 8 51
2174 0 8 48
873 0 8 43
3572 0 8 40
2874 0 8 33
237 0 8 30
3309 0 8 25
3368 0 8 20
2768 0 8 16
1939 0 8 11
2777 0 8 5
640 0 9 93
3318 0 9 90
2423 0 9 85
3842 0 9 80
1804 0 9 78
1256 0 9 73
2120 0 9 69
662 0 9 64
3790 0 9 57
2950 0 9 52
3456 0 9 46
500 0 9 41
1430 0 9 36
1816 0 9 33
3332 0 9 29
3974 0 9 23
947 0 9 18
1342 0 9 14
3685 0 9 9
3277 0 9 6
2076 0 9 2
3971 0 10 92
3888 0 10 87
2810 0 10 84
726 0 10 80
933 0 10 76
2385 0 10 70
2122 0 10 64
3682 0 10 57
2917 0 10 52
385 0 10 46
3694 0 10 40
1866 0 10 33
3107 0 10 29
3958 0 10 23
912 0 10 18
291 0 10 13
2607 0 10 9
2157 0 10 5
3853 0 11 92
3846 0 11 87
1552 0 11 84
2831 0 11 79
1114 0 11 75
3795 0 11 71
3662 0 11 67
3219 0 11 64
3545 0 11 57
2882 0 11 52
3900 0 11 45
824 0 11 41
1042 0 11 36
675 0 11 33
2962 0 11 29
2727 0 11 23
859 0 11 18
131 0 11 13
1844 0 11 9
992 0 11 5
3405 0 12 92
2852 0 12 87
1416 0 12 84
1523 0 12 78
2867 0 12 72
1655 0 12 69
129 0 12 64
3019 0 12 57
1826 0 12 52
3051 0 12 45
3007 0 12 40
1338 0 12 33
2951 0 12 28
3619 0 12 23
94 0 12 18
3367 0 12 12
2557 0 12 9
915 0 12 5
3312 0 13 92
1857 0 13 87
3404 0 13 83
17 0 13 77
1365 0 13 72
3523 0 13 67
2276 0 13 63
3113 0 13 59
614 0 13 55
1837 0 13 51
3803 0 13 47
259 0 13 43
1510 0 13 40
3524 0 13 32
271 0 13 27
3100 0 13 21
2502 0 13 16
66 0 13 11
1566 0 13 5
686 0 14 92
1000 0 14 87
2858 0 14 83
2671 0 14 76
1762 0 14 70
1663 0 14 64
3783 0 14 56
1086 0 14 52
2746 0 14 45
2903 0 14 40
2679 0 14 32
3183 0 14 26
524 0 14 22
846 0 14 17
2442 0 14 13
1253 0 14 8
3544 0 14 4
550 0 15 92
661 0 15 87
2104 0 15 83
414 0 15 76
3385 0 15 69
3815 0 15 63
887 0 15 58
1022 0 15 54
2155 0 15 50
2566 0 15 45
2889 0 15 40
2239 0 15 32
3802 0 15 25
3118 0 15 20
125 0 15 16
3729 0 15 10
3175 0 15 6
27 0 15 1
3924 0 16 91
3767 0 16 88
1088 0 16 83
2110 0 16 75
3575 0 16 71
3550 0 16 67
2046 0 16 63
184 0 16 58
785 0 16 54
485 0 16 50
678 0 16 45
2064 0 16 39
1328 0 16 35
3109 0 16 30
1834 0 16 25
1953 0 16 20
2518 0 16 15
572 0 16 10
1368 0 16 6
3172 0 17 91
3184 0 17 87
795 0 17 83
2067 0 17 75
3276 0 17 71
3236 0 17 67
3684 0 17 62
3822 0 17 58
483 0 17 53
1617 0 17 48
289 0 17 43
1163 0 17 39
3966 0 17 34
1420 0 17 31
1700 0 17 27
2048 0 17 21
2272 0 17 16
2410 0 17 10
3034 0 17 5
2123 0 18 91
1671 0 18 87
3643 0 18 82
146 0 18 78
38 0 18 72
2198 0 18 67
3328 0 18 62
3769 0 18 58
2818 0 18 52
2715 0 18 44
1751 0 18 39
2633 0 18 34
863 0 18 29
194 0 18 23
2672 0 18 17
416 0 18 13
2057 0 18 7
1446 0 18 2
2072 0 19 91
1242 0 19 86
1160 0 19 79
3823 0 19 74
1892 0 19 68
556 0 19 65
1719 0 19 60
3663 0 19 55
398 0 19 51
2894 0 19 47
3896 0 19 42
1749 0 19 39
2444 0 19 34
666 0 19 29
2694 0 19 22
657 0 19 17
2825 0 19 12
1865 0 19 9
3095 0 19 4
904 2 0 91
3087 2 0 85
3709 2 0 80
3546 2 0 75
3144 2 0 71
2974 2 0 67
3133 2 0 62
3152 2 0 58
2545 2 0 52
2615 2 0 43
3730 2 0 38
2460 2 0 33
2368 2 0 28
3360 2 0 23
2037 2 0 17
2567 2 0 12
1421 2 0 8
3186 2 0 4
569 2 2 91
3484 2 2 84
871 2 2 78
3893 2 2 71
2092 2 2 67
2480 2 2 62
2370 2 2 58
2517 2 2 52
2234 2 2 43
3269 2 2 38
2382 2 2 33
45 2 2 28
3223 2 2 23
1276 2 2 17
786 2 2 12
1071 2 2 7
1341 2 2 2
3570 2 3 90
367 2 3 85
3126 2 3 80
1131 2 3 75
2620 2 3 71
3361 2 3 66
3266 2 3 62
1337 2 3 58
2505 2 3 52
297 2 3 43
3054 2 3 38
1049 2 3 33
2005 2 3 27
1286 2 3 21
1432 2 3 16
2271 2 3 10
880 2 3 5
2799 2 4 90
2717 2 4 84
191 2 4 78
3596 2 4 71
2433 2 4 66
2343 2 4 62
2941 2 4 57
1210 2 4 52
1680 2 4 42
3489 2 4 38
906 2 4 32
2992 2 4 25
3711 2 4 19
2668 2 4 15
1546 2 4 9
2133 2 4 4
2479 2 6 90
1867 2 6 84
1130 2 6 77
3739 2 6 71
2111 2 6 66
1311 2 6 62
2427 2 6 57
382 2 6 52
982 2 6 42
3064 2 6 38
533 2 6 32
2769 2 6 25
3611 2 6 19
2226 2 6 15
1494 2 6 9
1594 2 6 4
1984 2 7 90
609 2 7 84
684 2 7 76
2196 2 7 69
3280 2 7 63
2425 2 7 57
2823 2 7 51
1178 2 7 47
1332 2 7 42
2021 2 7 38
3211 2 7 31
2935 2 7 26
2088 2 7 21
1381 2 7 16
1616 2 7 10
2630 2 7 4
3987 2 8 89
3547 2 8 85
2445 2 8 80
2551 2 8 74
1190 2 8 68
2930 2 8 64
1530 2 8 56
717 2 8 52
2891 2 8 41
196 2 8 36
2838 2 8 32
1927 2 8 25
3536 2 8 19
2166 2 8 15
3728 2 8 8
3789 2 8 3
3970 2 11 89
3543 2 11 85
302 2 11 80
1491 2 11 74
368 2 11 68
2164 2 11 64
1518 2 11 56
394 2 11 52
1963 2 11 41
3658 2 11 35
2295 2 11 30
547 2 11 25
1944 2 11 19
2026 2 11 14
3362 2 11 9
2984 2 11 3
2898 2 12 88
896 2 12 83
1885 2 12 75
2032 2 12 71
1419 2 12 66
1082 2 12 62
2246 2 12 57
2639 2 12 51
832 2 12 47
522 2 12 42
3408 2 12 37
3057 2 12 33
1983 2 12 27
3414 2 12 20
2338 2 12 15
3650 2 12 8
2811 2 12 3
2275 2 13 88
204 2 13 83
1302 2 13 75
1586 2 13 70
229 2 13 64
1222 2 13 56
3864 2 13 51
3602 2 13 46
1354 2 13 40
1108 2 13 32
1431 2 13 25
1652 2 13 19
1784 2 13 14
2847 2 13 9
2184 2 13 3
1726 2 14 87
2571 2 14 82
1975 2 14 77
3725 2 14 71
2531 2 14 65
1516 2 14 60
3617 2 14 55
3577 2 14 50
133 2 14 45
1481 2 14 39
2087 2 14 34
2451 2 14 28
3475 2 14 22
3813 2 14 16
794 2 14 10
934 2 14 4
1697 2 16 87
803 2 16 82
1263 2 16 77
3149 2 16 71
310 2 16 65
1488 2 16 60
2876 2 16 55
3436 2 16 50
7 2 16 45
460 2 16 39
1006 2 16 34
1426 2 16 28
2304 2 16 22
3689 2 16 16
2890 2 16 9
3816 2 16 2
2703 2 17 86
3017 2 17 78
3446 2 17 71
3840 2 17 64
852 2 17 56
3390 2 17 51
687 2 17 46
1074 2 17 40
964 2 17 32
957 2 17 25
1010 2 17 19
1524 2 17 14
1437 2 17 9
3589 2 17 2
2576 2 18 86
2808 2 18 78
2657 2 18 71
3837 2 18 64
813 2 18 56
1903 2 18 51
3588 2 18 45
3461 2 18 38
3193 2 18 31
1440 2 18 26
716 2 18 20
1187 2 18 15
2986 2 18 8
3826 2 18 2
2430 2 19 86
2792 2 19 78
2418 2 19 71
2821 2 19 64
3099 2 19 55
750 2 19 50
1668 2 19 44
1497 2 19 39
3749 2 19 33
670 2 19 27
2145 2 19 20
117 2 19 15
2162 2 19 8
3154 2 19 2
1542 3 0 86
2473 3 0 78
1558 3 0 71
1945 3 0 64
161 3 0 55
3146 3 0 49
3249 3 0 45
3192 3 0 38
2865 3 0 31
3952 3 0 25
11 3 0 19
3419 3 0 13
274 3 0 7
1188 3 0 2
688 3 2 86
80 3 2 78
905 3 2 71
1493 3 2 64
33 3 2 55
2347 3 2 49
2314 3 2 45
2575 3 2 38
2000 3 2 31
2220 3 2 25
3630 3 2 18
2527 3 2 12
2532 3 2 6
3303 3 4 85
1793 3 4 79
1115 3 4 74
169 3 4 68
671 3 4 64
3091 3 4 54
279 3 4 50
1455 3 4 44
1013 3 4 39
3674 3 4 33
390 3 4 27
1003 3 4 20
1757 3 4 14
3944 3 4 8
2868 3 4 2
2405 3 6 84
2842 3 6 75
1347 3 6 70
2794 3 6 63
634 3 6 57
1760 3 6 51
544 3 6 45
2455 3 6 38
1597 3 6 31
978 3 6 25
1496 3 6 18
1973 3 6 11
463 3 6 5
2388 3 7 83
916 3 7 75
1327 3 7 70
2179 3 7 63
497 3 7 56
1423 3 7 51
3215 3 7 43
2899 3 7 38
1055 3 7 31
388 3 7 25
3451 3 7 17
3432 3 7 11
46 3 7 5
417 3 8 83
3024 3 8 74
2789 3 8 67
2084 3 8 62
953 3 8 57
1434 3 8 51
1739 3 8 43
2893 3 8 37
190 3 8 33
211 3 8 27
555 3 8 19
2767 3 8 13
3293 3 8 6
2360 3 10 80
392 3 10 74
2018 3 10 67
1977 3 10 62
2331 3 10 56
1400 3 10 51
1599 3 10 43
2390 3 10 37
2977 3 10 32
361 3 10 25
2837 3 10 17
3325 3 10 11
1484 3 10 4
3102 3 11 69
2680 3 11 63
2036 3 11 55
1733 3 11 49
2113 3 11 45
542 3 11 38
3106 3 11 30
284 3 11 25
1349 3 11 17
2742 3 11 11
3950 3 11 2
2857 3 12 60
1731 3 12 55
619 3 12 49
315 3 12 45
2354 3 12 37
1722 3 12 32
2927 3 12 24
2079 3 12 21
990 3 12 16
1861 3 12 9
3472 3 12 2
2029 3 13 97
3115 3 13 94
2142 3 13 89
2351 3 13 85
1097 3 13 79
3388 3 13 73
2550 3 13 68
2724 3 13 63
1403 3 13 55
3217 3 13 48
3640 3 13 42
3279 3 13 37
124 3 13 32
1620 3 13 24
2482 3 13 20
952 3 13 14
2560 3 13 8
272 3 13 2
3237 3 14 96
2055 3 14 92
3692 3 14 86
1715 3 14 77
2310 3 14 71
965 3 14 64
3032 3 14 54
889 3 14 49
3939 3 14 44
575 3 14 39
1810 3 14 33
3548 3 14 26
2424 3 14 19
1761 3 14 13
3677 3 14 5
1385 3 17 96
1360 3 17 92
3409 3 17 86
2401 3 17 76
2098 3 17 69
2204 3 17 63
850 3 17 55
3141 3 17 48
3541 3 17 42
2994 3 17 37
3755 3 17 31
3613 3 17 24
1543 3 17 20
520 3 17 14
2476 3 17 8
3422 3 17 1
2428 3 18 94
1957 3 18 88
3892 3 18 82
3491 3 18 76
567 3 18 69
2202 3 18 63
3753 3 18 54
3890 3 18 48
1623 3 18 42
1893 3 18 37
2565 3 18 31
3168 3 18 24
3693 3 18 19
3039 3 18 12
2141 3 18 6
1080 3 19 94
663 3 19 88
3340 3 19 82
408 3 19 76
2985 3 19 68
1201 3 19 63
1480 3 19 54
2896 3 19 48
1500 3 19 42
728 3 19 37
2107 3 19 31
766 3 19 24
3526 3 19 19
2739 3 19 12
2073 3 19 6
490 4 0 94
2284 4 0 87
3995 4 0 81
492 4 0 76
2287 4 0 68
478 4 0 63
597 4 0 54
1501 4 0 48
186 4 0 42
616 4 0 37
282 4 0 31
732 4 0 24
2805 4 0 19
2569 4 0 12
1875 4 0 6
2718 4 17 93
3197 4 17 89
3356 4 17 84
792 4 17 75
1274 4 17 70
2154 4 17 63
286 4 17 54
1126 4 17 46
1014 4 17 40
3706 4 17 31
3128 4 17 23
1040 4 17 17
771 4 17 11
2801 4 17 2
2305 5 0 93
1206 5 0 89
2989 5 0 84
1947 5 0 74
611 5 0 67
574 5 0 62
3401 5 0 55
3035 5 0 48
3810 5 0 41
946 5 0 35
3158 5 0 29
1695 5 0 22
3239 5 0 16
939 5 0 9
3119 5 0 2
1801 5 1 93
3701 5 1 87
2610 5 1 81
3195 5 1 75
1038 5 1 70
2293 5 1 62
3079 5 1 55
899 5 1 48
3651 5 1 41
407 5 1 35
2839 5 1 29
1520 5 1 22
2960 5 1 16
2778 5 1 8
1895 5 1 1
2553 5 2 92
2932 5 2 86
3396 5 2 75
419 5 2 70
1756 5 2 62
2884 5 2 55
589 5 2 48
1997 5 2 41
3791 5 2 34
702 5 2 28
2004 5 2 22
2596 5 2 16
1037 5 2 8
1603 5 2 1
2334 5 3 92
1161 5 3 86
2225 5 3 75
3581 5 3 69
1512 5 3 63
3636 5 3 53
3073 5 3 47
486 5 3 42
270 5 3 37
3717 5 3 30
1424 5 3 24
3247 5 3 18
1812 5 3 11
1710 5 3 2
2228 5 4 92
280 5 4 86
2060 5 4 75
3542 5 4 69
762 5 4 63
3539 5 4 53
2134 5 4 47
3679 5 4 41
2744 5 4 34
655 5 4 28
1600 5 4 22
2438 5 4 16
181 5 4 8
1535 5 4 1
2146 5 5 92
722 5 5 85
628 5 5 79
3387 5 5 73
1239 5 5 67
3305 5 5 61
3189 5 5 56
862 5 5 51
1176 5 5 43
1483 5 5 37
2080 5 5 30
819 5 5 24
1438 5 5 18
650 5 5 11
1608 5 5 1
693 5 6 92
3734 5 6 84
1800 5 6 74
126 5 6 67
3058 5 6 61
1460 5 6 56
3695 5 6 50
1063 5 6 44
3873 5 6 38
1661 5 6 30
3718 5 6 23
858 5 6 17
3627 5 6 9
2393 5 6 2
68 5 11 92
724 5 11 84
1255 5 11 74
2841 5 11 66
425 5 11 62
2562 5 11 55
2793 5 11 47
3345 5 11 41
3910 5 11 33
2254 5 11 26
615 5 11 19
345 5 11 12
489 5 11 6
1821 5 12 91
1650 5 12 84
767 5 12 74
1238 5 12 65
3005 5 12 59
316 5 12 55
218 5 12 47
3246 5 12 41
3302 5 12 33
2012 5 12 26
3697 5 12 18
459 5 12 11
387 5 12 1
1788 5 14 91
1626 5 14 84
3913 5 14 72
495 5 14 67
2282 5 14 61
3386 5 14 55
3556 5 14 46
971 5 14 40
3455 5 14 31
2481 5 14 21
3862 5 14 15
1673 5 14 8
1506 5 14 1
263 6 6 91
755 6 6 84
3777 6 6 72
2909 6 6 66
3031 6 6 61
3042 6 6 55
2659 6 6 46
2337 6 6 39
1245 6 6 33
1094 6 6 26
3521 6 6 18
3865 6 6 10
507 6 6 4
128 6 9 91
370 6 9 84
2587 6 9 72
399 6 9 66
2720 6 9 61
2281 6 9 55
1981 6 9 46
2132 6 9 39
2308 6 9 32
116 6 9 24
168 6 9 18
1841 6 9 10
1737 6 9 3
113 6 12 91
3879 6 12 83
2279 6 12 74
3917 6 12 64
2844 6 12 54
3758 6 12 45
3055 6 12 36
2342 6 12 32
84 6 12 24
3104 6 12 17
2688 6 12 9
2024 6 12 2
3198 6 17 90
327 6 17 84
1753 6 17 72
352 6 17 66
2350 6 17 60
943 6 17 55
1859 6 17 46
3389 6 17 38
3991 6 17 29
1487 6 17 22
1654 6 17 16
2396 6 17 7
2236 6 17 1
2938 6 18 90
3300 6 18 83
1147 6 18 74
2797 6 18 64
1880 6 18 54
3744 6 18 45
1534 6 18 36
1937 6 18 31
2432 6 18 21
3384 6 18 15
1213 6 18 8
1284 6 18 1
2300 6 19 90
1036 6 19 83
3775 6 19 73
695 6 19 67
2190 6 19 61
1503 6 19 55
758 6 19 46
1915 6 19 38
3551 6 19 29
1472 6 19 22
1323 6 19 16
1746 6 19 7
1904 7 8 90
2835 7 8 82
1257 7 8 75
2186 7 8 69
3665 7 8 62
3778 7 8 54
2472 7 8 45
1278 7 8 36
1735 7 8 31
2099 7 8 21
2897 7 8 15
1252 7 8 7
1872 7 9 90
2253 7 9 82
93 7 9 75
598 7 9 69
3097 7 9 62
1310 7 9 54
1580 7 9 45
1250 7 9 36
1395 7 9 30
2591 7 9 23
3574 7 9 16
3645 7 9 6
1287 7 11 90
1873 7 11 82
85 7 11 75
145 7 11 69
2863 7 11 62
380 7 11 54
3670 7 11 44
3013 7 11 38
3458 7 11 29
3614 7 11 21
246 7 11 15
1098 7 11 7
895 7 12 90
861 7 12 82
40 7 12 75
3310 7 12 68
2813 7 12 62
172 7 12 54
1818 7 12 44
2102 7 12 38
2265 7 12 29
3590 7 12 21
1632 7 12 14
1550 7 12 8
875 7 12 1
3854 7 13 89
2522 7 13 84
3508 7 13 70
1734 7 13 62
2558 7 13 53
1976 7 13 47
3191 7 13 39
2910 7 13 31
2014 7 13 21
1215 7 13 14
3754 7 13 7
748 7 14 89
2966 7 14 83
2752 7 14 73
400 7 14 67
1814 7 14 61
1384 7 14 55
709 7 14 46
1856 7 14 38
1604 7 14 29
3391 7 14 21
791 7 14 14
2059 7 14 7
3457 7 15 87
938 7 15 81
3156 7 15 75
3160 7 15 68
1478 7 15 62
1466 7 15 53
1684 7 15 47
2637 7 15 39
2322 7 15 31
1924 7 15 21
443 7 15 14
163 7 15 7
233 7 19 87
921 7 19 81
2503 7 19 75
3737 7 19 67
203 7 19 61
756 7 19 55
356 7 19 46
2656 7 19 37
3877 7 19 29
3381 7 19 21
3976 7 19 13
3040 7 19 5
3449 8 0 86
253 8 0 75
1084 8 0 67
3068 8 0 60
2541 8 0 54
1486 8 0 44
3738 8 0 37
3365 8 0 29
3255 8 0 21
2176 8 0 13
2643 8 0 5
2860 8 1 85
2622 8 1 78
3894 8 1 70
397 8 1 62
1028 8 1 53
1232 8 1 47
1783 8 1 39
1468 8 1 31
464 8 1 21
2143 8 1 13
2412 8 1 5
3037 8 2 83
2707 8 2 73
4006 8 2 66
708 8 2 60
2489 8 2 54
866 8 2 44
2640 8 2 37
3254 8 2 29
3220 8 2 21
2625 8 2 12
3852 8 2 5
2988 8 3 83
1451 8 3 72
2887 8 3 65
1780 8 3 59
1900 8 3 54
568 8 3 44
3372 8 3 36
8 8 3 30
1388 8 3 23
3085 8 3 16
3421 8 3 6
3962 8 4 82
3806 8 4 74
2536 8 4 63
2144 8 4 53
1993 8 4 46
3889 8 4 36
1299 8 4 29
2798 8 4 21
472 8 4 12
949 8 4 4
828 8 5 80
223 8 5 74
402 8 5 63
2068 8 5 52
258 8 5 41
2987 8 5 33
987 8 5 26
2684 8 5 18
1138 8 5 10
3275 8 5 2
3618 8 6 79
1996 8 6 73
1966 8 6 66
517 8 6 60
1901 8 6 54
3601 8 6 43
3637 8 6 36
3557 8 6 28
903 8 6 22
3805 8 6 15
334 8 6 7
41 8 7 79
1845 8 7 73
1243 8 7 66
3639 8 7 59
1030 8 7 54
427 8 7 43
2906 8 7 36
1931 8 7 28
477 8 7 22
3704 8 7 15
3878 8 7 6
1033 8 8 78
2975 8 8 70
3699 8 8 61
42 8 8 55
236 8 8 46
3315 8 8 36
1462 8 8 28
1828 8 8 21
123 8 8 12
2219 8 8 3
109 8 13 77
3756 8 13 70
3507 8 13 61
1612 8 13 54
410 8 13 43
2436 8 13 36
1293 8 13 28
1319 8 13 21
2115 8 13 11
89 8 13 1
1980 8 17 76
71 8 17 68
3667 8 17 61
3895 8 17 52
2785 8 17 40
3336 8 17 31
622 8 17 20
3196 8 17 13
1538 8 17 5
2543 9 0 75
3161 9 0 66
2877 9 0 59
2928 9 0 53
3782 9 0 45
853 9 0 36
2881 9 0 27
1713 9 0 18
2447 9 0 9
3859 9 0 1
1333 9 1 74
119 9 1 63
1852 9 1 52
3882 9 1 39
1070 9 1 31
604 9 1 20
254 9 1 13
1118 9 1 5
506 9 2 73
1203 9 2 66
1591 9 2 59
2817 9 2 53
3438 9 2 45
2998 9 2 35
1694 9 2 29
1941 9 2 21
453 9 2 10
2947 9 2 2
3959 9 3 59
1949 9 3 53
538 9 3 45
2227 9 3 35
409 9 3 29
1101 9 3 21
3929 9 3 9
3745 9 3 1
451 9 4 49
1177 9 4 44
3205 9 4 36
2661 9 4 27
827 9 4 18
3994 9 4 7
603 9 5 34
602 9 5 28
986 9 5 21
3672 9 5 9
3001 9 5 1
1383 9 6 96
983 9 6 92
277 9 6 84
3311 9 6 70
1305 9 6 61
3202 9 6 52
2496 9 6 39
1152 9 6 30
941 9 6 23
1641 9 6 16
2280 9 6 5
3801 9 7 95
3264 9 7 89
2377 9 7 83
1364 9 7 71
960 9 7 64
1863 9 7 54
3820 9 7 42
3836 9 7 36
3779 9 7 26
1968 9 7 18
1412 9 7 7
1475 9 8 95
2787 9 8 89
1943 9 8 83
1525 9 8 69
2020 9 8 62
727 9 8 53
192 9 8 45
600 9 8 35
3949 9 8 27
444 9 8 18
723 9 8 7
2589 9 10 94
3654 9 10 86
2365 9 10 74
20 9 10 63
1785 9 10 50
415 9 10 44
1754 9 10 36
2826 9 10 26
763 9 10 18
3483 9 10 6
1889 9 11 94
2526 9 11 86
1199 9 11 74
1742 9 11 62
3834 9 11 52
3559 9 11 37
3208 9 11 29
3625 9 11 20
2722 9 11 12
780 9 11 3
355 9 12 94
2290 9 12 86
1170 9 12 74
839 9 12 62
2504 9 12 52
765 9 12 36
2725 9 12 26
1369 9 12 17
3708 9 12 8
260 9 13 93
1888 9 13 87
2257 9 13 80
3899 9 13 73
926 9 13 66
1378 9 13 59
1531 9 13 53
13 9 13 45
240 9 13 35
3948 9 13 27
167 9 13 18
2135 9 13 6
3919 9 15 92
1798 9 15 83
3343 9 15 68
2937 9 15 61
2100 9 15 52
3573 9 15 34
79 9 15 28
558 9 15 21
3374 9 15 9
2491 9 15 1
3488 9 17 92
1685 9 17 83
2205 9 17 68
1950 9 17 61
2701 9 17 51
1117 9 17 43
2292 9 17 36
2389 9 17 26
2677 9 17 16
1009 9 17 5
2534 9 18 92
1134 9 18 83
1609 9 18 66
891 9 18 59
877 9 18 53
3615 9 18 44
1241 9 18 36
2288 9 18 26
1830 9 18 16
102 9 18 5
1345 9 19 92
509 9 19 83
1280 9 19 66
505 9 19 59
721 9 19 53
1321 9 19 44
2291 9 19 35
2764 9 19 27
2181 9 19 17
1392 9 19 8
1204 10 8 92
3760 10 8 82
3307 10 8 74
2303 10 8 60
65 10 8 54
3295 10 8 42
3294 10 8 36
320 10 8 26
234 10 8 16
3493 10 8 4
940 10 9 92
1651 10 9 82
1359 10 9 74
2224 10 9 60
3259 10 9 53
1157 10 9 44
1946 10 9 35
2728 10 9 27
2065 10 9 17
3358 10 9 7
744 10 10 92
3945 10 10 81
178 10 10 75
753 10 10 66
3833 10 10 58
967 10 10 52
3759 10 10 33
570 10 10 26
3942 10 10 15
1402 10 10 6
2740 10 11 91
3411 10 11 83
2170 10 11 61
1295 10 11 51
3857 10 11 42
3050 10 11 36
197 10 11 26
166 10 11 15
465 10 11 6
2249 10 12 91
3260 10 12 83
3609 10 12 59
401 10 12 53
1316 10 12 43
1444 10 12 36
353 10 12 25
902 10 12 17
3004 10 12 7
3568 10 13 90
691 10 13 82
1281 10 13 74
872 10 13 60
2514 10 13 53
10 10 13 43
984 10 13 36
235 10 13 25
736 10 13 17
2463 10 13 7
3383 10 14 90
300 10 14 82
1120 10 14 74
2635 10 14 59
2082 10 14 52
441 10 14 33
1838 10 14 25
3056 10 14 16
2052 10 14 4
3060 10 15 90
3439 10 15 81
92 10 15 75
241 10 15 66
3765 10 15 58
2660 10 15 51
2761 10 15 42
2325 10 15 36
24 10 15 25
2437 10 15 16
1884 10 15 4
2484 10 17 90
1590 10 17 81
3845 10 17 74
3735 10 17 58
2339 10 17 51
772 10 17 42
2189 10 17 36
1264 10 17 24
2895 10 17 17
2411 10 17 7
2152 10 18 90
1448 10 18 81
3213 10 18 74
3111 10 18 58
3963 10 18 50
1817 10 18 43
3181 10 18 35
1461 10 18 27
1034 10 18 17
2262 10 18 7
1840 10 19 90
679 10 19 81
2731 10 19 74
1308 10 19 57
231 10 19 51
487 10 19 42
3884 10 19 35
1405 10 19 27
2413 10 19 16
3204 10 19 3
1470 11 0 89
359 11 0 83
514 11 0 59
2035 11 0 52
1240 11 0 32
3503 11 0 23
673 11 0 16
2554 11 0 3
680 11 2 89
3450 11 2 82
3631 11 2 73
1560 11 2 65
1526 11 2 59
1482 11 2 52
1417 11 2 28
445 11 2 21
1453 11 2 9
519 11 2 1
2738 11 4 88
1595 11 4 82
2999 11 4 73
576 11 4 65
3495 11 4 58
3221 11 4 50
1712 11 4 43
2916 11 4 35
1529 11 4 26
3561 11 4 14
3922 11 4 6
2330 11 5 88
3487 11 5 81
2692 11 5 74
2501 11 5 56
3240 11 5 50
606 11 5 43
1959 11 5 35
1019 11 5 26
1638 11 5 14
3373 11 5 6
814 11 6 88
2403 11 6 81
610 11 6 74
1881 11 6 54
2613 11 6 42
1850 11 6 35
653 11 6 26
174 11 6 14
2315 11 6 6
2119 11 7 86
627 11 7 73
3937 11 7 64
3953 11 7 53
3252 11 7 42
976 11 7 34
3742 11 7 27
1045 11 7 16
1476 11 7 3
2031 11 14 85
2611 11 14 78
2900 11 14 70
364 11 14 61
3587 11 14 49
998 11 14 44
1790 11 14 35
473 11 14 26
15 11 14 14
1849 11 14 6
1135 11 15 85
2570 11 15 78
1851 11 15 70
344 11 15 61
2422 11 15 49
798 11 15 44
1051 11 15 35
761 11 15 25
1350 11 15 16
1394 11 15 3
2340 12 0 84
2866 12 0 70
37 12 0 61
2161 12 0 49
3997 12 0 43
1355 12 0 35
25 12 0 25
3604 12 0 15
2873 12 0 5
656 12 2 83
2274 12 2 57
130 12 2 51
1 12 2 42
2321 12 2 33
1740 12 2 25
1002 12 2 15
2691 12 2 5
582 12 4 83
527 12 4 49
3809 12 4 43
557 12 4 35
3918 12 4 24
1822 12 4 17
2495 12 4 6
3598 12 5 82
835 12 5 73
2319 12 5 64
2574 12 5 53
2515 12 5 42
3607 12 5 32
2649 12 5 23
1329 12 5 15
2426 12 5 5
1985 12 6 82
339 12 6 73
2074 12 6 64
1505 12 6 53
1925 12 6 42
3257 12 6 32
2644 12 6 23
851 12 6 15
2363 12 6 5
518 12 7 82
2586 12 7 72
2379 12 7 65
2414 12 7 58
1048 12 7 50
1025 12 7 42
2066 12 7 32
1657 12 7 23
808 12 7 15
2177 12 7 5
3980 12 8 81
391 12 8 74
426 12 8 54
3668 12 8 41
1099 12 8 33
220 12 8 25
48 12 8 15
3478 12 8 4
1059 12 9 81
2358 12 9 73
383 12 9 64
2922 12 9 52
1078 12 9 27
855 12 9 16
2791 12 9 2
1150 12 10 79
1261 12 10 73
1992 12 10 63
1551 12 10 50
973 12 10 42
2047 12 10 32
713 12 10 23
201 12 10 15
3092 12 10 4
2380 12 11 74
1890 12 11 53
521 12 11 42
735 12 11 32
384 12 11 22
1344 12 11 15
2886 12 11 4
281 12 12 68
3182 12 12 60
1593 12 12 53
3261 12 12 41
3621 12 12 32
2870 12 12 21
1362 12 12 9
3187 12 19 67
2420 12 19 60
158 12 19 53
1258 12 19 41
3413 12 19 32
562 12 19 21
3296 12 19 8
1912 13 0 39
3517 13 0 29
3471 13 0 20
849 13 0 12
3335 13 0 2
3907 13 8 95
2384 13 8 89
884 13 8 82
2991 13 8 70
3251 13 8 60
1766 13 8 52
1121 13 8 25
3216 13 8 14
1644 13 8 6
1410 13 9 95
1625 13 9 89
3516 13 9 81
1541 13 9 73
1363 13 9 63
1095 13 9 50
3437 13 9 41
3010 13 9 32
3258 13 9 20
3972 13 9 11
1408 13 9 2
2750 13 10 94
1948 13 10 86
2462 13 10 72
1469 13 10 65
1128 13 10 58
2663 13 10 49
3515 13 10 43
948 13 10 34
2499 13 10 27
3006 13 10 15
2372 13 10 4
30 13 11 94
1642 13 11 85
2062 13 11 78
1613 13 11 70
3243 13 11 60
1300 13 11 52
639 13 11 10
52 13 11 1
2616 13 12 93
1436 13 12 87
2078 13 12 80
3354 13 12 73
3798 13 12 62
1087 13 12 52
3936 13 12 41
2101 13 12 32
257 13 12 19
3719 13 12 11
1326 13 14 92
3584 13 14 81
1132 13 14 73
1868 13 14 62
854 13 14 52
2871 13 14 40
2923 13 14 31
266 13 14 20
3908 13 14 11
411 13 15 92
2361 13 15 81
1016 13 15 73
1283 13 15 62
2779 13 15 51
2820 13 15 40
1298 13 15 31
3349 13 15 19
3688 13 15 11
1883 13 17 91
1279 13 17 83
3979 13 17 22
626 13 17 15
3098 13 17 3
746 13 19 91
1166 13 19 83
1069 13 19 70
3084 13 19 60
292 13 19 52
1357 13 19 40
239 13 19 31
1728 13 19 19
2488 13 19 11
807 14 0 90
3150 14 0 80
3346 14 0 73
991 14 0 62
2112 14 0 51
322 14 0 40
217 14 0 31
2294 14 0 18
1401 14 0 6
301 14 1 90
3027 14 1 80
1791 14 1 73
3885 14 1 61
1154 14 1 49
836 14 1 43
1265 14 1 33
2510 14 1 24
911 14 1 17
1073 14 1 6
3932 14 4 89
913 14 4 81
894 14 4 73
3644 14 4 61
78 14 4 45
3996 14 4 34
1752 14 4 27
2609 14 4 15
2924 14 4 3
3818 14 6 89
404 14 6 81
714 14 6 73
2538 14 6 61
3047 14 6 41
1958 14 6 32
3710 14 6 18
288 14 6 5
2439 14 12 89
3911 14 12 80
1229 14 12 73
1137 14 12 61
81 14 12 40
1918 14 12 30
437 14 12 23
3379 14 12 14
1343 14 12 5
833 14 15 89
3597 14 15 80
1047 14 15 73
770 14 15 61
2872 14 15 39
1806 14 15 29
3552 14 15 19
571 14 15 11
612 14 17 89
3103 14 17 80
314 14 17 73
3863 14 17 60
2673 14 17 51
199 14 17 40
403 14 17 30
3746 14 17 22
3874 14 17 14
883 14 17 5
2926 14 19 88
2323 14 19 81
689 14 19 73
3395 14 19 60
3683 14 19 50
3394 14 19 41
1665 14 19 32
3112 14 19 18
26 14 19 5
636 15 2 88
2238 15 2 81
624 15 2 73
3074 15 2 60
919 15 2 50
2386 15 2 41
3505 15 2 31
2038 15 2 17
848 15 2 6
55 15 4 88
1864 15 4 81
554 15 4 73
112 15 4 60
697 15 4 50
2252 15 4 41
1442 15 4 30
3875 15 4 21
2452 15 4 8
1557 15 6 87
1965 15 6 80
1899 15 6 72
1443 15 6 65
476 15 6 58
2165 15 6 49
278 15 6 43
1142 15 6 33
2328 15 6 24
588 15 6 17
180 15 6 6
3715 15 8 86
1533 15 8 72
374 15 8 65
1940 15 8 57
3537 15 8 50
954 15 8 41
1292 15 8 29
3406 15 8 19
3366 15 8 10
3518 15 9 86
1091 15 9 72
3481 15 9 64
2209 15 9 51
2696 15 9 39
2647 15 9 28
3166 15 9 20
2508 15 9 11
2628 15 10 86
372 15 10 72
2990 15 10 64
2326 15 10 50
2520 15 10 40
3370 15 10 29
2606 15 10 19
2915 15 10 10
376 15 16 86
3194 15 16 71
296 15 16 64
1919 15 16 50
2245 15 16 40
3333 15 16 29
2248 15 16 19
2085 15 16 10
1629 15 17 85
1887 15 17 78
3819 15 17 69
1809 15 17 62
136 15 17 51
2599 15 17 39
1409 15 17 28
2848 15 17 20
1553 15 17 11
1598 15 19 85
1711 15 19 78
1411 15 19 69
3943 15 19 61
1860 15 19 39
2006 15 19 27
219 15 19 15
2421 15 19 3
1786 16 0 83
747 16 0 70
3698 16 0 59
844 16 0 52
1999 16 0 37
1571 16 0 29
768 16 0 19
1763 16 0 10
2754 16 2 82
3131 16 2 67
799 16 2 60
1745 16 2 49
3821 16 2 42
378 16 2 32
617 16 2 18
1555 16 2 4
593 16 5 82
3781 16 5 66
3687 16 5 58
1636 16 5 49
2925 16 5 42
2559 16 5 31
876 16 5 16
1418 16 5 2
18 16 6 82
2408 16 6 66
3274 16 6 58
3454 16 6 48
1633 16 6 41
290 16 6 29
110 16 6 19
1324 16 6 10
150 16 8 81
2116 16 8 72
1449 16 8 64
865 16 8 50
307 16 8 40
3188 16 8 29
106 16 8 19
1167 16 8 10
434 16 9 80
1588 16 9 72
435 16 9 64
1862 16 9 48
962 16 9 41
2757 16 9 28
2256 16 9 20
1004 16 9 11
1962 16 10 78
3026 16 10 68
2387 16 10 60
1414 16 10 49
1794 16 10 42
2002 16 10 31
690 16 10 16
1998 16 10 1
3770 16 12 77
3301 16 12 70
3351 16 12 59
3288 16 12 49
1435 16 12 42
1189 16 12 31
1479 16 12 15
2312 16 12 3
1979 16 13 77
3268 16 13 70
1664 16 13 59
2959 16 13 49
1275 16 13 42
3357 16 13 30
3787 16 13 21
1758 16 13 7
420 16 14 77
2356 16 14 70
812 16 14 59
2627 16 14 49
1398 16 14 41
76 16 14 27
2828 16 14 14
3353 16 14 4
2207 16 16 94
3808 16 16 84
2277 16 16 70
513 16 16 59
2199 16 16 49
457 16 16 41
2963 16 16 26
2678 16 16 13
3477 16 16 4
1982 16 17 92
2216 16 17 81
1249 16 17 72
2693 16 17 63
283 16 17 50
265 16 17 39
885 16 17 27
2827 16 17 14
1061 16 17 4
268 16 19 92
62 16 19 81
1141 16 19 72
2486 16 19 63
826 16 19 49
287 16 19 41
2128 16 19 26
3417 16 19 11
3474 17 0 91
734 17 0 83
1584 17 0 66
3016 17 0 58
3123 17 0 48
3117 17 0 40
3090 17 0 29
3492 17 0 18
754 17 0 4
2905 17 5 91
683 17 5 83
3660 17 5 65
1083 17 5 57
3465 17 5 50
2178 17 5 38
436 17 5 28
1906 17 5 20
3869 17 5 10
1589 17 6 91
429 17 6 83
3868 17 6 64
3180 17 6 47
829 17 6 39
3235 17 6 26
1824 17 6 11
2369 17 13 90
2602 17 13 80
1155 17 13 72
2058 17 13 63
4005 17 13 48
2259 17 13 40
2373 17 13 29
1124 17 13 18
816 17 13 3
2341 17 16 90
1377 17 16 80
1024 17 16 72
1289 17 16 63
3170 17 16 48
1373 17 16 40
1702 17 16 29
75 17 16 18
53 17 16 3
1399 17 17 90
3696 17 17 79
711 17 17 73
2934 17 17 58
2137 17 17 48
335 17 17 40
1180 17 17 29
2654 17 17 17
225 17 17 5
841 17 19 90
2261 17 19 79
350 17 19 73
1129 17 19 58
3705 17 19 47
439 17 19 39
917 17 19 26
245 17 19 11
545 18 0 90
1870 18 0 79
2601 18 0 72
3174 18 0 62
3286 18 0 50
2465 18 0 37
193 18 0 29
1679 18 0 17
3635 18 0 4
1375 18 2 89
1969 18 2 80
595 18 2 72
2214 18 2 62
1938 18 2 50
705 18 2 37
3313 18 2 28
1065 18 2 20
1839 18 2 10
1027 18 6 89
1796 18 6 79
3988 18 6 71
3331 18 6 63
2577 18 6 48
3498 18 6 39
2711 18 6 25
2846 18 6 14
1005 18 6 4
3956 18 8 88
1171 18 8 81
4001 18 8 71
3656 18 8 62
70 18 8 50
3580 18 8 36
2590 18 8 23
3906 18 8 13
3350 18 8 4
3423 18 9 88
843 18 9 81
2961 18 9 71
2716 18 9 62
2232 18 9 49
3145 18 9 40
3752 18 9 28
579 18 9 20
3267 18 9 8
2612 18 10 88
2375 18 10 80
2148 18 10 71
2645 18 10 62
2131 18 10 49
2636 18 10 40
3916 18 10 27
2127 18 10 14
3081 18 10 3
1139 18 11 88
103 18 11 80
1682 18 11 71
993 18 11 62
1039 18 11 49
2579 18 11 40
1136 18 11 26
2908 18 11 10
2053 18 13 87
1454 18 13 80
648 18 13 70
132 18 13 59
3592 18 13 48
3443 18 13 39
2478 18 13 25
1621 18 13 14
737 18 13 3
1991 18 14 87
955 18 14 80
147 18 14 70
122 18 14 59
2698 18 14 48
3751 18 14 38
338 18 14 28
267 18 14 20
3022 18 14 8
968 18 16 87
466 18 16 80
3727 18 16 69
3256 18 16 61
3824 18 16 34
3392 18 16 26
788 18 16 9
2665 18 17 86
2446 18 17 71
2273 18 17 61
1988 18 17 24
3923 18 17 16
2244 18 17 3
1631 18 19 86
1548 18 19 69
1935 18 19 61
1660 18 19 19
856 18 19 10
2892 19 0 85
1351 19 0 78
2714 19 0 68
1933 19 0 60
1185 19 0 49
1914 19 0 40
3212 19 0 25
707 19 0 14
2850 19 0 2
2585 19 2 85
2548 19 2 77
1653 19 2 70
3178 19 2 58
3045 19 2 47
206 19 2 39
1708 19 2 25
681 19 2 14
2700 19 2 2
1848 19 4 85
2406 19 4 77
326 19 4 70
1611 19 4 58
2329 19 4 47
3352 19 4 38
3998 19 4 27
548 19 4 14
2597 19 4 2
1228 19 5 85
1970 19 5 77
2297 19 5 69
3566 19 5 60
3400 19 5 48
2816 19 5 38
3320 19 5 26
34 19 5 9
2546 19 6 84
1775 19 6 70
2490 19 6 56
1741 19 6 50
3002 19 6 36
2529 19 6 23
2167 19 6 13
2993 19 6 4
2247 19 8 84
1669 19 8 70
1146 19 8 56
1119 19 8 50
525 19 8 36
1291 19 8 23
305 19 8 13
1569 19 8 4
3620 19 9 82
1237 19 9 64
2346 19 9 47
2758 19 9 38
3136 19 9 26
3229 19 9 5
2763 19 13 81
430 19 13 71
1624 19 13 61
1540 19 13 10
152 19 14 80
3428 19 14 69
482 19 14 59
2417 19 14 48
2309 19 14 38
73 19 14 26
3985 19 14 13
189 19 14 4
3726 19 16 79
3766 19 16 71
452 19 16 61
2695 19 16 48
1606 19 16 38
21 19 16 25
1179 19 16 13
3634 19 16 3
2964 19 17 79
3623 19 17 71
3308 19 17 60
2195 19 17 48
264 19 17 38
3426 19 17 24
3554 19 17 16
2213 19 17 3
1777 19 19 79
2270 19 19 71
2878 19 19 60
1672 19 19 48
2943 19 19 37
379 19 19 28
2456 19 19 19
2416 19 19 9
