2945
5684 0 0 98
542 0 0 95
4141 0 0 91
5700 0 0 88
1631 0 0 84
3208 0 0 82
4035 0 0 80
5520 0 0 77
507 0 0 75
4848 0 0 72
5124 0 0 69
5255 0 0 67
3243 0 0 64
5794 0 0 61
2642 0 0 59
3895 0 0 56
4565 0 0 53
3428 0 0 50
3029 0 0 47
349 0 0 45
943 0 0 43
5676 0 0 40
4810 0 0 37
2935 0 0 33
4861 0 0 30
1156 0 0 27
2346 0 0 24
2708 0 0 21
3643 0 0 18
3887 0 0 15
3650 0 0 11
1718 0 0 9
4222 0 0 6
3147 0 0 4
1700 0 0 2
5130 0 1 98
3487 0 1 94
3366 0 1 91
370 0 1 88
467 0 1 84
2167 0 1 81
4526 0 1 78
1580 0 1 76
4800 0 1 73
1972 0 1 71
4728 0 1 68
3011 0 1 66
3317 0 1 63
2336 0 1 60
4552 0 1 57
2140 0 1 55
1729 0 1 51
1182 0 1 48
2577 0 1 46
1451 0 1 42
546 0 1 40
2529 0 1 37
2061 0 1 33
4180 0 1 30
3284 0 1 26
5169 0 1 24
4219 0 1 20
5596 0 1 17
4688 0 1 14
3462 0 1 10
228 0 1 8
5723 0 1 5
4194 0 1 2
93 0 2 98
4714 0 2 93
3896 0 2 90
5254 0 2 87
5793 0 2 83
84 0 2 81
3130 0 2 78
431 0 2 76
3606 0 2 73
4192 0 2 70
3794 0 2 67
1109 0 2 63
238 0 2 60
4434 0 2 56
1501 0 2 53
1921 0 2 50
2048 0 2 47
2671 0 2 44
4012 0 2 40
857 0 2 37
960 0 2 33
3055 0 2 30
2398 0 2 26
548 0 2 23
2722 0 2 20
2320 0 2 17
3651 0 2 14
3005 0 2 10
3405 0 2 7
5538 0 2 5
4718 0 2 1
1381 0 3 97
3588 0 3 94
5173 0 3 90
5749 0 3 85
3307 0 3 83
4815 0 3 80
4820 0 3 77
3873 0 3 74
97 0 3 71
4207 0 3 68
4723 0 3 65
4316 0 3 62
3691 0 3 59
5630 0 3 55
3671 0 3 50
525 0 3 46
5481 0 3 41
3525 0 3 38
5751 0 3 34
3454 0 3 31
4381 0 3 29
3415 0 3 25
3951 0 3 21
2614 0 3 18
3499 0 3 15
5489 0 3 10
2585 0 3 6
5578 0 3 3
925 0 4 97
5806 0 4 93
343 0 4 90
4569 0 4 85
3523 0 4 82
3722 0 4 79
4115 0 4 76
4677 0 4 72
2399 0 4 68
2690 0 4 65
3778 0 4 62
5496 0 4 58
2164 0 4 55
2370 0 4 50
3659 0 4 45
4604 0 4 41
1530 0 4 38
5100 0 4 34
2617 0 4 31
1842 0 4 29
3350 0 4 25
4501 0 4 20
2782 0 4 16
5527 0 4 12
2036 0 4 10
2149 0 4 6
4671 0 4 3
5155 0 5 96
3431 0 5 94
4934 0 5 90
3900 0 5 85
601 0 5 82
3511 0 5 79
625 0 5 76
2441 0 5 72
2001 0 5 68
5397 0 5 64
4391 0 5 61
5401 0 5 57
3493 0 5 53
1558 0 5 50
83 0 5 45
4566 0 5 41
1229 0 5 38
5065 0 5 34
4349 0 5 30
1971 0 5 26
24 0 5 23
1265 0 5 20
1426 0 5 16
4462 0 5 12
4179 0 5 9
243 0 5 6
4313 0 5 3
4458 0 6 96
4202 0 6 92
3781 0 6 89
3434 0 6 86
1808 0 6 84
2907 0 6 80
2334 0 6 77
4433 0 6 73
5769 0 6 69
2153 0 6 65
3105 0 6 62
5450 0 6 58
5133 0 6 54
3600 0 6 51
462 0 6 47
3871 0 6 43
4446 0 6 40
250 0 6 37
757 0 6 33
5809 0 6 29
1816 0 6 25
5223 0 6 19
413 0 6 17
622 0 6 14
1340 0 6 10
1368 0 6 6
715 0 6 2
545 0 7 96
3030 0 7 92
5147 0 7 88
213 0 7 84
4826 0 7 79
5319 0 7 75
4553 0 7 72
1732 0 7 68
2827 0 7 64
2421 0 7 60
3546 0 7 56
785 0 7 53
5722 0 7 49
5691 0 7 46
2434 0 7 41
1444 0 7 37
699 0 7 33
2583 0 7 29
1101 0 7 25
5117 0 7 19
5421 0 7 16
3764 0 7 12
4140 0 7 9
5349 0 7 5
3467 0 7 1
224 0 8 96
5250 0 8 91
5004 0 8 87
5595 0 8 82
4266 0 8 78
3260 0 8 75
1950 0 8 72
4100 0 8 67
248 0 8 63
199 0 8 60
90 0 8 56
5637 0 8 52
5316 0 8 50
4661 0 8 44
3459 0 8 40
2688 0 8 36
1152 0 8 33
2152 0 8 29
3040 0 8 24
3172 0 8 20
373 0 8 16
2123 0 8 12
288 0 8 9
4471 0 8 5
2640 0 8 1
4200 0 9 95
1491 0 9 91
2950 0 9 87
2291 0 9 82
4240 0 9 78
1159 0 9 75
4563 0 9 71
3847 0 9 68
3051 0 9 63
4484 0 9 59
5172 0 9 55
1272 0 9 50
4175 0 9 44
1715 0 9 40
3657 0 9 35
3196 0 9 32
5236 0 9 28
5178 0 9 25
4258 0 9 19
4022 0 9 16
879 0 9 12
5643 0 9 8
3514 0 9 5
2428 0 9 1
3728 0 10 95
3848 0 10 90
5313 0 10 84
2884 0 10 79
5024 0 10 75
3713 0 10 71
4887 0 10 67
5326 0 10 62
4581 0 10 58
905 0 10 54
301 0 10 51
233 0 10 47
3612 0 10 43
5412 0 10 39
4691 0 10 36
877 0 10 33
1249 0 10 29
2057 0 10 24
2993 0 10 20
275 0 10 16
5714 0 10 11
265 0 10 9
1649 0 10 5
1478 0 10 1
3167 0 11 95
3818 0 11 90
3946 0 11 84
1474 0 11 79
1275 0 11 75
5464 0 11 70
4655 0 11 66
5738 0 11 62
3801 0 11 58
424 0 11 54
5113 0 11 50
3942 0 11 44
516 0 11 40
3599 0 11 35
5593 0 11 31
4560 0 11 27
5119 0 11 23
1515 0 11 19
4212 0 11 15
1401 0 11 10
938 0 11 6
5055 0 11 1
2828 0 12 95
5552 0 12 89
2604 0 12 86
4142 0 12 83
1733 0 12 80
1789 0 12 77
4132 0 12 73
4979 0 12 69
1210 0 12 65
5681 0 12 61
5306 0 12 57
453 0 12 53
837 0 12 49
3486 0 12 45
2026 0 12 41
744 0 12 37
4610 0 12 32
3322 0 12 28
2352 0 12 25
4062 0 12 19
3277 0 12 15
4969 0 12 9
1174 0 12 5
5754 0 12 1
2393 0 13 95
4340 0 13 89
1358 0 13 85
30 0 13 82
483 0 13 78
4281 0 13 74
5077 0 13 70
1065 0 13 66
5042 0 13 62
2047 0 13 58
108 0 13 54
5018 0 13 50
1677 0 13 44
5361 0 13 39
4056 0 13 36
3756 0 13 32
2662 0 13 28
1080 0 13 25
3475 0 13 19
5426 0 13 14
5500 0 13 9
2308 0 13 4
5600 0 13 1
2095 0 14 95
3867 0 14 89
5624 0 14 84
5531 0 14 78
2704 0 14 73
4606 0 14 69
547 0 14 65
4983 0 14 61
3039 0 14 57
3906 0 14 52
3490 0 14 49
2396 0 14 45
4928 0 14 40
2485 0 14 35
5432 0 14 31
653 0 14 27
4694 0 14 23
188 0 14 19
4674 0 14 14
2108 0 14 9
5296 0 14 3
37 0 15 95
3637 0 15 89
5033 0 15 84
5054 0 15 78
2467 0 15 73
3154 0 15 69
4346 0 15 64
543 0 15 60
5228 0 15 55
1024 0 15 50
644 0 15 44
1035 0 15 39
3636 0 15 35
4678 0 15 31
3313 0 15 26
5742 0 15 22
5140 0 15 19
4080 0 15 14
1667 0 15 9
4223 0 15 3
5709 0 16 94
1456 0 16 90
2851 0 16 84
4758 0 16 78
1572 0 16 73
5546 0 16 68
2903 0 16 63
1673 0 16 59
2902 0 16 55
447 0 16 50
559 0 16 44
2273 0 16 38
4808 0 16 34
4398 0 16 29
322 0 16 24
974 0 16 20
5659 0 16 15
4842 0 16 9
4098 0 16 3
5063 0 17 94
4544 0 17 89
4473 0 17 84
4429 0 17 78
1514 0 17 73
4244 0 17 68
2446 0 17 63
2766 0 17 58
5352 0 17 53
517 0 17 49
4388 0 17 44
1504 0 17 38
4278 0 17 34
3133 0 17 29
73 0 17 24
310 0 17 20
4967 0 17 15
4633 0 17 9
3983 0 17 3
3919 0 18 94
3308 0 18 89
3891 0 18 84
4043 0 18 78
990 0 18 73
1488 0 18 68
851 0 18 63
1704 0 18 58
5096 0 18 53
3784 0 18 48
3595 0 18 45
4126 0 18 40
1928 0 18 35
4074 0 18 31
1902 0 18 26
4582 0 18 22
3931 0 18 17
3994 0 18 13
255 0 18 11
3334 0 18 8
2913 0 18 5
2254 0 18 1
5246 0 19 93
179 0 19 90
1884 0 19 84
2210 0 19 78
4851 0 19 72
3248 0 19 67
464 0 19 62
1171 0 19 58
4057 0 19 53
2469 0 19 48
3301 0 19 45
3879 0 19 40
616 0 19 35
1771 0 19 31
651 0 19 26
2549 0 19 22
3788 0 19 17
3663 0 19 12
5272 0 19 8
3991 0 19 4
22 0 19 1
4923 2 0 93
5477 2 0 89
2090 2 0 84
4165 2 0 77
1904 2 0 73
1119 2 0 68
429 2 0 63
2592 2 0 57
3225 2 0 52
5545 2 0 48
541 2 0 45
1915 2 0 40
3564 2 0 34
1837 2 0 29
5266 2 0 23
4805 2 0 18
3127 2 0 15
3815 2 0 9
3554 2 0 3
1015 2 1 93
5706 2 1 88
5555 2 1 83
4386 2 1 79
531 2 1 75
4624 2 1 70
2037 2 1 65
1872 2 1 61
5567 2 1 56
5074 2 1 51
5516 2 1 46
1979 2 1 41
4034 2 1 36
5044 2 1 31
1302 2 1 25
3165 2 1 19
3318 2 1 14
632 2 1 9
3528 2 1 3
636 2 2 93
4978 2 2 88
4601 2 2 83
2541 2 2 79
5696 2 2 74
4818 2 2 70
5045 2 2 64
4261 2 2 59
2011 2 2 55
311 2 2 50
4650 2 2 43
2870 2 2 39
1442 2 2 35
5598 2 2 30
1480 2 2 25
2933 2 2 19
2684 2 2 14
573 2 2 9
3021 2 2 3
396 2 3 93
4757 2 3 88
4288 2 3 83
727 2 3 79
366 2 3 74
4154 2 3 70
2667 2 3 64
2465 2 3 59
5699 2 3 54
4920 2 3 50
3309 2 3 43
5789 2 3 38
1216 2 3 34
1314 2 3 29
3950 2 3 23
4339 2 3 18
95 2 3 15
2343 2 3 9
2700 2 3 3
221 2 4 93
3070 2 4 88
3269 2 4 83
4373 2 4 78
4146 2 4 72
730 2 4 67
170 2 4 62
5632 2 4 57
3068 2 4 52
4704 2 4 48
4564 2 4 44
5451 2 4 37
2659 2 4 32
940 2 4 28
4443 2 4 24
302 2 4 20
3844 2 4 15
520 2 4 9
2076 2 4 3
5585 2 5 92
5092 2 5 87
1239 2 5 82
309 2 5 78
3969 2 5 72
668 2 5 67
4621 2 5 61
4896 2 5 56
4536 2 5 51
5192 2 5 46
113 2 5 41
4013 2 5 36
1137 2 5 31
119 2 5 25
1402 2 5 19
2472 2 5 14
151 2 5 9
1727 2 5 3
4162 2 6 92
3052 2 6 87
4997 2 6 81
289 2 6 78
2733 2 6 72
5807 2 6 66
5002 2 6 62
4430 2 6 57
2117 2 6 52
3352 2 6 48
1883 2 6 44
5040 2 6 37
2630 2 6 32
2883 2 6 27
3421 2 6 23
3705 2 6 17
1125 2 6 12
5080 2 6 8
2774 2 6 4
2736 2 7 92
1019 2 7 87
2941 2 7 81
5590 2 7 77
5570 2 7 72
4748 2 7 66
4363 2 7 62
4149 2 7 57
1777 2 7 52
1324 2 7 48
1701 2 7 44
3839 2 7 37
1990 2 7 32
2392 2 7 27
1661 2 7 23
2750 2 7 17
5557 2 7 11
2644 2 7 8
5067 2 7 3
2445 2 8 92
5729 2 8 86
655 2 8 82
3622 2 8 77
4556 2 8 72
4697 2 8 66
3785 2 8 62
1060 2 8 57
1394 2 8 52
446 2 8 48
762 2 8 44
3244 2 8 37
1459 2 8 32
1847 2 8 27
1264 2 8 23
2689 2 8 17
3384 2 8 11
1549 2 8 8
3990 2 8 3
1518 2 10 92
5592 2 10 86
5259 2 10 81
5484 2 10 77
4548 2 10 72
2033 2 10 66
3391 2 10 62
589 2 10 57
1130 2 10 52
5321 2 10 47
1612 2 10 43
3719 2 10 38
419 2 10 34
1217 2 10 29
2872 2 10 23
732 2 10 17
2918 2 10 11
3680 2 10 7
3581 2 10 4
5073 2 11 91
1315 2 11 87
2794 2 11 81
4643 2 11 77
3998 2 11 72
563 2 11 66
3081 2 11 62
4421 2 11 56
2278 2 11 51
5060 2 11 46
5658 2 11 40
3271 2 11 34
4664 2 11 28
3665 2 11 24
218 2 11 20
2946 2 11 15
5381 2 11 8
2512 2 11 3
2605 2 12 91
1143 2 12 87
1497 2 12 81
2568 2 12 77
3822 2 12 72
44 2 12 66
830 2 12 62
3419 2 12 56
1555 2 12 51
3720 2 12 46
3800 2 12 40
2436 2 12 34
4158 2 12 28
2045 2 12 24
3361 2 12 19
1999 2 12 14
3281 2 12 8
1949 2 12 3
1774 2 13 91
843 2 13 87
4310 2 13 80
5694 2 13 75
3865 2 13 70
2489 2 13 64
1641 2 13 59
4164 2 13 54
3198 2 13 50
1845 2 13 43
3495 2 13 38
2862 2 13 33
994 2 13 29
2586 2 13 23
430 2 13 17
2245 2 13 11
2366 2 13 7
4251 2 13 3
4908 2 14 90
1800 2 14 84
2818 2 14 77
1878 2 14 72
5639 2 14 65
149 2 14 61
4300 2 14 56
1418 2 14 51
2971 2 14 46
1867 2 14 40
1068 2 14 34
3396 2 14 28
3213 2 14 23
52 2 14 17
433 2 14 11
1250 2 14 7
49 2 14 3
4252 2 15 90
1031 2 15 84
1273 2 15 77
1500 2 15 72
4293 2 15 65
5796 2 15 60
4731 2 15 55
5493 2 15 49
2709 2 15 44
2985 2 15 37
5200 2 15 31
77 2 15 25
5330 2 15 18
4867 2 15 14
3177 2 15 8
1865 2 15 3
3767 2 16 90
410 2 16 84
439 2 16 77
5736 2 16 71
2537 2 16 67
3550 2 16 61
3193 2 16 56
540 2 16 51
2840 2 16 46
1561 2 16 40
5342 2 16 33
5408 2 16 28
1306 2 16 23
5605 2 16 16
4866 2 16 11
5468 2 16 6
3670 2 16 1
2435 2 17 90
5603 2 17 83
4129 2 17 78
2531 2 17 72
3376 2 17 65
5601 2 17 60
3115 2 17 55
1957 2 17 49
726 2 17 44
638 2 17 37
5079 2 17 31
5354 2 17 24
2954 2 17 19
3476 2 17 13
232 2 17 10
4372 2 17 5
1655 2 18 90
4943 2 18 83
3311 2 18 78
2282 2 18 72
111 2 18 65
43 2 18 60
2019 2 18 55
4921 2 18 48
5029 2 18 43
2166 2 18 38
5778 2 18 32
4063 2 18 26
3868 2 18 21
1539 2 18 18
4931 2 18 13
4309 2 18 9
911 2 18 3
578 2 19 90
4881 2 19 83
1736 2 19 78
2199 2 19 72
3217 2 19 64
978 2 19 59
3077 2 19 54
5151 2 19 49
330 2 19 44
471 2 19 37
3768 2 19 31
3524 2 19 24
1287 2 19 19
5780 2 19 12
2917 2 19 8
1676 2 19 3
5131 3 0 89
1121 3 0 84
156 3 0 77
5522 3 0 71
4909 3 0 65
3027 3 0 59
1519 3 0 54
5043 3 0 49
5653 3 0 43
939 3 0 38
3503 3 0 32
3920 3 0 26
3763 3 0 21
1071 3 0 18
1378 3 0 13
387 3 0 9
518 3 0 3
4232 3 1 89
3363 3 1 83
1231 3 1 78
1534 3 1 72
2949 3 1 64
4559 3 1 58
3831 3 1 53
2002 3 1 48
2603 3 1 43
382 3 1 38
2784 3 1 32
3451 3 1 26
3605 3 1 21
4998 3 1 17
5224 3 1 10
3273 3 1 5
2770 3 2 89
3226 3 2 83
890 3 2 78
2357 3 2 71
4765 3 2 65
2337 3 2 59
908 3 2 54
3737 3 2 49
3293 3 2 43
3718 3 2 37
2554 3 2 31
497 3 2 24
1091 3 2 19
5318 3 2 12
4543 3 2 7
5095 3 2 2
2739 3 3 89
3211 3 3 83
8 3 3 78
1108 3 3 71
4539 3 3 65
1538 3 3 59
4835 3 3 53
1038 3 3 48
1248 3 3 43
2715 3 3 37
2338 3 3 31
384 3 3 24
5267 3 3 18
299 3 3 13
820 3 3 8
1390 3 3 3
2094 3 4 89
1803 3 4 83
4368 3 4 77
5351 3 4 71
2621 3 4 65
681 3 4 58
3337 3 4 53
4973 3 4 47
923 3 4 43
3962 3 4 36
809 3 4 31
4781 3 4 23
4435 3 4 16
2894 3 4 11
4302 3 4 6
2538 3 4 1
1917 3 5 89
989 3 5 83
1614 3 5 77
3856 3 5 71
5380 3 5 64
4492 3 5 58
2303 3 5 53
3832 3 5 47
2656 3 5 41
3117 3 5 36
4026 3 5 30
4024 3 5 24
2177 3 5 18
4972 3 5 12
2171 3 5 6
1097 3 5 1
1363 3 6 89
3621 3 6 82
1882 3 6 77
3315 3 6 71
5005 3 6 64
4155 3 6 58
1282 3 6 53
2960 3 6 47
4753 3 6 40
4752 3 6 33
4792 3 6 28
777 3 6 23
2043 3 6 16
2848 3 6 11
2677 3 6 6
296 3 6 1
100 3 7 89
3002 3 7 82
928 3 7 77
2975 3 7 71
4862 3 7 64
2065 3 7 58
4708 3 7 52
5086 3 7 47
4486 3 7 40
788 3 7 33
4497 3 7 28
448 3 7 23
920 3 7 16
2487 3 7 11
5081 3 7 5
5517 3 8 88
1749 3 8 83
689 3 8 77
2732 3 8 71
4053 3 8 64
1643 3 8 58
4193 3 8 52
3358 3 8 47
1346 3 8 40
4350 3 8 32
988 3 8 26
3379 3 8 21
1496 3 8 17
4487 3 8 10
3166 3 8 5
5201 3 10 88
1225 3 10 83
4117 3 10 76
5013 3 10 71
2780 3 10 64
1296 3 10 58
3765 3 10 52
3113 3 10 47
4122 3 10 39
613 3 10 35
173 3 10 30
3552 3 10 24
1871 3 10 18
4839 3 10 12
998 3 10 6
158 3 10 1
913 3 11 88
427 3 11 83
3859 3 11 76
4828 3 11 71
425 3 11 64
496 3 11 58
3075 3 11 52
2707 3 11 47
3660 3 11 39
4641 3 11 34
719 3 11 28
379 3 11 23
2772 3 11 15
5039 3 11 8
5641 3 11 2
5770 3 12 87
3157 3 12 80
5276 3 12 75
2521 3 12 70
883 3 12 64
2754 3 12 57
5618 3 12 51
1996 3 12 46
5613 3 12 39
3899 3 12 34
68 3 12 28
271 3 12 23
787 3 12 15
2923 3 12 8
5127 3 12 2
3851 3 13 87
912 3 13 80
4958 3 13 75
5457 3 13 69
4292 3 13 64
2694 3 13 57
5560 3 13 51
1230 3 13 46
5350 3 13 39
5549 3 13 33
1713 3 13 28
5389 3 13 22
775 3 13 17
3296 3 13 10
46 3 13 5
1900 4 10 87
812 4 10 80
4572 4 10 75
5003 4 10 69
3006 4 10 64
1336 4 10 57
4806 4 10 51
1049 4 10 46
4874 4 10 39
5132 4 10 33
5206 4 10 27
5180 4 10 22
4902 4 10 16
3003 4 10 10
4589 4 10 4
107 4 13 86
4453 4 13 81
3602 4 13 76
3632 4 13 71
390 4 13 64
808 4 13 57
1146 4 13 51
234 4 13 46
4778 4 13 39
4270 4 13 33
4799 4 13 27
5115 4 13 22
2555 4 13 16
2587 4 13 10
2888 4 13 4
4068 4 16 85
3088 4 16 81
3382 4 16 76
3556 4 16 71
4525 4 16 63
2114 4 16 57
5561 4 16 50
1193 4 16 43
977 4 16 36
2963 4 16 30
1981 4 16 24
1048 4 16 18
2120 4 16 12
5414 4 16 5
725 4 17 85
2132 4 17 81
2790 4 17 76
761 4 17 71
3817 4 17 63
1650 4 17 57
5269 4 17 50
691 4 17 43
5277 4 17 35
4951 4 17 29
5391 4 17 22
1213 4 17 16
2416 4 17 10
1844 4 17 4
607 4 18 85
2023 4 18 81
4756 4 18 75
2307 4 18 69
1166 4 18 64
509 4 18 57
4845 4 18 50
5439 4 18 42
5743 4 18 39
3811 4 18 33
4259 4 18 27
3441 4 18 22
746 4 18 16
2148 4 18 10
5020 4 18 3
252 4 19 85
2762 4 19 80
1236 4 19 75
5220 4 19 68
320 4 19 63
740 4 19 57
4010 4 19 50
5084 4 19 42
2703 4 19 39
3159 4 19 33
4107 4 19 27
1279 4 19 22
5136 4 19 15
321 4 19 8
4538 4 19 2
1991 5 0 84
2545 5 0 76
4873 5 0 70
4284 5 0 63
4334 5 0 56
229 5 0 51
5442 5 0 45
4886 5 0 39
3028 5 0 33
3112 5 0 27
334 5 0 22
3414 5 0 15
5404 5 0 7
3008 5 0 2
4001 5 1 83
2454 5 1 76
4377 5 1 70
4079 5 1 63
3939 5 1 56
4172 5 1 50
4709 5 1 42
5479 5 1 38
2394 5 1 32
658 5 1 26
3290 5 1 21
5128 5 1 16
1851 5 1 10
4480 5 1 3
2351 5 2 83
1998 5 2 76
2412 5 2 70
466 5 2 63
3656 5 2 56
3733 5 2 50
2998 5 2 42
4855 5 2 38
2270 5 2 32
5398 5 2 25
4220 5 2 18
1064 5 2 12
5286 5 2 5
5262 5 3 82
98 5 3 77
1635 5 3 71
2444 5 3 63
3122 5 3 56
2387 5 3 50
2929 5 3 42
3398 5 3 38
1322 5 3 32
3124 5 3 25
3864 5 3 18
586 5 3 12
4856 5 3 5
933 5 4 82
5708 5 4 76
1498 5 4 70
5543 5 4 62
3327 5 4 56
1269 5 4 50
2909 5 4 42
2886 5 4 38
724 5 4 32
2999 5 4 25
3769 5 4 18
5735 5 4 11
4485 5 4 5
1408 5 5 81
2539 5 5 75
4990 5 5 68
74 5 5 63
2104 5 5 56
5715 5 5 49
2477 5 5 43
4456 5 5 35
4689 5 5 29
5325 5 5 22
2078 5 5 15
3976 5 5 7
1 5 5 2
962 5 6 81
2429 5 6 75
4787 5 6 68
55 5 6 63
4889 5 6 55
4755 5 6 48
261 5 6 43
4116 5 6 35
2252 5 6 29
5158 5 6 22
1593 5 6 15
3708 5 6 7
5392 5 6 1
4607 5 7 80
882 5 7 75
3938 5 7 68
20 5 7 63
3790 5 7 55
4021 5 7 48
1271 5 7 42
2455 5 7 38
5355 5 7 31
4524 5 7 23
5384 5 7 13
5787 5 7 7
5143 5 7 1
2438 5 8 79
4683 5 8 73
409 5 8 68
3742 5 8 62
2698 5 8 56
5182 5 8 49
1253 5 8 43
2943 5 8 35
5583 5 8 28
5232 5 8 22
575 5 8 15
2433 5 8 7
4478 5 8 1
3618 5 10 78
1098 5 10 71
2103 5 10 63
1889 5 10 55
2233 5 10 48
858 5 10 42
992 5 10 38
3072 5 10 30
283 5 10 24
280 5 10 18
2910 5 10 11
4419 5 10 5
5577 5 12 76
5640 5 12 69
1000 5 12 64
5509 5 12 56
3026 5 12 49
18 5 12 43
1573 5 12 35
4387 5 12 28
5163 5 12 22
203 5 12 15
2212 5 12 7
3833 5 12 1
4327 5 13 76
4184 5 13 69
5221 5 13 63
1448 5 13 55
1750 5 13 48
5041 5 13 41
2296 5 13 36
2281 5 13 30
5655 5 13 23
3255 5 13 13
5183 5 13 7
2028 5 13 1
2860 5 16 76
3446 5 16 69
4519 5 16 63
226 5 16 55
1267 5 16 48
3795 5 16 41
363 5 16 36
1560 5 16 30
5212 5 16 23
2262 5 16 13
3974 5 16 7
1455 5 16 1
2702 5 17 75
2324 5 17 68
3686 5 17 62
1679 5 17 56
2064 5 17 49
4482 5 17 42
5258 5 17 37
5299 5 17 30
4067 5 17 23
4260 5 17 12
4600 5 17 5
434 5 18 64
4883 5 18 56
1397 5 18 49
4197 5 18 42
4955 5 18 37
4963 5 18 30
3048 5 18 23
3836 5 18 12
1760 5 18 5
550 5 19 63
72 5 19 55
4603 5 19 47
3242 5 19 39
2600 5 19 33
2310 5 19 27
4869 5 19 21
4353 5 19 16
1200 5 19 10
4271 5 19 3
4882 6 8 59
4573 6 8 53
2823 6 8 47
292 6 8 39
1431 6 8 33
1150 6 8 27
4798 6 8 21
4286 6 8 16
5553 6 8 9
298 6 8 3
4130 7 1 98
4618 7 1 93
2402 7 1 88
2084 7 1 82
5535 7 1 76
2682 7 1 69
3935 7 1 63
5660 7 1 54
4426 7 1 48
4734 7 1 40
3227 7 1 32
2809 7 1 25
5435 7 1 17
3175 7 1 10
4050 7 1 3
2696 7 2 97
674 7 2 93
2201 7 2 88
710 7 2 82
4562 7 2 76
376 7 2 69
3687 7 2 63
1356 7 2 54
4118 7 2 48
4593 7 2 40
1280 7 2 32
2162 7 2 25
4875 7 2 17
3100 7 2 10
3734 7 2 3
2557 7 3 97
5264 7 3 92
4097 7 3 86
5721 7 3 80
5795 7 3 74
3808 7 3 70
5064 7 3 62
1507 7 3 56
378 7 3 49
3236 7 3 42
2989 7 3 37
4579 7 3 30
2530 7 3 23
3298 7 3 12
5385 7 3 4
4395 7 4 96
3229 7 4 91
345 7 4 87
583 7 4 80
5348 7 4 74
3272 7 4 70
4410 7 4 62
666 7 4 56
4651 7 4 48
2247 7 4 40
621 7 4 32
1601 7 4 25
4584 7 4 17
2797 7 4 10
3254 7 4 3
3188 7 5 96
3240 7 5 90
1512 7 5 83
1563 7 5 76
4516 7 5 68
2590 7 5 62
5635 7 5 55
4280 7 5 47
33 7 5 39
967 7 5 33
5393 7 5 26
2930 7 5 21
2796 7 5 16
5368 7 5 9
5186 7 5 2
5298 7 6 95
3067 7 6 89
2315 7 6 82
4343 7 6 76
3517 7 6 68
1893 7 6 62
3592 7 6 55
3698 7 6 47
5609 7 6 38
2053 7 6 30
1203 7 6 23
2335 7 6 12
4201 7 6 4
1360 7 7 95
1244 7 7 89
1726 7 7 82
3921 7 7 76
2251 7 7 68
3647 7 7 61
765 7 7 56
5689 7 7 47
5307 7 7 38
4880 7 7 29
1179 7 7 22
5382 7 7 14
842 7 7 8
3798 7 7 2
416 7 8 95
4682 7 8 88
364 7 8 82
3205 7 8 76
1011 7 8 68
3108 7 8 61
150 7 8 56
5231 7 8 47
5094 7 8 38
3943 7 8 29
880 7 8 22
5137 7 8 14
3954 7 8 7
1325 7 8 1
4305 7 10 94
2072 7 10 89
4769 7 10 81
2275 7 10 75
1353 7 10 68
1909 7 10 61
5294 7 10 55
3321 7 10 47
4044 7 10 38
1550 7 10 29
560 7 10 22
4893 7 10 14
4457 7 10 6
4042 7 11 94
1768 7 11 89
4730 7 11 81
2079 7 11 75
1259 7 11 68
346 7 11 61
5027 7 11 55
5487 7 11 46
3917 7 11 39
734 7 11 33
3474 7 11 26
2629 7 11 21
2218 7 11 16
3056 7 11 9
4190 7 11 2
3823 7 12 94
706 7 12 89
3875 7 12 81
4914 7 12 74
3047 7 12 70
4255 7 12 62
2347 7 12 55
4301 7 12 46
3466 7 12 39
5606 7 12 32
1376 7 12 25
4413 7 12 17
1452 7 12 10
2229 7 12 3
2588 7 13 94
342 7 13 89
3224 7 13 81
4834 7 13 74
2865 7 13 70
4138 7 13 62
1936 7 13 55
2716 7 13 46
3294 7 13 39
3278 7 13 32
3603 7 13 24
5000 7 13 17
1100 7 13 10
2173 7 13 3
1479 7 14 94
5503 7 14 88
3908 7 14 81
4332 7 14 74
1423 7 14 70
1856 7 14 62
1855 7 14 55
2016 7 14 46
3119 7 14 39
2471 7 14 32
2926 7 14 24
3701 7 14 17
778 7 14 10
1719 7 14 3
1138 7 15 94
3877 7 15 88
2880 7 15 81
3759 7 15 74
5589 7 15 69
2618 7 15 63
1148 7 15 54
4002 7 15 48
863 7 15 40
3956 7 15 31
3418 7 15 23
2231 7 15 12
2305 7 15 4
888 7 16 94
2572 7 16 88
1788 7 16 81
2882 7 16 74
502 7 16 69
2183 7 16 63
5345 7 16 53
5818 7 16 46
2367 7 16 39
4549 7 16 31
3094 7 16 23
2020 7 16 12
714 7 16 4
440 7 17 94
2355 7 17 88
1323 7 17 81
2581 7 17 74
4231 7 17 68
142 7 17 61
4994 7 17 55
1798 7 17 46
1337 7 17 39
3187 7 17 31
2267 7 17 23
961 7 17 12
482 7 17 4
2811 7 18 93
1807 7 18 88
461 7 18 81
1297 7 18 74
3828 7 18 68
4139 7 18 60
958 7 18 55
1684 7 18 46
5290 7 18 38
1517 7 18 29
307 7 18 22
1391 7 18 14
4449 7 18 6
1804 7 19 93
1260 7 19 88
375 7 19 81
5056 7 19 73
5204 7 19 67
3043 7 19 61
3685 7 19 55
5717 7 19 45
4393 7 19 39
1317 7 19 31
1355 7 19 23
2931 7 19 11
1831 7 19 5
1388 8 1 93
5199 8 1 87
2890 8 1 79
4245 8 1 72
1876 8 1 64
4720 8 1 56
5196 8 1 47
3195 8 1 38
268 8 1 29
3937 8 1 21
4568 8 1 15
4523 8 1 6
660 8 2 93
4991 8 2 87
1214 8 2 79
485 8 2 72
4932 8 2 63
4950 8 2 53
4964 8 2 46
4414 8 2 38
5184 8 2 28
2615 8 2 22
5811 8 2 13
3185 8 2 7
490 8 3 93
4794 8 3 87
5756 8 3 78
535 8 3 71
5525 8 3 62
1367 8 3 55
5650 8 3 45
3748 8 3 39
19 8 3 31
3417 8 3 22
5195 8 3 13
2424 8 3 7
5815 8 4 92
1332 8 4 86
2649 8 4 80
4440 8 4 74
1863 8 4 68
3473 8 4 60
683 8 4 55
5165 8 4 45
1656 8 4 39
4965 8 4 30
594 8 4 23
1161 8 4 11
1149 8 4 5
5292 8 5 92
4775 8 5 85
1756 8 5 80
2311 8 5 74
1802 8 5 68
5501 8 5 59
4542 8 5 53
4127 8 5 46
4004 8 5 38
4364 8 5 28
1910 8 5 22
4961 8 5 13
1537 8 5 7
4151 8 6 92
4642 8 6 85
4 8 6 80
688 8 6 74
859 8 6 68
3631 8 6 59
3445 8 6 53
4082 8 6 46
3324 8 6 38
4362 8 6 28
1345 8 6 22
4287 8 6 13
772 8 6 7
3397 8 7 92
3970 8 7 85
4199 8 7 79
460 8 7 72
2863 8 7 63
4598 8 7 53
2651 8 7 46
571 8 7 38
2025 8 7 28
735 8 7 22
4234 8 7 13
5727 8 7 6
2755 8 8 92
2757 8 8 85
3739 8 8 79
5268 8 8 71
5332 8 8 62
4347 8 8 54
3979 8 8 48
5776 8 8 39
2264 8 8 30
163 8 8 23
4228 8 8 10
3516 8 8 2
2403 8 10 92
1770 8 10 85
1373 8 10 79
5047 8 10 71
3258 8 10 62
1799 8 10 54
3085 8 10 48
5453 8 10 39
1946 8 10 30
3993 8 10 22
4046 8 10 13
5458 8 10 6
1607 8 11 92
995 8 11 85
5145 8 11 78
5305 8 11 70
1647 8 11 62
815 8 11 54
1134 8 11 48
3450 8 11 39
567 8 11 30
2706 8 11 22
1331 8 11 13
4123 8 11 6
1140 8 12 92
195 8 12 85
4777 8 12 78
2915 8 12 70
1010 8 12 62
606 8 12 54
5338 8 12 47
2873 8 12 38
1740 8 12 28
281 8 12 22
4378 8 12 12
449 8 12 4
630 8 13 92
5544 8 13 84
2063 8 13 76
331 8 13 68
1432 8 13 59
1399 8 13 53
2226 8 13 46
219 8 13 38
1632 8 13 28
5817 8 13 21
4359 8 13 15
4161 8 13 6
1595 8 14 91
5744 8 14 86
2244 8 14 80
65 8 14 74
4319 8 14 67
1461 8 14 61
3218 8 14 55
4825 8 14 45
1471 8 14 39
314 8 14 30
5638 8 14 21
3988 8 14 15
2713 8 14 6
4019 8 15 90
847 8 15 83
1032 8 15 76
4690 8 15 67
67 8 15 61
5238 8 15 54
4096 8 15 47
2082 8 15 38
817 8 15 28
5663 8 15 21
2560 8 15 15
1579 8 15 6
4743 8 16 89
1895 8 16 81
4376 8 16 73
4441 8 16 67
5233 8 16 60
5383 8 16 54
4076 8 16 47
1918 8 16 38
5513 8 16 26
5812 8 16 20
1989 8 16 15
1545 8 16 6
4221 8 17 89
1699 8 17 81
3874 8 17 73
3640 8 17 67
4333 8 17 60
3869 8 17 54
3916 8 17 47
1255 8 17 38
4635 8 17 26
4901 8 17 20
5490 8 17 14
4360 8 17 6
2720 8 18 89
1441 8 18 81
2740 8 18 73
3016 8 18 67
4119 8 18 60
3533 8 18 54
2443 8 18 47
333 8 18 38
4383 8 18 26
4877 8 18 20
4899 8 18 14
3582 8 18 6
1843 8 19 89
5788 8 19 80
4741 8 19 73
381 8 19 67
3170 8 19 60
3065 8 19 54
2007 8 19 47
5051 8 19 37
3036 8 19 30
3860 8 19 21
212 8 19 15
831 8 19 6
2344 9 1 88
5629 9 1 80
3646 9 1 73
4865 9 1 66
5310 9 1 61
5123 9 1 54
807 9 1 47
4993 9 1 37
1380 9 1 30
3457 9 1 21
5766 9 1 14
1114 9 1 6
1043 9 8 88
5581 9 8 80
1819 9 8 73
3674 9 8 66
5161 9 8 61
4406 9 8 54
702 9 8 47
4071 9 8 37
1039 9 8 30
1881 9 8 21
647 9 8 14
5455 9 8 5
332 9 10 88
3274 9 10 80
2400 9 10 72
2705 9 10 63
3782 9 10 53
1122 9 10 46
5083 9 10 37
3209 9 10 29
505 9 10 21
5337 9 10 13
3161 9 10 6
5324 10 3 87
3223 10 3 78
2876 10 3 70
5353 10 3 61
3586 10 3 54
4205 10 3 46
4037 10 3 37
2363 10 3 29
5006 10 3 20
4571 10 3 14
4675 10 3 5
4942 10 4 87
3013 10 4 78
2868 10 4 70
5205 10 4 61
1400 10 4 54
1669 10 4 46
1672 10 4 37
1618 10 4 29
3682 10 4 20
3010 10 4 14
4390 10 4 5
4532 10 6 87
2452 10 6 78
2329 10 6 70
4870 10 6 61
965 10 6 54
827 10 6 46
124 10 6 37
4949 10 6 28
4849 10 6 21
4547 10 6 13
2914 10 6 6
3319 10 13 87
2142 10 13 78
2115 10 13 70
4233 10 13 61
231 10 13 54
5502 10 13 45
1439 10 13 39
5675 10 13 29
2984 10 13 20
1468 10 13 14
3882 10 13 5
2407 10 15 87
1861 10 15 78
1665 10 15 70
2055 10 15 61
5488 10 15 52
783 10 15 47
2191 10 15 37
1879 10 15 28
4596 10 15 21
5225 10 15 12
5777 10 15 3
2374 11 0 87
2599 11 0 77
459 11 0 71
1197 11 0 62
5460 11 0 53
941 11 0 46
2619 11 0 36
354 11 0 30
4853 11 0 20
700 11 0 13
2532 11 0 6
1604 11 6 87
2323 11 6 77
5536 11 6 70
5495 11 6 60
2687 11 6 54
5427 11 6 45
4208 11 6 38
3835 11 6 26
3688 11 6 20
134 11 6 13
887 11 6 6
5763 11 8 86
5285 11 8 79
4102 11 8 71
609 11 8 62
4894 11 8 53
682 11 8 46
1377 11 8 36
247 11 8 30
5506 11 8 19
4948 11 8 12
5198 11 8 3
3649 11 10 86
5007 11 10 79
1354 11 10 71
266 11 10 62
2317 11 10 53
524 11 10 46
4095 11 10 35
2232 11 10 28
4583 11 10 21
4940 11 10 12
3981 11 10 3
167 11 11 86
2632 11 11 79
4619 11 11 70
4846 11 11 60
1570 11 11 53
153 11 11 46
4015 11 11 35
1852 11 11 28
3300 11 11 21
2816 11 11 12
3022 11 11 3
5462 11 13 85
4489 11 13 78
618 11 13 70
3997 11 13 60
418 11 13 53
5402 11 13 45
2674 11 13 38
2758 11 13 26
2980 11 13 20
4513 11 13 12
1447 11 13 3
2964 11 15 85
4470 11 15 78
5475 11 15 69
1619 11 15 63
1469 11 15 53
4771 11 15 45
5413 11 15 37
597 11 15 28
2297 11 15 21
2004 11 15 12
1002 11 15 3
3063 11 16 84
1058 11 16 76
2567 11 16 67
1254 11 16 60
5026 11 16 52
5366 11 16 46
3961 11 16 35
4717 11 16 27
3616 11 16 21
1191 11 16 12
742 11 16 3
1131 11 17 84
768 11 17 76
1147 11 17 67
510 11 17 59
122 11 17 53
4739 11 17 45
5265 11 17 37
4773 11 17 27
2990 11 17 21
5149 11 17 11
854 11 17 5
1112 11 18 84
1257 11 18 75
1188 11 18 68
1412 11 18 59
4357 11 18 52
2575 11 18 46
474 11 18 35
4533 11 18 27
690 11 18 21
3579 11 18 11
5791 11 18 4
2287 11 19 83
3684 11 19 75
4405 11 19 67
329 11 19 59
4210 11 19 52
661 11 19 46
3609 11 19 34
5430 11 19 27
242 11 19 21
2751 11 19 11
5371 11 19 4
771 12 0 83
2945 12 0 75
2717 12 0 67
3933 12 0 58
2008 12 0 52
295 12 0 46
3435 12 0 34
4626 12 0 27
5377 12 0 20
3501 12 0 12
5120 12 0 2
4296 12 2 82
2135 12 2 76
649 12 2 67
3885 12 2 58
1820 12 2 52
5449 12 2 45
5066 12 2 36
5573 12 2 29
5521 12 2 19
3741 12 2 12
4878 12 2 2
862 12 3 82
5280 12 3 75
1587 12 3 67
3328 12 3 58
5649 12 3 51
3625 12 3 45
4791 12 3 36
5156 12 3 29
4242 12 3 19
3620 12 3 12
4836 12 3 2
489 12 4 82
5177 12 4 75
1554 12 4 67
2672 12 4 58
5088 12 4 51
3400 12 4 45
3926 12 4 36
2900 12 4 29
3776 12 4 19
2584 12 4 12
4342 12 4 2
4711 12 6 81
2460 12 6 73
2925 12 6 66
758 12 6 61
4366 12 6 52
4185 12 6 45
3537 12 6 36
1465 12 6 29
2495 12 6 19
2292 12 6 12
2625 12 6 2
3623 12 8 78
4891 12 8 69
5166 12 8 62
713 12 8 53
3472 12 8 45
1926 12 8 36
3347 12 8 28
4761 12 8 20
2853 12 8 12
1004 12 8 2
5470 12 10 77
5069 12 10 70
2997 12 10 60
2224 12 10 52
2869 12 10 45
421 12 10 36
3059 12 10 28
4427 12 10 20
2744 12 10 12
662 12 10 2
5611 12 11 74
3331 12 11 67
1578 12 11 58
3541 12 11 51
1714 12 11 45
356 12 11 36
1190 12 11 28
3230 12 11 20
1304 12 11 12
360 12 11 2
47 12 13 72
2213 12 13 63
982 12 13 53
3148 12 13 45
5328 12 13 35
1319 12 13 27
4494 12 13 20
269 12 13 12
251 12 13 2
605 12 19 65
5104 12 19 57
3020 12 19 50
1806 12 19 42
2255 12 19 37
4685 12 19 27
4294 12 19 20
5604 12 19 11
4575 12 19 4
4496 13 0 60
1687 13 0 52
1078 13 0 45
5159 13 0 35
828 13 0 27
3168 13 0 20
5249 13 0 11
4897 13 0 3
642 13 2 58
2397 13 2 51
1434 13 2 45
4774 13 2 35
576 13 2 27
2384 13 2 20
5187 13 2 11
3923 13 2 3
1502 13 3 50
523 13 3 42
1924 13 3 37
2571 13 3 27
2121 13 3 20
4841 13 3 11
3697 13 3 3
3080 13 6 97
1737 13 6 92
4591 13 6 84
4782 13 6 74
3121 13 6 67
5443 13 6 57
2447 13 6 50
5274 13 6 41
5719 13 6 35
4735 13 6 26
1986 13 6 20
952 13 6 11
3279 13 6 3
3232 13 8 96
2737 13 8 90
5646 13 8 82
2509 13 8 75
1181 13 8 67
3354 13 8 57
2265 13 8 50
4906 13 8 41
3898 13 8 35
4476 13 8 26
5602 13 8 19
2202 13 8 12
3245 13 8 3
2765 13 10 96
2289 13 10 90
4072 13 10 82
5623 13 10 74
1651 13 10 67
3353 13 10 57
1708 13 10 50
4713 13 10 41
3753 13 10 35
4039 13 10 26
4772 13 10 19
970 13 10 12
2904 13 10 3
380 13 11 96
5304 13 11 89
5752 13 11 80
2066 13 11 72
1980 13 11 63
3940 13 11 52
220 13 11 45
4466 13 11 35
3505 13 11 26
4706 13 11 19
610 13 11 12
635 13 11 3
80 13 13 96
5157 13 13 89
4929 13 13 80
1691 13 13 72
1639 13 13 63
2161 13 13 52
5548 13 13 44
136 13 13 37
2261 13 13 27
1811 13 13 20
794 13 13 11
498 13 13 3
3727 13 15 95
3853 13 15 88
3110 13 15 80
397 13 15 72
1202 13 15 63
4104 13 15 51
40 13 15 45
3469 13 15 35
1222 13 15 26
4048 13 15 19
359 13 15 12
300 13 15 3
2034 13 16 95
1292 13 16 88
861 13 16 80
1766 13 16 71
4257 13 16 61
1959 13 16 52
3803 13 16 44
4977 13 16 36
3792 13 16 27
385 13 16 20
5647 13 16 10
2786 13 16 2
4995 13 17 94
2200 13 17 88
2992 13 17 79
2526 13 17 70
1352 13 17 60
5798 13 17 51
5634 13 17 44
4477 13 17 36
3423 13 17 27
161 13 17 20
5568 13 17 10
2683 13 17 2
4907 13 19 94
2189 13 19 88
2959 13 19 79
2286 13 19 70
829 13 19 60
2936 13 19 51
4629 13 19 44
4418 13 19 36
2156 13 19 27
4858 13 19 19
5672 13 19 11
171 13 19 3
4833 14 0 94
1794 14 0 88
2723 14 0 79
1735 14 0 70
5478 14 0 59
3854 14 0 52
2756 14 0 44
4275 14 0 36
1988 14 0 27
4625 14 0 19
5504 14 0 11
5767 14 0 2
2857 14 2 94
951 14 2 87
1194 14 2 77
2388 14 2 70
3567 14 2 59
3604 14 2 52
2271 14 2 44
3721 14 2 36
148 14 2 27
3280 14 2 19
4423 14 2 11
5654 14 2 2
1908 14 3 94
5369 14 3 86
1773 14 3 79
4324 14 3 69
5009 14 3 62
402 14 3 53
2442 14 3 45
1960 14 3 35
5822 14 3 25
2752 14 3 17
652 14 3 10
1588 14 3 2
1233 14 5 94
3214 14 5 86
917 14 5 79
3872 14 5 69
3897 14 5 62
4325 14 5 52
1899 14 5 44
3341 14 5 36
4900 14 5 26
3966 14 5 19
1892 14 5 11
4801 14 5 2
5379 14 6 92
3527 14 6 84
3747 14 6 74
4276 14 6 66
5575 14 6 60
339 14 6 51
4320 14 6 44
2664 14 6 36
4854 14 6 26
2897 14 6 19
3772 14 6 10
154 14 6 2
4264 14 8 92
1361 14 8 84
2810 14 8 74
3150 14 8 66
4054 14 8 60
5686 14 8 50
4058 14 8 41
2983 14 8 35
5519 14 8 25
1389 14 8 17
36 14 8 10
2835 14 8 1
4213 14 13 92
755 14 13 84
2561 14 13 74
2225 14 13 66
3791 14 13 60
5416 14 13 50
2820 14 13 41
2978 14 13 35
4868 14 13 25
919 14 13 17
4666 14 13 9
3548 14 13 2
3562 14 15 92
673 14 15 84
2081 14 15 74
5082 14 15 65
3427 14 15 57
1706 14 15 50
1722 14 15 41
2635 14 15 35
4144 14 15 25
4500 14 15 16
1415 14 15 9
1741 14 15 2
1963 14 16 92
4157 14 16 83
2185 14 16 75
4371 14 16 66
3689 14 16 60
4094 14 16 49
3078 14 16 42
897 14 16 37
5331 14 16 26
2859 14 16 19
2791 14 16 10
2728 14 16 1
996 14 17 92
3009 14 17 83
1185 14 17 75
3566 14 17 66
3180 14 17 60
3907 14 17 49
5816 14 17 41
2601 14 17 35
3726 14 17 25
3924 14 17 16
169 14 17 9
4370 14 17 1
656 14 19 92
2430 14 19 83
480 14 19 75
2773 14 19 66
2648 14 19 60
2637 14 19 49
4495 14 19 41
2049 14 19 35
1660 14 19 25
2608 14 19 16
3416 14 19 8
3744 14 19 2
407 15 0 92
5512 15 0 82
2000 15 0 74
3054 15 0 65
2691 15 0 57
1654 15 0 50
5461 15 0 40
2686 15 0 31
3392 15 0 22
5690 15 0 11
4498 15 0 2
5665 15 2 91
4437 15 2 86
5108 15 2 78
3155 15 2 69
2657 15 2 62
4049 15 2 52
1421 15 2 44
2003 15 2 36
743 15 2 26
2342 15 2 19
1055 15 2 10
2190 15 2 1
5438 15 3 91
3383 15 3 86
2633 15 3 78
1453 15 3 69
1283 15 3 62
3777 15 3 52
287 15 3 44
1638 15 3 35
973 15 3 25
2242 15 3 16
3371 15 3 8
3506 15 3 2
4182 15 5 91
1821 15 5 86
2548 15 5 78
5559 15 5 68
1160 15 5 59
2680 15 5 52
2220 15 5 43
4198 15 5 34
4173 15 5 27
1663 15 5 19
4984 15 5 9
2476 15 5 1
3345 15 6 91
942 15 6 86
993 15 6 78
3522 15 6 68
5407 15 6 58
2141 15 6 51
3681 15 6 44
4663 15 6 33
2725 15 6 26
176 15 6 19
2552 15 6 9
2417 15 6 1
2480 15 8 91
866 15 8 86
5692 15 8 77
2300 15 8 70
3251 15 8 59
2643 15 8 52
2122 15 8 43
4178 15 8 34
3430 15 8 27
1473 15 8 19
1952 15 8 9
2129 15 8 1
1783 15 9 91
6 15 9 86
3802 15 9 77
2222 15 9 70
3123 15 9 59
1961 15 9 52
5820 15 9 42
729 15 9 37
5312 15 9 26
118 15 9 19
898 15 9 9
712 15 9 1
1348 15 10 91
4622 15 10 85
1494 15 10 78
3344 15 10 68
5208 15 10 58
1417 15 10 51
3422 15 10 44
2802 15 10 33
1838 15 10 26
23 15 10 19
5030 15 10 8
4143 15 10 1
1201 15 11 91
3215 15 11 85
1425 15 11 78
2824 15 11 68
5052 15 11 58
1318 15 11 51
1809 15 11 44
2155 15 11 32
1242 15 11 24
1117 15 11 17
2502 15 11 9
193 15 11 1
915 15 13 91
2866 15 13 85
1081 15 13 78
1030 15 13 68
4648 15 13 58
522 15 13 51
1548 15 13 44
1076 15 13 32
1070 15 13 24
3199 15 13 16
2413 15 13 8
3098 15 13 1
335 15 17 91
2566 15 17 85
262 15 17 78
954 15 17 68
1743 15 17 58
4467 15 17 50
4975 15 17 40
2372 15 17 31
2086 15 17 22
4890 15 17 11
1503 15 17 2
5819 16 0 90
2313 16 0 82
955 16 0 74
2257 16 0 65
389 16 0 57
1616 16 0 50
2375 16 0 40
2150 16 0 31
5670 16 0 21
1266 16 0 11
619 16 0 2
4609 16 6 90
1460 16 6 82
341 16 6 74
1403 16 6 65
3478 16 6 56
2102 16 6 47
3952 16 6 36
3805 16 6 25
2010 16 6 16
374 16 6 8
2408 16 6 1
4356 16 11 90
1175 16 11 82
11 16 11 74
4817 16 11 64
4681 16 11 56
1077 16 11 47
5085 16 11 35
513 16 11 25
4941 16 11 15
4235 16 11 5
3551 16 13 90
881 16 13 82
5813 16 13 73
1251 16 13 66
2127 16 13 60
833 16 13 49
3793 16 13 41
1976 16 13 35
5772 16 13 24
2974 16 13 16
4358 16 13 7
3091 16 14 90
624 16 14 82
5214 16 14 73
648 16 14 65
3325 16 14 56
1005 16 14 47
2979 16 14 35
4322 16 14 24
2726 16 14 16
4225 16 14 7
2719 16 15 90
4699 16 15 81
1646 16 15 73
5014 16 15 64
4091 16 15 56
297 16 15 47
2241 16 15 35
211 16 15 24
2714 16 15 16
3730 16 15 7
2015 16 17 90
3305 16 17 81
1564 16 17 73
2965 16 17 64
3626 16 17 56
5781 16 17 46
2420 16 17 34
2498 16 17 27
9 16 17 19
4239 16 17 8
1935 16 17 1
1590 16 18 90
2838 16 18 81
739 16 18 73
1582 16 18 64
3532 16 18 56
2596 16 18 46
1868 16 18 34
1633 16 18 27
5619 16 18 18
1678 16 18 11
4268 16 18 1
1508 16 19 90
2170 16 19 81
5547 16 19 72
5174 16 19 62
3706 16 19 52
368 16 19 42
5209 16 19 36
2763 16 19 25
4392 16 19 15
3884 16 19 5
1268 17 0 90
579 17 0 81
5071 17 0 72
4520 17 0 62
1744 17 0 52
4514 17 0 41
3911 17 0 34
1392 17 0 27
672 17 0 18
1571 17 0 11
2701 17 0 1
717 17 2 90
4802 17 2 80
2939 17 2 70
2922 17 2 59
1204 17 2 52
4032 17 2 41
3526 17 2 34
901 17 2 27
304 17 2 18
1454 17 2 11
2126 17 2 1
5373 17 3 89
4742 17 3 80
2821 17 3 70
2666 17 3 59
3504 17 3 51
4821 17 3 43
3291 17 3 34
5472 17 3 26
5746 17 3 18
764 17 3 11
3265 17 4 89
2718 17 4 80
276 17 4 70
1437 17 4 59
2655 17 4 51
4331 17 4 43
2508 17 4 34
2898 17 4 26
5580 17 4 18
4338 17 4 10
2836 17 6 89
3655 17 6 79
3547 17 6 69
120 17 6 62
1499 17 6 52
5248 17 6 40
1139 17 6 31
3880 17 6 21
1033 17 6 11
1228 17 7 89
3635 17 7 79
2411 17 7 69
5474 17 7 61
1787 17 7 52
71 17 7 40
3292 17 7 30
5456 17 7 19
1186 17 7 8
603 17 8 89
3590 17 8 79
2259 17 8 69
1985 17 8 61
1653 17 8 52
1309 17 8 39
4912 17 8 29
10 17 8 19
1044 17 8 8
4336 17 9 88
2437 17 9 79
1151 17 9 69
1105 17 9 61
1344 17 9 52
5734 17 9 38
932 17 9 26
4254 17 9 18
3480 17 9 10
3949 17 10 88
1383 17 10 79
3410 17 10 68
1338 17 10 58
4086 17 10 50
1206 17 10 40
2013 17 10 30
4968 17 10 19
5564 17 10 7
3320 17 11 88
1261 17 11 79
4793 17 11 67
3239 17 11 57
5336 17 11 49
2494 17 11 41
3084 17 11 34
1830 17 11 26
3996 17 11 18
2330 17 11 10
3760 17 13 87
3201 17 13 76
4695 17 13 66
1903 17 13 60
3515 17 13 48
3140 17 13 39
2377 17 13 29
5594 17 13 17
1584 17 13 9
3210 17 14 87
2009 17 14 76
3999 17 14 66
5394 17 14 59
2080 17 14 51
2269 17 14 43
327 17 14 34
1781 17 14 26
3861 17 14 18
4436 17 14 9
1603 17 15 87
1853 17 15 76
3146 17 15 66
3953 17 15 59
795 17 15 51
5652 17 15 42
5191 17 15 36
1674 17 15 25
2812 17 15 15
2383 17 15 5
628 17 17 87
5121 17 17 75
2071 17 17 66
3393 17 17 59
478 17 17 51
5363 17 17 42
4939 17 17 36
1445 17 17 25
1407 17 17 15
5473 17 17 4
2110 17 18 86
4272 17 18 76
2841 17 18 66
3339 17 18 59
5588 17 18 50
639 17 18 40
1623 17 18 30
4797 17 18 19
423 17 18 7
2088 17 19 86
2280 17 19 76
885 17 19 66
2977 17 19 59
5556 17 19 50
4580 17 19 39
1973 17 19 29
685 17 19 17
5728 17 19 8
580 18 0 86
5533 18 0 75
1664 18 0 66
2852 18 0 59
5524 18 0 50
3576 18 0 39
39 18 0 29
4736 18 0 16
3118 18 0 7
4811 18 2 85
5289 18 2 77
2139 18 2 70
48 18 2 59
4522 18 2 50
2525 18 2 39
14 18 2 29
4576 18 2 16
1305 18 2 7
3058 18 3 85
4614 18 3 77
1987 18 3 70
5347 18 3 58
3033 18 3 50
1752 18 3 39
4822 18 3 28
1937 18 3 20
5229 18 3 10
3995 19 0 83
5740 19 0 74
3796 19 0 64
25 19 0 56
4328 19 0 45
3598 19 0 34
5483 19 0 25
991 19 0 15
5048 19 0 3
2488 19 2 83
5207 19 2 74
2216 19 2 64
4795 19 2 55
4163 19 2 45
1941 19 2 34
4475 19 2 25
4631 19 2 14
3757 19 2 5
1824 19 3 83
3257 19 3 74
2085 19 3 64
4267 19 3 55
3336 19 3 45
664 19 3 34
4450 19 3 25
3401 19 3 14
3437 19 3 5
4876 19 5 82
4966 19 5 73
508 19 5 64
3679 19 5 55
2209 19 5 45
4308 19 5 33
1414 19 5 26
2815 19 5 18
2578 19 5 9
4770 19 6 82
3295 19 6 73
5346 19 6 63
1371 19 6 51
4804 19 6 42
1759 19 6 36
1374 19 6 25
3144 19 6 14
2147 19 6 5
4493 19 7 82
3126 19 7 73
2506 19 7 63
4295 19 7 50
602 19 7 39
3740 19 7 28
891 19 7 20
3076 19 7 10
835 19 8 82
1553 19 8 73
1366 19 8 63
3365 19 8 50
284 19 8 39
3270 19 8 28
4766 19 8 19
3607 19 8 6
4944 19 9 81
2507 19 9 72
4304 19 9 62
1492 19 9 52
4733 19 9 38
411 19 9 26
2478 19 9 18
1574 19 9 9
3156 19 10 81
1008 19 10 72
3770 19 10 62
5486 19 10 51
4715 19 10 42
3675 19 10 35
129 19 10 24
237 19 10 16
2579 19 10 6
1801 19 11 81
58 19 11 72
3539 19 11 62
3774 19 11 51
4148 19 11 42
2312 19 11 35
3355 19 11 23
3857 19 11 10
128 19 12 81
2513 19 12 71
1835 19 12 61
796 19 12 51
1406 19 12 42
1943 19 12 35
3302 19 12 23
3234 19 12 10
4289 19 13 80
141 19 13 70
4224 19 13 58
2769 19 13 50
5275 19 13 38
1420 19 13 25
2693 19 13 14
200 19 13 5
669 19 14 79
4511 19 14 67
2982 19 14 57
5303 19 14 49
1372 19 14 41
2597 19 14 34
3634 19 14 25
1051 19 14 14
4028 19 14 4
3220 19 15 78
750 19 15 68
4827 19 15 57
2515 19 15 49
1168 19 15 41
1822 19 15 34
2905 19 15 25
31 19 15 14
3611 19 15 4
1710 19 16 76
799 19 16 66
2598 19 16 59
4503 19 16 50
5061 19 16 38
5279 19 16 23
2369 19 16 10
1235 19 17 76
488 19 17 66
2547 19 17 59
3529 19 17 50
4892 19 17 38
5203 19 17 23
1026 19 17 10
279 19 18 74
1219 19 18 64
3496 19 18 55
1379 19 18 45
1464 19 18 33
1386 19 18 26
1359 19 18 18
1430 19 18 9
4662 19 19 72
3326 19 19 62
697 19 19 51
293 19 19 42
5139 19 19 34
553 19 19 25
4444 19 19 13
698 19 19 6
