14 10 11 8 37 12 
58 45 49 33 9 36 
2 1 48 3 46 57 
28 27 41 7 17 51 
13 25 42 6 39 50 
29 56 0 40 47 15 
29 33 8 56 57 52 
5 3 47 16 24 59 
36 10 45 2 44 22 
38 11 37 34 0 21 
42 58 31 43 26 53 
54 20 46 19 28 40 
52 8 35 49 5 58 
17 47 13 14 20 22 
43 48 12 46 15 32 
9 7 33 38 39 10 
18 42 27 26 3 23 
21 29 45 30 11 36 
53 21 56 48 25 39 
22 49 6 10 13 9 
40 1 27 51 5 55 
15 37 14 45 36 7 
42 26 11 12 4 19 
43 28 0 52 44 59 
34 22 32 57 36 52 
6 16 51 11 41 56 
15 0 49 13 59 40 
42 18 1 45 12 7 
38 10 27 4 29 48 
46 23 2 43 30 50 
18 45 59 10 0 2 
26 48 4 17 11 1 
39 6 58 25 55 36 
37 14 33 31 5 44 
38 8 53 7 51 9 
43 12 32 56 13 57 
44 33 57 0 5 29 
17 18 1 12 51 10 
52 54 7 38 2 35 
39 3 37 13 49 11 
45 56 4 50 16 28 
55 15 47 6 21 53 
19 36 45 33 23 52 
30 39 4 51 24 46 
55 10 38 18 54 41 
44 17 56 9 35 42 
0 13 22 7 12 50 
21 48 11 57 16 49 
45 38 24 41 20 57 
53 22 13 44 17 21 
32 11 40 2 23 36 
51 56 33 46 31 4 
29 0 1 12 54 35 
39 14 9 30 49 8 
40 14 44 10 45 16 
33 17 19 12 0 25 
13 20 50 39 51 46 
56 49 21 7 9 8 
5 30 6 58 1 41 
57 34 22 37 47 38 
