2781
4744 0 0 98
1086 0 0 96
1192 0 0 93
4223 0 0 90
2367 0 0 87
2978 0 0 84
1450 0 0 81
109 0 0 78
4555 0 0 75
4060 0 0 73
4330 0 0 69
4973 0 0 67
2703 0 0 65
2134 0 0 62
3704 0 0 59
4645 0 0 56
4141 0 0 53
658 0 0 51
1846 0 0 48
4079 0 0 46
3355 0 0 43
3867 0 0 39
3841 0 0 36
3789 0 0 33
5093 0 0 30
2963 0 0 26
3513 0 0 22
3154 0 0 19
5129 0 0 16
299 0 0 14
4455 0 0 11
1634 0 0 9
4557 0 0 6
2356 0 0 4
1084 0 0 2
4068 0 1 98
3286 0 1 95
4124 0 1 91
2111 0 1 89
4608 0 1 85
4901 0 1 81
4232 0 1 77
4407 0 1 75
5128 0 1 72
2149 0 1 70
2497 0 1 68
58 0 1 66
2257 0 1 64
4579 0 1 62
4833 0 1 58
5283 0 1 55
4111 0 1 52
4386 0 1 49
3351 0 1 46
2198 0 1 43
2781 0 1 39
3358 0 1 35
3432 0 1 31
2858 0 1 28
4157 0 1 24
3681 0 1 21
3608 0 1 18
5027 0 1 14
2007 0 1 11
1382 0 1 8
328 0 1 6
2185 0 1 4
186 0 1 2
4646 0 2 96
4671 0 2 92
3644 0 2 89
4413 0 2 85
2686 0 2 80
1260 0 2 78
2339 0 2 75
5039 0 2 72
4147 0 2 69
4672 0 2 66
2285 0 2 63
5182 0 2 60
1519 0 2 58
2353 0 2 55
2910 0 2 52
2100 0 2 49
2653 0 2 46
2656 0 2 42
5022 0 2 39
3106 0 2 35
2819 0 2 31
5154 0 2 27
3161 0 2 25
2748 0 2 23
4572 0 2 20
2515 0 2 17
3842 0 2 14
5117 0 2 10
1210 0 2 8
3466 0 2 5
4153 0 2 1
1151 0 3 96
4173 0 3 92
2797 0 3 89
1584 0 3 85
4821 0 3 79
4634 0 3 76
300 0 3 74
4963 0 3 72
5057 0 3 68
1521 0 3 64
4218 0 3 61
1956 0 3 59
3935 0 3 56
2606 0 3 53
3373 0 3 50
819 0 3 48
5184 0 3 45
3317 0 3 43
2628 0 3 39
749 0 3 35
680 0 3 31
4902 0 3 27
1919 0 3 24
2699 0 3 21
3332 0 3 17
4943 0 3 13
2734 0 3 10
1039 0 3 8
3327 0 3 5
3328 0 3 1
984 0 4 96
3837 0 4 92
2750 0 4 87
4640 0 4 83
1410 0 4 80
3916 0 4 77
2157 0 4 74
3059 0 4 71
2289 0 4 68
3009 0 4 63
5075 0 4 59
1834 0 4 55
5330 0 4 51
5056 0 4 47
4421 0 4 44
4789 0 4 40
4122 0 4 37
3043 0 4 34
4607 0 4 31
171 0 4 27
2749 0 4 23
3856 0 4 19
5095 0 4 16
1144 0 4 13
375 0 4 10
3718 0 4 7
4959 0 4 3
5132 0 5 95
2488 0 5 91
3780 0 5 88
625 0 5 86
2709 0 5 84
671 0 5 81
4013 0 5 77
1509 0 5 74
3363 0 5 70
4663 0 5 67
5268 0 5 63
3516 0 5 59
1181 0 5 55
5026 0 5 51
1586 0 5 47
3211 0 5 44
2675 0 5 40
1369 0 5 36
2366 0 5 32
4450 0 5 29
5199 0 5 25
4960 0 5 21
1670 0 5 17
3087 0 5 13
4988 0 5 9
3485 0 5 6
4941 0 5 3
4887 0 6 95
2071 0 6 91
2000 0 6 88
5073 0 6 85
4569 0 6 79
3138 0 6 75
4381 0 6 72
3324 0 6 68
164 0 6 63
2591 0 6 59
492 0 6 55
1065 0 6 51
308 0 6 47
3051 0 6 44
3305 0 6 39
296 0 6 35
3163 0 6 30
2855 0 6 26
1300 0 6 22
2745 0 6 18
4158 0 6 14
3412 0 6 10
4071 0 6 6
1598 0 6 3
4549 0 7 95
2391 0 7 90
3196 0 7 86
4710 0 7 83
1242 0 7 80
2917 0 7 77
2492 0 7 73
3919 0 7 69
4336 0 7 66
539 0 7 63
1614 0 7 59
147 0 7 55
1004 0 7 51
4243 0 7 46
1546 0 7 42
3519 0 7 39
4538 0 7 34
4666 0 7 30
1992 0 7 26
414 0 7 22
2393 0 7 18
3899 0 7 14
5017 0 7 9
3116 0 7 6
999 0 7 3
2911 0 8 95
1530 0 8 90
3940 0 8 85
4227 0 8 79
1046 0 8 75
5293 0 8 71
1700 0 8 68
4709 0 8 62
2383 0 8 58
4226 0 8 54
1788 0 8 51
2545 0 8 46
4801 0 8 41
4338 0 8 38
3792 0 8 35
2882 0 8 30
1737 0 8 26
2821 0 8 21
976 0 8 17
1085 0 8 13
1774 0 8 9
1417 0 8 6
4683 0 8 2
2811 0 9 95
3665 0 9 89
1028 0 9 85
3853 0 9 79
4777 0 9 74
3041 0 9 70
4731 0 9 66
4388 0 9 62
2196 0 9 58
3441 0 9 54
4949 0 9 50
1454 0 9 47
3052 0 9 43
2464 0 9 39
2447 0 9 34
4890 0 9 29
4628 0 9 25
3689 0 9 21
3727 0 9 16
5167 0 9 11
4004 0 9 6
3614 0 9 2
2115 0 10 95
3334 0 10 89
4900 0 10 84
1408 0 10 80
1864 0 10 77
320 0 10 73
3594 0 10 69
4231 0 10 66
2960 0 10 62
5089 0 10 57
2956 0 10 55
4148 0 10 50
432 0 10 46
4600 0 10 41
5010 0 10 37
2649 0 10 34
3629 0 10 29
3128 0 10 25
1453 0 10 21
19 0 10 16
3296 0 10 11
3006 0 10 6
3131 0 10 2
536 0 11 95
3005 0 11 89
3688 0 11 84
845 0 11 80
823 0 11 75
4315 0 11 71
4047 0 11 67
4479 0 11 63
413 0 11 59
126 0 11 55
5318 0 11 49
3018 0 11 45
4967 0 11 42
3092 0 11 39
2156 0 11 34
986 0 11 29
1847 0 11 25
4535 0 11 20
4480 0 11 16
3097 0 11 11
385 0 11 6
2577 0 11 2
3933 0 12 94
904 0 12 91
2574 0 12 87
3714 0 12 83
3862 0 12 79
3911 0 12 74
2804 0 12 70
3425 0 12 66
1801 0 12 62
1748 0 12 57
4848 0 12 53
4292 0 12 49
1172 0 12 45
3763 0 12 42
2551 0 12 39
2046 0 12 34
4556 0 12 28
5071 0 12 23
2258 0 12 19
2321 0 12 16
516 0 12 11
3042 0 12 5
2205 0 12 1
5317 0 13 93
505 0 13 90
3478 0 13 85
3424 0 13 79
169 0 13 74
1738 0 13 70
1761 0 13 66
1091 0 13 62
979 0 13 57
4636 0 13 53
3451 0 13 49
1772 0 13 44
1811 0 13 39
1945 0 13 34
3123 0 13 28
3278 0 13 23
1709 0 13 19
1996 0 13 16
3703 0 13 10
4234 0 13 5
4412 0 13 1
2454 0 14 93
5302 0 14 89
1970 0 14 84
281 0 14 80
155 0 14 75
2528 0 14 71
2305 0 14 67
321 0 14 63
203 0 14 59
4279 0 14 54
3710 0 14 50
4105 0 14 45
3162 0 14 42
1095 0 14 39
1655 0 14 34
3036 0 14 28
3204 0 14 23
4637 0 14 18
1893 0 14 14
4091 0 14 9
276 0 14 6
3226 0 14 1
4855 0 15 92
2064 0 15 87
1771 0 15 83
1961 0 15 79
2512 0 15 73
2671 0 15 69
5329 0 15 65
5097 0 15 61
5172 0 15 58
2955 0 15 54
3256 0 15 50
2885 0 15 45
357 0 15 42
335 0 15 39
1574 0 15 34
2949 0 15 28
1208 0 15 23
4006 0 15 18
936 0 15 14
3231 0 15 9
4705 0 15 5
4469 0 16 92
5023 0 16 86
2294 0 16 83
4998 0 16 78
4467 0 16 74
4903 0 16 69
4249 0 16 64
3625 0 16 61
3889 0 16 58
316 0 16 54
2030 0 16 50
2813 0 16 45
3560 0 16 41
3956 0 16 37
1923 0 16 34
1238 0 16 28
622 0 16 23
1689 0 16 18
490 0 16 14
2044 0 16 9
3612 0 16 4
1493 0 17 92
4253 0 17 86
2233 0 17 83
4324 0 17 78
1166 0 17 74
2592 0 17 69
3148 0 17 64
957 0 17 61
3664 0 17 58
2973 0 17 53
3309 0 17 49
723 0 17 44
1621 0 17 39
5271 0 17 33
4339 0 17 29
1406 0 17 25
2323 0 17 20
2276 0 17 16
2676 0 17 10
3677 0 17 5
1202 0 18 92
3104 0 18 86
4768 0 18 81
3711 0 18 77
3025 0 18 72
2229 0 18 68
2376 0 18 62
771 0 18 57
4544 0 18 53
906 0 18 49
4327 0 18 43
1696 0 18 39
5258 0 18 33
974 0 18 29
3686 0 18 24
2274 0 18 21
3590 0 18 15
5202 0 18 12
4001 0 18 9
1861 0 18 4
5205 0 19 91
2471 0 19 87
4459 0 19 82
5074 0 19 78
3797 0 19 73
4372 0 19 68
569 0 19 62
2380 0 19 56
1912 0 19 53
565 0 19 49
3715 0 19 43
232 0 19 39
3089 0 19 33
5076 0 19 28
4944 0 19 22
2298 0 19 18
4548 0 19 13
4806 0 19 8
2810 0 19 5
1508 2 1 90
2474 2 1 85
2993 2 1 79
2243 2 1 73
3021 2 1 68
204 2 1 62
885 2 1 56
1132 2 1 53
284 2 1 49
2587 2 1 43
13 2 1 39
217 2 1 33
5062 2 1 28
4411 2 1 22
5131 2 1 17
744 2 1 13
3468 2 1 8
1448 2 1 4
196 2 2 90
1538 2 2 85
2163 2 2 79
1182 2 2 73
2901 2 2 68
138 2 2 62
17 2 2 56
4743 2 2 52
3388 2 2 48
2307 2 2 45
2525 2 2 41
1637 2 2 37
1499 2 2 34
889 2 2 28
4256 2 2 22
2556 2 2 17
31 2 2 13
5324 2 2 7
4025 2 2 3
5280 2 3 89
4983 2 3 83
4132 2 3 78
2741 2 3 73
3540 2 3 66
4878 2 3 61
1023 2 3 57
2599 2 3 53
5029 2 3 48
366 2 3 45
1537 2 3 41
5094 2 3 36
2161 2 3 32
3428 2 3 28
1269 2 3 22
2450 2 3 17
3859 2 3 12
2466 2 3 9
1577 2 3 4
3179 2 4 89
3352 2 4 83
3897 2 4 78
2663 2 4 73
3140 2 4 66
4529 2 4 60
4614 2 4 57
2468 2 4 53
1603 2 4 48
4005 2 4 44
57 2 4 39
5325 2 4 32
2159 2 4 28
839 2 4 22
4860 2 4 16
1873 2 4 10
2841 2 4 5
2438 2 5 89
2550 2 5 83
1762 2 5 78
2320 2 5 73
2498 2 5 66
2541 2 5 60
3618 2 5 57
1077 2 5 53
5270 2 5 47
2641 2 5 43
3693 2 5 38
294 2 5 35
2171 2 5 30
699 2 5 26
1189 2 5 21
2191 2 5 15
2386 2 5 12
2192 2 5 9
5112 2 5 3
103 2 6 89
2200 2 6 83
1524 2 6 78
802 2 6 73
5140 2 6 65
4560 2 6 61
567 2 6 57
3258 2 6 52
3184 2 6 47
817 2 6 43
3040 2 6 38
2020 2 6 34
93 2 6 28
283 2 6 22
3943 2 6 16
944 2 6 10
1275 2 6 5
1424 2 7 88
4136 2 7 85
2054 2 7 79
676 2 7 73
4843 2 7 65
3767 2 7 61
4242 2 7 56
3271 2 7 52
3551 2 7 46
1754 2 7 41
1936 2 7 36
1610 2 7 31
1635 2 7 26
585 2 7 21
651 2 7 15
2329 2 7 12
2099 2 7 9
4574 2 7 3
1273 2 8 88
4084 2 8 84
5217 2 8 79
1150 2 8 72
1880 2 8 68
5058 2 8 61
3791 2 8 56
2984 2 8 52
3263 2 8 46
4356 2 8 40
549 2 8 36
4486 2 8 30
818 2 8 25
756 2 8 20
4770 2 8 15
5253 2 8 11
2287 2 8 5
884 2 9 88
2868 2 9 84
4038 2 9 79
4230 2 9 71
798 2 9 67
4178 2 9 62
2670 2 9 55
4830 2 9 49
791 2 9 43
2065 2 9 38
4935 2 9 33
4799 2 9 28
3307 2 9 21
28 2 9 15
3019 2 9 10
1067 2 9 5
21 2 11 88
667 2 11 84
3743 2 11 79
4074 2 11 71
4753 2 11 66
5333 2 11 59
3902 2 11 54
1974 2 11 50
1601 2 11 45
4918 2 11 40
807 2 11 35
1571 2 11 30
3729 2 11 24
365 2 11 21
4639 2 11 14
1661 2 11 9
4437 2 11 3
4048 2 12 87
2463 2 12 82
4615 2 12 78
5285 2 12 72
1228 2 12 68
5004 2 12 61
2584 2 12 56
1504 2 12 52
2888 2 12 46
4014 2 12 40
601 2 12 35
4398 2 12 29
3638 2 12 24
3168 2 12 20
1716 2 12 15
3015 2 12 10
965 2 12 5
3174 2 13 87
2406 2 13 82
4745 2 13 77
2571 2 13 72
309 2 13 68
4958 2 13 61
2139 2 13 56
554 2 13 52
4774 2 13 45
4816 2 13 40
887 2 13 34
86 2 13 28
1679 2 13 21
4288 2 13 14
1059 2 13 9
3366 2 13 3
1838 2 14 87
1954 2 14 82
2959 2 14 77
1734 2 14 72
106 2 14 68
4817 2 14 61
919 2 14 56
4584 2 14 51
2128 2 14 46
1343 2 14 40
5159 2 14 33
3651 2 14 28
1550 2 14 21
3641 2 14 13
4449 2 14 7
3811 2 14 3
4066 2 15 85
2047 2 15 79
495 2 15 71
4334 2 15 66
4205 2 15 59
3300 2 15 54
861 2 15 50
4662 2 15 44
4496 2 15 38
4895 2 15 33
3626 2 15 28
4401 2 15 20
1283 2 15 15
2563 2 15 10
4697 2 15 4
3627 2 17 84
3520 2 17 79
65 2 17 71
1989 2 17 66
3810 2 17 59
1868 2 17 54
4899 2 17 49
740 2 17 43
1254 2 17 38
2351 2 17 33
1354 2 17 28
2974 2 17 20
5045 2 17 14
4586 2 17 8
4016 2 17 3
3486 2 18 84
1494 2 18 79
4726 2 18 70
1695 2 18 66
1828 2 18 59
1206 2 18 54
4644 2 18 49
2297 2 18 42
4198 2 18 38
5115 2 18 32
1200 2 18 28
853 2 18 20
4566 2 18 14
3779 2 18 8
2301 2 18 3
1298 2 19 84
581 2 19 79
4465 2 19 70
1171 2 19 66
1315 2 19 59
794 2 19 54
4281 2 19 49
1458 2 19 42
2508 2 19 38
4274 2 19 32
975 2 19 28
5272 2 19 19
1470 2 19 16
5228 2 19 9
1597 2 19 3
1982 3 7 83
655 3 7 78
4622 3 7 72
4104 3 7 67
3728 3 7 62
687 3 7 55
4752 3 7 49
733 3 7 42
1219 3 7 38
649 3 7 32
905 3 7 28
5055 3 7 19
2075 3 7 15
606 3 7 10
4602 3 7 4
4562 3 8 82
2502 3 8 77
865 3 8 72
3611 3 8 67
3302 3 8 62
573 3 8 55
4434 3 8 49
3224 3 8 41
1656 3 8 36
3992 3 8 30
2771 3 8 24
2715 3 8 20
4385 3 8 14
3303 3 8 8
1903 3 8 3
71 3 9 82
2122 3 9 77
4298 3 9 71
1201 3 9 66
22 3 9 59
421 3 9 54
3890 3 9 49
1229 3 9 41
932 3 9 36
3249 3 9 30
3654 3 9 23
1446 3 9 18
3932 3 9 13
3127 3 9 7
3002 3 9 3
2505 3 11 81
2789 3 11 77
3405 3 11 71
1161 3 11 66
5210 3 11 58
605 3 11 53
4876 3 11 47
3035 3 11 42
4831 3 11 37
1373 3 11 34
4285 3 11 27
2231 3 11 23
538 3 11 18
2084 3 11 13
211 3 11 7
399 3 11 3
239 3 12 81
4137 3 12 76
4307 3 12 71
850 3 12 66
1789 3 12 58
4512 3 12 52
2723 3 12 45
2364 3 12 40
5121 3 12 33
1155 3 12 28
2982 3 12 19
1784 3 12 15
5107 3 12 9
673 3 12 3
2370 3 13 79
156 3 13 70
4172 3 13 65
4938 3 13 60
5108 3 13 56
1867 3 13 51
5120 3 13 45
2135 3 13 40
4215 3 13 33
796 3 13 28
2979 3 13 19
1776 3 13 15
2792 3 13 9
133 3 13 3
5130 3 14 78
4477 3 14 72
1247 3 14 67
2254 3 14 62
313 3 14 55
3325 3 14 49
102 3 14 41
4023 3 14 35
4201 3 14 28
2430 3 14 19
4940 3 14 14
3142 3 14 8
1741 3 14 3
3666 3 17 78
4394 3 17 72
990 3 17 67
1832 3 17 62
4430 3 17 54
3803 3 17 49
4852 3 17 40
4209 3 17 33
787 3 17 28
1364 3 17 19
3785 3 17 14
2721 3 17 8
816 3 17 3
5060 3 18 77
2594 3 18 71
118 3 18 66
595 3 18 58
2310 3 18 52
5198 3 18 44
2935 3 18 38
383 3 18 32
508 3 18 28
1977 3 18 18
3658 3 18 12
1881 3 18 9
3796 3 18 2
560 3 19 75
1071 3 19 71
2674 3 19 65
4335 3 19 60
4229 3 19 56
1853 3 19 51
2857 3 19 45
1013 3 19 40
2404 3 19 33
4018 3 19 27
1324 3 19 23
214 3 19 18
2875 3 19 12
5343 3 19 8
180 3 19 3
5310 4 1 72
330 4 1 67
1773 4 1 62
4403 4 1 54
2943 4 1 49
4587 4 1 40
1876 4 1 33
3490 4 1 27
1308 4 1 23
4302 4 1 17
677 4 1 12
3371 4 1 8
3284 4 1 2
1830 4 2 72
2586 4 2 66
5155 4 2 57
2989 4 2 52
2251 4 2 44
2197 4 2 38
5149 4 2 31
1620 4 2 26
4897 4 2 20
4179 4 2 14
120 4 2 8
397 4 2 1
4819 4 3 65
3568 4 3 60
3610 4 3 56
1207 4 3 51
5249 4 3 44
1396 4 3 38
2292 4 3 31
1523 4 3 26
1221 4 3 20
2622 4 3 14
1030 4 3 7
254 4 3 3
4101 4 5 65
3082 4 5 60
1162 4 5 56
5043 4 5 50
1958 4 5 44
670 4 5 38
1338 4 5 31
1024 4 5 26
1164 4 5 20
2230 4 5 14
5237 4 5 6
2889 4 5 1
3530 4 11 65
1299 4 11 60
946 4 11 56
3816 4 11 50
1564 4 11 44
100 4 11 38
1096 4 11 31
398 4 11 26
1025 4 11 20
1985 4 11 14
2542 4 11 6
2645 4 11 1
524 4 14 25
4845 4 14 19
3053 4 14 14
1778 4 14 6
1327 4 14 1
848 4 15 98
2954 4 15 95
263 4 15 89
4494 4 15 82
1148 4 15 77
1497 4 15 71
1960 4 15 65
1246 4 15 60
428 4 15 56
1713 4 15 50
982 4 15 44
5274 4 15 37
3735 4 15 33
2878 4 15 27
3500 4 15 22
2814 4 15 16
4491 4 15 9
1798 4 15 2
4524 4 17 97
4439 4 17 95
4742 4 17 88
2079 4 17 83
5206 4 17 77
3413 4 17 70
2876 4 17 65
688 4 17 60
4669 4 17 55
3079 4 17 49
4414 4 17 40
1841 4 17 33
1818 4 17 27
2619 4 17 22
5341 4 17 15
1558 4 17 9
1199 4 17 2
1596 5 3 97
29 5 3 94
2470 5 3 90
1432 5 3 85
5138 5 3 78
2648 5 3 72
1764 5 3 66
3535 5 3 57
2944 5 3 52
1723 5 3 44
5174 5 3 37
333 5 3 32
4583 5 3 27
857 5 3 22
2890 5 3 15
1500 5 3 9
4139 5 3 1
4472 5 5 96
969 5 5 92
2625 5 5 86
2402 5 5 81
3705 5 5 76
3798 5 5 71
1664 5 5 65
4181 5 5 59
5255 5 5 53
3552 5 5 47
1666 5 5 42
3379 5 5 37
314 5 5 32
3220 5 5 27
5072 5 5 21
3345 5 5 13
114 5 5 7
4290 5 5 2
1725 5 17 96
437 5 17 92
5014 5 17 85
4510 5 17 78
2355 5 17 72
748 5 17 66
3198 5 17 57
2731 5 17 51
4807 5 17 44
3824 5 17 37
4675 5 17 31
4737 5 17 25
5136 5 17 18
1047 5 17 12
2799 5 17 8
1402 5 17 2
4 5 19 96
3346 5 19 90
4760 5 19 84
4087 5 19 78
1615 5 19 72
702 5 19 66
1178 5 19 57
4713 5 19 50
949 5 19 44
2957 5 19 37
3962 5 19 31
4638 5 19 25
4545 5 19 18
954 5 19 12
2296 5 19 8
3219 5 19 1
4090 6 0 95
4420 6 0 88
1766 6 0 83
1109 6 0 77
205 6 0 70
2702 6 0 65
442 6 0 59
4927 6 0 53
3349 6 0 47
4986 6 0 41
1592 6 0 35
3133 6 0 28
1395 6 0 18
4096 6 0 11
1240 6 0 5
2940 6 1 95
3421 6 1 88
267 6 1 83
4103 6 1 76
2420 6 1 71
624 6 1 65
4965 6 1 58
4809 6 1 51
4245 6 1 44
2575 6 1 37
2213 6 1 31
4203 6 1 25
3514 6 1 18
3998 6 1 11
1237 6 1 5
2578 6 2 95
1014 6 2 88
3923 6 2 82
1073 6 2 77
144 6 2 70
2282 6 2 65
4841 6 2 58
3640 6 2 51
4100 6 2 44
5286 6 2 36
2930 6 2 30
2928 6 2 23
3620 6 2 17
4630 6 2 11
654 6 2 5
1005 6 3 94
5106 6 3 89
1401 6 3 82
788 6 3 77
84 6 3 70
1297 6 3 65
4626 6 3 58
3422 6 3 51
1196 6 3 44
4162 6 3 36
2848 6 3 30
2923 6 3 23
2322 6 3 17
1075 6 3 11
5284 6 3 4
678 6 5 94
5041 6 5 89
1363 6 5 82
674 6 5 77
4360 6 5 69
3112 6 5 64
3734 6 5 60
3903 6 5 55
2279 6 5 49
4057 6 5 40
82 6 5 33
517 6 5 27
3931 6 5 21
2970 6 5 13
4827 6 5 6
868 6 5 1
149 6 7 94
3209 6 7 89
4202 6 7 81
3260 6 7 76
1359 6 7 71
4624 6 7 64
3827 6 7 59
600 6 7 53
1312 6 7 47
3736 6 7 41
4484 6 7 34
2479 6 7 27
3313 6 7 21
781 6 7 13
4700 6 7 6
4762 6 9 93
4262 6 9 89
1995 6 9 81
2593 6 9 76
5269 6 9 70
377 6 9 65
3648 6 9 58
305 6 9 51
4503 6 9 43
882 6 9 38
580 6 9 31
3050 6 9 25
2837 6 9 18
3591 6 9 11
5212 6 9 4
3636 6 10 93
3637 6 10 89
1249 6 10 81
2354 6 10 76
3977 6 10 70
4144 6 10 64
3616 6 10 59
4610 6 10 52
1187 6 10 44
668 6 10 36
2153 6 10 30
2769 6 10 23
1212 6 10 17
4551 6 10 10
2655 6 10 4
3445 6 11 93
2519 6 11 89
4033 6 11 80
4812 6 11 74
1613 6 11 69
2503 6 11 64
2879 6 11 59
1270 6 11 52
875 6 11 44
4920 6 11 35
2945 6 11 28
257 6 11 18
1717 6 11 11
4317 6 11 4
1926 6 12 93
1035 6 12 89
2342 6 12 80
1264 6 12 74
1392 6 12 69
2275 6 12 64
1639 6 12 58
247 6 12 51
4424 6 12 43
722 6 12 38
282 6 12 31
2604 6 12 25
2328 6 12 18
963 6 12 11
3846 6 12 4
4835 6 14 92
4975 6 14 85
3983 6 14 78
1425 6 14 72
446 6 14 66
780 6 14 57
4601 6 14 50
425 6 14 44
4877 6 14 35
2092 6 14 28
3927 6 14 17
3770 6 14 10
1931 6 14 4
409 6 19 92
4585 6 19 85
2796 6 19 78
3947 6 19 71
684 6 19 64
500 6 19 58
75 6 19 51
3928 6 19 43
3465 6 19 37
1009 6 19 31
5035 6 19 24
2209 6 19 20
1732 6 19 14
1098 6 19 6
4453 7 0 91
2338 7 0 87
3968 7 0 81
5009 7 0 75
652 7 0 71
4794 7 0 63
4957 7 0 58
34 7 0 51
2946 7 0 43
3449 7 0 37
4345 7 0 30
2048 7 0 23
878 7 0 17
3201 7 0 10
241 7 0 4
2695 7 5 91
3684 7 5 86
224 7 5 81
4861 7 5 75
4836 7 5 70
3586 7 5 64
4160 7 5 57
2225 7 5 50
124 7 5 44
3073 7 5 35
540 7 5 28
1927 7 5 17
2744 7 5 10
3603 7 5 3
2005 7 7 91
1218 7 7 86
4409 7 7 80
5096 7 7 73
4606 7 7 65
1220 7 7 58
5181 7 7 50
2632 7 7 43
1473 7 7 37
2415 7 7 30
4323 7 7 22
1349 7 7 15
792 7 7 9
808 7 7 1
168 7 14 91
5152 7 14 85
1787 7 14 78
2249 7 14 71
4032 7 14 63
4773 7 14 58
4513 7 14 50
2184 7 14 43
612 7 14 37
1819 7 14 30
3761 7 14 22
1112 7 14 15
2691 7 14 8
2717 7 14 1
3996 7 15 90
4382 7 15 84
3206 7 15 78
1328 7 15 71
3165 7 15 63
4506 7 15 58
3742 7 15 50
1888 7 15 43
270 7 15 37
1019 7 15 30
412 7 15 22
443 7 15 15
1335 7 15 8
1963 7 15 1
3495 7 16 90
2315 7 16 84
1994 7 16 78
4759 7 16 70
3064 7 16 64
1566 7 16 57
793 7 16 50
1573 7 16 43
162 7 16 37
194 7 16 30
145 7 16 22
290 7 16 15
4632 7 16 7
1682 7 16 1
2924 7 17 90
1777 7 17 84
4028 7 17 77
2484 7 17 69
5065 7 17 63
2559 7 17 58
3544 7 17 50
152 7 17 43
3915 7 17 36
1606 7 17 30
2485 7 17 21
433 7 17 13
4140 7 17 6
1691 7 18 90
1302 7 18 84
1367 7 18 77
2037 7 18 69
4840 7 18 63
2132 7 18 58
3205 7 18 50
3007 7 18 42
3354 7 18 37
3517 7 18 29
784 7 18 24
1544 7 18 20
1168 7 18 14
767 7 18 6
5230 7 19 89
1842 7 19 80
3929 7 19 73
872 7 19 65
4138 7 19 57
5092 7 19 49
3001 7 19 40
3062 7 19 32
3169 7 19 27
591 7 19 21
393 7 19 13
4366 7 19 5
3633 8 0 89
907 8 0 80
3717 8 0 73
760 8 0 65
2883 8 0 57
4820 8 0 49
2925 8 0 40
1879 8 0 32
2411 8 0 27
2877 8 0 20
349 8 0 14
3895 8 0 5
1692 8 2 89
3955 8 2 79
4987 8 2 69
3819 8 2 63
1107 8 2 58
3120 8 2 50
2482 8 2 42
3068 8 2 37
2517 8 2 29
3111 8 2 23
4784 8 2 16
4359 8 2 9
1452 8 2 1
1495 8 3 89
2975 8 3 79
4870 8 3 69
3604 8 3 63
697 8 3 58
2681 8 3 50
2462 8 3 42
1559 8 3 37
1967 8 3 29
2988 8 3 23
3945 8 3 16
2537 8 3 9
185 8 3 1
3003 8 5 88
3362 8 5 82
3851 8 5 76
3426 8 5 70
2121 8 5 64
5213 8 5 56
4347 8 5 49
5178 8 5 39
5189 8 5 32
776 8 5 27
1007 8 5 20
992 8 5 13
3467 8 5 5
1334 8 7 88
3044 8 7 82
3538 8 7 76
1795 8 7 70
1241 8 7 64
3008 8 7 56
576 8 7 49
3308 8 7 39
3147 8 7 32
4818 8 7 26
4886 8 7 19
3369 8 7 13
2934 8 7 5
584 8 8 88
2268 8 8 82
1826 8 8 76
1718 8 8 70
837 8 8 64
1860 8 8 56
1822 8 8 48
2833 8 8 44
2624 8 8 35
7 8 8 28
4969 8 8 16
864 8 8 9
378 8 9 88
4492 8 9 81
4346 8 9 75
4041 8 9 70
604 8 9 64
970 8 9 56
928 8 9 48
665 8 9 44
1680 8 9 35
5080 8 9 27
4194 8 9 19
3221 8 9 13
2162 8 9 5
325 8 10 88
2167 8 10 81
3576 8 10 75
3830 8 10 70
336 8 10 64
1125 8 10 55
416 8 10 49
2407 8 10 39
815 8 10 32
2091 8 10 26
4808 8 10 19
3134 8 10 13
1645 8 10 5
1285 8 11 87
3113 8 11 81
2752 8 11 75
3427 8 11 70
4452 8 11 63
5137 8 11 57
2290 8 11 49
2306 8 11 39
373 8 11 32
1224 8 11 26
4502 8 11 19
783 8 11 13
184 8 11 5
1268 8 12 87
256 8 12 81
2729 8 12 75
2871 8 12 70
3801 8 12 63
2830 8 12 57
5264 8 12 48
535 8 12 44
5193 8 12 34
1525 8 12 27
464 8 12 19
3700 8 12 12
797 8 12 8
367 9 0 86
5327 9 0 79
3164 9 0 69
1625 9 0 63
4804 9 0 56
470 9 0 48
5314 9 0 43
3299 9 0 36
1339 9 0 30
2272 9 0 21
5187 9 0 12
4081 9 0 7
1904 9 2 85
835 9 2 78
4039 9 2 70
1407 9 2 63
3860 9 2 56
3532 9 2 47
3045 9 2 41
3132 9 2 34
1463 9 2 27
396 9 2 19
3506 9 2 12
3157 9 2 7
3571 9 3 84
656 9 3 77
1133 9 3 69
1492 9 3 63
3577 9 3 56
762 9 3 47
2964 9 3 41
3119 9 3 34
562 9 3 27
4655 9 3 18
463 9 3 11
1733 9 3 4
4296 9 5 82
498 9 5 76
1054 9 5 70
3855 9 5 62
3702 9 5 54
1383 9 5 49
2242 9 5 39
4259 9 5 31
2903 9 5 24
3726 9 5 19
2489 9 5 12
2416 9 5 7
4128 9 13 82
386 9 13 76
521 9 13 70
3823 9 13 62
2211 9 13 54
4719 9 13 48
3353 9 13 43
2931 9 13 36
4114 9 13 29
1080 9 13 23
3683 9 13 16
547 9 13 9
1124 9 14 82
4287 9 14 75
2776 9 14 70
3536 9 14 62
12 9 14 54
4702 9 14 48
5059 9 14 42
4240 9 14 35
4778 9 14 27
227 9 14 18
54 9 14 11
4518 9 14 3
3748 9 15 81
1804 9 15 75
2009 9 15 70
754 9 15 62
1072 9 15 53
883 9 15 47
1323 9 15 41
1102 9 15 34
5216 9 15 26
4294 9 15 19
1455 9 15 12
293 9 15 7
1053 9 16 81
4199 9 16 74
978 9 16 69
4783 9 16 62
1029 9 16 53
136 9 16 47
1179 9 16 41
985 9 16 34
4868 9 16 26
2218 9 16 19
1082 9 16 12
3027 9 16 6
3450 9 17 79
3144 9 17 69
4116 9 17 62
340 9 17 53
5085 9 17 46
5273 9 17 39
3936 9 17 31
2662 9 17 24
2696 9 17 19
769 9 17 12
782 9 17 6
4846 9 18 78
3338 9 18 70
96 9 18 62
5322 9 18 52
851 9 18 44
4756 9 18 34
4326 9 18 26
1702 9 18 19
4207 9 18 11
3476 9 18 3
1483 9 19 77
790 9 19 69
3335 9 19 62
4055 9 19 52
3601 9 19 43
2866 9 19 36
3963 9 19 29
3858 9 19 22
3884 9 19 14
3316 9 19 5
5036 10 0 71
2600 10 0 63
2843 10 0 56
729 10 0 47
4536 10 0 40
1541 10 0 32
3395 10 0 25
1412 10 0 18
3847 10 0 10
3547 10 0 3
2778 10 2 71
1411 10 2 63
1527 10 2 56
250 10 2 47
3483 10 2 40
1449 10 2 32
2010 10 2 25
2397 10 2 17
2654 10 2 10
3029 10 2 3
5042 10 3 70
4802 10 3 61
610 10 3 56
37 10 3 47
3430 10 3 40
901 10 3 32
4790 10 3 24
708 10 3 19
2701 10 3 11
3195 10 3 3
4769 10 5 70
4129 10 5 61
91 10 5 56
5003 10 5 46
4564 10 5 39
3790 10 5 31
2038 10 5 24
4942 10 5 18
3350 10 5 10
2724 10 5 3
1542 10 7 70
2312 10 7 61
2969 10 7 55
5053 10 7 48
3505 10 7 42
3048 10 7 35
3444 10 7 27
4740 10 7 17
5259 10 7 9
1894 10 8 53
3838 10 8 46
2791 10 8 39
3720 10 8 31
1975 10 8 24
3593 10 8 18
2775 10 8 10
2063 10 8 3
1705 10 9 96
2418 10 9 90
1980 10 9 83
1317 10 9 75
1650 10 9 70
2269 10 9 61
1978 10 9 55
2827 10 9 48
3491 10 9 42
3000 10 9 35
2494 10 9 27
2909 10 9 17
4716 10 9 9
1389 10 11 96
2146 10 11 90
1375 10 11 83
11 10 11 75
1251 10 11 70
663 10 11 61
602 10 11 55
1808 10 11 48
3473 10 11 42
836 10 11 35
479 10 11 27
2861 10 11 17
3966 10 11 9
4911 10 19 95
4676 10 19 87
175 10 19 81
3958 10 19 74
157 10 19 69
3257 10 19 62
4353 10 19 51
2867 10 19 43
2742 10 19 36
2334 10 19 29
2558 10 19 22
3723 10 19 14
2570 10 19 5
4882 11 0 95
3525 11 0 87
4674 11 0 80
3527 11 0 73
5328 11 0 64
609 11 0 55
1078 11 0 48
2845 11 0 42
4177 11 0 34
3896 11 0 26
1652 11 0 19
323 11 0 11
2299 11 0 3
3108 11 5 95
2535 11 5 87
4393 11 5 80
1694 11 5 73
4916 11 5 64
5078 11 5 54
3210 11 5 48
2730 11 5 42
3755 11 5 34
3233 11 5 26
402 11 5 19
3136 11 5 10
1258 11 5 3
2284 11 7 95
1684 11 7 87
2179 11 7 80
1429 11 7 73
4582 11 7 64
3699 11 7 54
3151 11 7 48
2331 11 7 42
2027 11 7 34
123 11 7 26
3999 11 7 18
559 11 7 10
1165 11 7 3
3807 11 8 93
909 11 8 89
4917 11 8 78
2385 11 8 70
45 11 8 61
230 11 8 55
291 11 8 48
2130 11 8 42
1648 11 8 34
3783 11 8 25
1488 11 8 17
1183 11 8 9
3806 11 9 93
98 11 9 89
4603 11 9 78
1740 11 9 70
4792 11 9 60
4438 11 9 54
201 11 9 48
1227 11 9 42
948 11 9 34
3028 11 9 25
1143 11 9 17
719 11 9 9
3656 11 11 93
60 11 11 89
4558 11 11 78
1515 11 11 70
1781 11 11 60
4300 11 11 54
92 11 11 48
1126 11 11 42
4547 11 11 33
334 11 11 27
2381 11 11 17
914 11 11 8
2869 11 12 93
4271 11 12 88
2087 11 12 81
2352 11 12 74
141 11 12 69
2177 11 12 62
2807 11 12 51
2677 11 12 43
2015 11 12 36
4979 11 12 28
4670 11 12 16
4320 11 12 8
4761 11 13 92
1857 11 13 85
747 11 13 78
128 11 13 70
1474 11 13 60
3972 11 13 54
4289 11 13 47
4528 11 13 39
394 11 13 31
1595 11 13 24
2214 11 13 18
3756 11 13 9
2414 11 15 92
5223 11 15 84
650 11 15 77
3375 11 15 68
2324 11 15 61
5297 11 15 54
2477 11 15 47
4458 11 15 39
5090 11 15 30
1640 11 15 21
1632 11 15 12
4939 11 15 5
1427 11 17 92
1581 11 17 84
187 11 17 77
2405 11 17 68
734 11 17 61
5165 11 17 54
1662 11 17 47
4354 11 17 39
4732 11 17 30
1234 11 17 21
4609 11 17 11
1522 11 17 3
70 11 19 92
1532 11 19 84
5208 11 19 76
3941 11 19 69
1908 11 19 62
3436 11 19 50
804 11 19 42
2893 11 19 33
5320 11 19 26
3541 11 19 18
3403 11 19 9
4575 12 0 91
3024 12 0 85
5151 12 0 77
5222 12 0 67
1050 12 0 62
3250 12 0 50
5024 12 0 41
961 12 0 34
2651 12 0 25
4010 12 0 16
4131 12 0 8
3158 12 2 91
2842 12 2 85
1704 12 2 77
4717 12 2 67
5336 12 2 61
4867 12 2 54
4019 12 2 46
2302 12 2 39
4631 12 2 30
514 12 2 21
3639 12 2 11
1362 12 2 3
1263 12 3 91
2203 12 3 85
2126 12 3 76
3102 12 3 69
4399 12 3 61
4485 12 3 54
1002 12 3 46
526 12 3 39
4318 12 3 30
221 12 3 21
3459 12 3 11
895 12 3 3
1104 12 5 91
1083 12 5 85
2022 12 5 76
876 12 5 69
3800 12 5 61
4133 12 5 54
2555 12 5 45
231 12 5 40
5063 12 5 31
244 12 5 24
2182 12 5 18
1707 12 5 9
1093 12 9 91
4266 12 9 84
3844 12 9 76
842 12 9 69
2382 12 9 61
3852 12 9 54
613 12 9 45
3876 12 9 39
2160 12 9 30
4950 12 9 20
5066 12 9 12
5196 12 9 4
3973 12 11 90
704 12 11 83
3340 12 11 74
3443 12 11 68
417 12 11 61
3615 12 11 53
2247 12 11 46
4690 12 11 38
122 12 11 31
4880 12 11 23
1076 12 11 16
3360 12 11 8
3922 12 12 90
4383 12 12 82
1668 12 12 75
407 12 12 70
4350 12 12 59
4498 12 12 51
2458 12 12 43
1971 12 12 36
3185 12 12 28
3887 12 12 16
2607 12 12 8
2384 12 13 90
2543 12 13 82
1555 12 13 75
4224 12 13 69
1968 12 13 61
3214 12 13 53
2119 12 13 46
4120 12 13 38
5227 12 13 30
2190 12 13 20
4433 12 13 12
3546 12 13 4
2202 12 15 90
4952 12 15 81
2219 12 15 74
3344 12 15 68
178 12 15 61
2886 12 15 53
4892 12 15 45
3764 12 15 39
534 12 15 30
2028 12 15 20
3894 12 15 12
3504 12 15 4
3145 12 17 89
3712 12 17 78
5015 12 17 69
1675 12 17 61
2602 12 17 53
2642 12 17 45
2806 12 17 39
3818 12 17 29
5290 12 17 21
2067 12 17 11
4554 12 17 2
2825 12 19 89
2597 12 19 78
1836 12 19 69
1710 12 19 60
1271 12 19 54
4995 12 19 44
3280 12 19 34
248 12 19 25
3967 12 19 16
775 12 19 8
1158 13 0 89
476 13 0 78
1505 13 0 69
4796 13 0 59
3722 13 0 51
1421 13 0 43
1119 13 0 36
2826 13 0 28
1913 13 0 16
4898 13 0 7
728 13 2 89
165 13 2 78
849 13 2 69
4257 13 2 59
2278 13 2 51
1145 13 2 43
496 13 2 36
1011 13 2 28
548 13 2 16
3737 13 2 7
593 13 3 89
2514 13 3 77
3554 13 3 67
3488 13 3 61
3418 13 3 52
3454 13 3 43
324 13 3 36
2951 13 3 27
991 13 3 17
5143 13 3 7
382 13 5 89
2271 13 5 77
1928 13 5 67
3234 13 5 61
2472 13 5 52
3453 13 5 43
5250 13 5 35
4464 13 5 26
3109 13 5 18
4750 13 5 8
5114 13 6 88
1850 13 6 81
637 13 6 74
2774 13 6 68
4754 13 6 60
1101 13 6 54
4673 13 6 44
2499 13 6 34
5191 13 6 23
5289 13 6 15
3160 13 6 7
2169 13 7 88
874 13 7 81
150 13 7 74
2728 13 7 68
3259 13 7 60
4891 13 7 53
2317 13 7 45
2746 13 7 39
2141 13 7 29
4022 13 7 21
3188 13 7 10
63 13 7 3
2089 13 8 88
841 13 8 81
5304 13 8 73
4263 13 8 64
3306 13 8 54
2900 13 8 44
1438 13 8 34
4561 13 8 23
4255 13 8 15
2388 13 8 7
941 13 9 88
255 13 9 81
4982 13 9 73
1551 13 9 64
3143 13 9 54
2524 13 9 44
4785 13 9 33
5068 13 9 26
1907 13 9 18
4474 13 9 8
575 13 13 88
4246 13 13 80
572 13 13 73
917 13 13 64
1806 13 13 54
3523 13 13 43
4714 13 13 35
4108 13 13 26
1647 13 13 18
4214 13 13 8
68 13 15 88
4083 13 15 80
4588 13 15 72
5296 13 15 65
2357 13 15 57
3730 13 15 48
933 13 15 42
1724 13 15 33
4933 13 15 26
918 13 15 18
2428 13 15 8
3959 13 17 87
2112 13 17 80
3575 13 17 72
4062 13 17 65
2253 13 17 57
3606 13 17 48
215 13 17 42
1688 13 17 33
3194 13 17 26
730 13 17 18
2426 13 17 8
675 13 19 87
1856 13 19 80
3101 13 19 72
3393 13 19 65
2234 13 19 57
3107 13 19 48
4612 13 19 41
634 13 19 34
4500 13 19 23
3690 13 19 15
2074 13 19 7
629 14 0 87
482 14 0 80
2358 14 0 72
2977 14 0 65
331 14 0 57
5194 14 0 47
4329 14 0 39
1390 14 0 29
3920 14 0 21
1378 14 0 10
1785 14 0 2
2375 14 2 86
3839 14 2 79
2817 14 2 69
2536 14 2 59
1468 14 2 51
1063 14 2 43
3323 14 2 35
2899 14 2 26
468 14 2 18
1618 14 2 8
1397 14 3 86
3569 14 3 79
435 14 3 69
2501 14 3 59
1113 14 3 51
5185 14 3 42
5118 14 3 32
2996 14 3 24
2165 14 3 18
558 14 3 8
638 14 7 86
2309 14 7 79
4163 14 7 68
2036 14 7 60
3203 14 7 53
1753 14 7 45
317 14 7 39
1222 14 7 29
3570 14 7 21
599 14 7 10
1779 14 7 2
8 14 8 86
531 14 8 79
3333 14 8 68
2013 14 8 60
2596 14 8 53
4310 14 8 44
1949 14 8 33
2455 14 8 26
623 14 8 17
5050 14 8 7
2143 14 9 85
1933 14 9 76
406 14 9 69
448 14 9 59
4341 14 9 50
2568 14 9 41
5040 14 9 33
2098 14 9 26
426 14 9 17
4993 14 9 7
1605 14 10 85
1303 14 10 76
5282 14 10 68
1642 14 10 60
2516 14 10 53
4206 14 10 44
827 14 10 33
1929 14 10 26
5051 14 10 16
543 14 10 7
3216 14 11 84
2548 14 11 76
4814 14 11 68
423 14 11 60
1953 14 11 53
4050 14 11 44
566 14 11 33
1371 14 11 26
3598 14 11 16
3906 14 11 6
3494 14 12 83
1924 14 12 74
1862 14 12 68
4440 14 12 59
1431 14 12 50
1657 14 12 41
4295 14 12 33
4721 14 12 25
1198 14 12 16
3670 14 12 6
3066 14 13 83
1884 14 13 74
646 14 13 68
4427 14 13 59
4906 14 13 49
2109 14 13 39
83 14 13 29
2363 14 13 21
4951 14 13 9
4532 14 15 82
5277 14 15 74
4293 14 15 67
3124 14 15 61
2401 14 15 52
4473 14 15 42
3069 14 15 32
2636 14 15 24
1663 14 15 18
16 14 15 8
2129 14 17 81
4635 14 17 73
753 14 17 64
1609 14 17 54
2483 14 17 43
2565 14 17 35
1318 14 17 26
2784 14 17 15
938 14 17 7
3342 14 19 80
5123 14 19 71
307 14 19 63
5186 14 19 55
4724 14 19 47
4268 14 19 39
1870 14 19 28
5323 14 19 15
5306 14 19 6
2823 15 0 80
4254 15 0 71
1329 15 0 62
1286 15 0 50
5311 15 0 40
4824 15 0 31
1003 15 0 23
1952 15 0 15
5111 15 0 6
304 15 2 80
484 15 2 71
310 15 2 62
937 15 2 50
4763 15 2 40
4765 15 2 31
724 15 2 23
1799 15 2 15
4190 15 2 6
3879 15 5 79
2392 15 5 68
1476 15 5 59
3957 15 5 49
4955 15 5 38
1489 15 5 30
1678 15 5 20
3193 15 5 12
4065 15 5 3
2004 15 10 79
1319 15 10 68
870 15 10 59
3242 15 10 49
4647 15 10 38
5030 15 10 29
1419 15 10 21
3741 15 10 9
3431 15 15 78
863 15 15 68
529 15 15 59
1044 15 15 49
3979 15 15 38
2581 15 15 29
741 15 15 21
1163 15 15 7
1366 15 17 74
3014 15 17 67
2076 15 17 61
2248 15 17 52
4252 15 17 42
2929 15 17 32
2465 15 17 24
4325 15 17 17
2235 15 17 7
4308 16 0 94
3191 16 0 89
41 16 0 77
1783 16 0 67
703 16 0 61
1909 16 0 52
3808 16 0 41
3857 16 0 33
3829 16 0 25
2422 16 0 15
2056 16 0 6
2595 16 2 94
2673 16 2 89
3288 16 2 76
4730 16 2 68
2947 16 2 58
1686 16 2 50
1930 16 2 40
4426 16 2 31
371 16 2 23
5197 16 2 14
1630 16 2 5
5215 16 5 93
2567 16 5 88
2751 16 5 80
4309 16 5 70
3588 16 5 59
2948 16 5 48
2693 16 5 41
2933 16 5 33
5158 16 5 24
4233 16 5 17
4686 16 5 6
4379 16 6 93
2457 16 6 88
1816 16 6 80
5339 16 6 69
275 16 6 59
2180 16 6 48
236 16 6 41
1905 16 6 33
5033 16 6 24
1752 16 6 17
3581 16 6 6
5008 16 7 92
1140 16 7 84
1512 16 7 76
3023 16 7 68
2164 16 7 58
4451 16 7 49
1167 16 7 38
2493 16 7 29
4145 16 7 20
2432 16 7 12
2646 16 7 3
1965 16 8 92
4739 16 8 83
1744 16 8 74
2256 16 8 67
4526 16 8 60
935 16 8 53
3721 16 8 44
81 16 8 33
4539 16 8 24
1651 16 8 17
1231 16 8 6
4099 16 9 91
3437 16 9 84
245 16 9 76
2887 16 9 68
1582 16 9 58
3669 16 9 49
5144 16 9 37
5338 16 9 28
5261 16 9 15
1365 16 9 6
2995 16 10 91
2373 16 10 84
3675 16 10 75
2327 16 10 69
5278 16 10 58
3175 16 10 49
5038 16 10 37
2688 16 10 28
4931 16 10 15
4627 16 10 5
2759 16 12 91
2033 16 12 84
1498 16 12 75
1216 16 12 69
1377 16 12 58
1420 16 12 49
2178 16 12 37
2603 16 12 28
4340 16 12 15
4306 16 12 5
62 16 13 91
1405 16 13 84
3845 16 13 74
898 16 13 67
4299 16 13 60
315 16 13 53
2767 16 13 44
30 16 13 33
2794 16 13 24
511 16 13 17
750 16 13 6
3434 16 15 90
4115 16 15 81
3085 16 15 73
3469 16 15 63
4932 16 15 55
3558 16 15 47
2540 16 15 39
1226 16 15 28
3081 16 15 15
1827 16 15 5
2183 16 17 90
4080 16 17 81
3013 16 17 73
2088 16 17 63
4540 16 17 55
2480 16 17 47
2412 16 17 39
3400 16 17 27
4418 16 17 16
2860 16 17 6
2147 16 18 90
3298 16 18 81
1460 16 18 73
4024 16 18 62
4516 16 18 49
1384 16 18 37
2449 16 18 28
2682 16 18 15
1533 16 18 5
1575 16 19 90
2726 16 19 81
115 16 19 73
418 16 19 62
4397 16 19 49
685 16 19 37
5001 16 19 27
4352 16 19 16
2838 16 19 6
1259 17 0 90
1545 17 0 81
1720 17 0 72
2293 17 0 65
3314 17 0 56
3813 17 0 46
4036 17 0 38
940 17 0 29
3663 17 0 20
743 17 0 12
2609 17 0 3
3951 17 2 89
3030 17 2 76
5192 17 2 67
4191 17 2 60
2583 17 2 52
2840 17 2 41
1612 17 2 33
1042 17 2 24
5048 17 2 16
1947 17 2 6
2467 17 5 89
3326 17 5 75
56 17 5 69
4642 17 5 57
1902 17 5 47
5321 17 5 38
5281 17 5 28
2264 17 5 15
189 17 5 5
913 17 6 89
3152 17 6 75
4691 17 6 68
3750 17 6 57
1235 17 6 47
4837 17 6 38
3950 17 6 28
61 17 6 15
4089 17 6 4
806 17 7 89
939 17 7 75
4667 17 7 68
2333 17 7 57
3156 17 7 46
3662 17 7 38
2698 17 7 28
3088 17 7 14
4751 17 7 4
4351 17 8 88
862 17 8 80
3276 17 8 69
1239 17 8 57
262 17 8 46
1520 17 8 38
5124 17 8 27
2208 17 8 16
1064 17 8 6
2999 17 9 88
381 17 9 80
1357 17 9 69
111 17 9 57
4652 17 9 45
4856 17 9 38
3787 17 9 27
803 17 9 16
1015 17 9 6
5301 17 10 87
3946 17 10 79
1962 17 10 67
2904 17 10 60
1780 17 10 52
779 17 10 41
746 17 10 33
4643 17 10 23
4519 17 10 14
4174 17 10 4
4992 17 12 87
1697 17 12 79
1658 17 12 67
5126 17 12 59
1755 17 12 48
24 17 12 41
3583 17 12 32
2459 17 12 24
4953 17 12 16
4658 17 12 5
4874 17 13 87
453 17 13 79
358 17 13 67
2918 17 13 59
1437 17 13 48
4729 17 13 40
2798 17 13 31
153 17 13 23
3989 17 13 14
3407 17 13 4
3292 17 15 87
4656 17 15 78
611 17 15 68
530 17 15 57
4410 17 15 45
1433 17 15 38
2039 17 15 27
4857 17 15 15
894 17 15 4
2990 17 17 87
4576 17 17 78
4000 17 17 67
3766 17 17 58
785 17 17 49
444 17 17 37
2511 17 17 27
4169 17 17 15
4688 17 17 3
2546 17 18 87
3875 17 18 78
813 17 18 67
3218 17 18 58
5020 17 18 48
2032 17 18 40
1487 17 18 31
4749 17 18 22
2802 17 18 14
2107 17 18 4
1393 17 19 87
3757 17 19 78
3477 17 19 66
5287 17 19 56
956 17 19 46
1326 17 19 38
1477 17 19 27
4094 17 19 15
3868 17 19 3
5084 18 0 86
113 18 0 79
1925 18 0 66
4213 18 0 56
2553 18 0 45
4909 18 0 37
2478 18 0 27
3668 18 0 15
3739 18 0 2
3869 18 2 86
4342 18 2 78
1360 18 2 66
3508 18 2 56
1591 18 2 45
4541 18 2 37
1747 18 2 27
1844 18 2 15
1711 18 2 2
2870 18 10 86
1176 18 10 78
4471 18 10 65
660 18 10 56
220 18 10 45
4277 18 10 37
1548 18 10 27
1643 18 10 15
692 18 10 2
1572 18 12 86
4611 18 12 77
525 18 12 67
2226 18 12 58
4925 18 12 48
4533 18 12 39
1464 18 12 27
436 18 12 15
1833 18 12 1
4618 18 13 85
5252 18 13 75
4543 18 13 68
424 18 13 57
3812 18 13 44
2986 18 13 32
1920 18 13 24
4152 18 13 16
4416 18 13 5
3891 18 15 85
3337 18 15 75
3580 18 15 68
3913 18 15 56
4442 18 15 44
856 18 15 32
681 18 15 24
3497 18 15 16
3809 18 15 5
4908 19 0 84
1611 19 0 74
588 19 0 67
1922 19 0 58
3746 19 0 48
3401 19 0 39
4912 19 0 26
2431 19 0 15
2035 19 0 4
5142 19 2 83
627 19 2 74
4733 19 2 66
2601 19 2 56
617 19 2 44
4872 19 2 31
4247 19 2 22
2261 19 2 14
881 19 2 4
3283 19 3 83
174 19 3 74
4021 19 3 66
2113 19 3 56
4695 19 3 43
2252 19 3 35
533 19 3 26
1671 19 3 15
4689 19 3 3
3122 19 4 83
4431 19 4 73
3017 19 4 61
1445 19 4 52
116 19 4 41
910 19 4 32
4248 19 4 23
1745 19 4 14
2967 19 4 2
5105 19 5 80
4990 19 5 68
3285 19 5 56
1937 19 5 43
2181 19 5 35
5315 19 5 25
1899 19 5 15
2073 19 5 2
4076 19 6 80
2773 19 6 67
1387 19 6 58
3649 19 6 48
877 19 6 39
3914 19 6 26
943 19 6 15
1027 19 6 2
3093 19 7 80
1052 19 7 67
242 19 7 58
3377 19 7 48
854 19 7 39
1969 19 7 26
574 19 7 15
694 19 7 2
5091 19 8 75
3100 19 8 68
2611 19 8 56
5300 19 8 42
1886 19 8 31
3264 19 8 22
1750 19 8 14
3199 19 8 1
1543 19 9 75
3037 19 9 68
1330 19 9 55
429 19 9 47
4228 19 9 38
387 19 9 27
980 19 9 14
2448 19 9 1
1549 19 10 72
578 19 10 65
246 19 10 56
5166 19 10 42
4377 19 10 30
1428 19 10 20
4509 19 10 11
3566 19 10 2
824 19 12 70
2605 19 12 59
1088 19 12 48
5145 19 12 38
3484 19 12 26
1526 19 12 14
489 19 12 1
1079 19 13 69
4850 19 13 56
5047 19 13 42
2082 19 13 30
494 19 13 20
4447 19 13 11
2915 19 13 2
4504 19 15 62
280 19 15 49
135 19 15 37
934 19 15 27
1248 19 15 13
4668 19 15 4
4945 19 16 93
260 19 16 88
3733 19 16 79
1677 19 16 66
4110 19 16 55
3321 19 16 46
1034 19 16 38
645 19 16 26
1130 19 16 14
117 19 16 1
2244 19 17 93
3925 19 17 87
3463 19 17 78
2764 19 17 65
127 19 17 56
1175 19 17 42
2017 19 17 30
4370 19 17 19
983 19 17 10
1760 19 17 2
146 19 18 92
4088 19 18 83
2770 19 18 73
2862 19 18 61
5007 19 18 51
3934 19 18 42
1964 19 18 30
2520 19 18 19
4389 19 18 9
9 19 19 92
1090 19 19 83
4698 19 19 72
346 19 19 65
4677 19 19 55
3232 19 19 46
4905 19 19 37
834 19 19 27
4064 19 19 12
348 19 19 3
