44 10 25 12 47 43 
53 51 24 33 40 22 
4 14 49 34 38 18 
27 32 39 15 3 56 
13 54 46 42 20 9 
29 21 8 36 50 6 
57 23 48 1 24 40 
14 28 15 45 47 43 
58 18 9 26 21 10 
37 19 44 39 30 8 
31 16 5 0 12 4 
49 50 32 59 2 36 
47 19 59 20 35 42 
27 1 5 43 2 10 
51 21 38 23 39 48 
57 30 45 13 49 14 
36 22 16 46 4 18 
8 40 32 0 29 41 
56 22 51 48 3 54 
16 40 4 13 43 59 
44 9 17 19 2 42 
25 10 7 53 15 0 
27 11 49 29 18 20 
58 46 8 28 38 30 
58 15 16 50 38 21 
47 25 33 10 12 53 
43 44 37 17 23 31 
4 14 45 56 27 55 
6 32 41 3 20 40 
34 28 46 19 36 35 
33 3 58 47 17 50 
35 23 43 34 2 11 
31 4 46 12 57 38 
20 13 51 49 18 55 
39 10 22 1 9 16 
45 7 59 15 8 40 
5 7 57 54 41 52 
36 18 44 45 19 43 
24 9 6 38 30 12 
14 23 0 40 50 31 
39 29 35 17 46 37 
42 10 32 21 25 34 
54 51 22 47 6 24 
8 5 42 18 26 38 
56 7 13 12 33 14 
30 9 4 45 25 37 
36 1 40 39 43 0 
50 59 57 3 27 48 
15 13 32 45 18 44 
40 50 53 16 39 30 
23 43 12 27 8 42 
33 0 52 7 38 36 
21 37 11 46 1 17 
47 5 10 26 54 51 
19 32 2 50 24 46 
51 8 18 6 22 12 
43 7 31 41 38 5 
27 21 1 52 0 58 
40 4 11 44 9 45 
34 37 56 48 17 10 
