48 3 25 57 21 49 
53 42 59 46 32 36 
37 35 28 50 38 16 
8 30 23 10 9 13 
1 55 15 20 51 40 
22 2 27 12 34 58 
53 19 34 6 15 3 
26 42 16 28 49 57 
38 1 52 50 25 8 
17 36 51 45 43 21 
31 13 27 44 7 22 
39 55 32 47 4 12 
49 30 56 8 19 26 
12 43 38 4 20 18 
35 39 11 16 13 14 
55 5 50 17 2 57 
28 6 45 51 10 34 
32 15 29 9 46 42 
48 38 7 6 20 19 
46 28 43 52 12 37 
45 11 40 14 39 59 
16 17 13 47 15 50 
33 1 57 24 22 34 
49 51 10 32 56 36 
58 49 34 55 6 17 
37 44 7 10 4 35 
30 45 12 0 52 3 
56 38 25 22 2 50 
11 24 26 29 42 18 
33 21 27 15 47 40 
37 10 21 30 24 47 
7 31 8 13 40 45 
44 11 50 38 28 6 
46 39 17 32 33 29 
3 18 49 12 16 58 
51 5 15 34 42 20 
57 46 52 21 6 33 
44 39 58 36 17 49 
40 22 23 31 10 48 
14 11 5 56 0 53 
16 13 12 15 9 42 
24 8 43 2 20 35 
42 7 15 16 8 56 
27 11 13 43 19 33 
29 38 4 22 6 44 
32 2 12 39 24 10 
36 21 54 37 25 3 
18 31 30 50 20 49 
37 43 4 26 20 34 
2 32 17 38 7 59 
47 3 22 12 48 33 
19 18 13 6 5 44 
39 16 51 36 15 41 
52 53 8 45 55 40 
40 38 8 42 6 31 
16 0 2 9 19 46 
37 12 45 17 50 49 
14 7 33 43 13 44 
20 57 21 5 51 35 
26 15 39 56 3 18 
