26 2 12 13 56 29 
19 31 23 50 41 49 
46 30 51 16 1 15 
4 52 34 59 28 22 
33 11 38 27 58 24 
48 7 37 43 32 39 
2 11 45 1 20 22 
5 58 24 44 12 27 
56 25 43 36 3 9 
42 7 26 8 21 47 
46 23 31 37 32 34 
50 57 53 33 6 30 
16 48 38 33 22 25 
50 6 17 55 4 0 
40 18 21 54 8 19 
52 49 42 31 46 45 
12 5 53 56 9 15 
24 57 58 43 23 11 
49 38 37 47 57 55 
31 35 30 39 6 44 
45 16 51 17 32 50 
5 52 11 15 28 4 
58 13 1 24 2 43 
33 48 34 23 10 54 
53 12 48 17 2 59 
25 43 0 18 29 30 
55 5 45 38 11 27 
32 39 13 10 41 44 
47 4 50 33 3 37 
49 46 31 23 36 22 
29 5 46 9 34 35 
33 40 18 37 26 7 
43 1 39 17 19 50 
13 31 44 53 51 14 
24 16 36 11 12 30 
52 22 45 54 32 55 
54 44 42 1 27 33 
17 12 15 8 16 26 
55 38 10 19 21 45 
24 7 9 36 47 32 
14 11 31 51 4 53 
41 40 30 59 23 56 
26 41 43 31 21 2 
28 3 13 22 16 19 
53 59 46 10 45 7 
18 29 12 4 40 36 
50 32 39 11 17 5 
51 8 35 38 6 48 
10 7 58 46 51 20 
32 21 52 2 35 50 
13 39 14 12 49 1 
16 5 38 22 36 31 
44 3 6 0 37 40 
29 48 30 57 23 56 
34 7 6 9 3 43 
19 58 49 1 53 48 
33 51 11 50 13 26 
32 21 45 37 18 5 
44 2 59 0 10 56 
47 22 17 36 23 57 
