26 0 36 42 21 4 
29 40 20 39 51 24 
17 25 58 57 52 38 
22 30 10 33 23 14 
35 43 18 12 37 41 
16 55 28 47 46 27 
0 2 39 28 18 32 
54 35 31 6 15 50 
8 51 21 44 30 11 
26 33 7 5 22 20 
3 24 13 17 43 46 
27 19 12 25 34 41 
39 52 10 18 41 44 
53 11 6 34 16 0 
31 40 19 45 46 20 
59 25 37 14 33 5 
15 8 13 28 4 35 
54 29 55 21 22 48 
42 5 55 22 28 58 
26 11 2 17 27 33 
36 19 40 6 1 16 
53 37 34 50 10 3 
45 23 9 30 13 41 
46 8 31 18 21 54 
41 54 8 37 50 59 
46 53 51 49 32 24 
52 39 7 44 22 57 
25 17 12 38 6 21 
15 30 16 5 1 27 
58 13 23 9 35 3 
23 43 10 17 13 37 
14 16 40 4 49 9 
24 8 5 44 12 36 
22 41 38 27 58 59 
30 0 3 39 46 1 
51 45 7 32 50 34 
38 3 27 12 14 48 
24 5 41 43 53 10 
6 19 50 17 59 46 
11 51 16 40 36 31 
45 44 47 23 13 42 
30 33 49 15 18 56 
6 16 51 48 17 47 
2 14 31 46 9 57 
11 50 13 20 0 45 
8 53 39 33 49 38 
52 34 32 10 43 15 
54 37 12 22 42 27 
7 11 13 54 20 42 
44 55 19 15 36 49 
17 12 39 33 23 14 
52 35 21 31 25 24 
1 45 30 9 43 6 
41 0 38 8 3 56 
31 34 47 50 19 22 
36 9 28 16 30 2 
15 58 10 7 11 12 
20 37 41 38 43 32 
27 29 44 55 8 42 
40 18 46 48 23 6 
