2801
563 0 0 98
5682 0 0 94
2916 0 0 92
3606 0 0 89
5569 0 0 86
4091 0 0 82
2991 0 0 79
4064 0 0 77
4208 0 0 74
4573 0 0 71
5591 0 0 68
4405 0 0 64
5649 0 0 62
596 0 0 60
5393 0 0 56
3468 0 0 54
1227 0 0 51
5770 0 0 48
2990 0 0 45
3757 0 0 43
2737 0 0 40
5659 0 0 36
1663 0 0 33
5269 0 0 29
3587 0 0 27
2504 0 0 25
4815 0 0 22
1603 0 0 19
1744 0 0 16
3950 0 0 13
737 0 0 10
4502 0 0 7
1373 0 0 4
5220 0 0 2
4770 0 1 97
2297 0 1 94
4730 0 1 91
2943 0 1 88
2986 0 1 85
531 0 1 83
422 0 1 80
4829 0 1 77
1290 0 1 74
3939 0 1 71
4093 0 1 67
3390 0 1 63
3525 0 1 61
3596 0 1 58
5710 0 1 55
2046 0 1 53
1575 0 1 49
151 0 1 47
2691 0 1 45
4028 0 1 42
3126 0 1 39
5714 0 1 34
2165 0 1 31
4700 0 1 27
3852 0 1 23
428 0 1 21
5637 0 1 19
3813 0 1 15
4437 0 1 13
5072 0 1 9
4096 0 1 6
3294 0 1 3
2732 0 1 1
4404 0 2 97
507 0 2 94
3664 0 2 90
5150 0 2 88
1073 0 2 85
5370 0 2 82
5696 0 2 78
1960 0 2 76
4505 0 2 72
4536 0 2 69
4544 0 2 66
2208 0 2 63
2848 0 2 61
3509 0 2 58
3698 0 2 54
5711 0 2 50
3297 0 2 47
3326 0 2 44
3989 0 2 41
2979 0 2 39
4315 0 2 34
4498 0 2 30
3228 0 2 26
5028 0 2 24
5406 0 2 21
5094 0 2 19
2304 0 2 15
5675 0 2 11
5425 0 2 8
3949 0 2 4
4716 0 2 1
3637 0 3 97
487 0 3 94
3060 0 3 90
38 0 3 87
3438 0 3 85
3766 0 3 81
275 0 3 79
3100 0 3 76
3649 0 3 72
291 0 3 69
2202 0 3 66
1237 0 3 62
5380 0 3 58
5160 0 3 53
4378 0 3 48
3481 0 3 44
3163 0 3 40
1545 0 3 36
5629 0 3 32
3909 0 3 29
4249 0 3 26
3972 0 3 23
1639 0 3 20
5244 0 3 18
5118 0 3 14
4571 0 3 11
4740 0 3 7
4209 0 3 3
333 0 3 1
741 0 4 97
1471 0 4 93
2871 0 4 90
1805 0 4 86
446 0 4 82
4711 0 4 78
1704 0 4 75
4202 0 4 73
3191 0 4 70
4113 0 4 68
3052 0 4 64
3196 0 4 61
2466 0 4 58
4882 0 4 53
3931 0 4 48
2270 0 4 44
2247 0 4 40
706 0 4 36
3591 0 4 32
3028 0 4 28
235 0 4 26
3866 0 4 23
5654 0 4 19
3327 0 4 14
5698 0 4 9
4674 0 4 5
1259 0 4 3
702 0 5 97
934 0 5 93
3659 0 5 89
2400 0 5 86
4392 0 5 81
5641 0 5 78
2209 0 5 74
3190 0 5 71
3476 0 5 67
2098 0 5 63
3046 0 5 60
2746 0 5 56
1887 0 5 54
3384 0 5 50
492 0 5 46
2931 0 5 44
5159 0 5 39
3760 0 5 34
1641 0 5 30
511 0 5 26
5110 0 5 22
4003 0 5 18
4166 0 5 14
4301 0 5 9
3064 0 5 5
5736 0 5 2
5490 0 6 96
2819 0 6 94
412 0 6 90
579 0 6 86
4115 0 6 81
5727 0 6 77
14 0 6 74
5722 0 6 70
3284 0 6 68
3027 0 6 64
3001 0 6 61
3151 0 6 57
2884 0 6 55
2099 0 6 52
3343 0 6 49
4554 0 6 46
5337 0 6 43
372 0 6 40
5651 0 6 35
1850 0 6 32
3367 0 6 27
4519 0 6 22
3881 0 6 18
888 0 6 14
3593 0 6 9
1263 0 6 5
2342 0 6 2
5195 0 7 96
4790 0 7 93
2835 0 7 89
162 0 7 86
3669 0 7 81
3220 0 7 77
3411 0 7 73
5657 0 7 69
988 0 7 65
2480 0 7 63
2200 0 7 60
1031 0 7 56
5347 0 7 53
2110 0 7 48
1652 0 7 44
4835 0 7 39
3583 0 7 34
480 0 7 30
2911 0 7 25
5589 0 7 21
5065 0 7 17
1030 0 7 13
4160 0 7 9
505 0 7 5
5734 0 7 1
4663 0 8 96
2583 0 8 92
2919 0 8 89
4832 0 8 85
3105 0 8 81
3023 0 8 77
2473 0 8 73
5207 0 8 69
905 0 8 65
1675 0 8 62
5259 0 8 58
3187 0 8 53
1559 0 8 48
601 0 8 44
2907 0 8 39
2973 0 8 34
5436 0 8 29
1404 0 8 26
2192 0 8 22
3070 0 8 18
222 0 8 14
3270 0 8 9
2862 0 8 4
2071 0 8 1
4628 0 9 96
1079 0 9 92
2918 0 9 89
4451 0 9 85
2316 0 9 80
4221 0 9 76
4757 0 9 71
1106 0 9 67
543 0 9 63
5550 0 9 59
1415 0 9 57
5342 0 9 54
1038 0 9 50
5293 0 9 45
103 0 9 42
1010 0 9 38
4683 0 9 34
1196 0 9 29
5725 0 9 24
4101 0 9 20
285 0 9 17
319 0 9 13
3588 0 9 9
341 0 9 4
822 0 9 1
3753 0 10 96
3988 0 10 91
99 0 10 88
4103 0 10 84
3360 0 10 82
4026 0 10 78
1557 0 10 74
5663 0 10 70
3115 0 10 68
4223 0 10 63
2407 0 10 59
5775 0 10 56
3956 0 10 53
5011 0 10 47
712 0 10 44
979 0 10 39
1017 0 10 34
5365 0 10 28
2759 0 10 24
3244 0 10 20
5700 0 10 16
4743 0 10 12
3998 0 10 8
3857 0 10 4
3239 0 11 96
3922 0 11 91
4169 0 11 87
2571 0 11 84
2189 0 11 82
4822 0 11 77
2283 0 11 73
3886 0 11 69
556 0 11 65
3946 0 11 61
5488 0 11 55
5546 0 11 51
5203 0 11 48
593 0 11 44
3717 0 11 38
1767 0 11 34
5346 0 11 28
3510 0 11 23
5115 0 11 18
3706 0 11 13
3560 0 11 9
4518 0 11 3
2246 0 12 96
3518 0 12 91
3127 0 12 87
3748 0 12 83
233 0 12 80
3807 0 12 76
3589 0 12 71
5123 0 12 66
4535 0 12 61
5005 0 12 55
2587 0 12 51
2128 0 12 48
3735 0 12 43
4495 0 12 39
739 0 12 34
4625 0 12 28
5464 0 12 22
1307 0 12 18
2663 0 12 13
2006 0 12 8
4197 0 12 3
1646 0 13 96
2345 0 13 91
1574 0 13 87
4956 0 13 82
4266 0 13 77
230 0 13 73
3788 0 13 69
3768 0 13 63
995 0 13 59
2792 0 13 55
2017 0 13 51
5636 0 13 47
4914 0 13 43
2721 0 13 39
630 0 13 34
1599 0 13 28
2311 0 13 22
5627 0 13 17
4853 0 13 12
729 0 13 8
4134 0 13 3
1303 0 14 96
2307 0 14 91
1991 0 14 86
2429 0 14 81
4776 0 14 76
3443 0 14 71
3122 0 14 66
5202 0 14 60
4966 0 14 55
1868 0 14 51
4969 0 14 47
4762 0 14 43
1205 0 14 39
2880 0 14 33
3789 0 14 29
4875 0 14 24
809 0 14 20
3917 0 14 16
3336 0 14 12
5415 0 14 7
4117 0 14 3
695 0 15 96
641 0 15 91
1561 0 15 86
1592 0 15 81
4235 0 15 76
5680 0 15 70
3880 0 15 67
4559 0 15 62
3794 0 15 58
5221 0 15 52
3216 0 15 49
5602 0 15 45
3903 0 15 41
3048 0 15 37
698 0 15 35
5332 0 15 31
112 0 15 27
331 0 15 22
4428 0 15 17
3614 0 15 12
4526 0 15 7
3727 0 15 3
172 0 16 96
522 0 16 91
1383 0 16 86
4658 0 16 80
379 0 16 76
4549 0 16 70
539 0 16 67
2920 0 16 62
3339 0 16 58
996 0 16 52
2484 0 16 49
2966 0 16 45
5498 0 16 40
5625 0 16 35
4368 0 16 31
4694 0 16 26
618 0 16 22
1551 0 16 17
1727 0 16 12
4328 0 16 7
917 0 16 3
63 0 17 96
2945 0 17 90
4288 0 17 85
486 0 17 80
143 0 17 76
3630 0 17 70
2569 0 17 66
5103 0 17 60
1931 0 17 55
44 0 17 51
4355 0 17 47
1159 0 17 43
5199 0 17 38
1643 0 17 34
401 0 17 28
1976 0 17 22
338 0 17 17
1586 0 17 12
3918 0 17 7
345 0 17 3
5652 0 18 95
122 0 18 93
3991 0 18 88
4022 0 18 84
3820 0 18 80
4387 0 18 75
5456 0 18 72
4083 0 18 68
1254 0 18 63
2680 0 18 58
981 0 18 52
3277 0 18 48
2817 0 18 43
5114 0 18 38
624 0 18 34
5140 0 18 27
17 0 18 22
223 0 18 17
1163 0 18 12
3380 0 18 7
72 0 18 3
5601 0 19 95
115 0 19 92
5144 0 19 88
1613 0 19 84
2796 0 19 80
3274 0 19 75
4037 0 19 71
454 0 19 66
2294 0 19 60
1308 0 19 55
1880 0 19 50
4019 0 19 45
4746 0 19 40
2100 0 19 35
3407 0 19 31
3825 0 19 26
5386 0 19 21
1735 0 19 17
4384 0 19 11
1281 0 19 7
4782 0 19 2
4962 2 1 95
4118 2 1 91
931 2 1 86
396 2 1 80
2394 2 1 75
2097 2 1 71
3705 2 1 65
2506 2 1 60
1206 2 1 55
972 2 1 50
2642 2 1 45
356 2 1 40
1616 2 1 35
3146 2 1 31
1657 2 1 26
4773 2 1 21
805 2 1 17
4453 2 1 10
382 2 1 7
4145 2 1 2
700 2 2 95
1825 2 2 91
485 2 2 86
5107 2 2 79
2242 2 2 75
3905 2 2 70
2388 2 2 66
1191 2 2 60
835 2 2 55
343 2 2 50
5402 2 2 44
3551 2 2 38
296 2 2 34
4173 2 2 27
3439 2 2 21
798 2 2 17
4176 2 2 10
1909 2 2 6
4239 2 2 2
4839 2 3 94
5069 2 3 89
2693 2 3 85
5731 2 3 79
894 2 3 75
3628 2 3 70
2095 2 3 66
564 2 3 60
3383 2 3 54
599 2 3 50
3559 2 3 44
3263 2 3 38
3170 2 3 33
3036 2 3 29
2276 2 3 24
5067 2 3 19
201 2 3 14
2178 2 3 9
4120 2 3 3
2951 2 4 94
186 2 4 89
2542 2 4 85
3382 2 4 79
295 2 4 75
2432 2 4 70
4894 2 4 65
127 2 4 60
3188 2 4 54
555 2 4 50
2786 2 4 44
5057 2 4 37
2861 2 4 34
4105 2 4 27
3162 2 4 21
4970 2 4 16
2633 2 4 12
1946 2 4 7
2886 2 4 2
2668 2 5 94
5147 2 5 88
1269 2 5 84
1539 2 5 80
1858 2 5 75
2075 2 5 70
4955 2 5 64
1605 2 5 61
3718 2 5 55
294 2 5 50
1392 2 5 44
5019 2 5 37
5768 2 5 33
2219 2 5 29
1200 2 5 24
4584 2 5 19
5667 2 5 13
5743 2 5 7
2818 2 5 2
1453 2 6 94
3549 2 6 88
237 2 6 84
5378 2 6 79
5349 2 6 74
3472 2 6 70
3854 2 6 64
53 2 6 61
3203 2 6 55
4339 2 6 49
2637 2 6 45
5472 2 6 39
1786 2 6 33
945 2 6 29
3912 2 6 23
4435 2 6 18
1729 2 6 13
5497 2 6 7
631 2 6 2
1410 2 7 94
3413 2 7 88
878 2 7 83
3467 2 7 79
2977 2 7 74
2764 2 7 70
2770 2 7 64
5389 2 7 60
5767 2 7 53
2218 2 7 47
668 2 7 43
4452 2 7 38
3131 2 7 33
4395 2 7 28
1906 2 7 22
5350 2 7 16
3871 2 7 11
998 2 7 7
5403 2 7 1
3984 2 9 93
3398 2 9 88
118 2 9 83
5320 2 9 78
5234 2 9 73
4517 2 9 68
3513 2 9 62
2550 2 9 58
516 2 9 52
1865 2 9 48
5771 2 9 42
4715 2 9 37
3690 2 9 33
2054 2 9 28
57 2 9 22
5260 2 9 16
1949 2 9 11
766 2 9 7
3160 2 9 1
3283 2 10 93
2417 2 10 88
4248 2 10 82
1450 2 10 77
3590 2 10 72
1869 2 10 68
791 2 10 62
3466 2 10 57
5190 2 10 54
445 2 10 50
1350 2 10 44
4525 2 10 37
2961 2 10 33
292 2 10 28
5544 2 10 21
4930 2 10 16
4555 2 10 10
1543 2 10 6
3938 2 10 2
2917 2 11 93
3174 2 11 87
4177 2 11 82
2406 2 11 76
3299 2 11 70
94 2 11 64
5251 2 11 60
3561 2 11 53
2115 2 11 47
205 2 11 43
3976 2 11 38
855 2 11 33
5433 2 11 27
2360 2 11 21
4068 2 11 16
2669 2 11 10
3824 2 11 5
5476 2 11 1
2753 2 12 93
2539 2 12 87
2535 2 12 82
1135 2 12 76
1783 2 12 70
5646 2 12 63
856 2 12 58
246 2 12 52
5180 2 12 47
2690 2 12 42
4335 2 12 37
176 2 12 33
4024 2 12 27
4099 2 12 20
3666 2 12 16
2501 2 12 10
3729 2 12 5
2649 2 13 93
1864 2 13 87
1407 2 13 82
538 2 13 76
1242 2 13 70
3853 2 13 63
760 2 13 58
4350 2 13 51
3140 2 13 47
2107 2 13 42
4074 2 13 37
5343 2 13 32
2420 2 13 27
3660 2 13 20
3362 2 13 16
2036 2 13 10
1928 2 13 5
2380 2 14 93
2516 2 14 86
4159 2 14 79
2015 2 14 74
1621 2 14 70
1257 2 14 63
709 2 14 58
3223 2 14 51
1133 2 14 47
1414 2 14 42
3305 2 14 37
3521 2 14 32
1022 2 14 27
3577 2 14 20
2843 2 14 16
311 2 14 10
733 2 14 5
5481 2 15 92
4015 2 15 88
3013 2 15 82
5013 2 15 75
742 2 15 70
5478 2 15 62
2570 2 15 57
4295 2 15 54
107 2 15 50
1247 2 15 44
4186 2 15 37
2684 2 15 32
984 2 15 27
2065 2 15 20
4300 2 15 15
3992 2 15 11
550 2 15 7
1148 2 15 2
4468 2 16 92
3365 2 16 88
2117 2 16 82
4960 2 16 75
4686 2 16 69
3555 2 16 63
2859 2 16 57
3817 2 16 53
82 2 16 47
5250 2 16 41
1940 2 16 37
1393 2 16 32
5211 2 16 26
3107 2 16 21
2495 2 16 16
5446 2 16 9
2860 2 16 2
2784 2 17 92
85 2 17 88
1871 2 17 82
3749 2 17 75
3733 2 17 69
2552 2 17 62
610 2 17 57
2078 2 17 53
5506 2 17 46
5222 2 17 43
3919 2 17 38
484 2 17 33
3923 2 17 27
1820 2 17 20
2877 2 17 15
2763 2 17 11
5255 2 17 6
5587 2 17 1
2543 2 18 92
5465 2 18 87
1284 2 18 82
3109 2 18 75
2032 2 18 69
1686 2 18 62
239 2 18 57
780 2 18 53
4753 2 18 46
5002 2 18 42
3230 2 18 37
858 2 18 32
3300 2 18 26
5603 2 18 20
1089 2 18 15
1083 2 18 11
4232 2 18 6
5229 2 18 1
1935 2 19 92
4864 2 19 87
5642 2 19 81
4167 2 19 76
649 2 19 70
5112 2 19 62
5766 2 19 56
140 2 19 53
1604 2 19 46
4915 2 19 42
3124 2 19 37
409 2 19 32
2706 2 19 26
5327 2 19 20
3722 2 19 14
1124 2 19 9
1738 2 19 2
947 3 1 92
4840 3 1 87
5512 3 1 81
3428 3 1 76
317 3 1 70
4449 3 1 62
5025 3 1 56
3887 3 1 52
3062 3 1 47
4690 3 1 41
5324 3 1 35
4949 3 1 30
2367 3 1 25
4991 3 1 21
927 3 1 16
4401 3 1 9
328 3 1 2
921 3 2 92
4748 3 2 87
5405 3 2 81
549 3 2 75
689 3 2 69
922 3 2 62
2346 3 2 56
3506 3 2 52
364 3 2 47
883 3 2 41
3227 3 2 35
4710 3 2 30
1540 3 2 25
3700 3 2 21
5361 3 2 15
3329 3 2 10
3967 3 2 4
651 3 3 92
2962 3 3 87
4406 3 3 81
416 3 3 75
249 3 3 69
5158 3 3 61
2352 3 3 55
3650 3 3 49
1052 3 3 45
4918 3 3 39
1370 3 3 33
3387 3 3 27
1420 3 3 20
2689 3 3 14
5307 3 3 8
4004 3 3 3
5615 3 7 91
4532 3 7 85
2887 3 7 79
173 3 7 74
1563 3 7 70
4422 3 7 62
1166 3 7 56
3322 3 7 52
46 3 7 47
234 3 7 41
1193 3 7 35
1961 3 7 29
3758 3 7 23
800 3 7 18
983 3 7 13
4953 3 7 7
4978 3 7 1
4464 3 9 91
4150 3 9 85
1007 3 9 79
166 3 9 74
210 3 9 70
3303 3 9 62
1039 3 9 56
5618 3 9 51
779 3 9 47
171 3 9 41
3819 3 9 34
3139 3 9 27
1276 3 9 20
2507 3 9 14
4852 3 9 8
2067 3 9 3
3831 3 10 91
2703 3 10 85
5519 3 10 78
2090 3 10 73
4065 3 10 68
4483 3 10 61
875 3 10 55
3431 3 10 49
4036 3 10 44
2490 3 10 37
5162 3 10 31
1245 3 10 26
3084 3 10 20
1095 3 10 14
4801 3 10 8
1391 3 10 3
3689 3 11 91
2674 3 11 85
5437 3 11 78
609 3 11 73
2729 3 11 68
3605 3 11 61
2975 3 11 54
5044 3 11 48
5006 3 11 42
1925 3 11 37
5030 3 11 31
5548 3 11 25
841 3 11 21
5353 3 11 15
2296 3 11 10
2147 3 11 4
2092 3 16 91
2558 3 16 85
2846 3 16 78
4434 3 16 72
1648 3 16 68
2700 3 16 61
1956 3 16 54
2309 3 16 48
4155 3 16 42
1232 3 16 37
3546 3 16 31
5003 3 16 25
5318 3 16 20
1966 3 16 13
4843 3 16 7
3782 3 16 1
1112 3 17 91
2323 3 17 85
2321 3 17 78
2725 3 17 72
5183 3 17 67
2808 3 17 62
831 3 17 56
3895 3 17 51
5513 3 17 46
5776 3 17 41
3581 3 17 34
3032 3 17 27
5206 3 17 19
4880 3 17 13
4218 3 17 7
2085 3 17 1
313 3 18 91
1893 3 18 85
2205 3 18 78
1629 3 18 72
4929 3 18 67
2053 3 18 62
5739 3 18 55
2882 3 18 49
187 3 18 44
2096 3 18 37
2423 3 18 31
2762 3 18 25
2839 3 18 20
4605 3 18 12
1739 3 18 7
521 3 18 1
2896 3 19 90
3934 3 19 85
1115 3 19 78
1178 3 19 72
3703 3 19 67
2005 3 19 62
2560 3 19 55
1602 3 19 49
3769 3 19 43
3680 3 19 38
4303 3 19 32
5059 3 19 25
1968 3 19 20
4379 3 19 12
42 3 19 7
283 3 19 1
1689 4 1 90
3304 4 1 85
4323 4 1 77
3249 4 1 72
943 4 1 67
1375 4 1 62
870 4 1 55
1466 4 1 49
1087 4 1 43
1320 4 1 38
4292 4 1 32
4512 4 1 25
717 4 1 20
4313 4 1 12
5695 4 1 6
224 4 3 90
150 4 3 85
3417 4 3 77
161 4 3 72
3011 4 3 66
179 4 3 60
3289 4 3 53
1398 4 3 46
5713 4 3 41
286 4 3 34
1186 4 3 27
4553 4 3 19
4593 4 3 13
2888 4 3 7
5594 4 5 89
5371 4 5 84
950 4 5 79
3754 4 5 73
2714 4 5 68
1501 4 5 61
1162 4 5 54
1845 4 5 48
3098 4 5 42
1143 4 5 37
4934 4 5 30
5384 4 5 24
1707 4 5 19
3076 4 5 13
4766 4 5 6
5257 4 6 89
4692 4 6 84
872 4 6 79
1530 4 6 73
1999 4 6 68
1044 4 6 61
908 4 6 54
1649 4 6 48
2122 4 6 42
5418 4 6 36
3435 4 6 32
4490 4 6 25
5253 4 6 19
3044 4 6 13
3656 4 6 6
930 4 7 89
4171 4 7 84
4244 4 7 78
114 4 7 72
2816 4 7 66
5510 4 7 59
2079 4 7 55
590 4 7 49
671 4 7 43
963 4 7 38
4220 4 7 32
4233 4 7 25
4195 4 7 19
866 4 7 13
3182 4 7 6
4643 4 9 88
738 4 9 82
2204 4 9 75
5043 4 9 68
4630 4 9 60
1775 4 9 53
2 4 9 46
4820 4 9 41
5084 4 9 33
714 4 9 27
3764 4 9 19
203 4 9 13
3035 4 9 6
4021 4 11 88
5499 4 11 81
175 4 11 75
2929 4 11 68
3482 4 11 60
914 4 11 53
3033 4 11 45
4908 4 11 39
976 4 11 33
703 4 11 27
3707 4 11 19
5765 4 11 12
5581 4 11 6
808 4 13 88
5458 4 13 81
5329 4 13 74
4250 4 13 69
3238 4 13 61
200 4 13 54
1093 4 13 48
904 4 13 42
3913 4 13 36
2419 4 13 32
2906 4 13 25
3514 4 13 19
5077 4 13 12
5432 4 13 6
1385 4 14 87
2182 4 14 81
4109 4 14 74
1328 4 14 69
1801 4 14 61
83 4 14 54
1715 4 14 47
68 4 14 41
3599 4 14 33
493 4 14 27
3047 4 14 19
3424 4 14 12
3571 4 14 6
2840 5 1 86
3966 5 1 79
686 5 1 73
572 5 1 68
2727 5 1 60
895 5 1 53
718 5 1 45
4258 5 1 39
4849 5 1 32
2496 5 1 25
2825 5 1 19
2489 5 1 12
4231 5 1 5
2731 5 3 85
1277 5 3 77
2281 5 3 71
2351 5 3 65
5157 5 3 59
453 5 3 55
5064 5 3 48
882 5 3 42
1795 5 3 36
5438 5 3 31
1005 5 3 25
1400 5 3 19
2199 5 3 12
978 5 3 5
4777 5 7 84
3990 5 7 78
4043 5 7 71
1895 5 7 65
5083 5 7 59
5624 5 7 54
974 5 7 47
4673 5 7 40
5200 5 7 34
3235 5 7 26
999 5 7 20
2266 5 7 12
583 5 7 5
4403 5 9 82
362 5 9 75
1818 5 9 68
1376 5 9 60
241 5 9 53
350 5 9 45
4081 5 9 39
3761 5 9 32
2034 5 9 25
483 5 9 19
1902 5 9 12
242 5 9 5
1513 5 11 80
877 5 11 75
1296 5 11 68
1122 5 11 60
5492 5 11 52
4902 5 11 46
2810 5 11 41
2655 5 11 33
5676 5 11 26
5572 5 11 19
5074 5 11 10
1209 5 11 4
804 5 13 80
4994 5 13 74
846 5 13 69
532 5 13 61
4885 5 13 53
62 5 13 45
3652 5 13 39
3080 5 13 32
1807 5 13 25
373 5 13 19
3369 5 13 10
1081 5 13 4
623 5 15 75
1167 5 15 68
5555 5 15 59
5178 5 15 54
163 5 15 47
4358 5 15 40
4827 5 15 34
3135 5 15 26
4993 5 15 19
3315 5 15 10
1029 5 15 4
3997 5 16 74
5524 5 16 68
5198 5 16 59
774 5 16 54
5358 5 16 46
1433 5 16 41
2233 5 16 33
5152 5 16 26
4860 5 16 19
2971 5 16 10
5491 5 16 3
723 5 17 71
1780 5 17 65
4116 5 17 59
764 5 17 54
5008 5 17 46
824 5 17 41
1647 5 17 33
4550 5 17 26
4617 5 17 19
2822 5 17 10
5249 5 17 3
5348 5 18 63
3200 5 18 56
5205 5 18 50
4678 5 18 43
4364 5 18 37
3642 5 18 30
3179 5 18 24
1680 5 18 19
2264 5 18 10
3908 5 18 3
2790 5 19 63
2683 5 19 56
4261 5 19 50
4264 5 19 43
4210 5 19 37
1364 5 19 30
4651 5 19 23
5596 5 19 16
4054 5 19 9
4427 5 19 1
1897 6 1 61
4729 6 1 53
3504 6 1 44
1136 6 1 37
5129 6 1 29
2769 6 1 23
3567 6 1 16
3968 6 1 9
1141 6 1 1
2747 6 3 28
4089 6 3 21
4305 6 3 15
746 6 3 10
1702 6 3 3
4136 6 5 97
4973 6 5 92
257 6 5 87
876 6 5 81
2869 6 5 74
5434 6 5 68
3848 6 5 59
677 6 5 54
4968 6 5 46
228 6 5 41
1502 6 5 33
4180 6 5 26
3962 6 5 19
1697 6 5 10
892 6 5 3
2855 6 6 97
3834 6 6 92
5226 6 6 86
1448 6 6 79
490 6 6 73
4066 6 6 67
5693 6 6 61
3801 6 6 53
3503 6 6 44
5315 6 6 36
5026 6 6 31
3965 6 6 24
635 6 6 19
1034 6 6 10
5070 6 6 2
4629 6 7 96
2821 6 7 90
2830 6 7 84
3205 6 7 78
3074 6 7 71
1509 6 7 65
3844 6 7 59
4903 6 7 53
3245 6 7 44
5004 6 7 36
4415 6 7 31
3535 6 7 24
1483 6 7 18
5777 6 7 12
4590 6 7 4
4014 6 9 96
477 6 9 90
2486 6 9 84
2713 6 9 78
1759 6 9 71
1295 6 9 65
499 6 9 59
4785 6 9 53
1369 6 9 44
1374 6 9 36
4320 6 9 31
2328 6 9 24
839 6 9 18
3803 6 9 12
4278 6 9 4
678 6 11 96
4854 6 11 89
3488 6 11 84
1346 6 11 78
1718 6 11 71
37 6 11 65
5400 6 11 58
1980 6 11 51
3447 6 11 46
3983 6 11 40
4640 6 11 34
2511 6 11 26
3842 6 11 19
4423 6 11 9
69 6 11 1
1549 6 13 95
5001 6 13 90
2050 6 13 84
1313 6 13 78
932 6 13 71
4162 6 13 64
4920 6 13 60
5333 6 13 52
4431 6 13 46
2008 6 13 40
4290 6 13 34
1824 6 13 26
3657 6 13 19
3888 6 13 9
5480 6 13 2
1510 6 15 95
3007 6 15 90
3619 6 15 83
3368 6 15 78
353 6 15 71
3332 6 15 64
1862 6 15 60
4575 6 15 52
4154 6 15 46
182 6 15 40
2271 6 15 34
1694 6 15 26
3532 6 15 19
3783 6 15 9
5213 6 15 2
1273 6 16 95
2410 6 16 90
3456 6 16 83
2355 6 16 78
3391 6 16 70
2456 6 16 62
5055 6 16 54
3541 6 16 46
4714 6 16 39
1553 6 16 32
1725 6 16 25
5563 6 16 18
2512 6 16 12
3092 6 16 4
1208 6 17 95
462 6 17 90
3295 6 17 83
1423 6 17 78
2692 6 17 70
2381 6 17 62
3421 6 17 54
3213 6 17 46
4000 6 17 39
5560 6 17 31
2263 6 17 24
4297 6 17 17
3861 6 17 10
3264 6 17 2
1042 6 18 95
190 6 18 90
2981 6 18 83
410 6 18 78
1606 6 18 70
1103 6 18 62
2678 6 18 54
2964 6 18 46
2545 6 18 39
1717 6 18 31
2010 6 18 24
3377 6 18 17
2659 6 18 10
2898 6 18 2
820 6 19 95
1911 6 19 89
2343 6 19 84
1125 6 19 78
906 6 19 70
374 6 19 62
2383 6 19 54
2286 6 19 46
1810 6 19 39
1665 6 19 31
1422 6 19 24
2499 6 19 17
2298 6 19 10
2269 6 19 2
675 7 1 95
1886 7 1 89
849 7 1 84
529 7 1 78
5759 7 1 69
3671 7 1 60
3351 7 1 52
1670 7 1 46
1765 7 1 39
1311 7 1 31
244 7 1 24
1442 7 1 17
1793 7 1 10
2157 7 1 2
5029 7 3 94
2464 7 3 88
5216 7 3 81
912 7 3 74
3802 7 3 68
3215 7 3 58
154 7 3 51
3176 7 3 46
817 7 3 39
687 7 3 31
5336 7 3 23
1696 7 3 16
3915 7 3 9
4756 7 3 2
264 7 5 94
2295 7 5 88
5139 7 5 81
5785 7 5 73
3837 7 5 67
4425 7 5 61
5116 7 5 52
9 7 5 46
262 7 5 39
258 7 5 31
4029 7 5 23
1465 7 5 16
3119 7 5 9
3121 7 5 2
5559 7 6 93
2072 7 6 86
3639 7 6 78
4826 7 6 69
351 7 6 60
2333 7 6 52
4020 7 6 45
3319 7 6 39
5408 7 6 30
1353 7 6 23
231 7 6 16
2798 7 6 9
2487 7 6 2
4592 7 7 93
270 7 7 86
3600 7 7 78
4049 7 7 69
2952 7 7 59
3097 7 7 53
5191 7 7 43
3490 7 7 37
2968 7 7 29
1633 7 7 23
5245 7 7 15
3607 7 7 9
440 7 7 2
4429 7 9 93
153 7 9 86
3358 7 9 78
1627 7 9 69
2909 7 9 59
2534 7 9 53
3780 7 9 43
3286 7 9 37
101 7 9 29
1548 7 9 23
4649 7 9 15
2556 7 9 9
5457 7 9 1
3487 7 11 93
4594 7 11 85
5233 7 11 76
142 7 11 70
4809 7 11 61
4761 7 11 52
3405 7 11 45
3117 7 11 39
4165 7 11 30
5085 7 11 22
2483 7 11 16
2399 7 11 9
4100 7 11 1
2910 7 13 93
3419 7 13 85
3078 7 13 76
4897 7 13 69
749 7 13 59
4818 7 13 52
3352 7 13 45
1769 7 13 39
3457 7 13 30
5078 7 13 22
2228 7 13 16
2336 7 13 9
1918 7 13 1
1579 7 15 93
2794 7 15 85
2248 7 15 76
4565 7 15 69
728 7 15 59
4523 7 15 52
3341 7 15 45
1668 7 15 39
2635 7 15 30
4269 7 15 22
1294 7 15 16
2243 7 15 9
1477 8 17 93
2791 8 17 85
1732 8 17 76
4127 8 17 69
220 8 17 59
4061 8 17 52
2044 8 17 45
1666 8 17 39
1145 8 17 30
2868 8 17 22
585 8 17 16
1898 8 17 9
580 8 18 93
1848 8 18 85
1565 8 18 76
4374 8 18 68
783 8 18 58
5302 8 18 50
3929 8 18 43
1312 8 18 37
4402 8 18 28
3833 8 18 21
4157 8 18 15
1930 8 18 9
3420 8 19 92
3759 8 19 86
2557 8 19 78
632 8 19 69
5528 8 19 57
117 8 19 53
3601 8 19 43
1158 8 19 37
2829 8 19 28
1378 8 19 21
2162 8 19 15
1590 8 19 9
1866 9 0 92
3006 9 0 86
2416 9 0 78
4123 9 0 68
184 9 0 58
3296 9 0 50
2851 9 0 43
4492 9 0 36
3110 9 0 31
3397 9 0 23
3069 9 0 15
5527 9 0 8
1202 9 1 92
2359 9 1 86
1544 9 1 78
2223 9 1 68
5355 9 1 57
2719 9 1 52
4767 9 1 44
1221 9 1 36
2811 9 1 31
2203 9 1 23
260 9 1 15
4085 9 1 8
1051 9 2 92
4596 9 2 85
5530 9 2 75
657 9 2 68
1700 9 2 57
4263 9 2 51
958 9 2 46
247 9 2 39
2922 9 2 29
4874 9 2 22
21 9 2 16
1342 9 2 9
1916 9 3 91
1461 9 3 85
5000 9 3 75
360 9 3 68
4665 9 3 56
4114 9 3 50
1774 9 3 43
4376 9 3 36
2332 9 3 31
2060 9 3 23
4957 9 3 14
3683 9 3 8
1830 9 4 91
660 9 4 85
3498 9 4 75
355 9 4 68
387 9 4 56
3256 9 4 50
1601 9 4 43
4205 9 4 36
4207 9 4 30
2319 9 4 22
5664 9 4 15
2639 9 4 8
5692 9 5 90
2596 9 5 83
5567 9 5 77
147 9 5 71
2751 9 5 64
4591 9 5 59
3526 9 5 52
4094 9 5 44
540 9 5 36
3218 9 5 30
874 9 5 22
4982 9 5 15
1782 9 5 8
5275 9 6 90
1580 9 6 83
2253 9 6 77
4147 9 6 70
4504 9 6 61
4156 9 6 52
3502 9 6 44
4841 9 6 35
885 9 6 29
4627 9 6 22
3477 9 6 15
86 9 6 8
3108 9 7 90
4881 9 7 82
4122 9 7 74
3755 9 7 68
5201 9 7 55
4482 9 7 48
735 9 7 42
508 9 7 36
2904 9 7 30
423 9 7 22
3465 9 7 15
4836 9 7 7
2363 9 8 90
4416 9 8 82
250 9 8 74
1386 9 8 68
1239 9 8 54
1952 9 8 46
5185 9 8 38
3778 9 8 32
968 9 8 25
5502 9 8 18
1195 9 8 12
656 9 8 4
448 9 9 90
3743 9 9 82
1371 9 9 73
1720 9 9 67
3942 9 9 61
5590 9 9 51
685 9 9 46
4845 9 9 38
3662 9 9 32
3500 9 9 24
1355 9 9 17
1535 9 9 10
5503 9 9 1
58 9 10 90
3550 9 10 82
460 9 10 73
1534 9 10 67
3412 9 10 61
4005 9 10 51
589 9 10 46
1623 9 10 38
937 9 10 32
2908 9 10 24
1098 9 10 17
502 9 10 10
4975 9 10 1
5379 9 15 89
789 9 15 84
479 9 15 78
2183 9 15 68
5690 9 15 53
2815 9 15 43
4130 9 15 36
81 9 15 30
2958 9 15 21
5783 9 15 14
3282 9 15 8
625 10 10 89
5684 10 10 83
4905 10 10 76
4321 10 10 68
3576 10 10 53
2306 10 10 43
2129 10 10 36
5541 10 10 29
3723 10 10 22
3448 10 10 15
4679 10 10 7
2771 10 11 88
3610 10 11 81
4135 10 11 73
369 10 11 67
1932 10 11 61
3334 10 11 51
4633 10 11 45
208 10 11 39
1637 10 11 29
3269 10 11 22
2440 10 11 15
3863 10 11 7
1490 10 12 88
1645 10 12 81
4119 10 12 73
25 10 12 67
1792 10 12 61
3055 10 12 51
3106 10 12 45
5749 10 12 38
1754 10 12 31
1536 10 12 23
4289 10 12 14
637 10 12 8
1003 10 13 88
5119 10 13 80
3812 10 13 74
985 10 13 68
2091 10 13 52
2531 10 13 44
3960 10 13 35
857 10 13 29
3088 10 13 22
5705 10 13 14
509 10 13 8
725 10 15 88
4778 10 15 80
2598 10 15 74
597 10 15 68
2509 10 15 51
3491 10 15 44
2331 10 15 35
4935 10 15 28
850 10 15 21
5780 10 15 14
2172 10 15 7
3406 10 16 87
5440 10 16 80
2413 10 16 74
3422 10 16 67
4124 10 16 60
2292 10 16 52
1955 10 16 44
2009 10 16 35
4411 10 16 28
307 10 16 21
5647 10 16 14
1814 10 16 7
2658 10 17 87
3901 10 17 80
5707 10 17 73
3042 10 17 66
4503 10 17 59
4438 10 17 51
5194 10 17 43
1703 10 17 36
4396 10 17 29
679 10 17 22
4925 10 17 14
1628 10 17 7
2176 10 18 87
2548 10 18 80
4247 10 18 73
2588 10 18 66
4375 10 18 59
3219 10 18 51
1235 10 18 43
1473 10 18 36
3900 10 18 29
5326 10 18 21
5177 10 18 14
91 10 18 7
1097 10 19 87
896 10 19 80
4203 10 19 73
4693 10 19 65
4087 10 19 58
2864 10 19 50
1503 10 19 43
4873 10 19 35
3530 10 19 28
214 10 19 21
2937 10 19 14
5310 10 19 6
935 11 0 87
694 11 0 80
3252 11 0 73
4460 11 0 65
1229 11 0 58
1424 11 0 50
5134 11 0 42
432 11 0 36
1969 11 0 29
5137 11 0 21
395 11 0 14
4996 11 0 6
918 11 1 87
642 11 1 80
2278 11 1 73
3534 11 1 65
5623 11 1 57
3259 11 1 51
4198 11 1 42
29 11 1 36
845 11 1 29
4188 11 1 21
5592 11 1 13
1664 11 1 6
469 11 2 87
293 11 2 80
4911 11 2 72
2481 11 2 66
3613 11 2 59
3173 11 2 51
4450 11 2 41
802 11 2 33
3268 11 2 26
3520 11 2 19
3225 11 2 9
5399 11 3 86
1018 11 3 78
2168 11 3 68
5791 11 3 50
5132 11 3 42
4727 11 3 35
2564 11 3 28
5381 11 3 20
2188 11 3 12
272 11 3 4
1164 11 4 86
775 11 4 78
1521 11 4 68
4076 11 4 50
3527 11 4 42
4050 11 4 35
5753 11 4 27
2362 11 4 19
2912 11 4 9
4583 11 6 85
1851 11 6 75
4886 11 6 67
4121 11 6 59
2614 11 6 51
3896 11 6 41
5049 11 6 32
2582 11 6 24
990 11 6 17
427 11 6 10
4866 11 6 1
3623 11 7 85
304 11 7 75
4736 11 7 67
4044 11 7 59
441 11 7 51
3426 11 7 41
4948 11 7 32
1634 11 7 24
4493 11 7 16
5729 11 7 8
2847 11 8 84
5470 11 8 77
3953 11 8 70
455 11 8 61
2083 11 8 51
2593 11 8 41
2148 11 8 32
1001 11 8 24
3211 11 8 16
5724 11 8 8
5644 11 16 82
5723 11 16 72
1803 11 16 66
1427 11 16 59
5435 11 16 50
2462 11 16 42
2578 11 16 35
4931 11 16 27
565 11 16 19
2601 11 16 9
3553 11 17 81
3171 11 17 73
1943 11 17 65
5396 11 17 57
2767 11 17 51
2563 11 17 41
1417 11 17 32
495 11 17 24
3136 11 17 16
2957 11 17 8
2022 11 18 81
3051 11 18 73
1176 11 18 65
4990 11 18 57
2477 11 18 51
2476 11 18 41
844 11 18 32
3134 11 18 23
4216 11 18 14
4709 11 18 6
4447 11 19 80
2431 11 19 72
1405 11 19 66
909 11 19 59
3004 11 19 50
1199 11 19 42
2324 11 19 35
2536 11 19 27
77 11 19 19
2350 11 19 9
5655 12 0 79
2634 12 0 72
1225 12 0 66
4861 12 0 58
570 12 0 50
1117 12 0 42
533 12 0 35
5523 12 0 26
456 12 0 19
2231 12 0 9
3622 12 1 79
2457 12 1 72
793 12 1 66
4236 12 1 58
3446 12 1 49
606 12 1 43
4219 12 1 35
4741 12 1 26
2707 12 1 18
880 12 1 12
4084 12 1 3
5505 12 2 78
4797 12 2 67
3994 12 2 59
2553 12 2 50
504 12 2 42
5357 12 2 34
1596 12 2 26
1165 12 2 18
206 12 2 12
1344 12 2 3
3611 12 3 78
2728 12 3 67
2232 12 3 59
1874 12 3 50
2828 12 3 41
183 12 3 32
769 12 3 23
4012 12 3 14
2164 12 3 6
3615 12 4 76
3395 12 4 68
5305 12 4 49
5131 12 4 42
5060 12 4 34
1138 12 4 26
5635 12 4 17
5345 12 4 9
1456 12 6 75
3986 12 6 67
1155 12 6 59
1495 12 6 50
435 12 6 41
772 12 6 31
5578 12 6 22
4621 12 6 14
1431 12 6 6
3312 12 10 72
5462 12 10 65
4888 12 10 57
2314 12 10 51
4106 12 10 40
1481 12 10 34
4698 12 10 25
3675 12 10 18
4780 12 10 11
3884 12 10 6
1218 12 12 69
4932 12 12 57
1896 12 12 51
1614 12 12 40
954 12 12 34
4687 12 12 25
3141 12 12 18
4699 12 12 11
3646 12 12 6
397 12 13 65
3279 12 13 57
913 12 13 51
5427 12 13 39
659 12 13 29
3981 12 13 21
5021 12 13 13
393 12 13 6
4240 12 14 57
5656 12 14 50
4346 12 14 40
5184 12 14 33
3072 12 14 26
5573 12 14 17
2857 12 14 9
4804 13 4 31
5383 13 4 22
3209 13 4 14
991 13 4 6
5351 13 6 96
2280 13 6 89
4164 13 6 83
4252 13 6 76
1421 13 6 68
5439 13 6 48
93 13 6 42
3640 13 6 34
4572 13 6 25
2715 13 6 18
1788 13 6 11
3253 13 6 6
5789 13 8 95
3867 13 8 88
4725 13 8 80
2397 13 8 72
5385 13 8 65
3206 13 8 57
4480 13 8 50
2048 13 8 40
4398 13 8 33
2985 13 8 26
1285 13 8 17
240 13 8 9
3771 13 9 95
2938 13 9 88
4689 13 9 80
4360 13 9 71
2398 13 9 64
5529 13 9 58
2941 13 9 49
4385 13 9 42
1772 13 9 34
4341 13 9 25
2146 13 9 18
1337 13 9 11
1662 13 9 6
2924 13 10 95
2185 13 10 88
3018 13 10 80
4213 13 10 71
1275 13 10 64
3762 13 10 58
1972 13 10 49
2453 13 10 41
4850 13 10 30
1907 13 10 21
4485 13 10 13
357 13 10 6
2479 13 14 95
1249 13 14 88
2073 13 14 80
1348 13 14 71
1213 13 14 64
1815 13 14 58
1102 13 14 49
1300 13 14 41
4389 13 14 30
1120 13 14 21
2722 13 14 13
5772 13 14 5
5461 13 15 94
1953 13 15 88
4566 13 15 79
1684 13 15 72
3508 13 15 65
2897 13 15 57
2592 13 15 50
2011 13 15 40
2289 13 15 33
2369 13 15 26
4672 13 15 16
1033 13 15 8
5460 13 16 94
1875 13 16 88
3113 13 16 79
3310 13 16 71
4334 13 16 63
951 13 16 56
1888 13 16 50
1134 13 16 40
1984 13 16 33
1452 13 16 26
4181 13 16 16
644 13 16 8
2382 13 17 94
1341 13 17 88
4783 13 17 78
2171 13 17 67
715 13 17 59
4467 13 17 49
408 13 17 41
1327 13 17 30
1011 13 17 21
5225 13 17 12
1219 13 17 3
5231 13 18 93
1055 13 18 85
5715 13 18 74
2376 13 18 67
265 13 18 59
2492 13 18 49
2999 13 18 40
4228 13 18 32
5744 13 18 22
2529 13 18 14
3556 13 18 5
3787 13 19 93
961 13 19 85
5426 13 19 74
634 13 19 67
97 13 19 59
2996 13 19 48
2414 13 19 41
473 13 19 30
108 13 19 21
2235 13 19 12
5617 13 19 2
3711 14 0 93
5394 14 0 84
5040 14 0 77
3892 14 0 70
4728 14 0 60
673 14 0 52
1768 14 0 44
128 14 0 35
1691 14 0 26
3924 14 0 16
3665 14 0 7
3381 14 1 93
5282 14 1 84
3874 14 1 77
3020 14 1 70
4607 14 1 60
665 14 1 52
1568 14 1 44
1049 14 1 33
1324 14 1 26
3425 14 1 16
1412 14 1 7
3375 14 2 93
3153 14 2 84
2758 14 2 77
1784 14 2 70
2970 14 2 60
542 14 2 52
1012 14 2 44
3835 14 2 32
5678 14 2 22
2187 14 2 14
2890 14 2 5
3340 14 4 93
1873 14 4 84
1728 14 4 77
1013 14 4 70
2159 14 4 60
1528 14 4 51
215 14 4 39
5138 14 4 28
4471 14 4 20
2144 14 4 12
5051 14 4 2
1080 14 6 93
1478 14 6 84
1512 14 6 77
5475 14 6 69
4234 14 6 57
4488 14 6 49
1910 14 6 40
5477 14 6 31
5382 14 6 21
1114 14 6 12
4813 14 6 2
5266 14 8 92
3828 14 8 85
1428 14 8 74
547 14 8 67
3612 14 8 58
5401 14 8 48
2047 14 8 41
5487 14 8 29
2356 14 8 21
3198 14 8 11
5584 14 8 5
1682 14 9 92
3221 14 9 85
938 14 9 74
4808 14 9 66
2795 14 9 58
4110 14 9 48
1282 14 9 41
5412 14 9 29
2240 14 9 21
3021 14 9 11
4133 14 9 5
970 14 10 92
3045 14 10 85
5757 14 10 73
1065 14 10 65
2711 14 10 57
2849 14 10 49
959 14 10 40
5416 14 10 31
2454 14 10 21
1589 14 10 11
3157 14 10 5
3486 14 12 91
326 14 12 85
5522 14 12 73
884 14 12 65
2408 14 12 57
2035 14 12 49
784 14 12 39
4454 14 12 28
3440 14 12 20
2093 14 12 12
4670 14 12 2
3429 14 16 91
5606 14 16 84
1149 14 16 77
1834 14 16 69
3663 14 16 57
1201 14 16 49
5653 14 16 38
1556 14 16 31
4351 14 16 20
1323 14 16 12
3708 14 16 2
3233 14 17 91
5212 14 17 84
865 14 17 77
1748 14 17 69
2256 14 17 57
5450 14 17 48
5509 14 17 40
2879 14 17 31
3818 14 17 20
1154 14 17 12
1693 14 17 2
2612 14 18 91
5086 14 18 84
4419 14 18 76
1204 14 18 68
4227 14 18 47
3925 14 18 40
2386 14 18 31
3714 14 18 20
814 14 18 12
421 14 18 2
1441 14 19 91
4032 14 19 84
3734 14 19 76
1111 14 19 68
2041 14 19 44
3507 14 19 32
4987 14 19 22
4677 14 19 13
5741 14 19 5
4381 15 0 90
2875 15 0 82
4393 15 0 72
1626 15 0 65
1698 15 0 57
4951 15 0 48
2447 15 0 40
2272 15 0 31
2212 15 0 20
100 15 0 12
4079 15 0 1
4139 15 12 90
2201 15 12 81
1899 15 12 73
4497 15 12 64
297 15 12 58
4095 15 12 48
736 15 12 40
4257 15 12 30
5215 15 12 20
3959 15 12 11
2277 15 12 5
3054 15 14 90
1971 15 14 81
903 15 14 73
3832 15 14 64
4793 15 14 57
3262 15 14 48
4560 15 14 39
762 15 14 28
3927 15 14 19
1215 15 14 9
2605 16 0 90
1959 16 0 81
43 16 0 73
1532 16 0 64
1836 16 0 57
3030 16 0 48
4479 16 0 39
31 16 0 28
3779 16 0 19
682 16 0 9
965 16 2 90
1796 16 2 81
5760 16 2 72
475 16 2 65
1062 16 2 57
2866 16 2 48
405 16 2 39
5681 16 2 27
5554 16 2 18
5612 16 2 10
3736 16 2 1
4071 16 3 89
3797 16 3 83
3772 16 3 76
226 16 3 68
1799 16 3 44
2646 16 3 32
1978 16 3 22
4614 16 3 13
5451 16 3 5
1927 16 4 89
3430 16 4 83
3492 16 4 76
5073 16 4 67
1368 16 4 58
3897 16 4 48
251 16 4 39
5447 16 4 27
4441 16 4 18
4619 16 4 10
3716 16 4 1
5781 16 5 88
2450 16 5 78
848 16 5 67
191 16 5 58
2313 16 5 48
5740 16 5 38
5352 16 5 30
4933 16 5 20
3715 16 5 11
4574 16 5 4
1901 16 6 88
569 16 6 78
217 16 6 67
4179 16 6 57
2778 16 6 48
3809 16 6 38
5224 16 6 30
4152 16 6 20
2207 16 6 11
4456 16 6 4
871 16 7 88
5092 16 7 77
1496 16 7 69
1677 16 7 57
5274 16 7 47
3728 16 7 40
3944 16 7 30
3827 16 7 20
1345 16 7 11
3366 16 7 4
169 16 8 88
4884 16 8 77
3810 16 8 68
576 16 8 37
5539 16 8 27
3910 16 8 18
4541 16 8 10
3342 16 8 1
4361 16 9 87
4799 16 9 79
3293 16 9 71
1024 16 9 63
4754 16 9 55
2823 16 9 48
160 16 9 38
4706 16 9 30
2493 16 9 20
776 16 9 11
2310 16 9 4
862 16 10 87
4516 16 10 79
2900 16 10 71
545 16 10 63
4494 16 10 55
2042 16 10 48
157 16 10 38
3954 16 10 30
2348 16 10 20
5038 16 10 10
1852 16 10 1
3494 16 12 86
536 16 12 78
4795 16 12 66
5597 16 12 57
4499 16 12 47
3575 16 12 40
452 16 12 30
4830 16 12 19
5556 16 12 8
2805 16 14 86
439 16 14 77
3570 16 14 68
4324 16 14 34
4226 16 14 25
1258 16 14 18
3805 16 14 10
406 16 14 1
1859 16 15 86
4863 16 15 76
4755 16 15 67
3564 16 15 57
2365 16 15 47
3208 16 15 40
165 16 15 30
1938 16 15 19
1755 16 15 8
1411 16 16 86
2978 16 16 76
3774 16 16 67
577 16 16 57
1464 16 16 47
727 16 16 40
4612 16 16 29
5171 16 16 20
4277 16 16 10
64 16 16 1
4322 16 17 85
4848 16 17 73
891 16 17 64
1688 16 17 57
1131 16 17 47
595 16 17 40
3350 16 17 29
4974 16 17 20
1872 16 17 10
5482 16 18 84
3670 16 18 76
2671 16 18 67
5392 16 18 56
1555 16 18 50
1091 16 18 40
1889 16 18 29
4211 16 18 20
899 16 18 10
2438 16 19 84
2998 16 19 76
5080 16 19 66
4608 16 19 57
832 16 19 47
544 16 19 40
1582 16 19 29
3830 16 19 20
367 16 19 10
1074 17 0 84
2455 17 0 76
4940 17 0 66
2012 17 0 57
716 17 0 47
5172 17 0 39
4533 17 0 27
2865 17 0 18
3120 17 0 10
120 17 2 84
2393 17 2 76
3471 17 2 66
329 17 2 57
4224 17 2 46
753 17 2 38
2782 17 2 30
560 17 2 19
5186 17 2 7
3145 17 3 83
3396 17 3 76
2213 17 3 66
1085 17 3 56
887 17 3 50
949 17 3 40
1394 17 3 28
3150 17 3 19
2636 17 3 7
1994 17 12 83
2608 17 12 76
2102 17 12 66
2238 17 12 55
1283 17 12 48
5764 17 12 37
4547 17 12 27
2697 17 12 18
2358 17 12 10
5034 17 14 81
5445 17 14 72
5135 17 14 64
993 17 14 57
3116 17 14 46
263 17 14 38
1973 17 14 30
517 17 14 19
2622 17 14 6
4194 17 15 81
4877 17 15 72
3479 17 15 64
3278 17 15 56
5338 17 15 49
5466 17 15 38
375 17 15 30
2852 17 15 18
1762 17 15 10
867 17 16 81
2433 17 16 72
255 17 16 64
2224 17 16 56
4567 17 16 49
2717 17 16 38
271 17 16 30
815 17 16 18
1747 17 16 10
4329 17 17 80
1192 17 17 71
5640 17 17 62
2094 17 17 54
4369 17 17 45
4871 17 17 38
4140 17 17 29
3349 17 17 20
4800 17 17 9
3978 17 18 80
915 17 18 71
5630 17 18 62
312 17 18 54
1211 17 18 45
3645 17 18 38
4027 17 18 29
2617 17 18 20
2591 17 18 9
574 17 19 80
102 17 19 71
4642 17 19 62
20 17 19 54
626 17 19 45
3454 17 19 38
2547 17 19 29
1950 17 19 20
4819 17 19 8
5235 18 0 79
1615 18 0 71
4561 18 0 62
5193 18 0 53
5339 18 0 42
568 18 0 34
5712 18 0 24
3086 18 0 16
1397 18 0 7
4496 18 2 78
2377 18 2 66
1958 18 2 55
4636 18 2 47
4899 18 2 39
3879 18 2 27
1705 18 2 18
177 18 2 10
3194 18 3 75
616 18 3 67
4855 18 3 56
1537 18 3 49
2685 18 3 38
1110 18 3 29
5634 18 3 19
1476 18 3 5
2338 18 5 71
5058 18 5 61
1653 18 5 51
4562 18 5 38
4476 18 5 28
2641 18 5 19
368 18 5 5
5699 18 6 68
498 18 6 18
3933 18 6 9
2260 18 7 68
3455 18 7 56
971 18 7 49
2441 18 7 38
3697 18 7 28
2630 18 7 19
3595 18 7 4
1903 18 8 68
2872 18 8 56
5553 18 8 48
5631 18 8 37
4344 18 8 27
1107 18 8 18
4946 18 8 8
5782 18 9 26
3333 18 9 16
198 18 9 7
2371 18 10 94
690 18 10 88
2125 18 10 77
2105 18 10 68
3232 18 10 55
3247 18 10 47
3533 18 10 39
2756 18 10 27
218 18 10 18
4035 18 10 8
1923 18 12 94
5061 18 12 87
2874 18 12 79
1491 18 12 71
4856 18 12 61
1573 18 12 51
3672 18 12 38
3545 18 12 28
2251 18 12 19
2088 18 12 4
5344 19 0 93
238 19 0 84
1009 19 0 76
1760 19 0 66
4910 19 0 54
3386 19 0 44
2525 19 0 32
451 19 0 22
3280 19 0 13
2170 19 0 5
2741 19 2 93
4893 19 2 83
1179 19 2 76
290 19 2 66
4287 19 2 54
3175 19 2 44
2378 19 2 32
1624 19 2 21
1564 19 2 11
1161 19 2 4
4069 19 3 92
2921 19 3 85
1460 19 3 73
868 19 3 64
2014 19 3 56
2992 19 3 48
4047 19 3 37
3793 19 3 27
5469 19 3 17
4923 19 3 8
581 19 5 92
2597 19 5 85
1150 19 5 73
4196 19 5 63
2561 19 5 55
2965 19 5 47
3353 19 5 39
298 19 5 27
3394 19 5 17
3661 19 5 8
4343 19 6 91
2153 19 6 84
4775 19 6 75
612 19 6 67
2523 19 6 55
1426 19 6 47
3015 19 6 39
4146 19 6 26
1357 19 6 16
1585 19 6 6
1515 19 12 91
5683 19 12 83
1142 19 12 76
282 19 12 66
2807 19 12 54
2842 19 12 44
123 19 12 32
823 19 12 21
5442 19 12 10
587 19 13 91
4999 19 13 83
5708 19 13 75
318 19 13 67
4602 19 13 54
2648 19 13 44
5151 19 13 31
2130 19 13 20
2326 19 13 8
4568 19 14 90
1636 19 14 81
2112 19 14 72
4771 19 14 63
2517 19 14 55
1399 19 14 47
812 19 14 39
1447 19 14 26
4601 19 14 15
3148 19 14 7
4338 19 15 90
335 19 15 81
920 19 15 72
2226 19 15 63
327 19 15 55
926 19 15 47
4569 19 15 38
4217 19 15 27
2837 19 15 17
2229 19 15 8
2308 19 16 90
254 19 16 81
654 19 16 72
1951 19 16 63
4182 19 16 54
1600 19 16 44
3037 19 16 31
562 19 16 20
2184 19 16 8
413 19 17 90
4409 19 17 80
3598 19 17 70
1492 19 17 60
592 19 17 51
3522 19 17 38
3172 19 17 27
2800 19 17 17
111 19 17 8
354 19 18 90
4279 19 18 80
3843 19 18 69
986 19 18 57
3034 19 18 46
5341 19 18 37
3523 19 18 27
2265 19 18 17
5702 19 18 7
5340 19 19 89
3207 19 19 83
4618 19 19 75
4992 19 19 66
4442 19 19 53
5082 19 19 42
3132 19 19 33
60 19 19 26
1763 19 19 15
2845 19 19 7
