12 41 49 15 55 39 
1 53 20 6 24 37 
19 29 45 23 40 27 
34 25 48 44 18 43 
58 28 16 26 31 8 
3 42 14 46 35 36 
22 11 43 54 55 44 
19 4 20 12 21 45 
17 26 10 46 8 15 
39 2 53 33 5 25 
24 7 1 35 34 14 
59 13 30 36 58 48 
53 5 20 46 7 32 
50 6 36 16 18 3 
43 2 12 14 1 54 
38 17 10 40 58 49 
31 41 21 48 8 4 
45 26 34 57 37 15 
49 15 34 58 25 59 
16 8 14 17 3 51 
23 33 57 20 30 42 
13 9 6 7 1 41 
38 43 31 45 19 22 
53 29 32 12 48 46 
37 17 44 0 57 21 
27 33 13 36 42 58 
48 50 11 45 1 14 
39 38 3 7 32 5 
56 16 9 18 41 47 
46 8 53 35 12 22 
33 50 20 17 9 30 
6 43 48 13 7 28 
45 16 39 40 44 56 
21 32 1 11 34 38 
12 0 59 10 8 31 
47 2 29 37 22 46 
50 22 6 31 45 40 
14 0 25 19 3 44 
48 43 2 33 1 51 
7 41 36 38 17 13 
21 24 46 37 11 18 
53 32 39 20 30 52 
10 12 13 21 11 42 
51 15 38 57 16 19 
17 8 53 45 7 36 
18 2 44 30 26 28 
46 29 22 9 40 37 
6 32 56 27 39 54 
57 50 18 5 41 35 
34 40 10 17 31 15 
53 21 13 14 22 23 
52 6 51 3 11 1 
2 46 44 7 28 33 
56 12 25 19 26 42 
50 43 18 29 51 34 
49 12 33 16 8 40 
26 46 17 19 44 21 
55 0 31 45 11 10 
4 20 37 6 15 13 
56 39 5 53 3 7 
