8 40 52 23 29 48 
38 26 25 36 11 31 
24 59 4 33 58 45 
42 54 18 41 37 44 
51 43 9 0 30 53 
50 17 28 19 10 32 
51 18 54 19 4 49 
42 2 31 15 7 48 
47 16 21 22 17 27 
40 36 53 20 59 34 
5 13 6 38 10 37 
45 9 14 25 44 0 
29 36 0 38 24 49 
31 41 9 4 51 39 
6 25 5 44 34 26 
45 19 50 55 21 35 
48 12 33 18 42 54 
40 1 20 22 10 52 
9 21 37 26 20 27 
7 4 55 19 17 46 
51 34 15 18 48 12 
41 40 44 38 50 42 
31 36 30 11 14 28 
45 32 23 53 43 52 
4 42 37 57 25 44 
55 10 27 1 30 20 
31 24 8 18 39 40 
28 34 51 13 16 17 
38 12 5 32 14 11 
45 41 36 35 0 21 
19 21 42 11 50 44 
40 9 12 45 37 39 
47 13 36 30 6 28 
48 32 4 43 7 53 
17 15 33 18 24 3 
56 51 23 27 14 34 
35 54 57 48 42 31 
9 22 41 1 49 52 
27 43 5 15 3 32 
45 7 30 23 40 39 
16 8 11 24 14 38 
51 2 59 33 50 44 
51 34 1 17 13 11 
46 38 49 32 31 39 
24 45 2 37 12 33 
44 6 43 3 52 15 
57 27 8 14 9 50 
35 47 56 10 30 53 
53 4 9 7 56 26 
55 1 17 40 27 47 
50 32 44 49 39 16 
38 42 43 8 30 46 
41 2 13 35 11 28 
12 14 10 23 24 48 
32 54 18 52 17 15 
56 5 38 29 11 44 
39 43 45 40 27 35 
46 28 19 12 1 33 
6 37 3 20 16 34 
42 36 14 51 13 50 
