2359
2065 0 0 99
1551 0 0 97
3042 0 0 93
3230 0 0 90
1063 0 0 87
2684 0 0 85
3122 0 0 82
3496 0 0 78
3133 0 0 75
3306 0 0 71
994 0 0 67
2411 0 0 63
3085 0 0 60
1266 0 0 56
3392 0 0 53
1119 0 0 49
2893 0 0 46
3262 0 0 43
1432 0 0 41
2232 0 0 39
3015 0 0 35
3033 0 0 32
2086 0 0 30
1932 0 0 27
3247 0 0 22
259 0 0 19
2053 0 0 17
1348 0 0 14
2253 0 0 11
1817 0 0 8
1495 0 0 5
56 0 0 2
131 0 1 98
2963 0 1 94
141 0 1 92
1523 0 1 89
2777 0 1 86
2043 0 1 83
3529 0 1 79
1006 0 1 76
2911 0 1 73
2972 0 1 70
1450 0 1 68
1895 0 1 64
2319 0 1 62
2303 0 1 58
2373 0 1 55
1417 0 1 52
568 0 1 49
2505 0 1 46
2181 0 1 41
1896 0 1 36
1611 0 1 32
1470 0 1 29
1373 0 1 26
2421 0 1 23
1717 0 1 19
2713 0 1 15
2130 0 1 12
2565 0 1 8
1276 0 1 5
3259 0 1 1
2976 0 2 97
2513 0 2 93
639 0 2 90
159 0 2 87
2234 0 2 81
1787 0 2 79
2262 0 2 75
3543 0 2 70
1218 0 2 67
2061 0 2 63
2645 0 2 60
240 0 2 56
1996 0 2 51
3359 0 2 48
1170 0 2 42
526 0 2 39
2762 0 2 34
3514 0 2 31
3562 0 2 27
3337 0 2 21
1859 0 2 19
2163 0 2 15
2466 0 2 11
434 0 2 8
1214 0 2 5
1453 0 2 1
3075 0 3 96
1319 0 3 93
2782 0 3 89
1920 0 3 86
828 0 3 83
3278 0 3 78
3121 0 3 74
2868 0 3 71
3156 0 3 66
2915 0 3 62
450 0 3 58
722 0 3 55
809 0 3 52
2243 0 3 48
2235 0 3 41
36 0 3 36
1149 0 3 32
1955 0 3 28
2429 0 3 24
2149 0 3 21
1221 0 3 18
2486 0 3 16
2621 0 3 14
752 0 3 11
3325 0 3 7
1637 0 3 4
3481 0 3 1
2828 0 4 96
3409 0 4 92
1086 0 4 89
2603 0 4 85
1343 0 4 82
3440 0 4 78
1735 0 4 74
377 0 4 71
2837 0 4 66
1672 0 4 62
2896 0 4 56
900 0 4 51
2883 0 4 48
426 0 4 41
3264 0 4 35
1607 0 4 32
2116 0 4 27
2771 0 4 21
2706 0 4 17
2864 0 4 13
302 0 4 10
1325 0 4 8
609 0 4 5
2405 0 5 96
834 0 5 92
1445 0 5 88
3308 0 5 85
1026 0 5 81
1679 0 5 77
234 0 5 74
1564 0 5 70
1224 0 5 65
3128 0 5 61
1655 0 5 58
1062 0 5 54
649 0 5 51
1235 0 5 48
3560 0 5 40
1596 0 5 37
3380 0 5 34
651 0 5 31
1907 0 5 27
2048 0 5 21
1595 0 5 17
1441 0 5 12
1278 0 5 8
2813 0 5 4
2258 0 6 96
3313 0 6 91
508 0 6 89
801 0 6 84
3349 0 6 80
2156 0 6 77
3142 0 6 73
2523 0 6 70
1606 0 6 64
1484 0 6 61
1290 0 6 58
3382 0 6 53
3476 0 6 48
2188 0 6 40
841 0 6 36
2807 0 6 31
3508 0 6 26
826 0 6 23
1426 0 6 19
189 0 6 15
1694 0 6 11
2057 0 6 7
1155 0 6 2
332 0 7 96
2995 0 7 91
2230 0 7 88
3041 0 7 84
393 0 7 80
1480 0 7 76
2017 0 7 73
324 0 7 70
150 0 7 64
969 0 7 60
187 0 7 56
600 0 7 51
3417 0 7 47
1773 0 7 45
1000 0 7 42
2110 0 7 38
529 0 7 35
3205 0 7 31
3213 0 7 26
134 0 7 22
3114 0 7 18
3013 0 7 13
3285 0 7 9
1838 0 7 7
3556 0 7 1
3577 0 8 95
160 0 8 92
2166 0 8 86
958 0 8 82
2564 0 8 78
1314 0 8 74
626 0 8 70
1998 0 8 63
2377 0 8 59
2202 0 8 57
1989 0 8 54
2778 0 8 50
2241 0 8 47
10 0 8 45
1704 0 8 41
2462 0 8 35
553 0 8 31
2117 0 8 26
3363 0 8 21
1759 0 8 16
285 0 8 12
3241 0 8 7
3343 0 8 1
1958 0 9 95
2592 0 9 90
1201 0 9 86
406 0 9 82
3431 0 9 77
2776 0 9 73
2937 0 9 69
2978 0 9 67
420 0 9 63
1379 0 9 59
1239 0 9 57
603 0 9 54
2598 0 9 50
410 0 9 47
2002 0 9 44
3475 0 9 41
2146 0 9 35
3243 0 9 30
1794 0 9 27
1146 0 9 21
1644 0 9 16
2445 0 9 11
932 0 9 7
3046 0 9 1
1520 0 10 95
1651 0 10 90
3179 0 10 85
47 0 10 81
1248 0 10 77
2023 0 10 73
2183 0 10 69
772 0 10 66
3444 0 10 61
2038 0 10 56
3235 0 10 50
1159 0 10 46
2082 0 10 41
1970 0 10 35
2054 0 10 30
1033 0 10 26
3136 0 10 21
627 0 10 16
3498 0 10 10
829 0 10 7
2481 0 10 1
855 0 11 95
2885 0 11 89
742 0 11 84
176 0 11 79
129 0 11 75
2515 0 11 70
1879 0 11 63
2391 0 11 58
1013 0 11 53
1455 0 11 48
712 0 11 40
3575 0 11 35
3323 0 11 29
2111 0 11 25
1430 0 11 23
304 0 11 18
1960 0 11 13
2669 0 11 9
3062 0 11 5
563 0 12 95
1856 0 12 89
661 0 12 84
2966 0 12 78
3414 0 12 73
2719 0 12 67
3519 0 12 62
2022 0 12 56
2477 0 12 49
2099 0 12 46
3594 0 12 40
3330 0 12 34
1113 0 12 30
685 0 12 26
803 0 12 21
1893 0 12 15
691 0 12 11
666 0 12 7
2126 0 12 1
2920 0 13 94
2263 0 13 91
2619 0 13 87
2658 0 13 80
1490 0 13 75
2224 0 13 70
1766 0 13 63
1975 0 13 58
74 0 13 53
1270 0 13 48
3086 0 13 38
146 0 13 35
269 0 13 29
796 0 13 25
686 0 13 22
2361 0 13 18
1045 0 13 13
3415 0 13 8
2732 0 13 4
734 0 14 94
179 0 14 91
2427 0 14 86
758 0 14 81
2974 0 14 76
90 0 14 73
2501 0 14 67
952 0 14 62
2012 0 14 56
1953 0 14 49
1081 0 14 43
3487 0 14 39
975 0 14 34
3503 0 14 29
522 0 14 25
28 0 14 22
3291 0 14 17
2891 0 14 11
33 0 14 7
2056 0 14 1
3572 0 15 93
3137 0 15 88
3151 0 15 83
2605 0 15 78
839 0 15 73
1466 0 15 67
509 0 15 62
1793 0 15 56
1823 0 15 49
104 0 15 42
1085 0 15 38
584 0 15 34
3341 0 15 29
1829 0 15 24
349 0 15 21
865 0 15 14
3385 0 15 10
2833 0 15 6
3558 0 15 2
2739 0 16 93
2236 0 16 88
956 0 16 83
718 0 16 78
1990 0 16 72
34 0 16 70
506 0 16 63
1577 0 16 58
3545 0 16 52
2917 0 16 47
3192 0 16 43
2316 0 16 39
149 0 16 34
3277 0 16 29
1597 0 16 24
3419 0 16 20
3345 0 16 18
315 0 16 13
2314 0 16 8
1274 0 16 4
2364 0 17 93
3170 0 17 87
2207 0 17 80
1739 0 17 74
589 0 17 70
5 0 17 63
1229 0 17 58
2821 0 17 52
2359 0 17 47
2731 0 17 43
184 0 17 39
2558 0 17 33
1332 0 17 30
996 0 17 25
3381 0 17 21
297 0 17 14
1581 0 17 10
42 0 17 6
1307 0 17 2
2355 0 18 93
2716 0 18 87
2161 0 18 80
1414 0 18 74
503 0 18 70
3051 0 18 61
590 0 18 56
1526 0 18 49
1138 0 18 41
307 0 18 35
1535 0 18 28
1980 0 18 24
2835 0 18 20
2015 0 18 17
1340 0 18 11
2758 0 18 6
3449 0 18 1
2073 0 19 93
1902 0 19 87
3480 0 19 79
64 0 19 75
1261 0 19 70
2495 0 19 61
1109 0 19 55
2344 0 19 51
1633 0 19 47
1306 0 19 43
2960 0 19 38
1433 0 19 33
2070 0 19 29
1558 0 19 24
2703 0 19 19
85 0 19 15
934 0 19 10
3437 0 19 5
1701 2 1 92
588 2 1 86
314 2 1 81
1728 2 1 76
2825 2 1 72
3280 2 1 69
2260 2 1 65
595 2 1 61
2199 2 1 54
1710 2 1 50
1150 2 1 46
2775 2 1 40
329 2 1 34
1351 2 1 29
3518 2 1 23
1903 2 1 17
648 2 1 11
2608 2 1 6
1567 2 1 1
1642 2 2 92
3246 2 2 85
2852 2 2 80
2288 2 2 73
3090 2 2 66
1839 2 2 61
1889 2 2 54
1322 2 2 50
2003 2 2 45
107 2 2 41
3191 2 2 34
631 2 2 29
1429 2 2 23
2794 2 2 16
2816 2 2 8
13 2 2 4
1041 2 3 92
3370 2 3 84
1798 2 3 78
167 2 3 72
173 2 3 67
3459 2 3 61
1828 2 3 54
2313 2 3 49
402 2 3 41
2337 2 3 34
130 2 3 29
806 2 3 23
2670 2 3 16
1390 2 3 7
765 2 3 1
533 2 4 92
2676 2 4 84
729 2 4 78
3296 2 4 71
2668 2 4 65
1504 2 4 60
3018 2 4 55
1330 2 4 51
1107 2 4 47
771 2 4 43
2601 2 4 38
111 2 4 33
1965 2 4 28
1935 2 4 24
2575 2 4 19
3334 2 4 14
727 2 4 10
869 2 4 5
346 2 5 92
415 2 5 84
2938 2 5 77
1949 2 5 73
2664 2 5 66
71 2 5 61
759 2 5 54
1458 2 5 49
3257 2 5 40
3039 2 5 33
126 2 5 28
1112 2 5 24
3524 2 5 18
262 2 5 13
3044 2 5 6
779 2 5 1
3303 2 6 91
873 2 6 86
1670 2 6 80
1834 2 6 73
2416 2 6 66
724 2 6 60
2180 2 6 55
3436 2 6 50
721 2 6 45
3412 2 6 40
2924 2 6 33
267 2 6 27
26 2 6 21
2755 2 6 13
2977 2 6 6
394 2 6 1
2352 2 7 91
2327 2 7 85
1684 2 7 79
2237 2 7 74
2293 2 7 69
2627 2 7 64
358 2 7 60
3539 2 7 54
299 2 7 48
2490 2 7 38
3463 2 7 32
1428 2 7 26
3242 2 7 20
3418 2 7 16
1168 2 7 7
2320 2 8 91
2176 2 8 85
789 2 8 78
2942 2 8 71
3120 2 8 64
3223 2 8 59
2216 2 8 55
1874 2 8 50
471 2 8 45
1176 2 8 40
2292 2 8 33
241 2 8 27
3305 2 8 20
3233 2 8 14
216 2 8 10
1494 2 8 4
844 2 9 91
2011 2 9 85
3489 2 9 77
3517 2 9 72
3267 2 9 66
351 2 9 60
3197 2 9 53
2120 2 9 47
3406 2 9 42
3103 2 9 37
1698 2 9 34
1078 2 9 28
2534 2 9 23
947 2 9 16
91 2 9 7
3245 2 10 90
343 2 10 85
901 2 10 77
1805 2 10 72
2872 2 10 66
2577 2 10 59
1489 2 10 55
2853 2 10 49
1448 2 10 40
3394 2 10 32
749 2 10 26
2295 2 10 20
2654 2 10 14
2751 2 10 9
2374 2 10 5
2610 2 11 90
195 2 11 85
83 2 11 77
2297 2 11 71
2983 2 11 64
2949 2 11 59
2278 2 11 54
3031 2 11 47
3063 2 11 42
2715 2 11 37
1570 2 11 33
2946 2 11 26
1211 2 11 20
2164 2 11 14
2439 2 11 9
1831 2 11 5
3117 2 12 89
2357 2 12 83
2673 2 12 77
2152 2 12 71
1743 2 12 64
2631 2 12 59
1219 2 12 54
2443 2 12 47
1359 2 12 42
538 2 12 37
962 2 12 32
2754 2 12 25
3215 2 12 20
1213 2 12 14
2342 2 12 9
1682 2 12 5
1864 2 13 89
2101 2 13 83
1579 2 13 77
1408 2 13 71
531 2 13 64
1614 2 13 59
993 2 13 54
2318 2 13 47
3299 2 13 41
1697 2 13 34
454 2 13 28
1169 2 13 23
250 2 13 16
3441 2 13 6
2987 2 14 88
3590 2 14 82
2981 2 14 77
1383 2 14 71
2721 2 14 63
2940 2 14 57
3087 2 14 53
2006 2 14 47
1819 2 14 41
472 2 14 33
2506 2 14 26
66 2 14 20
3571 2 14 13
1746 2 14 6
1440 2 17 88
2968 2 17 82
2530 2 17 77
2545 2 17 70
1127 2 17 61
1971 2 17 52
1017 2 17 47
1543 2 17 41
2699 2 17 32
2430 2 17 25
287 2 17 20
2246 2 17 12
2873 2 17 7
1878 2 18 87
1663 2 18 79
2050 2 18 74
915 2 18 69
1705 2 18 64
2814 2 18 58
1774 2 18 52
937 2 18 47
738 2 18 41
2620 2 18 32
585 2 18 25
2331 2 18 19
1180 2 18 14
1064 2 18 9
2525 2 18 4
260 2 19 87
333 2 19 79
953 2 19 74
3225 2 19 68
1418 2 19 64
1974 2 19 58
1267 2 19 52
311 2 19 47
625 2 19 41
1650 2 19 32
3249 2 19 24
1563 2 19 18
2329 2 19 12
1103 2 19 7
3281 3 1 86
1631 3 1 80
920 3 1 73
2000 3 1 66
2551 3 1 59
611 3 1 54
1612 3 1 47
1671 3 1 40
3196 3 1 32
3506 3 1 23
3586 3 1 15
2248 3 1 9
2426 3 1 4
2308 3 2 86
2595 3 2 79
944 3 2 74
2219 3 2 68
2933 3 2 63
2379 3 2 57
1147 3 2 53
1788 3 2 47
1114 3 2 40
2090 3 2 32
3088 3 2 23
3443 3 2 15
1950 3 2 9
2072 3 2 4
475 3 11 85
3232 3 11 76
1560 3 11 72
77 3 11 65
1130 3 11 60
836 3 11 53
1360 3 11 47
549 3 11 39
2369 3 11 33
1301 3 11 26
3550 3 11 19
992 3 11 14
2637 3 11 8
3547 3 11 3
2196 3 17 84
2780 3 17 77
2431 3 17 70
214 3 17 61
3162 3 17 51
245 3 17 47
398 3 17 38
2203 3 17 32
2672 3 17 23
2958 3 17 15
1848 3 17 9
2581 3 17 3
3322 3 18 83
1505 3 18 77
1194 3 18 70
929 3 18 60
596 3 18 53
2068 3 18 46
1946 3 18 40
419 3 18 32
2384 3 18 23
2905 3 18 15
586 3 18 9
1820 3 18 3
3534 3 19 81
2865 3 19 75
416 3 19 70
348 3 19 60
391 3 19 53
2052 3 19 46
3089 3 19 39
3188 3 19 32
1401 3 19 23
2433 3 19 15
582 3 19 9
1724 3 19 3
2287 4 1 81
2302 4 1 75
3173 4 1 69
863 4 1 64
3321 4 1 57
3017 4 1 51
1747 4 1 46
1992 4 1 39
3181 4 1 32
272 4 1 23
2335 4 1 15
572 4 1 8
1124 4 1 3
440 4 2 80
3389 4 2 72
3294 4 2 64
2261 4 2 57
2284 4 2 51
3183 4 2 45
3024 4 2 38
1241 4 2 32
89 4 2 23
2112 4 2 15
3395 4 2 7
2206 4 4 76
824 4 4 72
3207 4 4 64
1048 4 4 57
279 4 4 51
1070 4 4 45
2696 4 4 38
3055 4 4 31
1673 4 4 26
2562 4 4 19
2508 4 4 13
3587 4 4 5
1061 4 5 72
2712 4 5 64
3408 4 5 56
354 4 5 49
1204 4 5 40
367 4 5 32
3584 4 5 22
2969 4 5 17
2950 4 5 10
1255 4 5 4
2187 4 6 97
2317 4 6 93
1424 4 6 87
318 4 6 79
783 4 6 74
1620 4 6 68
2876 4 6 63
1969 4 6 57
2579 4 6 50
59 4 6 45
909 4 6 38
2388 4 6 31
1776 4 6 25
1509 4 6 19
1791 4 6 13
653 4 6 5
911 4 8 96
2623 4 8 91
1349 4 8 85
1500 4 8 76
2410 4 8 70
2552 4 8 59
121 4 8 54
1827 4 8 46
1601 4 8 39
1863 4 8 32
1536 4 8 22
897 4 8 17
2574 4 8 10
477 4 8 4
583 4 9 96
1847 4 9 91
974 4 9 85
3420 4 9 75
2210 4 9 69
2390 4 9 63
1538 4 9 57
2189 4 9 50
1641 4 9 44
1910 4 9 41
1200 4 9 32
823 4 9 22
784 4 9 17
2346 4 9 10
413 4 9 4
1126 4 11 95
1460 4 11 89
1263 4 11 83
3066 4 11 76
2019 4 11 70
1189 4 11 59
101 4 11 54
1812 4 11 46
973 4 11 39
487 4 11 32
659 4 11 22
1303 4 11 16
3570 4 11 5
573 4 12 95
2848 4 12 88
546 4 12 82
237 4 12 77
713 4 12 70
2543 4 12 58
1260 4 12 52
2798 4 12 45
3391 4 12 37
2991 4 12 31
919 4 12 25
1097 4 12 19
1294 4 12 13
169 4 12 5
2423 4 13 93
1253 4 13 87
1600 4 13 78
804 4 13 71
2640 4 13 63
1329 4 13 57
1860 4 13 50
87 4 13 43
2138 4 13 38
2326 4 13 30
67 4 13 25
2343 4 13 18
990 4 13 12
999 4 13 7
2031 4 14 93
1190 4 14 87
2366 4 14 77
199 4 14 70
2511 4 14 58
3118 4 14 51
899 4 14 45
2695 4 14 37
1055 4 14 31
281 4 14 25
1139 4 14 18
3520 4 14 11
1956 4 14 6
1801 4 16 93
3593 4 16 86
1918 4 16 79
780 4 16 74
431 4 16 68
679 4 16 63
2478 4 16 56
3500 4 16 48
2045 4 16 38
621 4 16 30
3410 4 16 24
2553 4 16 17
879 4 16 10
62 4 16 4
1753 4 17 93
2336 4 17 86
1296 4 17 79
3509 4 17 73
1464 4 17 66
1324 4 17 59
2757 4 17 53
1930 4 17 46
422 4 17 39
1346 4 17 31
2811 4 17 24
1737 4 17 17
766 4 17 10
3076 4 17 3
1645 5 1 93
2186 5 1 86
1018 5 1 79
2387 5 1 73
1291 5 1 66
172 5 1 59
2708 5 1 53
3327 5 1 45
2651 5 1 37
46 5 1 31
537 5 1 24
1007 5 1 17
1613 5 1 9
1011 5 1 3
921 5 2 93
1899 5 2 86
224 5 2 79
1957 5 2 73
1199 5 2 66
1412 5 2 58
3116 5 2 51
1034 5 2 44
1779 5 2 41
854 5 2 32
2470 5 2 21
3146 5 2 12
305 5 2 7
2418 5 4 92
2800 5 4 83
1264 5 4 76
1978 5 4 70
1760 5 4 58
1080 5 4 51
634 5 4 44
3254 5 4 39
1065 5 4 31
3344 5 4 23
768 5 4 15
2351 5 4 7
2296 5 8 92
2252 5 8 83
1691 5 8 74
145 5 8 68
1231 5 8 62
692 5 8 56
1741 5 8 48
2502 5 8 37
3495 5 8 30
2648 5 8 24
3184 5 8 16
1667 5 8 4
1598 5 9 92
602 5 9 83
1556 5 9 74
2756 5 9 67
2818 5 9 61
2990 5 9 51
556 5 9 44
3149 5 9 39
118 5 9 31
3317 5 9 23
3256 5 9 14
2330 5 9 8
2257 5 9 2
1277 5 16 92
2943 5 16 82
2838 5 16 76
1079 5 16 70
1467 5 16 58
268 5 16 51
3260 5 16 43
1413 5 16 38
20 5 16 30
689 5 16 24
3124 5 16 16
680 5 16 4
11 5 17 92
2100 5 17 82
2512 5 17 76
3398 5 17 69
3000 5 17 62
3530 5 17 55
1818 5 17 49
643 5 17 40
174 5 17 32
1285 5 17 20
884 5 17 11
2773 5 17 5
2328 5 19 91
512 5 19 85
3378 5 19 75
1857 5 19 69
2345 5 19 62
1566 5 19 55
704 5 19 49
427 5 19 40
2606 5 19 31
2970 5 19 23
2321 5 19 14
1205 5 19 8
1491 5 19 2
2087 6 1 91
2392 6 1 84
1664 6 1 77
2644 6 1 69
1882 6 1 62
687 6 1 55
3424 6 1 48
2010 6 1 37
3129 6 1 30
3531 6 1 23
1621 6 1 14
1089 6 1 8
1004 6 1 2
2063 6 2 91
3168 6 2 83
805 6 2 74
2078 6 2 67
2041 6 2 61
2349 6 2 51
3221 6 2 43
1393 6 2 38
2272 6 2 29
1066 6 2 22
165 6 2 16
3576 6 2 2
1906 6 4 91
3091 6 4 83
3108 6 4 73
379 6 4 66
1524 6 4 57
1725 6 4 50
3190 6 4 42
143 6 4 37
3037 6 4 30
3286 6 4 23
2941 6 4 13
2698 6 4 4
3004 6 5 90
2435 6 5 84
1334 6 5 77
1692 6 5 69
1182 6 5 62
484 6 5 55
1251 6 5 48
423 6 5 37
2332 6 5 30
632 6 5 23
2741 6 5 13
2463 6 5 4
2866 6 6 90
767 6 6 84
1321 6 6 77
3592 6 6 68
51 6 6 62
3320 6 6 52
1742 6 6 45
1053 6 6 37
2217 6 6 30
2979 6 6 22
2406 6 6 15
2300 6 6 7
997 6 8 90
672 6 8 84
960 6 8 77
1659 6 8 68
916 6 8 61
1734 6 8 51
2947 6 8 43
2740 6 8 37
109 6 8 30
2539 6 8 22
2030 6 8 15
3513 6 8 6
3357 6 9 89
669 6 9 83
2469 6 9 73
795 6 9 65
3522 6 9 59
1843 6 9 53
2437 6 9 45
2624 6 9 36
3008 6 9 30
1531 6 9 22
96 6 9 15
2432 6 9 6
3001 6 11 89
338 6 11 83
3275 6 11 72
2702 6 11 64
3145 6 11 56
774 6 11 48
1106 6 11 35
3048 6 11 27
1862 6 11 20
356 6 11 11
2529 6 11 5
2615 6 12 89
75 6 12 83
2639 6 12 72
45 6 12 64
2681 6 12 56
27 6 12 48
197 6 12 35
1769 6 12 27
1654 6 12 20
266 6 12 11
2029 6 12 5
1702 6 14 89
3535 6 14 82
2475 6 14 76
2641 6 14 69
103 6 14 62
2781 6 14 52
2516 6 14 44
1371 6 14 39
2671 6 14 30
1435 6 14 22
2934 6 14 14
813 6 14 8
978 6 14 2
1732 6 16 88
2820 6 16 81
1804 6 16 75
1534 6 16 69
3025 6 16 61
1548 6 16 51
1927 6 16 43
3268 6 16 36
2996 6 16 30
378 6 16 22
2774 6 16 14
3494 6 16 7
1175 6 17 88
345 6 17 81
629 6 17 75
830 6 17 69
2660 6 17 61
1100 6 17 51
857 6 17 43
3135 6 17 36
242 6 17 30
325 6 17 22
2097 6 17 14
163 6 17 7
2113 6 19 86
166 6 19 79
2878 6 19 72
3561 6 19 63
930 6 19 56
566 6 19 47
363 6 19 38
447 6 19 29
2168 6 19 21
2932 6 19 12
3100 6 19 6
527 7 1 86
3164 7 1 78
599 7 1 71
1072 7 1 63
2812 7 1 55
757 7 1 48
1868 7 1 34
2593 7 1 27
1193 7 1 20
19 7 1 11
1963 7 1 5
3377 7 2 85
1625 7 2 75
3430 7 2 68
194 7 2 61
781 7 2 51
278 7 2 43
2892 7 2 36
3061 7 2 29
510 7 2 21
1451 7 2 12
2744 7 2 6
2524 7 4 85
1357 7 4 75
3289 7 4 68
116 7 4 61
578 7 4 51
3552 7 4 42
3568 7 4 36
2229 7 4 29
2198 7 4 20
3371 7 4 10
1584 7 4 3
357 7 5 85
1900 7 5 74
665 7 5 67
581 7 5 61
380 7 5 51
2826 7 5 42
3566 7 5 36
1583 7 5 28
3009 7 5 22
2020 7 5 14
3351 7 5 6
1568 7 9 84
3227 7 9 76
1814 7 9 69
2157 7 9 61
1719 7 9 50
1202 7 9 42
2434 7 9 36
54 7 9 28
3528 7 9 21
831 7 9 12
2526 7 9 5
874 7 12 83
1639 7 12 72
3047 7 12 63
2805 7 12 55
598 7 12 48
1861 7 12 32
2902 7 12 19
1123 7 12 13
1256 7 12 4
618 7 14 82
1699 7 14 76
1372 7 14 69
1443 7 14 61
1262 7 14 49
3189 7 14 39
2249 7 14 30
296 7 14 22
3038 7 14 13
3237 7 14 3
1711 7 19 81
3027 7 19 74
628 7 19 67
375 7 19 61
137 7 19 49
1501 7 19 39
1751 7 19 30
3098 7 19 21
3222 7 19 11
1462 7 19 5
3255 8 1 78
3274 8 1 70
1328 8 1 58
3035 8 1 50
711 8 1 42
414 8 1 36
3125 8 1 27
1164 8 1 20
2760 8 1 10
496 8 1 3
2616 8 2 78
2185 8 2 70
18 8 2 58
1945 8 2 50
3591 8 2 41
579 8 2 32
1527 8 2 18
162 8 2 11
931 8 2 5
570 8 4 77
1405 8 4 68
2457 8 4 60
191 8 4 53
2367 8 4 45
1318 8 4 36
2556 8 4 27
3478 8 4 19
2514 8 4 12
717 8 4 5
2294 8 5 71
882 8 5 63
762 8 5 55
14 8 5 48
676 8 5 32
812 8 5 17
562 8 5 9
3049 8 5 2
1775 8 7 44
565 8 7 39
408 8 7 29
1473 8 7 20
2567 8 7 10
3315 8 7 2
871 8 9 97
1268 8 9 93
716 8 9 86
2951 8 9 78
3511 8 9 69
3073 8 9 60
1539 8 9 52
1929 8 9 44
3579 8 9 38
3548 8 9 28
3311 8 9 21
2904 8 9 11
832 8 9 5
3167 8 10 96
132 8 10 91
923 8 10 83
1519 8 10 72
1067 8 10 63
1197 8 10 54
1576 8 10 46
2591 8 10 38
204 8 10 28
1153 8 10 21
1518 8 10 11
726 8 10 5
2607 8 11 95
2746 8 11 88
3228 8 11 80
3150 8 11 72
3348 8 11 62
2635 8 11 52
1029 8 11 44
2753 8 11 38
2140 8 11 27
2382 8 11 19
2004 8 11 12
3554 8 11 4
2141 8 12 95
1122 8 12 88
2804 8 12 80
1172 8 12 72
1035 8 12 62
1508 8 12 52
3206 8 12 43
2823 8 12 36
1083 8 12 27
1555 8 12 19
1225 8 12 12
3099 8 12 4
3231 8 19 94
2711 8 19 89
2906 8 19 82
1115 8 19 76
1313 8 19 69
3569 8 19 59
390 8 19 53
2324 8 19 45
608 8 19 36
981 8 19 26
2098 8 19 19
530 8 19 12
1833 8 19 4
2441 9 5 94
2546 9 5 89
2496 9 5 82
817 9 5 76
756 9 5 69
753 9 5 59
1370 9 5 52
523 9 5 43
2075 9 5 36
818 9 5 26
1914 9 5 19
3079 9 5 11
205 9 5 5
1594 9 7 94
624 9 7 89
1242 9 7 82
1076 9 7 75
2571 9 7 68
1677 9 7 60
230 9 7 52
1023 9 7 41
2985 9 7 31
2901 9 7 23
1192 9 7 13
2819 9 7 3
775 9 15 94
1762 9 15 88
2371 9 15 80
2725 9 15 71
464 9 15 63
1116 9 15 54
1463 9 15 46
1044 9 15 38
1800 9 15 27
381 9 15 18
1693 9 15 10
3014 9 15 2
2408 9 17 93
1032 9 17 85
3445 9 17 73
607 9 17 65
2275 9 17 59
1295 9 17 52
2822 9 17 40
1366 9 17 31
2691 9 17 23
480 9 17 13
2105 9 17 3
1431 9 19 93
2993 9 19 84
3071 9 19 76
2871 9 19 68
1474 9 19 60
2870 9 19 51
1771 9 19 42
3453 9 19 35
1057 9 19 27
70 9 19 18
906 9 19 10
1841 9 19 2
516 10 0 93
2008 10 0 84
1575 10 0 76
645 10 0 68
739 10 0 60
1488 10 0 51
1198 10 0 42
3435 10 0 35
400 10 0 27
3298 10 0 17
3064 10 0 8
347 10 0 2
306 10 1 93
1687 10 1 84
1352 10 1 76
478 10 1 68
3515 10 1 59
970 10 1 51
939 10 1 42
977 10 1 35
2667 10 1 26
3546 10 1 18
3505 10 1 9
2348 10 1 2
274 10 2 93
1271 10 2 84
3219 10 2 75
902 10 2 68
3433 10 2 59
2687 10 2 48
473 10 2 30
2409 10 2 21
1376 10 2 11
2225 10 2 4
220 10 3 93
740 10 3 84
2925 10 3 75
144 10 3 68
3288 10 3 59
2412 10 3 48
2170 10 3 28
592 10 3 21
3402 10 3 10
1092 10 3 2
97 10 4 93
827 10 4 83
1012 10 4 72
797 10 4 62
1454 10 4 52
782 10 4 40
1040 10 4 31
2301 10 4 23
1132 10 4 12
218 10 4 4
35 10 5 93
641 10 5 83
991 10 5 72
212 10 5 62
501 10 5 52
1994 10 5 39
3472 10 5 28
3477 10 5 20
2736 10 5 9
1375 10 5 2
371 10 7 92
2034 10 7 82
1022 10 7 75
941 10 7 67
2231 10 7 60
1966 10 7 50
2071 10 7 41
2790 10 7 31
73 10 7 23
2642 10 7 11
2160 10 7 4
2018 10 8 91
3271 10 8 82
552 10 8 75
2589 10 8 66
1355 10 8 57
1894 10 8 49
1361 10 8 39
2710 10 8 28
3397 10 8 20
3383 10 8 8
337 10 8 1
1765 10 9 91
2192 10 9 82
2908 10 9 74
12 10 9 67
2074 10 9 60
1599 10 9 48
2064 10 9 28
2806 10 9 20
3369 10 9 8
119 10 10 90
3387 10 10 83
407 10 10 72
2734 10 10 61
3342 10 10 48
1269 10 10 25
1054 10 10 18
2984 10 10 9
1245 10 10 2
3450 10 11 89
1069 10 11 82
550 10 11 74
2929 10 11 66
2548 10 11 56
2363 10 11 46
2448 10 11 37
2939 10 11 29
633 10 11 20
3212 10 11 8
1646 10 12 89
164 10 12 82
430 10 12 74
1389 10 12 66
2076 10 12 56
1338 10 12 46
2428 10 12 37
2350 10 12 29
2907 10 12 19
1187 10 12 11
225 10 12 4
866 10 13 89
2311 10 13 81
2372 10 13 74
1381 10 13 66
1582 10 13 56
211 10 13 46
2921 10 13 36
605 10 13 26
2233 10 13 18
2718 10 13 9
2850 10 13 1
1987 10 14 88
2310 10 14 80
1222 10 14 71
2839 10 14 62
2378 10 14 50
2854 10 14 40
845 10 14 31
2895 10 14 22
2339 10 14 13
1344 10 14 3
3573 10 15 87
2172 10 15 77
499 10 15 68
3107 10 15 59
1871 10 15 48
1117 10 15 24
2560 10 15 16
2770 10 15 2
3030 10 17 87
3384 10 17 76
3565 10 17 66
714 10 17 56
3239 10 17 45
403 10 17 36
2454 10 17 25
1098 10 17 17
2841 10 17 8
2290 11 0 87
2677 11 0 76
3407 11 0 66
681 11 0 54
392 11 0 46
2566 11 0 36
1456 11 0 25
3564 11 0 16
2735 11 0 2
557 11 1 87
3309 11 1 75
1730 11 1 66
2759 11 1 53
3493 11 1 44
1317 11 1 38
1195 11 1 26
2060 11 1 18
1789 11 1 9
2271 11 1 1
2659 11 2 85
1995 11 2 73
2129 11 2 64
497 11 2 56
1885 11 2 45
3479 11 2 35
2312 11 2 26
3056 11 2 17
2555 11 2 8
1502 11 3 84
2062 11 3 75
1653 11 3 66
2204 11 3 53
2055 11 3 44
15 11 3 38
1143 11 3 26
3005 11 3 17
1014 11 3 8
385 11 4 84
3416 11 4 74
2889 11 4 65
2118 11 4 59
1635 11 4 48
3002 11 4 13
702 11 4 3
3295 11 5 83
186 11 5 72
1855 11 5 61
1608 11 5 48
2809 11 5 11
3451 11 5 3
706 11 6 83
93 11 6 72
650 11 6 61
1628 11 6 46
328 11 6 36
1999 11 6 24
2009 11 6 16
1331 11 6 2
65 11 7 83
3012 11 7 69
2162 11 7 58
1541 11 7 50
2682 11 7 40
636 11 7 31
1019 11 7 22
1399 11 7 13
3504 11 7 2
429 11 8 81
2150 11 8 74
2414 11 8 65
3193 11 8 58
1826 11 8 49
898 11 8 39
2622 11 8 28
2662 11 8 20
3058 11 8 8
452 11 9 79
2827 11 9 72
2238 11 9 60
699 11 9 48
292 11 9 38
3003 11 9 25
2765 11 9 16
178 11 9 2
1836 11 17 77
2625 11 17 67
1403 11 17 60
2480 11 17 47
1951 11 17 37
1669 11 17 29
2381 11 17 19
1179 11 17 11
1237 11 17 3
412 11 18 77
2264 11 18 67
183 11 18 60
1886 11 18 47
1634 11 18 37
23 11 18 29
2191 11 18 19
3411 11 18 10
63 11 18 2
3331 11 19 76
2851 11 19 66
1810 11 19 53
1365 11 19 44
3527 11 19 36
1157 11 19 24
861 11 19 16
3595 11 19 1
1217 12 9 74
1840 12 9 65
2276 12 9 58
2897 12 9 48
1468 12 9 37
2578 12 9 28
1479 12 9 20
52 12 9 8
435 12 11 74
982 12 11 65
1206 12 11 58
877 12 11 48
1288 12 11 37
777 12 11 28
980 12 11 20
3525 12 11 7
1043 12 12 73
613 12 12 64
2273 12 12 55
2830 12 12 47
1184 12 12 37
3218 12 12 27
2124 12 12 17
249 12 12 8
2988 12 13 70
2954 12 13 56
1394 12 13 45
3126 12 13 35
2047 12 13 26
2899 12 13 17
3319 12 13 6
1849 12 14 94
591 12 14 88
3335 12 14 79
1503 12 14 72
730 12 14 60
1571 12 14 47
1137 12 14 37
2510 12 14 27
1786 12 14 17
1865 12 14 6
3248 12 15 93
1036 12 15 82
2945 12 15 73
125 12 15 64
1941 12 15 55
502 12 15 47
2697 12 15 36
152 12 15 24
2783 12 15 15
2104 12 15 6
2836 12 17 93
49 12 17 82
1165 12 17 73
2119 12 17 63
940 12 17 54
3251 12 17 45
2532 12 17 35
517 12 17 26
2922 12 17 16
3467 12 17 1
2193 12 18 93
276 12 18 81
1689 12 18 74
256 12 18 65
2928 12 18 57
518 12 18 49
1312 12 18 38
2912 12 18 25
1030 12 18 16
1093 12 18 1
792 12 19 93
2867 12 19 80
310 12 19 71
2358 12 19 62
1778 12 19 50
853 12 19 40
3316 12 19 30
2400 12 19 21
2173 12 19 10
3507 12 19 1
2973 13 0 92
3057 13 0 81
69 13 0 74
3139 13 0 64
1257 13 0 55
3270 13 0 46
3199 13 0 35
1154 13 0 25
3578 13 0 15
1952 13 0 6
2742 13 1 92
2802 13 1 81
3050 13 1 73
3165 13 1 62
2845 13 1 49
1196 13 1 38
1617 13 1 25
2040 13 1 15
1326 13 1 6
840 13 3 92
2509 13 3 81
2051 13 3 73
3053 13 3 62
2485 13 3 49
985 13 3 37
1082 13 3 26
3265 13 3 15
2472 13 3 5
474 13 4 92
1243 13 4 81
1259 13 4 73
1714 13 4 62
2538 13 4 48
2356 13 4 36
2849 13 4 23
2772 13 4 10
1770 13 4 1
3497 13 5 91
1943 13 5 82
1015 13 5 73
1449 13 5 62
1068 13 5 48
815 13 5 36
1905 13 5 23
2585 13 5 10
286 13 5 1
2726 13 6 90
3131 13 6 83
1476 13 6 69
3155 13 6 57
2980 13 6 48
580 13 6 36
3175 13 6 21
1028 13 6 10
60 13 6 1
2398 13 7 90
1790 13 7 83
3428 13 7 68
2493 13 7 59
587 13 7 48
2145 13 7 35
927 13 7 25
1038 13 7 15
2089 13 7 5
760 13 9 90
1648 13 9 83
3458 13 9 67
3092 13 9 59
3244 13 9 47
1074 13 9 35
808 13 9 25
778 13 9 15
1816 13 9 5
2998 13 12 89
842 13 12 81
521 13 12 72
867 13 12 59
1824 13 12 47
710 13 12 35
559 13 12 25
616 13 12 15
3130 13 12 4
2792 13 13 89
2026 13 13 80
2855 13 13 70
1854 13 13 54
2285 13 13 45
2144 13 13 35
3421 13 13 24
2452 13 13 15
1884 13 13 4
1496 14 0 89
2586 14 0 79
123 14 0 72
3516 14 0 58
441 14 0 48
2021 14 0 34
751 14 0 27
1404 14 0 17
2643 14 0 5
2824 14 1 88
2563 14 1 79
3163 14 1 71
1427 14 1 62
1592 14 1 47
1385 14 1 34
364 14 1 27
3462 14 1 16
3393 14 1 1
2521 14 3 88
1709 14 3 79
2536 14 3 71
2464 14 3 61
1554 14 3 46
519 14 3 35
2069 14 3 24
2084 14 3 15
1516 14 3 1
2131 14 4 88
1588 14 4 79
2286 14 4 71
1084 14 4 61
2573 14 4 44
1913 14 4 36
300 14 4 21
3261 14 4 9
2066 14 5 88
2799 14 5 78
2630 14 5 69
3119 14 5 56
409 14 5 45
1727 14 5 35
2032 14 5 24
971 14 5 15
949 14 5 1
1605 14 6 88
2474 14 6 78
1676 14 6 68
2325 14 6 59
2900 14 6 46
113 14 6 35
1678 14 6 23
1973 14 6 10
788 14 7 88
335 14 7 78
907 14 7 67
1832 14 7 59
1750 14 7 46
94 14 7 35
341 14 7 23
1129 14 7 10
32 14 9 88
2602 14 9 77
1565 14 9 66
1419 14 9 52
948 14 9 39
2588 14 9 28
2194 14 9 19
2869 14 9 9
2786 14 10 87
2638 14 10 75
2793 14 10 65
1809 14 10 57
2609 14 10 48
2612 14 10 32
1712 14 10 16
3224 14 10 6
1852 14 12 87
1396 14 12 75
1472 14 12 65
2460 14 12 56
2499 14 12 43
2884 14 12 35
1680 14 12 22
24 14 12 13
2362 14 12 2
1850 14 15 87
938 14 15 75
445 14 15 65
3583 14 15 55
3074 14 15 46
327 14 15 34
2709 14 15 26
984 14 15 15
3195 14 15 6
1660 14 16 87
1591 14 16 74
1780 14 16 64
1748 14 16 54
2197 14 16 45
4 14 16 35
2403 14 16 21
2967 14 16 9
1140 14 17 87
3460 14 17 72
3336 14 17 58
1228 14 17 47
2690 14 17 31
684 14 17 22
2347 14 17 11
3461 14 17 2
657 14 18 87
1087 14 18 72
1626 14 18 58
504 14 18 47
3290 14 18 30
1145 14 18 21
1933 14 18 9
2190 14 19 86
1610 14 19 78
1311 14 19 65
576 14 19 52
3356 14 19 38
3501 14 19 24
1249 14 19 14
1623 14 19 6
2769 15 1 85
312 15 1 73
1420 15 1 62
910 15 1 47
1465 15 1 30
2393 15 1 20
3068 15 1 7
1272 15 12 85
2768 15 12 72
2001 15 12 57
135 15 12 47
936 15 12 30
153 15 12 20
674 15 12 7
494 16 1 85
612 16 1 72
2179 16 1 56
1027 16 1 43
1991 16 1 35
998 16 1 15
3314 16 1 5
488 16 3 85
1674 16 3 71
2989 16 3 60
1099 16 3 46
3198 16 3 33
673 16 3 26
2628 16 3 14
2504 16 3 5
53 16 4 84
2025 16 4 74
453 16 4 62
3177 16 4 46
3010 16 4 32
99 16 4 16
698 16 4 5
3078 16 5 83
196 16 5 67
158 16 5 59
696 16 5 46
1293 16 5 32
336 16 5 15
3032 16 5 4
1021 16 6 81
3217 16 6 71
2304 16 6 60
466 16 6 46
606 16 6 32
1377 16 6 13
1853 16 6 2
1858 16 7 80
2354 16 7 70
614 16 7 53
3166 16 7 43
1166 16 7 35
1104 16 7 14
2936 16 7 4
741 16 8 79
2239 16 8 71
1398 16 8 60
2333 16 8 44
942 16 8 36
2182 16 8 19
1926 16 8 9
2657 16 9 76
2415 16 9 66
3026 16 9 51
732 16 9 42
142 16 9 35
1510 16 9 13
1406 16 9 2
1339 16 12 76
1550 16 12 66
1603 16 12 51
3549 16 12 41
622 16 12 31
3171 16 12 21
1247 16 12 9
1230 16 13 76
500 16 13 66
2450 16 13 50
660 16 13 40
1227 16 13 30
2482 16 13 19
248 16 13 9
1944 16 15 75
2085 16 15 64
239 16 15 54
1919 16 15 45
3355 16 15 34
1160 16 15 26
228 16 15 14
2122 16 15 4
1658 16 16 74
2874 16 16 61
1540 16 16 44
78 16 16 36
1876 16 16 18
1619 16 16 9
1573 16 17 72
106 16 17 56
254 16 17 43
1384 16 17 34
623 16 17 26
959 16 17 13
1121 16 17 2
983 16 18 93
1713 16 18 80
1942 16 18 70
968 16 18 51
1544 16 18 41
2425 16 18 30
1726 16 18 19
2380 16 18 7
693 16 19 93
1675 16 19 79
2107 16 19 71
2961 16 19 59
1758 16 19 45
2306 16 19 34
543 16 19 26
493 16 19 13
222 16 19 2
2531 17 11 92
1238 17 11 81
697 17 11 71
642 17 11 59
38 17 11 44
2808 17 11 35
1761 17 11 11
2518 17 11 2
3123 17 15 91
3375 17 15 81
405 17 15 71
2282 17 15 56
1215 17 15 41
1802 17 15 30
1282 17 15 19
1286 17 15 7
2447 17 16 91
2473 17 16 81
3405 17 16 70
967 17 16 47
755 17 16 30
1185 17 16 19
102 17 16 7
677 17 17 91
1736 17 17 81
2994 17 17 70
418 17 17 42
2256 17 17 34
2088 17 17 25
542 17 17 15
243 17 17 4
2927 17 18 90
1499 17 18 83
1483 17 18 66
1075 17 18 50
2600 17 18 39
1937 17 18 28
1400 17 18 19
3521 17 18 5
2205 17 19 90
646 17 19 83
2419 17 19 65
79 17 19 52
2453 17 19 37
2500 17 19 25
463 17 19 15
3526 17 19 3
1174 18 0 90
1486 18 0 82
1587 18 0 72
1299 18 0 55
2914 18 0 46
235 18 0 32
1111 18 0 13
92 18 0 1
342 18 1 90
3374 18 1 81
2803 18 1 70
2212 18 1 29
1337 18 1 19
2729 18 1 5
1947 18 2 89
1167 18 2 79
1892 18 2 71
3220 18 2 55
2446 18 2 46
2728 18 2 31
1668 18 2 21
3488 18 2 8
1752 18 3 89
270 18 3 79
3367 18 3 70
2953 18 3 24
2859 18 3 13
171 18 3 4
750 18 4 89
2613 18 4 78
2636 18 4 64
868 18 4 52
1446 18 4 35
1703 18 4 11
1869 18 4 2
511 18 5 89
1402 18 5 78
2103 18 5 64
3141 18 5 51
370 18 5 40
943 18 5 30
610 18 5 19
2307 18 5 5
2142 18 6 87
720 18 6 72
1008 18 6 55
1661 18 6 46
2544 18 6 31
725 18 6 21
2095 18 6 8
1547 18 7 87
1924 18 7 71
3209 18 7 54
870 18 7 45
1721 18 7 34
1898 18 7 25
2121 18 7 14
1354 18 7 3
2788 18 8 86
1292 18 8 78
574 18 8 64
459 18 8 51
3 18 8 40
223 18 8 29
707 18 8 18
862 18 8 9
2476 18 9 86
987 18 9 78
29 18 9 63
293 18 9 54
3447 18 9 44
2784 18 9 35
2322 18 9 10
2707 18 11 85
2178 18 11 70
2128 18 11 56
1046 18 11 41
3326 18 11 29
3310 18 11 17
1585 18 11 5
2139 18 13 85
1795 18 13 70
82 18 13 56
301 18 13 41
1815 18 13 29
3097 18 13 17
3211 18 13 4
1993 19 0 85
469 19 0 70
1120 19 0 55
776 19 0 45
449 19 0 34
889 19 0 25
1254 19 0 14
3226 19 0 1
1909 19 11 85
1188 19 11 69
203 19 11 55
170 19 11 45
2213 19 11 33
2498 19 11 25
791 19 11 14
558 19 11 1
1962 19 13 84
1134 19 13 74
1883 19 13 61
313 19 13 42
2042 19 13 34
3077 19 13 24
2169 19 13 13
2646 19 13 3
417 19 14 84
3482 19 14 73
1364 19 14 62
1234 19 14 46
1309 19 14 31
3464 19 14 20
2831 19 14 6
961 19 15 83
2106 19 15 65
1936 19 15 51
3307 19 15 39
3148 19 15 27
995 19 15 16
564 19 15 3
40 19 16 83
3427 19 16 64
2223 19 16 50
594 19 16 39
2456 19 16 27
2167 19 16 13
283 19 16 3
1528 19 17 82
1047 19 17 72
352 19 17 51
849 19 17 39
2338 19 17 27
2723 19 17 12
39 19 17 3
1275 19 18 81
540 19 18 70
2743 19 18 54
2557 19 18 44
2044 19 18 35
1764 19 18 1
3329 19 19 79
68 19 19 70
1444 19 19 54
1059 19 19 43
2590 19 19 33
2686 19 19 24
2127 19 19 13
2368 19 19 2
