2716
2129 0 0 99
131 0 0 96
4929 0 0 92
1282 0 0 89
5094 0 0 85
3876 0 0 82
1281 0 0 79
5580 0 0 76
1392 0 0 74
5490 0 0 72
5592 0 0 69
5915 0 0 66
5220 0 0 63
2689 0 0 59
5143 0 0 56
1324 0 0 53
17 0 0 50
2552 0 0 48
5416 0 0 45
2585 0 0 43
4973 0 0 41
2551 0 0 38
5709 0 0 36
5315 0 0 33
1536 0 0 31
3090 0 0 29
4430 0 0 27
2288 0 0 25
4371 0 0 22
2901 0 0 20
2174 0 0 16
5056 0 0 12
5730 0 0 10
5236 0 0 7
6081 0 0 5
3047 0 0 3
3174 0 1 98
2969 0 1 94
1070 0 1 91
2619 0 1 89
2694 0 1 85
3778 0 1 81
5310 0 1 78
5594 0 1 76
1442 0 1 73
3188 0 1 71
4124 0 1 69
1486 0 1 66
5095 0 1 63
5616 0 1 58
6068 0 1 55
3317 0 1 52
2869 0 1 49
3113 0 1 45
4354 0 1 42
325 0 1 40
5395 0 1 38
5791 0 1 35
1760 0 1 33
5919 0 1 30
3965 0 1 27
6000 0 1 24
1921 0 1 22
3031 0 1 19
3917 0 1 17
385 0 1 13
337 0 1 11
2214 0 1 7
314 0 1 4
4737 0 1 1
2051 0 2 98
5924 0 2 93
4722 0 2 90
5464 0 2 88
2991 0 2 86
2910 0 2 83
6002 0 2 81
4777 0 2 77
5436 0 2 74
2283 0 2 71
4790 0 2 67
5523 0 2 65
5429 0 2 62
184 0 2 60
4759 0 2 56
46 0 2 53
4052 0 2 49
5066 0 2 44
5777 0 2 41
1793 0 2 38
4980 0 2 34
2635 0 2 31
5904 0 2 27
4541 0 2 24
5246 0 2 20
5775 0 2 15
3208 0 2 13
4286 0 2 10
5736 0 2 6
75 0 2 3
1801 0 3 97
1170 0 3 95
3949 0 3 91
4405 0 3 87
2065 0 3 85
3469 0 3 81
4671 0 3 77
2123 0 3 74
1875 0 3 71
1379 0 3 67
4399 0 3 64
3201 0 3 60
4546 0 3 56
2712 0 3 52
858 0 3 49
4949 0 3 44
2411 0 3 41
64 0 3 38
3361 0 3 34
1272 0 3 31
4754 0 3 27
4095 0 3 24
5750 0 3 19
511 0 3 17
4527 0 3 12
5697 0 3 8
1781 0 3 5
2496 0 3 2
5175 0 4 96
5409 0 4 91
2727 0 4 87
88 0 4 85
3077 0 4 81
4567 0 4 77
3456 0 4 73
3977 0 4 70
727 0 4 68
4110 0 4 64
1821 0 4 60
3806 0 4 56
2518 0 4 52
4364 0 4 48
3328 0 4 45
321 0 4 42
4495 0 4 39
5366 0 4 36
5653 0 4 32
4460 0 4 29
1279 0 4 25
668 0 4 21
1413 0 4 18
3097 0 4 16
4709 0 4 12
5208 0 4 8
4036 0 4 4
1380 0 4 1
4295 0 5 96
5013 0 5 91
1703 0 5 87
3775 0 5 84
4966 0 5 81
3867 0 5 77
2912 0 5 73
2006 0 5 70
2876 0 5 67
2819 0 5 64
441 0 5 60
2593 0 5 56
2515 0 5 52
2686 0 5 48
1613 0 5 45
703 0 5 41
316 0 5 37
3757 0 5 34
6048 0 5 30
3349 0 5 27
406 0 5 24
5546 0 5 19
2338 0 5 16
2128 0 5 12
4816 0 5 8
3043 0 5 4
1882 0 6 95
2826 0 6 91
346 0 6 87
3534 0 6 84
4603 0 6 81
2692 0 6 77
5014 0 6 72
2281 0 6 69
6015 0 6 65
5376 0 6 62
56 0 6 59
5488 0 6 55
2685 0 6 52
5713 0 6 47
3674 0 6 44
1893 0 6 40
2862 0 6 37
3438 0 6 33
4337 0 6 30
3057 0 6 27
5995 0 6 23
4518 0 6 21
5163 0 6 17
4511 0 6 12
4131 0 6 8
1904 0 6 4
1407 0 7 95
315 0 7 91
4270 0 7 86
391 0 7 82
1991 0 7 78
5128 0 7 76
5337 0 7 72
5402 0 7 68
2021 0 7 64
103 0 7 60
1857 0 7 56
1373 0 7 52
3905 0 7 47
974 0 7 44
357 0 7 40
5413 0 7 36
2433 0 7 32
1707 0 7 29
5184 0 7 24
4333 0 7 19
4104 0 7 15
168 0 7 13
4992 0 7 8
177 0 7 4
697 0 8 95
5827 0 8 90
5165 0 8 86
4028 0 8 81
936 0 8 77
733 0 8 72
2036 0 8 68
1143 0 8 64
5343 0 8 59
2805 0 8 55
2469 0 8 52
3223 0 8 47
4604 0 8 43
5428 0 8 39
1278 0 8 36
5880 0 8 31
4454 0 8 27
4689 0 8 23
2631 0 8 20
2379 0 8 15
5723 0 8 11
4760 0 8 6
5839 0 8 2
3954 0 9 94
6043 0 9 90
4576 0 9 86
4227 0 9 80
2376 0 9 76
3058 0 9 72
5270 0 9 67
913 0 9 64
3239 0 9 59
4309 0 9 54
52 0 9 50
5729 0 9 47
3851 0 9 43
5311 0 9 39
635 0 9 36
4786 0 9 31
5314 0 9 26
3869 0 9 24
3428 0 9 19
3053 0 9 15
5632 0 9 11
4924 0 9 5
2049 0 9 2
3693 0 10 94
5368 0 10 90
1813 0 10 86
3068 0 10 80
4856 0 10 75
3675 0 10 73
5410 0 10 69
2285 0 10 65
5302 0 10 62
1524 0 10 58
2975 0 10 55
1768 0 10 51
4290 0 10 48
6017 0 10 44
5256 0 10 39
3525 0 10 35
3684 0 10 32
960 0 10 29
4736 0 10 24
2217 0 10 19
4157 0 10 14
4097 0 10 12
1926 0 10 8
674 0 10 3
2396 0 11 94
4142 0 11 90
928 0 11 86
5320 0 11 79
4305 0 11 76
2946 0 11 72
4374 0 11 67
5326 0 11 63
5478 0 11 58
847 0 11 55
5789 0 11 50
3389 0 11 47
3118 0 11 42
3025 0 11 39
3416 0 11 35
1244 0 11 32
474 0 11 29
4177 0 11 24
1334 0 11 19
4145 0 11 14
3540 0 11 12
1427 0 11 8
625 0 11 3
248 0 12 94
4054 0 12 90
3314 0 12 85
1622 0 12 81
4429 0 12 76
2170 0 12 72
2847 0 12 67
3171 0 12 63
4206 0 12 58
4392 0 12 54
5892 0 12 49
3793 0 12 44
4918 0 12 39
3179 0 12 35
4273 0 12 31
5101 0 12 26
4597 0 12 22
4674 0 12 18
3816 0 12 15
5533 0 12 11
3946 0 12 5
5462 0 12 1
7 0 13 94
3418 0 13 90
1830 0 13 85
929 0 13 81
3476 0 13 76
1189 0 13 72
2094 0 13 67
2492 0 13 63
3877 0 13 58
573 0 13 54
2698 0 13 49
2335 0 13 44
4322 0 13 39
2278 0 13 35
3729 0 13 31
4781 0 13 26
3539 0 13 22
4302 0 13 18
1088 0 13 15
3329 0 13 11
2062 0 13 5
2981 0 13 1
5350 0 14 93
4444 0 14 90
1118 0 14 85
5485 0 14 80
1417 0 14 75
805 0 14 72
5639 0 14 66
4522 0 14 63
2770 0 14 58
5893 0 14 53
3204 0 14 49
1993 0 14 44
2645 0 14 39
2268 0 14 35
555 0 14 31
3175 0 14 26
3224 0 14 22
3973 0 14 18
557 0 14 15
2837 0 14 11
1568 0 14 5
2115 0 15 93
5669 0 15 89
2472 0 15 85
3289 0 15 80
53 0 15 75
472 0 15 71
3666 0 15 66
1951 0 15 63
2258 0 15 58
2056 0 15 53
5883 0 15 48
3190 0 15 44
1862 0 15 39
663 0 15 35
484 0 15 31
5743 0 15 25
5740 0 15 20
2119 0 15 15
1850 0 15 11
1499 0 15 5
1974 0 16 93
4532 0 16 89
4123 0 16 84
4960 0 16 80
5198 0 16 74
504 0 16 71
3419 0 16 66
4827 0 16 62
246 0 16 58
794 0 16 53
5253 0 16 48
5799 0 16 43
4643 0 16 39
6046 0 16 34
4332 0 16 30
2889 0 16 27
1321 0 16 23
4971 0 16 19
3406 0 16 14
275 0 16 12
3214 0 16 7
5187 0 16 3
1651 0 17 93
4419 0 17 89
3158 0 17 84
4787 0 17 80
5032 0 17 74
86 0 17 71
2725 0 17 66
3911 0 17 62
1653 0 17 57
1733 0 17 55
4147 0 17 50
1369 0 17 47
1465 0 17 42
2970 0 17 39
5036 0 17 34
4301 0 17 30
3625 0 17 26
2486 0 17 22
2795 0 17 18
3571 0 17 14
2755 0 17 11
1024 0 17 5
4555 0 18 92
4810 0 18 88
5471 0 18 85
5347 0 18 79
2864 0 18 76
427 0 18 72
4375 0 18 66
2596 0 18 62
1603 0 18 57
920 0 18 55
3440 0 18 50
900 0 18 47
736 0 18 42
1579 0 18 39
3672 0 18 34
2858 0 18 30
450 0 18 26
1715 0 18 22
4951 0 18 17
2294 0 18 12
2276 0 18 7
5153 0 18 3
4477 0 19 92
3788 0 19 88
3514 0 19 84
2009 0 19 80
4345 0 19 74
4554 0 19 70
2330 0 19 67
1160 0 19 63
765 0 19 58
717 0 19 53
2995 0 19 48
5199 0 19 43
3207 0 19 39
3110 0 19 34
2422 0 19 30
3286 0 19 25
5265 0 19 20
1966 0 19 15
228 0 19 11
119 0 19 5
4436 2 0 92
1665 2 0 88
2880 2 0 84
1699 2 0 80
3006 2 0 74
3560 2 0 70
5516 2 0 66
1196 2 0 62
1341 2 0 57
2443 2 0 53
2944 2 0 48
4957 2 0 43
6066 2 0 38
3321 2 0 34
4412 2 0 29
2088 2 0 24
5599 2 0 18
1371 2 0 13
3313 2 0 8
4338 2 0 2
3696 2 1 92
6082 2 1 87
188 2 1 84
4851 2 1 79
5940 2 1 75
5497 2 1 70
5433 2 1 66
890 2 1 62
756 2 1 57
3885 2 1 52
5384 2 1 46
4093 2 1 44
5566 2 1 38
2216 2 1 34
2442 2 1 29
197 2 1 24
4243 2 1 18
39 2 1 13
1624 2 1 8
3436 2 1 2
2958 2 2 92
5585 2 2 87
3219 2 2 83
4508 2 2 80
2405 2 2 74
2121 2 2 70
4570 2 2 66
470 2 2 62
5417 2 2 56
1052 2 2 52
3776 2 2 46
100 2 2 43
5226 2 2 38
1472 2 2 34
576 2 2 29
2388 2 2 23
5015 2 2 18
5008 2 2 12
2026 2 2 7
4396 2 2 3
2487 2 4 92
3769 2 4 87
3164 2 4 83
1349 2 4 80
2344 2 4 74
6032 2 4 69
4678 2 4 64
2371 2 4 59
3758 2 4 54
2490 2 4 49
5672 2 4 43
5111 2 4 38
1431 2 4 34
6047 2 4 28
1776 2 4 25
5262 2 4 20
4524 2 4 14
1812 2 4 11
5894 2 4 4
1468 2 8 92
3079 2 8 87
5555 2 8 82
4422 2 8 77
5818 2 8 71
2701 2 8 66
5453 2 8 61
1695 2 8 59
3051 2 8 54
5846 2 8 48
3169 2 8 43
5067 2 8 38
12 2 8 34
5531 2 8 28
4121 2 8 24
3139 2 8 18
5288 2 8 11
5751 2 8 4
948 2 12 92
659 2 12 87
4314 2 12 82
1269 2 12 77
5209 2 12 71
438 2 12 66
5121 2 12 61
5324 2 12 58
5722 2 12 52
3735 2 12 45
4721 2 12 40
4264 2 12 36
4609 2 12 31
4688 2 12 25
5401 2 12 19
2663 2 12 14
748 2 12 10
5552 2 12 6
5830 2 12 2
405 2 15 92
402 2 15 87
3493 2 15 82
1257 2 15 77
3600 2 15 71
14 2 15 66
4456 2 15 61
3990 2 15 58
4000 2 15 52
3296 2 15 45
5089 2 15 39
456 2 15 34
5268 2 15 28
2137 2 15 24
1411 2 15 18
5251 2 15 11
5646 2 15 4
5216 2 16 91
4242 2 16 86
2199 2 16 79
1806 2 16 75
5282 2 16 70
3705 2 16 66
1615 2 16 61
838 2 16 58
1092 2 16 52
2963 2 16 45
4379 2 16 39
2254 2 16 33
2773 2 16 30
3081 2 16 25
5227 2 16 19
1967 2 16 14
704 2 16 10
3622 2 16 5
3679 2 17 91
1163 2 17 86
1500 2 17 79
1008 2 17 75
4515 2 17 70
3478 2 17 66
910 2 17 61
2774 2 17 57
3326 2 17 52
5157 2 17 44
5232 2 17 38
2812 2 17 33
2230 2 17 30
2073 2 17 25
4928 2 17 19
720 2 17 14
3646 2 17 9
5503 2 17 6
2550 2 17 2
1786 2 18 91
276 2 18 86
956 2 18 79
4457 2 18 74
5629 2 18 69
3643 2 18 64
4695 2 18 58
211 2 18 52
4401 2 18 44
4789 2 18 38
1646 2 18 33
1764 2 18 30
1051 2 18 25
4183 2 18 19
5460 2 18 13
1225 2 18 8
937 2 18 2
1146 2 19 91
5715 2 19 85
5196 2 19 79
4209 2 19 74
4038 2 19 69
2590 2 19 64
671 2 19 58
5532 2 19 51
3830 2 19 48
1692 2 19 43
4867 2 19 38
907 2 19 33
1723 2 19 30
380 2 19 25
210 2 19 19
4657 2 19 13
1175 2 19 8
4 2 19 2
1115 3 0 91
5202 3 0 85
4988 3 0 79
3723 3 0 74
3921 3 0 69
1534 3 0 64
466 3 0 58
4007 3 0 51
3297 3 0 48
1611 3 0 43
4622 3 0 38
4250 3 0 32
242 3 0 29
1953 3 0 23
3523 3 0 18
3588 3 0 11
1981 3 0 4
374 3 1 91
4984 3 1 85
4367 3 1 79
3234 3 1 74
5399 3 1 68
5214 3 1 63
3218 3 1 57
2244 3 1 52
3653 3 1 44
3663 3 1 38
3831 3 1 32
2843 3 1 28
1851 3 1 24
3871 3 1 17
2209 3 1 12
4505 3 1 6
5760 3 1 1
299 3 2 91
4510 3 2 85
3114 3 2 79
1346 3 2 74
5035 3 2 68
2091 3 2 63
2462 3 2 57
642 3 2 52
1292 3 2 44
2761 3 2 38
2279 3 2 32
2766 3 2 28
1702 3 2 24
3552 3 2 17
76 3 2 12
3934 3 2 6
5549 3 2 1
5858 3 4 90
5710 3 4 84
2194 3 4 79
878 3 4 74
4956 3 4 68
1887 3 4 63
2140 3 4 57
5038 3 4 51
5297 3 4 47
225 3 4 41
194 3 4 37
2673 3 4 33
860 3 4 30
6024 3 4 24
3309 3 4 17
6052 3 4 11
595 3 4 4
4745 3 5 90
4464 3 5 84
1978 3 5 79
5959 3 5 73
4308 3 5 68
44 3 5 63
1375 3 5 57
4667 3 5 51
3221 3 5 47
5863 3 5 40
4215 3 5 36
3500 3 5 31
2308 3 5 25
3280 3 5 18
3091 3 5 11
5950 3 5 3
4293 3 6 90
1296 3 6 84
670 3 6 79
2676 3 6 73
680 3 6 68
6042 3 6 62
5362 3 6 56
954 3 6 52
620 3 6 44
5609 3 6 37
830 3 6 33
604 3 6 30
4698 3 6 24
5550 3 6 16
5822 3 6 11
3106 3 6 3
3892 3 8 90
1105 3 8 84
4964 3 8 78
4136 3 8 76
5044 3 8 71
5135 3 8 65
3554 3 8 62
2342 3 8 56
4612 3 8 51
3852 3 8 46
5561 3 8 42
1074 3 8 39
2304 3 8 32
5419 3 8 27
303 3 8 23
2921 3 8 18
2763 3 8 11
1771 3 8 3
1767 3 10 90
372 3 10 84
4888 3 10 78
3994 3 10 75
2939 3 10 70
2060 3 10 66
5026 3 10 60
1199 3 10 56
4193 3 10 51
1006 3 10 46
2650 3 10 42
5951 3 10 38
1391 3 10 32
2130 3 10 27
4620 3 10 22
2978 3 10 17
4833 3 10 11
1055 3 10 3
1141 3 11 90
5686 3 11 83
5788 3 11 79
2569 3 11 73
5684 3 11 67
1728 3 11 62
1968 3 11 56
4100 3 11 51
789 3 11 46
3969 3 11 41
4749 3 11 36
4785 3 11 30
4432 3 11 24
4218 3 11 16
4750 3 11 11
1018 3 11 3
729 3 12 90
3908 3 12 83
4249 3 12 79
2256 3 12 73
5534 3 12 67
529 3 12 62
1443 3 12 56
3662 3 12 51
5770 3 12 45
3796 3 12 39
2018 3 12 32
891 3 12 27
2652 3 12 22
1809 3 12 17
4084 3 12 11
939 3 12 3
277 3 13 90
3768 3 13 83
3391 3 13 79
684 3 13 73
4562 3 13 67
5435 3 13 61
1680 3 13 57
4655 3 13 51
4638 3 13 45
3032 3 13 39
213 3 13 32
5891 3 13 26
279 3 13 22
834 3 13 17
3767 3 13 11
874 3 13 3
4858 3 15 89
1455 3 15 84
4694 3 15 78
2798 3 15 75
5204 3 15 69
571 3 15 64
4276 3 15 57
2248 3 15 51
3486 3 15 45
895 3 15 39
864 3 15 31
1731 3 15 25
1892 3 15 18
1635 3 15 11
243 3 15 3
3725 3 16 89
769 3 16 84
2648 3 16 78
1791 3 16 75
4997 3 16 69
5512 3 16 63
1216 3 16 57
1630 3 16 51
3100 3 16 45
5562 3 16 38
1236 3 16 32
5414 3 16 26
5655 3 16 21
3739 3 16 17
3159 3 16 11
4874 3 16 2
2679 3 17 89
3654 3 17 83
2887 3 17 79
5465 3 17 72
1992 3 17 66
4801 3 17 60
3863 3 17 55
3054 3 17 50
5234 3 17 46
3968 3 17 41
3967 3 17 36
2210 3 17 30
4236 3 17 24
1960 3 17 16
4397 3 17 11
2861 3 17 2
2633 4 2 89
3157 4 2 83
1099 4 2 79
5064 4 2 72
487 4 2 66
4765 4 2 60
3414 4 2 55
2976 4 2 50
263 4 2 46
3957 4 2 41
3509 4 2 36
1545 4 2 30
3828 4 2 24
1900 4 2 16
3712 4 2 11
605 4 2 2
2617 4 4 89
2923 4 4 83
5439 4 4 77
881 4 4 71
4961 4 4 65
3441 4 4 62
6071 4 4 55
2340 4 4 50
4756 4 4 45
5283 4 4 38
5739 4 4 31
1437 4 4 25
1649 4 4 18
1481 4 4 11
5700 4 4 1
2103 4 10 89
2825 4 10 83
4869 4 10 77
348 4 10 71
4822 4 10 65
2840 4 10 62
859 4 10 55
1302 4 10 50
4411 4 10 45
4190 4 10 38
4540 4 10 31
5793 4 10 24
1899 4 10 16
2434 4 10 11
5560 4 10 1
4519 4 11 87
2000 4 11 82
227 4 11 77
24 4 11 71
4254 4 11 65
1837 4 11 61
1237 4 11 57
5390 4 11 50
2565 4 11 45
3835 4 11 38
1958 4 11 31
5069 4 11 24
5117 4 11 15
5972 4 11 10
2838 4 11 5
3839 4 19 87
1362 4 19 82
5947 4 19 76
2874 4 19 71
3959 4 19 65
5042 4 19 60
1177 4 19 55
16 4 19 50
5016 4 19 44
5210 4 19 37
284 4 19 33
5141 4 19 29
206 4 19 23
2627 4 19 18
5319 4 19 10
1796 4 19 5
2404 5 1 87
3413 5 1 81
1910 5 1 76
2872 5 1 71
3335 5 1 65
4705 5 1 60
5998 5 1 54
3624 5 1 48
1374 5 1 43
2125 5 1 38
1831 5 1 31
2667 5 1 24
4647 5 1 15
5678 5 1 9
4952 5 1 6
5281 5 1 1
2315 5 2 87
3277 5 2 81
4724 5 2 75
4168 5 2 69
4220 5 2 63
871 5 2 57
4596 5 2 50
4599 5 2 44
4650 5 2 37
3873 5 2 32
5102 5 2 26
4566 5 2 21
3121 5 2 17
2987 5 2 11
4081 5 2 1
1817 5 3 87
3022 5 3 81
4544 5 3 75
3999 5 3 69
3912 5 3 63
850 5 3 57
4125 5 3 50
4278 5 3 44
3771 5 3 37
3282 5 3 32
3258 5 3 26
2793 5 3 21
1139 5 3 17
1607 5 3 11
4001 5 3 1
4072 5 4 86
4680 5 4 78
584 5 4 74
387 5 4 68
2145 5 4 62
57 5 4 55
3658 5 4 49
4594 5 4 43
880 5 4 38
2 5 4 31
2458 5 4 24
4550 5 4 15
5408 5 4 9
1366 5 4 6
3702 5 4 1
3939 5 5 86
4578 5 5 78
5819 5 5 73
2808 5 5 67
5136 5 5 61
700 5 5 57
3803 5 5 50
2529 5 5 44
3402 5 5 37
297 5 5 32
1202 5 5 26
2477 5 5 21
101 5 5 17
1415 5 5 11
3961 5 5 1
3862 5 6 86
4017 5 6 78
5085 5 6 73
2623 5 6 67
5133 5 6 61
4473 5 6 56
2589 5 6 51
2831 5 6 45
3146 5 6 38
5929 5 6 30
3352 5 6 24
4271 5 6 15
4548 5 6 9
1497 5 6 5
528 5 7 86
3197 5 7 78
4076 5 7 73
2378 5 7 67
3970 5 7 61
4415 5 7 56
1399 5 7 51
355 5 7 45
3128 5 7 38
1720 5 7 30
3200 5 7 24
4229 5 7 15
2866 5 7 9
4005 5 7 4
5939 5 8 85
3073 5 8 79
3153 5 8 72
5720 5 8 65
4244 5 8 60
2711 5 8 54
3604 5 8 48
6050 5 8 42
4372 5 8 38
1021 5 8 30
2007 5 8 24
3315 5 8 15
2615 5 8 9
1312 5 8 4
1404 5 12 85
2557 5 12 79
1260 5 12 72
5207 5 12 65
3844 5 12 60
1062 5 12 54
870 5 12 48
5230 5 12 42
3603 5 12 38
5034 5 12 29
5994 5 12 22
5000 5 12 16
2238 5 12 11
3338 5 12 1
4120 5 13 84
854 5 13 78
1713 5 13 73
2363 5 13 67
3732 5 13 61
4071 5 13 56
6062 5 13 50
2323 5 13 44
1173 5 13 37
5418 5 13 31
1898 5 13 24
3170 5 13 15
1687 5 13 9
2788 5 13 3
3397 5 14 84
5811 5 14 77
5162 5 14 70
1839 5 14 66
2574 5 14 60
447 5 14 54
182 5 14 48
5050 5 14 42
2226 5 14 38
1253 5 14 29
4230 5 14 22
4824 5 14 16
1772 5 14 11
2299 5 14 1
1014 5 16 84
5372 5 16 77
4453 5 16 70
1255 5 16 66
2372 5 16 60
4488 5 16 53
5933 5 16 47
5259 5 16 40
2637 5 16 36
5805 5 16 29
3319 5 16 22
1854 5 16 16
994 5 16 11
280 5 16 1
3787 5 17 83
1872 5 17 77
4042 5 17 70
5194 5 17 65
2263 5 17 60
2451 5 17 53
5621 5 17 47
3115 5 17 40
5989 5 17 35
240 5 17 31
1048 5 17 24
2126 5 17 15
5379 5 17 8
5595 5 17 1
2668 5 18 83
5063 5 18 76
2272 5 18 71
2659 5 18 65
1348 5 18 60
689 5 18 53
5191 5 18 47
3095 5 18 40
969 5 18 35
3753 5 18 30
1973 5 18 24
1288 5 18 15
2577 5 18 8
4403 5 18 1
5696 5 19 82
5742 5 19 76
3353 5 19 70
4226 5 19 65
5023 5 19 59
1685 5 19 54
4393 5 19 47
622 5 19 40
815 5 19 35
2464 5 19 30
640 5 19 24
1186 5 19 15
1661 5 19 8
2943 5 19 1
4651 6 1 81
2301 6 1 75
84 6 1 69
3359 6 1 63
4203 6 1 56
5170 6 1 50
2198 6 1 44
2291 6 1 36
5631 6 1 29
1558 6 1 22
714 6 1 16
5403 6 1 10
1538 6 1 5
4162 6 8 81
2225 6 8 75
5176 6 8 68
4313 6 8 61
3015 6 8 56
4624 6 8 50
1142 6 8 44
178 6 8 36
4762 6 8 29
1020 6 8 22
6029 6 8 15
4893 6 8 7
2539 6 8 3
4048 6 10 81
1386 6 10 75
4932 6 10 68
2302 6 10 61
2087 6 10 56
4504 6 10 50
983 6 10 44
3595 6 10 35
5468 6 10 29
4428 6 10 21
5754 6 10 16
2483 6 10 10
4979 6 10 4
3140 7 1 81
5752 7 1 74
20 7 1 68
2089 7 1 61
844 7 1 56
3141 7 1 50
828 7 1 44
2646 7 1 35
3669 7 1 29
4792 7 1 20
4267 7 1 14
1489 7 1 9
2157 7 1 3
2042 7 4 81
5131 7 4 74
3041 7 4 67
2013 7 4 61
4602 7 4 55
912 7 4 49
4591 7 4 43
342 7 4 38
5912 7 4 28
5189 7 4 23
5192 7 4 17
5895 7 4 10
4611 7 4 4
5766 7 7 80
2273 7 7 74
1891 7 7 67
4438 7 7 60
312 7 7 53
4176 7 7 47
5786 7 7 39
4096 7 7 30
125 7 7 24
365 7 7 15
4099 7 7 7
445 7 7 3
1093 7 8 80
5781 7 8 73
2331 7 8 67
2954 7 8 60
4776 7 8 52
5495 7 8 43
4775 7 8 37
4204 7 8 31
924 7 8 24
5400 7 8 14
3515 7 8 8
1794 7 8 1
220 7 10 80
4535 7 10 73
1799 7 10 67
2721 7 10 60
2265 7 10 52
4423 7 10 43
4517 7 10 37
4047 7 10 31
744 7 10 24
2424 7 10 14
2239 7 10 8
1682 7 10 1
3322 7 11 79
5764 7 11 71
1823 7 11 65
5768 7 11 58
2884 7 11 51
4217 7 11 44
1983 7 11 35
1291 7 11 29
2959 7 11 20
933 7 11 14
1599 7 11 8
950 7 11 1
1683 7 13 79
5535 7 13 71
1735 7 13 65
5107 7 13 58
1559 7 13 51
3579 7 13 44
67 7 13 35
743 7 13 29
2738 7 13 20
378 7 13 14
809 7 13 8
5755 7 13 2
2410 7 14 78
813 7 14 73
3681 7 14 66
1693 7 14 60
2077 7 14 52
4327 7 14 43
4075 7 14 37
3650 7 14 31
5614 7 14 23
5082 7 14 17
5344 7 14 10
3450 7 14 4
2167 7 15 77
3241 7 15 70
3576 7 15 65
3944 7 15 58
6026 7 15 50
29 7 15 44
5275 7 15 34
3749 7 15 28
4617 7 15 23
4778 7 15 17
4212 7 15 10
1207 7 15 4
4664 7 17 75
3786 7 17 68
1748 7 17 61
4148 7 17 55
199 7 17 49
4474 7 17 43
5664 7 17 36
3048 7 17 29
2510 7 17 20
3814 7 17 13
4743 7 17 7
5334 7 17 2
333 7 19 70
3606 7 19 64
2313 7 19 57
2520 7 19 50
2362 7 19 43
5466 7 19 36
2621 7 19 29
1017 7 19 20
3537 7 19 13
4252 7 19 7
5168 7 19 2
5694 8 1 68
986 8 1 61
5548 8 1 54
575 8 1 47
4174 8 1 39
1644 8 1 30
5341 8 1 23
4610 8 1 17
4163 8 1 10
957 8 1 4
3578 8 11 58
2625 8 11 50
1773 8 11 43
2599 8 11 36
1038 8 11 29
618 8 11 20
1903 8 11 13
3819 8 11 7
5030 8 11 2
4380 8 13 97
2967 8 13 94
2830 8 13 90
2582 8 13 83
4109 8 13 76
3302 8 13 70
2804 8 13 64
1547 8 13 57
2397 8 13 50
1325 8 13 43
1795 8 13 36
777 8 13 29
4257 8 13 19
4421 8 13 13
3149 8 13 7
4945 8 13 2
2781 8 14 97
1522 8 14 94
4306 8 14 89
5563 8 14 82
5150 8 14 75
2022 8 14 68
978 8 14 61
3704 8 14 54
6019 8 14 46
3226 8 14 41
2913 8 14 36
4312 8 14 28
3063 8 14 23
4568 8 14 17
3953 8 14 10
3865 8 14 3
2236 8 19 97
1306 8 19 94
3998 8 19 89
2867 8 19 82
5113 8 19 75
1861 8 19 68
953 8 19 61
3264 8 19 54
5759 8 19 46
2562 8 19 41
2842 8 19 36
3102 8 19 28
2737 8 19 23
3501 8 19 17
3124 8 19 10
3568 8 19 3
3112 9 3 96
3971 9 3 91
3847 9 3 85
1128 9 3 79
1755 9 3 71
1621 9 3 65
3864 9 3 58
1352 9 3 50
6054 9 3 42
1614 9 3 38
5028 9 3 28
97 9 3 23
569 9 3 17
3056 9 3 10
2259 9 3 3
2705 9 4 96
5636 9 4 90
1445 9 4 83
4050 9 4 76
2506 9 4 70
2671 9 4 64
921 9 4 57
657 9 4 50
5213 9 4 42
5529 9 4 37
1501 9 4 31
3801 9 4 23
5949 9 4 16
5010 9 4 9
1971 9 4 3
1563 9 5 96
4876 9 5 90
245 9 5 83
2636 9 5 76
2447 9 5 70
2097 9 5 64
5817 9 5 56
3017 9 5 50
5105 9 5 42
4812 9 5 37
1448 9 5 31
1814 9 5 23
3995 9 5 16
3986 9 5 9
112 9 5 3
304 9 6 96
3339 9 6 90
4589 9 6 82
4701 9 6 75
1471 9 6 68
273 9 6 61
2917 9 6 54
5104 9 6 46
2023 9 6 41
1640 9 6 36
2881 9 6 28
4340 9 6 22
5228 9 6 15
3474 9 6 7
4391 9 6 2
4725 9 7 95
5537 9 7 90
2851 9 7 82
3526 9 7 75
1037 9 7 68
4746 9 7 60
911 9 7 52
3647 9 7 43
549 9 7 36
1916 9 7 28
2563 9 7 22
4896 9 7 15
2597 9 7 7
524 9 7 2
4642 9 13 95
4817 9 13 90
2215 9 13 82
3360 9 13 75
4208 9 13 67
373 9 13 60
3987 9 13 51
848 9 13 44
4237 9 13 34
3615 9 13 28
902 9 13 22
4800 9 13 15
1950 9 13 7
4112 9 13 1
3061 9 14 95
1103 9 14 90
2071 9 14 82
2353 9 14 75
3763 9 14 67
5180 9 14 59
6030 9 14 53
3437 9 14 47
5237 9 14 38
1314 9 14 28
154 9 14 22
3940 9 14 15
5587 9 14 6
3607 9 14 1
2767 9 16 95
942 9 16 90
1330 9 16 82
1360 9 16 75
2326 9 16 67
4580 9 16 59
5774 9 16 53
1541 9 16 47
4720 9 16 38
1113 9 16 28
5999 9 16 21
5266 9 16 16
3837 9 16 9
4481 9 16 2
593 10 0 95
585 10 0 90
6074 10 0 81
4156 10 0 74
1485 10 0 67
3196 10 0 59
4582 10 0 53
130 10 0 47
4030 10 0 38
693 10 0 28
4681 10 0 21
483 10 0 16
3370 10 0 9
1044 10 0 2
5699 10 1 94
3795 10 1 89
600 10 1 82
4783 10 1 74
5778 10 1 66
3284 10 1 59
4041 10 1 53
5323 10 1 46
4843 10 1 40
535 10 1 35
624 10 1 29
3167 10 1 19
4324 10 1 13
3000 10 1 7
4021 10 1 1
5673 10 2 94
3123 10 2 89
5704 10 2 81
2541 10 2 74
1529 10 2 66
2044 10 2 59
2429 10 2 53
4543 10 2 46
4732 10 2 40
5860 10 2 34
3333 10 2 28
3747 10 2 21
317 10 2 16
2746 10 2 9
559 10 2 2
967 10 3 94
2223 10 3 89
3926 10 3 81
4922 10 3 73
2305 10 3 66
1090 10 3 59
1736 10 3 53
4299 10 3 46
2354 10 3 40
5321 10 3 34
3127 10 3 28
3350 10 3 21
5917 10 3 15
4999 10 3 6
3036 10 3 1
329 10 4 94
471 10 4 89
2764 10 4 81
4011 10 4 73
5630 10 4 65
3558 10 4 58
3257 10 4 49
1549 10 4 43
5171 10 4 35
5618 10 4 28
1510 10 4 21
3331 10 4 15
4747 10 4 6
1224 10 4 1
5745 10 5 93
3148 10 5 89
5355 10 5 80
3199 10 5 73
5106 10 5 65
3430 10 5 58
1372 10 5 49
705 10 5 43
3246 10 5 35
1273 10 5 28
1285 10 5 21
2993 10 5 15
3290 10 5 6
5557 10 6 93
5575 10 6 88
2620 10 6 84
4708 10 6 77
976 10 6 70
1700 10 6 64
3991 10 6 56
2802 10 6 50
4840 10 6 42
3626 10 6 37
1342 10 6 31
201 10 6 23
2682 10 6 16
5558 10 6 8
4012 10 6 1
4659 10 7 93
1829 10 7 88
2010 10 7 84
4482 10 7 77
917 10 7 70
889 10 7 64
3765 10 7 56
534 10 7 50
4793 10 7 42
2733 10 7 37
666 10 7 31
42 10 7 23
2031 10 7 16
5115 10 7 8
3655 10 7 1
2139 10 8 93
5976 10 8 87
2124 10 8 81
2240 10 8 73
4768 10 8 65
3265 10 8 58
1054 10 8 49
1928 10 8 42
1446 10 8 37
4556 10 8 30
4063 10 8 23
4693 10 8 15
71 10 8 6
4155 10 10 92
133 10 10 87
4985 10 10 80
327 10 10 73
4730 10 10 65
2516 10 10 58
675 10 10 49
1890 10 10 42
5598 10 10 36
409 10 10 28
915 10 10 21
1523 10 10 15
4925 10 10 5
897 10 14 92
4166 10 14 86
1717 10 14 78
544 10 14 73
2955 10 14 65
1947 10 14 58
2609 10 14 48
3981 10 14 42
5923 10 14 35
872 10 14 28
5884 10 14 20
923 10 14 13
796 10 14 7
235 10 14 1
724 10 16 92
3833 10 16 86
5724 10 16 77
212 10 16 70
15 10 16 64
3700 10 16 56
4514 10 16 49
1396 10 16 42
5345 10 16 35
5695 10 16 27
845 10 16 22
3611 10 16 15
4064 10 16 5
6064 10 17 91
2643 10 17 85
824 10 17 79
244 10 17 71
4358 10 17 64
3407 10 17 56
3448 10 17 49
5004 10 17 41
5031 10 17 35
5651 10 17 27
5732 10 17 21
5525 10 17 14
4769 10 17 7
5867 10 18 91
2403 10 18 85
745 10 18 79
115 10 18 71
3499 10 18 64
3373 10 18 56
2525 10 18 49
3443 10 18 41
4864 10 18 35
4569 10 18 27
5454 10 18 21
965 10 18 14
3288 10 18 7
3697 10 19 91
1295 10 19 85
198 10 19 79
5721 10 19 70
5571 10 19 63
3111 10 19 56
1976 10 19 49
2241 10 19 41
4334 10 19 35
4820 10 19 26
1458 10 19 21
4825 10 19 13
5501 10 19 6
3692 11 10 91
455 11 10 85
62 11 10 79
5186 11 10 70
5393 11 10 63
393 11 10 56
904 11 10 49
5677 11 10 40
3930 11 10 34
1678 11 10 28
5679 11 10 20
5782 11 10 12
3854 11 10 6
2622 11 11 91
291 11 11 85
5138 11 11 78
5978 11 11 72
5081 11 11 65
5617 11 11 57
574 11 11 50
3853 11 11 42
4394 11 11 35
4565 11 11 25
1178 11 11 18
3809 11 11 10
2190 11 11 3
2332 11 12 91
5886 11 12 84
3531 11 12 77
5530 11 12 69
999 11 12 63
5963 11 12 55
4098 11 12 48
3907 11 12 42
2629 11 12 35
4279 11 12 25
5444 11 12 17
1490 11 12 10
1747 11 12 3
1616 11 13 91
5744 11 13 84
1894 11 13 77
2618 11 13 69
4639 11 13 62
4855 11 13 54
4823 11 13 46
1690 11 13 40
2937 11 13 34
922 11 13 28
4796 11 13 20
5164 11 13 12
2974 11 13 6
87 11 14 91
5670 11 14 84
5803 11 14 76
1532 11 14 70
2941 11 14 63
5515 11 14 55
3733 11 14 48
2488 11 14 42
2075 11 14 35
3147 11 14 25
5129 11 14 17
1083 11 14 10
5873 11 14 2
5931 11 15 90
4551 11 15 81
2222 11 15 73
2664 11 15 65
4953 11 15 57
6053 11 15 49
1709 11 15 40
2897 11 15 34
686 11 15 28
4740 11 15 20
3980 11 15 12
1578 11 15 6
3008 11 16 90
3737 11 16 81
4462 11 16 72
4959 11 16 65
2638 11 16 57
5726 11 16 49
5159 11 16 39
1080 11 16 30
2560 11 16 23
2093 11 16 14
2929 11 16 7
2475 11 17 90
2172 11 17 81
4223 11 17 72
2309 11 17 65
1184 11 17 57
4755 11 17 49
4931 11 17 39
691 11 17 30
436 11 17 23
1505 11 17 14
1874 11 17 7
3979 11 18 89
5329 11 18 80
5953 11 18 72
1964 11 18 65
638 11 18 57
4353 11 18 49
4774 11 18 39
6078 11 18 29
1818 11 18 19
3849 11 18 13
5299 11 18 6
369 11 19 89
4862 11 19 80
5496 11 19 72
616 11 19 65
5425 11 19 56
886 11 19 49
3442 11 19 39
5075 11 19 29
4037 11 19 18
3085 11 19 10
4697 11 19 2
4821 12 0 88
3517 12 0 83
2090 12 0 76
1507 12 0 70
2796 12 0 63
3279 12 0 55
3549 12 0 48
1495 12 0 42
255 12 0 35
2895 12 0 25
4115 12 0 17
909 12 0 10
4665 12 0 2
3687 12 1 88
1641 12 1 83
1979 12 1 76
1483 12 1 70
2699 12 1 63
2317 12 1 55
6035 12 1 47
3573 12 1 38
167 12 1 28
4703 12 1 20
3836 12 1 12
1539 12 1 6
2598 12 2 88
5733 12 2 82
3504 12 2 74
755 12 2 66
3756 12 2 58
2040 12 2 48
1104 12 2 42
5735 12 2 34
63 12 2 28
4669 12 2 20
2938 12 2 12
685 12 2 6
3870 12 3 87
2445 12 3 80
5484 12 3 72
5459 12 3 64
2834 12 3 56
5340 12 3 48
941 12 3 42
4455 12 3 34
5406 12 3 27
5158 12 3 21
3324 12 3 13
5124 12 3 6
934 12 4 86
3988 12 4 77
238 12 4 69
4459 12 4 62
4003 12 4 54
4772 12 4 46
96 12 4 40
2779 12 4 34
4873 12 4 27
3205 12 4 20
5201 12 4 11
134 12 4 1
51 12 6 86
1608 12 6 77
4433 12 6 68
4320 12 6 60
2523 12 6 51
1756 12 6 43
3009 12 6 35
420 12 6 25
3480 12 6 17
480 12 6 10
4571 12 6 2
1467 12 7 85
4819 12 7 78
5469 12 7 72
3490 12 7 64
2581 12 7 56
5074 12 7 48
885 12 7 42
2693 12 7 34
4160 12 7 27
2118 12 7 20
4091 12 7 11
28 12 7 1
662 12 8 85
2730 12 8 78
5103 12 8 72
1790 12 8 64
5247 12 8 55
5591 12 8 47
3510 12 8 38
3368 12 8 27
1243 12 8 20
1270 12 8 11
2169 12 8 2
4316 12 10 84
4089 12 10 76
1406 12 10 70
1147 12 10 63
1766 12 10 55
3536 12 10 47
1594 12 10 38
2732 12 10 27
4677 12 10 19
609 12 10 13
4390 12 10 6
626 13 12 84
176 13 12 76
1152 13 12 70
495 13 12 63
5936 13 12 54
3716 13 12 46
31 13 12 40
2714 13 12 34
3960 13 12 27
3974 13 12 19
5718 13 12 12
6020 13 12 5
2495 13 13 83
259 13 13 76
5125 13 13 69
457 13 13 62
3919 13 13 54
3587 13 13 46
4092 13 13 39
3262 13 13 29
2432 13 13 18
2849 13 13 10
3566 13 13 1
5624 13 15 81
3932 13 15 72
655 13 15 64
3577 13 15 55
1513 13 15 47
4465 13 15 37
3358 13 15 30
118 13 15 23
1421 13 15 14
1328 13 15 7
5134 13 17 81
3730 13 17 72
5958 13 17 63
4682 13 17 54
3433 13 17 46
3597 13 17 39
2446 13 17 29
5019 13 17 17
379 13 17 10
3516 13 17 1
1034 14 0 81
2927 14 0 72
4723 14 0 63
2542 14 0 54
3087 14 0 46
3155 14 0 39
1440 14 0 29
3950 14 0 17
4558 14 0 9
5705 14 0 1
5579 14 2 79
4887 14 2 70
5475 14 2 62
2719 14 2 54
1557 14 2 46
5613 14 2 38
2660 14 2 27
1345 14 2 19
5009 14 2 12
4839 14 2 5
2687 14 6 79
3580 14 6 70
4791 14 6 62
1849 14 6 54
548 14 6 46
3332 14 6 38
2512 14 6 27
597 14 6 19
1602 14 6 12
4080 14 6 5
3230 14 7 78
3511 14 7 72
4225 14 7 63
2182 14 7 54
334 14 7 46
1176 14 7 38
1870 14 7 27
5331 14 7 18
5145 14 7 9
5276 14 7 1
1698 14 8 77
2287 14 8 68
4235 14 8 60
4889 14 8 50
2835 14 8 42
2348 14 8 34
3538 14 8 27
5148 14 8 18
3682 14 8 9
4829 14 8 1
2177 14 9 76
3093 14 9 69
196 14 9 62
1632 14 9 54
4318 14 9 45
3046 14 9 38
1722 14 9 27
5079 14 9 18
2535 14 9 9
2176 14 10 76
2888 14 10 69
5869 14 10 61
174 14 10 54
4033 14 10 45
2823 14 10 38
1031 14 10 27
4263 14 10 18
1106 14 10 9
4328 14 17 73
2543 14 17 65
4870 14 17 56
5054 14 17 48
4272 14 17 41
2776 14 17 35
5294 14 17 24
676 14 17 14
1116 14 17 7
1746 14 18 71
250 14 18 63
1802 14 18 54
3383 14 18 45
2020 14 18 38
4424 14 18 26
4425 14 18 20
1137 14 18 11
3492 14 18 1
1804 14 19 68
3840 14 19 60
4766 14 19 50
804 14 19 42
2220 14 19 34
1418 14 19 27
4197 14 19 18
5224 14 19 7
779 15 0 50
1135 15 0 41
5991 15 0 34
3253 15 0 26
4186 15 0 20
381 15 0 11
1980 15 0 1
3481 15 2 95
4585 15 2 89
4579 15 2 80
4883 15 2 72
3638 15 2 63
6027 15 2 53
4006 15 2 46
5647 15 2 37
2953 15 2 30
3794 15 2 22
3528 15 2 15
2653 15 2 5
2916 15 4 95
4537 15 4 89
4489 15 4 80
3281 15 4 72
1409 15 4 63
1727 15 4 53
3475 15 4 45
728 15 4 38
4238 15 4 25
1762 15 4 17
4067 15 4 9
5969 15 6 94
274 15 6 89
3958 15 6 80
2902 15 6 72
4595 15 6 62
6022 15 6 53
2891 15 6 45
193 15 6 38
3761 15 6 25
1457 15 6 17
3897 15 6 9
4588 15 7 94
105 15 7 89
3495 15 7 80
5029 15 7 71
153 15 7 63
5864 15 7 52
4844 15 7 42
2025 15 7 34
3044 15 7 26
4082 15 7 20
3444 15 7 10
1566 15 7 1
3728 15 8 94
6008 15 8 88
3334 15 8 82
2391 15 8 74
4256 15 8 65
3464 15 8 56
3445 15 8 48
3572 15 8 41
4189 15 8 34
1286 15 8 26
2759 15 8 20
1011 15 8 10
1896 15 9 94
5988 15 9 88
1924 15 9 82
2367 15 9 74
3898 15 9 65
3202 15 9 56
1520 15 9 48
3306 15 9 41
1704 15 9 34
1258 15 9 26
2706 15 9 20
774 15 9 10
1785 15 10 94
4520 15 10 88
1798 15 10 82
2171 15 10 74
1 15 10 65
2992 15 10 56
185 15 10 48
2109 15 10 41
1562 15 10 34
218 15 10 26
1012 15 10 20
452 15 10 10
1609 15 11 94
3766 15 11 88
4852 15 11 81
2579 15 11 72
1029 15 11 62
4521 15 11 53
1877 15 11 45
4395 15 11 37
2339 15 11 30
2045 15 11 22
2558 15 11 15
461 15 11 5
1354 15 12 94
586 15 12 88
4731 15 12 81
2500 15 12 72
876 15 12 62
4018 15 12 53
5773 15 12 44
4053 15 12 34
6077 15 12 25
323 15 12 17
3300 15 12 9
725 15 13 94
4795 15 13 87
1284 15 13 80
3822 15 13 71
5590 15 13 62
2141 15 13 53
5306 15 13 44
2707 15 13 34
4714 15 13 25
4815 15 13 16
4222 15 13 8
4563 15 15 93
4646 15 15 87
359 15 15 80
2757 15 15 71
3535 15 15 62
1841 15 15 53
2064 15 15 44
545 15 15 34
3266 15 15 25
4102 15 15 16
3109 15 15 8
3904 15 16 93
4598 15 16 87
4132 15 16 79
2934 15 16 70
4490 15 16 62
1134 15 16 53
2003 15 16 44
5381 15 16 33
3992 15 16 29
1808 15 16 17
2580 15 16 9
3783 15 17 93
4296 15 17 87
3948 15 17 79
2602 15 17 70
570 15 17 62
256 15 17 53
1181 15 17 44
3652 15 17 33
5680 15 17 28
4561 15 17 20
202 15 17 10
2753 15 18 93
5604 15 18 86
4898 15 18 76
2303 15 18 69
5456 15 18 61
4370 15 18 53
4538 15 18 43
2811 15 18 35
2863 15 18 24
5952 15 18 13
2578 15 18 6
2750 15 19 93
5526 15 19 86
3902 15 19 76
1240 15 19 69
3858 15 19 61
2957 15 19 53
3024 15 19 43
2784 15 19 33
2749 15 19 28
4362 15 19 20
4470 15 19 9
780 16 0 93
5300 16 0 86
2554 16 0 76
5039 16 0 68
2390 16 0 60
4981 16 0 49
2905 16 0 39
376 16 0 29
800 16 0 17
2266 16 0 9
735 16 6 93
4809 16 6 86
2393 16 6 76
4274 16 6 68
1716 16 6 60
2337 16 6 49
2173 16 6 39
3293 16 6 28
4196 16 6 20
2546 16 6 9
417 16 11 93
3707 16 11 86
1819 16 11 76
223 16 11 68
1227 16 11 60
539 16 11 49
1645 16 11 39
1930 16 11 28
3496 16 11 20
1732 16 11 9
5681 16 15 92
3818 16 15 86
1492 16 15 76
5809 16 15 67
1564 16 15 59
4879 16 15 52
3925 16 15 42
265 16 15 34
2456 16 15 25
3363 16 15 16
1208 16 15 8
3617 17 0 92
2644 17 0 86
216 17 0 75
1730 17 0 67
981 17 0 59
4600 17 0 52
3049 17 0 42
5348 17 0 33
2591 17 0 28
3209 17 0 20
1451 17 0 9
2624 17 2 92
1004 17 2 86
179 17 2 75
6040 17 2 66
2797 17 2 58
1833 17 2 48
1660 17 2 41
1382 17 2 34
1515 17 2 25
1276 17 2 16
267 17 2 8
1479 17 3 92
520 17 3 86
5957 17 3 74
4970 17 3 64
2806 17 3 55
966 17 3 47
4426 17 3 37
982 17 3 30
1512 17 3 22
1100 17 3 15
47 17 3 5
750 17 4 92
5944 17 4 85
1647 17 4 78
3035 17 4 72
594 17 4 62
4289 17 4 52
2262 17 4 42
4180 17 4 33
5675 17 4 27
3894 17 4 18
4143 17 4 7
4886 17 6 91
5040 17 6 84
4507 17 6 75
5421 17 6 66
5233 17 6 57
2658 17 6 49
5479 17 6 38
628 17 6 25
5367 17 6 15
5328 17 6 4
4348 17 8 91
3843 17 8 84
4472 17 8 75
4977 17 8 66
4427 17 8 57
10 17 8 49
5178 17 8 38
6051 17 8 22
673 17 8 15
5139 17 8 4
3178 17 9 91
3773 17 9 84
2818 17 9 75
4915 17 9 66
3598 17 9 57
4940 17 9 48
3465 17 9 40
1214 17 9 34
1340 17 9 25
4113 17 9 15
4164 17 9 4
2521 17 10 91
3770 17 10 84
2345 17 10 75
4079 17 10 66
3405 17 10 57
3466 17 10 48
3180 17 10 40
1001 17 10 34
5825 17 10 24
4246 17 10 13
5305 17 10 5
1271 17 11 91
2748 17 11 84
1663 17 11 75
1316 17 11 66
1555 17 11 57
1749 17 11 48
2078 17 11 40
682 17 11 34
3656 17 11 24
2832 17 11 13
4493 17 11 5
4986 17 13 90
1666 17 13 81
945 17 13 72
5206 17 13 61
719 17 13 53
1315 17 13 43
538 17 13 33
4004 17 13 27
2471 17 13 18
3543 17 13 7
4739 17 15 90
1606 17 15 81
630 17 15 72
4294 17 15 61
61 17 15 53
833 17 15 43
138 17 15 33
3099 17 15 27
1638 17 15 18
2717 17 15 7
2611 17 17 90
1592 17 17 81
3719 17 17 71
3203 17 17 62
3665 17 17 52
2107 17 17 42
2431 17 17 33
2962 17 17 27
1533 17 17 18
2571 17 17 7
1277 17 18 90
8 17 18 81
3529 17 18 71
2604 17 18 62
2280 17 18 52
6006 17 18 41
5024 17 18 33
1696 17 18 27
1307 17 18 18
2377 17 18 7
5966 17 19 89
2570 17 19 80
2358 17 19 71
1753 17 19 62
1429 17 19 52
5022 17 19 41
4356 17 19 33
1504 17 19 27
962 17 19 17
4939 17 19 8
5868 18 0 89
2352 18 0 80
2322 18 0 71
1133 18 0 62
543 18 0 52
4297 18 0 41
4154 18 0 33
721 18 0 27
290 18 0 17
2762 18 0 8
5205 18 2 89
1847 18 2 80
5875 18 2 70
3962 18 2 61
6016 18 2 52
4134 18 2 41
3884 18 2 33
361 18 2 27
3395 18 2 16
4804 18 2 7
5053 18 3 89
1125 18 3 80
5831 18 3 70
1412 18 3 61
5304 18 3 52
2406 18 3 41
2990 18 3 33
4184 18 3 26
413 18 3 20
537 18 3 9
4452 18 11 89
5607 18 11 79
1003 18 11 70
1053 18 11 61
5292 18 11 52
3777 18 11 40
27 18 11 34
607 18 11 24
3614 18 11 12
2616 18 11 5
2956 19 0 89
4035 19 0 79
498 19 0 70
702 19 0 61
3550 19 0 52
108 19 0 40
5241 19 0 33
2972 19 0 26
262 19 0 20
289 19 0 9
2674 19 2 89
3431 19 2 79
309 19 2 70
5506 19 2 60
3260 19 2 48
137 19 2 40
3318 19 2 33
1304 19 2 26
5801 19 2 19
1357 19 2 12
1381 19 2 5
1636 19 3 89
1884 19 3 79
6056 19 3 69
3449 19 3 61
3173 19 3 52
4936 19 3 39
5990 19 3 27
2879 19 3 16
3103 19 3 7
1628 19 5 89
608 19 5 79
2482 19 5 69
862 19 5 61
1156 19 5 52
5489 19 5 37
5006 19 5 29
4712 19 5 16
2544 19 5 7
761 19 6 89
3602 19 6 78
2180 19 6 72
3425 19 6 61
1120 19 6 52
4623 19 6 37
2400 19 6 29
3532 19 6 16
2046 19 6 7
404 19 7 89
1478 19 7 78
2101 19 7 72
2122 19 7 61
5901 19 7 51
4586 19 7 42
1232 19 7 33
1039 19 7 26
5195 19 7 19
851 19 7 12
814 19 7 5
394 19 8 89
5486 19 8 77
1332 19 8 68
371 19 8 60
3245 19 8 48
6007 19 8 39
5780 19 8 27
2068 19 8 15
3546 19 8 4
2382 19 9 88
973 19 9 81
3259 19 9 71
861 19 9 62
109 19 9 52
2039 19 9 37
1383 19 9 29
2419 19 9 16
1985 19 9 7
646 19 10 88
3142 19 10 80
4207 19 10 70
4512 19 10 60
2205 19 10 48
5291 19 10 39
5659 19 10 27
1108 19 10 15
1266 19 10 4
281 19 11 88
3067 19 11 80
2932 19 11 70
4083 19 11 60
1084 19 11 48
3985 19 11 39
4416 19 11 27
3365 19 11 14
478 19 11 7
6036 19 13 87
3508 19 13 79
4950 19 13 68
95 19 13 60
840 19 13 48
3774 19 13 39
3336 19 13 27
4784 19 13 13
1398 19 13 5
5866 19 14 87
3184 19 14 79
2142 19 14 68
82 19 14 60
656 19 14 48
2319 19 14 39
2271 19 14 27
4221 19 14 13
1130 19 14 5
3903 19 15 87
2243 19 15 79
1195 19 15 68
4618 19 15 59
4211 19 15 52
1460 19 15 37
5538 19 15 28
2911 19 15 20
5513 19 15 8
3860 19 16 87
1082 19 16 79
768 19 16 68
2827 19 16 59
2739 19 16 52
1050 19 16 37
3726 19 16 28
1664 19 16 20
3883 19 16 8
4779 19 17 86
3649 19 17 74
732 19 17 64
1994 19 17 55
102 19 17 47
4355 19 17 37
3471 19 17 28
1550 19 17 20
358 19 17 8
3633 19 18 86
1298 19 18 74
5928 19 18 63
5357 19 18 51
4373 19 18 42
271 19 18 33
5986 19 18 25
4090 19 18 15
110 19 18 4
1782 19 19 86
2116 19 19 73
611 19 19 65
2603 19 19 56
5568 19 19 47
2193 19 19 37
3356 19 19 28
647 19 19 20
5902 19 19 7
