14 43 35 26 47 12 
3 38 42 16 37 30 
4 57 17 39 25 11 
45 58 51 29 50 22 
10 18 48 1 27 52 
7 46 24 2 53 6 
28 17 26 29 21 38 
0 53 33 27 43 51 
37 22 24 31 14 20 
58 12 57 5 18 42 
35 30 10 9 36 34 
49 25 3 11 59 52 
56 12 28 5 6 53 
42 1 39 27 9 0 
52 40 7 22 35 34 
16 37 17 31 21 43 
15 20 13 36 45 55 
49 19 44 32 14 38 
38 22 44 33 21 36 
32 12 34 20 49 29 
13 3 7 50 19 53 
52 30 17 6 8 48 
43 5 55 14 23 57 
11 35 40 39 4 56 
49 29 52 17 26 55 
40 22 48 45 31 9 
36 38 11 6 44 51 
16 18 47 24 12 42 
56 43 53 32 3 35 
54 14 37 30 8 33 
40 20 27 34 18 22 
32 43 5 15 28 17 
16 10 46 11 14 29 
49 31 2 13 9 4 
33 6 42 0 39 30 
45 59 37 8 48 58 
24 14 50 46 30 17 
36 11 3 7 10 37 
31 21 43 15 23 9 
29 34 56 28 8 44 
58 26 16 38 18 54 
40 45 19 6 52 42 
14 20 25 13 33 7 
44 46 18 45 1 42 
10 23 43 40 35 34 
5 51 11 57 50 17 
48 26 55 2 56 12 
36 8 37 31 39 54 
41 54 44 46 23 27 
50 7 16 28 51 49 
52 39 6 36 2 15 
9 3 33 19 34 8 
12 0 59 17 45 31 
13 43 5 22 14 58 
57 54 49 40 36 45 
10 31 58 6 12 43 
32 13 1 0 47 18 
22 17 7 35 15 44 
20 5 21 11 2 42 
53 34 9 51 3 50 
