2503
4554 0 0 97
1721 0 0 94
4106 0 0 92
2344 0 0 89
3618 0 0 86
1235 0 0 83
1049 0 0 80
439 0 0 76
2701 0 0 73
1214 0 0 71
4038 0 0 67
714 0 0 64
1510 0 0 61
3072 0 0 58
2071 0 0 55
4347 0 0 51
4487 0 0 48
3164 0 0 46
938 0 0 43
4212 0 0 39
4227 0 0 36
3585 0 0 33
3805 0 0 30
2230 0 0 27
374 0 0 23
372 0 0 21
29 0 0 17
870 0 0 15
1266 0 0 11
1018 0 0 8
3709 0 0 5
3408 0 0 1
1724 0 1 97
648 0 1 94
4291 0 1 91
1755 0 1 88
987 0 1 85
2987 0 1 83
3762 0 1 78
1638 0 1 76
1119 0 1 73
1153 0 1 70
1762 0 1 67
2908 0 1 63
921 0 1 60
3637 0 1 57
3326 0 1 53
2567 0 1 50
2117 0 1 46
3887 0 1 42
1674 0 1 39
3519 0 1 36
1791 0 1 32
4243 0 1 28
1809 0 1 26
3661 0 1 23
4265 0 1 18
2612 0 1 16
2481 0 1 13
3895 0 1 11
718 0 1 8
1876 0 1 5
2790 0 1 1
1388 0 2 97
4367 0 2 93
906 0 2 90
524 0 2 87
4211 0 2 84
2024 0 2 80
3702 0 2 75
4362 0 2 71
2563 0 2 67
1425 0 2 63
3039 0 2 59
2319 0 2 56
3888 0 2 53
2150 0 2 50
1459 0 2 46
3667 0 2 42
2717 0 2 38
440 0 2 35
4031 0 2 31
2929 0 2 28
659 0 2 26
4398 0 2 22
635 0 2 20
3649 0 2 16
1987 0 2 13
2325 0 2 11
4352 0 2 7
4248 0 2 4
3314 0 3 96
1707 0 3 94
1171 0 3 91
3109 0 3 86
2664 0 3 82
2224 0 3 79
227 0 3 77
2220 0 3 74
4000 0 3 71
1036 0 3 67
3668 0 3 62
2775 0 3 60
3272 0 3 56
113 0 3 53
4403 0 3 49
3378 0 3 47
2491 0 3 45
3884 0 3 43
859 0 3 39
27 0 3 36
1771 0 3 32
2308 0 3 27
2458 0 3 22
3430 0 3 19
2887 0 3 14
1107 0 3 11
2477 0 3 7
3949 0 3 4
2419 0 4 96
1718 0 4 93
2170 0 4 89
3603 0 4 85
4404 0 4 82
1695 0 4 78
3926 0 4 74
2820 0 4 71
645 0 4 67
3833 0 4 61
2398 0 4 58
2130 0 4 54
1359 0 4 50
4276 0 4 45
3829 0 4 43
426 0 4 39
2751 0 4 35
890 0 4 31
2210 0 4 28
4377 0 4 24
3052 0 4 22
1104 0 4 19
2234 0 4 14
3623 0 4 10
3822 0 4 7
1397 0 4 3
1046 0 5 96
2867 0 5 92
3844 0 5 88
4342 0 5 84
1436 0 5 80
2495 0 5 75
3269 0 5 70
903 0 5 66
1730 0 5 64
13 0 5 61
1430 0 5 57
1677 0 5 52
3002 0 5 49
4045 0 5 46
1378 0 5 42
898 0 5 38
2380 0 5 34
2354 0 5 30
3103 0 5 26
2393 0 5 22
490 0 5 19
942 0 5 14
700 0 5 10
2174 0 5 7
4047 0 5 2
2534 0 6 95
2284 0 6 92
3003 0 6 88
3193 0 6 84
146 0 6 80
144 0 6 74
447 0 6 71
4418 0 6 66
2254 0 6 63
2951 0 6 59
3619 0 6 55
3773 0 6 50
4069 0 6 45
4183 0 6 41
4060 0 6 38
4323 0 6 33
3676 0 6 30
1508 0 6 26
1044 0 6 22
3226 0 6 18
3658 0 6 15
1066 0 6 11
2208 0 6 7
3040 0 6 2
1422 0 7 95
248 0 7 92
2839 0 7 88
2070 0 7 84
1639 0 7 77
64 0 7 74
2461 0 7 69
3360 0 7 65
2818 0 7 63
1779 0 7 59
2947 0 7 54
3867 0 7 49
3274 0 7 45
3899 0 7 41
2277 0 7 38
4027 0 7 33
2627 0 7 30
3509 0 7 25
1332 0 7 22
2110 0 7 18
2448 0 7 15
324 0 7 11
1152 0 7 7
2869 0 7 2
1304 0 8 95
2611 0 8 91
2008 0 8 86
2625 0 8 82
918 0 8 78
3716 0 8 74
2221 0 8 69
2118 0 8 65
1356 0 8 62
4522 0 8 59
1016 0 8 54
933 0 8 49
2342 0 8 45
2231 0 8 41
3290 0 8 37
2454 0 8 34
962 0 8 30
2622 0 8 25
689 0 8 22
2422 0 8 17
3626 0 8 14
3149 0 8 9
582 0 8 7
589 0 8 2
1252 0 9 95
2494 0 9 91
764 0 9 86
1881 0 9 82
1415 0 9 77
3937 0 9 73
3862 0 9 69
790 0 9 65
4396 0 9 61
373 0 9 57
407 0 9 52
1251 0 9 48
3627 0 9 44
3959 0 9 40
3432 0 9 37
3246 0 9 33
279 0 9 30
2322 0 9 25
3116 0 9 21
1144 0 9 16
1709 0 9 13
4186 0 9 9
3586 0 9 6
2853 0 9 3
842 0 10 95
2444 0 10 90
165 0 10 87
922 0 10 84
711 0 10 77
3374 0 10 72
283 0 10 70
872 0 10 66
4429 0 10 62
4474 0 10 59
3434 0 10 53
3898 0 10 49
1432 0 10 45
1802 0 10 41
3197 0 10 37
2944 0 10 33
4214 0 10 29
3866 0 10 27
3262 0 10 21
2946 0 10 15
3930 0 10 10
4510 0 10 6
2056 0 10 3
821 0 11 95
1770 0 11 90
3092 0 11 86
1000 0 11 82
3931 0 11 76
2252 0 11 72
4081 0 11 69
1481 0 11 64
1949 0 11 60
2445 0 11 56
3460 0 11 52
3720 0 11 47
4301 0 11 43
207 0 11 39
1845 0 11 35
662 0 11 31
1374 0 11 28
2446 0 11 24
3302 0 11 20
832 0 11 16
2198 0 11 12
2617 0 11 9
2318 0 11 6
323 0 11 3
4169 0 12 94
2516 0 12 90
2360 0 12 86
393 0 12 82
3016 0 12 76
1072 0 12 72
3594 0 12 68
3993 0 12 64
2675 0 12 59
3054 0 12 53
269 0 12 49
2028 0 12 44
774 0 12 40
4553 0 12 36
1207 0 12 32
1855 0 12 27
2792 0 12 21
2378 0 12 15
3758 0 12 10
4337 0 12 6
908 0 12 2
2467 0 13 94
1241 0 13 90
3439 0 13 85
3362 0 13 82
1243 0 13 76
4431 0 13 71
2807 0 13 66
2767 0 13 62
2650 0 13 59
1349 0 13 53
3646 0 13 48
3874 0 13 43
4152 0 13 38
3896 0 13 33
4334 0 13 28
1279 0 13 24
1727 0 13 20
4267 0 13 15
2660 0 13 10
586 0 13 6
3252 0 13 1
1895 0 14 94
600 0 14 90
3997 0 14 84
4260 0 14 76
4407 0 14 71
4203 0 14 65
4202 0 14 61
4222 0 14 56
1748 0 14 52
1087 0 14 47
3180 0 14 43
3339 0 14 38
2506 0 14 33
1931 0 14 28
386 0 14 24
1654 0 14 20
1611 0 14 15
2528 0 14 10
2862 0 14 5
3047 0 15 93
462 0 15 89
3491 0 15 85
3033 0 15 82
923 0 15 76
751 0 15 71
3161 0 15 65
4125 0 15 61
3160 0 15 56
928 0 15 52
1084 0 15 47
1439 0 15 43
2714 0 15 38
471 0 15 33
1434 0 15 28
4224 0 15 23
3232 0 15 18
3712 0 15 14
1862 0 15 9
3019 0 15 5
1846 0 16 93
4475 0 16 87
632 0 16 83
3475 0 16 78
984 0 16 74
1618 0 16 69
2279 0 16 63
1487 0 16 59
1127 0 16 53
2267 0 16 48
1037 0 16 43
1561 0 16 38
3289 0 16 32
1216 0 16 27
2347 0 16 21
1168 0 16 15
2253 0 16 10
2554 0 16 5
377 0 17 93
2154 0 17 87
4126 0 17 82
2607 0 17 75
2784 0 17 70
278 0 17 66
1989 0 17 62
1464 0 17 59
4511 0 17 52
456 0 17 47
3162 0 17 42
829 0 17 38
2541 0 17 32
3230 0 17 26
2543 0 17 21
669 0 17 15
615 0 17 10
1873 0 17 5
234 0 18 93
782 0 18 87
3891 0 18 82
2092 0 18 75
2355 0 18 70
3115 0 18 65
2732 0 18 61
3451 0 18 55
3689 0 18 50
4002 0 18 45
512 0 18 41
2334 0 18 37
2830 0 18 33
4430 0 18 27
77 0 18 21
608 0 18 15
37 0 18 10
1273 0 18 5
3810 0 19 92
2089 0 19 88
88 0 19 84
3800 0 19 76
617 0 19 70
3095 0 19 65
434 0 19 61
2806 0 19 55
2476 0 19 50
3275 0 19 45
3990 0 19 40
2813 0 19 36
511 0 19 32
3437 0 19 25
2907 0 19 21
4114 0 19 14
3276 0 19 8
51 0 19 5
3601 2 0 92
1577 2 0 88
4036 2 0 83
2475 2 0 78
907 2 0 74
1460 2 0 69
242 2 0 63
3114 2 0 58
1863 2 0 54
4528 2 0 48
443 2 0 43
530 2 0 38
4249 2 0 31
4136 2 0 27
3737 2 0 20
833 2 0 15
3570 2 0 9
2523 2 0 5
3466 2 2 92
1358 2 2 88
1921 2 2 83
1995 2 2 78
3410 2 2 73
2517 2 2 69
1668 2 2 62
1986 2 2 58
2575 2 2 53
2020 2 2 48
2688 2 2 42
375 2 2 38
4148 2 2 31
3500 2 2 27
2965 2 2 20
775 2 2 15
3176 2 2 9
2513 2 2 5
2427 2 3 92
4288 2 3 87
3680 2 3 82
1988 2 3 75
1370 2 3 70
2978 2 3 65
3814 2 3 60
4077 2 3 54
3153 2 3 48
2569 2 3 42
4489 2 3 37
2527 2 3 33
2988 2 3 27
4405 2 3 19
4419 2 3 13
3647 2 3 9
891 2 3 5
1928 2 6 92
927 2 6 87
670 2 6 82
3479 2 6 74
1297 2 6 69
819 2 6 62
1403 2 6 58
427 2 6 52
4348 2 6 46
105 2 6 42
2926 2 6 37
1601 2 6 33
2012 2 6 27
2802 2 6 19
3796 2 6 13
1785 2 6 9
2850 2 6 4
1804 2 8 92
84 2 8 87
653 2 8 82
1591 2 8 74
964 2 8 69
3760 2 8 61
1898 2 8 55
333 2 8 50
550 2 8 45
1560 2 8 40
2119 2 8 36
3769 2 8 31
2043 2 8 27
3806 2 8 18
2103 2 8 14
3077 2 8 8
1593 2 8 4
1419 2 9 92
1608 2 9 86
4504 2 9 81
4368 2 9 78
404 2 9 73
493 2 9 69
1914 2 9 61
175 2 9 55
2414 2 9 49
338 2 9 43
153 2 9 38
3780 2 9 31
1885 2 9 27
2982 2 9 18
171 2 9 14
2591 2 9 8
1584 2 9 4
1225 2 10 92
1454 2 10 86
4425 2 10 81
3665 2 10 78
826 2 10 72
3371 2 10 68
3878 2 10 64
985 2 10 59
260 2 10 52
3642 2 10 46
4266 2 10 41
879 2 10 37
4216 2 10 32
3228 2 10 25
1772 2 10 21
3415 2 10 14
2131 2 10 8
1260 2 10 4
266 2 11 92
1443 2 11 86
3912 2 11 80
3872 2 11 73
4548 2 11 68
2799 2 11 64
737 2 11 59
1520 2 11 51
4412 2 11 48
1448 2 11 42
1680 2 11 37
1633 2 11 32
2602 2 11 25
3984 2 11 18
4353 2 11 13
1549 2 11 8
1226 2 11 4
455 2 13 91
341 2 13 86
2882 2 13 80
3281 2 13 73
3259 2 13 68
593 2 13 64
2207 2 13 58
4056 2 13 51
1191 2 13 48
1024 2 13 42
1650 2 13 37
364 2 13 32
1977 2 13 25
3725 2 13 18
4035 2 13 13
3838 2 13 7
3506 2 13 1
2175 2 14 90
3111 2 14 84
3125 2 14 76
300 2 14 70
2061 2 14 65
3313 2 14 60
3209 2 14 54
3044 2 14 48
231 2 14 42
1185 2 14 37
3914 2 14 31
1068 2 14 27
2680 2 14 18
3911 2 14 13
3746 2 14 7
932 2 14 1
1442 2 16 90
771 2 16 84
2545 2 16 75
1319 2 16 70
2033 2 16 65
2659 2 16 60
3196 2 16 54
2364 2 16 48
3535 2 16 41
3403 2 16 36
2370 2 16 31
644 2 16 27
1893 2 16 18
1913 2 16 13
3029 2 16 7
883 2 16 1
585 2 18 90
4039 2 18 83
839 2 18 78
3308 2 18 71
2557 2 18 65
1922 2 18 60
3030 2 18 54
1423 2 18 48
3174 2 18 41
3136 2 18 36
2328 2 18 31
3722 2 18 26
2080 2 18 21
4268 2 18 13
2289 2 18 7
2332 2 18 1
4096 2 19 89
3468 2 19 85
1556 2 19 82
3012 2 19 73
3235 2 19 68
3753 2 19 63
2239 2 19 58
2889 2 19 51
2357 2 19 47
2670 2 19 42
886 2 19 37
3629 2 19 31
2747 2 19 26
132 2 19 21
2531 2 19 13
2125 2 19 7
2145 2 19 1
1979 3 0 89
1877 3 0 85
1360 3 0 82
1817 3 0 73
2838 3 0 68
3474 3 0 63
3327 3 0 57
4054 3 0 51
606 3 0 47
4059 3 0 41
1653 3 0 36
1839 3 0 31
2316 3 0 26
3940 3 0 20
1250 3 0 14
916 3 0 8
43 3 0 4
3880 3 2 88
4043 3 2 82
1592 3 2 73
1566 3 2 68
3037 3 2 63
3961 3 2 56
420 3 2 52
3240 3 2 46
2571 3 2 41
3490 3 2 35
384 3 2 31
1854 3 2 26
3041 3 2 20
257 3 2 14
3107 3 2 7
637 3 2 1
161 3 3 88
3873 3 3 81
1123 3 3 78
3256 3 3 71
650 3 3 65
3261 3 3 59
728 3 3 51
3141 3 3 46
1974 3 3 41
2779 3 3 35
137 3 3 31
1800 3 3 26
2470 3 3 20
4468 3 3 13
596 3 3 7
2871 3 4 87
4346 3 4 81
3357 3 4 77
2705 3 4 72
2658 3 4 68
2244 3 4 63
3928 3 4 56
2324 3 4 51
1856 3 4 46
1006 3 4 41
1911 3 4 35
3751 3 4 30
3017 3 4 24
1375 3 4 20
2738 3 4 13
1404 3 4 6
862 3 5 87
4230 3 5 81
2996 3 5 77
1162 3 5 72
4411 3 5 67
2307 3 5 61
3518 3 5 54
4427 3 5 47
2639 3 5 41
1270 3 5 35
1039 3 5 30
2833 3 5 24
4384 3 5 19
3456 3 5 13
1192 3 5 6
628 3 6 87
3555 3 6 81
1797 3 6 77
1048 3 6 72
3450 3 6 67
4350 3 6 60
2981 3 6 54
4336 3 6 47
430 3 6 41
2211 3 6 34
4443 3 6 29
3915 3 6 26
1879 3 6 20
2039 3 6 13
409 3 6 6
486 3 10 87
2091 3 10 81
2568 3 10 76
3733 3 10 69
2443 3 10 60
1323 3 10 54
2366 3 10 47
4185 3 10 40
2109 3 10 36
778 3 10 31
1382 3 10 26
1838 3 10 20
1483 3 10 13
3766 3 10 5
3820 3 11 86
2062 3 11 79
1946 3 11 75
405 3 11 70
917 3 11 65
2916 3 11 59
241 3 11 51
1416 3 11 46
2406 3 11 40
2095 3 11 36
761 3 11 31
1165 3 11 26
371 3 11 20
4180 3 11 12
1345 3 11 9
808 3 11 4
1982 3 14 86
980 3 14 79
143 3 14 75
1515 3 14 69
2432 3 14 60
901 3 14 54
2159 3 14 47
3692 3 14 40
4274 3 14 35
4194 3 14 29
4395 3 14 25
3099 3 14 18
1377 3 14 13
3005 3 14 5
4317 3 19 85
1428 3 19 81
3595 3 19 75
1183 3 19 69
1133 3 19 60
793 3 19 54
1224 3 19 47
1021 3 19 40
2025 3 19 35
3703 3 19 29
1456 3 19 25
2914 3 19 18
1238 3 19 13
1290 3 19 5
3657 4 0 85
1372 4 0 81
3387 4 0 75
723 4 0 69
4333 4 0 59
3678 4 0 50
422 4 0 45
128 4 0 40
209 4 0 35
2642 4 0 29
946 4 0 25
1981 4 0 18
934 4 0 13
849 4 0 5
2007 4 2 85
573 4 2 81
1814 4 2 75
3756 4 2 68
569 4 2 63
3606 4 2 56
2725 4 2 50
2902 4 2 44
4089 4 2 39
1309 4 2 35
2188 4 2 29
4277 4 2 24
1951 4 2 19
2471 4 2 13
571 4 2 5
1174 4 4 84
994 4 4 75
3548 4 4 68
3986 4 4 62
309 4 4 58
203 4 4 51
3852 4 4 45
3342 4 4 39
182 4 4 35
1108 4 4 29
3108 4 4 24
127 4 4 19
4008 4 4 12
1269 4 4 9
280 4 4 4
3531 4 5 83
4410 4 5 77
445 4 5 72
1043 4 5 67
4067 4 5 60
4221 4 5 53
1631 4 5 47
616 4 5 40
156 4 5 35
621 4 5 27
3489 4 5 17
3159 4 5 14
4308 4 5 6
1179 4 6 83
3922 4 6 77
4184 4 6 71
436 4 6 65
2696 4 6 59
2484 4 6 50
2735 4 6 44
4065 4 6 39
4354 4 6 34
3970 4 6 29
2147 4 6 24
4463 4 6 18
4064 4 6 12
4272 4 6 8
1818 4 6 3
389 4 8 83
3813 4 8 77
2821 4 8 71
4482 4 8 64
2465 4 8 57
1364 4 8 51
3305 4 8 45
2116 4 8 39
3349 4 8 33
1803 4 8 27
3200 4 8 17
2311 4 8 12
3069 4 8 8
803 4 8 3
4535 4 9 82
1050 4 9 73
633 4 9 68
3157 4 9 62
3330 4 9 57
216 4 9 51
2610 4 9 45
114 4 9 39
2090 4 9 33
1684 4 9 26
2151 4 9 19
1178 4 9 12
1830 4 9 7
1538 4 16 82
2960 4 16 72
370 4 16 67
3583 4 16 60
3049 4 16 53
706 4 16 47
3373 4 16 39
1498 4 16 33
558 4 16 26
1643 4 16 19
4151 4 16 11
945 4 16 7
2075 4 17 81
1177 4 17 75
419 4 17 68
2305 4 17 62
1754 4 17 57
126 4 17 51
2460 4 17 45
3886 4 17 38
3660 4 17 31
2097 4 17 25
4400 4 17 17
1514 4 17 12
1092 4 17 7
1409 5 0 81
194 5 0 75
3379 5 0 67
2335 5 0 60
1351 5 0 53
3507 5 0 46
1410 5 0 40
2763 5 0 34
3798 5 0 29
1203 5 0 24
3554 5 0 18
2396 5 0 12
603 5 0 7
4150 5 9 80
1719 5 9 73
424 5 9 68
1652 5 9 62
947 5 9 57
2921 5 9 50
2630 5 9 44
3296 5 9 39
1485 5 9 33
2939 5 9 25
2359 5 9 17
239 5 9 12
4024 5 9 6
3397 5 10 80
1274 5 10 73
418 5 10 68
828 5 10 62
32 5 10 57
2433 5 10 50
2986 5 10 43
3972 5 10 37
2787 5 10 31
1548 5 10 25
1743 5 10 17
4555 5 10 11
3050 5 10 6
4293 5 12 77
4351 5 12 69
1906 5 12 59
587 5 12 50
4252 5 12 42
4264 5 12 36
167 5 12 31
1438 5 12 25
3243 5 12 16
1609 5 12 12
4017 5 12 6
243 5 14 70
881 5 14 65
2313 5 14 59
336 5 14 50
2251 5 14 42
3126 5 14 36
4355 5 14 30
2320 5 14 24
1924 5 14 18
2132 5 14 12
2579 5 14 6
4158 5 18 98
1533 5 18 96
3299 5 18 91
4363 5 18 85
4543 5 18 80
262 5 18 73
34 5 18 68
1741 5 18 61
2173 5 18 54
4529 5 18 45
2781 5 18 38
2052 5 18 31
1137 5 18 25
1976 5 18 16
975 5 18 12
3472 5 18 5
2742 5 19 97
3175 5 19 93
572 5 19 87
846 5 19 81
4086 5 19 74
3624 5 19 68
1427 5 19 61
525 5 19 54
3166 5 19 45
1588 5 19 38
1774 5 19 31
2153 5 19 24
1094 5 19 18
1878 5 19 12
3151 5 19 5
1599 6 0 97
1634 6 0 93
534 6 0 87
94 6 0 81
3944 6 0 74
3190 6 0 68
1385 6 0 61
4557 6 0 53
3 6 0 46
528 6 0 40
698 6 0 34
2438 6 0 29
3905 6 0 23
1694 6 0 18
504 6 0 12
2212 6 0 5
319 6 1 97
4237 6 1 92
481 6 1 86
1714 6 1 78
2597 6 1 71
4449 6 1 64
1184 6 1 57
743 6 1 50
1366 6 1 42
2782 6 1 36
2447 6 1 30
1155 6 1 24
368 6 1 18
3696 6 1 11
1265 6 1 6
3821 6 2 96
1082 6 2 91
3205 6 2 85
4479 6 2 80
3165 6 2 72
3935 6 2 66
1231 6 2 62
4281 6 2 56
1850 6 2 50
1210 6 2 42
2868 6 2 35
95 6 2 27
2849 6 2 17
1765 6 2 11
690 6 2 6
3391 6 4 96
1054 6 4 91
4113 6 4 84
693 6 4 75
315 6 4 67
2223 6 4 60
526 6 4 53
3645 6 4 45
721 6 4 38
4320 6 4 30
1091 6 4 24
4370 6 4 17
1145 6 4 11
478 6 4 6
2392 6 5 95
4119 6 5 89
1553 6 5 85
4139 6 5 80
3009 6 5 72
1869 6 5 66
4498 6 5 61
2452 6 5 53
807 6 5 45
421 6 5 38
1600 6 5 30
4531 6 5 23
4445 6 5 17
40 6 5 11
4369 6 5 5
1506 6 7 95
3885 6 7 89
349 6 7 85
3512 6 7 80
38 6 7 71
2083 6 7 64
1101 6 7 57
4219 6 7 49
4297 6 7 42
4284 6 7 34
609 6 7 29
3615 6 7 23
734 6 7 17
3443 6 7 10
361 6 7 5
977 6 10 95
3242 6 10 89
3503 6 10 84
39 6 10 75
4175 6 10 66
3795 6 10 61
4433 6 10 52
1540 6 10 46
4049 6 10 39
1004 6 10 33
4174 6 10 24
4356 6 10 17
3135 6 10 10
4292 6 10 4
2997 6 12 94
4259 6 12 89
1965 6 12 84
1886 6 12 74
2215 6 12 68
3370 6 12 60
3484 6 12 52
4341 6 12 45
4001 6 12 37
2713 6 12 31
1007 6 12 24
3965 6 12 17
2067 6 12 10
2934 6 12 4
2674 6 14 94
3481 6 14 89
1871 6 14 84
613 6 14 74
806 6 14 68
1562 6 14 60
2856 6 14 52
3941 6 14 45
3815 6 14 37
1902 6 14 31
3359 6 14 23
4236 6 14 16
244 6 14 12
685 6 14 5
1518 6 16 94
117 6 16 89
1488 6 16 84
2565 6 16 73
4295 6 16 67
4447 6 16 59
4388 6 16 49
4250 6 16 42
2943 6 16 34
4029 6 16 28
658 6 16 23
2439 6 16 16
3590 6 16 11
3073 6 16 5
2430 6 17 93
3927 6 17 86
1212 6 17 78
4501 6 17 70
1874 6 17 64
1692 6 17 56
1827 6 17 50
983 6 17 42
1313 6 17 34
795 6 17 28
4022 6 17 22
958 6 17 17
517 6 17 10
2728 6 17 4
2077 6 18 93
3063 6 18 86
475 6 18 78
2898 6 18 70
1263 6 18 64
1572 6 18 56
4071 6 18 49
3694 6 18 42
3131 6 18 33
3457 6 18 24
3761 6 18 17
3384 6 18 9
4499 6 18 3
4550 6 19 92
3561 6 19 85
2671 6 19 80
20 6 19 71
2049 6 19 64
1271 6 19 56
2127 6 19 49
1453 6 19 42
3119 6 19 32
508 6 19 25
1733 6 19 15
3139 6 19 9
4319 6 19 3
4424 7 2 92
767 7 2 85
4156 7 2 79
4303 7 2 74
2966 7 2 67
1629 7 2 59
3312 7 2 49
1199 7 2 42
160 7 2 32
346 7 2 25
50 7 2 15
1465 7 2 9
3842 7 2 3
2900 7 4 92
93 7 4 85
3799 7 4 79
1907 7 4 74
2940 7 4 67
4217 7 4 58
4208 7 4 50
2404 7 4 41
1029 7 4 34
484 7 4 28
3344 7 4 22
702 7 4 17
3090 7 4 9
3496 7 4 3
2227 7 5 92
3547 7 5 84
1619 7 5 73
3473 7 5 67
3118 7 5 58
1059 7 5 50
2140 7 5 40
4010 7 5 33
3334 7 5 24
3267 7 5 17
3060 7 5 9
1055 7 5 3
1825 7 7 92
3424 7 7 84
166 7 7 73
2778 7 7 67
2772 7 7 58
544 7 7 50
1952 7 7 40
3345 7 7 33
3014 7 7 24
3101 7 7 17
2213 7 7 9
900 7 7 3
311 7 8 92
3028 7 8 84
1408 7 8 72
1835 7 8 66
2743 7 8 60
1620 7 8 52
1872 7 8 45
2715 7 8 37
897 7 8 31
3355 7 8 23
3411 7 8 15
1140 7 8 9
91 7 8 3
303 7 9 92
2700 7 9 84
1173 7 9 72
4321 7 9 65
205 7 9 59
3098 7 9 49
474 7 9 42
1642 7 9 31
2158 7 9 23
2811 7 9 15
531 7 9 9
3390 7 9 2
3291 7 10 91
3881 7 10 84
4549 7 10 71
1495 7 10 64
79 7 10 56
217 7 10 49
4361 7 10 41
4012 7 10 33
1333 7 10 24
2998 7 10 17
3951 7 10 8
4540 7 10 2
3257 7 12 91
3633 7 12 84
3807 7 12 71
1058 7 12 64
4547 7 12 55
1585 7 12 49
1603 7 12 41
3551 7 12 33
800 7 12 24
1962 7 12 17
3856 7 12 8
2822 7 12 2
2623 7 14 91
4241 7 14 83
3143 7 14 77
2520 7 14 69
3992 7 14 58
4131 7 14 49
299 7 14 41
2621 7 14 33
4516 7 14 23
1405 7 14 15
4458 7 14 8
2559 7 14 2
2294 8 0 91
1437 8 0 83
1517 8 0 77
2228 8 0 69
3826 8 0 58
2761 8 0 49
3755 8 0 40
3079 8 0 33
2796 8 0 23
133 8 0 15
3871 8 0 8
3448 8 0 1
111 8 2 91
4381 8 2 82
1698 8 2 72
2581 8 2 65
2480 8 2 58
2529 8 2 49
3351 8 2 40
2877 8 2 33
1033 8 2 23
4343 8 2 14
3854 8 2 6
3742 8 4 90
2296 8 4 83
996 8 4 77
2502 8 4 67
4108 8 4 57
3985 8 4 49
3170 8 4 40
2872 8 4 33
41 8 4 23
3707 8 4 14
1486 8 4 6
3421 8 5 90
680 8 5 83
746 8 5 77
3839 8 5 66
2698 8 5 60
103 8 5 52
521 8 5 45
1875 8 5 37
48 8 5 31
986 8 5 23
3184 8 5 14
1303 8 5 6
3329 8 9 90
4440 8 9 82
387 8 9 72
1967 8 9 65
1299 8 9 58
1479 8 9 49
1373 8 9 40
2001 8 9 33
2027 8 9 21
1613 8 9 13
562 8 9 5
2928 8 10 90
4366 8 10 82
3630 8 10 71
3130 8 10 63
3597 8 10 56
4215 8 10 48
1912 8 10 41
1451 8 10 33
1750 8 10 21
3288 8 10 12
594 8 10 5
2546 8 11 89
451 8 11 84
2497 8 11 71
2180 8 11 63
3575 8 11 56
3470 8 11 48
1073 8 11 41
1147 8 11 33
1025 8 11 21
2645 8 11 12
3224 8 11 4
1888 8 12 89
4526 8 12 83
4305 8 12 76
2395 8 12 69
2260 8 12 58
3640 8 12 48
992 8 12 41
631 8 12 32
3085 8 12 24
2412 8 12 16
2375 8 12 11
1628 8 12 5
4244 8 13 88
2608 8 13 81
3505 8 13 74
4072 8 13 66
2190 8 13 60
3097 8 13 51
2063 8 13 45
681 8 13 37
4552 8 13 30
4275 8 13 23
1793 8 13 14
3528 8 13 5
3588 8 14 88
966 8 14 81
1551 8 14 74
2507 8 14 66
1847 8 14 60
2449 8 14 51
1932 8 14 45
154 8 14 37
3571 8 14 30
3910 8 14 23
905 8 14 14
2258 8 14 5
1699 8 16 88
192 8 16 81
1232 8 16 74
2492 8 16 66
1102 8 16 60
1306 8 16 51
1740 8 16 45
4313 8 16 36
1028 8 16 30
2977 8 16 23
3651 8 16 13
177 8 16 5
943 8 17 88
100 8 17 81
3604 8 17 73
125 8 17 67
2888 8 17 57
2286 8 17 49
360 8 17 40
1702 8 17 33
2030 8 17 20
4013 8 17 12
2895 8 17 4
636 8 19 88
2436 8 19 80
3113 8 19 70
629 8 19 64
3644 8 19 55
995 8 19 49
4325 8 19 39
605 8 19 33
3546 8 19 19
4061 8 19 11
1041 8 19 5
2387 9 0 87
3900 9 0 80
2068 9 0 70
4095 9 0 63
2485 9 0 56
3062 9 0 48
4099 9 0 40
536 9 0 33
2152 9 0 19
1950 9 0 11
388 9 0 5
1090 9 2 87
2155 9 2 80
1582 9 2 70
3394 9 2 63
2256 9 2 56
1909 9 2 48
597 9 2 40
97 9 2 33
869 9 2 19
1393 9 2 11
4127 9 2 4
4401 9 4 86
3385 9 4 77
3831 9 4 66
570 9 4 60
435 9 4 51
950 9 4 45
1450 9 4 36
837 9 4 30
2379 9 4 23
3419 9 4 13
149 9 4 5
49 9 5 86
2578 9 5 77
3488 9 5 66
3154 9 5 59
1696 9 5 49
3812 9 5 39
28 9 5 32
2288 9 5 24
941 9 5 16
2099 9 5 11
4032 9 5 4
4519 9 7 85
2400 9 7 79
785 9 7 74
2021 9 7 66
1402 9 7 59
731 9 7 49
4414 9 7 38
1383 9 7 30
1312 9 7 23
2749 9 7 13
2741 9 7 4
448 9 14 84
4500 9 14 70
3264 9 14 63
2054 9 14 56
1852 9 14 48
250 9 14 40
2291 9 14 32
3191 9 14 23
1552 9 14 13
773 9 14 4
3020 9 17 83
3332 9 17 76
2013 9 17 69
211 9 17 58
2570 9 17 48
4546 9 17 39
4171 9 17 31
4094 9 17 21
2640 9 17 12
2162 9 17 4
2015 9 19 81
2808 9 19 73
4485 9 19 66
1258 9 19 59
2409 9 19 48
2766 9 19 39
2168 9 19 31
3809 9 19 21
1658 9 19 10
1752 9 19 4
1379 10 0 81
3684 10 0 72
1937 10 0 65
4009 10 0 57
630 10 0 49
4030 10 0 38
446 10 0 30
2793 10 0 22
539 10 0 17
3736 10 0 8
1324 10 0 1
4364 10 4 80
515 10 4 70
646 10 4 63
1834 10 4 56
1822 10 4 48
2656 10 4 39
4263 10 4 30
2361 10 4 22
1790 10 4 16
1819 10 4 11
3469 10 4 4
1457 10 5 80
3214 10 5 69
3659 10 5 57
413 10 5 49
3982 10 5 38
441 10 5 30
1690 10 5 22
1985 10 5 15
2745 10 5 8
951 10 5 1
2309 10 7 79
87 10 7 74
989 10 7 66
223 10 7 59
4306 10 7 47
651 10 7 39
4134 10 7 30
856 10 7 22
1759 10 7 15
1607 10 7 8
1853 10 9 78
2626 10 9 70
124 10 9 63
707 10 9 56
1353 10 9 48
2278 10 9 39
3973 10 9 30
74 10 9 22
967 10 9 15
4016 10 9 7
4235 10 14 77
1706 10 14 66
4460 10 14 58
3909 10 14 47
1766 10 14 38
120 10 14 30
2583 10 14 21
1655 10 14 10
2733 10 14 3
1245 10 19 72
1167 10 19 65
3082 10 19 57
3513 10 19 48
1563 10 19 39
3335 10 19 30
2255 10 19 21
4021 10 19 9
2526 10 19 2
1963 11 0 65
2553 11 0 57
2904 11 0 48
3697 11 0 38
2336 11 0 29
2394 11 0 23
3504 11 0 12
817 11 0 4
3963 11 1 50
1713 11 1 40
885 11 1 32
1542 11 1 23
3282 11 1 12
204 11 1 4
58 11 3 50
291 11 3 40
4508 11 3 31
1390 11 3 20
3477 11 3 12
4111 11 3 3
880 11 4 96
788 11 4 91
1490 11 4 82
255 11 4 71
583 11 4 63
2343 11 4 55
2237 11 4 48
3868 11 4 36
599 11 4 30
1426 11 4 21
527 11 4 9
4515 11 4 1
4322 11 5 95
1244 11 5 89
2677 11 5 83
3223 11 5 76
1431 11 5 69
3592 11 5 57
2770 11 5 48
2748 11 5 36
463 11 5 30
1023 11 5 21
3666 11 5 8
2795 11 9 95
1693 11 9 88
1954 11 9 80
1497 11 9 69
339 11 9 57
772 11 9 48
138 11 9 36
425 11 9 30
3764 11 9 20
3476 11 9 11
2219 11 9 4
1742 11 11 95
3962 11 11 87
4270 11 11 79
2959 11 11 73
3418 11 11 66
4242 11 11 58
2917 11 11 47
1026 11 11 38
2032 11 11 29
2209 11 11 23
2587 11 11 12
3953 11 11 3
3078 11 12 94
70 11 12 89
2036 11 12 83
1980 11 12 76
1300 11 12 69
3273 11 12 56
240 11 12 48
4198 11 12 34
3265 11 12 27
692 11 12 17
3422 11 12 8
2126 11 13 93
2721 11 13 86
2423 11 13 77
1689 11 13 66
1889 11 13 58
3892 11 13 46
3537 11 13 39
1463 11 13 30
3572 11 13 20
665 11 13 11
1712 11 13 4
1511 11 14 93
2500 11 14 86
1106 11 14 77
1130 11 14 66
81 11 14 58
2287 11 14 46
2044 11 14 39
282 11 14 30
3542 11 14 20
2707 11 14 10
792 11 14 3
543 11 16 93
1311 11 16 86
797 11 16 77
4302 11 16 65
2257 11 16 57
3783 11 16 47
715 11 16 38
1586 11 16 29
2035 11 16 23
1282 11 16 12
3212 11 16 3
3782 11 18 92
2505 11 18 84
3989 11 18 70
2594 11 18 62
3567 11 18 56
71 11 18 48
1268 11 18 33
2113 11 18 17
2953 11 18 8
1503 11 19 92
2353 11 19 84
3811 11 19 70
563 11 19 62
2774 11 19 56
1202 11 19 47
498 11 19 38
1141 11 19 29
1806 11 19 23
1010 11 19 12
183 11 19 3
3042 12 5 91
1298 12 5 82
2304 12 5 70
3977 12 5 61
4085 12 5 52
494 12 5 45
4019 12 5 35
3936 12 5 26
4496 12 5 18
1736 12 5 11
1389 12 5 4
2493 12 6 91
1262 12 6 82
1665 12 6 70
3516 12 6 61
4074 12 6 52
390 12 6 45
3596 12 6 35
2726 12 6 26
3938 12 6 18
1164 12 6 11
1357 12 6 4
1536 12 7 91
3608 12 7 81
3453 12 7 72
1118 12 7 65
1267 12 7 57
3717 12 7 47
483 12 7 38
4294 12 7 28
1380 12 7 22
220 12 7 15
2918 12 7 7
489 12 9 91
2692 12 9 81
4121 12 9 71
3454 12 9 62
2672 12 9 56
4518 12 9 46
1125 12 9 39
2922 12 9 29
1578 12 9 23
924 12 9 12
1672 12 9 2
251 12 16 91
1391 12 16 80
1342 12 16 69
4385 12 16 55
4459 12 16 47
3946 12 16 37
3426 12 16 30
1288 12 16 20
1568 12 16 10
3901 12 16 2
4116 12 18 90
4271 12 18 82
1663 12 18 70
3280 12 18 61
3609 12 18 52
4307 12 18 44
2669 12 18 39
2730 12 18 29
717 12 18 23
683 12 18 12
1399 12 18 2
3210 13 0 90
2974 13 0 82
1327 13 0 70
2521 13 0 61
3485 13 0 52
1651 13 0 44
1218 13 0 39
450 13 0 29
449 13 0 23
559 13 0 12
720 13 0 2
1493 13 1 90
1703 13 1 82
4204 13 1 69
2785 13 1 55
3954 13 1 47
3865 13 1 37
3363 13 1 30
4527 13 1 19
3775 13 1 10
2408 13 1 2
929 13 2 90
875 13 2 82
4173 13 2 69
2703 13 2 55
3306 13 2 47
3536 13 2 37
3279 13 2 30
4523 13 2 18
3386 13 2 10
1253 13 2 2
2952 13 3 89
1142 13 3 83
4409 13 3 75
1941 13 3 66
3718 13 3 57
3249 13 3 47
1579 13 3 37
2857 13 3 30
686 13 3 18
3007 13 3 10
878 13 3 2
1805 13 4 89
411 13 4 83
3075 13 4 75
1824 13 4 66
1193 13 4 57
3045 13 4 47
3850 13 4 36
925 13 4 29
3670 13 4 22
4365 13 4 14
1529 13 4 5
1143 13 9 89
4481 13 9 82
2542 13 9 69
2530 13 9 55
1318 13 9 47
1151 13 9 36
601 13 9 29
3442 13 9 22
1581 13 9 14
2 13 9 5
3137 13 11 88
810 13 11 80
4286 13 11 68
1473 13 11 60
4110 13 11 50
3817 13 11 39
4544 13 11 28
55 13 11 22
674 13 11 14
2950 13 11 4
777 13 14 88
15 13 14 80
3777 13 14 68
1223 13 14 60
3048 13 14 50
3636 13 14 39
2783 13 14 28
602 13 14 21
708 13 14 8
552 13 16 88
4413 13 16 79
2901 13 16 73
3323 13 16 66
3598 13 16 56
2835 13 16 46
944 13 16 39
1975 13 16 28
3932 13 16 20
758 13 16 10
671 13 16 2
4349 14 4 87
1085 14 4 79
1204 14 4 73
2382 14 4 66
1200 14 4 56
4486 14 4 45
3023 14 4 35
926 14 4 26
3367 14 4 17
2303 14 4 7
2582 14 7 87
687 14 7 79
1135 14 7 73
1491 14 7 66
2648 14 7 55
277 14 7 47
173 14 7 35
736 14 7 26
461 14 7 17
1283 14 7 7
3699 14 8 86
755 14 8 77
4223 14 8 65
911 14 8 57
1067 14 8 47
1255 14 8 34
3123 14 8 27
235 14 8 17
4165 14 8 6
1764 14 9 86
703 14 9 77
2858 14 9 65
3465 14 9 56
4210 14 9 45
2993 14 9 35
139 14 9 26
2064 14 9 15
1784 14 9 7
1521 14 11 86
208 14 11 77
4097 14 11 64
3527 14 11 55
4296 14 11 46
2938 14 11 38
3383 14 11 28
3487 14 11 20
82 14 11 10
4525 14 11 1
673 14 12 86
1569 14 12 76
157 14 12 69
4556 14 12 54
2955 14 12 45
2242 14 12 35
584 14 12 25
1519 14 12 14
1407 14 12 4
4051 14 13 85
1978 14 13 79
990 14 13 73
4168 14 13 65
2613 14 13 56
3441 14 13 45
1798 14 13 35
988 14 13 24
44 14 13 16
306 14 13 11
19 14 13 4
3087 14 14 85
1580 14 14 79
367 14 14 73
2644 14 14 65
542 14 14 56
3216 14 14 45
1687 14 14 35
640 14 14 24
2199 14 14 15
784 14 14 7
2281 14 18 85
3700 14 18 78
2376 14 18 70
733 14 18 61
2631 14 18 52
1570 14 18 44
2932 14 18 38
4328 14 18 27
86 14 18 17
2958 14 18 6
1864 14 19 85
3322 14 19 78
1667 14 19 70
403 14 19 61
2574 14 19 52
4078 14 19 43
3409 14 19 37
779 14 19 30
4076 14 19 17
221 14 19 6
52 15 0 84
3664 15 0 70
4218 15 0 60
2935 15 0 50
2837 15 0 39
1688 15 0 28
2719 15 0 20
4386 15 0 9
3836 15 0 1
4201 15 2 83
3046 15 2 75
1335 15 2 66
937 15 2 55
3399 15 2 46
2057 15 2 38
3283 15 2 27
1662 15 2 16
3104 15 2 10
4357 15 2 1
3650 15 7 82
2424 15 7 69
2777 15 7 54
4091 15 7 44
2864 15 7 38
2689 15 7 27
695 15 7 16
3013 15 7 10
3566 15 7 1
3754 15 9 80
3663 15 9 68
3711 15 9 59
913 15 9 47
1109 15 9 34
485 15 9 27
2985 15 9 15
219 15 9 7
1756 15 10 79
4507 15 10 72
296 15 10 65
200 15 10 56
1472 15 10 45
909 15 10 35
3058 15 10 23
2525 15 10 11
2552 15 10 3
3189 16 0 78
4118 16 0 69
2161 16 0 54
3569 16 0 44
2367 16 0 38
614 16 0 27
2142 16 0 15
2146 16 0 6
4083 16 2 77
2606 16 2 63
4488 16 2 54
2544 16 2 44
2321 16 2 38
541 16 2 27
1991 16 2 15
554 16 2 6
565 16 3 73
2572 16 3 65
3587 16 3 55
1841 16 3 46
1999 16 3 38
1180 16 3 26
1392 16 3 15
3996 16 3 5
956 16 5 64
2967 16 5 55
1417 16 5 46
3879 16 5 37
3412 16 5 29
3053 16 5 22
357 16 5 14
1111 16 5 4
3425 16 10 47
623 16 10 34
214 16 10 27
1322 16 10 15
1961 16 10 5
465 16 12 96
2828 16 12 90
60 16 12 82
1605 16 12 69
3641 16 12 53
3978 16 12 44
1958 16 12 38
1009 16 12 25
155 16 12 14
1197 16 12 3
31 16 13 95
3776 16 13 87
272 16 13 79
3366 16 13 72
4273 16 13 64
1040 16 13 55
1113 16 13 46
2845 16 13 37
3237 16 13 29
2636 16 13 22
347 16 13 14
1726 16 13 1
850 16 15 94
4289 16 15 88
4159 16 15 79
3292 16 15 72
2881 16 15 64
431 16 15 55
568 16 15 46
3407 16 15 35
365 16 15 23
1836 16 15 11
1972 16 15 3
2923 16 16 93
1248 16 16 86
258 16 16 76
2261 16 16 68
3206 16 16 59
10 16 16 46
3147 16 16 35
2330 16 16 22
963 16 16 13
701 16 16 4
2462 16 17 93
1098 16 17 86
3942 16 17 75
467 16 17 66
3501 16 17 54
2275 16 17 44
1887 16 17 38
4435 16 17 24
4455 16 17 14
213 16 17 1
2368 16 19 93
3304 16 19 85
3185 16 19 78
1789 16 19 69
2437 16 19 53
3682 16 19 44
1161 16 19 38
502 16 19 24
3502 16 19 14
4157 16 19 3
1622 17 0 93
3285 17 0 85
3006 17 0 78
1206 17 0 69
2051 17 0 53
3380 17 0 44
246 17 0 38
159 17 0 24
3440 17 0 14
1100 17 0 3
4187 17 2 92
1236 17 2 84
3106 17 2 70
4193 17 2 60
2550 17 2 50
2515 17 2 39
1368 17 2 28
2358 17 2 20
4103 17 2 9
2218 17 2 1
3639 17 3 92
3461 17 3 83
2819 17 3 75
4161 17 3 65
2105 17 3 55
4534 17 3 45
106 17 3 35
1089 17 3 22
225 17 3 13
358 17 3 3
3495 17 5 92
2558 17 5 83
709 17 5 75
3510 17 5 65
1418 17 5 55
4360 17 5 45
641 17 5 34
4199 17 5 26
1384 17 5 15
954 17 5 5
3234 17 6 92
2547 17 6 83
353 17 6 75
1738 17 6 65
931 17 6 55
1849 17 6 45
574 17 6 34
3382 17 6 26
1275 17 6 15
4490 17 6 4
4492 17 7 91
4205 17 7 79
3263 17 7 72
4375 17 7 63
4358 17 7 54
2167 17 7 44
4514 17 7 37
2536 17 7 29
2217 17 7 22
2363 17 7 12
376 17 7 2
2157 17 8 91
2166 17 8 79
2074 17 8 72
968 17 8 63
3455 17 8 54
1929 17 8 44
3061 17 8 37
2268 17 8 29
2197 17 8 22
2331 17 8 12
2229 17 8 1
2121 17 9 91
2022 17 9 79
863 17 9 72
75 17 9 63
2910 17 9 54
4041 17 9 43
2081 17 9 37
4130 17 9 28
2340 17 9 20
1944 17 9 9
1507 17 9 1
1221 17 10 91
414 17 10 79
472 17 10 72
4551 17 10 62
3388 17 10 55
4279 17 10 44
2371 17 10 37
1013 17 10 28
2060 17 10 20
940 17 10 9
297 17 10 1
1005 17 12 91
232 17 12 79
4423 17 12 71
3364 17 12 62
2592 17 12 55
89 17 12 44
2863 17 12 36
3643 17 12 28
2048 17 12 20
2595 17 12 7
855 17 13 91
178 17 13 79
3337 17 13 71
1792 17 13 62
2038 17 13 55
2556 17 13 43
1997 17 13 37
841 17 13 28
1627 17 13 20
2577 17 13 7
4466 17 15 90
1440 17 15 81
820 17 15 71
464 17 15 62
1933 17 15 55
3591 17 15 42
1617 17 15 31
1317 17 15 20
4123 17 15 6
3958 17 19 90
3617 17 19 80
3427 17 19 68
2266 17 19 59
3974 17 19 45
3960 17 19 33
3559 17 19 15
3745 17 19 4
3704 18 0 90
3414 18 0 80
2139 18 0 68
1780 18 0 59
1122 18 0 45
3219 18 0 33
2727 18 0 15
3328 18 0 4
2711 18 2 90
1966 18 2 80
547 18 2 68
1675 18 2 59
332 18 2 45
1983 18 2 33
936 18 2 12
979 18 2 1
2489 18 3 90
2524 18 3 79
3260 18 3 71
145 18 3 62
1773 18 3 55
1778 18 3 42
509 18 3 31
163 18 3 20
2962 18 3 6
115 18 10 90
1901 18 10 79
3187 18 10 71
4536 18 10 61
2301 18 10 52
2865 18 10 43
1468 18 10 37
2384 18 10 27
1008 18 10 15
667 18 10 4
3767 18 15 89
3402 18 15 82
196 18 15 69
3577 18 15 52
2018 18 15 43
131 18 15 37
2186 18 15 27
3178 18 15 14
1124 18 15 2
1761 18 17 89
3221 18 17 82
9 18 17 69
2276 18 17 52
1701 18 17 43
2373 18 17 36
3354 18 17 28
643 18 17 20
2759 18 17 6
1623 19 0 89
3132 19 0 82
590 19 0 68
712 19 0 59
3192 19 0 44
1080 19 0 36
2731 19 0 28
4467 19 0 19
2389 19 0 9
3939 19 2 88
3024 19 2 79
960 19 2 71
4415 19 2 61
1697 19 2 52
1526 19 2 43
1264 19 2 36
3462 19 2 27
2479 19 2 14
654 19 2 2
399 19 3 88
1294 19 3 79
4464 19 3 70
4088 19 3 60
2388 19 3 50
2248 19 3 39
503 19 3 28
3318 19 3 19
164 19 3 9
4438 19 5 87
2333 19 5 78
811 19 5 69
270 19 5 52
3968 19 5 42
402 19 5 31
4192 19 5 19
112 19 5 9
2042 19 6 87
3975 19 6 77
1398 19 6 63
2508 19 6 54
3999 19 6 43
1970 19 6 35
4075 19 6 18
2913 19 6 10
2356 19 6 1
380 19 7 87
2580 19 7 77
3168 19 7 62
814 19 7 55
453 19 7 42
4491 19 7 30
3436 19 7 17
3150 19 7 5
2637 19 8 86
1968 19 8 75
2206 19 8 64
3142 19 8 54
56 19 8 43
466 19 8 35
3964 19 8 18
2589 19 8 10
1114 19 8 1
1971 19 9 85
1722 19 9 78
1381 19 9 68
661 19 9 59
2724 19 9 44
827 19 9 36
2365 19 9 27
3096 19 9 13
26 19 9 2
1786 19 10 85
624 19 10 78
3300 19 10 67
3983 19 10 56
4124 19 10 44
3416 19 10 35
3774 19 10 18
2426 19 10 10
825 19 10 1
1219 19 12 85
4280 19 12 77
4090 19 12 60
1097 19 12 50
1775 19 12 39
4102 19 12 27
1795 19 12 13
1325 19 12 1
2183 19 13 84
1278 19 13 70
189 19 13 60
1075 19 13 50
3035 19 13 38
2114 19 13 23
4374 19 13 10
1476 19 14 84
4154 19 14 69
3902 19 14 51
1659 19 14 44
2310 19 14 35
2598 19 14 17
2736 19 14 5
224 19 15 84
3000 19 15 69
626 19 15 50
122 19 15 38
1861 19 15 23
3971 19 15 10
3435 19 17 83
1121 19 17 74
3794 19 17 65
3138 19 17 54
2812 19 17 42
3921 19 17 30
3309 19 17 16
557 19 17 10
2584 19 18 83
576 19 18 74
3779 19 18 65
1516 19 18 54
2249 19 18 42
3446 19 18 30
3361 19 18 15
4444 19 18 3
3417 19 19 82
2076 19 19 67
3781 19 19 56
4098 19 19 44
2250 19 19 35
2165 19 19 17
1315 19 19 5
