2954
5423 0 0 99
5857 0 0 97
921 0 0 95
4107 0 0 92
5965 0 0 89
486 0 0 86
4879 0 0 83
4816 0 0 80
4978 0 0 78
5974 0 0 75
3913 0 0 72
5445 0 0 69
5159 0 0 67
4238 0 0 65
4533 0 0 62
1696 0 0 59
1821 0 0 57
246 0 0 55
4221 0 0 52
5562 0 0 49
3830 0 0 46
3884 0 0 42
1913 0 0 38
3587 0 0 35
184 0 0 33
3041 0 0 30
2978 0 0 27
4976 0 0 24
4662 0 0 22
2121 0 0 19
490 0 0 16
2220 0 0 12
3724 0 0 9
3843 0 0 7
5675 0 0 4
3462 0 0 2
3237 0 1 99
3915 0 1 97
5617 0 1 94
628 0 1 92
2330 0 1 89
76 0 1 86
4626 0 1 83
2894 0 1 79
3447 0 1 77
3971 0 1 75
5217 0 1 71
3878 0 1 67
5997 0 1 64
235 0 1 61
4915 0 1 59
4902 0 1 56
2318 0 1 54
1272 0 1 51
4942 0 1 48
5654 0 1 45
415 0 1 42
4570 0 1 37
642 0 1 34
5049 0 1 31
3972 0 1 29
5057 0 1 27
3376 0 1 24
684 0 1 21
4930 0 1 18
3444 0 1 16
953 0 1 12
1795 0 1 9
3607 0 1 6
1253 0 1 4
2643 0 1 2
5969 0 2 98
4108 0 2 94
5528 0 2 91
5768 0 2 89
4908 0 2 85
3626 0 2 82
1917 0 2 80
3439 0 2 77
2183 0 2 75
3390 0 2 71
3568 0 2 67
3262 0 2 64
6006 0 2 60
3032 0 2 57
5737 0 2 54
670 0 2 51
2949 0 2 48
4847 0 2 44
1728 0 2 42
4539 0 2 37
5905 0 2 33
1043 0 2 30
1186 0 2 27
3188 0 2 23
5755 0 2 20
5858 0 2 16
678 0 2 12
672 0 2 9
1935 0 2 6
5377 0 2 3
5866 0 3 98
2098 0 3 94
4404 0 3 91
3665 0 3 89
4619 0 3 85
4361 0 3 81
3906 0 3 78
3185 0 3 75
4543 0 3 70
2730 0 3 68
5865 0 3 65
3631 0 3 61
5341 0 3 58
876 0 3 55
4214 0 3 52
3983 0 3 49
1762 0 3 46
5576 0 3 41
3837 0 3 39
5956 0 3 37
5832 0 3 33
515 0 3 29
1591 0 3 27
3168 0 3 23
5741 0 3 19
731 0 3 15
3961 0 3 12
3337 0 3 8
4732 0 3 5
3022 0 3 3
4782 0 4 98
3806 0 4 93
4293 0 4 90
4866 0 4 86
2710 0 4 83
2237 0 4 79
5216 0 4 75
5572 0 4 69
3854 0 4 66
5278 0 4 62
267 0 4 59
1846 0 4 56
1493 0 4 53
5641 0 4 51
4953 0 4 47
4855 0 4 44
1962 0 4 41
1315 0 4 38
2891 0 4 35
1440 0 4 32
2134 0 4 29
1478 0 4 26
4591 0 4 23
5545 0 4 19
272 0 4 15
1715 0 4 12
2958 0 4 8
85 0 4 5
6016 0 4 1
4376 0 5 98
1997 0 5 93
5000 0 5 89
2150 0 5 85
3148 0 5 81
5993 0 5 77
3344 0 5 74
1605 0 5 71
2162 0 5 67
2108 0 5 64
3227 0 5 60
4441 0 5 56
5194 0 5 52
3135 0 5 49
5535 0 5 45
5259 0 5 41
4081 0 5 37
3136 0 5 33
208 0 5 29
5933 0 5 24
1145 0 5 20
4413 0 5 16
5530 0 5 11
3577 0 5 9
2328 0 5 5
5039 0 5 1
3299 0 6 98
1919 0 6 93
3834 0 6 88
4172 0 6 85
2525 0 6 81
5691 0 6 77
690 0 6 74
845 0 6 71
1837 0 6 67
4070 0 6 63
360 0 6 60
3931 0 6 56
3045 0 6 52
6031 0 6 48
3615 0 6 44
1065 0 6 41
1694 0 6 37
2541 0 6 33
1923 0 6 28
4104 0 6 26
4298 0 6 23
3755 0 6 19
5438 0 6 13
2709 0 6 10
4606 0 6 6
3495 0 6 2
833 0 7 98
1537 0 7 93
3315 0 7 88
1465 0 7 85
5886 0 7 80
5467 0 7 76
4897 0 7 74
3603 0 7 70
3042 0 7 67
1892 0 7 63
2351 0 7 59
4990 0 7 55
1200 0 7 52
5812 0 7 48
1532 0 7 44
4384 0 7 40
5066 0 7 36
3740 0 7 33
1171 0 7 28
2493 0 7 25
1209 0 7 22
2683 0 7 18
3261 0 7 16
3793 0 7 11
4904 0 7 8
91 0 7 4
689 0 7 2
4217 0 8 97
1206 0 8 94
5243 0 8 89
1012 0 8 85
5164 0 8 80
2197 0 8 76
2976 0 8 72
1843 0 8 68
3706 0 8 65
2103 0 8 61
4955 0 8 58
5731 0 8 53
2850 0 8 50
3623 0 8 47
4435 0 8 44
5277 0 8 39
5431 0 8 36
5107 0 8 32
708 0 8 29
5239 0 8 24
788 0 8 20
2619 0 8 16
3789 0 8 11
5529 0 8 7
4922 0 8 3
3985 0 9 97
5579 0 9 93
3095 0 9 88
4646 0 9 84
1646 0 9 81
3216 0 9 77
6009 0 9 73
2931 0 9 70
5792 0 9 66
3629 0 9 62
5010 0 9 58
4977 0 9 53
4781 0 9 49
1173 0 9 45
3489 0 9 41
5710 0 9 36
4679 0 9 32
4793 0 9 28
1681 0 9 25
4246 0 9 21
915 0 9 18
3071 0 9 16
2666 0 9 11
4216 0 9 7
4579 0 9 3
1331 0 10 97
4713 0 10 93
1211 0 10 88
4125 0 10 84
1597 0 10 81
5222 0 10 76
2216 0 10 72
944 0 10 68
1055 0 10 65
1338 0 10 61
3721 0 10 58
4045 0 10 53
3309 0 10 49
1034 0 10 45
2670 0 10 41
3757 0 10 36
3620 0 10 32
1807 0 10 28
5076 0 10 24
4167 0 10 19
5175 0 10 13
1968 0 10 9
1314 0 10 5
2469 0 10 1
6042 0 11 96
1824 0 11 94
4349 0 11 89
157 0 11 85
3937 0 11 80
1748 0 11 76
5955 0 11 71
110 0 11 67
881 0 11 63
691 0 11 59
4202 0 11 55
890 0 11 52
5615 0 11 48
4794 0 11 43
4718 0 11 40
2572 0 11 36
3404 0 11 32
5917 0 11 27
4874 0 11 22
2165 0 11 18
5800 0 11 14
361 0 11 11
1888 0 11 7
3211 0 11 3
6011 0 12 96
1291 0 12 93
2946 0 12 87
5495 0 12 83
122 0 12 79
4529 0 12 75
2515 0 12 69
422 0 12 66
3234 0 12 62
4359 0 12 58
3858 0 12 53
3939 0 12 48
2940 0 12 43
1838 0 12 39
2816 0 12 36
2427 0 12 32
4300 0 12 27
4697 0 12 22
589 0 12 18
2141 0 12 14
4050 0 12 10
4386 0 12 6
594 0 12 2
4764 0 13 96
5747 0 13 92
301 0 13 89
3131 0 13 84
4631 0 13 80
5023 0 13 75
2392 0 13 69
4821 0 13 65
987 0 13 61
458 0 13 58
2546 0 13 53
3400 0 13 48
2018 0 13 43
5342 0 13 38
2037 0 13 35
436 0 13 31
3787 0 13 29
2748 0 13 24
3760 0 13 19
4436 0 13 13
1445 0 13 9
167 0 13 5
930 0 13 1
4623 0 14 96
3908 0 14 92
5028 0 14 88
4087 0 14 84
2540 0 14 80
5020 0 14 75
1197 0 14 69
1247 0 14 65
4028 0 14 60
3635 0 14 56
5165 0 14 51
4834 0 14 47
4451 0 14 43
5176 0 14 38
3351 0 14 34
3036 0 14 31
1216 0 14 29
5315 0 14 23
2766 0 14 19
2198 0 14 13
4648 0 14 8
5094 0 14 3
2743 0 15 96
1442 0 15 92
3254 0 15 88
3823 0 15 84
2445 0 15 80
3907 0 15 75
5782 0 15 68
3304 0 15 64
2448 0 15 60
3396 0 15 56
4257 0 15 51
3805 0 15 47
2075 0 15 41
3311 0 15 36
1481 0 15 32
3389 0 15 27
3691 0 15 22
4461 0 15 17
4674 0 15 15
1030 0 15 12
1865 0 15 8
5083 0 15 3
270 0 16 96
464 0 16 92
2477 0 16 87
4042 0 16 83
5707 0 16 78
2833 0 16 75
5262 0 16 68
1426 0 16 64
5879 0 16 59
4109 0 16 55
6018 0 16 51
3142 0 16 47
1713 0 16 41
1856 0 16 36
5661 0 16 31
5454 0 16 27
5872 0 16 21
4818 0 16 16
2595 0 16 11
1955 0 16 6
5876 0 16 1
6025 0 17 95
256 0 17 92
2055 0 17 87
3628 0 17 83
3730 0 17 78
813 0 17 75
3977 0 17 68
1278 0 17 64
4054 0 17 59
1227 0 17 55
311 0 17 51
3016 0 17 47
1708 0 17 41
1397 0 17 36
3533 0 17 31
1866 0 17 27
4726 0 17 21
5170 0 17 15
4588 0 17 11
1165 0 17 6
3233 0 17 1
5122 0 18 95
4979 0 18 91
3202 0 18 87
5533 0 18 82
4729 0 18 79
4096 0 18 75
5947 0 18 67
4375 0 18 62
3128 0 18 58
943 0 18 53
3366 0 18 48
986 0 18 43
1118 0 18 38
2898 0 18 34
4186 0 18 30
6024 0 18 26
4006 0 18 23
5882 0 18 18
2004 0 18 14
3932 0 18 10
2868 0 18 6
2356 0 18 1
2915 0 19 95
4155 0 19 91
2899 0 19 87
2905 0 19 82
4615 0 19 79
2970 0 19 75
5264 0 19 67
4021 0 19 62
2563 0 19 58
2368 0 19 52
3846 0 19 48
723 0 19 42
2651 0 19 37
1505 0 19 33
808 0 19 28
2629 0 19 24
3581 0 19 19
926 0 19 13
4417 0 19 8
5013 0 19 3
1225 2 0 95
4001 2 0 91
5614 2 0 86
3108 2 0 82
4749 2 0 78
5626 2 0 74
1938 2 0 70
3120 2 0 66
3223 2 0 62
5598 2 0 57
5347 2 0 54
5669 2 0 50
3064 2 0 47
1403 2 0 41
5166 2 0 35
4705 2 0 30
3005 2 0 26
5363 2 0 22
3342 2 0 17
5086 2 0 14
5852 2 0 9
60 2 0 5
577 2 0 1
5181 2 1 94
3316 2 1 89
2611 2 1 84
5916 2 1 79
5386 2 1 74
692 2 1 70
2028 2 1 66
1575 2 1 62
4339 2 1 57
3432 2 1 54
4685 2 1 50
6020 2 1 46
5964 2 1 40
74 2 1 36
2863 2 1 31
3373 2 1 26
3832 2 1 22
605 2 1 17
3790 2 1 14
3145 2 1 9
5257 2 1 4
3868 2 2 94
996 2 2 89
1460 2 2 84
5400 2 2 79
4633 2 2 74
332 2 2 70
1379 2 2 66
5630 2 2 61
3616 2 2 57
1797 2 2 54
3612 2 2 50
5524 2 2 46
1046 2 2 39
142 2 2 36
2390 2 2 31
465 2 2 26
281 2 2 22
2492 2 2 16
2495 2 2 11
5891 2 2 5
5237 2 3 93
433 2 3 87
4142 2 3 81
5105 2 3 76
1601 2 3 71
31 2 3 67
3872 2 3 62
5079 2 3 56
4120 2 3 51
1916 2 3 47
1033 2 3 41
5114 2 3 35
2774 2 3 30
5970 2 3 25
3500 2 3 21
4912 2 3 15
2846 2 3 11
5092 2 3 5
3553 2 4 93
5720 2 4 86
173 2 4 82
131 2 4 78
3689 2 4 74
5056 2 4 69
1018 2 4 65
1810 2 4 60
1592 2 4 56
956 2 4 51
451 2 4 47
760 2 4 41
2911 2 4 35
2550 2 4 30
5372 2 4 25
4377 2 4 20
5992 2 4 15
1958 2 4 11
4767 2 4 5
2205 2 5 93
3367 2 5 86
4187 2 5 81
4883 2 5 76
1551 2 5 71
5655 2 5 66
3524 2 5 61
10 2 5 57
4494 2 5 53
47 2 5 48
5884 2 5 41
2906 2 5 35
5915 2 5 29
1769 2 5 23
5834 2 5 18
664 2 5 14
2416 2 5 9
3472 2 5 4
1675 2 6 93
1989 2 6 86
3073 2 6 81
704 2 6 76
1372 2 6 71
5521 2 6 66
2882 2 6 61
4346 2 6 56
932 2 6 51
5512 2 6 46
3738 2 6 38
5270 2 6 33
405 2 6 28
1102 2 6 24
1083 2 6 19
528 2 6 13
2158 2 6 8
3840 2 6 3
4144 2 9 92
1839 2 9 87
2530 2 9 81
620 2 9 76
1201 2 9 71
4022 2 9 66
5837 2 9 60
894 2 9 56
197 2 9 51
296 2 9 46
2778 2 9 38
4735 2 9 33
334 2 9 28
3938 2 9 23
5577 2 9 18
5781 2 9 13
5636 2 9 7
2674 2 9 3
3890 2 10 92
1517 2 10 87
5851 2 10 80
3652 2 10 75
3865 2 10 67
3860 2 10 62
5073 2 10 56
5306 2 10 50
5043 2 10 46
2172 2 10 38
2474 2 10 33
5251 2 10 27
4285 2 10 21
2332 2 10 15
5835 2 10 10
6001 2 10 5
3752 2 11 91
4802 2 11 86
3004 2 11 81
4182 2 11 75
3363 2 11 67
2837 2 11 62
4328 2 11 56
3803 2 11 50
2768 2 11 46
1779 2 11 38
5413 2 11 32
853 2 11 27
3476 2 11 21
2250 2 11 15
4382 2 11 10
5690 2 11 5
3421 2 12 90
3475 2 12 86
2787 2 12 81
1115 2 12 75
3161 2 12 67
2545 2 12 62
2440 2 12 56
3719 2 12 50
2627 2 12 46
1594 2 12 38
4009 2 12 32
5608 2 12 26
5211 2 12 21
5133 2 12 14
470 2 12 9
58 2 12 4
2968 2 13 90
2451 2 13 86
5414 2 13 80
3573 2 13 75
199 2 13 67
1509 2 13 62
5313 2 13 55
5923 2 13 50
888 2 13 46
941 2 13 38
3775 2 13 32
5246 2 13 26
3701 2 13 21
1297 2 13 14
5935 2 13 8
1910 2 13 3
2812 2 14 90
2369 2 14 86
3596 2 14 80
2578 2 14 75
6008 2 14 66
4845 2 14 60
5794 2 14 55
5909 2 14 50
314 2 14 46
209 2 14 38
2235 2 14 32
3427 2 14 26
3229 2 14 21
1228 2 14 14
4168 2 14 8
285 2 14 3
824 2 15 90
5989 2 15 85
1613 2 15 80
2533 2 15 75
5593 2 15 66
3230 2 15 60
4347 2 15 55
4551 2 15 50
4607 2 15 45
5145 2 15 40
1521 2 15 35
5060 2 15 29
4595 2 15 22
1230 2 15 16
5649 2 15 10
2024 2 15 4
561 2 16 90
5501 2 16 85
2600 2 16 79
2129 2 16 74
5047 2 16 69
5716 2 16 64
2405 2 16 59
5847 2 16 54
2661 2 16 50
1778 2 16 45
3773 2 16 40
1231 2 16 35
4798 2 16 29
4316 2 16 22
896 2 16 16
5336 2 16 10
1468 2 16 4
2765 2 17 89
1277 2 17 84
5334 2 17 79
5936 2 17 73
4799 2 17 69
5339 2 17 64
2404 2 17 59
5196 2 17 54
2498 2 17 50
1198 2 17 45
3242 2 17 40
939 2 17 35
4721 2 17 29
3504 2 17 22
257 2 17 16
3519 2 17 10
1276 2 17 4
1333 2 18 89
666 2 18 84
3140 2 18 79
5729 2 18 73
3288 2 18 68
1208 2 18 64
2376 2 18 59
1922 2 18 54
1482 2 18 50
904 2 18 45
1785 2 18 40
580 2 18 35
3370 2 18 29
1413 2 18 22
564 2 18 15
3450 2 18 10
1091 2 18 4
491 2 19 89
3114 2 19 83
1137 2 19 78
3451 2 19 74
4407 2 19 69
4775 2 19 64
5596 2 19 58
1805 2 19 52
3369 2 19 48
2428 2 19 41
1724 2 19 35
3226 2 19 29
574 2 19 22
5476 2 19 14
3482 2 19 8
5896 2 19 2
134 3 0 89
3011 3 0 83
622 3 0 78
5283 3 0 73
2612 3 0 68
840 3 0 64
5485 3 0 58
798 3 0 52
4063 3 0 47
251 3 0 41
539 3 0 34
2155 3 0 30
4783 3 0 25
2987 3 0 20
5814 3 0 15
2932 3 0 10
1000 3 0 4
4454 3 1 88
3763 3 1 84
3014 3 1 79
4982 3 1 73
3995 3 1 67
5451 3 1 61
2078 3 1 56
3484 3 1 50
5895 3 1 44
4703 3 1 39
3979 3 1 35
2430 3 1 29
5978 3 1 21
5208 3 1 13
5248 3 1 7
1674 3 1 3
3973 3 2 88
1259 3 2 84
2374 3 2 79
4928 3 2 73
3710 3 2 67
3178 3 2 61
2067 3 2 56
1776 3 2 50
5115 3 2 44
4428 3 2 39
3442 3 2 35
1763 3 2 29
4566 3 2 21
4058 3 2 13
4290 3 2 7
1390 3 2 3
3737 3 3 88
5679 3 3 83
613 3 3 78
1038 3 3 73
1169 3 3 67
1035 3 3 61
425 3 3 56
569 3 3 50
5065 3 3 44
3189 3 3 39
1626 3 3 35
1301 3 3 29
1868 3 3 21
3401 3 3 13
2875 3 3 7
1110 3 3 3
2724 3 4 88
4873 3 4 83
5450 3 4 77
4621 3 4 73
4225 3 4 66
2083 3 4 60
2375 3 4 55
3512 3 4 50
4886 3 4 44
2384 3 4 39
333 3 4 35
971 3 4 29
1327 3 4 21
343 3 4 13
2538 3 4 7
356 3 4 3
381 3 5 88
2521 3 5 83
5155 3 5 77
2727 3 5 73
3618 3 5 66
1915 3 5 60
4667 3 5 54
5204 3 5 49
2091 3 5 44
2222 3 5 39
5779 3 5 34
5968 3 5 29
516 3 5 21
5234 3 5 12
1235 3 5 8
5646 3 5 2
2857 3 6 87
5735 3 6 80
675 3 6 75
1737 3 6 66
5861 3 6 59
570 3 6 54
3001 3 6 49
5097 3 6 42
2227 3 6 37
2903 3 6 32
4958 3 6 25
2841 3 6 20
5154 3 6 15
5384 3 6 9
5296 3 6 3
5885 3 9 86
2952 3 9 80
34 3 9 75
1550 3 9 66
3993 3 9 59
1348 3 9 53
5717 3 9 47
2807 3 9 40
5941 3 9 34
946 3 9 29
5606 3 9 20
4074 3 9 15
4094 3 9 9
4709 3 9 3
5061 3 10 86
2621 3 10 80
2157 3 10 74
3703 3 10 69
4147 3 10 64
5453 3 10 58
6029 3 10 51
5058 3 10 45
1680 3 10 40
3766 3 10 34
572 3 10 29
3680 3 10 20
2529 3 10 15
2454 3 10 9
3406 3 10 3
4949 3 11 86
1376 3 11 80
4702 3 11 73
839 3 11 66
2367 3 11 59
1248 3 11 53
5563 3 11 47
1144 3 11 40
3614 3 11 34
5605 3 11 28
2840 3 11 23
5434 3 11 18
3646 3 11 13
1439 3 11 7
3412 3 11 2
3498 3 12 86
992 3 12 80
4507 3 12 73
5682 3 12 65
1677 3 12 60
3869 3 12 54
1475 3 12 49
4870 3 12 42
1886 3 12 37
982 3 12 32
2809 3 12 25
1533 3 12 20
5713 3 12 14
2767 3 12 7
2760 3 12 2
2347 3 13 86
791 3 13 80
3585 3 13 73
4313 3 13 65
1069 3 13 60
3606 3 13 54
967 3 13 49
2659 3 13 42
1212 3 13 37
5798 3 13 31
4848 3 13 25
7 3 13 20
4939 3 13 14
2304 3 13 7
925 3 13 2
2163 3 14 86
5692 3 14 79
4759 3 14 73
3811 3 14 65
386 3 14 60
2218 3 14 54
6021 3 14 48
5938 3 14 40
2094 3 14 34
4572 3 14 28
1406 3 14 23
4574 3 14 18
2603 3 14 13
1194 3 14 7
5200 3 14 1
1207 3 15 86
4052 3 15 79
2910 3 15 73
2609 3 15 65
4322 3 15 59
973 3 15 53
5561 3 15 47
492 3 15 40
1714 3 15 34
2867 3 15 28
1051 3 15 23
4261 3 15 18
2580 3 15 13
573 3 15 7
5019 3 15 1
4255 3 16 85
2338 3 16 79
1630 3 16 73
2407 3 16 65
3207 3 16 59
4878 3 16 52
3490 3 16 47
223 3 16 40
1053 3 16 34
1754 3 16 28
4983 3 16 22
4743 3 16 14
158 3 16 7
5011 3 16 1
1669 3 17 85
4868 3 17 78
1182 3 17 72
5820 3 17 67
78 3 17 61
3335 3 17 55
2502 3 17 50
3324 3 17 44
5597 3 17 38
1357 3 17 32
633 3 17 25
5668 3 17 19
5518 3 17 12
5288 3 17 7
2818 3 17 1
1316 3 18 85
4301 3 18 78
383 3 18 72
2532 3 18 66
1818 3 18 59
4521 3 18 52
763 3 18 47
105 3 18 40
695 3 18 34
111 3 18 28
3970 3 18 22
4363 3 18 14
4475 3 18 6
1528 3 18 1
5119 3 19 82
5348 3 19 77
1258 3 19 73
2164 3 19 65
2924 3 19 59
3810 3 19 52
2444 3 19 46
5420 3 19 37
5335 3 19 31
4582 3 19 25
4785 3 19 19
5247 3 19 12
2236 3 19 7
1590 3 19 1
3098 4 6 81
506 4 6 75
5427 4 6 65
1869 4 6 59
3774 4 6 52
2170 4 6 46
4839 4 6 37
4066 4 6 31
2271 4 6 25
4412 4 6 19
4747 4 6 12
1873 4 6 7
29 4 6 1
3082 4 9 81
4985 4 9 74
1931 4 9 69
1841 4 9 64
4402 4 9 58
5449 4 9 51
4457 4 9 45
1464 4 9 40
2726 4 9 33
794 4 9 27
1777 4 9 21
4258 4 9 12
812 4 9 7
1263 4 9 1
1154 5 0 81
1996 5 0 74
592 5 0 69
942 5 0 64
3334 5 0 58
4970 5 0 51
3999 5 0 45
1056 5 0 40
1887 5 0 33
278 5 0 27
482 5 0 21
3898 5 0 12
64 5 0 7
3265 5 1 80
2925 5 1 73
1665 5 1 65
513 5 1 59
1814 5 1 52
1565 5 1 46
4408 5 1 37
1343 5 1 31
2242 5 1 25
84 5 1 19
2554 5 1 12
4160 5 1 6
2608 5 2 77
553 5 2 73
1028 5 2 65
5391 5 2 58
4913 5 2 51
3895 5 2 45
5250 5 2 38
5408 5 2 31
1895 5 2 25
5228 5 2 18
4509 5 2 12
3768 5 2 6
5776 5 3 76
5179 5 3 70
5463 5 3 65
5026 5 3 58
5 5 3 51
1476 5 3 45
4130 5 3 38
4337 5 3 31
5410 5 3 24
4535 5 3 18
3640 5 3 12
3208 5 3 6
4654 5 4 74
202 5 4 69
325 5 4 64
2822 5 4 58
5789 5 4 50
1064 5 4 44
5549 5 4 38
3870 5 4 31
4859 5 4 24
4450 5 4 18
2990 5 4 12
473 5 4 6
3754 5 6 74
185 5 6 69
62 5 6 64
2820 5 6 58
5732 5 6 50
631 5 6 44
5520 5 6 38
3851 5 6 31
4639 5 6 24
3783 5 6 18
2047 5 6 12
4706 5 6 5
5226 5 7 66
640 5 7 59
1618 5 7 52
5129 5 7 45
2436 5 7 38
2090 5 7 31
2586 5 7 24
2499 5 7 18
1649 5 7 12
4260 5 7 5
3887 5 9 61
2655 5 9 55
14 5 9 50
103 5 9 44
4245 5 9 38
1874 5 9 31
463 5 9 24
2104 5 9 18
444 5 9 12
3786 5 9 5
2486 5 11 55
5808 5 11 49
2287 5 11 42
5899 5 11 36
1268 5 11 31
4262 5 11 23
3677 5 11 18
414 5 11 12
3078 5 11 5
3170 6 0 97
4586 6 0 93
5995 6 0 85
4229 6 0 78
377 6 0 72
2292 6 0 66
4748 6 0 58
5461 6 0 50
5327 6 0 43
2991 6 0 37
3844 6 0 30
4722 6 0 25
4030 6 0 18
4051 6 0 11
3332 6 0 5
5456 6 6 95
3564 6 6 91
3579 6 6 86
2343 6 6 79
6023 6 6 72
857 6 6 66
2707 6 6 58
406 6 6 50
3089 6 6 43
2977 6 6 37
1985 6 6 30
4003 6 6 25
3345 6 6 18
2984 6 6 11
1848 6 6 5
3152 6 7 95
1454 6 7 91
3009 6 7 86
1527 6 7 79
5432 6 7 72
3909 6 7 65
4112 6 7 58
359 6 7 50
174 6 7 43
2644 6 7 37
562 6 7 30
3578 6 7 25
2733 6 7 18
2523 6 7 11
1423 6 7 5
674 6 11 95
1279 6 11 91
2938 6 11 86
1084 6 11 79
4520 6 11 72
3716 6 11 65
1466 6 11 58
4528 6 11 49
4097 6 11 41
4885 6 11 33
5762 6 11 26
4164 6 11 20
3446 6 11 14
2889 6 11 6
546 6 12 95
4651 6 12 90
3209 6 12 85
4072 6 12 78
5836 6 12 71
3531 6 12 66
5686 6 12 57
3221 6 12 53
5503 6 12 47
5804 6 12 39
4999 6 12 34
4891 6 12 27
6003 6 12 20
2481 6 12 14
483 6 12 6
1388 6 13 94
180 6 13 89
2694 6 13 83
4645 6 13 77
3430 6 13 72
2494 6 13 65
1421 6 13 58
1114 6 13 49
1859 6 13 41
4728 6 13 33
5459 6 13 26
5780 6 13 19
1670 6 13 12
1295 6 13 5
1384 6 14 94
4315 6 14 88
1682 6 14 83
4311 6 14 77
3150 6 14 72
1746 6 14 65
1214 6 14 58
3954 6 14 48
4035 6 14 40
192 6 14 33
3821 6 14 26
5276 6 14 19
1309 6 14 12
1293 6 14 5
1191 6 15 94
4253 6 15 88
1623 6 15 83
327 6 15 77
2122 6 15 72
3666 6 15 64
1969 6 15 58
2043 6 15 48
3800 6 15 40
5925 6 15 32
427 6 15 25
1395 6 15 18
2452 6 15 11
1294 6 15 5
682 6 16 94
1898 6 16 88
194 6 16 83
5469 6 16 76
3739 6 16 70
4053 6 16 65
974 6 16 58
1735 6 16 48
3493 6 16 40
4208 6 16 32
4676 6 16 24
1394 6 16 18
1952 6 16 11
3393 6 16 4
5550 6 17 93
5484 6 17 85
3852 6 17 78
4741 6 17 71
3065 6 17 66
4219 6 17 57
2244 6 17 53
5412 6 17 47
5238 6 17 39
3880 6 17 34
3662 6 17 27
4297 6 17 20
1896 6 17 14
3106 6 17 5
3436 6 18 93
4399 6 18 85
737 6 18 78
3820 6 18 71
3037 6 18 66
4089 6 18 57
1140 6 18 53
4954 6 18 47
5069 6 18 39
3104 6 18 34
2689 6 18 27
4268 6 18 20
5416 6 18 13
283 6 18 7
552 6 19 93
3296 6 19 85
3548 6 19 77
1547 6 19 72
3536 6 19 64
5571 6 19 57
859 6 19 53
2045 6 19 47
5064 6 19 39
2455 6 19 34
1600 6 19 27
2890 6 19 20
5054 6 19 12
814 6 19 5
4350 7 0 92
1184 7 0 87
5559 7 0 80
540 7 0 73
5680 7 0 64
5173 7 0 57
3088 7 0 52
5041 7 0 45
778 7 0 38
1548 7 0 31
3158 7 0 23
3460 7 0 18
124 7 0 11
3119 7 0 3
4110 7 1 92
1149 7 1 87
5540 7 1 80
391 7 1 73
4625 7 1 64
3601 7 1 57
504 7 1 52
3634 7 1 45
277 7 1 38
951 7 1 31
3031 7 1 23
1152 7 1 18
3808 7 1 10
6013 7 1 3
3903 7 2 92
968 7 2 87
3235 7 2 80
5035 7 2 72
3190 7 2 64
3385 7 2 57
2087 7 2 51
709 7 2 45
5671 7 2 37
6045 7 2 29
3426 7 2 20
4852 7 2 11
4209 7 2 2
3349 7 3 92
6000 7 3 86
781 7 3 79
4472 7 3 72
1557 7 3 64
2224 7 3 57
2023 7 3 51
3817 7 3 44
2526 7 3 38
439 7 3 31
1812 7 3 23
99 7 3 18
5497 7 3 9
1433 7 3 3
2365 7 4 92
4568 7 4 86
303 7 4 79
2942 7 4 72
6035 7 4 63
5289 7 4 58
371 7 4 48
1255 7 4 40
230 7 4 32
3030 7 4 24
1141 7 4 18
4340 7 4 9
826 7 4 2
2177 7 6 92
1052 7 6 86
3539 7 6 78
3346 7 6 71
2836 7 6 66
3137 7 6 57
1827 7 6 51
2322 7 6 44
2210 7 6 38
1436 7 6 30
2862 7 6 25
5362 7 6 17
2747 7 6 14
2285 7 6 5
204 7 7 92
5207 7 7 85
2507 7 7 77
1451 7 7 72
5665 7 7 63
2339 7 7 58
323 7 7 48
3569 7 7 39
5960 7 7 33
3278 7 7 26
3669 7 7 19
694 7 7 12
3007 7 7 4
3061 7 9 91
1668 7 9 86
3428 7 9 78
3024 7 9 71
2408 7 9 66
1863 7 9 57
4998 7 9 50
5985 7 9 42
2985 7 9 36
5151 7 9 30
2811 7 9 25
4276 7 9 17
1983 7 9 13
2531 7 9 5
2943 7 10 91
1467 7 10 86
3308 7 10 78
2828 7 10 71
1560 7 10 66
4909 7 10 56
4831 7 10 49
1662 7 10 41
3348 7 10 33
1699 7 10 26
3526 7 10 19
5139 7 10 11
2701 7 10 2
1558 7 11 91
5137 7 11 85
1909 7 11 77
3544 7 11 71
98 7 11 66
4331 7 11 56
4804 7 11 49
1647 7 11 41
3284 7 11 33
1644 7 11 26
2555 7 11 19
3663 7 11 11
2080 7 11 2
882 7 12 91
4378 7 12 85
1093 7 12 77
3358 7 12 71
5293 7 12 65
4086 7 12 57
1734 7 12 50
5399 7 12 42
2309 7 12 36
4611 7 12 30
43 7 12 25
4135 7 12 17
2544 7 12 12
1099 7 12 4
5374 7 13 90
1947 7 13 85
1042 7 13 77
5405 7 13 70
3916 7 13 65
3984 7 13 57
1261 7 13 50
5143 7 13 42
2101 7 13 36
3610 7 13 30
5349 7 13 24
630 7 13 18
2483 7 13 9
268 7 13 2
2941 7 14 90
1773 7 14 85
4932 7 14 76
3411 7 14 70
3798 7 14 65
3845 7 14 57
866 7 14 50
1553 7 14 42
1424 7 14 36
2789 7 14 30
4888 7 14 24
3574 7 14 17
2283 7 14 12
5532 7 14 3
965 7 15 90
3883 7 15 84
1135 7 15 79
1284 7 15 72
5371 7 15 63
93 7 15 58
5990 7 15 47
3625 7 15 39
5317 7 15 33
5625 7 15 25
2860 7 15 17
1350 7 15 12
4201 7 15 3
4 7 16 90
3039 7 16 84
5725 7 16 78
2233 7 16 71
3748 7 16 65
1706 7 16 57
2387 7 16 49
5600 7 16 40
5910 7 16 31
5595 7 16 22
3287 7 16 14
2207 7 16 5
5108 7 17 89
1249 7 17 83
5368 7 17 76
3129 7 17 70
3303 7 17 65
171 7 17 57
1302 7 17 49
3511 7 17 40
5152 7 17 31
4460 7 17 22
2558 7 17 14
2154 7 17 5
4421 7 18 89
264 7 18 83
4171 7 18 76
2934 7 18 70
5846 7 18 64
2085 7 18 57
5156 7 18 48
3486 7 18 39
3240 7 18 33
4964 7 18 25
1101 7 18 17
4797 7 18 11
292 7 18 2
3778 7 19 89
4820 7 19 82
4856 7 19 77
5382 7 19 70
4663 7 19 64
2077 7 19 57
2693 7 19 48
3167 7 19 39
384 7 19 33
3102 7 19 25
77 7 19 17
2125 7 19 11
4973 7 19 1
1582 8 4 89
4324 8 4 82
2872 8 4 77
5068 8 4 70
2845 8 4 64
797 8 4 57
2681 8 4 48
1858 8 4 39
5897 8 4 32
2901 8 4 24
514 8 4 17
282 8 4 11
3289 8 4 1
1270 8 6 89
2879 8 6 82
5261 8 6 76
2231 8 6 70
2076 8 6 64
5279 8 6 56
4777 8 6 49
3297 8 6 40
4791 8 6 31
4010 8 6 22
2096 8 6 14
1282 8 6 5
419 8 7 89
2864 8 7 82
5162 8 7 76
2186 8 7 70
2072 8 7 64
1930 8 7 56
4373 8 7 49
1545 8 7 40
4630 8 7 30
1134 8 7 24
5996 8 7 16
2750 8 7 10
5125 8 7 3
1157 9 0 88
5101 9 0 82
3353 9 0 76
1501 9 0 70
5705 9 0 63
5113 9 0 57
1743 9 0 48
254 9 0 39
4424 9 0 32
1185 9 0 24
5642 9 0 16
2665 9 0 10
5084 9 0 3
4806 9 1 87
5819 9 1 79
1096 9 1 72
3435 9 1 63
4444 9 1 57
4113 9 1 47
3359 9 1 39
4416 9 1 32
5624 9 1 23
5901 9 1 17
4158 9 1 10
2876 9 1 3
2117 9 2 87
3794 9 2 79
998 9 2 72
583 9 2 63
5706 9 2 56
733 9 2 49
545 9 2 40
1701 9 2 30
945 9 2 24
5366 9 2 16
2026 9 2 10
856 9 2 3
1536 9 4 87
2307 9 4 79
169 9 4 72
4557 9 4 62
5294 9 4 55
5651 9 4 49
266 9 4 40
4738 9 4 29
2791 9 4 20
4756 9 4 11
3015 9 4 1
291 9 6 87
354 9 6 79
5588 9 6 71
3081 9 6 65
4800 9 6 56
4812 9 6 48
5357 9 6 38
1081 9 6 30
641 9 6 24
5081 9 6 16
1503 9 6 10
2203 9 6 2
65 9 7 87
5580 9 7 78
211 9 7 71
2729 9 7 65
4734 9 7 56
4614 9 7 48
4827 9 7 38
3927 9 7 29
2463 9 7 20
3060 9 7 11
2849 9 7 1
3933 9 10 86
2904 9 10 78
5828 9 10 70
5465 9 10 63
4968 9 10 56
3900 9 10 48
1162 9 10 38
3238 9 10 29
2226 9 10 20
1911 9 10 11
1925 9 10 1
3647 9 11 86
1411 9 11 78
5542 9 11 70
4867 9 11 63
4787 9 11 56
3453 9 11 48
3542 9 11 37
5981 9 11 29
1502 9 11 20
1745 9 11 11
366 9 11 1
2803 9 12 86
4426 9 12 77
3092 9 12 70
3990 9 12 63
2490 9 12 56
3407 9 12 48
3371 9 12 37
5817 9 12 29
5403 9 12 19
1835 9 12 11
1596 9 12 2
1317 9 13 86
4325 9 13 77
587 9 13 70
1257 9 13 63
2175 9 13 56
3143 9 13 48
121 9 13 37
4712 9 13 29
5280 9 13 19
521 9 13 11
815 9 13 2
421 9 14 86
2184 9 14 77
127 9 14 70
635 9 14 63
5089 9 14 55
4911 9 14 49
3070 9 14 39
4118 9 14 32
5488 9 14 23
5401 9 14 17
4102 9 14 10
5833 9 14 1
3323 9 15 85
4724 9 15 76
1273 9 15 70
321 9 15 63
2883 9 15 55
1325 9 15 49
2204 9 15 39
2676 9 15 32
3192 9 15 23
4329 9 15 17
3403 9 15 10
5500 9 15 1
1060 9 16 85
2656 9 16 76
1009 9 16 70
5186 9 16 62
3829 9 16 55
481 9 16 49
2927 9 16 38
4513 9 16 27
2770 9 16 20
571 9 16 11
4597 9 16 1
772 9 17 85
2219 9 17 76
349 9 17 70
3850 9 17 62
3609 9 17 55
212 9 17 49
6048 9 17 37
4672 9 17 29
1884 9 17 19
6041 9 17 10
2599 9 17 1
3488 9 18 84
5328 9 18 78
4795 9 18 70
3822 9 18 62
2887 9 18 55
3762 9 18 48
70 9 18 37
3386 9 18 29
1399 9 18 19
3957 9 18 10
220 9 18 2
387 9 19 83
2551 9 19 76
5868 9 19 69
3841 9 19 63
2209 9 19 55
2447 9 19 48
5953 9 19 36
5218 9 19 29
1017 9 19 19
2702 9 19 10
4177 9 19 1
5538 10 0 82
544 10 0 76
5644 10 0 69
1894 10 0 63
4796 10 0 54
4807 10 0 48
3989 10 0 36
4762 10 0 29
870 10 0 19
1933 10 0 10
3096 10 0 1
4691 10 6 82
237 10 6 75
4772 10 6 65
4162 10 6 56
3043 10 6 48
2173 10 6 36
3440 10 6 29
838 10 6 19
1727 10 6 10
2632 10 6 1
4254 10 7 82
3599 10 7 74
5695 10 7 68
5404 10 7 63
1657 10 7 54
3109 10 7 48
5205 10 7 35
5914 10 7 28
3112 10 7 22
1244 10 7 14
667 10 7 5
3704 10 9 82
1825 10 9 74
4803 10 9 68
4898 10 9 63
1128 10 9 54
2270 10 9 48
5036 10 9 35
5831 10 9 28
2057 10 9 22
279 10 9 14
575 10 9 5
2664 10 10 82
1768 10 10 74
4002 10 10 68
4523 10 10 63
159 10 10 54
908 10 10 48
750 10 10 35
5223 10 10 28
205 10 10 22
3281 10 10 13
940 10 10 5
411 10 19 82
1129 10 19 74
2169 10 19 68
3101 10 19 63
3622 10 19 53
6019 10 19 46
3899 10 19 37
1569 10 19 29
4266 10 19 18
2350 10 19 9
1108 10 19 1
2918 11 0 79
5516 11 0 71
2592 11 0 65
3894 11 0 56
6005 11 0 47
2686 11 0 39
5977 11 0 31
2986 11 0 22
2442 11 0 13
2853 11 0 4
2790 11 1 79
5311 11 1 71
1491 11 1 65
3882 11 1 56
5329 11 1 47
1410 11 1 39
5103 11 1 31
2625 11 1 22
2438 11 1 13
2673 11 1 4
4546 11 2 77
5462 11 2 69
351 11 2 63
2974 11 2 53
3000 11 2 46
3744 11 2 37
1520 11 2 29
2099 11 2 18
410 11 2 9
746 11 2 1
2383 11 3 74
5618 11 3 67
4846 11 3 60
1833 11 3 54
834 11 3 48
429 11 3 35
610 11 3 28
4900 11 3 21
3425 11 3 12
1758 11 3 3
2063 11 4 74
3378 11 4 67
2240 11 4 60
1494 11 4 54
364 11 4 48
261 11 4 35
5664 11 4 27
2301 11 4 20
258 11 4 11
643 11 4 1
53 11 6 73
469 11 6 64
1340 11 6 56
3571 11 6 47
886 11 6 39
3157 11 6 31
1498 11 6 22
1404 11 6 13
2289 11 6 4
4854 11 7 70
3364 11 7 62
1636 11 7 55
73 11 7 48
5973 11 7 34
72 11 7 27
1788 11 7 20
4742 11 7 10
4602 11 7 2
1344 11 9 60
1477 11 9 54
350 11 9 48
4545 11 9 34
1236 11 9 26
1629 11 9 19
5112 11 9 9
3456 11 9 2
5209 11 10 58
5796 11 10 47
730 11 10 39
1628 11 10 31
1428 11 10 22
651 11 10 13
2479 11 10 3
5025 11 13 96
3117 11 13 91
3122 11 13 85
1979 11 13 76
3543 11 13 69
5764 11 13 62
5943 11 13 54
5954 11 13 47
533 11 13 39
5287 11 13 30
143 11 13 24
4577 11 13 16
1105 11 13 10
2298 11 13 2
4540 11 14 96
161 11 14 91
5900 11 14 84
3417 11 14 78
2902 11 14 70
2326 11 14 62
5830 11 14 54
4188 11 14 47
1489 11 14 38
3611 11 14 27
5839 11 14 19
3828 11 14 9
163 11 14 2
1966 11 15 96
5742 11 15 90
2861 11 15 84
1948 11 15 78
2735 11 15 70
1660 11 15 62
3959 11 15 54
2917 11 15 47
420 11 15 38
3008 11 15 27
5643 11 15 19
2143 11 15 9
2273 11 15 1
1890 11 16 96
4641 11 16 90
2432 11 16 84
993 11 16 78
2251 11 16 70
1519 11 16 62
1800 11 16 54
2413 11 16 47
276 11 16 38
1156 11 16 27
4101 11 16 19
1516 11 16 9
983 11 16 1
1136 11 17 96
4431 11 17 90
1396 11 17 84
5005 11 17 77
2780 11 17 69
3988 11 17 62
1067 11 17 54
1444 11 17 47
71 11 17 38
817 11 17 27
3914 11 17 19
688 11 17 9
4320 11 18 95
2610 11 18 90
5607 11 18 83
1885 11 18 76
3019 11 18 69
3645 11 18 62
5090 11 18 53
2272 11 18 46
3271 11 18 37
1398 11 18 29
1062 11 18 18
5510 11 18 8
518 11 19 95
5587 11 19 89
2805 11 19 82
1095 11 19 74
2717 11 19 67
1153 11 19 60
55 11 19 54
5801 11 19 46
3217 11 19 37
563 11 19 29
957 11 19 18
4207 11 19 8
4264 12 4 94
874 12 4 88
4228 12 4 82
1089 12 4 74
2607 12 4 67
1007 12 4 60
4406 12 4 53
1726 12 4 46
3187 12 4 37
4950 12 4 28
4880 12 4 21
2916 12 4 12
5734 12 4 2
2079 12 9 94
4893 12 9 87
5269 12 9 78
5385 12 9 69
3206 12 9 62
3892 12 9 53
5687 12 9 45
4963 12 9 37
2181 12 9 28
3674 12 9 21
2458 12 9 12
4439 12 9 2
3690 12 10 93
801 12 10 85
597 12 10 76
2913 12 10 69
2229 12 10 62
3527 12 10 53
5161 12 10 45
3962 12 10 37
5908 12 10 27
3733 12 10 19
191 12 10 9
1461 13 1 93
5091 13 1 84
4307 13 1 77
2679 13 1 69
1485 13 1 62
475 13 1 53
4026 13 1 45
3565 13 1 37
4948 13 1 27
3100 13 1 19
2821 13 1 8
1450 13 3 93
2449 13 3 84
4105 13 3 77
1830 13 3 69
1470 13 3 62
5192 13 3 52
1844 13 3 45
449 13 3 37
3589 13 3 27
1877 13 3 19
2149 13 3 8
5757 13 4 92
4390 13 4 85
4017 13 4 75
4289 13 4 65
3741 13 4 56
1943 13 4 47
5709 13 4 37
3567 13 4 27
5619 13 4 18
3067 13 4 8
5647 13 5 92
3368 13 5 85
3815 13 5 75
2832 13 5 65
3514 13 5 56
1408 13 5 47
4078 13 5 37
3205 13 5 27
4505 13 5 18
2579 13 5 8
4822 13 6 92
3326 13 6 85
2678 13 6 75
1432 13 6 65
3474 13 6 56
5621 13 6 46
936 13 6 36
2239 13 6 29
5702 13 6 17
2360 13 6 10
2781 13 7 92
2615 13 7 85
2151 13 7 75
5394 13 7 64
1298 13 7 56
5378 13 7 46
807 13 7 35
4480 13 7 27
3294 13 7 18
1723 13 7 8
2641 13 9 92
2260 13 9 85
6002 13 9 74
5558 13 9 66
3441 13 9 56
3443 13 9 46
762 13 9 35
1988 13 9 27
1918 13 9 18
1589 13 9 8
337 13 10 92
2248 13 10 85
2213 13 10 74
5003 13 10 66
5843 13 10 55
5441 13 10 47
401 13 10 37
3012 13 10 27
1504 13 10 18
132 13 10 8
5447 13 12 91
5708 13 12 84
3176 13 12 77
776 13 12 69
234 13 12 62
4250 13 12 52
1530 13 12 45
5210 13 12 36
712 13 12 29
5458 13 12 17
2000 13 12 10
4864 13 13 91
4936 13 13 84
1975 13 13 77
593 13 13 69
2622 13 13 61
5769 13 13 54
5502 13 13 46
362 13 13 35
1355 13 13 27
499 13 13 18
21 13 13 8
2007 13 14 91
4374 13 14 84
1799 13 14 77
4317 13 14 68
2602 13 14 63
2050 13 14 53
3617 13 14 45
4403 13 14 36
305 13 14 29
2715 13 14 17
1540 13 14 9
358 13 15 91
2718 13 15 84
1563 13 15 77
3771 13 15 68
2171 13 15 63
5006 13 15 52
1349 13 15 45
3946 13 15 36
138 13 15 29
1842 13 15 17
1311 13 15 9
5046 13 16 90
4369 13 16 82
5285 13 16 73
4351 13 16 63
3471 13 16 52
1002 13 16 45
3723 13 16 36
123 13 16 29
929 13 16 17
6044 13 16 8
4496 13 17 90
3204 13 17 82
4065 13 17 73
2663 13 17 63
1730 13 17 52
2001 13 17 44
5913 13 17 37
765 13 17 27
225 13 17 18
3091 13 17 7
3057 13 18 90
2669 13 18 82
1160 13 18 73
1655 13 18 63
5976 13 18 51
1688 13 18 44
4563 13 18 37
5751 13 18 26
3826 13 18 18
4538 13 18 6
1753 13 19 90
918 13 19 82
1092 13 19 73
1417 13 19 63
4917 13 19 51
1262 13 19 44
3831 13 19 37
2543 13 19 26
3575 13 19 18
5001 13 19 5
5711 14 1 89
984 14 1 82
5356 14 1 72
1671 14 1 62
3921 14 1 52
1353 14 1 44
3632 14 1 37
459 14 1 26
3292 14 1 18
2361 14 1 5
5323 14 3 89
5141 14 3 81
1595 14 3 74
714 14 3 66
3545 14 3 55
5193 14 3 47
3863 14 3 36
5863 14 3 28
6022 14 3 20
1380 14 3 10
5106 14 7 89
4629 14 7 81
289 14 7 74
181 14 7 66
2015 14 7 55
5031 14 7 47
3779 14 7 36
5088 14 7 28
5428 14 7 20
3594 14 7 9
2728 14 9 89
3935 14 9 81
3911 14 9 73
1148 14 9 63
4530 14 9 51
1113 14 9 44
1240 14 9 37
4695 14 9 25
4925 14 9 16
599 14 9 10
2453 14 10 89
3657 14 10 81
3107 14 10 73
95 14 10 63
3276 14 10 51
1014 14 10 44
5085 14 10 36
1606 14 10 28
5330 14 10 20
3414 14 10 9
2277 14 12 89
341 14 12 81
5581 14 12 72
720 14 12 62
5746 14 12 51
438 14 12 44
3338 14 12 36
5889 14 12 27
5612 14 12 17
5214 14 12 8
1329 14 13 89
4746 14 13 80
4906 14 13 72
320 14 13 62
3928 14 13 51
2900 14 13 43
2371 14 13 36
5659 14 13 27
5565 14 13 17
4857 14 13 8
178 14 14 89
3867 14 14 80
4905 14 14 72
189 14 14 62
1977 14 14 51
2753 14 14 43
5983 14 14 35
1174 14 14 27
3291 14 14 17
3827 14 14 8
6010 14 15 88
3992 14 15 82
4353 14 15 72
4993 14 15 61
5475 14 15 54
4092 14 15 46
5962 14 15 34
3727 14 15 25
3422 14 15 16
5080 14 15 9
5548 14 16 88
3902 14 16 82
3653 14 16 72
4669 14 16 61
3881 14 16 54
3943 14 16 46
4410 14 16 34
3671 14 16 25
2966 14 16 16
2065 14 16 9
5258 14 17 88
1963 14 17 82
2393 14 17 72
4458 14 17 61
3111 14 17 54
2647 14 17 46
4132 14 17 34
5775 14 17 24
4302 14 17 16
4046 14 17 8
4761 14 18 88
357 14 18 82
661 14 18 72
4014 14 18 61
3069 14 18 54
1782 14 18 46
5519 14 18 33
2310 14 18 25
2135 14 18 16
3812 14 18 8
4720 14 19 88
5284 14 19 81
5291 14 19 72
2680 14 19 61
2557 14 19 54
861 14 19 46
4432 14 19 33
1005 14 19 25
5564 14 19 15
1693 14 19 9
3582 15 1 88
5146 15 1 81
5722 15 1 71
172 15 1 65
2345 15 1 56
3420 15 1 46
3375 15 1 33
673 15 1 25
5022 15 1 15
5703 15 1 8
2854 16 1 88
4011 16 1 81
4692 16 1 71
5042 16 1 64
931 16 1 56
2907 16 1 46
836 16 1 33
5263 16 1 23
2740 16 1 17
3466 16 1 8
948 16 2 88
3521 16 2 81
2897 16 2 71
4422 16 2 64
243 16 2 56
1245 16 2 46
5457 16 2 32
2851 16 2 23
2511 16 2 17
2446 16 2 8
2895 16 3 87
5120 16 3 78
4668 16 3 69
1756 16 3 61
634 16 3 54
854 16 3 46
4643 16 3 32
531 16 3 23
2180 16 3 17
1733 16 3 8
2489 16 4 87
4907 16 4 78
4468 16 4 69
1269 16 4 61
5100 16 4 53
2340 16 4 45
2116 16 4 36
5144 16 4 27
2552 16 4 17
1031 16 4 8
4224 16 5 86
1641 16 5 77
3693 16 5 68
5637 16 5 62
478 16 5 51
2658 16 5 43
5093 16 5 35
1127 16 5 27
1759 16 5 17
895 16 5 8
4191 16 6 86
1289 16 6 77
3164 16 6 68
4853 16 6 62
302 16 6 51
2496 16 6 43
3687 16 6 35
4634 16 6 26
1050 16 6 18
1673 16 6 5
2953 16 7 86
1172 16 7 77
2421 16 7 68
3295 16 7 62
5627 16 7 50
353 16 7 42
162 16 7 36
1650 16 7 27
558 16 7 17
2834 16 7 7
1381 16 8 86
877 16 8 77
520 16 8 68
2919 16 8 62
4896 16 8 50
5979 16 8 41
550 16 8 33
4127 16 8 23
754 16 8 17
2128 16 8 7
5940 16 10 85
5546 16 10 73
5455 16 10 62
3709 16 10 50
5203 16 10 41
5719 16 10 32
154 16 10 23
662 16 10 17
1692 16 10 7
4527 16 11 85
5346 16 11 73
471 16 11 62
3241 16 11 50
5059 16 11 41
5063 16 11 32
116 16 11 23
80 16 11 17
950 16 11 7
3076 16 12 85
3750 16 12 73
2211 16 12 61
3685 16 12 53
1462 16 12 45
5030 16 12 35
3936 16 12 26
5594 16 12 17
5534 16 12 6
1578 16 13 85
3708 16 13 73
1008 16 13 61
748 16 13 53
260 16 13 45
4933 16 13 35
1942 16 13 26
5037 16 13 17
4596 16 13 6
1416 16 14 85
1242 16 14 73
3746 16 14 60
844 16 14 53
2933 16 14 44
3003 16 14 36
759 16 14 27
3562 16 14 16
2398 16 14 8
2011 16 15 84
1559 16 15 77
4716 16 15 67
858 16 15 60
5354 16 15 52
619 16 15 44
2573 16 15 36
330 16 15 27
3515 16 15 16
646 16 15 8
2951 16 16 83
5232 16 16 75
3340 16 16 64
18 16 16 56
1066 16 16 46
2320 16 16 32
5752 16 16 22
5515 16 16 12
3049 16 16 2
2711 16 17 82
5928 16 17 71
2519 16 17 64
5134 16 17 55
4755 16 17 47
2354 16 17 36
37 16 17 27
1993 16 17 16
146 16 17 8
1543 16 18 82
5920 16 18 71
2115 16 18 64
4688 16 18 55
4594 16 18 47
1944 16 18 36
2394 16 18 26
4040 16 18 17
2319 16 18 6
5487 16 19 81
1809 16 19 71
1499 16 19 64
3322 16 19 55
4192 16 19 47
4686 16 19 35
1330 16 19 26
2926 16 19 17
1274 16 19 6
3382 17 1 81
1139 17 1 71
725 17 1 64
1332 17 1 55
4034 17 1 47
3664 17 1 35
1058 17 1 26
2223 17 1 17
271 17 1 6
5672 17 2 80
2965 17 2 72
1976 17 2 61
2829 17 2 52
367 17 2 44
1633 17 2 36
1883 17 2 26
1181 17 2 17
5967 17 2 5
2399 17 3 80
2779 17 3 72
1926 17 3 61
215 17 3 52
6046 17 3 43
2929 17 3 35
724 17 3 26
795 17 3 17
5957 17 3 5
5791 17 4 79
2114 17 4 71
5848 17 4 63
2712 17 4 51
773 17 4 43
716 17 4 35
4173 17 4 25
3655 17 4 15
4470 17 4 8
4552 17 5 79
1020 17 5 71
5699 17 5 63
1570 17 5 51
4495 17 5 42
3796 17 5 35
3550 17 5 25
3496 17 5 15
4401 17 5 8
621 17 6 79
6037 17 6 70
928 17 6 62
1391 17 6 50
4567 17 6 41
1402 17 6 32
4991 17 6 22
5242 17 6 11
3809 17 7 78
3761 17 7 69
626 17 7 61
4889 17 7 51
4295 17 7 42
2553 17 7 35
696 17 7 25
1510 17 7 15
3464 17 7 8
3591 17 8 78
3301 17 8 69
1210 17 8 60
3325 17 8 52
5638 17 8 43
554 17 8 35
183 17 8 25
88 17 8 15
3861 17 8 7
128 17 10 77
3175 17 10 67
166 17 10 60
1431 17 10 52
4259 17 10 43
4684 17 10 34
3502 17 10 24
4275 17 10 16
5663 17 10 7
3222 17 11 74
6014 17 11 65
1554 17 11 56
130 17 11 46
4138 17 11 31
310 17 11 22
3293 17 11 11
2716 17 12 72
1562 17 12 61
4068 17 12 51
3658 17 12 42
2258 17 12 35
5818 17 12 24
4947 17 12 15
3555 17 12 7
3312 17 13 69
315 17 13 60
1226 17 13 52
2922 17 13 43
758 17 13 34
3331 17 13 24
3225 17 13 15
2596 17 13 7
4029 17 14 61
3026 17 14 51
1774 17 14 42
1542 17 14 35
4146 17 14 24
1791 17 14 15
919 17 14 7
3807 17 15 26
5547 17 15 16
5380 17 15 7
1523 17 16 93
2290 17 16 84
1187 17 16 77
2870 17 16 67
92 17 16 60
6038 17 16 51
1552 17 16 42
1512 17 16 34
2179 17 16 24
923 17 16 15
79 17 16 7
5658 17 17 92
1088 17 17 85
1190 17 17 73
1946 17 17 60
4312 17 17 51
1271 17 17 42
668 17 17 34
5308 17 17 23
5174 17 17 16
4206 17 17 7
5131 17 18 92
884 17 18 85
1143 17 18 73
1265 17 18 60
4193 17 18 51
1158 17 18 42
299 17 18 34
4576 17 18 23
2473 17 18 16
2920 17 18 7
4210 17 19 92
4971 17 19 84
5602 17 19 76
2221 17 19 69
6036 17 19 59
2086 17 19 51
5894 17 19 41
6027 17 19 31
4111 17 19 21
1861 17 19 12
3047 17 19 2
3169 19 0 92
3156 19 0 84
5021 19 0 76
880 19 0 69
3379 19 0 59
2081 19 0 51
5869 19 0 41
4589 19 0 31
4508 19 0 20
2997 19 0 9
2508 19 1 92
2738 19 1 84
2038 19 1 76
811 19 1 69
1057 19 1 59
1082 19 1 51
5359 19 1 41
2824 19 1 31
3320 19 1 20
2908 19 1 9
2352 19 2 92
2230 19 2 84
2006 19 2 76
5407 19 2 68
2646 19 2 62
3608 19 2 49
4456 19 2 37
4430 19 2 25
2657 19 2 14
4698 19 2 4
3949 19 3 91
2312 19 3 84
1281 19 3 76
4966 19 3 68
40 19 3 62
3399 19 3 49
4234 19 3 37
2152 19 3 25
1555 19 3 14
2475 19 3 4
3679 19 4 91
1642 19 4 84
4975 19 4 75
1689 19 4 64
117 19 4 55
2457 19 4 47
1928 19 4 35
2878 19 4 24
819 19 4 15
5183 19 4 6
4826 19 5 90
476 19 5 82
5147 19 5 71
4585 19 5 63
1196 19 5 51
4701 19 5 41
306 19 5 31
2482 19 5 20
2066 19 5 9
4076 19 6 90
51 19 6 82
1324 19 6 71
2954 19 6 63
4281 19 6 50
2323 19 6 41
1749 19 6 29
5783 19 6 16
1853 19 6 7
2510 19 7 90
5633 19 7 81
363 19 7 71
2202 19 7 63
2764 19 7 50
1685 19 7 41
1116 19 7 29
4843 19 7 16
408 19 7 7
1449 19 8 90
4650 19 8 81
245 19 8 71
1090 19 8 63
5883 19 8 49
4119 19 8 37
1566 19 8 25
782 19 8 14
2468 19 8 4
665 19 9 90
3551 19 9 81
5478 19 9 70
104 19 9 62
2012 19 9 49
1389 19 9 37
1513 19 9 25
4916 19 9 13
1914 19 9 3
133 19 10 90
1700 19 10 81
4952 19 10 70
3066 19 10 61
2756 19 10 51
2741 19 10 41
5229 19 10 28
3960 19 10 20
1189 19 10 9
2636 19 11 89
3160 19 11 80
883 19 11 72
1286 19 11 61
656 19 11 51
906 19 11 41
3419 19 11 28
3842 19 11 20
102 19 11 9
2516 19 12 89
2419 19 12 80
5878 19 12 71
1535 19 12 62
954 19 12 49
441 19 12 37
8 19 12 25
3791 19 12 13
1363 19 12 3
1524 19 13 89
1828 19 13 80
3090 19 13 71
5942 19 13 61
4409 19 13 50
182 19 13 41
1651 19 13 28
3130 19 13 20
4239 19 13 8
5123 19 14 88
3218 19 14 81
4174 19 14 70
1981 19 14 61
4222 19 14 50
5805 19 14 40
3487 19 14 29
3328 19 14 16
274 19 14 7
5048 19 15 88
1469 19 15 81
3855 19 15 70
398 19 15 61
995 19 15 50
3097 19 15 40
3180 19 15 29
1953 19 15 16
5220 19 15 6
3948 19 16 88
5300 19 16 80
1789 19 16 71
4215 19 16 61
5841 19 16 49
5298 19 16 36
1656 19 16 26
5040 19 16 16
4920 19 16 6
3392 19 17 88
4387 19 17 80
1729 19 17 71
821 19 17 61
5506 19 17 49
4368 19 17 36
2282 19 17 25
3554 19 17 13
1023 19 17 3
2808 19 18 88
4163 19 18 80
1285 19 18 71
329 19 18 61
4965 19 18 49
3586 19 18 36
1652 19 18 25
848 19 18 13
584 19 18 3
2182 19 19 88
4055 19 19 80
1122 19 19 71
5551 19 19 60
3836 19 19 51
5429 19 19 40
2582 19 19 29
4946 19 19 15
3508 19 19 6
