2654
5192 0 0 98
4058 0 0 96
2854 0 0 93
5150 0 0 91
5143 0 0 88
1310 0 0 85
4977 0 0 83
2558 0 0 80
1759 0 0 78
4749 0 0 74
4824 0 0 71
2549 0 0 67
3861 0 0 64
4162 0 0 61
2717 0 0 58
2966 0 0 55
4678 0 0 52
1492 0 0 50
5030 0 0 47
4995 0 0 44
4617 0 0 41
3023 0 0 37
2597 0 0 34
4917 0 0 31
3989 0 0 27
4565 0 0 24
3113 0 0 22
1443 0 0 20
2610 0 0 18
3724 0 0 15
2636 0 0 12
4643 0 0 9
2069 0 0 6
3452 0 0 2
1810 0 1 98
5023 0 1 93
2424 0 1 91
4872 0 1 88
4502 0 1 84
4805 0 1 81
875 0 1 79
2794 0 1 77
3570 0 1 74
3052 0 1 70
4483 0 1 68
3174 0 1 65
3229 0 1 63
4317 0 1 59
5052 0 1 56
630 0 1 54
1879 0 1 51
2733 0 1 49
1354 0 1 47
4947 0 1 43
2526 0 1 41
177 0 1 37
1080 0 1 34
4855 0 1 30
4457 0 1 27
3456 0 1 24
4561 0 1 21
4921 0 1 18
2800 0 1 13
4942 0 1 11
1873 0 1 9
4776 0 1 5
1735 0 1 1
4191 0 2 97
4704 0 2 94
359 0 2 92
3101 0 2 89
4649 0 2 87
2289 0 2 85
4197 0 2 81
2034 0 2 78
5111 0 2 73
3610 0 2 70
3471 0 2 68
2799 0 2 65
3151 0 2 62
4904 0 2 58
513 0 2 55
1075 0 2 52
4941 0 2 48
679 0 2 45
5229 0 2 42
3300 0 2 40
2972 0 2 37
363 0 2 34
2653 0 2 30
2143 0 2 27
2795 0 2 24
1819 0 2 21
1906 0 2 18
1173 0 2 13
1433 0 2 10
3798 0 2 8
1942 0 2 5
2421 0 2 1
2164 0 3 97
836 0 3 94
2367 0 3 91
4582 0 3 87
5115 0 3 84
3719 0 3 81
663 0 3 77
3187 0 3 74
608 0 3 70
5064 0 3 66
4192 0 3 63
3119 0 3 59
5040 0 3 55
3026 0 3 51
4498 0 3 48
5180 0 3 44
4719 0 3 40
1572 0 3 37
2307 0 3 33
3793 0 3 31
1750 0 3 27
3344 0 3 23
3330 0 3 20
2137 0 3 16
3015 0 3 14
4422 0 3 10
3460 0 3 8
1326 0 3 5
567 0 4 97
3091 0 4 92
190 0 4 88
4052 0 4 84
3066 0 4 81
2801 0 4 76
1371 0 4 74
61 0 4 70
4333 0 4 66
4372 0 4 62
4603 0 4 58
4183 0 4 54
462 0 4 51
2983 0 4 48
2077 0 4 44
4158 0 4 40
1458 0 4 37
1534 0 4 33
2389 0 4 30
2344 0 4 26
3768 0 4 23
1060 0 4 19
4999 0 4 17
3221 0 4 14
1097 0 4 9
4466 0 4 5
2445 0 5 96
874 0 5 91
618 0 5 87
5080 0 5 84
3290 0 5 80
1658 0 5 78
4702 0 5 73
2964 0 5 69
1727 0 5 65
736 0 5 62
350 0 5 58
1330 0 5 54
3885 0 5 50
621 0 5 47
944 0 5 43
742 0 5 41
4114 0 5 36
2866 0 5 33
527 0 5 30
1100 0 5 26
1662 0 5 23
4437 0 5 18
297 0 5 13
1535 0 5 9
8 0 5 5
1840 0 6 96
121 0 6 91
4329 0 6 86
3945 0 6 84
1419 0 6 80
4486 0 6 76
1266 0 6 74
4778 0 6 69
511 0 6 65
4628 0 6 60
4673 0 6 56
1192 0 6 53
4984 0 6 51
1352 0 6 48
3565 0 6 43
1751 0 6 40
151 0 6 37
1178 0 6 33
3943 0 6 29
2684 0 6 27
706 0 6 23
3813 0 6 18
3659 0 6 12
2172 0 6 9
3914 0 6 4
1636 0 7 96
4206 0 7 90
1399 0 7 88
3780 0 7 84
4339 0 7 79
4331 0 7 75
945 0 7 73
2197 0 7 69
4400 0 7 64
3762 0 7 61
1932 0 7 57
1730 0 7 55
2075 0 7 51
415 0 7 48
2156 0 7 43
5061 0 7 39
3644 0 7 36
4598 0 7 32
617 0 7 29
3384 0 7 25
2263 0 7 23
3125 0 7 18
3518 0 7 12
2539 0 7 8
515 0 7 5
79 0 8 96
3554 0 8 90
4694 0 8 87
1531 0 8 84
3461 0 8 79
631 0 8 75
4838 0 8 70
2631 0 8 66
4065 0 8 62
124 0 8 58
1014 0 8 54
2199 0 8 50
748 0 8 46
203 0 8 43
2086 0 8 39
2848 0 8 36
2648 0 8 32
4385 0 8 28
1027 0 8 26
2499 0 8 21
26 0 8 18
3385 0 8 12
930 0 8 8
167 0 8 5
4478 0 9 95
2612 0 9 92
4957 0 9 87
32 0 9 84
996 0 9 79
227 0 9 75
4727 0 9 70
1042 0 9 66
3809 0 9 62
4764 0 9 57
4167 0 9 52
4583 0 9 48
1865 0 9 43
2072 0 9 39
4343 0 9 35
4861 0 9 32
4254 0 9 28
538 0 9 26
1761 0 9 21
2813 0 9 17
4681 0 9 13
731 0 9 9
3556 0 9 4
3443 0 10 95
1950 0 10 92
2888 0 10 87
1968 0 10 83
449 0 10 79
53 0 10 75
3368 0 10 70
188 0 10 66
3634 0 10 62
1026 0 10 57
3982 0 10 52
3802 0 10 48
234 0 10 43
1413 0 10 39
2924 0 10 35
4742 0 10 30
3146 0 10 25
2174 0 10 22
1589 0 10 19
2596 0 10 16
48 0 10 12
862 0 10 8
2784 0 10 4
3038 0 11 95
2342 0 11 91
3260 0 11 86
3769 0 11 84
533 0 11 79
1851 0 11 74
2464 0 11 69
1279 0 11 64
655 0 11 61
1295 0 11 57
3657 0 11 52
3707 0 11 48
179 0 11 43
409 0 11 39
757 0 11 35
4740 0 11 29
530 0 11 25
654 0 11 22
1271 0 11 19
2544 0 11 14
695 0 11 9
1305 0 11 4
957 0 12 95
1619 0 12 90
3267 0 12 86
3339 0 12 84
4560 0 12 78
3024 0 12 72
2665 0 12 69
4568 0 12 63
2313 0 12 59
4302 0 12 55
2511 0 12 50
4759 0 12 45
4290 0 12 42
2107 0 12 39
5220 0 12 34
2609 0 12 30
1897 0 12 25
4718 0 12 20
3993 0 12 15
727 0 12 12
3741 0 12 7
4349 0 12 5
373 0 13 95
693 0 13 90
2258 0 13 86
922 0 13 84
4193 0 13 78
4170 0 13 71
5185 0 13 66
2088 0 13 62
4786 0 13 56
5206 0 13 52
2922 0 13 48
163 0 13 43
5156 0 13 38
1639 0 13 35
4536 0 13 29
2190 0 13 24
202 0 13 21
997 0 13 17
4527 0 13 13
3957 0 13 8
3630 0 13 3
5163 0 14 94
2433 0 14 90
5069 0 14 85
3497 0 14 81
2210 0 14 76
5190 0 14 72
3962 0 14 68
1487 0 14 65
4523 0 14 60
2925 0 14 56
3351 0 14 52
1907 0 14 48
4365 0 14 42
2569 0 14 38
571 0 14 35
4477 0 14 29
3564 0 14 23
3075 0 14 18
3280 0 14 12
3640 0 14 7
2788 0 14 5
4140 0 15 94
1753 0 15 90
4424 0 15 85
963 0 15 81
5063 0 15 75
2857 0 15 70
5119 0 15 65
4149 0 15 59
3191 0 15 55
2037 0 15 50
4174 0 15 45
1935 0 15 42
4974 0 15 37
416 0 15 33
1226 0 15 29
3470 0 15 23
814 0 15 18
5139 0 15 11
4566 0 15 8
3590 0 15 3
1109 0 16 94
4549 0 16 89
2954 0 16 87
4545 0 16 82
3132 0 16 79
1648 0 16 74
4901 0 16 68
1022 0 16 65
2192 0 16 59
1500 0 16 55
1486 0 16 50
3095 0 16 45
406 0 16 42
1949 0 16 37
4735 0 16 32
2976 0 16 28
4644 0 16 24
4203 0 16 20
3728 0 16 15
4059 0 16 11
236 0 16 8
2467 0 16 3
701 0 17 94
3243 0 17 89
1686 0 17 85
4988 0 17 80
1614 0 17 76
4982 0 17 72
3377 0 17 68
750 0 17 64
82 0 17 61
292 0 17 57
3177 0 17 52
3595 0 17 47
925 0 17 43
4768 0 17 38
117 0 17 35
3422 0 17 29
2110 0 17 23
801 0 17 18
4001 0 17 11
4399 0 17 7
1792 0 17 4
226 0 18 94
2494 0 18 89
5142 0 18 84
1009 0 18 78
2982 0 18 71
1647 0 18 66
1965 0 18 62
3617 0 18 56
4284 0 18 51
4657 0 18 47
3263 0 18 42
1659 0 18 37
4465 0 18 32
1249 0 18 28
1118 0 18 24
3358 0 18 20
1707 0 18 15
2360 0 18 10
180 0 18 7
2611 0 18 3
4438 0 19 93
4850 0 19 90
3666 0 19 85
1917 0 19 80
165 0 19 76
2594 0 19 72
4653 0 19 67
3282 0 19 64
1738 0 19 60
3044 0 19 55
1402 0 19 50
3088 0 19 45
1621 0 19 41
3748 0 19 36
2058 0 19 32
871 0 19 28
4298 0 19 23
5203 0 19 17
4178 0 19 13
3550 0 19 8
1804 0 19 3
2025 2 0 93
3934 2 0 90
3462 2 0 85
1705 2 0 80
2832 2 0 75
2035 2 0 70
3650 2 0 65
1548 2 0 59
2482 2 0 54
1966 2 0 50
2929 2 0 45
4703 2 0 40
3141 2 0 36
670 2 0 32
4578 2 0 27
302 2 0 23
4089 2 0 17
2649 2 0 13
3534 2 0 8
1791 2 0 3
3532 2 1 92
2508 2 1 87
3249 2 1 82
2251 2 1 78
1012 2 1 71
71 2 1 66
802 2 1 62
747 2 1 56
2336 2 1 51
3305 2 1 47
2165 2 1 42
1320 2 1 37
4283 2 1 32
913 2 1 27
83 2 1 23
2443 2 1 17
1072 2 1 13
3485 2 1 8
758 2 1 3
3409 2 2 92
603 2 2 87
1016 2 2 82
2042 2 2 78
401 2 2 71
4734 2 2 64
326 2 2 60
2798 2 2 55
5184 2 2 49
4961 2 2 46
4373 2 2 42
3932 2 2 36
4606 2 2 31
1395 2 2 27
4633 2 2 22
3674 2 2 18
4479 2 2 10
4840 2 2 6
1261 2 2 2
4671 2 3 91
2772 2 3 86
4379 2 3 83
1129 2 3 78
4928 2 3 70
2905 2 3 65
882 2 3 59
65 2 3 54
1835 2 3 50
2627 2 3 45
2349 2 3 40
1870 2 3 36
3745 2 3 31
4038 2 3 26
811 2 3 21
3459 2 3 16
5196 2 3 11
1160 2 3 7
2189 2 3 3
4608 2 4 91
1381 2 4 86
2781 2 4 83
197 2 4 78
4564 2 4 70
490 2 4 65
450 2 4 59
4994 2 4 53
2520 2 4 48
2933 2 4 42
3919 2 4 36
3676 2 4 31
2566 2 4 26
441 2 4 21
4732 2 4 15
1628 2 4 10
4397 2 4 6
4700 2 4 1
4118 2 5 91
4485 2 5 85
10 2 5 80
1241 2 5 75
4577 2 5 69
3779 2 5 63
2106 2 5 59
3421 2 5 53
2253 2 5 48
2552 2 5 42
3215 2 5 36
2422 2 5 31
2299 2 5 26
344 2 5 21
3200 2 5 15
4313 2 5 9
899 2 5 4
3395 2 7 91
2236 2 7 85
3568 2 7 79
1315 2 7 74
4586 2 7 68
4155 2 7 63
1912 2 7 59
1754 2 7 53
1529 2 7 48
5097 2 7 41
3136 2 7 36
831 2 7 31
2082 2 7 26
1157 2 7 20
4091 2 7 14
370 2 7 9
4675 2 7 3
1172 2 9 91
1847 2 9 85
2957 2 9 79
5209 2 9 73
1960 2 9 69
3643 2 9 63
3675 2 9 58
3829 2 9 53
1291 2 9 48
1293 2 9 41
3032 2 9 36
749 2 9 31
1224 2 9 26
247 2 9 20
3261 2 9 14
3340 2 9 8
2656 2 9 2
217 2 10 91
1600 2 10 84
4706 2 10 77
2556 2 10 74
3819 2 10 68
4815 2 10 62
480 2 10 56
4874 2 10 50
1953 2 10 45
4845 2 10 39
3006 2 10 34
2412 2 10 30
1782 2 10 24
2010 2 10 20
3058 2 10 13
3246 2 10 8
1859 2 10 2
4648 2 11 90
2630 2 11 85
2903 2 11 79
5096 2 11 73
4396 2 11 68
4690 2 11 62
2818 2 11 55
4057 2 11 49
143 2 11 46
3797 2 11 42
2071 2 11 36
245 2 11 31
888 2 11 26
5066 2 11 19
1312 2 11 14
1967 2 11 8
5181 2 11 1
4024 2 12 90
1185 2 12 85
2392 2 12 79
4894 2 12 73
3250 2 12 68
3348 2 12 62
4212 2 12 54
1676 2 12 50
1624 2 12 45
4753 2 12 39
2126 2 12 34
4637 2 12 29
1280 2 12 23
1105 2 12 17
4843 2 12 12
3509 2 12 7
2089 2 12 2
2564 2 13 90
864 2 13 85
2243 2 13 79
2635 2 13 73
3096 2 13 68
2973 2 13 62
1979 2 13 54
605 2 13 50
4849 2 13 44
2403 2 13 40
1941 2 13 35
3372 2 13 29
244 2 13 23
651 2 13 17
4624 2 13 12
2354 2 13 7
4868 2 13 1
558 2 15 89
3033 2 15 84
3609 2 15 77
1807 2 15 74
1082 2 15 68
790 2 15 62
832 2 15 54
433 2 15 50
773 2 15 44
1888 2 15 40
2668 2 15 34
1313 2 15 29
3226 2 15 22
2531 2 15 18
1189 2 15 10
5182 2 15 5
2677 2 16 88
3413 2 16 84
2898 2 16 77
3156 2 16 73
2720 2 16 68
215 2 16 62
4950 2 16 53
383 2 16 48
1234 2 16 41
3039 2 16 35
2704 2 16 29
5022 2 16 21
1793 2 16 15
3680 2 16 9
4553 2 16 3
4023 2 17 87
624 2 17 82
1294 2 17 77
1270 2 17 73
1501 2 17 68
5219 2 17 61
5075 2 17 56
3571 2 17 50
4199 2 17 43
3895 2 17 38
1893 2 17 34
3264 2 17 28
3424 2 17 23
537 2 17 17
3547 2 17 12
1247 2 17 7
4455 2 17 1
3013 2 18 87
5105 2 18 81
4664 2 18 75
4033 2 18 69
1214 2 18 63
1561 2 18 58
3181 2 18 53
4842 2 18 47
1724 2 18 42
1987 2 18 36
127 2 18 31
4209 2 18 25
1098 2 18 20
796 2 18 13
2701 2 18 8
3266 2 18 1
2510 2 19 87
4625 2 19 81
4121 2 19 75
4112 2 19 68
4511 2 19 61
4913 2 19 56
1745 2 19 50
4031 2 19 43
3312 2 19 38
668 2 19 34
2937 2 19 28
2099 2 19 23
3944 2 19 16
3740 2 19 11
4802 2 19 6
4252 2 19 1
694 3 0 87
4474 3 0 81
3835 3 0 75
3697 3 0 68
4081 3 0 61
3681 3 0 56
1056 3 0 50
2359 3 0 43
4405 3 0 37
2132 3 0 32
3992 3 0 26
212 3 0 19
809 3 0 13
2373 3 0 8
2736 3 0 1
4425 3 1 86
2451 3 1 83
3757 3 1 77
2293 3 1 72
2318 3 1 67
2145 3 1 64
2722 3 1 59
4980 3 1 52
981 3 1 47
5085 3 1 41
2288 3 1 35
897 3 1 29
2940 3 1 21
72 3 1 15
3583 3 1 9
4452 3 1 3
4187 3 2 86
293 3 2 83
1827 3 2 77
942 3 2 72
1921 3 2 67
5102 3 2 63
5011 3 2 57
1546 3 2 52
4747 3 2 46
1541 3 2 42
4131 3 2 35
3227 3 2 28
4056 3 2 22
1127 3 2 18
1171 3 2 10
4780 3 2 5
1976 3 3 86
3591 3 3 82
3984 3 3 76
2506 3 3 72
510 3 3 67
4944 3 3 63
1384 3 3 57
3420 3 3 51
4276 3 3 46
498 3 3 42
3163 3 3 35
1787 3 3 28
3245 3 3 22
434 3 3 18
1186 3 3 9
4221 3 3 3
44 3 4 86
3376 3 4 82
3262 3 4 76
5088 3 4 71
4659 3 4 64
3877 3 4 58
2918 3 4 53
3213 3 4 47
4201 3 4 41
1943 3 4 35
1355 3 4 28
2074 3 4 22
3450 3 4 17
103 3 4 12
2465 3 4 6
3276 3 4 1
4724 3 5 85
4864 3 5 78
2554 3 5 70
5151 3 5 64
3825 3 5 58
2678 3 5 53
2587 3 5 47
3632 3 5 41
1547 3 5 35
457 3 5 28
872 3 5 22
2545 3 5 17
5077 3 5 11
4074 3 5 6
2773 3 5 1
2041 3 7 85
4610 3 7 78
1640 3 7 70
5106 3 7 64
3716 3 7 58
4124 3 7 52
4184 3 7 46
3792 3 7 41
1006 3 7 35
4176 3 7 27
3495 3 7 22
2188 3 7 17
3654 3 7 11
3671 3 7 6
2673 3 7 1
1767 3 13 85
3834 3 13 78
709 3 13 70
2480 3 13 64
2679 3 13 58
451 3 13 52
3441 3 13 46
2955 3 13 41
4524 3 13 34
1176 3 13 28
5010 3 13 21
4978 3 13 14
3808 3 13 7
2413 3 13 1
1592 3 15 85
3533 3 15 78
207 3 15 70
2290 3 15 64
2491 3 15 58
4408 3 15 51
3782 3 15 46
2238 3 15 41
4309 3 15 34
1103 3 15 28
4376 3 15 21
4519 3 15 14
2308 3 15 7
1460 3 15 1
2749 3 16 84
2237 3 16 77
1922 3 16 71
4906 3 16 63
1353 3 16 57
1660 3 16 51
5053 3 16 45
1179 3 16 39
609 3 16 34
4920 3 16 27
3130 3 16 22
4257 3 16 16
1067 3 16 11
3318 3 16 6
1339 3 16 1
1948 3 17 84
4769 3 17 76
4522 3 17 71
4456 3 17 63
220 3 17 57
1450 3 17 51
3886 3 17 45
4430 3 17 38
1322 3 17 33
4210 3 17 28
4064 3 17 21
3543 3 17 14
4831 3 17 6
194 3 18 84
4384 3 18 76
4641 3 18 70
2017 3 18 64
717 3 18 58
4214 3 18 51
2867 3 18 45
3517 3 18 38
364 3 18 33
2563 3 18 28
3597 3 18 21
3434 3 18 14
453 3 18 6
5200 3 19 83
1684 3 19 77
1645 3 19 71
3803 3 19 63
2167 3 19 56
192 3 19 50
1650 3 19 43
4240 3 19 37
1106 3 19 32
428 3 19 26
4296 3 19 18
870 3 19 9
4129 3 19 3
4018 4 5 83
867 4 5 77
4807 4 5 70
1857 4 5 64
4352 4 5 57
4326 4 5 50
5204 4 5 42
2468 4 5 35
3985 4 5 27
3014 4 5 22
4063 4 5 16
331 4 5 11
2961 4 5 6
795 4 7 83
5177 4 7 76
4639 4 7 70
1474 4 7 64
3524 4 7 57
3018 4 7 50
4513 4 7 42
1397 4 7 35
3027 4 7 27
2021 4 7 22
3880 4 7 16
5004 4 7 10
4321 4 7 5
4862 4 8 79
2423 4 8 73
329 4 8 68
3417 4 8 61
3055 4 8 56
5048 4 8 49
3056 4 8 45
3211 4 8 38
4133 4 8 32
4128 4 8 24
972 4 8 20
4495 4 8 12
2252 4 8 6
3961 4 9 79
1690 4 9 73
3756 4 9 67
4054 4 9 63
1687 4 9 56
4130 4 9 49
1963 4 9 45
1839 4 9 38
2417 4 9 32
1860 4 9 24
159 4 9 20
2935 4 9 12
2103 4 9 6
4506 4 10 78
2076 4 10 69
122 4 10 63
1043 4 10 56
2114 4 10 49
4075 4 10 44
5009 4 10 39
136 4 10 34
4454 4 10 27
5189 4 10 20
1558 4 10 12
1864 4 10 6
284 4 11 75
1491 4 11 68
1773 4 11 61
2890 4 11 56
1945 4 11 49
4413 4 11 43
3948 4 11 37
4362 4 11 31
3848 4 11 25
1007 4 11 20
1182 4 11 12
793 4 11 6
3341 4 12 58
3343 4 12 51
1205 4 12 45
924 4 12 38
1603 4 12 32
1679 4 12 24
4866 4 12 19
87 4 12 13
4591 4 12 7
27 4 13 97
2163 4 13 92
4618 4 13 86
2577 4 13 82
2984 4 13 76
3699 4 13 70
92 4 13 64
1164 4 13 57
2637 4 13 50
4066 4 13 42
1198 4 13 35
2407 4 13 27
3259 4 13 20
5144 4 13 11
1982 4 13 6
4979 4 15 96
3474 4 15 90
431 4 15 85
2840 4 15 78
294 4 15 69
4441 4 15 62
4785 4 15 53
1842 4 15 47
3045 4 15 41
3789 4 15 34
4108 4 15 27
2968 4 15 20
4731 4 15 11
861 4 15 6
3545 5 0 95
3646 5 0 89
2561 5 0 84
854 5 0 76
2872 5 0 70
4067 5 0 63
688 5 0 56
970 5 0 49
2378 5 0 43
2825 5 0 37
3963 5 0 31
4730 5 0 24
3144 5 0 19
5165 5 0 12
42 5 0 6
3202 5 1 95
1924 5 1 89
1729 5 1 84
561 5 1 76
1961 5 1 70
3966 5 1 63
5116 5 1 55
3713 5 1 49
1641 5 1 43
3507 5 1 36
1394 5 1 30
989 5 1 24
3046 5 1 19
4311 5 1 12
4869 5 1 5
2687 5 2 95
1923 5 2 89
1142 5 2 84
4899 5 2 75
1392 5 2 68
1582 5 2 61
2500 5 2 56
240 5 2 49
4402 5 2 42
1051 5 2 35
1454 5 2 27
1666 5 2 20
3337 5 2 11
4800 5 2 5
3315 5 5 94
1811 5 5 89
4755 5 5 83
4739 5 5 76
76 5 5 70
2330 5 5 63
4791 5 5 55
3624 5 5 49
2203 5 5 42
4667 5 5 34
3588 5 5 27
1449 5 5 20
812 5 5 11
2592 5 5 5
620 5 9 94
810 5 9 89
3073 5 9 83
3504 5 9 76
1959 5 9 69
4144 5 9 62
3600 5 9 53
1065 5 9 47
1728 5 9 41
2064 5 9 34
3468 5 9 27
3618 5 9 19
2790 5 9 12
4460 5 9 5
298 5 10 94
3862 5 10 88
436 5 10 84
4669 5 10 75
322 5 10 68
172 5 10 61
2398 5 10 56
1757 5 10 48
941 5 10 41
5098 5 10 33
2384 5 10 28
2740 5 10 21
853 5 10 14
4623 5 10 5
4968 5 11 93
4975 5 11 89
2572 5 11 83
1490 5 11 76
1900 5 11 69
2355 5 11 62
3407 5 11 53
425 5 11 47
5035 5 11 40
257 5 11 34
711 5 11 27
835 5 11 19
716 5 11 12
1259 5 11 5
4905 5 12 93
4347 5 12 89
1605 5 12 83
849 5 12 76
1503 5 12 69
1635 5 12 62
4227 5 12 52
2483 5 12 46
448 5 12 41
4368 5 12 33
2198 5 12 28
2478 5 12 21
5148 5 12 13
4509 5 12 7
1426 5 13 93
2553 5 13 89
5019 5 13 82
2282 5 13 76
781 5 13 69
1349 5 13 62
3086 5 13 52
2213 5 13 46
3720 5 13 40
4658 5 13 33
1565 5 13 28
1889 5 13 21
1828 5 13 13
4827 5 13 6
858 5 15 93
1790 5 15 89
2394 5 15 82
1632 5 15 76
485 5 15 69
761 5 15 62
1758 5 15 52
1543 5 15 46
2261 5 15 40
4239 5 15 33
1493 5 15 28
1211 5 15 21
3753 5 15 12
4447 5 15 4
2856 5 17 92
4016 5 17 86
1337 5 17 82
1409 5 17 76
2846 5 17 68
3494 5 17 60
173 5 17 55
2232 5 17 49
4650 5 17 41
2229 5 17 33
1283 5 17 28
4060 5 17 20
575 5 17 11
1887 5 17 5
1952 5 18 92
3380 5 18 86
349 5 18 82
438 5 18 76
2533 5 18 68
3167 5 18 60
4867 5 18 54
49 5 18 50
3338 5 18 42
4141 5 18 34
665 5 18 27
830 5 18 19
2256 5 18 11
1553 5 18 5
1292 5 19 92
1099 5 19 86
3832 5 19 81
1036 5 19 75
5186 5 19 67
714 5 19 63
2834 5 19 55
1704 5 19 49
3827 5 19 41
2176 5 19 33
231 5 19 28
3718 5 19 20
5043 5 19 10
1107 5 19 5
1256 6 0 92
724 6 0 86
3012 6 0 81
375 6 0 75
3737 6 0 67
205 6 0 63
1085 6 0 55
4154 6 0 48
536 6 0 41
5152 6 0 32
4428 6 0 23
3361 6 0 16
4839 6 0 10
920 6 0 5
486 6 1 92
2796 6 1 85
2275 6 1 78
4202 6 1 68
389 6 1 60
2001 6 1 54
4071 6 1 49
937 6 1 41
4912 6 1 32
4139 6 1 23
1237 6 1 16
3328 6 1 10
562 6 1 5
2512 6 2 91
1383 6 2 84
4286 6 2 75
3021 6 2 67
2529 6 2 62
1074 6 2 52
4640 6 2 45
880 6 2 38
162 6 2 32
775 6 2 23
299 6 2 16
2535 6 2 10
4876 6 2 4
1101 6 3 91
419 6 3 84
3936 6 3 75
756 6 3 67
680 6 3 62
2793 6 3 51
3 6 3 45
540 6 3 38
2659 6 3 31
4693 6 3 24
2875 6 3 19
376 6 3 11
493 6 3 5
903 6 5 91
3939 6 5 83
24 6 5 76
2383 6 5 68
266 6 5 60
4871 6 5 53
3116 6 5 46
345 6 5 40
3239 6 5 33
5159 6 5 27
734 6 5 19
3882 6 5 10
3851 6 5 4
4745 6 7 90
3677 6 7 84
791 6 7 75
3652 6 7 66
335 6 7 62
3541 6 7 50
3149 6 7 42
4100 6 7 34
3906 6 7 26
4217 6 7 18
771 6 7 9
4095 6 7 3
4270 6 8 90
2953 6 8 84
4574 6 8 74
3818 6 8 67
1878 6 8 61
1587 6 8 56
1222 6 8 48
4548 6 8 40
1781 6 8 33
2843 6 8 27
4377 6 8 18
501 6 8 9
3998 6 8 3
4055 6 9 90
4634 6 9 83
3087 6 9 75
3112 6 9 66
4279 6 9 61
213 6 9 56
150 6 9 48
2185 6 9 40
1504 6 9 33
1964 6 9 27
4207 6 9 18
3941 6 9 8
1670 6 9 1
4048 6 13 90
4125 6 13 83
2376 6 13 75
2217 6 13 66
3857 6 13 61
740 6 13 55
4073 6 13 48
1882 6 13 40
1429 6 13 33
1282 6 13 27
4015 6 13 18
3698 6 13 8
4027 6 15 90
3686 6 15 83
1229 6 15 75
1958 6 15 66
3823 6 15 61
3759 6 15 54
3638 6 15 49
4473 6 15 40
1113 6 15 33
507 6 15 27
5225 6 15 17
735 6 15 11
4751 6 15 4
3772 6 17 90
2049 6 17 83
1145 6 17 75
1926 6 17 66
3651 6 17 61
3516 6 17 54
3129 6 17 49
2405 6 17 40
764 6 17 33
181 6 17 27
4119 6 17 17
263 6 17 11
2934 6 17 4
279 7 7 90
1845 7 7 83
1002 7 7 75
975 7 7 66
1111 7 7 61
3308 7 7 54
3067 7 7 49
1427 7 7 40
5191 7 7 32
580 7 7 23
2889 7 7 15
2415 7 7 9
3637 7 7 3
2119 7 11 89
752 7 11 82
2660 7 11 75
123 7 11 66
4334 7 11 60
4763 7 11 53
70 7 11 46
3865 7 11 39
5005 7 11 33
131 7 11 27
2828 7 11 17
25 7 11 11
2205 7 11 4
5195 7 12 88
175 7 12 84
2672 7 12 74
3287 7 12 67
2027 7 12 60
4668 7 12 53
2325 7 12 45
985 7 12 37
2745 7 12 31
4520 7 12 24
2874 7 12 19
3784 7 12 10
2492 7 12 4
3844 7 13 88
4593 7 13 83
5129 7 13 74
1093 7 13 67
1590 7 13 60
3433 7 13 53
2661 7 13 44
4182 7 13 39
4925 7 13 33
4484 7 13 26
2452 7 13 18
3594 7 13 8
3406 8 0 88
2045 8 0 82
1151 8 0 75
3436 8 0 65
223 8 0 59
3523 8 0 52
3355 8 0 45
2911 8 0 36
1278 8 0 30
38 8 0 24
2860 8 0 19
3661 8 0 10
2283 8 0 4
1618 8 1 88
1452 8 1 82
508 8 1 75
356 8 1 65
4919 8 1 58
1020 8 1 51
5226 8 1 44
1057 8 1 39
4911 8 1 33
3987 8 1 26
4783 8 1 17
4554 8 1 10
1483 8 1 4
1361 8 2 88
1052 8 2 82
301 8 2 75
1061 8 2 64
3601 8 2 56
4627 8 2 47
2901 8 2 40
3929 8 2 32
2182 8 2 22
5067 8 2 15
1970 8 2 9
3576 8 2 3
5171 8 3 87
3155 8 3 81
73 8 3 75
276 8 3 64
2709 8 3 56
4518 8 3 47
1956 8 3 40
1996 8 3 32
4987 8 3 21
3696 8 3 12
446 8 3 4
3922 8 4 87
2331 8 4 81
5125 8 4 74
702 8 4 67
3705 8 4 59
1464 8 4 52
4410 8 4 44
5187 8 4 38
2493 8 4 31
956 8 4 24
2453 8 4 19
447 8 4 10
214 8 4 4
3169 8 5 87
4293 8 5 80
5008 8 5 74
4417 8 5 66
3291 8 5 60
2255 8 5 53
5217 8 5 43
3324 8 5 36
936 8 5 30
21 8 5 24
1784 8 5 18
3458 8 5 8
1148 8 7 87
4251 8 7 80
4117 8 7 74
4138 8 7 66
2414 8 7 60
4228 8 7 52
3927 8 7 44
3137 8 7 38
2348 8 7 31
3881 8 7 23
2616 8 7 15
4458 8 7 8
1032 8 9 87
3672 8 9 80
3975 8 9 74
2820 8 9 66
4216 8 9 59
986 8 9 52
3357 8 9 44
2372 8 9 38
5038 8 9 30
5047 8 9 23
252 8 9 15
1526 8 9 8
418 8 11 87
3665 8 11 80
635 8 11 74
1677 8 11 66
3592 8 11 59
5216 8 11 51
4946 8 11 44
4303 8 11 37
2503 8 11 31
3723 8 11 23
3335 8 11 14
4389 8 11 5
2168 8 16 86
5056 8 16 80
4814 8 16 73
2457 8 16 67
902 8 16 59
2091 8 16 51
4200 8 16 44
4229 8 16 37
2194 8 16 31
2366 8 16 23
4885 8 16 13
4514 8 16 6
4832 8 17 85
1468 8 17 78
2254 8 17 68
16 8 17 60
3369 8 17 52
1604 8 17 44
1274 8 17 37
352 8 17 31
4142 8 17 22
4676 8 17 15
1156 8 17 8
3386 8 18 85
2136 8 18 77
2224 8 18 70
1364 8 18 63
848 8 18 55
3439 8 18 48
1258 8 18 40
1208 8 18 32
386 8 18 21
852 8 18 12
3628 8 18 3
3345 8 19 85
2097 8 19 77
1855 8 19 70
1175 8 19 63
4716 8 19 54
5147 8 19 48
1159 8 19 40
3836 8 19 31
80 8 19 22
1974 8 19 15
732 8 19 8
1011 9 5 85
1801 9 5 77
905 9 5 70
990 9 5 63
2186 9 5 54
5039 9 5 48
332 9 5 40
3079 9 5 31
4260 9 5 21
481 9 5 12
1521 9 5 3
517 9 9 85
1736 9 9 77
581 9 9 70
3602 9 9 62
2737 9 9 50
2666 9 9 42
2124 9 9 34
1410 9 9 26
4581 9 9 17
3431 9 9 10
110 9 9 4
337 9 11 85
1077 9 11 77
4636 9 11 69
5046 9 11 61
2812 9 11 54
649 9 11 48
119 9 11 40
4534 9 11 30
3109 9 11 23
4390 9 11 13
4233 9 11 6
4846 9 13 84
4605 9 13 73
2351 9 13 67
4851 9 13 58
4412 9 13 50
2420 9 13 42
4771 9 13 33
707 9 13 26
2036 9 13 17
3148 9 13 10
57 9 13 4
3981 10 0 84
2751 10 0 73
1578 10 0 67
3210 10 0 58
4223 10 0 50
1825 10 0 42
3866 10 0 33
241 10 0 26
196 10 0 17
2278 10 0 10
4937 10 0 3
1626 10 1 84
2196 10 1 73
4346 10 1 66
1809 10 1 59
398 10 1 51
3133 10 1 44
1000 10 1 37
3878 10 1 30
2748 10 1 23
3950 10 1 13
3359 10 1 6
330 10 2 84
4562 10 2 72
395 10 2 67
2320 10 2 58
3684 10 2 50
531 10 2 42
661 10 2 33
3916 10 2 25
762 10 2 20
4915 10 2 10
3233 10 2 3
3900 10 3 83
4934 10 3 74
1267 10 3 66
235 10 3 59
132 10 3 51
552 10 3 44
461 10 3 37
3511 10 3 30
2693 10 3 23
2162 10 3 13
2057 10 3 6
3812 10 5 83
4789 10 5 74
4259 10 5 65
1348 10 5 58
3466 10 5 50
228 10 5 42
5164 10 5 32
3482 10 5 20
4836 10 5 10
3142 10 5 3
3147 10 6 82
4897 10 6 74
1951 10 6 65
669 10 6 58
312 10 6 50
3398 10 6 41
4684 10 6 32
2805 10 6 20
763 10 6 10
2048 10 6 3
1701 10 8 82
3463 10 8 74
1038 10 8 65
273 10 8 58
95 10 8 50
2466 10 8 41
4291 10 8 32
2375 10 8 20
3953 10 8 9
85 10 8 3
4448 10 9 81
5049 10 9 74
487 10 9 65
4794 10 9 57
1623 10 9 50
2459 10 9 41
3342 10 9 32
399 10 9 20
3310 10 9 9
4039 10 9 2
4471 10 11 79
590 10 11 73
2987 10 11 66
5021 10 11 58
46 10 11 50
2270 10 11 41
2824 10 11 32
4686 10 11 19
4096 10 11 9
3274 10 11 2
2658 10 13 79
410 10 13 73
2952 10 13 66
3858 10 13 58
2471 10 13 49
371 10 13 40
678 10 13 30
1824 10 13 23
1740 10 13 13
1594 10 13 6
2193 10 15 79
380 10 15 73
1513 10 15 66
2804 10 15 58
768 10 15 49
5026 10 15 39
3598 10 15 33
3390 10 15 25
640 10 15 20
1063 10 15 9
2446 10 15 2
5093 10 16 78
577 10 16 68
5121 10 16 59
66 10 16 51
484 10 16 44
1644 10 16 36
4736 10 16 29
2402 10 16 21
4103 10 16 11
1233 10 16 4
5055 10 18 76
1783 10 18 68
4852 10 18 59
4213 10 18 50
2166 10 18 41
246 10 18 32
2604 10 18 19
3794 10 18 9
2302 10 18 2
4575 11 0 76
647 11 0 68
3575 11 0 59
3446 11 0 50
859 11 0 41
4045 11 0 31
1798 11 0 21
2939 11 0 11
381 11 0 4
2240 11 1 74
60 11 1 65
4475 11 1 57
1263 11 1 50
185 11 1 41
2647 11 1 31
1253 11 1 21
2406 11 1 11
4503 11 1 3
927 11 2 72
107 11 2 67
1273 11 2 58
677 11 2 49
4353 11 2 39
1455 11 2 33
798 11 2 24
315 11 2 18
2871 11 2 8
545 11 3 70
429 11 3 62
2540 11 3 50
4481 11 3 40
4812 11 3 29
2130 11 3 21
847 11 3 11
3296 11 3 3
1696 11 5 62
1777 11 5 50
4323 11 5 40
3712 11 5 29
982 11 5 21
43 11 5 11
2927 11 5 3
774 11 6 96
3189 11 6 90
1494 11 6 83
3746 11 6 74
5000 11 6 64
1344 11 6 56
3778 11 6 47
818 11 6 40
3664 11 6 29
52 11 6 21
5090 11 6 10
1834 11 6 3
4378 11 8 95
788 11 8 89
290 11 8 82
3157 11 8 74
3974 11 8 64
1307 11 8 56
5065 11 8 46
3140 11 8 39
1194 11 8 33
5083 11 8 23
1167 11 8 13
1204 11 8 6
2886 11 9 95
4620 11 9 88
4462 11 9 81
4810 11 9 74
3969 11 9 64
478 11 9 56
3375 11 9 46
4515 11 9 38
4032 11 9 30
4890 11 9 22
1580 11 9 15
4584 11 9 7
2226 11 13 95
3153 11 13 88
2723 11 13 81
4535 11 13 74
570 11 13 64
5014 11 13 55
2926 11 13 48
2816 11 13 39
979 11 13 33
3958 11 13 23
526 11 13 13
4218 11 13 5
1154 11 16 95
2868 11 16 88
1938 11 16 81
1415 11 16 74
2284 11 16 63
5201 11 16 53
3435 11 16 43
2703 11 16 36
4340 11 16 29
1995 11 16 20
3231 11 16 8
307 11 18 95
563 11 18 88
1898 11 18 81
166 11 18 74
4295 11 18 62
1785 11 18 49
4196 11 18 39
104 11 18 33
3770 11 18 23
4775 11 18 12
1095 11 18 3
3415 12 11 94
3660 12 11 88
1612 12 11 81
4744 12 11 72
4404 12 11 66
2583 12 11 58
689 12 11 48
2718 12 11 39
2651 12 11 32
155 12 11 19
1088 12 11 9
1382 12 11 2
4656 12 12 93
1613 12 12 89
120 12 12 82
1829 12 12 74
1596 12 12 62
766 12 12 49
2686 12 12 39
2598 12 12 32
144 12 12 19
1047 12 12 9
573 12 12 2
3938 12 13 93
1421 12 13 89
4010 12 13 81
4172 12 13 72
4253 12 13 66
2149 12 13 58
6 12 13 48
2579 12 13 39
1562 12 13 32
3579 12 13 18
2855 12 13 8
2138 12 14 93
74 12 14 89
3060 12 14 81
3265 12 14 72
4109 12 14 66
1583 12 14 58
3822 12 14 47
725 12 14 40
1598 12 14 29
934 12 14 20
4070 12 14 7
855 12 16 93
4966 12 16 88
3956 12 16 80
2839 12 16 73
1306 12 16 66
400 12 16 58
3289 12 16 47
594 12 16 40
5110 12 16 28
1533 12 16 20
2715 12 16 7
3867 12 18 92
238 12 18 85
637 12 18 77
3183 12 18 69
2066 12 18 61
318 12 18 54
475 12 18 48
4926 12 18 38
3224 12 18 30
4756 12 18 22
1246 12 18 15
4539 12 18 7
1341 13 0 92
4692 13 0 84
3898 13 0 72
3574 13 0 66
296 13 0 58
2108 13 0 47
4431 13 0 39
1403 13 0 32
5117 13 0 17
4355 13 0 9
444 13 0 2
1302 13 1 92
3706 13 1 84
2345 13 1 72
3165 13 1 66
77 13 1 58
1830 13 1 47
4307 13 1 39
15 13 1 32
3185 13 1 17
4094 13 1 9
338 13 1 2
4238 13 2 91
2775 13 2 83
3076 13 2 74
1444 13 2 61
2595 13 2 53
1376 13 2 43
2518 13 2 36
2105 13 2 29
2439 13 2 19
4004 13 2 8
2002 13 3 91
1248 13 3 83
2418 13 3 74
1242 13 3 61
1877 13 3 53
1128 13 3 43
2438 13 3 36
1718 13 3 29
2347 13 3 19
3751 13 3 8
1957 13 4 91
3449 13 4 82
430 13 4 74
629 13 4 61
483 13 4 53
940 13 4 43
2141 13 4 36
1511 13 4 29
3275 13 4 18
4651 13 4 7
1141 13 5 91
2619 13 5 82
388 13 5 74
522 13 5 61
4007 13 5 52
4741 13 5 43
2059 13 5 36
816 13 5 29
2765 13 5 18
1904 13 5 7
856 13 6 91
1901 13 6 82
89 13 6 74
171 13 6 61
3648 13 6 52
2830 13 6 43
1786 13 6 36
4189 13 6 28
5033 13 6 19
3530 13 6 8
4163 13 7 90
1021 13 7 83
995 13 7 74
5104 13 7 60
2705 13 7 52
1356 13 7 43
4449 13 7 35
4179 13 7 26
4146 13 7 16
518 13 7 10
751 13 7 3
1871 13 8 90
477 13 8 83
685 13 8 74
3475 13 8 59
3195 13 8 50
1005 13 8 40
3483 13 8 28
4996 13 8 19
2683 13 8 8
3619 13 10 89
2862 13 10 81
2931 13 10 72
2674 13 10 66
68 13 10 58
4989 13 10 46
4195 13 10 38
3047 13 10 30
3994 13 10 22
967 13 10 15
3577 13 10 7
4019 13 11 88
2033 13 11 80
2396 13 11 73
4895 13 11 65
3841 13 11 57
1255 13 11 50
470 13 11 40
2945 13 11 28
1029 13 11 19
2050 13 11 8
951 13 16 88
2031 13 16 80
1826 13 16 73
4674 13 16 65
3750 13 16 57
1024 13 16 50
4092 13 16 39
4655 13 16 31
1244 13 16 21
4436 13 16 10
586 13 16 3
4602 13 18 86
896 13 18 80
4964 13 18 72
1746 13 18 66
4873 13 18 57
265 13 18 50
3921 13 18 39
3758 13 18 31
1064 13 18 21
4336 13 18 10
414 13 18 3
3733 13 19 86
3860 13 19 79
3561 13 19 72
268 13 19 66
3821 13 19 57
3430 13 19 49
2669 13 19 39
3225 13 19 31
3924 13 19 20
2621 13 19 7
1331 14 10 85
5221 14 10 76
142 14 10 68
2504 14 10 59
3016 14 10 50
2915 14 10 39
2527 14 10 31
3118 14 10 20
2241 14 10 7
313 14 11 84
1702 14 11 72
4870 14 11 65
3110 14 11 57
2603 14 11 49
3196 14 11 38
2219 14 11 30
1831 14 11 22
908 14 11 15
2879 14 11 7
4188 14 13 83
278 14 13 74
4616 14 13 57
2571 14 13 49
1891 14 13 38
901 14 13 30
1442 14 13 22
5099 14 13 14
3767 14 13 5
3299 14 14 83
4670 14 14 73
3805 14 14 65
1431 14 14 57
1515 14 14 49
1126 14 14 38
4878 14 14 29
1683 14 14 18
574 14 14 7
4945 14 16 82
4903 14 16 73
3061 14 16 65
1174 14 16 57
1463 14 16 49
4844 14 16 37
2565 14 16 30
1250 14 16 22
4798 14 16 14
1946 14 16 5
4338 14 18 82
4743 14 18 73
2650 14 18 65
819 14 18 57
841 14 18 49
3760 14 18 37
1756 14 18 30
4841 14 18 21
3496 14 18 10
5013 14 18 2
4427 14 19 81
2340 14 19 72
2102 14 19 65
4884 14 19 56
2791 14 19 46
1143 14 19 38
4148 14 19 29
1461 14 19 18
4888 14 19 6
3875 15 0 81
4750 15 0 71
1437 15 0 63
3811 15 0 53
5024 15 0 42
2601 15 0 32
2652 15 0 17
3894 15 0 9
4587 15 0 1
2173 15 1 81
4241 15 1 71
1414 15 1 63
808 15 1 53
2823 15 1 42
2300 15 1 32
2752 15 1 15
1476 15 1 7
1937 15 2 81
3331 15 2 71
777 15 2 63
3307 15 2 52
2003 15 2 42
1698 15 2 32
2304 15 2 15
1119 15 2 7
1389 15 4 81
3009 15 4 71
598 15 4 63
2877 15 4 52
1685 15 4 42
806 15 4 32
3238 15 4 14
4272 15 4 4
4433 15 5 79
3214 15 5 72
1992 15 5 65
3438 15 5 56
1869 15 5 46
953 15 5 38
4111 15 5 29
283 15 5 18
3930 15 5 6
3271 15 6 79
2719 15 6 72
1010 15 6 65
3115 15 6 56
4423 15 6 45
2488 15 6 36
2437 15 6 28
84 15 6 19
1655 15 6 8
3968 15 7 78
1023 15 7 67
4300 15 7 57
208 15 7 49
838 15 7 37
906 15 7 30
4337 15 7 21
3412 15 7 9
3194 15 7 1
2479 15 8 78
4991 15 8 66
3573 15 8 57
3059 15 8 48
4687 15 8 38
2154 15 8 29
164 15 8 18
1532 15 8 6
4407 15 10 74
4540 15 10 57
1207 15 10 48
3879 15 10 38
2068 15 10 29
3996 15 10 16
258 15 10 10
2498 15 10 2
4543 15 14 73
1910 15 14 65
1653 15 14 56
2476 15 14 45
1324 15 14 36
1147 15 14 28
2456 15 14 18
1863 15 14 5
1380 15 16 72
612 15 16 65
825 15 16 56
2743 15 16 44
3069 15 16 35
3029 15 16 26
2505 15 16 16
5218 15 16 9
106 15 16 1
3526 16 14 71
4490 16 14 62
4723 16 14 48
730 16 14 38
718 16 14 29
1418 16 14 16
5086 16 14 9
1550 16 16 68
3123 16 16 58
4136 16 16 46
445 16 16 38
100 16 16 29
5176 16 16 15
4986 16 16 6
597 16 17 67
3663 16 17 57
403 16 17 48
544 16 17 38
5070 16 17 28
2242 16 17 18
135 16 17 5
1343 16 18 57
358 16 18 48
407 16 18 38
3889 16 18 28
539 16 18 18
2062 16 18 4
288 16 19 56
535 16 19 44
4808 16 19 34
3237 16 19 25
4235 16 19 19
974 16 19 8
4819 17 1 93
4738 17 1 88
1049 17 1 80
4782 17 1 72
3138 17 1 64
4594 17 1 55
683 17 1 48
3971 17 1 37
97 17 1 30
2907 17 1 21
2206 17 1 9
4461 17 2 93
3329 17 2 88
3030 17 2 79
2633 17 2 72
2429 17 2 64
4552 17 2 55
4713 17 2 47
2689 17 2 39
2461 17 2 31
2741 17 2 20
1916 17 2 7
2845 17 3 93
2024 17 3 88
2675 17 3 79
1934 17 3 72
1180 17 3 64
3629 17 3 55
4382 17 3 47
2329 17 3 39
1588 17 3 31
938 17 3 20
2501 17 3 6
1671 17 4 93
495 17 4 88
943 17 4 79
912 17 4 72
524 17 4 64
3445 17 4 55
3235 17 4 47
1555 17 4 39
1467 17 4 31
4611 17 4 19
3747 17 4 7
1235 17 5 93
2904 17 5 87
2386 17 5 80
4157 17 5 72
348 17 5 64
2134 17 5 55
3089 17 5 47
1289 17 5 39
2724 17 5 30
2303 17 5 21
2353 17 5 8
2909 17 6 92
2754 17 6 84
542 17 6 72
5071 17 6 63
456 17 6 52
968 17 6 42
4933 17 6 31
3381 17 6 19
2779 17 6 7
2410 17 8 92
2357 17 8 84
4219 17 8 71
4051 17 8 62
4164 17 8 48
3649 17 8 37
4758 17 8 29
5032 17 8 15
4823 17 8 6
31 17 9 92
1347 17 9 84
3135 17 9 71
3105 17 9 62
2447 17 9 48
2998 17 9 37
3022 17 9 29
2160 17 9 15
3972 17 9 5
4930 17 11 91
883 17 11 82
4517 17 11 73
1440 17 11 65
281 17 11 56
4881 17 11 43
2943 17 11 35
2639 17 11 26
1567 17 11 16
4767 17 11 9
4358 17 12 91
4661 17 12 81
2938 17 12 71
3074 17 12 62
1158 17 12 47
198 17 12 39
2473 17 12 30
1765 17 12 21
1425 17 12 8
3973 17 13 91
2216 17 13 81
720 17 13 71
2419 17 13 62
4421 17 13 46
4932 17 13 37
2121 17 13 29
1363 17 13 15
3513 17 13 5
3403 17 14 91
755 17 14 81
4956 17 14 70
4551 17 14 61
3542 17 14 52
821 17 14 42
3732 17 14 31
2536 17 14 19
1646 17 14 7
2863 17 16 91
687 17 16 81
746 17 16 70
4391 17 16 61
2337 17 16 52
499 17 16 42
2053 17 16 31
1544 17 16 19
4491 17 16 6
2560 17 17 91
343 17 17 81
4948 17 17 69
1796 17 17 61
1838 17 17 52
4615 17 17 41
248 17 17 31
378 17 17 19
3418 17 17 6
1852 17 18 91
3949 17 18 80
4088 17 18 72
4590 17 18 63
2449 17 18 51
4320 17 18 43
4414 17 18 34
2859 17 18 25
3158 17 18 19
3053 17 18 5
467 17 19 91
69 17 19 80
2218 17 19 72
3727 17 19 63
646 17 19 51
1713 17 19 43
4135 17 19 34
2774 17 19 25
579 17 19 19
1919 17 19 5
4306 19 0 90
4036 19 0 82
4487 19 0 73
102 19 0 65
4029 19 0 55
2618 19 0 47
4090 19 0 38
2334 19 0 28
182 19 0 18
4877 19 0 3
1071 19 1 90
3988 19 1 82
4398 19 1 73
306 19 1 64
1874 19 1 55
2352 19 1 47
3623 19 1 38
2273 19 1 28
41 19 1 18
3670 19 1 2
4887 19 2 89
2547 19 2 81
4263 19 2 69
160 19 2 61
857 19 2 52
4580 19 2 41
5208 19 2 30
1703 19 2 21
3735 19 2 7
4589 19 3 89
2177 19 3 81
324 19 3 69
2311 19 3 60
1779 19 3 52
3626 19 3 41
1999 19 3 30
1089 19 3 21
2221 19 3 7
4467 19 4 89
2093 19 4 81
3897 19 4 67
2640 19 4 57
5198 19 4 47
2294 19 4 38
1643 19 4 28
5108 19 4 17
3621 19 4 9
1726 19 5 89
4909 19 5 80
690 19 5 72
3687 19 5 63
250 19 5 51
952 19 5 43
3193 19 5 34
86 19 5 25
282 19 5 19
5031 19 5 4
4715 19 6 88
929 19 6 79
1667 19 6 71
5168 19 6 61
222 19 6 52
2758 19 6 41
1135 19 6 30
4837 19 6 20
4512 19 6 5
4289 19 7 88
3270 19 7 78
3704 19 7 66
2946 19 7 57
5092 19 7 47
1559 19 7 38
585 19 7 28
4972 19 7 17
2910 19 7 9
311 19 8 88
2578 19 8 78
2685 19 8 66
2315 19 8 56
3855 19 8 43
1940 19 8 34
4538 19 8 24
5178 19 8 17
2481 19 8 9
3824 19 9 87
1116 19 9 80
4304 19 9 71
3319 19 9 61
2769 19 9 51
868 19 9 43
785 19 9 34
3493 19 9 24
3486 19 9 17
2584 19 9 8
2690 19 10 87
704 19 10 80
3093 19 10 71
2757 19 10 61
1674 19 10 51
744 19 10 43
393 19 10 34
3349 19 10 24
3297 19 10 17
2368 19 10 8
2324 19 11 87
391 19 11 80
1880 19 11 71
2212 19 11 61
1091 19 11 51
3244 19 11 42
2026 19 11 31
2928 19 11 18
2721 19 11 1
753 19 12 87
280 19 12 80
1369 19 12 71
2184 19 12 61
5188 19 12 50
2614 19 12 39
1675 19 12 30
4030 19 12 20
1333 19 12 5
4748 19 13 86
3429 19 13 79
1327 19 13 71
1803 19 13 61
3396 19 13 50
4053 19 13 38
582 19 13 28
2343 19 13 17
2094 19 13 8
3017 19 14 86
1552 19 14 79
5183 19 14 70
4147 19 14 61
2844 19 14 50
29 19 14 38
63 19 14 28
1252 19 14 17
2090 19 14 8
2159 19 15 86
1498 19 15 79
2884 19 15 70
2864 19 15 61
682 19 15 50
5126 19 15 37
5094 19 15 28
4476 19 15 16
2231 19 15 9
1678 19 16 85
5028 19 16 76
4992 19 16 67
2081 19 16 57
4728 19 16 47
1505 19 16 38
2142 19 16 27
2117 19 16 17
4550 19 16 7
1197 19 17 85
4720 19 17 76
3749 19 17 67
1881 19 17 57
3942 19 17 47
126 19 17 38
915 19 17 27
1522 19 17 17
4493 19 17 7
5084 19 18 84
1771 19 18 71
1345 19 18 61
3893 19 18 49
342 19 18 37
4185 19 18 28
3531 19 18 16
1651 19 18 9
3603 19 19 84
2600 19 19 70
2080 19 19 61
3050 19 19 49
2803 19 19 36
274 19 19 28
3514 19 19 16
1519 19 19 9
