49 9 11 7 47 27 
15 34 19 5 28 14 
16 42 55 8 6 4 
3 52 26 25 57 13 
18 58 44 0 12 39 
30 50 51 59 45 1 
42 12 41 4 46 52 
0 13 54 5 36 39 
17 9 6 37 29 35 
24 8 56 33 57 28 
1 18 45 51 2 53 
49 34 32 59 11 58 
16 41 26 52 34 20 
33 4 44 2 6 58 
49 0 45 38 7 25 
51 40 17 8 5 1 
32 13 3 55 12 39 
35 21 14 18 22 15 
54 7 51 55 37 38 
10 48 33 18 13 29 
47 16 5 19 0 11 
39 32 44 21 12 52 
17 6 22 23 1 42 
43 34 45 8 40 24 
26 53 12 34 7 55 
57 2 41 44 0 25 
15 17 33 38 46 42 
18 3 20 51 47 14 
32 24 54 35 56 45 
10 52 19 59 39 58 
4 39 23 47 13 59 
40 12 25 32 45 0 
48 38 44 51 5 35 
50 29 1 43 9 36 
30 33 58 31 15 21 
52 17 11 57 7 42 
52 39 12 53 6 51 
31 46 11 0 14 16 
55 21 42 10 2 19 
49 44 4 40 37 33 
45 3 57 7 1 29 
32 28 13 38 47 23 
37 21 29 36 13 55 
10 31 16 39 12 5 
43 45 11 32 54 38 
19 6 35 4 17 49 
44 7 9 18 1 15 
57 26 53 23 47 52 
18 1 59 39 16 33 
46 41 12 34 6 14 
15 45 11 54 17 36 
40 50 29 44 31 52 
43 51 49 13 8 42 
38 2 47 56 23 37 
28 15 59 5 33 38 
44 37 17 16 34 7 
56 0 36 12 11 47 
31 2 9 13 57 50 
46 4 45 8 40 19 
43 51 24 39 1 41 
