30 20 14 36 52 44 
48 10 23 8 55 15 
32 56 28 47 22 43 
31 9 54 27 4 26 
0 24 37 46 13 39 
42 19 16 34 41 51 
34 39 8 44 51 10 
45 37 1 14 12 2 
17 19 5 18 32 4 
31 24 7 59 0 43 
16 49 13 35 11 29 
53 50 54 46 23 55 
50 46 43 19 24 22 
9 15 13 40 21 42 
31 3 8 10 34 16 
44 17 7 39 5 36 
38 37 12 4 30 0 
41 55 52 2 14 48 
37 6 34 16 57 44 
40 23 42 45 14 58 
52 17 11 13 30 43 
46 3 5 39 8 50 
20 12 15 4 10 1 
49 0 38 33 24 51 
59 5 38 3 19 36 
45 34 48 21 10 1 
20 40 6 39 14 52 
31 35 18 50 11 32 
17 22 51 12 8 15 
44 13 49 41 25 47 
54 10 6 57 2 49 
22 24 14 23 7 44 
13 15 59 51 32 3 
40 16 12 21 37 55 
42 20 41 53 17 43 
45 18 33 30 38 58 
43 24 37 50 21 54 
41 9 0 5 14 32 
19 15 35 45 11 46 
55 1 7 18 42 40 
17 39 12 44 8 16 
23 26 38 57 36 59 
11 19 15 39 27 51 
16 1 44 49 8 52 
13 43 24 18 4 57 
36 7 37 17 14 21 
22 33 50 46 10 45 
32 38 31 53 9 41 
44 42 36 13 22 51 
3 12 7 18 11 40 
53 43 57 6 16 56 
52 10 38 48 32 31 
33 26 54 50 1 46 
14 2 21 39 23 15 
15 6 44 34 58 52 
55 36 11 2 38 35 
32 13 45 7 19 23 
17 27 12 9 37 28 
49 16 57 46 10 26 
18 25 40 29 30 43 
