58 10 54 57 4 39 
17 38 15 51 56 41 
55 50 25 49 23 19 
16 24 0 47 36 29 
1 42 30 22 21 28 
14 9 8 12 44 45 
58 38 16 9 54 37 
35 19 46 7 49 27 
15 12 17 13 31 43 
55 14 57 23 32 51 
28 24 5 45 2 34 
41 42 11 33 36 56 
50 43 24 45 17 42 
33 55 5 6 30 20 
12 34 3 49 37 13 
10 7 15 21 16 32 
54 23 25 44 31 57 
56 9 51 59 39 47 
35 25 48 41 46 9 
43 6 31 51 15 12 
52 5 44 19 42 27 
47 20 39 10 14 24 
16 3 13 50 32 30 
54 1 57 22 21 45 
26 52 8 59 31 35 
33 17 24 16 40 39 
15 56 10 44 12 54 
36 3 38 18 43 14 
51 58 45 53 46 19 
57 6 27 42 28 22 
6 9 19 12 53 57 
54 39 8 17 32 31 
49 43 23 37 48 18 
21 46 52 5 27 15 
34 35 20 11 38 10 
51 3 41 50 42 58 
43 51 17 58 47 49 
5 6 44 7 42 15 
45 16 10 39 12 48 
22 4 57 11 41 8 
26 23 13 38 2 46 
56 25 27 9 37 40 
54 47 9 58 36 39 
37 28 35 12 34 33 
17 18 44 11 2 49 
15 20 4 45 48 30 
14 16 43 1 23 31 
32 38 51 0 50 57 
21 12 23 54 50 37 
7 42 4 52 6 2 
49 5 22 36 51 40 
47 39 18 30 13 10 
45 17 38 20 1 29 
55 46 48 11 56 57 
56 48 19 47 7 53 
22 51 0 37 11 52 
18 8 45 38 13 6 
2 59 40 31 12 46 
39 3 20 50 16 44 
10 43 15 34 14 33 
