18649, 18649
371501, 325201
307001, 301743
146401, 146401
56501, 56501
452001, 452001
22201, 22201
117201, 117201
249085, 249085
40001, 40001
322001, 322001
225501, 225501
451549, 451549
216001, 216001
238377, 238377
293501, 293501
714001, 714001
119251, 119251
282865, 282865
569501, 569501
297703, 297703
205601, 205601
266001, 266001
260001, 260001
456001, 456001
250501, 250501
71263, 71263
248751, 248751
161685, 161685
182001, 182001
149185, 149185
388001, 5551001
67593, 67593
1042001, 1042001
0, 0
54001, 54001
623165, 623165
199001, 199001
106339, 106339
0, 20399301
360001, 360001
97681, 97681
343501, 343501
343925, 343925
119001, 119001
232501, 232501
136001, 136001
0, 10218501
182801, 182801

10428501
0
0
0
0
0
0
0
0
0
0
0
0
0
0
0
0
0
0
0
0
0
0
0
0
0
0
0
0
0
0
0
1
0
0
0
0
10428501
0
0
0
0
0
0
0
0
0
0
0
0
0
0
0
0
0
0
0
0
0
0
0
0
0
0
0
0
0
0
0
1
0
0
0
0
0
0
0
0
0
0
0
0
0
0
0
0
0
0
0
0
0
0
0
0
0
0
0
0
0
0
0
0
0
0
0
0
0
0
0
0
0
0
0
0
0
0
0
0
0
0
0
0
0
0
0
0
0
0
0
0
0
0
0
0
0
0
0
18649
325201
301743
146401
56501
452001
22201
117201
18649
325201
301743
146401
56501
452001
22201
117201
249085
40001
10428501
325201
301743
146401
56501
452001
22201
117201
249085
40001
322001
225501
451549
216001
238377
293501
714001
119251
282865
569501
297703
205601
266001
260001
456001
250501
71263
248751
161685
182001
149185
388001
1
1042001
0
54001
623165
199001
106339
407001
360001
97681
343501
343925
119001
232501
136001
10218501
182801
326341
133001
342301
