23 161 6
00000000010000000000000
00000010000000000000000
00000000101000010010000
00101010100000000000000
00000010010010000000000
00001000000101100100000
00010000010101000000000
00011010100001011010000
00010011110001100000000
00110000111000000000100
01001011011100100000000
10110111010110010000000
10101100111111000000100
00110100100011011000000
01111110011110100011000
00010101110110000010000
11011111101110000000000
00101111110101000100000
11111011110001000000000
01110111110110000000000
00011001101100000000000
00000001100111100000000
00101110010100100000000
00000000000000000000000
00000000000000000100000
00000000000000001000011
00000000000000000001000
00000000000000000011101
00100100000000100110000
00010000000100001011111
00000100000000000111010
10000010000100110111101
00001010010010101111111
10100010100110011111111
01000110010110011111111
00110011010000111111111
00110101011101101110101
00100000000101001111110
00000001011110101110101
00000000110011111111001
10001000010100101110010
00000000100100110111101
00000000000000011000000
00000000000000001100000
00000000000000000000100
00000000100000000000001
