30 273 13
000000000000000000000000000000
000000000000000000000000000000
000000000000000000000000000000
000000000000000000000000000000
000000000000000000000000000000
000000000000000000001000000000
000000000000000000100000000000
000000000000001000010111100000
000000000010001000101010100100
000000000000001000110100001000
000000000001000111011111110000
000000000100101110011111110000
000000000100001010111111110100
000000000000001111111111111010
000000000011111111111111111000
000000000000011111111111111000
000000000010001011111111110111
000000000000001111111111000001
000000110010001111111111101100
000000000001001111111011100010
000010110110001000101001000000
000000100100001110111001100000
000110101100100001001101000000
000101111101000101000011000000
001010111011010000010010101100
010011011111110100001000011100
000000111111110000001011011001
000000011100010000001111111000
000101010100000001011111111110
000000010010000000011111111100
000000000000000000000000000000
000000000000000000000000000000
000000000000000000000000000000
000000000000000000000000000000
000000000000000000000000000000
000000000000000000000000000000
000000000000000000000000000000
000000000000000000000000000000
000000000000000000000000000000
000000000000000000000000000000
000000000000000000000000000000
000000000000000000000000000000
000000010010000000000000000000
000001111110100000000000000000
001111111111110000000000000000
111111111111111000000000000000
111111111111111000000000000000
111111111111111100000000000000
111111111111111100000000000000
111111111111111111000000000000
111111111111111111000000000000
111111111111111110000000000000
111111111111111111000000000000
111111111111111110000000000000
111111111111111111000000000000
111111111111111111000000000000
111111111111111110000000000000
111111111111111110000000000000
111111111111111100000000000000
111111111111111100000000000000
