28 246 9
0000000000000000000000000000
0000000000000000000000000000
0000000000000000000000000000
0000000000000000000000000000
0000000000000000000000000000
0000000000000000000000000000
0000000000000000000000000000
0000000000000000000000000000
0000000000000000001000000001
0000000000000000100100000110
0000000000000000010001001000
0000000010110000010100101110
0001000100000011100001110111
0000000110111011011011111111
0000001001001111110111011111
0000010000010111111110111111
0000000001011110111111111011
0000000001111111111111111110
0000000111111111111111111011
0000101111111111111110101111
0001000111111110111111001010
0000101111111111111101011001
0000001111111111101111010100
0000000101010111110101110000
0000010010111010110001000000
0000010101011011010000000000
0000000100111101001000000000
0000100001000101000000000000
0001001000000000000000111000
0111101000000000000111000000
0010110000100100001101100100
1011101111100001000101000001
0100111110011000011111000000
1111101000000101011111100000
1110010111001101011111110100
0101111010011101111111111100
0110110110110010101111101101
1000110111000110111111111010
0001111000110011111110100001
1011100110100001110111000001
0000000001000111111111010010
0000111000000101001111001111
0000000000111001011110001101
0010000010001010101011110110
0000000000001011010000101000
0000000000000100000000111000
0000000000000000000010001000
0000000000000000010000000000
0000000000000100000111010000
0000000000000000000001000001
0000000000000000000000011000
0000000000000000000001000000
0000000000000000000001000110
0000000000000000000000000001
0000000000000000000000001101
0000000000000000000000010001
