16 120 9
1111000001000000
1101100010000000
0111100000000100
1111111010010000
1111111110000000
1111110010000000
1111111100000000
1111111100000000
1111111111010000
1111111111100000
1111111110000000
1111111001000000
1111101110000000
1101111100001000
1111001000000000
0011010001000000
0000000000000000
0000000000000000
0000000000000000
0000000000000000
0000000000100110
0000000000011001
0000000001011111
0000000011111111
0000111111111111
0000001111111111
0000110111111111
0001111111111111
0001111111111111
0011111111111111
0001111111111111
0011111111111111
