24 112 7
000000000000000000000000
000000000000000000001000
000000000000000000001000
000000000000000000001000
000000000000000001001011
000000000000000010000101
000000000000000001011111
000000000000000001110011
000000000000000100001111
000000000000000000001101
000000000000000010010110
000000000000000011101111
000000000000010000111101
000000001001000001100100
000000000000000000001011
000000000001001000000110
000000000000000011110110
000000000100100010101110
000001001000010111110000
000000100101111000010001
000000011000010100010100
000000001010101100011000
000000001110110101000100
000000000100010110000000
000000000010110010000000
010001010101110000000000
010010010000000011000000
010011000001010000000000
001011010000000000000000
111100010000000000000000
110011100000000000000000
001010010000000100001000
001100100000101100000010
101100011000100110100000
000110000101101111101000
000000000000100110011000
010000000100010100101000
000000010000011010101000
000000000000101110101100
000000000010001001010000
000000000000000110001100
000000000001000100010111
000010000001000110100000
000000000000000101000000
000000000000000000000000
000000000000000000000000
000000000000000000000000
000000000000000000000000
