28 182 7
1111111111111000000000000000
0111111111110000000000000000
1111111111001000100000000000
1111111110101000000000000000
1111111111110000000000000000
1011111111100000000001101000
1111111111100000001001010100
0101101001110000010001011101
1111110101001000000001111110
0111000100000000001011111111
0010101100000000010011111111
0000000000000000001111111110
0000001000000000000011111111
0000000000000000000011111111
0000000000000000000001111011
0000000000000000000011010101
0000000000000000000001010100
0000000000000000000000000000
0000000000000000000000010000
0000000000000000000000000000
0000000000000000000000000000
0000000000000000000000000000
0000000000000000000000000000
0000000000000000000000000000
0000000000000000000000000000
0000000000000000000000000000
0000000000000000000000000000
0000000000000000000000000000
0000000000000000000000000000
0000000000000000000000000000
0000000000000000000000000000
0000000000000000000000000000
0000000000000000000000000000
0000000000000000000000000000
0000000000000000000000000000
0000000000000000000000000000
0000000000000000000000000000
0000000000000000000000000000
0000000000000000000000000000
0000000000000000000000000000
0000000000000000000000000000
0000000000000000000000000000
0000000000000000000000000000
0000000000000000000000000000
0001000000000000000000000000
0100000000000000000000000000
1010000000000000010001000000
1111011000000000000100000000
1111110000000000001110110000
1111111100000000011111111100
1111111110000011111111111000
1111111110000011111111111110
1111111110000111111111111111
1111111111100011111111111111
1111111111000111111111111111
1111111101001111111111111111
