21 140 11
010000000100110000010
100001000000100100001
000000100011000001110
010000000001100111010
000000000001100110011
000000000000001111110
000000000110010101111
000000000011111001000
000001100000111111110
000000000000010001101
000000001001011100100
000001001101110110111
001011100001001100100
111011110101100001101
100111110000010000001
001111111100111010010
100111100000000000001
001010010000000000010
010001100001000000000
010001010000000000000
010000000000000000000
000000000000000000000
000000000000000000000
000010000000000000000
000000000000100000000
000010000000000000000
000011100000000010000
100100000000000000010
000001000010000010010
001101101000000000001
010101100010001001011
010101001111000001111
001010010110010101111
111011001010101000100
101110101010001111001
100001110011111110101
110001011010001011111
100000011110001001110
011100011001111100100
100000101001010010100
100000000011011010001
000010110111000100001
