19 78 15
0000001001101000000
0001001111000000000
0001011111100000000
0000111111111000000
1011111111000000100
0011111111111100000
0001111111110000000
0011111111100000000
0001000110001001000
0000011100100000000
0000000010001000000
0000000010100000000
0000000000000000000
0000000000000000000
0000000000000000000
0000000000000000000
0000000000000000000
0000000000000000000
0000000000000000000
0000000001000000000
0000100010010110000
0000000000110000000
0001000010001000000
0000110110000000000
0000000001000000000
0000001000010000000
0000000000000011000
0000000000001000000
0000010000010011001
0101100000000010100
1010001000000010100
0000010000010100000
0000001000100000100
0111110101100101110
0001000001010100010
0001000000001100101
1011100000000011111
0010000000001111000
