22 78 7
1100000000000000000000
1000000000000000000000
0101100000000000000000
1001001000100100000000
1010100000000000000000
0010000100000000000000
0110001100100100000000
0000101010000110000000
0100110100100100000000
1000001001000100000000
1001011111111000000000
0011111001101000000000
0001100111001000000000
0101111010000000000000
0010100110000000000000
0000010000000000000000
1011000100100000000000
0000000000000000000000
0000000000000000000000
0000001000000000000000
0000000000000000000000
0000000000000000000000
1000000000000000000000
0110110001000000000000
0011000000000000000000
0001000000000000000001
0100000011000000000000
1000000000000000000010
0000010000010000010001
0010000011001100110000
0011000001001000010001
0000000000000000011100
0000000100001010010010
0100000001010101010000
0000001010110001000110
0000000000000000101101
0000000000000101001010
0011000000000000100000
0000000000000000110000
0000000000001001000000
0000000010000100000000
0000000100010000001000
0000000100011000000000
0000000010100000000000
