21 99 6
000000000000011001101
000000000000010000000
000000000001001000110
000000000001110111001
000000001001111100001
000010101000110000101
000000000010001101011
000000001000011101101
000000101101101001001
000000000001000100000
000000000110110011001
000001000000011100001
001000001001110001110
000000100011010000100
000000000101010000100
000000011100000100100
000000001011000000000
000000011101001000000
000000000100000000000
000001000100000000000
000000000000000000000
001111111111110100000
001111111111110000000
001111111111100010000
000111111111110000000
001011111111101000000
000111111111101000000
011111111111100000000
000010111101100000000
000011011100000000000
001000100110100000000
000000000000000000000
000000000000000000000
000000000000000000000
000000000000000000000
000000000000000000000
000000000000000000000
000000000000000000000
000000000000000000000
000000000000000000000
000000000000000000000
000000000000000000000
