26 323 11
00000000000000000000000000
00000000000000000000000000
00000000000000000000000000
10000010000000000000000000
00000000000000000000000000
00010000100000000000000000
00001100100000010000000000
10010110101001100000000010
01111011101111100000000010
00011111111011001100000000
10111111111110100010000000
11111111111001110111001001
11011111111111111110110000
01111111111111101100101000
11111111111111110111001110
11111111110100011010110111
11011110111111111111111010
11110111110111111111111110
10011111111111011101101011
00111111111111101111111101
00001011011011111111111100
00000100100111111111110111
00000011101110111111101110
00001000001111111111110000
00010000110111100010011000
00000000111100111111000000
00000000011111111111111111
00000000101111111111111111
00000000011111111111111111
00000000001111111111111111
00000000001111111111111111
00000000000101111111111111
00000000000001111111111111
00000000000000111111111110
00000000000001111111111100
01000010000000001010000010
00100000000000000000000000
11011111100000000000000000
11111111100000000000000000
11111111110100000000000000
11111111111100000000000000
11111111111100000000000000
11111111111101000000000000
11111111111111000000000000
11111111111110100000000000
11111111111101000000000000
11111111111110000000000000
11111111111111000000000000
11111111111111000000000000
11111111111110000000000000
11111111111101000000000000
11111111111100000000000000
