23 121 7
00000000001000011001011
00000000000001001111000
00000000000100000101010
00010000100010101110110
00000101001000000100001
01000000000000010101100
00001001110001010111100
01100010010010010001000
01110010001000111000010
01010011010110100000000
01100001000001101000000
00000111010010100000000
00011101111010000000000
00001001101111000000000
01011100000101000000000
10010001100000000000000
11000000000000000000000
00111111100000000000000
00000100100000000000000
10000000000000000000000
00001000001100000000000
00000000000000000000000
00000001000000000000000
00000000000000001100000
00000000000000000010100
00000000000000000100100
00000000000001000111000
00000000000000000000000
00000000000000000000000
00000001000000000000000
01000001001000000000000
01101000010000000000000
01000000100000000000000
00000100000010000000000
10000000010110101001000
01100011000100100000000
11001100111100000000100
11100011111110110001000
00111110101110000000000
00111010011001010000000
00001110111010000000100
00011011101100000000000
00101000010010011000100
11011111110000100000000
00011100011000000101000
00100111100001100010000
