24 88 15
000000000000000000000000
000000000000000000000000
000000000000000000000000
000000001000000000000000
000000100000000000000000
000000000000000000000000
000000000010000000000000
000000000100000000000000
000001010100000000000000
010000010101000000000000
000010110000000100100000
000100010100000000000000
001010010010001000000000
010001001010000000000000
001110000110000000000000
001011110000101000000000
000110111111010000000000
000100010010001000000000
001001010000001100000000
000010001000110000000000
101100001011101100000000
000001110110011100000000
000100010001110000000000
000000010000100000110000
000000000000000000101100
000000000000010110000010
000000000000100110111000
000000000000000010111000
000000000011000011011000
000000010010111110101100
000000000000011101101000
000010000000011101100000
010001110000000011000000
001011011000000010100100
100110000000000001100000
000011100100000011101000
001111100000000000000000
100111011000000000000000
000101000001000000000000
000000000000000000000000
000000100000000000000000
010000000000000000000000
000000000000000000000000
000000000000000000000000
000000000000000000000000
000000000000000000000000
000000000000000000000000
000000000000000000000000
