23 167 9
00000111100100000000000
00001001111100000000000
00011110110110000000000
00111111111000000000000
00001011111011000000000
00010010000001000000000
00011001110010100000000
00001101100000000000000
00000111101101000000000
00011010010000000000000
10011100100001000000000
00101111010001000000000
10001111111100100000000
00001010110111000000000
01000011111100010000000
01111111111100001000000
10110011101110000000000
01100111111001000000000
00100111100100000000000
11111111111100000000000
11111110001010000000000
01011111000110000000000
01010100000000000000000
00000000000000000000000
00000000000000000000000
00000000000000000000000
00000000000000000000000
00000000000000000000000
00000000000000000000000
00000000000000000000000
00000000000000000000010
00000000000000000100111
00000000000000001111111
00000000000110011111111
00000000000001111111111
00000000000011111111111
00000000001011111111111
00000000000111111111111
00000000000111111111111
00000000001111111111111
00000000001111111111111
00000000001111111111111
00000000001111111111111
00000000001111111111111
00000000000111111111111
00000000000011111111111
