23 170 7
01011111100000000000000
11111110101000000000000
11111111100000000000000
11111111110000000000000
11111111100100000000000
11111111110011000000000
11111111110100000000000
11111111110100000000000
11111111111000100000000
11111111110110000000000
11111111111001000000000
11111111111000000000000
11111111110000000000000
11111111010100000000000
11111111001010000000000
11111100100100000000000
10100010000000000000000
01001000001000000000000
00000000000000000000000
00000000000000000000000
00000000000000000000000
00000000000000000000000
00000000000000000000000
00000000000000000000000
00000000000000000000000
00000000000000000000000
00000000000000000000000
00011000000000000000000
00001000100000000000000
00000110000000000010000
00111111000000000000000
01111110100000000000000
11111111101000000000100
11111111110000000001010
11111111111000010000000
11111111000000000000110
11111011000000000000010
11111011110000000101110
11101100100000101001011
11111111000000000001101
11111001000001000000010
11111100100110100000000
11000101000011101000101
11011101111001101000100
00100101101111010000001
11000100001011110110100
