18 78 9
000000010110101000
000000001000101010
000000111011100001
000000000000010100
000000000100000000
000000000000000000
000000000000000000
000000000010000010
000000000000000000
000000000001011010
000000000000100100
000001000001110100
000000000011110101
000100000010100111
000001001111110110
001000011010110000
000000111101111101
000000011101111110
000000000000001000
000000000000101101
000001100100000011
000000000000000100
000001000010000100
000000000000001010
000010000001111000
000000110001111011
000000100000011111
000000000000101110
000000100101010101
000000001001010101
000000000100010110
000010001100000100
000000010101010110
010001000010100000
001010111100100000
000000000001101000
