27 360 9
000000000000000001111011111
000000000000010100011010010
000000000000001001111111111
000000000010010001111111110
000000000000011011111111111
000000000001111111111111111
000000000010000111111111111
000000000001111111111111111
000000000100101111111111111
000000010011001111111111111
000000000111111111111111111
000000000000011111111111111
000000000001111111111111111
000000000001111111111111111
000001000110011111111111111
000000000001111111111111111
000000000010111111111111111
000000000001101111111111111
000000000000000111111111111
000000000000011111111111111
000000000000001111111111111
000000000001001111111111111
000000000000001111011111111
000000000000000011111111111
000000000000000101111111111
000000000000000111101111111
000000000000000100100111111
000001000000000000000000000
111010101000000000010000000
111000010000000000000000000
111011100010000001000000000
010111110000000000100000000
011110010000000001001000000
111111000000100010110000000
111111010010000100001001000
111110110101111100110100000
101100000101111011110100000
000100100000110111111111000
000001000011110111111010010
001000101111111111111010100
000001011111111111111110000
000001011111101111111011000
001110111111111111111110000
000011111111111111111100100
001111111111111111111110010
000111111111111111110101100
000111111111111111110000000
001111111111111011110000000
001111111111111111001100000
000111111111111111000000000
010011111111111100100000000
011011111111101011000000000
101110110111111000011000000
001101011001101110000000000
