28 87 14
0000000000000000000000000000
0000000000000000000000000000
0000000000000000000000000000
0000000000000110010000000000
0000000000000000101000000000
0000000000000000111110000000
0000000000000000010111000000
0000000000000100110010000000
0000000000000010010011010000
0000000000000011111010100000
0000000000000111011001001000
0000000000111101011000000000
0000000000110111100010000000
0000000000001100010100000000
0000000000110111100000000000
0000000000101011010000000000
0000000001001000110000000000
0000000000011110000000000000
0000000010001010010010000000
0000000000010101100010000000
0000000000000100000000000000
0000000000000100000000000000
0000000000000000010000000000
0000000000000000000000000000
0000000000000000000000000000
0000000000000000000000000000
0000000000000000000000000000
0000000000000000000000000000
0000000000000000000000100000
0000000000000000000010000000
0000000000000001000010000000
0000000000000000000000110000
0000000100000000010010000000
0000011011000000000000000000
0000001110000000010000000000
0000111110110010100000000100
0010111000001111100000000000
0000001101101111000000000000
0000110000111100100000000000
0000001000101011000000000000
0000001010001010000000000000
0000000001000010000000000000
0000000010000000000000000000
0000000000000000000000000000
0000000000000000000000000000
0000000000100000000000000000
0000000000001000000000000000
0000000000000000000000000000
0000000000001000000000000000
0000000100000100000000000000
0000010000000000000000000000
0000010110011100000000000000
0000001100110100000000000000
0000011000100000000000000000
0000000001000010000000000000
0000000001100000000000000000
