17 75 15
11100110001000000
10001011000000001
11111110011110000
11111110100101000
01011111001000000
10111100001000000
11110110000010000
11101110000000001
10110110001000010
10000101000000000
00000010000000000
00000000000000001
00100000000000000
00000100000000000
00000100000000000
00000000000000000
00000010000000000
01010100000000000
11111110000000000
01111000000100000
00001101100000000
10100001000000000
10000110100001000
11100101010100000
01001100000000000
00110000110111000
01000100010101000
10010000101000000
00000010000000000
00000110001011101
10000001000110100
00000000001111000
00000000001010000
00000001010010000
