28 349 12
0000000000000000000000000000
0000000000000000000000010000
0000000000000000000001000000
0000000000000000000000001000
0000000000000000000111111000
0000000000000000111111110110
0000000000000001011111111000
0000000000000000111111111111
0000000000000011111111111111
0000000000000101111111111111
0000000000000001111111111111
0000000000000101111111111111
0000000000001011111111111111
0000000000011001111111111111
0000000000000101111111111111
0000000010000011111111111111
0000000000000111111111111111
0000000000000011111111111111
0000000001010111111111111110
0000000000000111111111111101
0000000001010111111111111100
0000001010111111111111111110
0000000001111111111111110100
0000000000111111111111111111
0000000000011111111111111110
0000000101101111111111111110
0000000001111111111111111111
0000000000001111111111111101
0001111111111110000000000000
0101111111111111100000000000
1111111111111111100100000000
0111111111111111111000000000
0111111111111111110001000000
1111111111111111111000100000
1111111111111111110100000000
1111111111111111111100000000
1111111111111111111000000000
0111111111111111111000000000
1111111111111111111000000000
1111111111111111111110000000
1111111111111111111000000000
1111111111111111110000000000
0111111111111111110000000000
0011111111111111110000000000
1011111111111110110000000000
0001111111111111111000000000
0001110011111000100000000000
0010011110001101100000000000
0010010111000110000000000000
0000001110001000000000000000
0000000010000000000000000000
0000000000000000000000000000
0000000000000000000000000000
0000000000000000000000000000
0000000000000000000000000000
0000000000000000000000000000
