29 285 6
11111111111111111111111111000
11111111111111111111111000000
11111111111111111111111110000
11111111111111111111111000000
11111111111111111111111000000
11111111111111111111111001000
11111111111111111111111000000
11111111111111111111110000000
11111111111111111111110000000
11111111111111111110111010000
11111111111111111100000000000
11111111111101111001000000000
11100100100000001010000000000
10000111000001010000000000000
01000000000100010000000000000
00000000000000000000000000000
00000000000000000000000000000
00000000000000000000000000000
00000000000000000000000000000
00000000000000000000000000000
00000000000000000000000000000
00000000000000000000000000000
00000000000000000000000000000
00000000000000000000000000000
00000000000000000000000000000
00000000000000000000000000000
00000000000000000000000000000
00000000000000000000000000000
00000000000000000000000000000
00000000000000000000000000000
00000000000000000000000000000
00000000000000000000000000000
00000000000000000000000000000
00000000000000000000000000000
00000000000000000000000000000
00000000000000000000000000000
00000000000000000000000000000
00000000000000000000000000000
00000000001000000000000000000
00000000001001010000000000000
10000001000000000000000000000
10000000000000001000000000000
00001001101010100000000000000
00000010101000010001110000000
00000001000100000100000000000
00001001101011010111111100000
00101001110010111111111100000
01100100000110111111111110000
10011000000101111111111110000
11111011011111111111111110100
11110000100011111111111111100
11110000100111111111111111100
11111111101111111111111111000
11111000001111111111111111100
11111100001111111111111111100
11111100011111111111111111000
11111110001011111111111110000
11111001000011111111111111000
