18 43 6
000000000000000010
000001000000000000
000000000011000000
000000000100000000
100000000001000000
000000000000011001
000000010100010010
000001100100000000
110001001110000000
011010001010100010
000000100000000000
000000000110010000
000000000101100000
000000010000001010
000000000000000000
000000100000000000
000000000010000000
000010000000000000
000001000000000110
000000000000000000
000000000000010000
000000000000110100
000000000000001000
000000011001000000
000000000000000000
000100101000000100
011001000000010000
000001001000000001
011000000000000001
000011000000000010
000010000101011111
000000000000000100
000010000100000001
000000000000000000
000000000100001000
000000000010000000
