21 72 11
000000100000000000000
000000000000000000000
000011010000000000000
000001001000000000000
010111110000000000000
000000111000000000000
000001000000100000000
000011110000000000000
000100001100000000100
000000000000001110000
000000000000000010100
000000000000100001000
000000000001101111100
000000100000000100100
000000000010011110110
000010000000101010100
000000000000010001000
000000000000110110100
010010000001000010000
000010000000011000000
000011100010000000000
000000000000000000000
000000000000000000000
000001000000000000000
000000000000000000000
000100000000000000000
100000000000000000000
001000000000000000000
000010001000000000000
100101000000000000000
100001000100000000000
010010000000000000000
011100000110000000000
000011001000000000000
001110000010000000000
011001110001000000000
101111100101000100000
010101100101000000000
101011011101000000000
111111110001000000000
010000010100000000000
111010001000000000000
