21 177 9
000000000000000010100
000000000000111100010
000000000000000001010
000000011001110101100
000100100011011110010
000011001001101011100
000001101110010011000
000100000111111010100
001001000010110001110
010010001111101011110
001011100001000101100
000001000011111110110
000010000000101001100
000000100000101000110
001000101011110011011
000010100101111111000
111110010000111101110
111111100000010001000
101111100000111100011
111110110111001111000
001110010001101001000
000000001011111111111
000001001000111111111
000000101101111111111
000000100111111111111
000000000100111111111
000000011111111111111
000000000101111111111
000000000111111111111
000000001011111111111
000000000001111111111
000000000101111111111
000000001000111111111
000010000101111111111
000000000001110111111
000000000000101011011
000000010000010010110
000000000000010101000
000000000000000011000
000000000000000001000
000000000000000000000
000000000000000000000
