18 49 12
000000000000000000
000000000000000000
000000000000000000
000000000000000000
000000000000000000
000000000000000000
000000000000000000
000000000000000000
000000000000000000
000000010000000000
011011100000000000
011101110000000000
001111111000000000
001111111100000000
011111100000000000
101011110000000000
001111100000000000
011011100000000000
000000000000000000
000000000000000000
000000000000000000
000000000000000000
000000000000000000
001000000000000000
000010001000000000
010010110000000000
010000000011000000
000110000000000000
001101100000100000
001110110000100000
100010100010100000
001011100001001100
001000100000111000
100000010100000000
110000000100000000
101000010000000000
