21 152 14
100001100000000000000
001101000000000000000
101110011000000000000
111111111000000000000
101111111100000000000
111111110100000000000
011111111010000000000
111111110000000000000
111111111000000000000
011111011000000000000
001011000000000000000
000101010000000000000
000001000000000000000
000001011101000000000
000001101111000000000
000101111111110000000
000101111111100000000
001011111111100000000
000111111111100000000
000111111111111000000
000011111111111000000
000000000000011110101
000000000111101111000
000000000011111100110
000000001100101000001
000000011001110010111
000010000001011111111
001000100000011011011
000100000000111101111
000000011101010111111
000010001110111101110
000000100000101111111
000000000100101110100
000000000000101111000
000010000000000011011
000000001100011111001
000010000001010110001
000000110011001000001
000000000100101100101
000001000010000101010
000000100000000011101
000000000011000110101
