27 228 5
000000000000000000000001000
000000000000000000000111111
000000000000000000001111111
000000000000000101111111111
000000000000000110111111111
000000000000000111111111111
000000000000000111111111111
000000000000010111111111111
000000000000001111111111111
000000000000011111111111111
000000000000001111111111111
000000000000001111111111111
000000000000001111111111111
000000000000001111111111111
000000000000000111111111111
000000000000001111111111111
000000000000001101111111111
000000000000000011111111111
000000000000000000111111111
000000000000000000011111111
000000000000000000010111111
000000000000000000010011010
000000000000000000000000000
000000000000000000000000000
000000000000000000000000000
000000000000000000000000000
000000000000000000000000000
000000000000000000000000000
000000000000000000000000000
000000000000000000000000000
000000000000000000000000000
000000000000000000000000000
000000000000000000000000000
000000000000000000000000000
000000000000000000000000000
000000000000000000011101100
000000000000000000110000011
000000000000000000000011110
000100000000001000011100110
000100000000001000011011011
000100101000000000111001011
010000101000010100110110101
000100000001000110011110111
100001100000000000001011111
000010110001100001001011111
010001110011100110111101110
001110011010101010101101001
001011011011111110001001101
111101111111010100000001001
010110111111101111000001011
011111111111100100111000000
001111111011111001110100011
111111111111111001010010000
011111111111111111010000000
