25 70 10
0000010000000000000000000
1001000000000000000000000
0000100000000000000000000
1000000110000000000000000
0010110010010000000000000
0000110000000000000000000
1000000100000000000000000
0000100001001000000000000
0001010001000000000000000
0001010111000010000000000
0010110100000000000000000
1010011011011000000000000
0101101000010010000000000
1100100100000000000000000
0010110001000100000000000
0010100000110100000000000
0000000000100000000000000
0000000000000000000000000
0010000000000000010000000
0000000000000000000000000
0000000110000000000000000
0000000100110100000000000
0000000010000000000000000
0000000000000000000000000
0000000000000000000000000
0100000110001100011110011
0000101000010101101011100
0000011011110110001111000
0000000011101111100110000
0000010001101100000000000
0000000011000000101001000
0000000111111100010000000
0000000000001101000000000
0000100000000001000000000
0000000000010000000000000
0000000000000000000000000
0000000000001000001000000
0000000000000000000010000
0000000000000000000000000
0000000000000000000000000
0000000000000000000000000
0000000000000000000000000
0000000000000000000000000
0000000000000000000000000
0000000000000000000000000
0000000000000000000000000
0000000000000000000000000
0000000000000000000000000
0000000000000000000000000
0000000000000000000000000
