25 168 14
0000000000000000100000000
0000000000100001000100000
0000000000000100100000000
0000100001011000001100100
0000000101010001110000000
0000001000000101110000000
0000000000101011101000000
0000000001100110110110000
0000000111011111101100010
0000010011110111111011100
0000000110111001111000000
0000101001111111110010000
0000100011000111110110100
0000001011101011110111000
0000001111111110111101110
0000000101110011101100000
0100000111101111011010101
0000000000000000111000000
0000000110001010110000000
0000000000010001000100010
0000000010100001010000100
0000000000000100000101000
0000000000000000000000000
0000000000000000000000000
0000000000000000000000000
0000000000000000000000000
0000000000000000000000000
0000000000000000000000000
1000000000000000000000000
0000000000000000100010000
0101010000000000010000010
1000010001100101000000100
0101000100110010001011001
0000001101000100101110111
0000000000000011110010011
0000000110111111001100010
0000000000101111110111011
0100000100111011101011001
1010011011111111001110111
1000100101100111111100101
0000011001110011110000100
0100111010111101111000100
0100000000110010101110001
0000000001000110001010000
0100000000100010000111000
0100100110000000001101110
0000010000000000000100000
0000000000000000000000000
1000000000000000000001000
0000000000100000000000000
