26 291 13
00000000000000000000000001
00000000000001000000000010
00000000000000010000011001
00000000000000000001100100
00000000000000100010001100
00000000000000000001101100
00000000000000000000011101
00000000000010000010111111
00000000000001000011111111
00000000010000111110111111
00000000010000111110111111
00000000000101111011111111
00000010001010101111110111
00000000000010111111111111
00000000001010111111111111
00000000010100111111111111
00000001001101111111111111
00000000111011111111111111
00000000000111111111111111
00000000000111111111111111
00000001011110111111111111
00000000010111111111111111
00010000101111111111111111
00000101001111111111111111
00000000011111111111110110
00000000000111111111111011
01111111111111111111111100
00111111111111111111111000
00111111111111111111111000
11111111111111111111100000
01011111111111111111001000
00111111111111111111101000
01111111111111111111000000
11111111111111111111000000
10111111111111111110110000
01011111111111111100000000
01111111111111111111000000
01011111111111111110000000
10001011111111110100000000
00111111111111100000000000
00001001011111100100000000
00000101111111000000000000
00000010011000001000000000
00000000110001000000000000
00100000000100000000000000
00000000100000010000000000
00000000000000000000000000
00000010000000000000000000
00000000000000000000000000
00000000000000000000000000
00000000000000000000000000
00000000000000000000000000
