19 80 8
0000000000000000000
0000000000000000000
0000000000000000000
0000000000000000000
0000000000000000000
0000000000000000000
0000000000000000000
0000000000000000000
0000000000000000000
0000000000000000000
0000100011000000000
0000000000000011000
0000100101110100000
0100111011111100000
0001011111001111000
0111111111110101011
1000101111111000000
1000111111111111000
1000111111111101000
0000000000000000000
0000000000000000000
0000000000000000000
0000000000000000000
0000000000000000000
0000000001000000000
0000000000000000000
0000101100000000000
0111100010010000000
0100100000001000000
0000000101010000000
1101011000000000000
1011110111100001010
0110101101000000001
0011010101101001101
0110111011000000110
0000100111000011111
0010011001000101001
0101101000000010010
