24 94 15
000110111101000000000000
100011011100000000000000
001101101010000000000000
101111101000000000000000
100111011000000000000000
011100010100000000000000
011110000000000000000000
011010001000000000000000
011100001000000000000000
000110000000000000000000
000001110000000000000000
000000000000000000000000
010001000100000000000000
100010000000000000000000
010101000000000000000000
000000001000000000000000
000100000000010000000000
000000000100000000001000
000011100000000000000000
000000100100000001000010
000010011000000000000001
000100110000000010011000
000101010000000000100010
000000001000000000001111
000000000000000000000000
000000000000000000000000
000000010000000000000000
000000010000000000000000
000010110100000000000000
001000100010000000000000
000000010000000000000000
000101100010000000000000
000000000000010000000000
010000000000000000000000
000000000001000000000000
010000000100000000000000
000000000000001000000000
000000001000000010010000
000001000111010000000000
000010000100000000000000
000100001001101000010000
001000111001110100010011
000001110111010100001110
000001100011001000110100
000010100000000011000000
000000011110010010010100
000000110111000001000001
000010010010010011001011
