22 125 15
0000001000000011011011
0000011010101000001000
0101000100000000100001
1010100010011010111110
0110001110111110110100
1000011010100000000100
0000101111001110011110
0000111000110000000100
0000010101010101000111
0101001000111000000000
0000101011010000000000
0010011100100010100000
0011010000000000000011
0001000000000000100010
0100000000000100100010
0000000000000101001000
0000000000010000000100
0000000010000000001100
0000000010000010101000
0000000001000000010000
0000000000000000110100
0000000000000010010000
0000000000000000000000
0000000000000000000000
0000000000000000000000
0000100000000000000000
0000000000001011000000
0000001000010000001010
1100100010100001010000
0000001101100110000110
0001100001011101111000
0111101001100010001100
0011100011001101000000
1011101011110110100001
1100100010000000000000
1111111101100000000000
0011001110010000000011
1100010111011000000000
1110100011000000000000
0000100010000000001000
0000001000100111000000
0000011000110110000000
0000000010101100000000
0100010110101000000100
