19 177 15
1111111111111111111
1111111111111111111
1111111111111111111
1111111111111111111
1111111111111111111
1011111111111111111
0111111111111111111
0001111111111111110
0000011111111111100
0000100111111111000
0000001011111110000
0000000000000000000
0000000000000000100
0000000000000000000
0000000000000000000
0000000000000000000
0000000000000000000
0000000000000000000
0000000000000000000
0000000000000000000
0000000000000000000
0000000000000000000
0000000010010000000
0000001101001000000
0001101111111000000
0001111111111111000
0011111111111101100
0011111111111111000
1011111111111111100
0111111111111110000
0101111111111110000
0111111111111111000
0111111111111101000
0011111111111110110
0011111111111000000
0010011111111100000
0000011101110010000
0000101011011000000
