26 135 8
00100010001000000000000010
00000001100000100000010000
00110000010000000000000000
10000010001101100000001000
00000000000000000000001000
01010011001000000000000000
11001111000010000000001000
01001000100000000000000000
01111111101100000000000000
01101111000000000000000000
01101110110100000000000000
00001100001000000000000000
00111111011000000000000000
11000010001100000000000010
00001110000000000110000000
01000001010001000000000000
00010000001000010010110000
00000000101101000011000000
00000101000100110011010000
00001000010000000111001010
00000000000000001111011100
00000000000010111011010000
00000000000001000000000000
00000000000100001010100000
00000000000000010001000000
00000000000000000110000000
00000100000100001000000000
00000000010000010000000000
00000001000010001110000000
00001100011000000100111010
00000001101110000000011101
10001101111011100110000110
00101011001001000001000001
00010111111010011001000000
00101110111001011100110000
10101011101111100000001000
01000010111001000100000001
00000011000100110000000001
00010001101101000100001100
00001010000010000000000100
01000001000100000100000000
01010000011100000000000000
00100000001000000000000000
00001000010101000000000000
00000000100000000000000000
00000000010000000000000100
00000100000000000010001000
00000000000000000000000000
00000000000000000000000000
00000000000000000000000000
00000000000000000100000000
00000000000000000000000000
