21 138 13
000000100101011000110
000001100111101001001
000000101101101111001
010001110000111000111
000001000011010101101
000100110011111100111
000000101001000011111
000010000111101010100
000100000001101011101
000000000001010000111
000000000000000011111
000000000010000010001
000000000010000010001
000000000000001000000
000000000001001000101
000000100011011010100
000000010110111001000
000000000011111100101
000000000111110101010
000000000000100001101
000000001000100000001
110100101101010010010
110010101111111000111
001100111001101110000
011001111111010000000
100010010011000000000
001010001100100000000
111001000010010000000
011110000111101000100
110111001011010100010
110100101000010000010
010100111010001000101
001001011100001000001
110100001000000111000
011010100000001111000
010000000000001111110
000000000000000000001
000000101000001100000
001000000000000000000
000000001000001010001
000000000000000000100
000000000000000010000
