26 132 8
00000000000000110100001101
00000000000000000100000111
00000000000100010100100100
00000000000000100100101000
00010001100000000000101000
00000000010100000000000010
00000101110000100000101100
00001010000001000001110000
00000001100110000000001000
00111110011000010000000100
01010001000100000000000000
01101011000100000001000000
01100011101110000100000000
01111101010100000000000000
00001110110000011000000000
00011110011000011000000000
01101001100010000000000000
00111011001100000000000000
00011000000100000000000000
00000001000000000000000000
00011100001000100000000000
00000000100000010000000001
00000000001000000000000000
10010100000000000000000001
00000000001000000000000000
00000000100000000000100001
01010000000000000000000000
01010011100000000000000000
01111110000000000000000000
10111000100000000000011000
01110110000000000000011101
11101100000000000010110000
00001001000000000101111100
00011010000000000011111000
01000010000000001011111101
00000000000000000111111110
00000000000000001100110000
00000000000000000111111100
00000000000000000001100000
00000000000000000000100010
00000000000000000000011000
00000000000000000000001001
00000000000000000010010000
00000000000000000000011000
00000000000000000001000110
00000000000000000000000010
00000000000000001001011100
00000000000000000000101010
00000000000000110100111110
00000000000000000000100110
00000000000001000001111100
00000000000001001111110110
