16 70 5
0000111100001111
0000011100001111
0000100000110111
1011110000011001
0001010001101101
1011010000001000
0111100010010010
1001011000001000
0000010000000000
1011111000000101
0101000000000000
1110000000000000
0011000000000000
0001000000000000
0000000000000000
0000000000000000
0000000000000000
0000000000100100
0000000010000001
0000000000001010
0000000000001010
0000001011010011
0000000010101110
0000000011111010
0000000001010111
0000010010111010
0000001001111101
0000000001111111
0000000100011100
0000110001011110
0000000101011111
0000000000101000
