25 236 8
0000000001111011100000000
0001000010110111100000000
0000000010111111110000000
0000011010111111111000000
0000000001111111101000000
0000000001111111111000000
0000000111111111111000000
0000000101111111111000001
0000000010110111110010000
0000000000011101010000010
0000000100101100010000010
0000000000000001111001111
0000000000000000000110111
0000000000000010000011111
0000000000000000000101111
0000000000000000011111111
0000000000001000001111111
0000000000000010011111111
0000000000000001011111111
0000000000000111111111111
0000000000000111111111111
0000000000010111111111111
0000000000011111111111111
0000000000011111111111111
0000000000001111111111111
0011111111010001100101101
0000011111111100010100100
0100101011101100001001110
0000001111111000001111111
0010111011111000001111110
0010111101100011011111111
0000100011101000000111111
0001000010000011010001111
0001010000011000010001011
0000000000001110000000100
0000000001111100100100000
0000000011010110000000100
0100001111101011101000000
0001000010111110111010000
0000000100111111111100000
0000001101111111111100000
0000000001111111110110000
0000000001111110110000000
0000010000010111110000000
0000000000010111000000000
0000000000010010000000000
0011101000000010000000000
0011111000100000000000000
1111111011000000000000000
1111111100000000000000000
