22 197 7
0000010000000000101000
0000000000000001000010
0000000000101000110000
0000000000000111011100
0000000000011110111111
0000000000111101111111
0000100100011011111111
0001000101110111111111
0001000111000110101110
0000000010001111011101
0010010101111011111111
0000001101111110111111
0010100001111011111011
0000010100011111101100
0110000100111100111111
1000000110011001110011
0100101011101000010110
0000000010101100000111
0000000010111010011110
0000010001000000101110
0011000000100001000000
0100000000001000000111
0100010000000000000000
0111100000001000001010
1100000000000000000100
0110110000001100011011
0110000101100100000000
0100001100010011101001
1110111100010011100101
0011111000000101110110
1100010100001011010001
0001101000110001010111
0001001100001101110101
0000000110101100110000
1000111110100111111101
1001000001110010101100
0000111111111110010110
0100010110100001110000
1110101000100000000000
0111111001011100101100
1010110110110110000000
1111010100001111000000
1111000001111000000000
0100100101010100100000
