28 181 6
1111011101110000000000000000
1110111101110000000000000000
1111111110011000000000000000
0111011110000000010000000000
1110111101100100000000000000
1111110010000000000000000000
1111011110101000010100001000
1101110001010000000000010000
1001000010011101011000000100
1001000000110010100011111000
0100001000100101101101111100
1000010000011001101111111000
0000000001010111000001010000
0000000000000000000110010000
0000000000000010000100010000
0001000000001100001011110000
0000000000000000000000000000
0000000000000100000000000000
0001000000000000000000000000
0000000000000000000000000000
0000000000000000000000000000
0011000000000000000000000000
1000000000000000000000000000
1000101000000000000000000000
1111110001000000000000000000
1011010110000000000000000000
1111111100000000000000000000
1111100101000000000000000000
0000000000000010001111111111
0000000000000010011111111111
0000000000000000101111111111
0000000000000011110111111111
0000000000000011111111011110
0000000000000000111111011111
0000000000000101011111011111
0000000000010010101111111111
0000000000000000001111111011
0000000000000001011010101111
0000000000000010001111110010
0000000000000000001100000011
0000000000000000000000100000
0000000000000000001000000000
0000000000000000000000000000
0000000000000000000100000000
0000000000000000000000000000
0000000000000000000000000000
0000000000000000000000000000
0100000000000000000000000000
0010011000000000000000000000
1011001010000000000000000000
0110100100100000000000000000
0011010000000000000000000000
1111111110000000000000000000
1111110110000100000000000000
1101111101000000000000000000
1111111111000000000000000000
