23 239 5
00000000000000000000000
00000000000000000000000
00011010001000000000000
10100000100000000000000
01000110100000000000000
10100001110000000000000
11110111001100000000000
11111111111000000000100
11111111111000000000000
11111110101100000000000
11111111111010000000000
11111111111011000100000
11111111111001000000000
11111111110110001000000
11111111111111101000000
11111111111100100000000
11111111111110010000000
11111111111111000000000
11111111111111110000000
11111111111111011000000
11111111111111000000000
11111111111110000000000
11111111111111000000000
00000010111111011111111
00001001111111011111111
00000001111111111011111
00000010111111111111111
00000001101111111011111
00000001111111111111111
00000011001111111111110
00000000111111001111011
00000011101111111111110
00000001011111111011111
00000100000111111111011
00000001001110001011110
00000000001110101100000
00000001110101111111100
00000000111011111111000
00001001110111111100000
00000010111111111011000
00000001010111010010000
00000001110100001010101
00000000000010011000000
00000000000000000000000
00000000100000000000000
00000000000000000000000
