18 125 5
111011001001011100
110001100101001000
011010111101101100
011111011101001000
011110010000111010
111111011110001100
100111011111111000
111000011100111101
111101101011001101
000111111011011001
000000001011111000
000010000001100000
000010000000110000
000010100100001000
000001000000000000
000000000010000001
000000000001000000
000000000000000000
000000110010110100
001000110001100000
000001101000011100
000011101111111110
000011011111110000
011011101101101100
000011101011110000
000010111111101000
000111011111100000
000101111110110000
011010111111101000
010011111101000000
001010110100100100
000101110100000000
000101011000000000
000010110000000000
000010100000000000
000000010000000000
