17 122 14
00000000000001100
00000100100001010
00000000000000101
00010000000001100
00000010010110001
00010010110111111
00101000101010111
00100000000111111
00010100101011111
01000011001111111
00000000101111111
10111010100101111
10011000011010111
00001001011111111
11011011000111111
00001000001111100
10000100101000101
00001111111111001
01000000111111111
01111111111111111
11000101110111111
00000011100111111
00000011011111111
00011101011111001
01010010010101110
01000001011110110
00101100110110011
00000000001111110
00000000010110110
00100000100001000
00000000100000110
00000100000000000
00000000000000000
00000000010000000
