23 81 10
00000000000000000000000
00000000000000000000000
00000000000000000000000
00000000001000000000000
00000000000000000000000
00000000010001000010000
00000000010000000000000
00000000001000100000100
00000000000000111001010
00000000000000110001010
00000001000001011010011
00000000000100100000010
00000000001010000001110
00000000000110011011011
00000000000001010010100
00000000000000011010101
00000000000000010111010
00000000000000011111011
00000000000000000100011
00000000000001100011111
00000000000000000011101
00000001000000001001010
00000000000000001000010
00000000001111111111111
00000000000011111111111
00000000000111111111111
00000000000110111111111
00000000000001111111111
00000000000011101111111
00000000000000111111001
00000000000000011000110
00000000000000001001000
00000000000000000000100
00000000000000000000000
00000000000000000000000
00000000000000000000000
00000000000000000000000
00000000000000000000000
00000000000000000000000
00000000000000000000000
00000000000000000000000
00000000000000000000000
00000000000000000000000
00000000000000000000000
00000000000000000000000
00000000000000000000000
