23 186 5
00000000000000000000000
00000000000000000000000
00000000000000000000000
00000000000000000000000
00000000011000000000000
00000000000000000000000
00000101000000000000000
00011111100000000000000
10011111111110000000000
00111111111111110000000
01111111111111110010000
11111111111111110001000
01111111111111110110000
11111111111111111110000
01111111111111111100000
00111111111111111100000
01011111111111111000000
00001111111111111000000
00000010011111100000000
00010110011111010000000
00000000011100000000000
00000000001000000000000
00000001000000000000000
01000011111000100000000
11010001111100100000010
00000111111010111011000
00011111111100000001101
00110111111111010101010
10100011111101111011100
01000111110101111111111
00100111110111001111111
00000100101101101111111
10000011011111101001111
00101111010100101000111
00111111000110010001111
00011111001100000011111
00000000101101000000110
00000001100000000000010
00000100000000000100000
00000001110000000000000
00001000001100000000000
00000000000000000000000
00000000000000000000000
00000000000001000000000
00000000000000000000000
00000000000000000000000
