25 251 6
0000000000001001010101000
0000000000010111111100000
0000000110111111111111100
0000000100111111111111100
0000000101111111111111000
0000000001111111111111110
0000000111111111111111111
0000000111111111111111110
0000000111111111111111111
0000001011111111111111111
0000000011111111111111110
0000000111111111111111110
0000000011111111111111101
0000000001111111111111100
0000000011111111111111100
0000000000110111111111000
0000000000011111111100000
0000000000000111100010000
0000000000000110100010000
0000000000000000000000000
0000000000010001000000000
0000000000000000000000000
0000000000000000000000000
0000000000000000000000000
0000000000000000000000000
0000000000000000000000000
0000000000000000000000000
0000000000000000000000000
0000000000000000000000000
0000000000000000000000000
0000000000000000000000000
0000000000000000000000000
0000000000100000000000000
0000000001010000000000000
0000101011011100000000000
0001111111111110000000000
0001111111111110000000000
0111111111111111100000000
0101111111111111101000000
0111111111111111110000000
0111111111111111111100000
1111111111111111101000000
1111111111111111111000000
0111111111111111110000000
0111111111111111110000000
1111111111111111100000000
1111111111111111100000000
0111111111111111010000000
1011111111111110000000000
0010111111111111010000000
