22 119 8
0000000000001111110100
1000010100111111011111
0100110111110100110000
0000000011101011011101
0000000001011011111010
0001010001111001011100
0010000011011000010100
0001000011000111101001
0000001001000000000010
0000001111010010010000
0000010000101010101001
0000000000000010001101
0000000010000011000100
0000000000000001001001
0000000000000000000111
0000000000000001001001
0010000000000010000100
0000000000000000000000
0000000000000000000011
0000000000000000000000
0000000000000000100000
1000000100000000000000
0000000000000000000000
0000000000000000000000
0000000000000000000000
0000000000000000000000
0000000000000000000000
0000000000000000000000
0000100000000000000000
0000000000000000000000
0000000000000000000000
1001000010000000000000
0001101100000000000000
0010100010000010000000
0000000110101000000100
0101110100100010000000
0110111101110000000000
0111101011001000000100
0111111111101000000000
1111111110110010101000
1101111100100100001000
0111111111010010000000
1111111111111111000000
1111111111010111010000
