23 257 9
00000000000110111111010
00000000100101111111110
00000000000011111111100
00000000010101111111110
00000100000011111111110
00000000001111111110101
00000000000011101111001
00000000000011111110010
00000000001111111110000
00000110100111111111100
00000000011111111110000
00000001111111111111100
00000000111111111111000
00001000111111111111110
00000000111111111111110
00000011111111111101110
00000010111111111111111
00000001111111111111110
00000000011111111110111
00000000101111111111101
00000000011111111100000
00000000000101110001000
00000000100001101110000
10100010000000001010001
11010011000000000000000
11101010000010000101001
11111100010000011100001
01110110001000000010100
10010011000010010000000
11111110101001001101000
11111100110001010010100
10100010000010000000001
10111010101000000110000
11011111001001110110100
11111000011000001000010
11111111111111100001000
00111111110111011010000
01011001110001011001100
01101111011001110011100
01101011000010111011100
11101100011011101101101
00110001111111111110111
00110000101100101110100
01000001011001011111111
10101011011100001111111
00001000010110111111111
