23 242 11
11111111001000000000000
11111111100000000000000
11111111100000000000000
11111110111000000000000
11111111110000000000000
11111111100000000000000
11111111111000000000000
11111101001000000000000
11111010110000000000000
11111010000000000000000
11110001000000000000000
11011000000010100000000
00010000000000000000000
00010100101010001000000
00000000111111111000100
00010010111110010100000
00010011111111111000000
00011111111111111110000
00111011111111111110000
00111111111111111111100
00111111111111111010000
00111111111111111111000
00111111111111111110110
00111111111111111111111
01101111111111111111111
00111111111111111111111
01111111111111111111111
00111111111111111111111
00101111111111111111111
00011111111111111111111
00011111111111111111111
00001011111111111111111
00000001111111111111110
00000100111111111111111
00000010011111111101100
00000000110111101111000
00000000010100000000000
00000000001000000000001
00000000000010000000000
00000000000000000000000
00000000000000000000000
00000000000000000000000
00000000000000000000000
00000000000000000000000
00000000000000000000000
00000000000000000000000
