29 325 8
10010001000000001001010110011
10110011000100010000111110010
11001110000010001101000111100
11111111111010011011111111111
11111111001000010101100101111
11111111111001001101011111111
11111111100011000111111111111
11111111110011001001101111111
11111111111100000011110111111
11111111100011100001011111111
11111111111101000010001111111
11111111101000010001000111111
11111111111001000000101101111
11111111110000000000000111111
11111110100000000000110111101
11111110100000000000000011001
01111000100000000100010000010
11111110000100000000000000000
11110110110000000000001000000
00100111000000000000000000000
11000001000000000000000000000
00001010000000000000000000000
01000000000000000000000000000
00000000000000000000000000000
00000000000000000000000000000
00000000000000000000000000000
00000000000000000000000000000
00000000000000000000000000000
00000000000000000000000000000
00000001111111111111111100000
00001011111111111111110110000
00010101111111111111111111000
00000011111111111111111101000
00000000011111111111111000010
00000011111111111111110000000
00010011111111110111101000000
00010000011111111111110100100
00000001110111111111001000000
00010001001111111100101001100
00000001101110111010010000000
00000000011011110000000000000
00000000001011101000110000000
00000000000000101000000000000
00000000100010010000000000000
00000000000000000100000000000
00000000000010010010000000000
00000000110100110100000000000
00010000111111100100000000000
00000100000111100010000000000
00001000011110001101000010000
00011101110111011011100000000
00100011111111011100100010000
00100010101111111101001000000
00000101111110111110000000000
00000110111111101100000000000
00010011001111001100000100000
00100101011111110010100000000
00000111110101110000100100000
