29 373 7
11111111111111111111111110110
11111111111111111111111110000
11111111111111111111111111100
11111111111111111111111110000
11111111111111111111111111000
11111111111111111111111111000
11111111111111111111111110100
11111111111111111111111100000
11111111111111111111110110001
11111111111111111111111100100
11111111111111111111011000000
10111111111111111111100000000
11111111111111111111100000000
01101111111101110010010010000
01101111111111010110010000000
10100010111011100100000000000
00100110001010101001000000000
00001000000110000000000000000
00000000000000000000000000000
00000000000000000000000000000
00000000000000100000000000000
00000000000000000000000000000
00000000000000000000000000000
00000000000000000000000000000
00000000000000000000000000000
00000000000000000000000000000
00000000000000000000000000000
00000000000000000000000000000
00000000000000000000000000000
00000000000000001000000000000
00000000000010000000000000000
00000000000100010000000000000
00000000000010101000000000000
00000000000001111110000000000
00000000001111111111000000000
00000000000111111111000000000
00000001011111111111000000000
00000000001111111110100000000
00000000001111111111100000000
00000010001111111111000000000
00000000011011111111000000000
00000000011111111110000000000
00000000010111011110000000000
00000000101111111100110000000
00000000100111111110100100000
00000001111111111011110001000
00000001110111111111111111000
00001111111111111111110010000
00010010111111111111111101000
01100111111111111111111000000
00001010111111111111111100001
00001001111111111111110011000
00000011111111111111111100000
10100101111111111111111110000
01000111111111111111111110010
01000101111111111111111100000
00010111111111111111110110000
01100111111111111110110010000
