26 261 13
00000000000000010101111111
00000000000000010111111111
00000000000000000011011111
00000000000000000111111111
00000000000001010111111111
00000000000000000111111111
00000000000000000111111101
00000000000000011101111111
00000000000000110111111111
00000000000000000011011101
00000000000000000101110111
00000000000000000010111111
00000000000000010001100011
00000000000000001010011110
00000010000000000001000100
00010000010000000000010101
10010110000000010000010100
00110111000000000010000011
01111111101000000010010000
11111111101000000001111011
01111111100100001011010111
10111111010000000001111111
01111111110011011001111111
01111111010000110001101111
10111011101000000001111111
11101111010000000000111111
10011101101000100101001100
00001101110111000000000111
10111111010010100010001010
01111001111100010000000001
01011110011111010010000000
11111111101111000000000000
00011011100011010000000000
00111111111101000000000000
11001111110011101100000000
11110111110011100000000000
11111101111111001000100000
01101111011101000000000000
10111101111111000000000000
00011110111110010010000100
01001111111001011000000000
10100011111110101000000000
01000101001100100000000000
01001011111000100000001000
00011011100100000000011000
01001010100000010000000110
10001001010110000010001001
00000101100101001001000010
00100001011000010000000010
00001001101010000011110000
00000000110001000100110101
00010000010000000001000010
