28 272 9
0000000000000000000001100000
0000000000000010010110000000
0000000110000011010010011000
0000000000000011111110110000
0000001101000011011101110000
1011001100111111111111011010
1011111111011110011111110000
0011101110100101111111111101
0101110010101011111111111100
0101111111100111111111110100
1001001111000101110101101001
1101111111100100111000100010
1111111111111100110110000000
0101111010101000110000000110
0111100111100000000000000000
1110111011000000000000000000
0001010100110100000000000000
0111111000110000000000000000
1111100000110000000000000000
0000000100000000000000000000
0110100000010000000000000000
0000010000000100000000000000
1010000101000000000000000000
1110110100100000000000000000
1111010100010000000000000000
1001110010000000000000000000
1010010011000000000000000000
1011101000000000000000000000
0000000000000000000000000000
0000000000000000000000000000
0000000010000000000000000000
0000000001000000000000000000
0010010000100000000000000000
0000011100100000000000000000
0001111111000000000000000000
0011111111101100000000000000
1011111111111101000000000000
0011111111111100000000000000
0111111111111100000000000000
1111111111111100000000000000
1111111111111111100000000000
1111111111111110100000000000
1011111111111111010000000000
0111111111111110000000000000
0111111111111110000000000000
0111111111101011000000000000
0100111111111000000000000000
0011111111111010010010101000
0010101010100000000000110000
0000100000000000000111101100
1000000000000000010011111111
0000000000000000101111111111
0000000000000000000111111110
0000000000000001001111111111
0000000000000000111111111111
0000000000000000101011111111
