21 88 14
000000000000000000000
100000000000000000000
100000011000000000000
011001000000000000000
000000100000000000000
010000000100101000000
100000000110000000000
000000000010000000000
001110110100110100000
100100111100100000000
100110010110110000000
000010111011100100000
100000111111010001000
011101111010101000000
100100001001101000000
001010110001000000000
010001101110000000000
000000100000000000000
000000000000000000000
000000100000000000000
000010001000000000000
000000000000000000010
000000000000000001101
000000000000000110010
000000000000010110001
000000001000000001111
000000000100000000001
000000000000000100000
001010110000100010000
000101000010000000010
000110000010000000000
010011011011000000001
011000000011000000100
000001000000000000000
001011110110001000000
010110001100000000000
001000100100011000000
001100111000000000000
000001111000100001000
000101000000000110001
001100001000000000000
011000100000000100001
