26 128 15
00000000000000110101100000
00000000000000000011000101
00000000000100000001101110
00000100000000000101000010
00000000000100100001000000
10000000010110100000000100
01010011001001000000000100
10000000100111100000000000
11001001111101101000000001
00010000010000000000000000
11110000000000100000000000
11100000000010000000000000
10111000001000000000000000
11101001010100000000000000
00110110000000000000000000
11000100000000000000000000
10101010010100000000000000
00001100100000000000000000
00100111100000000000000000
00100010111100000000000000
00000110001000000000000000
10111010100010000000000000
00000100100100000000000000
00000000111001100000000000
00000010001111000000000000
00000000010010000000000000
00000000000000000000000000
10000010100000000000000000
01000100000000010000000000
00100000000000010000000000
00010100000000101000000000
01101000000100000000000001
00100000001101001101000000
00101010000010111110100000
10011100000000010100001000
01000100110000101110000000
01010101100110111110000000
11010010000101010100000000
10110110010011100111100000
00101000000000101001100000
11000010010100001000100000
00000000010000011011100000
00000000010000001110011000
00000000000000011111101000
10000000000000000101100100
00000000000000011011010000
00000000000000000000011000
00000000000000000100100000
00000000000000000000000000
00000000000000000000000000
00000000000000000000000000
00000000000000000000000000
