23 116 11
00000000000000000000000
00000000000000001000010
00000000000000000000000
00000000000000000000010
00000000100010000110100
00000000000000100000010
00100000000010000010000
00000100000100100110000
00000101110000100100001
00011000000100111011101
00000011101000100011000
00000010101000000000010
00000111000000011011000
00001001100001000010010
00000110010100101001111
10000001011000000111100
00000010010010001110100
00100100000001000000000
00000011110000000011010
00010001100110000001100
00001100000000001000011
00010000000000101101110
00000000000100000000101
00000000110000000000010
00000000010100001000000
00010100111000000010000
00001010101111001010010
00001110111010100100000
00000001011000010000000
01111001011110001001000
00001011010010000100000
00001011100001100100000
00100101010000010001000
00100000100101001001000
00000000010110101111011
00000001000000111110000
00000000000010001101000
00010000000110100110010
00100000000000010001000
00001000001000000010010
00010100000000100100101
00000000000000010010000
00000000000000000010000
00000000000000001000000
00010000000000000000000
00000000000000000000000
