26 98 14
00000000011011100000000000
00001011011011000000000000
00001000010110000001000000
00001011110001000000000000
00011111111010000000000000
00011011111000100000000000
01011111111010100000000000
00100101110000000000000000
00000010000010000000000000
00111111100000000000000000
00100110000000000000000000
00000000000000000000000000
00000000000000000000000000
00000000000000000000000000
00000000000000000000000000
00000000000000000000000000
00000000000000000000000000
00000000000000100000000000
00000001100000000000000000
00000000010000000000000000
00000010100000000000000000
00000111110010000000000000
00000000111000000000000000
00000001110010000000000000
00001111011000000000000000
00010101110000000000000000
00000000000000000000000000
00000000000000000000000000
00000000000000000000000000
00000000000000000000000000
00000000000000000000000000
00000000000000000000000000
00000000000000000000000000
00000000000000001000010000
00000010000001000000000000
00000000000000010000000000
10000110000100100000000000
00000000000000000000000000
00000010000000000000000000
00000000000100000000000000
00011001001100000000000000
00000001000000000000000000
00001011001000010001000000
00001010000000001100000000
00100110100000011000100000
10011001000010000111000000
00000110010100011000011000
11001010000101101011010000
00000000010010110011000000
00011000001101111011100010
00000001000011111100110000
00000100011101011010010000
