23 119 9
00000000000000000000000
00000000000000000000000
00000000000000000000000
00000000000000000000000
00000000000000100100000
00100000010000000010110
00000000000000000011110
00000001000000100100010
00000000010001101000000
00000000001000011011110
00000001000001011000110
00000100011100000100100
00000000000000000000000
00000000010001101111000
01001001011000100100100
00000000000001001101101
10000001001101110110110
01000000000100100000011
00000011010101111101000
00001000011111110101010
00010100011001101000000
00000001111110010000000
00100111011010010000100
00000000000000000000110
00000000001010000000000
00000000001010010000100
00000001110111001000100
00000011111110110000000
00000001111111101100000
00000111111111011001010
00001001111111110100100
00000001111111111000000
00000111111110111111000
00000011111111100011000
00000000111111011000100
00000100010110010100000
00000000010110010000010
00000000100000010100000
00000000000000000000000
00000000000000001000000
00000000000000000000000
00000000000000000000000
00000000000000000000000
00000000000000000000000
00000000000000000000000
00000000000000000000000
