27 241 11
000110110110011101111111111
000111001110111111110101010
011111110110101111011111101
001011011110111001111111111
001110111100000001010111100
000101001011011100001011110
010110111101110001010001001
111111010111100000010000000
000001011011011001000010000
000000101000000100010000101
001101101011100000010000000
100010110000010000010000000
001000100000100010000000100
000010000001001100000000000
000101001010000000000000000
000000000000000001111000000
000000000000000000110000000
000000001000101110111101000
000000000000001011110010001
000000000000000111111110110
000000000000000101111110010
000000000001000011111101000
000000000000000000011110100
000000000000000001111001100
000000000000001010111000000
000000000000000001011000000
000000000000000000001000000
000000000000000000000000000
000000000000000000000000000
000000000000000000000000000
000000000000000000000000000
000000000000000000000000000
000000000000000000000000000
000000000000001000000000000
000000000000000101000000000
000000010000000000000000000
000000000000001101000000000
000000000000110011000000010
000000000001011101010000000
000000000010111111101010000
000000001110011011110001111
000100000011011100101100000
000000010000011101110110110
000000001010011111101110111
000000001001011010110111111
001000010100111111001111111
000010011111111011111111111
000001111011111111111110110
000000010111101111101111011
000000000111011111111111111
000001000101011110011111110
000000001111111111111011111
000001000111011111010011111
000000010011111111111111111
