23 251 15
11111000110000100000000
11111110110000000000000
11111111110000000000000
11111111111110010000000
11111111111100000000000
11111111111101000000000
11111111111010000000000
11111111111111000000000
11111111111111010000000
11111111111111000000000
11111111111111110000000
11111111111000000000000
11111111111110000000000
11111111111101000000000
11111111110110000000000
11111110110000000000000
11111111110000000000000
11111111000110000000000
11111111011010000000000
11111110100000000000000
11111101000000000000000
11111100100000000000000
10001010000000000000000
00000000000000000010011
00000000000000000110001
00000000000000000101101
00000000000000000011111
00000000000000000011111
00000000000000000001111
00000000001000000001111
00000000000000000001011
00000000001100000001101
00010000001000010110111
01001011000010000110000
01000011100000000101001
11110011110100001000000
10000001001110000010001
01101101110011111001111
01111111111111111101011
10111110111110010101011
00111111111111101111111
11111111110111110111011
11111011101111101011111
11111111111101111011111
01111111111111011111111
11111111111111111101111
