17 124 11
00010000100000000
00001100011010000
00000011110101000
00001001011000000
01000101000000000
01001000001110011
00010111111001001
00101111110100110
00101111111110000
00011111111111100
00110110100111001
00001111111101000
11101011111101110
00011011110001100
00000011000111001
00100111011000000
01001000010001001
11111111110000000
11111111001000000
11111111111101100
11111111111101000
11111110010111000
11111111111100010
11111110110100100
11010011111111100
11111111111111100
10011000011100000
10000010100000000
10001000000000001
00000100000000000
00000100100000000
00000000100000000
00000000000000000
00000000000000000
