20 56 5
00000000000000000000
00000000000000000000
00000010000010000000
00000000000000010000
00000001001100000000
00001000100000000001
00001000000000100000
10000010100011000100
00000100111110000000
01010001100000000000
00000000010100100000
00000011100111000010
00000100010000000000
00100000010000010000
00001010110101000100
00000110000000000000
00001000000010000000
00000000000000000000
00000010001000000000
00000000000001000000
00000000000000000000
00000000000000000000
00000000000000000000
00000000000000000000
00000000000000000000
00000000000000000000
00000000000000000000
00000000001000000000
00000111010000000000
00000010101001001000
00000001111101000000
00000111110001000000
00000101111100010000
00000110110101100000
00001000101110010000
00000100010010000000
00000010011100000000
00000000011000000000
00000010010000000000
00000000110100000000
