16 31 7
0000000000000000
0000000000000000
0000000000000000
0000000000000000
0000000000000000
0000010000000000
0000000000000000
0000000001000000
0100100000000000
0010000000000000
0000000000000000
0101100000100000
0000010110000000
1010011000001000
0100101010100010
1110111010010000
0000001010000100
0001100001000000
0000100011100000
0010111010000000
0000011000100000
0001111100100000
0000010100000000
0000011001000000
0000000100000000
0010000000000000
0000000000000000
0000000000000000
0000000000000000
0000000000000000
0000000000000000
0000000000000000
