17 95 6
00000000000000000
00000000000000000
00000000000000000
00000000000000000
00000000000000000
00001000000000000
01010100000000000
00010000011000000
01011101000010000
00111111111000000
11111111110000000
01111111111100000
11111111110000000
11111111111010000
11111111010000000
01111111110110000
01111111111000000
00000000001000001
00000000000110100
00000000100011010
00000100011111111
00000000111111010
00000000011001111
00000101001011101
00000000100011100
01000001111110101
00000110110100010
00011000101001110
10000010011100000
00001100000100000
00100000000111111
10110100110100100
00100000000011000
00000001111000001
