24 256 15
111111111111111111100000
111111111111111111001000
111111111111111111110000
111111111111111111100000
111111111111111111000000
111111111111111111010000
111111111111111110010000
111111111111111101000000
111111111111111000000000
111111111111111000000000
111111111111111110000000
111111111111111000000000
111111111110111100000000
111111111110000000000000
101011111100000000000000
000111100000000000000000
000100110010100000000000
000100000000000000000000
000001000000000000000000
000000000000000000000000
000000000000000000000000
000000000000000000000000
000000000000000000000000
000000000000000000000000
000000000000000001011111
000000000000000001111111
000000000000000110101111
100010000000000101111111
000000000000001110111111
001000000000001001011111
101010000000000001011111
011111000000000000011111
111111101000000000000011
110111010000100000000000
111111011000000001000000
111111001010011000000000
111111000000010100000110
011100010001100010000111
111000000010011100100000
000110000111011011010110
000101000011111101011101
001110000001011111111101
000000000011111111111111
000000111010101111111111
000100110011111101101111
000100001011011111111111
000000000110110111111111
000000001011111111111111
