24 194 9
110011111111000000000000
111111111111111000000000
111111111111111000000000
111111111111111000000000
111111111111111100000000
011111111111110101000000
001111111111110000000000
001111111111000000000000
100101111111010000000000
011101111011000000000000
000011111100000000000000
111000100101000000000000
000010000000000000000000
000000000000000000000000
000000000000000000000000
000000000000000000000000
000000000000000100000000
000000000111100000000000
000000000000110010000100
000000000011111111100000
000000000110101111000000
000000011011111111100000
000000000101111111100000
000000000111111101100000
000000000100000000001000
000000000000000001001110
000000000000000010000000
000000000000100000011100
010000000000000000011101
000000001000000001000010
000000000000000000001110
000000000000001010011000
000000000000100111011000
010100000001000001001000
100110100001101101011001
000000010000101101101100
001010011110101110110010
000000100011111111111000
000000000011111111110100
000000000011111111111000
000000000001111111111001
000000000011111111111110
000000000101111111111100
000000010111111111110110
000000000011111111111001
000000001011111110110100
000000010000011111000001
000000000110111110110100
