16 89 12
0000101111110101
0001011111100111
0010111110100101
0000111111110011
0011111011010101
1111101111110110
0001100111101000
0000110110110010
0000111100001010
0010000101010000
0000000001000000
0000001000001000
0000010000000000
0000000000000000
0000000000000000
0000000000000000
0000000010000000
0000000001010101
0000001001110111
0000000110111111
0010101101101110
0000011111110110
0000000111111111
0001001110100000
0000000101111111
0101010111101101
0001001111100100
0000001000111100
0000000101101000
0000010000000000
0000010000010000
0000000000000000
