23 129 7
00000000000000000000000
00000000000000000000000
00000000000000000000000
00000000000000000010000
00000000000000000000000
00001000000010010000000
00000000000100000010000
00001000000100100000100
00000001010101001001000
00000000001011100110000
00010000100110110100000
00000100011100111110001
10000001110110101011000
00010000111111010110000
00100000000011111000001
11010100011011110011000
11010000001111100000110
11000000101101111100101
01100000000001111000000
10011000110010100001000
00000001010100010001000
00001001100000100100000
10000000000011010000100
00000001100000101001010
00000000000001011111111
00000001000000011111111
00000000001111001110110
00000000010010101111110
00000010000000111111111
00001111100011001101011
00010000101011111101010
00000000000110010100011
00001000000101011101110
00000000001000011111001
00001000000100111110110
00000000010011101001000
00000001001010101100000
00000001000001010000000
00000000001000000001010
00000010000000000011000
00000000000000000000000
00000000000000001001000
00000000000000000000000
00000000000000000000000
00000000000000000000000
00000000000000000000000
