25 204 6
0000000000000000000000000
0000000000000000000000000
0000000000000000000000000
0000001000000000000000000
0000000000000000000000000
0000000000000000000000000
0000000000000000000000000
0000000000000000000000000
0000000000000100000000000
0010000001000000000000000
0010110000010001010000000
0010000001110000000000000
0001111111101100010000000
0100111111011101001000000
0011111111111001000000000
1100011001111111110000000
1101101111110111001000000
0111111111111111110000000
0101111111111111010100000
0111111111111111111000000
1101111111111111001000000
0111111111111111010000000
0001111111111111100100000
1111111111111011001000000
1001011111111011110000000
0000001111111111111110000
0000011111111111111111000
0000001111111111111110000
0000011111111111111111000
0000001111111111111111100
0000011111111111111111000
0000011111111111111111000
0000011111111111111111000
0000011111111111111101000
0000000111111111111110000
0000011111111111111100000
0000000111111111111100000
0000000011111111000000000
0000000000001101100000000
0000000000000001000000000
0000000000100000000000000
0000000000000000000000000
0000000000000000000000000
0000000000000000000000000
0000000000000000000000000
0000000000000000000000000
0000000000000000000000000
0000000000000000000000000
0000000000000000000000000
0000000000000000000000000
