24 136 6
000000000000000000000000
000000000000000000000000
000000000000000000000000
000000000000000000000000
000000000000000000000000
100000000000000000000000
001010010000000000000000
101001100000000000000000
000101100010010000000000
001111100000010000000000
011111110000100000000000
111101010000111110010000
111111111110111110000000
101100110011111110000000
011001000001111111000000
010110110001111100010000
101110101001110110100000
010111111000010010000000
110100000110010011100000
010100100001001100000000
010001001100000000000000
100011100000000000000000
000010000000000000000000
000101001000000000000000
000000000000000010000000
000000010000011100000101
110000000000010110110000
000000000000101111010000
001110000010011011011010
000000000000011011100000
000000100000000110000000
000000001000111110100000
100000000000011001110000
010000000000000000101000
101000000000000010000000
000000000000000000000000
011000000000000000000000
000000100011000000000000
001101100011000000000000
011111001011000000000000
000000100100001000000000
001110111011010000000000
101111011000000000000000
001010011111000000000000
011011110100100000000000
011111101011001100000000
001001111000100000000000
110101011001010000000000
