28 106 8
0000000000000000000000000000
0000000000000000000000000000
0000000000000000000000000000
0000000000000000000000000000
0000000000000000000000000000
0000000000000000000000000000
0000000000000000000000000000
0000000000000000000000000000
0000000000000000000000000000
0000000000000000000000000010
0000000000000000000000000000
0000000000000000000000100100
0000000000000000000000011111
0000000000000000000000011101
0000000000000000000000011111
0000000000000000000000000111
0100000000000000000000010001
0000000000000001000001001101
0000000000000000000000000111
0000001000000000000000000101
0100011001101000000000000010
1001100100001000000000000000
1110110001010111010000000000
0111101110010011010000000000
1101100001000100100000000100
1111010011011100000000000000
1111101010011000000000000000
1111111110101000000000000000
0000000000000000000000000000
0100100000000000000000000000
0010000000000000000000000000
1001000100000000000000000000
0101000000000000000000010000
0010110000100000000101101100
0000000000100100001001110100
1100000000000000000010010001
1100100110000000000000101100
1010001010000000000000001100
1010111110100000000000001011
0001100000100000000000000000
1111100000000000000000001100
1111010000101000000000000010
0000010100000000000000000000
0100110100100000000000000000
1000000100101000000000000000
1101011000000000000000000000
0010011010000000000000000000
0000001011000000000000000000
0000001101010000000000000000
0000001110000000000000000000
0000010000000100000000000000
0000000010000000000000000000
0000000000000000000000000000
0000000000000000000000000000
0000000000000000000000000000
0000000000000000000000000000
