16 86 11
0001111000000000
0011110000100000
0110001000100000
1011100000000000
1111101110000000
1110111111000000
1111010101001000
1110101101100000
1111100101110000
0110011000101000
1101010100000000
1011110100000000
0001111000000000
0001000000010000
0001001100000000
0000000000010000
0000110000010000
0011111000000000
1111101000001010
0011110110001000
0101111100110101
0000011001110011
0000110001000011
1110100100100111
0000101100110101
0000010000010010
0000000110101011
0011001100010001
0000100100000000
0000010001011001
0100000000100000
0000000000100000
