29 100 9
00000000000000000000000000000
00000000000000000000000000000
00000000000000000000010010000
00000000000000000000000000000
00000000000000000000000000000
00000000000000000000000010010
00000000000000000000000011000
00000000000000000000001101000
00000000000000000000000000000
00000000000000000000011101010
00000000000000100100000001000
00000000000000000000001000001
00000000000000000001000001000
00000000000000000000001000010
00000000000000100000000010000
00000000000000000010000000100
00000000000000110000100000000
00000000000000000011010000010
00000000000000000000000111000
00000000000000000010101000001
00000000000000001100100010001
00000000000010001010000100010
00000000000000001110001000000
00000000000000110001110000001
00000000000000001111110011001
00000000000000101000111100101
00000000000100010111000010100
00000000000101100011001010000
00000000000100010111010101000
00100111101000000000000000000
10111101011000000000000000000
11101100110010000000000000000
01101111110110000000000000000
11111011101111010000000000000
00110011101101011000000000000
10011100100000100100000000000
01000100010000100000000000000
10101010110000100010000000000
00111000010010000000100000000
00011010000100000000000000000
01100110110000000000000000000
00000011001000000000000000000
00000000110000000000000000000
00101000000000000000000000000
00001000010000000000000000000
00000001000000000000000000000
00000000000000000000000000000
00000000000000000000000000000
00000000000000000000000000000
00000000000000000000000000000
00000000000000000000000000000
00000000000000000000000000000
00000000000000000000000000000
00000000000000000000000000000
00000000000000000000000000000
00000000000000000000000000000
00000000000000000000000000000
00000000000000000000000000000
