22 226 14
0000000001010110111000
0000000000110011010010
0000000000100111111001
0000000001001111011011
0000000001011111111101
0000000000111111111111
0000100111111111111100
0000000001111011111101
0000001011111111111111
0000100101010011101101
0000011011111111111110
0000010001111111111111
0000000111111111111101
0000010101100111111111
0000001001011101111101
0000000010111110111011
0000000110111111101111
0000000001100111011110
0000010000100001101110
0000000000010000001001
0000000010101101101000
0000000000110010011001
1111111111111111111100
1111111111111111111110
1111111111111111111110
1111111111111111111110
1111111111111111111110
1111111111111111111100
1111111111111111111000
1111111111111111110000
1111111111111111101100
0011111111111110001000
0111111111111100000000
0001111011001110000000
0001001111101000000000
0000001000010000000000
0000000001000000000000
0000000000000000000000
0000000000000000000000
0000000000000000000000
0000000000000000000000
0000000000000000000000
0000000000000000000000
0000000000000000000000
