30 263 11
000000001111111111100000000000
000000011111111111110000000000
000000011111111111111000000000
000001111111111111111100000000
000001111111111111111110000000
000011111111111111111111000000
000001111111111111111110000000
000011111111111111111111100000
000010111111111111111111000000
000001111111111111111110000000
000000111111111111111100000000
000000111111111111111100000000
000000111111111111111110000000
000001011111111111111010000000
000000011111111111111000000000
000000001110111111000000000000
000000000101101001000000000000
000000000001000000000000000000
000000000000000000000000000000
000000000000000000000000000000
000000000000000000000000000000
000000000000000000000000000000
000000000000000000000000000000
000000000000000000000000000000
000000000000000000000000000000
000000000000000000000000000000
000000000000000000000000000000
000000000000000000000000000000
000000000000000000000000000000
000000000000000000000000000000
000000000000000000000000000000
000000000000000000000000000000
000000000000000000000000000000
000000000000000000000000000000
000000000000000000000000000000
100000000000000000000000000000
111101100000000000000000000000
111110000000000000000000000000
111111110000000000000000000000
111111111000000000000000000000
111111111100000000000000000000
111111111110000000000000000000
111111111111000000000000000000
111111111110000000000000000000
111111111111100000000000000000
111111111111110000000000000000
111111111111100000000000000000
111111111111110000000000000000
111111111111100000000000000000
111111111111100000000000000000
111111111111000000000000000000
111111111111000000000000000000
111111111111000000000000000000
111111111111000000000000000000
111111111110100000000000000000
111111111110000000000000000000
111111111100000000000000000000
111111111101000000000000000000
111111111100000000000000000000
111111110000000000000000000000
