18 124 8
011111101010000000
011000111001100100
010111110011111001
101000110110111100
100111011110110000
000011111111100000
010011011111101000
000110101011101000
010100110110111000
010111101100101000
001100001110000000
001001100000000000
001001000000000000
001100000000000000
001010010000000000
000111010000000000
101111100100000000
001110011000000000
000000010001001110
011011000111010011
000000010010011110
010110000001110011
010111001001101000
010111000000111000
011110111100000000
111110000001000000
111110111010010000
110110101011000000
001111001101011000
101011111101000000
000001111111110000
000100011110100000
000000001101100000
000000110101100000
000000001100010000
000000010010100000
