18 110 6
000001010100010010
000100000110111100
000000001101101111
000010000011111110
000001100111101100
000000000111101101
000000010011110000
000011000111011111
000010000001100111
000000000010101001
000000010110100110
000100000010000110
000000000110001011
000001000110000000
000001001011110100
011000101000001100
001001011100001010
000000010110010000
111111111100110000
111111111100000000
111111111110000000
111111111111000000
111111111110100000
111111111010000000
111111111111000000
111111110100000000
111110101000000000
110101111001000000
010111010000000000
000000001000000000
000100000000000000
000000000000000000
000000000000000000
000000000000000000
000000000000000000
000000000000000000
