16 99 5
0000000111111111
0000000111111111
0000000010111111
0000000001111111
0000000000111111
0110000010101001
1000110001010000
0100000000000000
1111010000000100
1111000000000000
1111111100000000
1111110000000000
1111111000000000
1111110000000000
1111111000000000
1111001000000000
0010000000000000
0000000110000000
0100000000000000
0000010000000000
1000100010000000
0011001000100000
0001101000100000
1000110100010100
0110001000101111
0011011101111000
0000110111011111
0100111111101111
0010110110100011
0111101101101011
0010001001011111
1001111011101011
