29 318 14
00000000000000000000000000000
00000000000000000000000100000
00000000000000000010000110000
00000000000000101000111101000
00000000000000010000011111000
00000000000000001101111011100
00000000000000110011110111100
00000000001000100111111110100
00000000000001110011111110110
00000000000001011111111111100
00000000000001111101111110001
00000010000010011111111110100
00000001111000100011110111000
00000100100010011111101110010
00000111111010011111111110100
00000111110101110110111110010
00001111111101111111111101000
00011011110011011111011110010
00100011111110111111101110100
00001011010111111111111100010
00000000011001111111011010000
00000000000110111111110110000
00001100000101101100110110010
00000000000001111101001010011
00000000000011010110001101101
00000000000001110001010001101
00000000001000001111010001110
00000000000100000000000001111
00000000000000000000111110111
00000000000000000000010101111
00000000000000010001010101111
00000000000000000001000111111
00000000000000000001101111111
00000000000000001001001111111
00000000000000000001001011111
00000000000000000001011111111
00000000000000000000001011111
00000000000000000000011011111
00000000000000000000001111111
00000000000000000100000110110
00000000000000000011000110100
00000000000000001110110111001
00000000000000001101000110001
00000000000010001111110111100
00000000000000011111101111110
00000000000000011011101111101
00000000000000001011111111101
00000000000000001111111111111
00000000000000111111111111101
00000000000000001111111110101
01100010000000111111111111111
10011100000000101111110111110
11110111100000000111111111100
10111111100000000101111111110
11111111110001011010111010101
11111111101100000100011010001
11111111111001010101000110100
11111111110000000001000000000
