19 37 7
0000000000000000000
0000000000000000000
0000000000000000000
0000000000000000000
0000000000000000000
0001000000000000000
1000000100000000000
0010000100000000000
1101000000000000000
0100100000000000000
0111000100000000000
1101010000000000000
1111100100000000000
1001000000000000000
1110000000000000000
1110100000000000000
1010000000000000000
0010000000000000000
1000000000000000000
0000100000010000000
0000100000000000000
0100010000000000000
0000000011000000000
0100000010010010001
0001100000000000000
0000000100000000000
0010100000000000000
0000000000000100100
0000001010110011000
0000000000100000000
0000000100000010010
0000000001010000001
0000000000000000001
0000000000000000010
0000000000000100010
0000000000000000000
0000000100000000000
0000000000000000000
