20 125 7
00000000001111010000
00000010111101110001
00000011011111111010
00000001011111110101
10100001101111111101
11000101111111110010
01110111111111101011
11101110011111110010
11001010011111111010
11100000011111000010
00000000110010000000
01000000000000010000
00100000110110001000
00000000000100000000
00000000000000000000
00000000000000000000
00000000000000000000
00000000000000000000
00000000000000000000
00000000000000000000
00000000000000000000
10000000000000000000
00000000000000000000
10000000010100000000
10000101100100000000
01001000010000000010
00000100000001000000
01001100010100000000
01111011101001000000
11011010001100000000
11111111110000000000
01111111100000101000
00011001100011010000
11111111101000100000
11011011011100000001
01111111111000000000
11011110111000000000
11111111110000000000
01011100000010000000
11111101000000000000
