29 162 7
00000000000000000000100000000
00000000000000000000100000000
00000000000000000000100000000
00000000000000000000000000000
00000000000000000000000000000
00000000000000000000100100000
00001000000000000111010100000
00000001000000000100001100000
00101000100000000000000100000
00000000110101000000001010010
00001110001100000000001000000
01000010010000000000000001000
00101010100000000000000000000
00001000010000000101000100000
00100010111000001001001000000
00100101101001000010000010001
00000000110000010100010000000
00001100001001100001111001011
00000000001000000000001100001
01000010101000001111111101011
00000000000100001111111101111
00000000000010001100001011101
00000000000000001111110111111
00000000000000100100100011011
00000000000000001010011011101
00000000000001000000101001011
00000000000100000001011100000
00000000000000000001000000100
00000000000000000000010000110
01111111111111110110000000000
11011111111111111101000000000
10111111111011111111010000000
10111111111111111111010000000
01111111111111110010100000000
01101111111110110000000000000
01110111111111111100000000010
00101111111111100101000000000
00110111110111100010000000000
00000010111011100000000000000
00000010001010000000000000000
00000000000010000000000000000
00000000000000000000000000000
00000000010001000000000000000
00000000000000000000000000000
00000000000010000000000000000
00000000100000000000000000000
00000000000000000000000000000
00000000000000000000000000000
00000000000000000000000000000
00000000000000000000000000000
00000000000000000000000000000
00000000000000000000000000000
00000000000000000000000000000
00000000000000000000000000000
00000000000000000000000000000
00000000000000000000000000000
00000000000000000000000000000
00000000000000000000000000000
