29 212 11
00000000000000000000000000000
00000000000000000000000000000
00000000000000000000000000000
00000000000000000000000000000
00000000000000000000000000000
00000000000000000000000000000
00000000000000000000000000000
00000000000000000000000000000
00000000000000000000000000000
00000000000000000000000000000
11110000000000000000000000000
11110000000000000000000000000
11111110000000000000000000000
11111110100000000000000000000
11111110100000000000000000000
11111111000000000000000000000
11111111000000000000000000000
11111111000000000000000000000
11111111100000000000000000000
11111111100000000000000000000
11111111000010000000000000000
11111111101111000000000000000
11111111111111100010000000000
11111111111111110100000000000
11111111111111111010000000000
01111111111111111100100000000
00011111111111111110000000000
01001111111111111110000000000
00011111111111111110000000000
00000000000000000000000100000
00000000000000000000000000100
00000000000000000000000000010
00000000000000000000000000000
01000100000000000000000010010
01000001000000000000000001011
00000000000000000000000000101
00000100001000000000000010111
00001000010000000000000000110
00000001101110100000000011000
00011110110000110110000011001
00001110110010000000000101000
10011110000110000000001000100
01101111111100000100000000100
10010111111111010000000000101
10101111111110010101000000000
11010111111110000000000000000
00011011111111101010000000000
01111111110110101000000000000
11111111111101000000010000000
11111110111101100100000000000
10111011000111100000000010000
10110011110010000000010000000
00110111000001000000000000000
00010101010000110000000000000
00010010100010000000000000000
00000001010011000000100000000
01100000010000000000000000000
00000000001000000000000000000
