24 266 15
101111111111110010000000
011111111111101000000000
111111111111111100000000
111111111111111010001000
110111111111101101100100
101111111110100110000000
011111111111111011100110
111111111111111000011001
111111110011000011001000
011110001110001000111010
111000001010101110000101
100110010010000110100111
000001000000000100111111
000000000001010100011111
000000000000000000011111
000001000001001010111111
000000000001101100100111
000000000000011111111111
000000000000000011111111
000000000000110011100111
000000000000101100111111
000000000000011000110011
000000000000010000011110
000000100000000000101111
000001000000111110110100
000000000000001101011111
000000000000011111111110
100100010000111111010111
101001010000101111111110
110101000000111111111111
111111001001111111111111
111110111011111111111110
111111111011111111111110
111111111111111111110010
111111111111111111111000
111111110011111111010100
111111111101111100000100
111111111001111100000000
111111011000101100000000
111111100100100000000000
001111010000100000000000
111111100000001000000000
111000010000000000000000
000001000000000000000000
010001000000000000000000
100001000000000000000000
000000000000000000000000
000000000000000000000000
