30 371 8
000000000000000000000000000000
000000000000000000000000000000
000000000000000000000000000100
000000000000000000000011101100
000000000000000000101111111000
000000000000000001111111111111
000000000000000000111111111111
000000000000000011111111111111
000000000000000111111111111111
000000000000000111111111111111
000000000000000111111111111111
000000000000000111111111111111
000000000000000011111111111111
000000000000000011111111111111
000000000000000111111111111111
000000000000001011111111111111
000000000000000001111111111111
000000000000000111111111111111
000000000000000010111111111111
000000000010000000110111111111
000000000001000000011011110111
000000001111111010000000000001
000010111111111111000100000000
000001111111111111100000000000
000101111111111111100000000000
000011111111111111010000000000
000111111111111111101000000000
001111111111111111111000000000
000111111111111111110000000000
000111111111111111110000000000
000001111000000100000000000000
000000100001100000000000000000
000010101010100001100000000000
000111110110010010010000000000
001101111011010010000000000000
001011111111110010010010000000
100101111111111101000000000000
011110111111101101001000000000
011111111111010111100000000000
110101111111111100000000000000
111111111111111101111000000000
101111101111111100100000000000
011111111111111111001000010000
001111111111111110101000100100
000111111111111011010001000000
110100111111101100011111110000
000101111010110101111111110010
110011100110110001111111101000
010101110010111111011111100000
001001011110000010111111110110
000001100101110111011111100100
010010000000100011111111111010
000010001000000110111111010001
000000000000010010011111111001
000000000000000000001000101111
000000000000000000000110110111
000000000000000000000000010010
000000000000000000000000011101
000000000000000000000001011110
000000000000000000000100001111
