19 169 15
0000100000000000000
0000000000000000000
0001101000000000000
0100001100000110000
0000000101100100000
0101111110001000100
0010111111010111000
1011011111011000000
0001111111111101000
1111111111000001000
0011111111111101000
0011111111111111000
1110111111111100001
1111111111111110000
1100111111100110000
0001111111110100110
1101110111101000000
0011110101110000000
1000001110000110000
1111111101110011000
1111111111000100001
1011111111101000010
1111111010101001000
1111101100001101000
1110111111011000000
1110100101001000000
1101100111110000000
1000111010101000000
1100111000110100000
0011100100011000110
0010100001101101001
0010110110000111100
0000000000001101011
0000000000110111110
0000000000011011101
0000000001010110111
0000000001011111111
0000000001111111111
