17 140 8
00000000000000000
10000000010100000
00011000000000000
10100010010100000
00011001100000000
00111110111010001
11010001101010000
11111011001101000
11111111010111000
11111001110000001
11111111111110000
10111111111001000
11111111111110000
01111111111000000
01101111111110010
10111011101110100
00111101001110000
00101111111111111
11111111001101110
11111111111110111
01110111111011111
10111111111101111
01111111111111110
10011111111111010
01101000111111110
01010101100110000
00101101011000000
01111110111110000
00001100000000000
10000000000000000
00001100000000000
00000000000000000
00000000000000000
00000000000000000
