21 130 5
010000011001000000000
111001000000000000000
011011000000000010010
010011100000000011000
110110111001110011000
111110110000000111001
100101110000010101110
000111111110011101011
010011000000000001111
000100010001010011101
011000100000011110100
111000001010101101111
100000001001001110110
000010000000111110000
001100000000000101101
000000000100000101100
000000010010010000000
010000000000000000000
000000000000000000000
000000000000000000000
000000000000000000000
010011110111000000000
101111101101100000000
011000110000000010000
011010111010100000000
110110111000000000000
001101111000100000000
000111110100000000000
001011100110100000000
001111110000000000000
110110110000001000000
100111000100000000000
010011111100001000000
001000100000000000000
000100100100000000000
011100100100000000000
010100000000000000000
000101110001000010000
110101110100000000000
011111000001000000000
110110101100000000000
001111111100000000000
