30 397 5
111111111111111110100000101100
111111111111111111101000000011
111111111111111110000000011101
111111111111111111000000011111
111111111111111110001011011111
011111111111111100000101111111
111111111111111000001111111111
111111111110110000000111111111
100111111001111000001111111111
000011111111000000001111111111
000000010000100001111111111111
000000011000000010111111111111
000000000000000000111111111111
000000000000000000111111111111
000000000000000001011111111111
000000000000000000111111111111
000000000000000000111111111111
000000000000000000111111111111
000000000000000000111111111111
000000000000000000001111111111
000000000000000010010111111111
000000000000000000000111111111
000000000000000000001111111111
000000000000000000000111111111
000000000000000000000100111111
000000000000000000000010000011
000000000000000000000000001001
000000000000000000000000000000
000000000000000000000000000000
000000000000000000000000000001
000001101011011111101000000000
000000001111111111111010000000
000001001111111111111100000000
100000100111111111110101000000
110000110011111111111110000000
111011100111111111111100000000
101111101111111111111110000000
010100111111001111101010000000
101111100100111111111001000000
111110011111110111101000000000
111101111100101011100000000000
111111111010100000010010000000
111111110110010010000000000000
111111111111100000000000000000
111111111111000000000000000000
111111111110100000000000000000
111111111110001100000000000000
111111110110010000000000000000
111111111111011010100000000000
111111111111111000000000000000
111111111111000000000000000000
111111111110100000000000000000
111111111110100000000000000000
111111111100000000000000000000
111111111111000000000000000000
111111111010101000000000000000
111111111101000000000000000000
111111010100000000000000000000
111111110000000000000000000000
111110100001000000000000000000
