27 262 5
000000010001000000000000000
001111010011000100000000000
001111111111000000000000000
111111111111100000000000000
111111111101101000000000000
101111111110111010000000000
111011111110010000000000000
111111111111110000000000000
111111111111100000000000000
111111111111001010000000000
111111111110000000000000000
111111111111000000000000000
111111101001000000000000000
111111110000000000000000000
111111100000000000000000000
001111000001000000000000100
010001101000000000000100000
001000000100000000000010100
000000000000000001111111110
000000000000000001111111111
000000000000000000111111111
000000000000000000111111111
000000000000000011111111111
000000000000000011111111111
000000000000000001111111111
000000000000000000111111111
000000000000000001111111111
000000000000000001001111111
000000000000000000000111011
000000000000000000001111100
000000000000000000000111101
000000000000000010010011111
000000000000000000001001100
000000010000000000010101000
000000000000000000000110110
001100000100000000000010000
000001001001000000000101010
001000000000000000000101000
110001111010001000000101100
100101001010100011100010000
011110011001011011000011101
111000111101110110010111100
101010111111101111111111110
001100111111111001111111011
010011101010100011111011101
001100011110101011101011111
010001010100101101100011111
000010111000000111111111100
001000001100000101011110101
000110110010000000011111110
000011110000110011111111010
000000100110000011001011100
000000000000000000000001101
000000000000000000010000100
