30 119 12
000000000000000000001000000000
100000000000011000000010001000
000000000000000000000000000000
000010110100000000000010100000
000001000100000000000010100000
000000110000000100010100000001
001000000100001000000000000000
001101011000000100001001110001
000011000110000000000101001000
000000010010000000000010101000
001100001100000000000000010000
010010000110100000000000001100
010000010100100000000011010000
110010100101100100010010101000
101100000100000100000000010001
000000100001000000000000000000
000000000101001000000000000000
000000000010100100000000001001
000000000000001000000000000000
000000001000000000000000000000
000000000000000000100000000000
000000000001000010000000000000
000000000011101100000000000000
000000011010000100000000000000
000000000001000001000000000000
000000011000000000000000000000
000000000000101000000000000000
000001000000010000000000000000
000000000000000010000000000000
000000000000000000000000000000
000000000000000000000000000000
000000000000000000000000000000
000000000000000000000000000000
000000000000000000000000000000
100000000000000000000000000000
000000000000000000000000000000
001000000000000000000000000000
010000000000000000000000000000
101100100000000000000000000000
111000000100000000000000000000
111110100000000000000000000000
011001110000000000000000000000
010001000000000000000000000000
011111100100000000000000000000
100010100100000000000000000000
101111000000010000000000000000
111111101000001000000000000000
111111110010000000000000000000
111100110000001000000000000000
100010010001000000000000000000
111110000100000000000000000000
111011001000100000000000000000
111100010000000000000000000000
111111101000000000000000000000
101010000001000000000000000000
111101000001000000000000000000
111001000000000000000000000000
010110000000000000000000000000
010101100000000000000000000000
100000000000001000000000000000
