16 51 15
0000000111111111
0000000011111111
0000000011111111
0000000111111111
0000000011101111
0000000000011111
0000000000000011
0000000000001011
0000000000000000
0000000000000000
0000000000000000
0000000000000000
0000000000000000
0000000000000000
0000000000000000
0000000000000000
0001110000100000
1001010000100000
1001000010000000
1010110001100000
0010111000000000
1111000000010100
1010100000000010
1001100000000110
1000010000000010
0110000000000110
0100000000000001
0000010000000000
0010000000000110
0000000000110000
0000000000000000
0000000000000000
