28 207 13
0000000000000000000000000000
0000000000000000000000000000
0000000000000000000000000000
0000000000000000000000000000
0000000000000000000000000000
0000000000000000000000000000
0000000000000000000100000000
0000000000000000000000000000
0000000000000000000000000000
0000000000000000000000000000
0000000000000000000000000000
0000000000000000000110000000
0000000000000011001100100000
0000000000000000111111100000
0000000000000001111111111110
0000000000000111111111111010
0000000000010011111111111100
0000000000000011111111111101
0000000000000111111111111111
0000000000000111111111111111
0000000000000111111111111111
0000000000100111111111111111
0000000000001111111111111111
0000000000000111111111111111
0000000000000110111111111111
0000000000000000111111111111
0000000000000111100111111111
0000000000000001000111111111
0000000000000001001111111111
0100000000000001101111111110
0000001000000000111111111101
0000000000000000011111111010
0000000100000000000111111000
0001101101100000000001100000
0001100100000000000000100110
0000000111111000110000101000
0001011111110000010000000000
0001101011001100000000010000
0001111111110100000000000000
0000111111111100000000001000
0001111111111001000000000000
0010011111111101000000000000
0001100011010100000000000000
0000101010110010000000000000
0000000001000000000000001010
0000001001000000000101101000
0000001000000000000000100010
0000000000000000000001101011
0000000000001000000000111111
0000000000000000000000111111
0000000000000000000000111111
0000000000000000000011111111
0000000000000000000001011111
0000000000000000000000001101
0000000000000000000000011101
0000000000000000000000001110
