21 93 11
011100000100000000000
100000100100000000000
101001100010000000000
011100010000010010000
001010011000000000000
100010000100000000000
010011000110000000000
111110010010000000000
100011010100000000000
110001011100010100000
100101011100000000000
011010000101000000000
001000110010000000000
101000001010000000000
000001111100000000000
101001010000000000000
000100101101000000000
010111001010000000000
000000000010000000000
100000000000100000000
000000000001000000000
000000000000000000000
000000100000000000000
000000000000000000000
000000100000000000000
000000010000000100000
000000011010000000000
001011000000000000000
011000010100101000010
111000001010000000000
111011111111110000000
111110011100100000000
111111111110101000000
101111110100000000000
100111111001000000000
001001110011001000001
110000001000110000000
100000010000000010000
100000000100000100000
000000000000000000000
000000000000000000000
000000001000000000000
