28 153 12
0000000000000010100001110000
0000000000000110110110000000
0000000001001100000010100000
0000000000110011110000001000
0000000011011111100010110100
0000000000011100010000110010
0000000000000001110001101000
0000000000000100001100010000
0000000000000001100100110000
0000000010000000110101000000
0000000001010000100011000100
0000000000000000011000010000
0001000000000000001010111100
0001100000100000000000000000
0000000000001000000101000110
0000000000000010001010000000
0000000000000001000001100111
0000010000000000000110011100
0000001010000001100100001101
0000000000000000010100111101
0000000000000000001110001000
0000000000000000000001011101
0000000000000000000101111010
0000000000000000000011111110
0000000000000000000001000000
0000000000000001000110010101
0000000000000000000101000010
0000000000000011010010000010
0000000000000000000000000000
0000000000000000000000000000
0000000000000000000000000000
0000000000000000000000000000
0000000000000000100000000000
0000000000001101110000000000
0000000000000101111110100000
0000000000001111111111000000
0000000000011111111110010000
0000000000111111111111000000
0000000000011111111111100000
0000000001111111111111101000
0000000000111111111111110000
0000000000111111111111000000
0000000000111111111111101000
0000000000011111111111110100
0000000000001111111111000000
0000000000001111111111000000
0000000000001010111000000000
0000000000000000000000000000
0000000000000000000000000000
0000000000000000000000000000
0000000000000000000000000000
0000000000000000000000000000
0000000000000000000000000000
0000000000000000000000000000
0000000000000000000000000000
0000000000000000000000000000
