22 167 9
0101010100110010011011
0000000001110111110110
1001111000010010011011
0010101000011110110110
1010111100101001001101
0111101010000011001000
0111100001100000100100
0011111110000000000000
1011111010000000001100
1110011000110000000010
1100011101001000000001
1101111100000000000000
1101110111011000101000
0110110010100010011000
0110111100010001000000
0001111010011000000000
0001001101001000000000
1001010001010000100000
0000001100000000001000
0101011000000000000000
0010000000010000000000
0000000000000000000000
0001101101011010000000
0000011111101100000000
0111111111101010001000
0000111111111010000000
1001101111101010000000
0100100111101011000000
0101011111111000000000
1001101111110100000000
0010110111101110000000
0010111101101010000000
0000111011010000010000
0000111101000000000000
1000000111010100000000
0000001100000000000000
0000000000000000000000
0000000000000001000000
0000000000101110000000
0010000000101011111100
0011000000111011100000
0010000110101111110000
0101000000111111111000
0000000001101111010000
