20 174 6
11111101010001001111
11110100000110011111
11110110001001111101
11111010000001111110
11110111100100010111
01111000110010000011
01111000010010000101
11011000100100001000
01100000100000001001
11001011100000001010
11111101100000000011
01101101000001001111
11100010100100111110
11001001010100011110
11111000000001000101
01110000110000000111
11111001000000100100
00001100100000000100
00110000000000000010
01000000000000000001
00000000000000000000
00001000000000000000
00001000010000000000
11000000000000000000
01010000000000000000
01100101000000000000
01110000100001001000
01110111000010011100
11111101000001110111
11111110000111111110
11111010011111111111
11111111001111111111
10101000011111111111
00000000011111111111
10110000001011111111
10100000000111111111
00000000001111111111
00000000000111111111
00000001100011111111
00000000000101111011
