17 91 8
00001000011101000
00000000111100000
00000001011111000
01001001011101000
00000001101100101
01010110011000000
01010000111010100
00011100110100000
00000101100011000
00011111001000000
00000111010011000
00000111011110000
00000001010001001
11011100011000001
00000000101100000
00001000101000000
00000000000100100
00001000000000101
00101000000000000
00000000000000000
00010100010000010
00100000101100000
00100100001100011
00110100110110000
00110111000011000
01101011001011100
00110101001111000
01010101110111001
01111100111100110
00100101011010100
00000000001000000
00000001011000100
00000011000100000
00000000101110010
