17 93 9
11001010000000000
01001100100010000
00001001111010110
01011010000000000
10100000110000000
00001001000101000
00100011000010000
11001110000011000
11000110011000000
01101101000100101
00001000001001000
01110010101010000
00010000011000100
01100101101100110
01100111000010010
00011100100010100
00000000000010110
01010111011100100
01110011001111000
00000110001101100
00101011100010100
00011100111000100
00000000001101001
00010011100011100
00000001000100111
00001001100101100
01000011101000000
00000011011100011
00000100100111000
10000010110111000
00000110000110000
01000000000000000
00000100000100000
01010000000000000
