24 255 5
110111111111101111000000
101111111111110111101101
011111111111111111010100
111111111111111111111000
111111111110111111110111
011011111111111111111001
011111111111111111111100
000110110111111111111101
100101011111111111111110
101100110011111111111100
000000000011111111110111
000110011111111111111101
000000000101101111010000
000000011011001111010010
000000000001001111000000
000000001100101000100010
000000000000000001000000
000000000000000000100000
000000000000000000000000
000000000000000000000000
000000000000000000000000
000000000000000000000000
000000000000000000000000
000000000000000000000000
000000000000001000000000
000000000001000000000000
000000000000011000000000
000000110000101100000000
000000001001111110000000
000000101101011111101000
001000101111111111110000
000001111111111101011000
000011010110111100100000
000010101111111011111000
010111111011111111000000
101111111111000101000100
010101111111001100111011
100111111111100111111100
011111111110100111110000
000011111111001111101111
100101011001110101101111
010111111011001110111111
000100001100001011111100
000000110010001010111111
000001010000010011111110
000000000000001001111101
000000000000101101011000
000000000001000000100100
