21 159 10
001111111100001000000
001110101101100100000
001001111101011101000
110111111111101110010
011111111111111001000
001111111111111000000
011111111111111011100
111001111111110010000
001010111111110000100
100111111100000101010
110110010011100000000
010111100110001100000
000110111101000100000
100000011100100000000
000000110000000001000
000000000010000000000
000000000000000000000
000000000000000000000
000000000000000000000
000000000000000000000
000000000000000000000
000000000000000001001
000100000000001001111
000110000000001010100
000011010010000001011
100100100000001011001
000001100000000010001
000010100010000011100
001101111101011000101
110110111010001110011
001111111100101111100
001111001110011001001
011111111111110000000
010111111111010000010
101101111111100000000
011011111111000001100
001101111000110011000
000111100100100000000
000000000101100000000
000000010001000000000
000000100000000000000
000000000001100000000
