26 221 7
10000000000100000111111111
11010010000000001111111111
10010101000000001111011111
11010100000000011111111111
11100000000100001111111101
01111100000010011111111111
11110001000000000101111110
11011110001000101111110111
11111111000000101001110011
11110000000000001010110100
11110101000000000010011000
11111100000000000001000000
01101000000000000000000010
10001000000000000000000100
10101100000000000001100111
00110000100000000000000110
00100000000000001001001001
10000000000000010001011111
01010000001000000000111011
00001000000001100010011111
00100000010000000110101100
01001000000000000101010010
00000000000000000000000011
00000000000000000000000000
00000000000000000000011000
00000000000000000000001000
00000000000111111111111111
00000000011111111111111111
00000000001111111111111111
00000000011111111111111111
00000000001111111111111111
00000000001111111111111111
00000000001111111111111111
00000000001111111111111111
00000000000111111111111111
00000000000001111111111111
00000000000010111111111111
00000000000001111111111111
00000000000000111111111111
00000000000000001111111111
00000000000000100011111111
00000000000000000011111011
00000000000000000000000000
00000000000000000000000000
00000000000000000000000000
00000000000000000000000000
00000000000000000000000000
00000000000000000000000000
00000000000000000000000000
00000000000000000000000000
00000000000000000000000000
00000000000000000000000000
