24 121 14
000000000000000000000000
000000000000000000000000
000000000000000000000000
000000001000000000000000
000000000000000000000000
000000000000000000000010
001001000000000000000001
000000000000000000000000
000000100000000010000000
000000011110001000000001
000000111011010000000000
000000111100100001000011
000001101100110010001111
000011011100000000011011
101100110010000001011111
000010000011001100001001
011011011001100101100010
010101011100100000000000
001011011001100000001000
000001001110001001000110
000100010101000100010000
100001001010011000000000
001000110010100000000000
000010000000010001000000
000000000000000000000000
000000000000000000000000
000000000000000000000000
000000000000000000010001
000000000000000000000111
000000000000000000000111
000000000000000000010001
000000000000111000011111
000000000000010110011111
000000000010110100001011
000000000011101100101111
000000001010101000100111
000000000011111000001110
000000001101011011000010
000000001000001101011000
000000000001001111010000
000000000000010011101000
000000000001010011100000
000000000000111100110100
000000000000111111100100
000000000000101111011100
000000000000101111000000
000000000000000110000000
000000000000000100000001
