27 363 8
001111111111111111111111100
000011111111111111111111000
000111111111111111111110000
000111111111111111111110000
001111111111111111111110000
000001111111111111111011010
000011111111111111111111111
000010111111111111111101111
000000111111111111001111111
000000110111111111001111111
000000000100110010111111111
000000000000000001111111111
000000000000000001111111111
000000000000000001111111111
000000000000000011111111111
000000000000000011111111111
000000000000000011111111111
000000000000000011111111111
000000000000000001111111111
000000000000000001111111111
000000000000000010111111111
000000000000000001111111111
000000000000000000111111111
000000000000000000011111111
000000000000000000000111111
000000000000000000101011111
000000000000000000000001010
000000000000000000000000000
000000000000000000000000000
000000000000000000000000000
000000000000000000000000000
000000000000000000000000000
000000000000000000000000000
000000000000000000000000000
000000000000001000000000000
000000000000000000000000000
000000000000010110000000000
000000010000010110000000000
000000000001001111111111000
000000000011111111111111101
000000011111111111111111000
000001110111111111111111110
000001111111111111111111111
000011111111111111111111111
000001111111111111111111111
001001111111111111111111111
011111111111111111111111111
000111111111111111111111111
100111111111111111111111111
001111111111111111111111111
000111111111111111111111111
011111111111111111111111111
100111111111111111111111111
011111111111111111111111111
