25 169 12
0000000000000000000000000
0000000000000000000000000
0000000001000000000000000
0000000000000000000010000
0000000000001000000000100
0000000000000000000111000
0000000000000000100110011
0000000000000000001001000
0000100000000000001011110
0000110010000100001111111
0000000111010000000111111
1010010001000000111111110
1000101011011011011111110
0001111000000000001111111
0101100111100101111011111
0000100010110100011111011
0001111111000101111011101
0000110111111110101110101
0001011100000001001110111
0010001100000010100101101
0000011000000000100100000
0001000000000000000100000
0000010000000000000001000
0000000000000000000000000
0000000000000000000000000
0000000000000101100001000
0000000001001010110100010
0000000000011100000000001
0000000100001010111100000
0000000000000001101100000
0000000000100010101101000
0000000010111110111011011
0000000000000011110110000
0000000000000111001100110
0000000000100000001100110
0000000000001111011011010
0000000010101100110011001
0000000000000001001000000
0000100000000000011000000
0000000000000100000010000
0000000000100000011000000
0000000000000000000000000
0010101010010000000000000
0011001100001111000000000
0000110011101000000000000
0001101111100101000000000
0101111111111000100000000
1011111111111100100000000
0111111111111100000000000
1011111111110000000000000
