27 100 6
000000000000000000000000000
000000000000000000000000000
000000000000000000000000000
000000000000000000000000000
000000000000000000000000000
000000000000000000000000000
000000000000100000100000000
000000000000001001000100000
000000000000100001011000000
000000000000001111101000000
000000000000011111111010001
000000000000111111011100000
000000000000011111111101000
000000000000001011100000000
000000000000000101011100000
000000000000010111010000100
000000000001000010000000000
000000000000000000100000000
000000000000000100000000011
000000000000000001000101110
000000000000000010000010101
000000000000000001001100001
000000000000000001000001100
000000000000000000000011011
000000000000000000000110110
000000000000000000001001110
000000000000000001001011111
000000000000000000000000000
000000000000000000001000000
000000000000000000000000100
000000000000000000000000000
000000000000000000000000000
000000000000000100000001000
000000000000000011001010000
000000000000000001110101100
000000000000000000111100111
000000000000000010110011011
000000000000000100000101101
000000000000000000111111011
000000000000010110010110111
000000000000000100000111111
000000000000011001111110011
000000000000000001001010101
000000000000000000010001010
000000000100000010000101111
000000000000000001001110000
000000000000001000010001100
000000000000000000110110011
000000000000000000001010000
000000000000000000000000010
000000000000000000000000100
000000000000000000000000000
000000000000000000000000000
000000000000000000000000000
