22 137 7
0000000000000000000000
0110010000100000000000
1110000000000000000000
0110100000000000000000
0001100000100000000000
1010000010100000000000
1010000101101000000000
0011100111101000000000
0001010011001000000000
0000011101100010000000
0001011111000100100000
0000111001110110000000
0001101110110110001000
0000001110110010001000
0101010011111111100000
0010101101011110000000
0000100010111101110100
0010011000111000000000
0010000011111010010000
0000010000101100000000
0000110111101100100000
0000000000010111000000
0000000000000000000000
0000000000000000000000
0000000000000000000000
0000000000000000000000
0000000000000000000000
0000000000000001000000
0000000000000001000001
0000000000000011011010
0000000000000011011100
0000000000000111111110
0000000000000111111111
0000000000001111111111
0000000000101111111110
0000000001110111111111
0000000010001011111110
0001000001110111111111
0000010111101010010110
0000001111111011110110
0000011111111100000000
0000000111111100000000
0000000111111110000000
0000000111011010000000
