16 89 9
0000000000000000
0000000000000000
0000000100000000
0001010001000100
0000000001011000
0001011111001000
0110100101110110
1000110111101000
0110110110011001
0011111111110100
0001111111101000
0000011111000000
0001110010000000
0000011001010101
1000011101001011
1010110010000000
1111110101010000
0001011000010000
0110010000000000
0010100000000000
0010000010100001
1000000000000010
0000001110000101
0001001111100001
0100000110000001
1100010111001010
0110011010110000
0000000111110101
1011100100001010
0101100110110010
0100000100100000
0101100101011110
