30 240 14
000000000000000000000000000000
000000000000000000000000000000
000000000000000000101000000000
000000000000000000000000000000
000000000000000001110001000000
000000000000000010110110000000
000000000000001110001000000000
000000000000011111101100000000
000000000000010111111110100000
000000000001111111101111000000
000000000000011011111111100000
000000000000011111111111110000
000000000000111111111111111000
000000000000001111111011000000
000000000000001111111111111110
000000000001001011001001000000
000000000000001101101101100000
000000000000000000000100010000
000000000000001100111000000000
000000000101001001110010100000
000000000000101111101010010000
000000000100100011110101000000
000000000010111000111101000000
000000001000011111101110010001
000000000010101011111010100010
000000000000100101111110010000
000000001000101101111011101000
000000000000001011111111110000
000000000000010111111101000001
000000000000011111111111100000
000001001111111111110011011100
001001001111111111111101000000
001010101101111100110110110100
110000000111111011000011000000
111010001001111010111001000000
111011010111100110010010100100
111101100010000001111010000000
011110100010010000111000000000
001111111100001101110000000000
100001000101100100001001000000
110111000100000010010000000000
111111110001000010000000000000
111111110101100000100000000000
111111111110010100000000000000
011111111100100000000001000000
011011111110010100000000001000
001111111011110010000000100000
000111100010000000000100000000
001010010010000100000000100000
000000100000000010000100000000
000000000000000000000110000000
000000010000000000000010000000
100001000000000000010001000000
000000000000000000000000000000
000000000000000000000000100000
000000000000000000000000000000
000000000000000000000000000000
000000000000000000000000000000
000000000000000000000000000000
000000000000000000000000000000
