19 68 13
0000100000000000000
0001010111000000000
1000001010000000000
0011111110110000000
0111111011100000100
1111111110110000000
1001111100000000000
0101111000010000100
1011100010000010100
0001000000010000000
0000000100000000000
0000000000110000100
0000000000000000000
0000000000000000000
0000000000000100000
0000000000000001000
0000000000100000000
0000000000000000000
0000000000000000000
0000000000000000000
1001000000000000010
1000000000110001000
1111011100010010000
0100001001001000000
1010000101011100100
1101000100000100000
1001110000000110000
1010001000011101000
0010101010000001100
1110000100000000000
0001010000000000000
1010110100000000000
1000000000000000000
0000000000000000000
0000000000000000000
0100000100000000000
0000000000000000000
0100001000000000000
