18 65 7
000000000000000101
000000100001001000
000000000000011110
000000001000100011
000001000000011011
000000000010011111
000001001101111111
000000000000101111
000000000011010010
000000000000111111
000000000100010011
000000000100001101
000001000000000100
000000000000001000
000000000000010100
000000000001010001
000000000000000000
000000000000000000
000100111000000000
000100011010001000
011100000000001000
000111000100000000
011111100000000100
000001001000000000
011111111100000000
011011010110010000
101111000111000000
001000000000000000
010000110100000000
010011000000000000
010000100100000100
001001000000000000
000000000000000000
000000000000000000
000000000000000000
000000000000000000
