26 149 15
00000001000000000000000000
00000001001011100000000000
10000000000110010000000000
00000100001110101001100000
00000001000000110000100000
00000100110000000100000000
00001000000000000000000000
00010001010001100000000000
00000110110000000000000000
00100010001000000000000000
00101000000000000000000000
00000001000100000100000000
00000100100000000000000010
00100100011000000100000000
00000001000111100000000000
00000001011000000000000000
10100011000000010000000000
01001111101001100000100000
10011001011110000000010001
00011111100010000000000011
10101111001110100001100000
01101000010110000000010010
01011010010101000001001111
10001011010001000000000001
01000010000000000100110101
00000101000001010100101101
01010110011000001000000000
01110101111110000000000000
00001111011100000000000000
11111111010100000001000000
01111110111000000000000000
11111111111100010000000000
11111101010010000000000000
11111111110000000000000000
10111111110101000000000000
11110111110010000000000000
11111111010000010000000000
01000010111000000000000000
10101110100000100000000000
01011111000000000000000000
10010010000000000000000000
00011000101000000000000000
00000000000000000000000000
00000000000000000000000000
00000000000000000000000000
00000000000000000000000000
00100000000000000000000000
00010000000000000000000000
10010000000000000000000000
11100100000000000000000000
10110000100000000000000000
11110100000000000000000000
