17 96 14
00001000100000111
10010000000000000
00000100000100101
00001011011101111
00000011001011011
00000001100000111
01101101100111111
00001011011110111
00000000000011111
00000001000101111
00000000010011111
00000000001111111
00000001000101101
00000000100011110
00000000000000110
00000000000101011
00000000000000100
11010010000000000
01100001000000000
11110000000000000
11000100000000000
00100000001000000
00010000000000000
00001010100000010
00000011100001000
00000000100000001
00011011000110001
00100110011000001
00011001110101111
00101010111111110
01100111101010110
00000111010111011
00110111001100111
00001000100111001
