17 36 13
00010000000000000
00000000000000000
00000000000000000
00000010000100000
00000000000000011
00001000010010000
00000000001010000
00100000111000000
00000000001010000
00000000001000011
01010000000001100
00000001000000100
00000000010100001
00000001000000100
00000000000100010
00000011000000001
00000001000000000
00000000000000000
00000000100000000
00000000000101000
00000000000001000
00000000000000000
00010100000000000
11111010001000000
00011100100001000
10011101001100000
10000010010000000
00000010000000111
00000000000000000
00000000010100000
00000000000000000
00000000000000000
00000000000000000
00000000000110000
