26 127 9
10111111110000000000000000
01111111011000000000000000
01111111001100000000000000
01111011110000000000000000
01011111010000000000000000
10111110110000000000000000
01011111110000000000000000
01000011101000000000000000
00010011110000000000000000
00000000011000000000000000
10000000000000000000000000
00000100000000000000000000
00000000000000000000000000
00000000000000000000000000
00000000000000000000000000
00000000000000000000000000
00000000000000000000000000
00000000100000000000000000
10000010011000000000000000
01000110011011000000000000
00010111001100000000000000
00101110111000010000000000
00000111111000000000000000
00110111111100000000000000
00011111111100000000000000
00100010110010000000000000
00000000000110000000000000
00000000000101100000000000
00000000010101000100110000
00000000001101000000100000
00000001000011010000010000
00000000001010100000000000
00000000100010110000000000
00000000011101000000000000
00000000000000000000000000
00000000000000010000000000
00000000000000000000000000
00000000000000000000000000
00000000000000000000000000
00000000000100000010110000
00000000010011001100000000
00000000000001100110110000
00000000010000011111110000
00000000010010000111111110
00000001100011101001101000
00000000010000111001100101
00100000011101000001001000
00000001110101101010010000
00000000101111101101000100
00000000001111101110001000
00000000100100010000010010
00000000000010110100010000
