17 77 12
00001000000001000
11000010000000000
01000010000000000
11000110100000000
11001101100000000
11101111000000000
11111100000000000
11100011101000000
01110000100010000
11101000001100000
11101010100000000
10100111011000010
10111000100101000
10011000000000000
00000000000000000
00001100001000000
00001000000000000
11110010010001000
10100110100000000
11110110000000000
10010010110000000
01100111000000000
11101010000001000
01010010100000000
00110010000000000
01000011101000000
11011000000000000
00000010101000000
01100101000000000
00001110110100000
00000100000010000
10001001100000000
00001000011000000
01010011100000000
