22 72 12
0011000001010100000000
1100101000000110000000
0101110000100100101001
1011011001110101110100
1000100000000101100100
1011110100000000000000
1000010000011100000000
0101000001000001100000
1010100000010010000000
1110000000010000000000
0000000000000000000100
0110000000000000000000
0000000000010000010000
0000000000010000000001
1000000000000000000000
0000000000000000000000
0000000000000000000000
0000000000000000000000
0000000000000000000000
0000000000000000000000
0000000000000000000000
0000000000000000000000
0000000000000000000000
0000000000000100000000
0000000000000000000000
0000000000000000000010
0000000000000001000000
0000000000000000000000
0000000000000000100000
0000000000000010000000
0000000000000000000000
0000000000010000001110
0000000000010000000001
0000000000000000100000
0000010011000000000000
0001000000000000000001
0010000000000010000000
0001111100110000010100
0000000010010110101100
0000100001000010110100
0010011001000110111100
0111101000000110010100
0000000001110100000000
1000110110001100001000
