16 119 10
0111111000010110
1011011110011000
1010101111111001
0111110110101011
0101111101111000
0101101111101110
0001101110110000
0000011011010000
0101011101111100
1001001111100000
0110001011100000
0001111110110110
0000010111101000
0000100001000100
0000000110000000
0000000010100000
0000000100011010
0000000000101111
0000000000111111
0000000010111111
0000000011001111
0000000100011101
0000001001010110
0000000010011010
0000011100111100
0100000101111010
0000010110001111
0000000111111111
0010111111111011
0001111110011101
0011110111111110
1010111111111110
