27 281 15
000000000000000000000000000
000000000000000000000000000
000000000000000000000000000
000000000000000000000000000
000000000000000000000000000
000000000000000000010010011
000000000000010010100011110
000000000000000000111011101
000000000000000011111110111
000000000000000101111111111
000000000000011000111111111
000000000000000111111111111
000000000000011111111111111
000000000000111111111111111
000000000000010111111111111
000000000000011111111111111
000001000000011111111111111
000000000000111111111111111
000000000001011111111111111
000000000001111111111111111
000000000011111111111111111
000000000001110111111111111
000000000001011111111111111
000000000000101111111111111
000000000000011111111111111
000000000000001111111111111
000000000000101111111111111
001110111011000100000000000
110111111111000000000000000
111111011111000000000000000
110111111001100000010000100
111111111111100000000000000
111111111100110000000010010
111111111111000000011011001
111111111110111010110110110
111111111111010011110111111
111111111110100000001111110
011111110010001001111111110
110111111001000001111111101
010111111000001000111111011
110011110100000001111111111
110010111110000001111111100
100100110000000000111111111
011000010110100110110101111
001101100000000000001010100
000010100000000001000100100
000000000000000000001100101
000000000000000000000100010
000000000000000000001000000
000000000000000000000000000
000000000000000000000000000
000000000000000000000000000
000000000000000000000000000
000000000000000000000000000
