18 100 8
000000000000000000
000000000000000000
000000000000000000
000000000000000000
000000010000000000
000000110010100000
000000000011000100
000000111110010000
000000101011110000
000101111111111100
000011111111111100
001101011111111100
000001111111110100
000001111011111100
000010111111100100
000010101110100000
000000001101110000
000010000101100000
011110100001000001
001001000000000000
001000010001010101
101000000001000010
000010010000001000
100010001010000000
001100001000001101
000000001000010001
000000000000100001
100011001000100110
000100010010100001
000111110100010100
001100110000001101
100001111000110110
000100111100000110
011000110110000100
110000110011001000
010001110010100000
