26 167 15
00000000000100010000000000
00000000000000000100000000
00000000000000000110000000
00000000001000001001011000
00000000000000000111000000
00000001000100000100000001
00000000000000000100111010
00000000000000100110110000
00000011000000001011010000
00100110001000001101101100
10001100010100110001010110
00010010000101001100011000
01001111100001010110100000
11010111100000100000000000
10111101110011000110000010
00111111011010000001000000
00111111110100000101000000
00111101110010000000000000
00111110111000000000000000
11110111111000000000000000
10011110110000010000000000
00011100001000000000000000
00100111010010000000000000
10000101010000000000000000
10000110000000000000000000
00010000000000000000000000
00000000000000000000000000
00010000000000000000000000
10000000000000000000000000
00001000000000000000000000
00001010011001000000000000
00100101000010000000000000
00110111110000000000000000
01001111010000000000000000
00011110110000000100000000
00111000100100010000000000
01100011100111010001000000
00010101110000100000000000
01100111000111000000000000
10011110001000001000000000
00100111111010000000000000
00001001111100100000000000
01001010100000000000000000
11100000010001100001100010
01000110100010000000000000
01100100001001000000000000
00101010100110010001010010
00000010011000011000000000
00101100011010000100100000
00001011100010001010011110
10110101110000000010100010
01011101110011010101101011
