26 306 6
00001011101111111110111111
00000001011111110111111111
00100000001011011111011111
00111100111011110111101111
01011011100110111011110111
00000010010111110010000110
00010011111111110001100111
00000011001100010001100010
00000001000110111011100010
00001001000101101101100110
00000001001101010000100000
00000001100111011100000000
00000000001000101111000100
00000001000101011111100001
00000000001101110111101010
00000000001101111111110000
00000000000011101110111101
00000000000011111010011100
00000000000111111011101000
00000000000111111111011000
00000000000111100111111111
00000000001111111111100011
00000000001111111111111000
00000000000011111010101110
00000000000111011101110111
00000000000010010011111011
00000000000000000000000000
00000000000000000000000000
00000000000000000000000000
00000000000000000000000000
00000000000000000000000000
00101000000000000010000000
11110000010101010000000000
01101000000000100100000000
10111000110001010011100000
11111110110101010110000000
11111111111101000100011001
11111110011010111100100000
10101010001110101001000100
01111011011011111101010000
00101100111111101111100110
11100110011111111111101010
01001101111111111110100000
11000110111111111111010100
00010111111111111111100100
00110111111111111111110000
00011111111111111010101000
00111111110111111100000000
01010111111111101101100110
00101111111110001111100010
00011111101111111111000100
00001111111001111101110100
