24 125 12
000000000000000000000000
000000000000100000000000
000000000000000000000000
000000000000000000000000
000000000000000000000000
000000000000000000000000
000000000000000000000000
000000000010000001000000
000000001001010000000000
000000000011110010000000
000000100101000000000000
000000010011111110010000
000000000101111011100000
000010000000001111110000
000100001110010100000000
000011100111110000000000
000000011111111010000000
000000011111110110000000
000101110110110101000000
010111011110111000100000
000100101111111101000000
000101111111100000000000
010000011111010100000000
000000010011010100000000
000000000000000000000000
000000100100001100000000
000000010010100001000010
000000000000111110101011
001000010111010100000000
000000100100010010011100
000000101111011010010010
000000000101111000000000
000000101101111110100010
000000001011111110110000
000010010010100100010001
000000000111111110000000
000000011001111100110000
000000001100001111100111
000000000000010000010010
000000001100010100101000
000000001001010010000100
000000000000100010000000
000000000001000010000000
000000000010010010000000
000000000000000000000100
000000000000000000000000
000000000100000000000000
000000000000000000000000
