16 119 15
1000010101111111
1110111011111111
0101110110111011
1011111111110111
1111110011110111
0101011111110101
0001100111010100
0110010001101101
0011010010101000
0001000100011011
0000010000000011
1100000000010000
0001101000000000
0110000000010100
0000100000000011
1100100000000000
0010001000000000
0000001000000000
0100101000000000
1011101010000000
0110111000000000
0111111110000000
1011111101110100
0111111011001000
0111111111100000
1101111111010000
1111111110101000
0001101110101110
0111111110010110
0001111111001000
0111001111100000
1100111000110000
