21 202 15
000000000010111111111
000000000100011111111
000000000000110111111
000000000000101111111
000000000000011111111
001101000000000011111
101101001000001111111
000111100100101001010
111111110000100000000
111110110100000100000
111111110100000000000
111111111110000000000
111111110110000000000
111111111110000000000
111111111100100000000
111111111101000000000
111111111110100000000
111111111110000000000
111111110000000000000
111111110110000000000
111111110000000000000
000000000001001101000
000000010001011000001
000000101101001011011
000100011011111101011
000001110111010101011
000011100111111110101
000100101101110110101
000100110101111111111
001001011111111110011
000001101111011110011
000011101101111011011
000000010011011111110
000001011110101111101
000010001111111111110
000000011011111110100
000000000001001111100
000000010011111010111
000000000011011110000
000000000001101101101
000000000000101110110
000000000000001010110
