29 205 12
11111111111000000000000000000
11111111111100000000000000000
11111111111010000000000000000
11111111111101000000000000000
11111111111111100000000000000
11111111111111000000000000000
11111111111110000000000000000
11111111111111000000000000000
11111111111111100000000000000
11111111111110000000000000000
11111111111110000000000000000
11111111111101000000000000000
11111111111110000000000000000
11111111111000000000000000000
01111111101100000000000000000
01111110100000000000000000000
10010110010000000000000000000
00010000000000000000000000000
00000000000000000000000000000
00000000000000000000000000000
00000000000000000000000000000
00000000000000000000000000000
00000000000000000000000000000
00000000000000000000000000000
00000000000000000000000000000
00000000000000000000000000000
00000000000000000000000000000
00000000000000000000000000000
00000000000000000000000000000
00000000000000000000000000000
00000000000000000000000000000
00000000001010110000000001000
00000000000100000000000001000
00000001111010000001000000000
00001000100000000000000010100
01000001010000110000010100101
10001011100000001000010111010
00101111000000010110000111111
10000100100110110100100111100
11010010110011111010100011111
00101110010001110110001111111
10100000110101100000001111110
01000010100011000000001100110
01000000111100010000000111101
11001000000001000000000001000
10000000111010100000000000000
11000001001000000000000000010
01010100001000000000000000000
00001001100000000000000000000
00011000110000000000000000000
01111111110100000000000000000
00111111110000000000000000000
01101111111000000000000000000
00001100110000000000000000000
01111101101000000000000000000
01011100111000000000000000000
00000000000000000000000000000
00000000000000000000000000000
