19 82 9
0000000010000000000
0001010010000010000
0100010100010000000
0011000100000000000
0111000010000000000
0011100100100000000
0110110100100000001
0101111100100010000
0011110110000001000
0101011101000000000
0010110110110000000
1011010011000000000
1100011100100000000
0011000011010100000
0001101000000000000
0010100000000000000
0001001001000000000
0000000000000000000
0000000000000000000
0101000000000000000
0000000000000000000
0000000000100000000
0000000000000000000
1100000010000000000
1110101000000100000
1001000010100000000
0110010100000000000
0110011101000000000
1011001000100000000
1111110011000000000
1111110010000000000
1000011010000100000
0110001010000000000
1111111100001100000
0111001100000100000
1101110000000000000
0001010100000000000
1110000000000000000
