20 108 11
01010000000000100000
11000001000010000001
11101010100010100011
11001011000000000111
11011001001001100000
11110100100000100000
10110010000000011000
11001111110000010010
11100110100100001100
10111100010101110100
11010001000100010000
01100000100100000000
10000000000001000001
00010100001001000011
00000000011000100000
00000000100000010000
00000010000000000110
00000000000011100000
00000000000000000000
00000000000010000000
01111111111000100100
01111111111111101000
00111111111111110000
01011111111110100000
01111111111110000000
11111111110110001000
00111101011000000000
00011101011100000000
00000111111000010000
00010011101100000000
00000000001100000000
00000000000100000000
00000000000000000000
00000000000000000000
00000000000000000000
00000000000000000000
00000000000000000000
00000000000000000000
00000000000000000000
00000000000000000000
