24 73 8
000001000000000000000100
000101101000110010000000
000001010100110000000000
000000010001000010000100
000000111101110001000000
000001100110100010010000
000111100111000010000000
000000000001100000000000
000011010000010100000000
001100010110101000000000
000010000000010000000000
000000001010000000011000
000100001000100100000000
000000000000000100000000
000000000000100001000000
000000000001000000000000
000010000000000100000000
000000000000000000000000
000000000000000100000000
000001000000000000000000
000000000000000000000000
000000000000000000000000
000000000000000000000000
000000000000000000000000
000000000000000000000000
000000000000000000000000
000000000000000000000000
000000000000000000000000
000000000000000000000000
000000000000000000000000
000000000000000000000000
000000000000000000000000
000000000000000000000000
000000000000100000000000
000000000000000000000000
000000011000000000000000
000000000000000000010110
000000000000111010011000
000000000000100111000000
000000000010100000010000
000001101001000011000010
000000000001001100001000
000000101000011100000001
000000000001101010101010
000000010010111000101100
000000011010010111011010
000000001001011001011000
000000000000100010101100
