20 104 10
00000000000000000000
00000000000000000000
00000000000000000000
00000000000000000000
00000000000000000000
00000000000000000000
00000000000000000000
00000000000000001000
00000000000000000000
00000000000010000000
00000000000001000111
00000000001010111010
00000000001100111111
00000000111111111111
00000000011111111111
00000011011111111111
00000000011111111111
00000010011111111111
00000010111111111111
00000000111111111111
00000000010000000000
00101000100000000000
11101100001110000000
01000101011000000000
01111110001000100000
11001011100100000000
00001111110100000000
11101101101100001000
00111100101111001100
00101100010001010000
00111011101010010000
11011110101000000000
00011101101000000000
00001110010100000000
00001001100000000000
00000011001000000000
00000000000000000000
00000100000110000000
00000000000000000000
00000000010000000000
