16 29 8
0010000000000000
0000000000000000
0001010000000000
0000010000000000
0100000100100101
0001000000000000
0010001000100100
0000001000000000
0001000001000000
0010000100000000
1011000000000000
0000000000010000
0000000100000100
0000101000000010
0000000000000100
0000000000000000
1000000000000000
0000000000001000
0100000101000000
0010000110000000
0000000000000000
1000000111110010
0000100000100100
0000100001100100
0000000001000000
0000000100000000
0000000000100010
0000000000010000
0000000000010000
0000000000000010
0000000000000000
0000000000000000
