23 260 13
10110111111100000100000
11011011110100001001000
10011011101000011001100
10101011111111100000110
11011111111101000001110
11111111111001110101111
11111111111001101011001
11111111110111101001111
11111111111100110001110
11111111110111100110100
01111111101111000010000
10111111110101000000000
11110111111001000000000
11111111111011110000000
11111011111010000000000
11111110110010101000000
11111111000001100000000
11101111101010000000000
00110110000001000000000
01101110100000000000000
00101000100000000000000
00010000000000000000000
00000000010000000000000
11110000000000000000000
11110100000000000000000
11111011000000000000000
11111100000000000000000
11111010000000000000000
11110100000000000000000
11111000000000000000000
11110100000000000000000
10010000000000000100000
10000000000000101000001
00000111000000000101000
00000000000100101000000
10000100100110101101111
00000100111010111100110
00100111111101101101011
00111111110111111111101
00111111111111011111011
11111111111111001111111
11111111111111111101101
10111111111111101101111
10111111111111111111111
10011111111111111111111
11011111111111101111111
