26 248 7
00000000000011111111110000
00000000000001111111111110
00000000000011111111111001
00000000000011111111111100
00000000000011111111111010
00000000000001111111111100
00000000000000111111111000
00000000000001111111110100
00000000000000000111100000
00000000000000001110010000
00000000000000001001000000
00000000000000000000010000
00000000000000000000000000
00000000000001000000000000
00000000100001000000000000
00000100101010010100000000
00000000100101000100000000
00000000101001111010100000
00100001111111111110000000
00001011001111111111100000
00000011111111111111100000
00000011111111111111011000
00000111111111111111110000
00001111111111111111110000
00010111111111111111101010
00000111111111111111010000
01111111111011111010100001
11101111111111001010010110
10111111100101111111011110
11011111111110110010010000
11111111111111101010101101
11011111111101100110011111
11111111111011100111111111
11100111110001101110111100
10111111110101101111111111
10011101110101001010111111
00100001111100001111111111
00000010000000000111111100
00000000000000010111111111
00000000000000001100101111
00000000000000001111111000
01000000000000001000110100
00000000000000010000100000
00000000000000000000001000
00000000000000000000000000
00000000000000000000000000
00000000000000000000000000
00000000000000000000000000
00000000000000000000000000
00000000000000000000000000
00000000000000000000000000
00000000000000000000000000
