17 137 12
00000000000111111
00000000011111111
00000000011111111
00000001111111111
00000101111111111
00001001111111111
00000001111111111
00000001111111111
00000000111111111
00000000111111111
00000001111111111
00000010111111111
00000000011111111
00000000011111111
00000000010011111
00000000000000011
00000000000000001
00000000000000000
00000000000000000
00000000100000000
00011000100100100
00011010000000000
01000001000100000
00111000010011100
10101100101001100
01110100111100110
11110111101111111
10010111110111111
10111011111011111
10010110111111111
10011010111111111
11001011011101111
00001101110111101
01001010011011111
