29 321 15
00010000100000000000000000000
01000010101000000000000000000
00111111000000000000000000000
01111111100000000000000000000
11111111100000000000000000000
01111111111000000000000000000
01111111110100000000000000000
01111111111000000000000000000
10111111100000100000000000000
11111111111001000010001000000
01011111100000000001001000000
00001100000000101100100000000
00011001000111101101001100010
00001001000000100111111110101
00000000000001011011111110000
00000000000011111110011101101
00001000010000011111111010001
00000000001110110111111111111
00000001000001111111111010010
00000000000011010111111111111
00000000000011111101110111111
00000000001011011011111111101
00000000010011111111111111011
00000000000110011110101111111
00000000000010011011111011011
00000000011101011011101111101
00000000000000100010010110111
00000000000010000100111111110
00000000000000101011101111111
00000000000000000001001010000
00000000000000010011111101100
00000000000000011001111110011
00000000000000110111111110100
00000000000010011111111110111
00000000000100111111111111111
00000000000001111111111111111
00000000001000101011111111110
00000000000010101111111111111
00000000000110101111111111110
00000000001010101011111110111
10000000000010001111111111111
00110010000111011111111111101
00000001000010110011101101110
00110100100000110011111100110
10001110000010000111111111100
01101110000001100100011010110
10000001000000000010101010000
10001001000000001101000101000
01101010001001000000101111100
01101001000100000100010110000
00011101000000000001011111100
01000101100000000000000111010
00001011000000100001010011111
00000100000000000000101010110
00110100100000000000011101100
00011001110001000000000111001
10000000100000000000001000010
10000100000000000000000010000
