19 124 5
0000000000010010000
0000000000111001000
0000000101011110000
0000001110101010100
0000000001111001100
0000000011111000000
0000001001011000000
0000000001010111000
0100000000000001010
0100100000000000000
0011001010000000000
0111110010000000000
0111001011000000000
1111001001101010000
1111111110100000000
1111111111110100000
1111111111000000000
1111111111010000000
1111111111100000000
0111111111111111101
0111111111111111000
1111111111111111111
0001111111111110110
0011111111111110100
1000111111110111000
0011111111111101010
0000001111101100000
0111000001100000000
0000010101000010000
0000000010000000000
0000000000101000000
0000000000000000000
0000000000000000000
0000000000000000000
0000000000000000000
0000000000000000000
0000000000000000000
0000000000000000000
