17 32 7
00000000000000000
00000000000000100
00000000000000100
00000010000000011
00000000000001000
00000000000001011
00000000000000010
00000000010011000
00000000010000010
00000000000000011
00000000000101000
00000000001010011
00000000001101000
00000000001000111
00000000000000000
00000000000000010
00000000000010000
00000000000000000
00000000000000000
00000000000000000
00000000000000000
00000000000000000
00010000000000000
00000000000000000
00000000000100000
00001000010000000
00001110010000000
00010111100000000
00001010011000000
00000010000100100
00001000110100000
00000001101000000
01000010010000000
00000010100000000
