30 254 10
000001010000001001111111111111
000000000000000111111111111111
000000000100010101111111111111
000000000000011011111111111111
000000000000011111111111111111
000000000000101110111111111111
000000000111001111111111111111
000000000001001011111111111111
000000000000000111111111111111
000000000001010111111111111111
000001000000000111111111111111
000000000000001101111111111111
000000000000101010011111111110
000000000000101011111111100111
000000000000000000001011111010
000000000000000000101101001001
000000000010000000000110110001
000000000000000011001001000100
000000000000000000101000000001
000000000000000100100000100000
000000000000000000000000010010
000000000000000000100000000000
000000000000000000000000000000
000000000000000000000000000000
000000000000000000000000000000
000000000000000000000000000000
000000000000000000000000000000
000000000000000000000000000000
000000000000000000000000000000
000000000000000000000000000000
001000100111010010000000000000
000001100100100001000000000000
110101111100000000000000000000
101110001010011001000000011000
011000011111110110000000100000
100011111011110100111101000000
101110111111110011000100000001
000111111111111011000000000010
010111111111101111010001000000
110111111101111100001001000000
111011111011111110100101000010
011111111111111011101000000000
001111111111101110000010000100
011011111110101111010000100011
101111111111110000000000000000
000110110011101000000100100000
100111110010001000110000001000
110001101000001100000000000000
000011000101000100000000000000
000001000100110000000000000000
001000000000101000000000000000
000010000110000000000000000000
000000000000000000000000000000
000010000010000100000000000000
000000000000010000000000000000
000000000000000000000000000000
000000000000000000000000000000
000000000000000000000000000000
000000000000000000000000000000
000000000000000000000000000000
