21 68 9
000000000000001100000
000000000101000001100
000000000000000100000
000000000000000011110
000000000000000001000
000000000000000001000
001000000000000000000
000000000000100100000
000000000000101111001
000000000000000110001
010010000011001000000
000001100001100001001
000000000000101010001
000100000000001110010
000000000100000011100
000100010000001101000
000001000110100100000
000000000001000001100
000000000000101000000
000000000000100100000
000000000001000100000
100000100100000000000
000011000010000000000
010101011000000010000
010000110000000000000
011110001010000001000
111011010100010000000
010001010000100110000
001000101001100000000
000010011100000000000
000010100010000000001
100000000001000000000
010000000000000010010
000000000000000100001
000000010000001000000
100000000000001000000
001001000000000000000
000001010000000000000
000000000000000010000
000000000000000000001
000000001000000000000
000000000000000000100
