19 158 11
0000010111001111100
0010010010111111111
0001001101100101011
0010000111111111111
0000001100100010110
0001101110111010100
0000000000100001110
0000001000100001011
0010000100001000011
0000000011110111000
0000010001111101000
0010001011101110000
0101000111101100100
1101100010010101010
0101001010111111110
1010010111010010001
0110101100010011000
0010001011111000010
0100011110011100000
1011100100000000000
0001111011101011000
0000101100001101000
1100111100000100000
0111010000110000000
1100001010101111010
0111111010111010100
1111111010110010000
1011100001110000000
1111111110111100011
1111101100111110000
1011011101100011000
0111110010010001000
0110111000001110000
1011111100111000111
0000101011111110000
0010000000000011000
0000001000100000010
0100000000101000000
