27 101 11
001110000000010111001010100
010011111000011011101001100
010001001101000001011100000
000001000011110001010101000
100000001000100011001000000
100010010100011000110100100
000000000001001000000000000
001001000000000100000000000
000000010000000000000000000
000100000001000000000000000
000001000000000000000000000
000000000000000001000000000
000000000000000000000000000
000000000000000000000000000
000000000001000000000000000
000000000000001000000000000
000000000000000000000000000
000001000000000100000000000
000000000010110100000000000
000000101100000000000000000
000000010110000110000000000
000000011000100010000000000
000000001010000000000000000
000000010011000110000000000
000000000000000000000000000
000000101000110000000000000
000001000000001000000000000
000100000000000000000000000
000111000000000000000000000
011100000011000000010000000
000000010000000000000000000
101000100100000000000000000
001000000100100000000001000
101000100110000010000000000
110000001100011001000000000
100000001000000000000000000
000010001011010000000000000
000000011000000000000000000
001000000000011000010000000
000000000000100001000000000
110100000000000000001000001
000000000000000001001000000
000000000000000000000000100
000001000000010000001000100
000010100000000000001000000
000000100000000000000010100
001010111000000000000011000
000011100100000000000010000
001001110010000000000000000
000101000001000000000000110
011001001000000000000010000
000010110000000000000000100
000001010000000000000101001
000000000000000000000000000
