19 140 14
0000000000000000000
0000000000000000000
0000000000000000000
0010000000000000000
1110101000000000000
1001100000000000000
1111100100000000000
1111110100000100000
1111111100000000000
1111111101001000000
1111111010000000000
1111111000001001010
1111101010000001110
1111111000000011110
1110111001000111111
1111001000011111101
0111000010111101111
1111100000101111110
1101000000011111111
0011010000000000000
0010001000100000000
1011000010000000100
0011101001000000000
0110111101100000000
0100000000000000000
1101010010010001000
0010001001000001000
1110010000001100000
0110101110010010010
0110101110111001100
0101110110101010101
1111110010100110000
0101110000011110110
1011101010010111000
0010101010000101101
0101110111100111110
0011111111001000000
1100001110100000001
