17 117 7
01010101001100101
01000000001110010
01101000011000100
00101001001000100
11011100000111110
10010111011000001
00101000110011110
00010000000011101
01010000111111111
10000011011010100
00111000100000111
00000111000001011
01010000101110111
01001000001011111
00110001010100001
01010010010001000
01010000010000000
00010000000000000
00111101000000000
01100111100000000
10111011100000000
01010101100100000
11111110011000000
01111111110000000
11101111110000000
00100101100000000
01111111000000000
10111111000000000
11111011010000000
11111110000000000
11111101010000000
11111111000000000
11111101000000000
11111111100000000
