17 71 10
00010110010110000
01011010000110001
00000001000011000
00111101010000101
11100111111000010
11101100100000001
10110000010111010
00100000001101000
00000000000111010
10101000010100000
00000000001001000
00001000010010100
01000001000010000
00000000000000000
00000000000000000
00000000000000000
00000000000000000
00000111101000100
00111111110100001
00001001111000010
00000011100000100
00000001100000000
00000000000000000
00000000000000000
00000000000000000
00000000000000000
00000110000000000
00000011001010000
00101001000000010
10111001000001000
00101001010100000
00011110011010000
01100101011001000
00101111111000000
