24 201 14
000101111111001100110011
000111001111110010101111
000001110101010110111111
011000110111110101111111
000001101001100001110111
110001110110100001111111
000011001110100101010110
001011111001100001111111
010011001001111110101010
000000111100010101101100
000000011110000011011110
000001000001010010111111
010001101011111000011111
001000100101000000001100
000000000001000000010101
000000000100000001111010
000110000110000000110000
000000000000000000110000
010001000000000000000000
001000010000000000000000
000000000000100000000000
000000100000000001000000
000000000000000000000000
000000000001000000000000
110111111100000000000000
011111111111000000000000
111111111100000000000010
011111111100000000000000
010110111010000000001000
100111111100000000010000
100000000000000000001000
001001001000000010001001
000100100000001000110000
000000000000101110000100
000000000000000011111110
000000000001010111001110
000000000001111111111110
000000000000110111111011
000000100001101011111111
000000000100011111111011
000000000101101111111111
000000010001100111111100
000000010010101111111111
000000000000010111110111
000000000000001010011110
000000000010010110100010
000000000000000111001100
000000000000000000111001
