30 138 13
000000000000100100011001001000
000000000000001101101001000000
000000000001001100110011110100
000000000000010011011100111000
000000000001010100111110000000
000000000000000111000101000000
000000000000000100001000000000
000000000001001000011100010000
000000000000000101000010000000
000000000000000000001000000000
000000000000000000000000000000
000000000000000000000000010000
000000000000000000000000000000
000000000000000000000000000000
000000000000000000000000000000
000000000000000000000001000000
000000000000000000000000000000
000000000000000000000001000000
000000000000000000000000000000
000000000000000000011010000000
000000000000001000010010010000
000000000000001000000011110000
000000000000011010101000010000
000000000010001101111001111010
000000000101010001111011100000
000000000000101010110010011010
000000000010000001101101100100
000000000000000010010110010100
000000000000100000101101111000
000000000000101000010111100100
000000000000000000000010010000
000000000000000000000000000000
000000000000000000011000100010
000010000000000000000000000000
000000000000000010011000000000
110000000000000001000000100100
100000000000000001010000100000
010000000000000000100000011000
001000000000000001001101001110
100000100000000000100010010010
001000000000000000100001000101
101000001000000000000010001001
000100000000000100000011100100
010100000000000000100010000010
000100000100001010111001000000
000000000000000000011101000000
000000000000101000000010001000
100000000001010000001000100000
000000000000010000101110001001
000000000000000010101011111000
000000000000001101111000101000
000000000000000100111011010000
000000000000000011101111000000
000000000000001101001110000000
000000000000000010010101010000
000000000000000000010110000000
000000000000000000000000001000
000000000000000010001100001000
000000000000000000010000000000
000000000000000000000100000000
