22 234 5
0000000010010010000000
0000000001010101011000
0000000000101011100000
0101000000111111110000
0000000101111111000000
0000001011111110001000
0010010010110001010100
0010100010011000100101
0000001100001011000000
0000110010111101010100
0000010010010111010011
0000000110111110111001
0000010011110001011011
0001010000111011111110
0100000000111111111111
0000010011011111111110
0010001110111111111101
0000001111111111111111
0101000111110111111110
0000001111111111111111
0001010111111111111111
0000100111011111111111
0000000000011011111100
0000000000111111111110
0000000011111111111100
0000000000111111111100
0000000000111111111100
0000000000111111111100
0000000011111111111000
0000000100011111111100
0000000000000111110000
1000100110101010101000
0000101001000010100000
0110001001101000000000
0101111111110000000000
0111111111100000000000
1111111110100101000000
1111111111111100000000
1111111111011010000000
1111111111111101000000
1111111111111000000000
1111111111110010000000
1111111111111000000000
1111111111110101000000
