21 192 13
010010001110100100000
101001111110001100010
010101110110111010100
111011111110111011110
110011111111100110000
000101111111111110000
001111100111111100101
010101111111111110110
101110110111111011000
100001111111111100110
000111111111100111100
000110111110011100100
000000011111111110010
000001001101010110100
000011101110100000000
000000000101000010000
000000011001001001000
100000000000000000000
000000000000000000000
000000000000000000000
000000000000000000100
000000000010111010000
000000010000111111010
000000000000100110000
001000100000011000000
000000100100010010000
000010000000100000000
000110010011000000000
001000100001000100000
011110011011100011000
000000111010011001010
101010010110110000100
100111111111111101111
101100111111110110111
001111111101000100111
111111100100010111010
100111111001110011111
111111111001111001011
000001101001111110100
111010111001110010111
100010101101100010000
000010001000011110000
