16 72 6
0000010000110000
0000000000100000
0000010010100000
0011010000000000
0100001111100000
0000100000010010
0001010101100000
0010111011001100
0110000110100000
1100000111010100
0110001101011000
0001110001010000
0000000110010000
0100101010011000
0000011100000000
0100100010010000
0000010000110100
1000010100001001
0100101111100100
1011101010001110
0110110101101001
1000011010001000
0011111011000000
0001011100000000
0101100011001100
0011010000010000
0000010011000000
0001000000001000
0010000101000000
0001100000000000
0000000000000000
0000000000000000
