24 272 6
000000000000000000000000
000000000000000000000000
000000000000000000000000
000000000000000000000000
000000000000000000000000
000000000100000000000000
000000000000000000100000
000000000000001000000000
000100011010011110000000
000000011011100111000000
010001010111111001100100
100001111101111111000001
100101110111111111010100
001001111111111111101000
001011111111111111101110
010001111111111111111001
001111111111111111111011
010111111111111111111010
001111111111111111111000
000110111111111111111110
010111111111111111111100
011111111111111111110111
000001111111111111111101
001011111111111111110110
000001001111111111111111
000000011111111111111111
000000001111111111111111
000000001111111111111111
000000001111111111111111
000000000111111111111111
000000001111111111111111
000000001111111111111111
000000000011111111111111
000000000001111111111111
000000000001011111111111
000000000000101111111111
000000000000001111111111
000000000000001111111111
000000000000001111111111
000000000000001111111111
000000000000000111111111
000000000000000111111111
000000000000000011111111
000000000000000011111111
000000000000000010111111
000000000000000011111111
000000000000000000100110
000000000000000000000001
