18 119 9
111111011100010110
111111111110000000
111111110101011110
111111110101101000
111111111110010100
111111110011001001
011111110000000001
111110111011000000
001111100000100001
001000000000000000
000000000000000100
110000000010000011
000100000000000001
000000000000000010
000000000000000001
000000000000010110
000000000010000101
000000000000011010
000000010000000000
000000001000000000
000000001000000000
000000000000111000
000001010110001000
000000001000100101
000000100110101011
000010100001110110
000000101110011000
010010011111111010
001100111111111100
011011011010000110
010001110010111110
000110010111111100
001110010101111110
010100010001001101
101000011100101111
001000001000101000
