27 275 11
010011010100100100110000000
101011001010110011000010000
011000111100100011001100100
011011110101011000001000010
100000101101111000100001100
010110000000001000010111010
010001100000000001011000000
010000101100000000010000000
000001000000100000000000000
000000100000000000000000000
000000000000000000000000000
000000000000000000000100000
000000000100010100100000000
000000000000000000000101000
000000000000101000011010100
000000000010011111010010010
000000000000101110011111101
000000010001111111111111111
000000000001011111111111111
000000000001111111111111111
000000000101111111111111111
000000000101111111111111111
000000000011111111111111111
000000001011111111111111111
000000000011111111111111111
000000000011011111111111111
000000000001011111111111011
011111101010010001111101111
111111111000001111111111111
111111111110101011111111110
111111111000011001111111111
111101111110111111111111111
111110111001101110111111111
111110110001000000111110111
111111101000000011011111111
011100001000100001111011111
000100010010000001111011111
000100000000000010101011111
000000000000000000011110110
000010100000000000001101101
000000000000000001011010101
000000000000000001011111111
000000000000000001000011110
000000000000000000001111110
000000000000000000100111111
000000000000000000111011111
000000000000000000001011110
000000000000000000110011110
000000000000000000010110101
000000000000000000000110000
000000000000000000000001000
000000000000000000000100010
000000000000000000000000000
000000000000000000000000000
