17 52 13
00000000000011010
00010001000001101
00000001000100011
00011100000000000
00001000000000000
00000101100000110
00010110100000000
00000000100000100
01010110000010000
00000000000000000
00100001001000000
00000010001000000
00000000000010000
00000100101101010
00000000100111000
00001000000000000
00000000110100000
10001000010000000
00000000000100000
00000001010000000
00000100101111000
00000000000100000
00000001101010010
00000000100011100
00010100110001000
00000000000010000
00000000001010100
00000010000000100
00000001010100100
10000100101000000
00000111110100100
00000101000000000
00001000001000000
00000000000000000
