17 122 8
00010000111111100
00000000101111010
00010100010110010
00011111000110110
10000111111100111
00100110100010010
01101001000110100
00001000110010000
00111000110000000
01111011111110000
11010100000100000
10111110000110100
00110111110000000
11110101100000000
10110111000000000
11011111100100000
01101110010000000
00011001011110000
00010100001001100
00001101010111111
00000001110110011
10011111011011000
11101101111111011
00000101101110111
00100000111111001
00110000111011111
00010000110001111
00000000110011111
00010000100111010
00000100110100111
00000001001010010
00000000010100011
00000011000000110
00000010000010010
