24 172 14
000000000001000000000000
000000000000001000000000
000000000000000000010000
010000000000000100001000
000000000000000000000000
000000000000110101110000
111000000001000000110000
001001001000001010100010
000000000000010101100000
010010001000010011100000
100001000101101001001000
111010111110110011100000
101101110101001011000000
011111111011100001000000
110011110101110000100000
111111011110100010000000
110111111111100000000000
011011111110110100000000
101111111001101000000000
111010111100001000000000
011010101001100000000000
111110000010010000010000
010100001001000100000000
011000010000100000000000
000000000000000000000000
000000000000000000000000
000000000000000000000000
000001000000000000100000
000101000000000000010000
101000000000000000100000
100100100000000000010000
111111000000000000100000
111100000000000000001100
111101100000000000001000
111111001100001000001101
111000101000001000000001
111111101010000000000101
111111100010010000100000
111001101010100000000000
111101011001000000010010
111111111101000000000100
111101111100000000000000
011101111101010000000000
101100111111110000000000
111110111110100000000000
101011111110101010000000
001111110110000000000000
111111101100000000000000
