25 163 8
0000000000000001001011111
0000000000000000000111111
0000000000000010111111111
0000000000000010111111111
0000000000000000111111111
0000000000000001111111111
0000000000000011111111111
0000000000000011111111111
0000000000000011111111111
0000000000000011111111111
0000000000000010111111111
0000000000000111111111111
0000000000000001011111111
0000000000000100111111111
0000000000000000001111111
0000000000000000000111111
0000000000000000000011111
0000000000000000000100101
0000000000000000001010010
0000000000000000000001000
0000000000000000000000000
0000000000000000000000000
0000000000000000001000000
0000000000000000000000000
0000000000000000000000000
0001101111000000000000000
0000111011100100000000000
0001111111100000000000000
0000011111010000000000000
0000000111000000000000000
0000001001010000000000000
0000000001000000000000000
0001000000000000000000000
0000000110100000000000000
0000000000110000000000000
0000000010110000000000000
0000001110111100100000000
0100000111010110000000000
0000001111111100000000000
0000010011111000000000000
0110110011100000000000000
0010110110101000000001000
1111111001000000000000000
0111110000000000000000000
1011010000000100101100010
1111111000000001011100000
1111000000000001100110001
1111110101000100001101000
1111100001000001001001100
1111111110000000100101000
