20 160 7
01000111111111101101
00111110111111100100
00100101111111101011
00111111101111111111
01111101011111011111
10111111111111101111
11111111111110100110
10111101100101111111
10011011001000100001
11010100000101111111
11110010000000000001
00101100001000101000
01000000000000000001
10000000000000000100
00000000000000001000
00000000000000001000
00000000000000000000
00000000000000000000
00000000000000000000
00000000000000000000
00000000010001001110
00000000100011000111
00000001000111111111
00000010001010101111
00010000001001111011
00000010110101111011
00000000011011111111
00000001001101111110
00000001001111111111
00010100011010100111
00001000001011100101
00000000011101111011
00000100111100111011
00000001000111110100
00000000100110110011
10010100000111011000
01111000011110001000
10010100000000110000
00000100010010001010
10000011000000101110
