19 133 5
0100111111001111001
0000111111111011100
0010011111101100001
0101110111101111100
1110011111110110100
0011111001101110010
0001111011111101111
1100100101011100000
0001011110110110000
0000110111101000000
0000001101110011000
0000001101100001000
1000001110000000000
0000010001000100000
0000001110000000000
0000010000100000000
0000000000000000000
0000000000000000000
0000000000000000000
0100100100111100000
0000001011110111110
1100100000011101010
1011010000011101011
0001010111000101101
0011010011000011101
1010000000011011011
0000001110001100100
0110011000000100100
0000101011111101110
0010000010000000100
0010100000010000010
1010110110100010010
0011101010101000000
1000100000111000000
0000101011001000000
0001111110000000000
0000000100100000000
0100111010010000110
