24 215 10
001000011111110101101000
101101111011101011101001
000011111011111111110111
001011010111111111110000
000101111111111111001100
000001111111111111000100
010101111111111110110100
000111111111111101010100
000111111111111110101000
000011111111101111001000
000001010111011110000100
000110100110101011100000
001101101011111100001000
100011101011111100001000
100100010100101000101000
000010001000000000001000
000000000000000010000000
000000000000101000000000
000000000000000000000000
000000100000110000000000
000000000000000000000000
000000000000000000000000
000000000000000000000000
000000000000000000000000
001111111000000000000000
011111101001000000000000
110111111000000000000000
111111111110000000000000
111111111100000000000000
111111111111100000000000
111111111110000000000000
111111111110110100000000
111111111110100000000000
111111111111000000000000
111111111110010000000000
111111111111101000000000
111111111111100000000000
111111111111000000000000
111111111101010000000000
111111111111000000000000
111111101111000000000000
111101111100100000000000
011011001010000000000000
010001000010000000000000
000100000100000000000000
000001000000000000000000
000100000000000000000000
000000000000000000000000
