27 313 8
000000000001111111111111111
000000000001111111111111111
000000000011111111111111111
000000000111111111111111111
000000000111111111111111111
000000000111111111111111111
000000001111111111111111111
000000000111111111111111111
000000001011111111111111111
000000000011111111111111111
000000000111111111111111111
000000000111111111111111111
000000000011111111111111111
000000000001111111111111111
000000000000111111111111111
000000000000111111111111111
000000000000011111111111111
000000000000001111111111111
000000000000000001011111101
000000000000000000100110000
000000000000000000000000100
000000000000000000000000000
000000000000000000000000000
000000000000000000000000000
000000000000000000000000000
000000000000000000000000000
000000000000000000000000000
110000100000000010111100010
010010000000000000110001011
111001000000000001000111101
110011000000000000010011101
000111000010100000011111111
010001100100000010011101111
000000111101010001011101111
000110111110110000010011111
010011011010000100101111111
000011111111101000100011111
000010111111111100011111101
010111111111110010000001101
001111111101101000101010110
011111111101011100000001101
111110111111100100000000000
111111111111100000000000000
011111111111000000000000000
011111111111010000000000000
101011110110100000000000000
111111101100110000000000000
111111110110000000000000000
111111010000010000000000000
111010011110000000000000000
101111110110000000000000000
001111111100000000000000000
111011110010000000000000000
101111100010000000000000000
