30 174 14
001100000010001011111010000000
001110000001010111100110010000
011111110110111111111100100010
111111111001111101101110101000
111111110100011011111111001100
111111111100001010011100000000
111111100100000101111110100000
111111111101100011101011100000
111111101000000100011000010000
011111100000100010101000000000
011101000000000100010100000000
101001110000000000000000000000
100101000000000000001000100000
000000000000000000000000000000
000000000000000000000000000000
000000000000000000000000000000
000000000000000000000000000000
000000000000000000000000000000
000000000000000000000000000000
000000000000000000000000000000
000000000000000000000000000000
000000000000000000000000000000
000000000000000000000000000000
000000000000000000000000000000
000000000000000000000000000000
000000000000000000000000000000
000000000000000000000000000000
000000000000000000000000000000
000000000000000000000000000000
000000000000000000000000000000
000000000000000000000000100000
000000000000000000000000001100
000000000000000000010001000000
000000000000000000001100001010
000000000000000000000010100000
000000000000000010100001101010
000000000000000000011101100100
000000000000000011001110110000
000000000000000000011110101100
000000000000001000000001011010
000000010001000101000111111110
000110000100000000101101111010
011001000000000011110001110110
100111000000010000111111011110
010110101000000000001001011000
101010111000000100101000011001
111111111010000000001011001010
111111111100000000000110110010
001111111100000000000001001000
100111111000000000000000000001
001011110100000010000000000000
000010000000000000000000000000
100010100000000000001000000000
000000000000000000000000010000
000000000000000000000000000000
000000000000000000000000000000
000000000000000000000000000000
000000000000000000000000000000
000000000000000000000000000000
000000000000000000000000000000
