16 35 8
0000000010100000
0000101000000000
0000010101010000
0000001010010000
0001010101000000
0001000100000000
0010000000000000
0001000000000000
0101000000000000
0000000000100000
0000010000010100
0000100110000100
0000000000000000
0000010000000000
0000000000000000
0000000010111100
0000100001000011
0000010000000010
0000001000000001
0000010000100000
0000000000110000
0000000011010000
0000000000100100
0000000100010000
0000000100000000
0000000011010000
1010000100100000
0001110010000001
0000000000000001
0000000000000001
0000000000001000
0000000000000000
