21 192 12
000000000000000000110
000000000000001101000
000000000000011111111
000000000000010111111
000000000000001111111
000000000000001111111
000000000000001111111
000000000000111111111
000000000000001111111
000000000001011111111
000000000100111111110
000000000001111111111
000000000111111111111
000000000011111111111
000000000011111111111
000000011111111111111
000000001101111111111
000000011011111111111
000000000010111111111
000000001111111111111
000000000101111111111
010100011010000011110
011110101000111111111
011011111000100111111
001111111110001111110
011111111100101011101
011111110111011001001
011111111110100011110
100111111111110000001
011111111110010000000
010111111110100001000
001001100100100001000
011100010100000000000
100000100000000000000
011010011000000000000
011111100000000000000
111111101000000000000
011111011100000000000
111111110100000000000
011100100100000000000
001111000000000000000
000011000000000000000
