19 54 9
0001100100100000000
0000000000000000000
0101001000000000000
1000010001000000000
1111010000000000000
0000000000000010000
0000000000000001100
0001000010001000100
0100000000000010101
0000000000000000100
0000000001000001101
0000000000000000101
0001100010000000111
0000100010000100001
0000010000000000000
1100001100100000000
0000000000000000001
0000101000000000010
0000000000000000010
0010000000000000000
0101000000000000000
0110100010000000000
1001110100000000000
1111110010000000000
1111101100000000000
1111101000100000000
1111110000000000000
0011110101000000000
0100100000000000000
1100000000000000000
0000110000000000000
0000100000000000000
0001100000000000000
0000000000000000000
0000000000000000000
0000000000000000000
0000000000000000000
0000000000000000000
