22 133 6
1011000000000000100000
1000001010100001000000
0101000000000000000000
0001010101000000010000
0111100001100010000000
0100100110111000000000
1011110001001000100100
0010010110011111001000
1101110111000000100000
1111100100000011010000
1010110001111111000000
0001100110001010110000
1011001110001000100000
0111111110110000000000
1000110101100000100000
0000000000000000000000
0011110101000100000000
0000100001000001000000
1000110010100000000000
0100010011000000000000
0000010000000001000000
0000001000000000000000
0000000000000000000000
0000000000000000000000
0000000000000000000000
0000000000000000000000
0000000000001000000100
0000000000000010100100
0000000000000100110000
0000000000001100000001
0000000000000011101100
0000000010101101111110
0000000000000011001111
0000000000001111111111
0000000000101101101111
0000000000000110111111
0000000000011111111111
0000000001101101111111
0000000010100111101111
0000000101011111111111
0000000001100111111111
0000000000000111111011
0000000000001010001110
0000000000000010010111
