28 171 5
0000000000000000000000000000
0000000000000000000000000000
0000000000000000000000000000
0000000000000000000000010000
0000000000000000000000000000
0000000000000000000000000000
0000000000000000000000000101
0000000000000000000000011011
0000000000000000000001000100
0000000000000000000000000100
0000000000000000000000001111
0000000000000000000011011111
0000000000000000000000011111
0000000000000000000000111111
0000001000000000000011011111
0000000000000000000110111111
0000010110000000000010011111
0000000000000000000101111111
0000010001000000000001111111
0000101010010100000011110111
0110000110000000001110111111
0010000000100010100111110111
0000010110000000000011111100
0000000100000000111111111111
0000001000001000001111111100
0000000000000000111110011110
0000000000000000001111111101
0000000000000000011111111011
0000000000000000000001011011
0000000000000000000000000000
0000000000000000000010000010
0000000000000000000000001010
0000000000000000000001101100
0000000000000010000000001000
0000000000000000001011011111
0000100000000010000100001100
0000000000000000011001010011
1000000000100001001111111111
1000000000000000010010111010
0011101000000000000010110011
1011100000000001100100101101
1000111100000100010010001101
0011100010000001001011100011
0111011000100000010010101101
1101010101000000001010000110
1100011010000000000100110111
1101111111000000000000101110
0010000100000000000110010000
0011100100000000000000100000
0011001001000000000010010000
0011100000000000000000000000
0001000001000000000010100000
0001011000000000000000000000
0000100000000000000000000000
0000000001000000000000000000
0010000000000000000000000000
