25 141 5
0000000000000000000000000
0000000000000000000000000
0000000000000000000000000
0000000000000000000000000
0000000000000000000000000
0010000000000000000000000
0000000010000000000000000
0100000100000000000000000
0101111101001010000000000
0111011111110000000000000
1011111111110000000000000
0111111111100100000000000
1111111111101100000000000
0111111111110000000000000
0111111111110000000000000
1111111111111000000000000
1111111111111000000000000
0111111111111000000000000
1011111110101000000000000
0011101011000000000000000
0101010110000000000000000
0000101000000000000000000
0000000000000000000000000
0000000000000000000000000
0000000000000000000000000
1111111110000000000000000
1111111100100000000000000
1111111111000000000000000
1111111100000000000000000
1111111110000000000000000
1111111100000000000000000
1101000100001010000000000
0000100010000100000000000
0100001100001110011000000
0100000000110111100000000
0000000000001111110000000
0000000000111111111000000
0000000000101111111010000
0000000010011111111110000
0000000001111111111100000
0000000000010111111000000
0000000000101011110000000
0000000000100001000100000
0000000000000011000000000
0000000000000000000000000
0000000000000000000000000
0000000000000000000000000
0000000000000000000000000
0000000000000000000000000
0000000000000000000000000
