29 145 10
00000000000000001110100100101
00000000000000000000111011110
00000000000000000010111111011
00000000000000001011110011110
00000000000000001001111111110
00000000000000100000111001110
00000000000000000010101111111
00000000000000000011100111111
00000000000000001000110111111
00000000000001000110111111111
00000000000000001001111111111
00000000000000010111111111101
00000000000000000100011111101
00000000000100000011001011111
00000000000000000001011010001
00000000000000000000011011000
00000000000000101000000010100
00000000000000001000000100000
00000000000000000000000000000
00000000000000000000000100000
00000000000000000001000000000
00000000000000000000000000000
00000000000000000000000000000
00000000000000000000000000000
00000000000000000000000000000
00000000000000000000000000000
00000000000000000000000000000
00000000000000000000000000000
00000000000000000000000000000
00000000000000000000000000000
00000000000000000000000000000
00000000000000000000000000000
00000000000000000000000000000
00000000000000000000000000000
00000000000000000000000000000
00000000000000000000000000000
00000000000000000000000000000
00000000000110000000000000000
00000010010100000000000000000
00000000111111010000000000000
00000000010111100000000000000
00000000111100000000000000000
00000000101111000000000000000
00000000101111001000000000000
00000000101100001000000000000
00000010000100000000000000000
00000000001100000000001000000
00000000000001000010000000000
00000000001010000010000000000
00000000100010000001000000000
00000001100110111000001000000
00000000011101010111101000000
00001001001100110110000000100
01000111001111111111000000000
00000110101011111011111000000
01001010001110011111000000000
00101101110111111111110000000
00000111110111110101000100000
