29 327 15
00000000000000000001010101001
00000000000000000000000101100
00010110000000000001000010011
00100000000100010111101011111
01101111010110000011111111101
11110010110010000000101111001
11111111000110100010101110100
01111111101100100001011011110
11101111010000100100100001110
11110101110001000001111111110
00111110111100000000110111000
11110111110011110001011110100
11101110110010000001000000010
01011111100000000000000000100
01111111100100000000001000000
10110111110000000000001000000
00100001101000100000100000000
00011110110100000000000000000
01011011100000000000000000000
01100111110010011000000000000
11000110010101011110101000000
01001101010000011111010000000
01001111100101011111101000000
10111111111011010111001000000
10111111011010010010101000000
11110100101010001110000000000
00000111110110000100000000000
10001101100110000000000000000
00000101100000000000000000000
00000000000000000011000000000
00000000000000001100101010000
00000000000001111111111111110
00000000000000111111111111111
00000000000000111111111111111
00000000000011111111111111111
00000000001011111111111111111
00000000000111111111111111111
00000000000111111111111111111
00000000001111111111111111111
00000000001111111111111111111
00000000001111111111111111111
00000000000011111111111111111
00000000001111111111111111111
00000000000011111111111111111
00000000000111111111111111111
00000000000011111111111111111
00000000000001111111111111111
00000000000000111111111111111
00000000000000001111111111110
00000000000000001111111111000
00000000000000000011101110000
00000000000000000000000000000
00000000000000000000000000000
00000000000000000000000000000
00000000000000000000000000000
00000000000000000000000000000
00000000000000000000000000000
00000000000000000000000000000
