18 131 5
000100000001000000
000000100100000000
001010100000000000
001000000100000000
101111001101000000
101011111111010000
001101101100000000
001111011010100001
110111001111010010
110111110101101000
000100011001100100
000001011101110000
000111111110110000
010001001011011101
011010111110110101
011000011101001100
010101100010010001
000101100000001111
000011011011010110
000010101011101000
000100111010100100
001000001111101111
001001101100000000
000100001101110111
011000110001111010
000010110100001101
000100111110000101
001001011000101100
000001001111100100
001100000110100001
000000110100100000
010000011011001001
111000101010111100
011010011100111100
010100000111010000
001100000000100000
