24 152 13
000000001101111111010010
000010011011111111101100
000001111001111111101110
000010000101111111111101
000000011011111111101111
000000000111011111111010
000011101011111111111110
000001010110111111111000
000000100010111110011100
000000010111111010011110
000000000000110110110000
000000000000001010000010
000000000000101001001010
000000000000010100100000
000000000000000000100000
000000000000001000000000
000000000000000000000000
000000000000000000000000
000000000000000000000000
000000000000000000000000
000000000000000000000000
000000000000000000000000
000000000000000000000000
000000000000000000000000
111111110000010000000000
111111111110001000000000
111110110010110000000000
111110010100000000000000
111111101100010000000000
111111011010000000000000
111110110100000000000000
110111100000000000000000
111111100000000000000000
011111100100000000000000
111111010000000000000000
111101110000000000000000
111110001000000000000000
111111000000000000000000
111100100000000000000000
111111100100000000000000
111111000000000000000000
110111100000000000000000
101011100000000000000000
111000000000000000000000
111111000000000000000000
100010000000000000000000
000000000000000000000000
000000000000000000000000
