25 234 10
0000000101100000001100000
0001010000010000000111110
0001000000000001011110010
0110100000011000001101010
1100010110100100111101011
0100000100010010011001101
0000100100001100011111011
1001100110000110010111111
1011010101000100001100011
0100110010001000001011111
0100011001001000010000010
0101100000000010111011000
0010001000000101010101100
1010000000010010110101100
0000000000000011011111010
0001000000001001101111000
0000001000000110001011001
0000000000111010111110000
0000000000101100011111110
0000000000100011011111111
0000000000001111111110110
0000000100000100011111111
0000000000100101111111111
0000000000001001110101010
0000000001100110101101100
0000000000000000000000000
0000000000000000000000000
0000000000000000000000010
0000000000000000000001011
0000000000000000000001111
0000001000000000000010111
0000100000000000000001111
0001000000000000000011111
0000000010000000000011111
0000011010000000001111011
0001010110000000000000101
0101101110000000000011100
0111111111110010000001111
1111111111110000000101111
1111111111111100000110111
1111111111011000000011111
1111111111101100000111011
1111111111000010010011111
1111111111110000100001011
1111111111110000000011011
0111111110000010001001110
1111110110100000000100100
1101111111000000000100000
0110010101000000000010000
0010110000100000000000000
