22 101 11
0000000000000010001001
0000000000000000010010
0000000000000011010010
0000000000011010010110
0000000000001000010010
0000000000010000011011
0000000000000110011101
0000000000000111111010
0000000000000011111001
0000000000001010100101
0000000000000011110111
0000000100000010101100
0000000000000001111111
0000000000001011101001
0000000000000000010101
0000000000000010001010
0000000000000001010111
0000000000000001011011
0000000000000010011011
0000000000000010101000
0000000000010000000110
0000000000000000100001
0000000000000000000000
0000000000000000000000
0000000000000000000000
0000000000000000000000
0000000000000000000000
0000000000000010000000
0000000000100110000000
0000000011101101000000
0000000001011111000000
0000000001111111110000
0000000011111111100000
0000000001111110010100
0000000001111111000000
0000000001111111100000
0000000001000111100001
0000000010001010000100
0000000000000000001010
0000000000001000101110
0000000000010001100101
0000000000100101011011
0000000000001101110111
0000000000010101001111
