28 279 14
0111111111111111111111111100
0101111111111111111111111111
1101111111111111111111111101
0111111111111111111111111100
0111111111111111111111111110
0110111111111111111111111110
0010011111111111111111111111
0001011111111111111111111110
0001000111111111111100111100
0000011111111111111110100010
0010100111111111111011100000
0000001101110111110010000000
0000100000111011110010000000
0000000000000111000000000000
0000000000000001010000000000
0000000000000000010000000000
0000000000000000000000000000
0000000000000000000000000000
0000000000000000000000000000
0000000000000000000000000000
0000000000000000000000000000
0000000000000000000000000000
0000000000000000000000000000
0000000000000000000000000000
0000000000000000000000000000
0000000000000000000000000000
0000000000000000000000000000
0000000000000000000000000000
0000000000000000000000000000
0000000010000000000000000000
0000000001000000000000000000
0000010000000000000000000000
0011011101010100000000000000
0000011111101100000000000000
0101011111111110000000000000
1111111111111011000000000000
1111111111111111001000000000
1111111111111111000000000000
1111111111111111100000000000
1111111111111111010000000000
1111111111111111000000000000
1111111111111111000000000000
1111111111111111100000000000
1111111111111100000000000000
1111111111111110000000000000
1111111111110101000000000000
1111111111011010000000000000
1111111111101000000000000000
1111111010100000000000000000
1111111101001000000000000000
1111101011000000000000000000
1111111001000000000000000000
1111111100000000000000000000
0101001000000000000000000000
1001000000000000000000000000
0010000000000000000000000000
