30 201 7
000000000000000000000000111111
000000000000000000000000011111
000000000000000000000001111111
000000000000000000000000111111
000000000000000000000001010111
000000000000000000000000111111
000000000000000000000000001110
000000000000000000000000000001
000000000000000000000000000000
000000000000000000000000000000
000000000000000000000000000000
000000000000000000000000000000
000000000000000000000000000000
000000000000000000000000000000
000000000000000000000000000000
000000000000000000000000000000
000000010000000000000000000000
000000000000000000000000000000
000010000000000000000000000000
100000000000010000000000000000
111100100000010000000000000000
011111000000000000000100000000
111101001000010000001100000000
111111010000000000110011000000
111101110100100100111010000000
110111100001111111111111000000
111111010001001111111111100000
111111111011111111111111110100
111111100111011111111111110100
111111011111111111111111100000
000000000000000000000000000000
000000000000000000000000000000
000000000000000000000000000000
000000000000000000000000000000
000000000000000000000000000000
000000000000000000000000000000
000000000000000000000000000000
000000000000000000000000000000
000000000100000000000000000000
001001010010100000000000000000
101111111000001000000000000000
110011101110010000000000000000
001001111110100101000000000000
110101111110000110000000000000
001010111110011110000000000000
011111111111001000000000000000
101111111110000100000000000000
111111111100001100000000000000
111111111111010110000000000000
111111111110000110000000000000
111111111111001000000000000000
011111111111100110000000000000
110101111011010001010000000000
011111111101000010000000000000
111100101111010010000000000000
111110010100000001000000000000
100000110001000000000000000000
001001100010000000000000000000
001001000000001000000000000000
001000000000001000000000000000
