19 172 7
0001000101100000000
0000011010101110000
0000011111101000001
0001111111101100000
1001011111111101001
0110011111111010100
1011111111111101010
0111111111111101000
0001011111111111000
0011111111100100000
0001111111011011100
0111111100111110010
0011111111110001000
0101111101100000000
1011110000001100000
1010010110100000000
0000111010001100000
0000010101000000000
1000000000000000000
0000000000000000000
0000000000000000000
0000000000000000000
0000000000010000000
0000000000011000010
0000001110010010000
0000000011111000001
0000001000111001011
0000000101111100101
0011000111111111101
0001011111111111110
0100011111111111111
0100111111111111111
0110100111111110101
0000101111111111110
0110111111111111111
0010101111111111011
0000101111111111111
0000110111111111110
