25 237 5
0000001111111111111111111
0001011111111111111111111
0000000111111111111111111
0001100111111111111111111
0000001111111111111111111
0001010011111111111111111
0000001011111111111111111
0000010111111111111111111
0000010000111111111111111
0000001111111111111111111
0000000111001111111111111
0000000010000111110111010
0000000001100011111111110
0000000000100100001100000
0000000000000000000111000
0000000000000000011000000
0000000000100000100000000
0000000000000000000000000
0000000000000000000000000
0000000000000000000000000
0000000000000000000000000
0000000000000000000000000
0000000000000000000000000
0000000000000000000000000
0000000000000000000000000
0011010100001100000000000
0101111111010110000000000
0100111111000001000000000
0010111111111110100000000
0100011011111011100000000
0111111011111101111000000
0011011111111110010100000
0101111011010111110010010
0011000111111110110110000
0101110111111111111111000
0101011101011010100010000
1010011110010110101111100
0001001111010011011110100
0000101011011111111011010
0001011010110111111000010
0000000101010110100001000
0000001011110011011101100
0000000001011101010100100
1001000000000001111100100
0000000000000001000101000
0000000001000110000001000
0000000000000000000000001
0000000000000000000000000
0000000000000000000000000
0000000000000000000000000
