29 369 15
00000000000000000000000000000
00000000000000000000000000000
00000000000000000000000010000
00000000000000000000001001000
00000000000000000000110111111
00000000000000000111111111111
00000000000000010111111111111
00000000000000001111111111111
00000000000000011111111111111
00000000000000011111111111111
00000000000001111111111111111
00000000000000111111111111111
00000000000000111111111111111
00000000000010111111111111111
00000000000011111111111111111
00000000000111111111111111111
00000000000001111111111111111
00000000000001111111111111111
00000000000001111111111111111
00000000000011111111111111111
00000000000001111111111111111
00000000000011111111111111111
00000000000010111111111111111
00000000000000111111111111111
00000000000001011111111111111
00000000000001001111111111111
00000000000000001111111111111
00000000000000000111111111111
00000000000000000111111111111
10110010000010100000000000000
11101010011010100000000000000
10110011010001100000000000000
10101001100011010010000100000
11111111110100011100101110000
11111111110110011100101000000
01101111111001101100101100000
11101101111111111111100111000
10111111111111010011000001000
11111111111110111110011010000
11011111111011111110001010000
11111111111111111111010000000
01010111111111111001001010000
01011111111111111111000000000
11110011111111101100000010000
00000111111111111010010000000
00100001111111110111100000000
00000011011111101110000100000
00000000110111101100110000000
00000001110110010000000000000
00000001011111010000000000000
00000000010101111100000000000
00000001010110101110000000000
00000000111111111001000000000
00000000101111111101000000000
00000000011101111100000000000
00000001111111111110100000000
00000001011111100100000000000
00000000110010101101000000000
