18 51 10
000000101101100000
000000000011100101
000000000100000010
000000000011001011
000000000011111011
000000001100101001
000000010101011001
100000000000011010
000000000011101010
000000000010100000
000000000001000000
000000010000110000
000000000000000000
000000000000000000
000000000000000000
000000000000000000
000000000000001000
000000000000000000
000000000000000000
010000100000000000
011010000001000000
001000000000000000
000010001000000100
110001000000000100
000001101000000000
000101010000000000
000101011010000000
100101000100000000
000101101000000000
001110100000000000
110001001000000000
010010000000000000
001101000000000000
100100100000000000
000001000000000000
100000000000000000
