23 216 12
00000000000000000000000
00000000000000000000000
00000000000000000000000
00000000000000000000000
00001000000000000000000
11010001000000000000000
11111111100000000000000
11111111100000000000000
11111111110000000000000
11111111101000000000000
11111111111110000000000
11111111111100000000000
11111111111100000000000
11111111111110000000000
11111111111110000000000
11111111111111000000000
11111111111111000000000
11111111111111000000000
11111111111111000000000
11111111111111000000000
11111111111111100000000
11111111111110000000000
11111111111100000000000
01000000000001000000000
01001010010000000000000
00010011001101000100011
00011011010001000000000
01110100111000010011000
11111111011100000010111
01111111110000000110100
01101111100000100110101
01111011111100001111101
00011011111010000011101
11011110001111101111110
01110111010101100111111
01001101010001011011111
01010000110001011101111
00010011000000101111001
00000110000000111111111
00000010100001001011111
00000000000000011111101
01000000010000000111101
00000000000000000111110
00000000000000000010111
00000100000010011110000
00000000000000001000100
