22 142 12
0000001001100000000000
0000000000000000000010
0000001011101010000000
0000000001110101100000
0000000010001000001000
0000001001110110100000
0000000100111010101000
0001000111110010010000
0000001001111010010000
0010000000111101111000
0000001100010110000100
0000110111001010000010
0000000101001100101000
0000001001011100110000
0001111110111101001001
0000000101110101011010
0000000000111101110100
0000000000111111101000
0000000101111100010000
0000000001101010000000
0000000000111100011000
0000000001011000000000
0000000000000000000000
0000000000000000000000
0000000000000000000000
0000000000000000000000
0000000000000000000000
0000000000000000000000
0000000000000000000000
0000000000000000000000
0011011110000000000000
1010101100010000000000
0110111110000000000000
1101111111100000000000
1111111111110010000000
1111111111111100000000
1111111110110001000000
1111111111011001100000
1111111111100010000000
1111111111010000000000
1101111111010000000000
1011111110101000000000
0111111111100000000000
0111111000001000000000
