26 72 11
00000000000000000000000000
00000000000000000000000000
00000000000000000000000000
00000000000000000000000000
00000000000000000000000000
00000000000000000000000000
00000000000000000000000000
10010000100000000000000000
00000100000000000000000000
00110100010000000000000000
00011011010000000000000000
01011001000000001000000000
10101100010000000000000000
10010000100000000000000000
11110011000000000000000000
00111111010000000000000000
00011001001000000000000000
00010110000000000000000000
01101011000000000000000000
10011000000100000000000000
00000011000000000000000000
00101011010000000000000000
00010111000000000000000000
00101100000000000000000000
00010000000000000000000000
00100010000000000000000000
00000000000000000000000000
00000000000000000000000000
00000000000000000000000000
00000100000000000000000000
10100000000000000000000000
00011000010000000000000000
00010000000000000000000000
01010100001000000000000000
00100001101000000000000000
00110000000100000000000010
00001111000111010000000000
00000101000010100000000000
00110011001000000000000000
00001110110010000000000000
00001000000001001010000000
01000000000000000000000000
00101110000010000000000000
00110000000010100001100000
00000000000000000100100000
00001000000000010000000000
00000000010011000000100000
01000000000010100000000000
00000000000000100110000000
00000000000000000000000000
00000000000000000000000000
00000000000000000000000000
