16 66 10
1001101110011001
1010111111111100
0100101110111010
0010111100110100
0001110101100000
0010100101111000
1001110010101000
0000011000000000
0001100000000100
0000000000000000
0000000000000000
0000000000000000
0000000000010000
0000000001000000
0000000010000000
0000000000000000
0000000000100010
0000000000100000
0001100000011100
0001000000011000
1100001010000100
1011100100000000
1100000000011111
1101110111110110
0000000000001110
0101000000101110
0010000000000000
1111000000000100
0111010000100000
0110100000000000
1000011000000000
0000000000000000
