28 267 6
0100001111101010000010000000
0000101001000101000000000000
1011000101010111100000010000
0011010010000100101001000100
1110101101111111011011110000
0011001110001111111100011001
1010010111111111111110111110
0000000101111111111111111110
0000000111111111111111111111
0000001111111111111111111111
0000010111111111111101111111
0000000100111111111111111111
0000000101010111101111111111
0000000100110011111110001111
0000011101111011111111100111
0000000101100010001011011110
0000000001100010010001001001
0000000000100000100000000000
0000000000000000000001001000
0000000000000000010000000000
0000000000000000001000000000
0000000000000000000000000000
0000000000000000000000000000
0000000000000000000000000000
0000000000000000000000000000
0000000000000000000000000000
0000000000000000000000000000
0000000000000000000000000000
1110011010000000000000000000
1001111111110100000000000000
0101111110000000000000000000
1101111111011100000000000000
1011111111111110100000000000
1111111111111110000000000000
1111111111111111001000000000
1111111111111101000000000000
1111111111111110000000000000
1111111111111110000000000000
1111111111111111100000000000
1111111111111110110000000000
1111111111111111000000000000
1111111111111000100000000000
0111111111111110010100000000
1111111111111111100000000000
0010111111111110000000000000
1101111101000101100000000000
0101111110100100000000000000
0101101110001100000000000000
0000000000000000000000000000
0000100000000000000000000000
0001000000000000000000000000
0000000000000000000000000000
0000000000000000000000000000
0000000000000000000000000000
0000000000000000000000000000
0000000000000000000000000000
