22 87 11
0000000000000000000000
0000010000000000000000
0000000000000000000000
0000000000000000000000
0000000000000000000000
0000000000000000000000
0000000000000000000000
0000000000000000000000
0000000000110000000000
0000000001010100001000
0000001000001010101100
0000100000000001011010
0000000000000100100000
1010010000111111011010
0001011010001110111100
0111001000010010100001
0001000011101000100000
0111110110001000101100
0000000001010001010000
0001011010010001000000
1001000101110000000000
0010110000000000000000
1100000000000000000000
1111000000000000000000
0010011110000000000000
0011100110000000000000
1111001100000000000000
1100011100000000000000
0000011101100000000000
1011110010100000000000
0110100000000000000000
1100100100000000000000
1101001100000000010000
0000111000000010010000
0000000000000101000100
0000000100010010110010
0010100000100001111000
0010100000000110110101
1000000000000000110100
0000000000000010000000
0000000010000000000000
0000000000000000000000
0000000000000000000000
0000000000000000000000
