25 143 14
0101111111111111011010000
0011111111111111010000000
1010111111111111111100000
0011111111111111100100000
0101011111111110100000000
0011111111111111110000000
0001111111111111111000000
0000101111111101000000000
0000011111110100000000000
0000000011001010000000000
0010101010001000000000000
0000000000010100000000000
0000000000000000010000000
0000001000000000000000000
0000000010000000000000000
0000000000000000000000000
0000000000000000000000000
0000000000000000000000000
0000000000000000000000000
0000000000000000000000000
0000000000000000000000000
0000000000000000000000000
0000000000000000000000000
0000000000000000000000000
0000000000000000000000000
0000000000000000000000000
0000000000000000000000000
0100000000000000000000000
0000000000000000000000000
1000000000000000000000000
1100000000000000000000000
1010000000000000000000000
1010110011000000000000000
1010011110000000000000000
1110101000000000000000000
1111110100010000000000000
1111011101001000000000000
1111111101000000000000000
1111111110100000000000000
1111111111000000000000000
1111111100000000000000000
1111111110101010000000000
1111111010100000000000000
1111111111100000000000000
1011101110000000000000000
1110111000100000000000000
1111001000001000000000000
1011110010001000000000000
1010000010000000000000000
1001100001000000000000000
