21 170 13
100100010010000000000
000001100000000000000
001001001000000000001
110100100001000000010
111110111000000010000
011100100000010100000
101111000100001011000
101101110011000001000
011111101000101000111
101101100100010011010
110010001111010110101
010000100101111111100
000001100110011110011
000010010001111001001
000000000001111001001
000001010100111010000
110000111100111100010
000000101111110111100
000001000001110111110
000010001001001111010
000000010000110000111
000110111111111110000
001111111111111001110
001111111111110111011
000011111011110111010
000010111111110111100
000011111111111111111
000010001110110011101
000100011111011101010
000001001001111111001
000010000010011111111
000000001001001111101
000000100001011101111
000001000000010011111
000000111000010000000
010000000010010000100
000000010000000010000
000000000010100000000
000000000010000000000
000000010100000000100
000000000000000000000
000000000000000000000
