21 202 13
000000000000000000000
000000000000000000000
000000000000000000000
000000001000000000000
000000000000000100000
000000000000001000100
000000100000001001010
000000101010110010000
000000000000111111111
010000100110101111111
000000001001111111111
000000010111110111110
000011111101111111111
010100111011101111111
101000110111111101110
110111111101111111111
101111110111111111101
101111101100111011100
110111111110111001010
111111101111111000111
111111111111110011100
111111111111111110110
111111111111111111000
111111111111111100110
111111111111111110000
111111111111111100000
111111111111111110001
111111111111110010000
111111111111110000000
111111111111010100000
111111111111010110000
111111111110100100000
111011101000010000000
111011010000100010000
010100000000000000000
010001011000100000000
000000000100000000000
100000000000000000000
000000000000000000000
000000000000000000000
000000000000000000000
000000000000000000000
