23 138 13
00000000000000000000000
00000000000000000000000
00000000000000000000000
00000000000000000000000
00000000000000000000000
00000000000000000000000
00000000000000000000000
00000000000000000000000
00000000000000010000000
00000000000010100000000
00000000010110101011110
00000000001010101011000
00000100000101111101100
00000011110111101001000
00001001011011111100010
00000000010111111000000
00010001111111111011100
00010010111111111110101
00000011111111011111100
00001010011111111101101
00001000111111111010010
00000000001111101100100
00000001000110011001000
00000000000000000000000
00000000000000000000000
00000000000000001010101
00000000010100000000000
00010000001000000000100
00000000000100000000000
00000000000000100010000
00000000000001001000000
00000000000000010100000
10100000000001001011000
11000100001001010100010
01111101000001111110100
11010000011110110101100
00101101001101011110100
01100011011001111111010
01100000110000110101110
11000000110011110111010
00000100010010100101000
01100100001001001110001
00001100010000100111000
00000000100001100101000
00000010101001001100000
00000000000000001100000
