25 134 5
0010001000010110110010000
0001000111110011110100000
0000000000110000100010000
0101000101000110010000000
0010000010101111110000000
0011000100011100010001000
0000011100010001000001000
0000011000001101000000001
0000000001101000000000000
0100100010000100000000000
0000010101000000000000000
0010010101001000000000000
1101010000010010000000000
1011110101001000001000000
0110010110000000000000000
0000110010000000000000000
0011010001000000000000000
0101000110010000000000000
0011100000000000000000000
0000000100000000001000000
0001000000000001001110100
1000100000000000100000000
0000000000001001000111000
0000000000000000010101110
0000000000000001011100000
0000000000000000000000000
0000000100000000000000000
0000000000000000000000000
0000000000110000000000000
0000000011000000000000000
0000000000010000001000000
0000000000101000000000000
0000000001000000000000000
0010000000001000000000000
0000000000001001000000000
0000101000000010010000000
0001011010000010001000001
0000100010001000000010100
0000110110100011000100000
0111000011010000000001011
0101001000101111101011010
0000001011011111001010010
0000100110101011000110000
1000100010101010010011001
0010001010011010101010011
0000100010000000000101010
0001010011110000101100011
0100100000001000010101011
0000000000100000001100011
0000000010000001000110000
