29 286 13
00000111111111110101001101101
00000101011111011000111010111
10100001101001100110100111111
00001011011100001110011111111
00110011101000100001101100111
10110010011011011110100011111
01100100010110111011111111111
00110010111100101101011100111
00000010111011010011101110111
00111110001000010111110001110
11010110100100000010111111110
11001010110001110111100110000
01001000001101001101110111001
10000110000001011111111100001
00111110011000011111110010100
00000001000000111001110001010
01111000010000011000010000000
00000000001000001010000100000
00001000100010000101101100010
00000001000000101000010000000
00000000000010001010101000000
00010000000000011000000000000
00000000000000000000000000100
00000000000000000000100000000
00000000000000000000000000000
00000000000000000000000000000
00000000000000000000000000000
00000000000000000000000000000
00000000000000000000000000000
00000000000000000000000000000
00000000000000000000000000000
00000000000000000000000000000
00000000000000000000000000000
00000000000000000000000000000
00000000000000000000000000000
00000000000000000000000000000
00000000000000000000000000000
00000000000000000000000000000
00000000000000000000000000000
00000000000100000000000000000
00000000001000000000000000000
00000110100000000000000000000
00000000110000000000000000000
00010011100101000000000000000
10111111111110101000000000000
10111111111111101000000000000
11111011111111110100000000000
11111111111111111100000000000
11111111111111110111000000000
11111111111111111110011000000
11111111111111111110010000000
11111111111111111111100000000
11111111111111111111010000000
11111111111111111111010000000
11111111111111111111110100000
11111111111111111111100000000
11111111111111111111100000100
11111111111111111111000100000
