22 160 6
0000100000000011100000
0000011111100010000000
0011000110101000101000
1000000101001101000100
0000000101011111101001
0001010110111010001101
0010011101110110010000
0011111111111100101000
0010010100011101111000
0100101111010100010000
0011011001011001010000
0000010110100000101000
0001010111101000000000
0000011011111000000000
0001101101010000000000
0000000000000000000000
0010111111100100000000
0000101011100000000000
0000101110011000010000
0001110101010000000000
0000000101010000000000
0000100111100000000000
0000111000010000000000
0011100001000000010000
0000110100100001001000
0100010010000000000000
0110101000000000010000
0101000100000000010100
1001000100110110000000
0001000010111000000000
0100011011000010000100
0001000010100100000000
0011011001010101110000
1001111010101100100001
0011011101011000110010
0011100100101000110011
0000010011010110011110
0100000101010101001111
0000000011110010100010
1000010010100011101111
0001000010100111010101
0000000011001011001000
0000100001100001111101
0000000100010000011100
