20 137 10
10111010110110000000
11101111010011000000
11111111111001000000
11111111111010000000
11111111101111100000
01111110100101010000
11101111111110001000
11111111111100000000
11110111101000000000
11011111000010000000
10111101100000000000
11110110100000000000
01001001100000000000
00011011000100000000
00100000010000000000
00000001001000000000
00000000000000000000
00001000000000000000
00000000000000000000
00000000000000000000
00000000000000000000
10100000000000000000
00000010000000000000
00000010000000000000
00000000100000000000
00100000100100100000
01000000000010000000
00101000100011001000
11000001101011010000
00000100001110001000
11110001101000000001
10000011101000000000
10010111001010001111
00000110000100101100
10001110011110111001
01111100101111011000
00101011010101011101
10101101111110011110
11001111111101111111
00110001101010011111
