19 155 15
0000000000111000010
0000000001001100010
0000100010010111001
0000000000101001101
0100000000001000101
1000000100011001110
0111010001001111111
1110100010000011100
0110110101001000101
1100111111001111001
1101011001110011111
1111010100010111110
1101111100111110110
1110100101111111100
0100010000010100000
0010001001101010010
0000100000110011100
0000010000001101100
1001000010010111100
0000010000000000000
0000000000000000000
0000010000000000000
1110111011000000000
1111111110100000000
0111111110110000000
1111111111010000000
1111111111100000000
1111111111101000000
1111111111111000000
1111111111110000000
1111111111101000000
1111111111100100000
1111111111000100000
1111111111001000000
0111111111000000000
0011110111000000000
0000010100000000000
1000001000000000000
