17 108 9
00000101101111111
00000111011010001
00001011111110100
00010101111111101
00000111111111111
00001111100111011
00011001011111010
00000111111110111
00101010010010000
00010010001101010
00010011100001000
00000011001000010
00000000100000100
01000001101000000
00001000000010000
00000000000000100
00000000000000000
00000000000000000
00001000000000000
10000101100000000
01000000000000000
00110101010000000
11111100010000000
00001110001001000
10111101100000000
01101111110000011
10111111000001110
00111111101000111
01101111101000100
00010111111001100
00010001001000101
00001101000101111
10111101000000111
00000001011011110
