21 169 7
000000000000000000000
000000000010000001000
000000000000010011101
000010000100001001011
000000001000000111110
001000000001011111101
101000000000011111111
000000010000011111101
010000101011000111111
000001000010100111111
001010000001011111111
010100010110111011111
000100110111111111111
000001100000111111011
011001100011011111111
000011000011100101111
000011011000001100100
000100110010101001111
011000000000100100110
000000000100000101001
100100000001000000000
010110101011110011111
000111110100110111100
101111011111111110000
101111111101111000101
110111111010101110000
010001111111100000000
011111101100110000000
110111011101100100000
110111111111110000000
111011011111100000000
010111100000011000000
000111111000010000000
111101011000001000000
111101111000000000000
010101011000000000000
000100000000000000000
011100100001000000000
011000000010000000000
000000000100000000000
000000000000000000000
000100000000000000000
