18 76 15
000001001000010000
000011001010000000
000000000001000000
010000000000000000
000001000110000000
000010000001110000
000010100011011100
000000001001100100
100000001101000010
011101000000000100
000000101000100000
001101100101101000
000000000101011000
001001100100100000
001011010110110000
000000101101010100
000010000000000100
000001000101000000
000100010010000100
000000001001000000
000100010010100001
000000000100110100
000000001000000000
011101011000000000
001010111101000000
000010011111000100
010001110100000000
000010011101010000
000100000100111000
000000000101101000
000100000011100101
000101000001110101
000101010000000000
001000000000001000
010000000000000000
000000000001000000
