22 78 13
1101000000100000000000
1001011011010000000000
0100110110011000000000
0100111110011000000000
0101001100011110000000
0011010010100000000000
1101111111100000000000
1011100101000010000000
0000100111100000000000
0110110000100000010000
0100110010010000000000
0000100001000000000000
0000001000000000000000
0000000100000000000000
0010000000000000000000
0000000010000000000000
0000000000000000000000
0000000000000000000000
0000000000000000000000
0000000000000000000000
0000000000000000000000
0000000000000000000000
0000111111001001000000
0000110110110010000000
0001001011111100000100
0000100010101000000000
1000110010011000000000
0000110111110100000000
0100010000000000000000
0000000000000100000000
0000010000100000000000
0000000000001000000001
0000000000000000000000
0000000010000000000000
0000000000000000100110
0000000000100000000001
0000000000000000000000
0000000000000000100000
0000000000000010110101
0000000000000000001000
0000000000000000111101
0000000000000001011100
0000000000000010010010
0000000000010001100100
