18 74 5
001000000000000000
000000000000000000
000000000000000000
100010000000000000
010100010000000000
000001010000000000
010110110000000000
101010110000000000
001110110000000000
000111010000000000
111001000100000000
101110101001000000
110110010011100000
110100101010000000
010000000110000000
001010111101000000
011000011000001000
001111110000000000
000000000000000010
100000000000000001
000000000000000110
000000000000000100
000000000000000000
000000100000000101
000000000000000111
000000000000010000
000010000000010010
000000000101000100
101000000110001000
111001000100010100
100000101010000000
001000101110101000
101001000010110000
000111001001011111
110000010010101101
010101101010001100
