21 130 5
000000000000010001000
100000010000001000100
010000110100010010010
101101100000000011110
101101000000101011110
101001000101101110111
111111010011111001111
100111001000110111101
110101010001000010100
011000000110000111111
010100111100000111101
001010001001010010100
110010101000010000011
000010010000000011000
001001000000000000000
001000000000000100000
010000010000000010000
000100001000000000000
000000000000000000000
000001000000000000000
000000000000000000000
000000010000000000000
000000000000000000000
000000000000000000000
000000010000000000000
010000000001100000000
010010011000000000000
000001110010000001000
000010011010000000000
000111101110000000000
000101010110000000000
011001110100100000000
000100101010000010000
000111011100000100010
100101101001100000000
010011101110100000000
101111001000100010000
011001101110100100000
010100111001110001000
010111111011100101000
010111011111011000000
111111111110110011001
