22 129 9
1101110010000000000000
1111101010000000001000
1111101000000010100000
1111110100000110101111
1111110000000000010001
1111010110100011101101
1101000000010011111110
1111101010000000111111
0111111111000011111111
1110100000000000011111
0100000000000000011111
1000000000000011111100
0000000100000001000100
0001000000000000001101
0000000000000000001000
0000000000000000000000
0000000000000000000000
0000000000000000000000
0000000000000000000000
0000000000000000000000
0000000000000000000000
0000000000000000000000
0101101110010010000000
1011010101000000100100
0000100010000000101010
0000011100101010000001
1000100110000000000010
1111011010000000110000
0001111001000011000100
0010001010100001000100
1110111110000000000000
0000110011000000000010
0010001010000100000010
1100000100000000000000
1001110011000000000000
1001100000000000000000
0001000010010000011000
1011001010001000010000
0011011100100110000000
1101000110000000000000
1111010100000000000000
1100011010000000000000
0110000100010000000000
0010001010000000000000
