29 315 12
10111111111000001000010000000
01011111110000000100000100010
10111110110101000000001111100
00111101100100000000010111010
00011100000110100001101110000
01101000000000100000110110011
00001010000000000001100111100
00000010000000100010101111111
01011011001000001010010111101
00010001000010000001001111110
00000100000000001000111111001
00000001100000100110101111011
00000000000010001101111011110
00000000000101000000111011100
00100000010000000111010011010
00000000001000011010101011010
00000000000010010001011111010
00000000000010011011111110000
00000000010100111101111110100
00000000000011101111010010001
00000000000000111111111100000
00000000001100111111101101000
00000000001101111111111111000
00000001001010111110100010000
00000000000011101111010100000
00000001000011001010101001100
00000000000010011111111111101
00000010001111000111111100100
00000000001010011110011010000
00000000000000000000010111111
00000000000000000000001111111
00000000000000000010001111111
00000000000000000001011111111
00000000000000000001111111111
00000000000000000001111111111
00100000000000000001101111111
00000000000000000001111111111
01000000000000000001111111111
10000000001000000000011111111
00000011000000000000101111111
01011101001000000000000111111
11101111101010000000000011111
11111111010000000000000001111
11111111110110000000000011011
11111111111000000000000000100
11111111111100000000000000000
11111111111000000000000000000
11111111111110000000000000000
11111111111101000000000000000
11111111111101000000000000000
11111111111000000000000000000
11111111110010000000000000000
11111111110101000000000000000
11111111110100000000000000000
11111111111000000000000000000
11111111111000000000000000000
01111111000000000000000000000
11111100011100000000000000000
