26 335 12
11111111111111111111111000
11111111111111111111111000
11111111111111111111110010
11111111111111111111111110
01111111111111111111100000
11111111111111111111111000
10111111111111111111100000
00011111111111111111111000
10111111111111111011010000
00001111111111111000000000
00101111111111101010000000
00011111111111111101000000
00011111111111111100000000
00111111111111101000000000
00010111111111101000000000
00101111111111100000000000
00001111111111111000000000
00000101111111101010000000
00001011111111000000000000
00000101110001000000000000
00000000000001000000000000
00000000110110000000000000
00000000000000000000000000
00000000000000000000000000
00000000000000000000000000
00000000000000000000000000
00000000000000000000000000
00000000000000000000000000
00000000100000000000000000
00000000000000100000000000
00000000000010000100000000
00000010100010000000000000
00000000100000111010000000
01000100011011101000010000
00000000110011111111100000
00000001111101111111011000
00000000111101111111011000
01000011111111111111110100
00000011111111111101110111
00000001001111111111110001
00011111111111111111110000
01001100111111111111111000
10000010111111111111110000
00111111111111111111111011
00100111111111111111100000
10011111111111111111101000
11111110111111111111011110
11111111111111101111011000
11111111111111111101010100
11111111111110011111000000
11111111111101000100000001
11111111111101100100000000
