22 222 7
0010011001110001101010
0000001101111111110100
0000000110011011110100
0101101111011110000000
0000001101111110100000
0011000011111111011000
0111101110111111111010
1111100111111111111100
1001111011111111111100
1011111100110110111010
1111111101110111000000
1111111110001010000100
1111101110110101000000
1111101001000101010010
1110101100000000000000
0111111111100000000000
1110110010000000000000
1100110000000100000000
0111010000000000100000
1111100010000000000000
1101001000000000000000
0010000000000000000000
1111111111000000000000
1111111111100000000000
1111111111111000000000
1111111111100000000000
1111111111000000000000
1111111111000000000000
1111111010000000000000
1111111111000000000000
1111111000000000000000
1101101000000000100000
0100001000000000000000
0100000000000101000100
0000000000010111111100
0000000001000111111111
0000000000111111111111
0000000010011111111111
0000000100111111111111
0000000001111111111111
0000001001111111111111
0000000001111111111111
0000000001111111111111
0000000000111111111111
