28 160 15
0000000000000000000000000000
0000000000000000000000000000
0000000000000000000000000000
0000000000100000000000000000
0000000000000000000000000000
1000000010000000000000000000
0000001000000000000000000000
0000100100000000000000000000
1010010010000000000000000000
0110011000010010000000000000
0011110000001000000000000000
0011001100100000000000000000
1010010010100000100000000000
0000110111100000000000000000
1101011001101100000000000000
0111010111100010000000000000
0101111110101100000000000000
1110111110111000000000100000
1111010111000000000000000000
1111110111100100100000000000
1011110111111000110000000000
1011010011100101000000000000
1001011110011010100000000000
1000111111000000001000000000
0001111010000010000000000000
0101010010100110011000000000
0000001001001000000100000000
1100000010000000000000000000
0100010000011010000000000000
1011100001100000000000000000
0100101000010000000000000000
0000101110010000000000000000
0101110001000000000000000000
1001101100011100000000000000
0111011001100000000000000000
1011111000000000000000000000
1111000001100000000000000000
0110100010011000000000000000
1010001000000000000000010000
0000100000000000010000100000
0011000100010000000000000000
0100000000000010000000000000
1011000000101000010000000000
0000010000010000000000000000
0000110000110010000000000000
0001000000000000010000000000
0110010000000000000000000000
0000010101000000000010000000
0110110111000001000000000000
1011011100010000000000000000
1110101110100000000000000000
0001110101111000000000000000
1110111111110100000000000000
0101011100001000000000000000
1111101110010000000000000000
1110111110100000000000000000
