23 216 8
00000000000000000000000
00000000000000000000000
00000000000000000000000
00000000000000000000000
00000000000000000000000
00000000000000000000000
00000000000000000011000
00000000000000000110011
00000000001010000101010
00000000000100110111111
00000000001101111111111
00000000001011111111111
00000000011111111111111
00000000111111111111111
00000001111111111111111
00000000111111111111111
00000000111111111111111
00000111111111111111111
00000001111111111111111
00000000111111111111111
00000011111111111111111
00000000111111111111111
00000001111111111111111
00000001000010000000100
00000001101001011010000
00000100111110001001111
00110000111001010101101
01000100111101111101110
01011110111111010111111
01110111010111011011111
10001101111101111011110
00000011111101010101101
00001110111011100000010
00100100101111000110001
00101101111101000000000
01111111001100110010000
11111111100100110001010
11100011010110000000000
01111110001100000000000
01111010010010000100000
11110010100100000000000
11110000000000000000000
11111000100000100000000
01110000000000000000000
01110100000000000000000
00001000011000000000000
