18 139 9
000000000000000000
000000000000000100
000000000000000100
000000000000000000
000000000001100001
000100001000000101
110001000000001011
001001000111111011
111000000000111010
110100001111111110
011101001011101111
110110000011111111
100110110111111111
011001101010111011
010101001011010111
010111100111111111
000000011110111011
110111110111001110
111000111000000000
101000011100101000
010010111010010000
001101100101000100
110011010000000000
100010011100010110
110001001101000000
111011100100011100
011100100110110100
111101011011000010
001111001010000001
111011011000111100
100001111010111010
100001000011011100
010111100111000000
101000110001001000
011011111101010000
001000101001000100
