28 123 14
0000000000100000000011000000
0000000000000000100100001110
0000010010100000000100110000
0000010100000100100110110000
0000001000100010100000001000
0100000010000000010001100001
0000000010011000000100001000
0000010010100000000011000000
0000101011000000000000000001
0010000100000000000101100000
0000000000000000000000100000
0000010100000000000000000000
0110000000000000000000001000
0000110100001001000011000000
0001000101100000000000000000
1010100001010000000000000000
1111010000100000000000000000
0100010010101100000000000000
1000010111000000010010000000
0101000001000000000000000000
1010111100001001000010000000
0100000110100000000000000000
0000011000000001000000000000
0000100010000000100000000000
0010000000100000000000000000
0000000011000000000000000000
0000000000000000000000000000
0000011000010000000000000000
0000000100001000000000000000
0001001100100000000000000000
0000001111100000000000000000
1010101101010100000000000000
0000111110100000000000000000
0011101111110010000000000000
0110111101011100000000000000
0000110001100000000000000000
0100111101100000000000000000
1001100110110000000000000000
0000001101000000000000000000
0000111000000000000000000000
0000000000000000000000000000
0100000001000000000000000000
1001000000000000000000000000
0010110000000000000000000000
1111011100000000000000000000
1110111000000000000000000000
1111110110000000000000000000
1101110000000000000000000000
0111010100000000000000000000
1010110010000000000000000000
0101111000000000000000000000
0010110000000000000000000000
0000000000000000000000000010
0001000000000000000000000000
0000000000000000000000001000
0000000000000000000000000000
