19 102 10
0110011000001001000
1110011010000000000
1101000100000001010
1110101100010001001
0111101010001000010
1011100000010001101
1010111001010101111
1001100000000010000
1010000001000010111
1010000000000010100
0000010010000100100
0001010000000100011
1000010000000010000
0000000000000000100
0000000000011000000
0100001000110101011
0000000000000010010
0000000000110000100
0000000000011001100
0000000000001000001
0000000000000000011
0000000000000011011
0000000000000011010
0000000000000000111
0000000010000010100
0000001001000000000
0011110001000100000
0001100100000000000
0101100000100000000
1110110011000000000
0001010011000100001
0101110011110000000
0011111010001000000
1101111100110010000
0011110100011100010
0001111101000110000
0010110110111000000
0010011111001000000
