17 82 11
00000000000000000
00000000000000000
00000000000000000
00000000000000000
00000000000000000
00000000000000000
00000000000000000
00000000010000000
01001100000100000
01111111000000000
11111111000000000
11111111111000000
11111111110000000
11111111110000000
11111111101100000
11111111110100000
11111111100000000
00000110000000000
01000101001000000
00011101000100000
00001110010000010
01011100100100110
00011110000100100
01110111000010100
00111101100101000
00000110000000010
00010000101000111
00000001011000010
00001011111110100
00000000000000100
00000000000110101
01000000001100111
00000000010000000
00100000000001000
