20 97 8
01110000100000000000
10110111001000000000
10111001011100000000
11011110010000000000
11111111011000000000
01111101101000000000
11111110100010000000
11011111100000000000
11111110110001000000
11100101010100000000
11111100010001000000
00000111100000000000
01100001000000000000
10100000000000000000
00010000000000000000
00010000000000000000
00000000000000000000
00000000000000000000
00000000000000000000
00000000000000000000
10001000000000100001
00100010010001000100
00110001000000000110
00010001000000100000
01001100101000000100
00001001100011010000
10000000011000100000
00001111001010010000
00001100011110100000
00001111000000101000
00010001000001101000
00101101010000000000
00001101110011110000
00001100111011000100
00100011100000110000
00001011011000000010
00000100100000000000
00000000000000010000
00000000000000100000
00000000000001000000
