23 217 11
00001000000010111111111
01001011001000111110110
11011110001011111011110
11011000000001011110111
01000100101000111110110
11111110000010101101111
11000000001000111100110
01111000000000011110111
10100000010011000011101
00100000100000111110100
10001010000000000101110
00100000000000000100001
01011100100000000000000
00111010100000000000000
01111111000000010000100
01111111001000010000000
11111111110000100100000
11111101000000011001100
11011111000000010000110
10011110000000000010010
01111110100100000010111
00001010100100000100100
10110000000000011010001
00100000000000010000000
00000000001000000000000
10010000010000000000000
01100001000000000000000
10000000010100000000000
11111101110010000000000
11101000100000100000001
11010011000111000100000
00011111011111001000000
01111110110100110011000
10101111111111111000000
10111111010111110010101
10111101111111110001100
01111111111111111000010
11111111111101111100000
01111101101111111110000
11110111111011000000000
10101111010011111010000
01101010101011010110000
11110011110001000100000
00110110010101100000000
10010010000000000000000
00000100000000000000000
