21 136 5
000001101010000000000
001110110000000000000
111110011100100000000
000100011011100000000
011010101101100000000
000011010101010000000
100100100000100000100
011111011110000100000
110011000011000000000
000010011110000000000
011001111010000000000
000100111100000000000
101111101110000000000
100111110101000000000
111111111111000000000
011111010101000000000
101111101111000000000
000011010000000000000
111011100100000000000
001001000000000000000
001000000000000000000
101011001000000001001
111000000000000001111
111101010000000010001
111011000000001101100
111111000000010000101
101010100000001100001
111110001010000100011
111011000000000001111
001100000100000000011
000110000000001111111
100111000000000000011
000010000000011111010
001000100000001011001
100000000100000101110
100000000000001001111
000000000000001101101
000000011011010001001
000000000000010001101
000000000000000010110
000000000010000000101
000000000000001001001
