17 65 5
00000000001001100
00000000000000000
00100011000000100
00000000001000000
10100000011001001
10110000111100110
11000000000101011
10011000010010100
00000100101000110
01000000001110101
00001000010110000
01110000110101000
00000100000111001
00000000000001000
01000010000000000
00000000000000000
00000000000000000
00000000101000000
00000000000000100
00000000000000000
00000010000000000
00000000000000010
00000000100001010
00000000011001010
00000001100100011
00000110000011100
00000001000000000
00000000010011101
00001000101111110
00000000110110101
00000000110110001
00000000001110111
00001000011000011
00000010101001111
