18 117 10
000000000101111110
000000001001101111
000000001011111111
000000001111111111
000000010011111111
000000111011111111
000000001011111111
000001011011111111
000100000011111111
000000000111111111
000000000001111111
000000000000011111
000000010000100010
000000000101100001
000000000000001101
000000000100011000
000000000000000000
000000000000001000
010010110001110010
000101001000100000
000011110110000000
000001111010101110
000110111110110101
100000111111001000
010111011101111000
100010110101011010
001111110000001000
101001010011100000
011011101000000100
111011100001000010
010110000100010000
111110011000000000
010100100000000000
111110000000000000
110000000000000000
000000000000000000
