27 77 12
000000000000000000000000000
000000000000000000000000000
000000000000000000000000000
000000000000000000000000000
000000000000000010000000001
000000000000000000000000000
000101000000000000000000000
000000000000000001000000000
000000000000000000000000000
000010000000000010010010000
101100000000000000000101001
101111010001000000000000001
111110000000000000000000100
110000100000000000000000100
110100000000000000000000000
110110000000000001000100000
011010010000000000001000000
111100000000000000000000010
100100000000000000000000000
011101000000000000000000000
110010000000000000000000000
011110000000000000000000010
110010000000000000000000000
010101000000100000000000000
101000000000000000000000000
010010000000000000000000000
000000000000000000000000000
000000000000000000000000000
000000000000000000000000000
000000000000000000000000000
000000000000000000000000000
000000000000000000000000000
000000000000000000000000000
000000000000000000000000000
000000000000000000000000000
000000000000000000000000000
000000000000000000000000000
000000000000000000000000000
000000000000000000000000000
000000000000000000000000000
000000000000000000000000000
000000000000000000000000000
000000000000000000000000000
000000000000000000000000000
000000000000000000000000000
000000000000000000000011111
000000000000000000001111111
000000000000000000001111111
000000000000000000111111111
000000000000000000111111111
000000000000000001011111111
000000000000000001111111111
000000000000000011111111111
000000000000000010111111111
