17 105 15
11111111111101110
11111111111111100
11111111111110000
11111111111110000
11101011111010000
11101100110100010
11111111100000000
11011111000000000
10110000000000000
01011100000010000
10110000000000000
00110000000000000
01000000000000000
00000000000000000
00000000000000000
00000000000000000
00000000000000000
00000100000000001
00001010100001001
01001110100001101
01101010111100100
01000110001010100
00100100100110101
00010010000100011
01000000011011001
01010000101100011
10100110100100010
10100000000000001
00111010000110000
01001011000101101
10111000000111000
00111000001000010
01101010110111101
10001000000010000
