16 87 13
0101000000010010
0000001100001011
0011110100110101
0001111110010111
0011001100011101
0101000010001011
0000001101110100
1100100010000101
0010110110010000
1110011101100000
0001011111000001
1110010001110000
0000000100000000
0000000000010000
0100000000000000
0000011000000000
1000000010000000
0000101000000000
1010000000000000
1011001000100100
0100000100100000
0111011000000000
0010110100100100
0100111000001000
1100110010011000
0000101000101000
1110010001000000
1011101011000110
1000011110100010
0000001110100111
1100111111000010
1110100110100001
