21 110 12
001111111110100000000
011100110110000000000
000001001110100100000
000000110001100100000
101010111001101100000
000111101010100000000
001110110001010000000
010000010000100000000
001110101001000000000
101111011011000001000
001111110000000000000
111011110000000000000
001111111000000000000
000111111010000000000
011110001000000000100
000100010000000000000
000001001000000000000
000100010000000000000
000000000000000000000
000000000000000000000
000000000000000000000
001000000001111111001
000000001000111100111
000000000001011111110
000101010000101011110
001001000001000110011
010000000110011110100
000000000001111101001
000000100001100111101
000000000100110111011
000000000000100000001
001000000100001100000
000000001000000100110
000001100000111101100
000000000000010000000
000000100001000000110
000000000010000001010
000001011001100100010
000000000000110010000
000000000000001000100
000000000000000000000
000000000000000000000
