29 131 12
00000000000000000000000000000
00000000000000000000000000000
00000000000000000000000000000
00000000000000000000000000000
00000000000000000000000000000
00000000000010000000000000000
00000000000000000000000000000
00000000000000000000000000000
00000000000000000000000010000
00000000000000000000000000000
00000000000000000000011000000
00000000000000001000000000000
00000000000000011100010100000
00000000000000000100001100000
00000000000000001001100100000
00000000000000011100001000000
00000000000000110111001001000
00000000001000001001101000000
00000101000101000110110000000
00001010011000100001101000000
00000101001000000010000000000
00010000000101000000000000000
00110101111110100100000000000
10111111111000000100000000000
01111110111111000000000000000
01011101110111010000000000000
00001111001010100000000000000
00111011111101010000000000000
01111110111110010000000000000
00000000111111111111111000000
00000000010111111111000010100
00000000011111111111101000000
00000000001111111111111010100
00000000010111111111110000000
00000011011110111111100110000
00000000001101001110011100000
00000100010001111011111110000
00000000000000111111010010000
00000000010010010001011010000
00000000000000011110110000000
00000000000000001000000100000
00000000000000000010101000000
00000000000000000000000100000
00000000000000000000000000000
00000000000000000000000000000
00000000000000000000000000000
00000000000000000000000000000
00000000000000000000000000000
00000000000000000000000000000
00000000000000000000000000000
00000000000000000000000000000
00000000000000000000000000000
00000000000000000000000000000
00000000000000000000000000000
00000000000000000000000000000
00000000000000000000000000000
00000000000000000000000000000
00000000000000000000000000000
