22 141 6
0000000000000000000000
0000000000000000000000
0000000000000000000000
0000000000000000000000
0000000000000000000000
1100010000000000000000
0100000010000000000000
1011000000000000000000
1000010000000000000000
1111101100010100000000
0111111101000000000000
0111101110100001000000
1111110110010000100000
1111111101001110000000
1111110101100010000000
1111111110001100000000
1111101111111010000000
1111111111100011000000
0111110111001100000100
0011111011111100000100
1001001110101000000000
0000100011110010000000
0100011011110111101000
1010111001010010000001
0110011110010100011100
1100000000010000000000
0010001111001110000100
0010111110001110010000
1101000011000100001000
0001110010000110000101
0001110000000000000000
0010010001010000100010
0000001000000000000000
0000000000000000001000
0000000000000000000010
0000000000000011010100
0000000000000110000110
0000000000000000100111
0000000000001011011110
0000000000001111101111
0000000000101110011111
0000000000000001111011
0000100000011111100111
0000000000000001111111
