29 361 13
00000000000000000000000000000
00000000000000000000000000000
00000000000000000000000000000
00000000000000000000000000000
00000000000000001000000000000
10011000000000001000000000000
10100000000011010111000000000
01000000000001111100001000000
10101100000100010111000000000
10101011100100101110011000000
11110111010001001111111100000
11011111111101111111110110000
11111101011111111111111100000
11111111110111111111110100000
11111111101111111111111001000
11111111111111111111111010000
11111100111110111111101100000
11111111111110011111111000000
11111111111101111111101000000
11111111111101011101101000000
11111111101100110000101000000
11111111111111000000000000000
11111111111100000000000000000
11111111110010000000000000000
11111111111000100000000000000
11111111111100000000000000000
11111111111100000000000000000
11111111100100000000000000000
11111111110000000000000000000
11011100000000000000000000000
10111000000000100000001110000
11111100000100000000000011100
11111110101011100000001111111
11111110010000100101101111111
11111111111110011110101111111
11111111100111100111011111111
11111110001111110011011111111
11111111010111010100111111111
11111100010110100111111111111
11111010101000000011111111111
11110000000000001011111111111
10111000000000000101111111111
11000000000000000111111111111
01100000000000000011111111111
00000000000000000011111111111
00000000000000000010111111111
00000000000000000001111111111
00000000000000000000011111111
00000000000000000000111101111
00000000000000000000011111111
00000000000000000000011010111
00000000000000000000000101111
00000000000000000000000011111
00000000000000000000001011111
00000000000000000000010111111
00000000000000000000000111111
00000000000000000000011111111
00000000000000000000101111111
