23 205 8
00000001000111111111111
00010010111001111111111
00110011001111110111111
00100001111100110001111
00000000111111111101101
00001111111111101011001
00100011111101000000110
01000010111110010011000
10101101111111100000100
00000111010111010110100
00010000011011110100000
00000110000111101110000
00001010111110111110000
00000010000000101000000
10000010111101100100000
11011011000010100000000
11110000000110010000000
10111000100000001100000
11101000100000000000000
10111000000000000000000
11000100010000000000000
01000000000000000000000
00000000000000000000000
00010101010000000000000
01011001000000000000000
01001000000000000000000
00100000010000000000000
10100000000010000100000
01000000000000000000101
00000100000000001000100
00101100001000000001011
11000001001000000011110
11011100100000001001101
11111111000000000001101
11111100010000010010110
11111010010010000001101
11111111011000000011011
11110111000010111010111
11111111110000100011111
11111101010100101010111
01011010101000001011111
11111101110000011011110
11011111000000000110111
00100001000001100110110
10111101001000000111100
11000100000000000110101
