27 112 15
000000000000000000000000000
000000000000000000000000000
000000000000000000000000000
000000000000000000000000000
000000000000000000000000000
000000000000000000000000000
000000000000000000000000000
000000000000000000000000000
000000000000000000000000000
000000000000000000000000000
000000000000000000000000000
000000000000000000000000000
000000000000000000000000000
000000000000000000000000000
000000000000000000000000000
000000000000000000000000000
000000000000010000000000000
000000000001000000000000000
000000001100000000000000000
001000100110100000010000000
001001011000101000110000000
001101010011110100000100000
011110011111111110000000000
111011111111011111100000000
101111111111111110000000000
100111111111111111000100000
111111111111111111011000000
000000010000100010000000000
001001000011000000000000000
000001110010010100000000000
000000000001000000100000000
000000100110100001000000000
000010101100000000000000100
010011110000001000000000000
001100110100000100000000000
000001000110000000001001000
110100000000100000100001000
010010001000000001001000000
110101010000000000000010000
010100110001000000000001000
111101001100000000000001001
100010011000000000010111000
100010001010000000000110011
110000100000000000000001000
010000000000000000010100110
001100000000000010000010000
001000000000000000000001000
000000000000000100000000000
000000000000000000100000000
000000000000000000100000000
000000000000000101000000001
000000000000000100000000000
000000000000000000000000000
000000000000000000000000000
