23 111 14
00000000001110110101100
00000000000101100011100
00000100010011001101111
00000010100001001101110
00000100010100001101111
00000100100001001010100
00000000001111100000110
00000100010101100000000
00000000111101001000010
00000001101011111100000
00000000001110101100000
00000000000101001000010
00000001000010111100000
00000000000110010011000
00000000000100010010000
00000000100111001000000
00000010000010100010000
00000000000000100100000
00000000000000000000000
00000010000000000000000
00000000000000000000000
00000000000000000000000
00000000000000000000000
00000000010001001010111
00000000100000001111110
00000000000000001111111
00000000000000101111111
00000000000001001111111
00000000000110100110111
00000000000001101111111
00000000000001110111111
00000000001100110011111
00000000101000001011011
00000000000010000101111
00000000000110000010101
00000000000000011001111
00000000000000001111011
00000000000000000101011
00000000000100000000100
00000000000001100000000
00000000000000000000100
00000000000000000000000
00000000000000000000000
00000000000000000000000
00000000000000000000000
00000000000000000000000
