29 404 14
11111011001110111111101100000
11101100010001111110111000000
11111111000111111111111100000
11111100101111111111110000000
11111011101111111111110011000
11111111100111111111110100000
11111110111111111111110110000
11111111111111111111001101000
11111111101011111111111111100
11111110110111111111111110100
11111101011101111111111111110
11111111011111111111111101010
11111111100111111111111110100
11111011001111111111111111000
10010101000101111111111101100
11110100000001111111111110100
00000001010111111111111111000
00000000010011101111110110000
00000000000010110111101110000
00000000000000111111101100001
00000000000000011000001100000
00000000000010100000000000000
00000000000000000100000000000
00000000000000000000110000000
00000000000000000000000000000
00000000000000001000000000000
00000000000000000000000000000
00000000000000000000000000000
00000000000000000000000000000
00000000000000000000000000000
00000000000000000000000000000
00000000000000000000000000000
00000000000000000000000000000
00000000000000000100000000000
00000000000000000000000000000
00000000000010000011000000000
00000001000001100110110010000
00000010000001011111001000100
00000000001111111111101010000
00000000000111111111111100000
00000000001111111111111110010
00001000001111111111111110010
00000000011111111111111111100
00000000011111111111111111110
00000000011111111111111111001
00000000011111111111111111111
00000000111111111111111111111
00000001111111111111111111111
00000011111111111111111111110
00001011111111111111111111111
00001001111111111111111111111
00000010110111111111111111111
00000000111111111111111111111
00000001011111111111111111111
00000000011111111111111111110
00000010010011111111111111110
00000000111111111111111111110
00000001001011111111111101110
