22 119 13
0100000100101111101111
0010100000011111011011
0001101011010110011100
1010000111000101010000
0111001000110011111010
0110011000011001101100
1100100000010001111101
0011100010110010000010
1000110000000101011001
0101001000000111011010
0001000000100010000100
1110000000011000011011
0000000010000000000001
0000100000000100000000
0100000000000000000000
0000000000000000000000
0000010000000000000000
0000000000000000000000
1000000000000000000000
0000000000000000000000
0000000000000000000000
0000000000000000000000
0000000000011101100000
0000000000010100100100
0000000011010101100000
0000000000010110100000
0000000001001011100100
0000000000000100111101
0000000000000011111000
0000000000101111100100
0000000000001010110100
0000000001011111010100
0000000000000011110110
0000000000111011111010
0000000000000110111101
0000000000000110110111
0000000000111010110111
0000000000000111111100
0000000000000001101110
0000000000011101110010
0000000000001010010010
0000000000000001000000
0000000000000000001000
0000000000000000000000
