23 92 9
00000000000000000000000
00000000000000000000000
00000000000000000000000
00000000000000000000000
00000000000000000000000
01000000000000000000000
00000010000000000000000
10000000000000000000000
10100100010000000000000
01100011100100000000000
10011011110010010000000
00001100001000000100000
01001100000001000100000
00001001111000010011100
10011000010011100100000
11000000001010000101000
00011101000011100000000
10110101000001011100011
00000000010000001010000
01001000010000101100001
01010001000100000000011
00001000000000010010000
00000000000100000000000
00000000000000010000010
00000000000000101101000
00000000011111101010101
00001001000100010100010
00000000000100001100011
00000000000010101110101
00000000000000010100000
00000000000000000010100
00000000000000101000000
00000000000000000011001
00000010000000100101100
00000000000001100000000
00000000000000000100000
00000000000000000011000
00000000000000001000100
00000000000000000010000
00000000000010001101110
00000000000000010001000
00000000000001011111000
00000000100000100000010
00000000000011011001111
00000000000100101011000
00000000000101011010001
