21 143 13
000000000000000000000
000100100000000000000
000000000000000000000
000000000000000000000
001010000000100000000
000001000110000000000
000100010011100001000
100010111100111100000
100110101111010000000
011101111101111000000
101101110111111000000
111011111101011010000
111010111111010000000
111011011110110001000
111111111110011000000
011001110011000000000
011111010000000000000
000100100100000000000
001111111000100100000
011100001010101000000
000010110100000010000
000000000100000001010
000000000000010000000
000000001011010000000
000000000010010010100
000010000001001000000
000000000110110001100
000000100101101101000
000000110011110001111
000001100111011111010
000011101110111000110
000000001101001111011
000001100100111001001
000001010100101101110
000001011111101010001
000000101010011011111
000000001011000100000
001000000101001110000
000000000011011111000
000000000101001001011
000001110000010001011
000000010101010101001
