17 129 13
11101000000000000
11110000000000000
11110000000000000
01001000010000000
11111000000000000
10110000001000000
11101010100000000
10001001000000000
01010110110010010
01000001011110001
00011000011110000
01011111110011110
00011111110110110
00110110101111110
01101111101110111
01101111111111010
11111111111111100
11111111100010001
11111111111000000
11111111101100000
11111111110010000
11111111111100000
11111111111110000
11111111101100000
11111111111000000
11110011101000000
11101100110101000
11101010001001000
01111001010000000
00001000100000000
01100000000100000
00010000010000000
00010000000000000
00000000000000000
