18 60 6
000000100000001000
000100000010100000
000000010000100000
000000000001010010
000000001011000110
000000100110000000
000000000100001100
000000100001001000
000000000011001110
000010000000100000
000001001010001000
000000000000000100
000000100101000000
000000000111000000
010101000001010000
100000000000110010
010010000101000000
001001000010101000
000000000000000000
000000000000000000
000000000000000000
011000000000001000
000000000010010000
000000000010001000
010000000101001000
000001000000000000
000000101010101100
010100001000110010
001000000100010000
011110010000100000
010101000000000000
011110001001000000
011000100000000000
001010110000100000
010111010000000000
101000001000000011
