27 218 5
000101100000000000000001010
010010110100000000100001010
000110000010000000101100001
001011100000000000011000101
000010010100000000111010111
100000100001000010000001101
001001000000100000100010001
000000000000000100010001111
001011100000000000101000111
000000010000000000100110100
000010010000010000000011011
000111101000100000001001111
011011110100000100000100111
011111100000000001000000001
011111111011000000000100000
001011010000000000001000000
101011101100100000000000000
100111110100000000000000000
001101100001000010000000000
110111111011100000001000000
101111111111000000000000000
110011111001000000000000000
011111111001000000000000000
011001111001000000000000000
101011111000010010000000000
101011100111000000000000000
101111011010000000000000000
000000000000000000000000000
000000010000000000000000000
000000001000000000000000000
000000100110000000000000000
000011111110010000000000000
001111111111100000000000000
011111111111101000000000000
011111111111111000000000000
111111111111111000000000000
011111111111111100000000000
111111111111111110000000000
111111111111111101000000000
111111111111111110000000000
111111111111111000000000000
011111111111111100000000000
111111111111111000000000000
111111111111111100000000000
000111111111000000000000000
000011101111110000000000000
000001010110000000000000000
000000100100000000000000000
000000001000000000000000000
000000000000000000000000000
000000000000000000000000000
000000000000000000000000000
000000000000000000000000000
000000000000000000000000000
