29 103 9
00000000000000000000000000000
00000000000000000000000000000
00000000000000000000000000000
00000000000000000000000000000
00000000000000000000000000000
00000000000000000000000000000
00000000000100000000000000000
00000000000000100000000000000
00000100000000100000000000000
00000001001000000000000000000
00000000100000100000000000000
00000000111100000000000000000
00010000011000000000000000000
00001000111010000000000000000
00010010010010000000000000000
01001010001000000000000000000
00010000010000010000000000000
11000110001000100000000000000
00100010100000000000000000000
11101110000100000000000000000
10101011001100000000000000000
00111110010001000000000000010
11000011000000000000000000000
01101111111101000000000010001
00101110110010000000000010000
00100100101100000000000000000
00010001110000000000000011000
01010010000000000000000000000
00000001001000000000000000000
00000000000000000000000110000
00000000000000000000000000100
00000000000000000000010010000
00000000000000000000001110000
00000000000000000000011000100
00000000000000000001001000011
00000000000000000000000000000
00000000000000000000000000010
00000000000000000001000001000
00000000000000000100000000001
00000000000000000010000110110
00000000000000000011010001101
00000000000000000100011100111
00000000000000000000001111010
00000000000000000010010101010
00000000000000000001011110110
00000000000000000000011111101
00000000000000000001101000011
00000000010000000000010100000
00000000000000000101100001001
00000000011000000000011011101
00001100000010000000000101010
00001101100100000000001100000
00000010010010000000100000000
00000000101000000000000000000
00000000000000000000000000000
00000000100000000000000000000
00000000000000000000000000000
00000000000000000000000000000
