16 118 9
0000000000000000
0000010000000000
0000000000000000
0000000100000000
0000001100000000
0000001101000000
0010101111101010
1111100001100000
0111111001100100
1111111111100000
1111011111010110
1111111111110001
1111111111111000
1111111111010100
1111111111010100
1111111111101100
0001011111001000
1110111111111100
0000111011110110
1010011011100110
1110101011011101
1111100011110010
1111110101010011
0111110010001001
1111011110000000
1111000110101000
0101000100000000
1110100010000100
1000111000000000
1111010100000000
0100000000000000
0000111001000000
