24 87 14
111111111111100000000000
111111111111000000000000
111111111111100000000000
011111111111100000000000
111111111111010000000000
011111111110000000000000
000111111011000000000000
000011010100000000000000
000110000000000000000000
000000000000000000000000
000000000000000000000000
000000000000000000000000
000000000000000000000000
000000000000000000000000
000000000000000000000000
000000000000000000000000
000000000000000000000000
000000000000000000000000
000000000000000000000000
000000000000000000000000
000000000000000000000000
000000000000000000000000
000000000000000000000000
000000000000000000000000
010000000000001010001000
011110000000000000001110
011000001000000100000000
011010000000000101100100
110000000010000100011100
011000000100000100000011
000000000000010000111011
000001000000000011011101
000000000000000100001011
000000000000000110000110
000000010000000001000011
000000000000000010001000
000000000000100000000010
000000001000000000000000
000001000010010000000000
010000000000000000000000
000000000000000000000000
100000000000000000000000
001000000000000000000000
101110000000000000000000
110101000000000000000000
011010000000000000000000
100100000000000000000000
100100010000000000000000
