18 91 13
010111100110001000
111110100110000000
100111111010000000
101010011000000001
111000101000000000
101000001001000000
001100011011010100
000100010000101000
000000000110010100
001000000010101111
001101011100011011
000000000011011000
000000000000110000
000000100011000110
000000000110011010
000000000000010000
000000000000001000
000000000000000100
000000000000000000
000000000000000000
000000000000000000
000000000000000000
000000000000000000
000000000000000000
000000000000000000
000000000100110100
000000000100100000
000001100010111100
000000000100101111
000000110111101100
000000001101111111
000001010011111111
000000111011111111
000000011101111111
000010101111111111
000010011111111111
