25 217 15
1000000000011101011111010
0000000011100101111110010
0000000000010111111111100
0000000101001010111111110
0000000000101111111111111
0000000000000111111111111
0000000011101111111111111
0000000000011011111110101
0000000000000111111110011
1000010000000111011110010
1001000001000110111101100
0000000001010110010011000
0000000000010011000100110
1101000000010010000100001
0000000000000001110000000
1100100000000000100000110
0001000000000000000000000
1000000100000000001011110
0010100000000000000111010
1010010000000000000010000
0010001001000000101111111
1000000010000000000011111
0100000000000000001111111
1001000000000000001111101
0010001001000000000101110
0000001001000000000000000
1000001100000000000000000
0110111000000000000000000
0010100000000000000000000
1111101001000000000000000
1000111000000000000000000
1111100010000000000000100
1111011000000100000000100
1101110111010000101000000
1111110001101101110000000
1011111100010011100100000
1111111111000001110111100
1111110011001010111111010
1111111110011111111111100
1111111011011011101100000
1011111000101101111111000
1110110011000111111111000
1011110001001110111001010
1001001000000110101000000
0000001000000111011000000
0100000000001111010101010
1000000000000000100010000
0000000000000000001000000
0000000000000000000000000
0000000000000000000000000
