27 109 11
000000000010000110000000000
000000000000101011000000000
000000001010110011010000000
000000000000010111000010000
000000010001110100010010000
000000010110010001000000000
000001000001101110101000100
001000000111011100101000000
000000000000101101101100000
000000001000000111000100000
000100000101010000110000000
000000000010001110000000000
000000001110101000010000000
000000001111100100000000000
000000001111111010000100000
000000001011101000010000000
000000001111101000000000000
000000000010001000000000000
000000001001000000000000000
000000000000000000000000000
000000000000001000000000000
000000000000000000000000000
000000000000000000000000000
000000000000000000000000000
000000000000000000000000000
000000000000000000000000000
000000000000000000000000000
000000000000000000000100000
000000000000000000110000000
000000000000000000000001000
000000000000000010000000110
000000000000000000001100000
000000000000000000000001000
000000000000000000100001000
000000000000000000000000011
000000000000000000010000001
000001101000000010011010000
000010101000000100000100101
000000100000010010010000100
000000000000000000100000100
000100001111100000011010000
000000011001010000100000000
000000110101001000001100100
000010001010000010000010111
000000000100000000101001101
000101000101001110000000101
000010000000000000010010100
000000000000001100100000010
000000000000000011000100011
000010000000010000000100000
000000000000000001110100001
000010000000000000000010010
000000001000000000001000010
000000000000000000000000000
