18 83 15
000000000000111111
000010001101101111
000101000001011111
001011000001111111
111111000000101111
011111111000000011
110111010000101010
010111010000000000
011010110000000000
011101000000000000
000010000000000000
000111000000000000
000000000000000000
000010100000000000
000000000000000000
000000000000000000
000000000000000000
000000000000000000
000000000000111100
000000011000101010
000001000111010101
000010000011011111
000010000011101100
000100000100100100
000000101001110000
000000000001101000
010000100011000000
010000001010100100
010000000010000000
010000000010010000
010100110001100000
100100000110000000
000111100010100000
001000001100000000
000010001110100000
000000000111000000
