29 401 14
00000000000001111111110111111
00000000000100011101111111111
00000000000011011101111111110
00000010000000011111111111011
00000000001001111101111111101
00000000000000011011101101110
00100001100001111111111111111
00000000000000001111111101110
00000000000001101000111111000
10110001010000011110111000010
11110011000100011011001101100
11101001010001000010101111110
11111101000000000010011100110
01101111011000001010010010000
11111111000010000001111101100
11111110100001000111011001111
11111100100000001011110011011
00111110110001010111110101111
00111101000100010101110111111
00011001000011011110001111001
00000000010011111111110111111
00100000100111011111111111111
00000000001001011011111111111
00000000001100101101011111111
00000000000100101011001110110
00000000001000001110111111111
00000000000010000001101011111
00000000000000100111110100101
00000000000100010001001000110
00000000000001000000000000000
00000000000001000000000000000
00010001010110000010000010000
01000011101000001000000000000
01000001011110101101100100000
00000001111110111101110010000
00000111011111111100101010000
00000111111111111111101100100
00001010111111111111111001010
01000111101111111111111110010
00111111011111111111111111000
00101011111111111111111111100
00010111111111111111111111011
00001111111111111111111111110
00011111111111111111111111100
10110111111111111111111111110
00101111111111111111111101110
00100111111111111111111111010
00001011111111111111111110000
00000110111111111111111111100
00000011111111111111111000010
00000010111100110110000000000
00001000111111100111000110000
00000000010000010010011000000
00000000101000000001100000000
00000000001010000000000100000
00000000000010000000000000000
00000000000000000000000000000
00000000001000000000000000000
