23 120 10
00001100101010000000000
10010000001001000000000
10011010001010000000000
00010101001011000000000
10000001010000000000000
00001011101000100000000
00001000110000000000000
00000000001100000000000
00011011000010010000000
00101001011100001000000
00101010010100000000000
01110101111000000000000
11000111100000000000000
01101011110000000000000
10100100001000000000000
01100000110100000000000
00011101011010010000000
01100101100000000000000
01111101100010000000000
01110000010100000100000
00001010100000000100000
01000010000000110000000
00000000000011000000000
00000010000000000000000
00000000000000000000000
00000000000000000000000
00000000001000000000000
00000000000000000000000
00000000000000000000000
00000001010101100100000
00000000000010000000000
00000101000000000000000
01000101101101010100000
00000100111100110000100
00001011100111011110000
00011010000111000100000
00000100111110101100101
00101000011110100000100
00100010011111000000100
00001001111011101111100
00100000001010000001000
00010011100011100000011
00000001110100000001010
01000000001000001010110
00010000000000011000000
00000100100000100101001
