16 110 6
0110011111111011
0011011111110110
0100010111111111
0000111101111011
0001111111101010
0100001011011000
1000011010111001
1011100100110000
0110010001100000
1110000000001000
1111101000000000
0011100000000100
1100011000000000
1101100000000000
1111100000000000
0011100000000000
0000001100100000
0000101010000000
0000001010100000
0001101000111100
0000010111001101
1101011100001100
0000010111111010
0000100111101110
0010111000110000
0001011101111010
0000001111101111
0100111110111110
0000100000101111
0000011100000100
0000110111101001
0000011111011111
