26 312 6
01111110010000000000000000
11111111101000000000000000
11111111101000000000000000
11111111111000000000000000
11111111110010000000000000
11111111111101000001000000
11111111111110101000000000
11111111111111100000000000
11111111111110100000000000
11111111111111100000000000
11111111110111000000000000
11111111111111100000000000
11111111110100000000000000
11111111111100000000000000
11111111101000100000000000
11111111101110000000000000
01111110110101000000000000
11111110110100000000100000
11111111011101000000000000
01101111010011001010000000
11111111110011000010000000
11111111101111000000000000
11111111111001000000000000
11111111111110000000000000
11111111100000000000100000
11111111101100000000000000
00000000000000000000000000
00000000000000000000000000
00000000000000000000000000
00000000000000000000000000
00000000000000000000000000
00000000000000010000000000
00000000000000000000000000
00000000000000010000100000
00000000000000000001100010
00000000000010011011000100
00000000000001011111011011
00000000100001010111011000
00000010110111111111111100
00000010011111111111111111
00001001111111111111111111
00000110111111111111111111
00001011101111111111111111
00000011111111111111111111
00000111111111111111111111
00001011111111111111111111
00010111111111111111111111
00000110111111111111111111
00101111111111111111111111
00000011111111111111111111
00001101111111111111111111
00000011111111111111111111
