30 252 7
000001001000011011100011000000
000100000001010011010001100000
010000000001100110111100011000
101010001010110111001110010000
011010100001001111100100001000
000011100100011000111100000000
101000000011101110000010010000
100110111111111111100000010000
000011101111011111011000000000
011010011111011110001010000010
001011001111111100100000000000
001010111111111010111101000000
110001100111111010100000000000
110100110111111111000000000000
010111111111110110000000000000
100000110101111110000000000000
100111111111101000000000000000
001001110101110100010000000000
000111011111111000000000000000
001010000101010000000000000000
000011000011100100000000000000
010000010000001000000000000000
010000010000100000000000000000
000000100000000000000000000000
000000000000100000000000000000
000000010000000000000000000000
000000000000000000000000000000
000000000000000000000000000000
000000000000000000000000000000
000000000000000000000000000000
101110100000000000110001111111
111011000010000000000101111111
010011100001100000001001111111
111111010000000000100011111111
110111010100000000000001010111
111111010000000000100010110101
111111110000000000010000011101
111111100000000000000000010111
110111001010000000000100101011
101011110100100000000001000011
101001000000000000000100100011
001110100001000000000000000100
011011000000000000000000000000
101101000000000000000000000000
000000000000000000000000000010
000001000000000000000000000000
000000000000000000000000001010
000000000000000000000010100100
000000000000000000010000110001
000000000000000000010110000100
000000000000000000101111100001
000000000000000000110110111001
000000000000000001101111111110
000000000000000000010011110110
000000000000000111011101111111
000000000000000000011010111111
000000000000000001001010011111
000000000000000000011011011101
000000000000000000010001111111
000000000000000000000101101111
