25 91 15
0000000000000000000011000
0000000000000000000000000
0000000000000000100001001
0000000000000000000000100
0000000000100000000000010
0000000000000000000100000
0000001000101000000010000
0000000000100101100000000
0000000000010100000010000
0000000100011101000000010
0000000001000101100100001
0000000100011100111001010
0000000000000100100001000
0000001010000110011100000
0000110000001000011001001
0000000000001000000100100
0000000000000110010010000
0000000100000000010000001
0000000101000000100011001
0000000000000100101010100
0000000000000001110000000
0000000000000000101010100
0000000000000010000000000
0000000000001000001000000
0000000000000010000000001
0100111110100111011100000
0111000110000000100101100
1111001000000000010001000
1000000000000001101100000
0000000100000000000100000
0010000000000000000000000
0010001000001000000000000
0000000100000000000000000
0000100000000001000000000
0000010000000000010000000
0000000000000000000000000
0001000000000001000000001
0000000000000000001000000
0000100000000000000100110
0010000010000000001001000
0100010000000000001100100
0000000000000000001001101
0010000000100000000100101
0000100000000001010001011
0000000000000000100001001
0000000100000000000001100
0000000000010000000001000
0000000100001000000000000
0000000001001010000000000
0000000000000000000000010
