30 161 6
000000000000000000000000000000
000000000000000000000001100000
000000000000000000000000001100
000000000000000000000001011011
000000000000000000000000111001
000000000000000000000000101000
000000000000000000000010000110
000000000001000000000000010001
000000000000000000000000101000
000000001000000000000000010100
000000000000000100000000010010
000000000000000000000000000100
000000000000000001010000000000
000000000001000010000000000000
000000000111000100000000000000
000000001001000001000000000000
000000001010111110000000000000
000000111110101010000000000000
000001010000001101000000000000
000011110011010100000000000000
000001011111111001011000000000
000001001011111100000000000000
000101001111110110100000000000
000000010110111000000000000000
010101101111111110000000000000
000001100110001110000000000000
000001010111110001000000000000
000001101011111100000000000000
000101111011011101000000000000
000001001010110010010000000000
000100000000000001110101000000
110111000000000000110111000000
000000000000000110100110010000
000000000000000101101110010000
000001000000000110011110000000
000000000000000011111110101000
000000000000000001011101101000
000000000000000100001010000000
000000000000000010011001010000
000000000000110101110010000000
000000000000011100111100010000
000000000001000101011110100000
000000000000101011111110000000
000000000000001001110110100100
000000000000001111111111010000
000000000000101111111110100000
000000000000001001111011000000
000000000000000011111001000000
000000000000000000101000001000
000000000000000101000000000000
000000000000000000000000000000
000001001100000000000000000000
000000010000000000000000000000
000000100000000000000000000000
000000001000000000000000000000
010000110010000000000000000000
001010111000000000000000000000
000000111000000000000000000000
000000000110000000000000000000
000000001000000000000000000000
