23 165 12
00100000000000000000000
01000100000000000000000
01010100000000000000000
10100100010000000000000
10110000000000000000000
11110010010000000000000
11111110000000000000000
11111101010000000000000
11110111000000000000000
11111110101000000000000
11111111011000000000000
11111111010001100000000
11111101111000000000000
11111110100110100000000
11111111011010000000000
11111111000100000000000
11111111000000000000000
11111101001000000000000
11111111101001000000000
11111100110000000000000
11111100100010000000000
11010110000000000000000
10001010010010000000000
11111111111111100100000
11111111111111100000000
11111111111111110100000
11111111111111110000000
11111111111111111000000
11111111111111101010000
11111111111111100000000
11111111111110000000000
11111111111011000000000
10111111111111000000000
01100111110100000000000
01010011000000000000000
00000000010000000000000
00000000000000000000000
00000000000000000000000
00000000000000000000000
00000000000000000000000
00000000000000000000000
00000000000000000000000
00000000000000000000000
00000000000000000000000
00000000000000000000000
00000000000000000000000
