28 167 8
0000001001000010100000000000
0001110110000000001000000000
0011100001010000000100000000
0000010010100010000000000000
0010010111110001100000000000
0001111011111111000000000000
0011110111111000100000000000
1101101110100011000000000000
0001110101001000000000000000
0111110111110110000000000000
0110111111111100000000000000
0101101000101000000001000000
0011111001111000010001000000
0100011010111101000101000010
1000001100110100000010010000
0000101011100100000001000110
0000010000100000000101011000
0000001001011000100000011000
0000000010101000000000010010
0001001000000001000000000000
0000001000000100000001000010
0000000100000000000000000000
0000000000100000000000000000
0000000000000000000000010000
0000000000000000000000000000
0000000000000000000000000000
0000000000000000000000000000
0000000000000000000000000000
0000000000000001011000000000
0000000000011100110110000000
0000000010111010001000000000
0000000000001111111100000000
0000000000000000011101001000
0000000000100000000000000000
0000000000000000000000000000
0000000000000000010000000000
0000000000000001100000000000
0000000000000000000000000000
0000000000000000000000000000
0000000100000000000000000000
0000110100000000000000000000
1000110011000000000000000000
0110001000000000000000000000
0010011000000000000000000000
1101001110000100000000010000
0001101111000010000000000000
0111111111100000000000001100
0101111110010000000001000011
0101011111100000000000000000
1011111111001001000001000010
0100011111111110000000001101
0111010101100100000000100111
0100110110001000000000000010
0111110110101000010000000010
0001110110100000000000001000
0010011101100100000000000011
