18 117 13
111001100010000000
011011000000010000
111101000100100000
011111110000010000
110101011100000100
001111111110000000
101110110100000000
011100110100000000
111011110011000000
111011110110000000
100001111100100000
010111111000000010
011010111000000000
100100011001000000
001000101100000000
110010010000000000
100001100000000000
010011011010000000
000000000000000000
000000000000000000
000000000000000000
000000000001000000
000000000100000000
000000100010000000
100000000010000000
000000101000000000
000010101110100000
000001001111111110
000011111111111101
000001101111111111
000011011111111110
011100111111110010
110100011111111100
001110111111111000
010010111111110101
100100001111110000
