22 102 14
1011000000000000000000
0110110000001101100000
1011100001110111100000
1111000011111110100000
1000000001111111110000
1100000000111010000000
0100000001011100000000
0100001000001000000000
0000000000000000000000
0100000000000000000000
0010010001000010000000
0011000100000000000000
0000000011000000000000
0000110001000000000000
0010011000000000000000
0000100100000000000000
0011110001001000000000
0000101111110000000000
0010010000000000001000
0010010010010000000000
0001000000000000000000
1001010010100000000000
0000001000011100011110
0000000001101111111011
0000000010101110111111
0000000001111111111111
0000000000001111111010
0000000000110101100111
0000000000011011101110
0000000000100100110110
0000001100100110100010
0000000000000111101100
0000010000100001111000
0000000000000110000000
0000000000001000101000
0000000001000000100000
0000000000000000000100
0000000000001000000000
0000000000000000000000
0000000000000000000000
0000000000000100000000
0000000000000000000000
0000000000000000000000
0000000000000000000000
