16 94 15
0000000000000000
0000000000000001
0000000001000000
1011000000000000
1000000000000010
1100000000000000
1110000000100110
1110110101100001
0110001001001111
0111100010011111
1010100010001111
1001001010111111
0000000111011111
0000000100101111
0110000111111111
0001000101111111
1001101110100000
1110010011110100
0100111111100011
1001111010100000
0000111110110000
1010011001010000
1100001010010000
0100010100000000
0000000010100000
0000011000010000
1010101111011000
0000000111100000
0001111110010000
0001001011100001
0001100011100000
0000000011101000
