16 116 15
0011110000110110
1110110010110010
1111011101001111
0010101100101111
0110111010111000
0110101100101111
1100010111111001
0001000111111011
0010000111111111
0000001001011101
0001101001000101
0000000101100010
0000000000001010
0000000001001111
0000000000011111
0000000000001010
1101110000000001
1011000001101000
1100111111010010
0110110110011100
1101111110111101
1111101010110111
0111010110111000
1100011110100011
1000111011100001
1011110110010100
1010011101101000
1000110000001000
1101000011010010
0000000000000000
0010011000000100
0000000000110000
