19 172 15
0000000010000000000
0000000000001000000
0000100000111001000
0000000100000100000
1000101111101000001
0001001101100001110
1110111111101001100
0111111100111110011
0101111111111100000
1010111111111111000
0001110111111111010
0101100011101011000
0101111100111010011
0111111111111111011
0101110110101010110
1101000111001110000
0011110111111000000
0010101100111100000
0001100100100000000
0010001001011110111
1111111001011110111
1111100011101111010
1111000100011000100
1111100001000011011
1101001001110001110
1010001010110011011
1000011100011111010
0000000010111011110
1000000000100011111
0000000100000111111
0000010000000111111
0000000000001111111
0000000000011111111
0000000000011111111
0000000110111111111
0000000000011111111
0000000001101101111
0000000000010111111
