20 164 13
01001111111111111111
00001110111111111111
00000111111111111111
00010001111111111111
01011011111111111101
00000101111111111111
10001100011111111111
00100001100111111111
00001011011111111110
00000001101111111111
00000000001110110100
00010001010111010010
00000000100101001100
00000000000001000100
00000001000000000000
00000000000000000000
00000000000000000000
00000000000000000000
00000000000000000000
00000000000000000000
00000000011011111101
00000000111111111101
00000000001111011000
00000011110011111000
00000000011110110000
00000000010001011010
00000000101001110000
00000000000111100000
00000010000111000101
00001000100011010100
00000000001011011110
00000000011101110111
00000000010011011011
00001000001111111111
00000000011111111111
00000010001111111111
00000000001111111111
00000011011111111011
00000010101101111101
00000000011101101111
