18 160 13
000000000000000000
000000101010000000
000000000000000010
000111000000100000
000010010100000010
000000001110100100
011001110101110000
000001110110011000
010110011110110011
001011111111011100
101111111111111111
101101111111111100
011011111111111110
101111111111011110
000110111111111000
001001110111110110
010001111111110111
000101110001100101
111111111111010100
111110111111101000
111101111111010100
101111111111011100
111111111111100010
111111111111011110
100111111111001100
001011111111011010
110111111111100000
011111111111100100
111111110111110000
001000111110000000
000010011110000000
000000100100000000
000000000000000100
000000000000000000
000000000000000000
000000000000000000
