17 123 9
00001101011111111
00000101011101101
00000111000101100
00001010111011011
10100100000101111
00001101101110111
10110000001100100
01011111101000011
10100001001110111
10110010010001000
11101110001001110
10000110010001100
10001001000001110
10000000001001001
11000110000000101
10110000000001000
11110000000000000
00010011101101101
00001111111011100
00111011110110100
01010101111110010
00011111111110000
00011000111101111
00000111111111110
00000000011110100
00001000001011111
00000100011001011
00000010010001111
00000000011110011
00000000001100100
00000000011010111
00000000010011111
00000100010101101
00000000000000110
