22 81 14
0000000000000100000000
0000100000000000000000
1000000000000000000000
0000000000001000100000
1100000000000111110001
0000000000010101001100
0000000001010000000010
0010010001000000100100
0010000000010000001101
0100100000000000010110
0000000000001011001110
1100000001001101110100
0000000000010001011111
0000000000000000100010
0000000000000000100101
0010000000000010110000
0000000000000000010000
0000000000001100000000
0000000000001010000000
0000000000010011000000
0000000001000000010000
0000000010010001000100
1111110111000000000000
1111011000000000000000
1011110110100000000000
1011100000000000000000
1110000000000000000000
1111110001000000000000
0100101000000000000000
0101000000000000100000
0001000000000000100000
0010000000000000100000
0000000000000001100101
0000000000000010111100
0000000000000110101111
0000000000000011101010
0000000000000101011111
0000000000000001000000
0000000000000101000000
0000000000000000000010
0000000000000000000011
0000000000000000000000
0000000000000000000000
0000000000000000000000
