22 122 11
0000100001000000000000
0000000000010000000000
0000000001000100000000
0000000010000000000000
1101000010110000000000
0100001011100000000100
1010110100000000000000
1000011001101000000000
0001101100001100000000
0111111111010001100000
0110111101001000000000
0111111011010000000000
1111111001011010100000
0010110110010010010000
0100111101100100000000
0100011110011001001000
0000111010001100000000
1110001000001100000000
0000100001101110000000
0100001000000000000000
0000000001000000000000
0000000000000000000000
0000000000000000000000
0000000000000000000000
0000000000000000000000
0000001000000000000000
0000110010000000000000
0001001010000000000000
0000001011111000000000
0001001110111000000000
0001111111101010000000
0000101111101100000000
0000111111111001000000
0000011111111110000000
0001111111001100000000
0000010111010000000000
0000011111010000000000
0000111111100000000000
0000110111110000000000
0000010111100000000000
0000101001001011000000
0000000100110001111000
0000001000010001010100
0000000000000101111011
