29 403 6
00000000000100011111111111110
00000000000010101111111111111
00000000000001111111111111011
00000000000001111111111111111
00000000100111011111111111111
00000000001000110111111111111
00000000010111111111111111111
00000000000111111111111111111
00000000000111111111111111111
00000000000111111111111111111
00000001000101111111111111111
00000000000011111111111111111
00000000001011111111111111111
00000000000001111111111111111
00000000000111111111111111111
00000000000000111111111111111
00000000001011111111111111111
00000000000100011111111111111
00000000000011101111111111111
00000000000011111111101111111
00000000000000100111111101111
00000000000000000111111111111
00000000000000001100111111111
00000000000000000000111111111
00000000000000000000011101111
00000000000000000000111111100
00000000000000000000100000111
00000000000000000000000111100
00000000000000000001000010011
11111111111111111111110000000
11111111111111111111111000000
11111111111111111111111000000
11111111111111111111111000000
11111111111111111111110001000
11111111111111111111111000000
11111111111111111111111000000
11111111111111111111110000000
11111111111111111111111000000
11111111111111111111111000000
11111111111111111111010000000
11111111111111111111010000000
11111111111111111111000000000
11111111111111111111100000000
11111111111111111110000000000
11111111111111111100000000000
11111111111111110000000000000
11111111111111000000000000000
11111111111001000000000000000
01111111011000000000000000000
00100110000000000000000000000
00010000000000000000000000000
00000000000000000000000000000
00000000000000000000000000000
00000000000000000000000000000
00000000000000000000000000000
00000000000000000000000000000
00000000000000000000000000000
00000000000000000000000000000
