21 171 13
110010010010001010110
111011111101001111110
111111111000100000010
001111101001011011000
110111111100011100011
100111111111000111001
111111111110011010111
111111110001001111000
111111111011110010100
111011111100000001000
001111111111101010001
011111010100000001000
001110110000000000000
100010100100000000000
000100000010000000010
111000000100000000000
010010000000000000000
000010000000000000000
000000000000000000000
000000000000000000000
000000000000000000000
000000000000000000000
000000000000000000000
000000000000000000000
000000000000000000000
000100000000000000000
000000000000000000000
001000100000000000000
000100010000000000000
111011010000000000000
110111110000000000000
001110111101000000000
101111111110100000000
111111101100000000000
011111111110110100000
111101111111101100000
011111111111111100110
011111111111110110000
011110111111111111010
011111111111110111100
000011110111111110111
111101111111111111000
