23 64 15
10000000010000000000000
00000010010000000000000
00000100000000000000000
00000001100000000000000
10100100000000000000000
10100010100000000000000
01011001100000000010000
00010000000000000000000
01100000000000010000010
01110000100110001000000
00001110101000000000000
00100101010000110000000
01000000000010010000100
10000000000000000110000
00010000000000100000000
00000010000000000011000
00000000000000000000000
00000000000000000000000
00000000000000001010000
00000000000010000001001
00000000000001011000000
00000000000000000000000
00000000000000000000010
00001010001100000000000
00001000000000010000000
00001110010010000000000
00101000000010001000100
01000001000000000000100
10010111110011000100100
00101000000000110000000
00001110010111000000000
01010101000000011000000
11000101000010010000000
00010101000001000001000
00000000000000000000000
00000000100001000000000
00000100000000000000000
00001000000100000000000
00000000000000000000000
00000000000000000000000
00000000000000000000000
00000000000000000000000
00000000000000000000000
01000000000000000000000
00000000000000000000000
00000000000000000000000
