27 106 11
000000000000000000000000000
000000010000000000000000000
100010000000000000000000000
100000100000000000000000000
100100000010000000000000000
100001000000000000000000000
000110000000000000000000000
100101101000000000000000000
100111000000000000000000000
100101100000000000000000000
011000100000000000010000000
010101000000000000000001000
111001000000000000000100000
000000000000000000010000000
100110000000000000000100000
011100000000000001000100000
001000000000000000001100100
001000000000100000000100100
100000000100000000011000000
000000010000000000000000010
000000001100000000000000000
000000010000111101001000000
000000000001001000100000001
000000000000101111100000000
000000000101101101001000000
000000001101000111111001000
000000000000010011010101101
000000000000000000000000000
000000000000000000000000000
000000000000000000000000000
000000000000000000000000000
000000000000000000000000000
000000000000000100000000000
000000000000000000100000000
000000000000000000000000000
000000000000000000010000000
000000000000000000000000000
000000000000000000100000000
000000000000000000001000000
000000000000000000000000000
000000000000000000000000000
000000000000001100000000000
000000000000000101000010000
000000000000000101000000000
000000000000000100010000000
000000000011111000101000000
000000000010111000110000000
000000001111111111100000000
000000000110111110111000000
000000010111111111100000000
000000011011111111111000000
000100110011111111110000000
000000000111111111110110000
000000000011011111010000000
