23 122 9
00000100101100011100110
10000000001010000000011
10000100001110110100101
00110101001001100100000
00100000011110000101010
10000000110000000010100
00000000111010000011000
00011010010000001101000
00010110000001000000011
01000000011100000001000
00010000111100011001000
01001000000010010101000
00000000001100100011000
00100000001100110010000
00000000000000101100010
00001000110000010110100
00000000100000001001000
00010010100000000000000
00100010000000000000000
00000101001000000000000
00000000100000000000000
00001000100000000000000
00000001110000000000000
00000001111111111100000
00000010111111111000000
00000111111111111100000
00000001111111111100000
00000000010111111000000
00000000000101000000000
00000000000110000000000
00000000000010000000000
00100000000000000000000
00000000000000000000000
00000001000000000000000
10000000000000000000000
11000001000000000000000
00101110000000000000000
11011011000000000000000
11111100000000000000000
11111010000000000000000
11111111000000000000000
11110101000000000000000
11111100000000000000000
11110100000000000000000
11100110010000000000000
11111001000000000000000
