18 72 8
001101110000000000
011000111100000000
011110100000100000
111110111000000000
001110111001000000
000100101000000000
001101000100000000
000000000101100000
000011011000000000
100001000000000000
101010000000000000
010001000010000000
001001100010000000
000000000000000000
000101001000000000
010110101000000000
011001000000000000
001010010000000000
000000000000100000
000100000011000010
000100000000001100
110000000100011011
110100010001000111
111000010000010001
110010000000010011
101110000000001001
001100000000110000
010010100000000000
011000000000001000
001100000000010000
100000000000100000
000000000010000000
000000000100101000
000100100000001000
000000100110010001
000001000111000000
