22 229 12
1111111111111100100000
1111111111111100000000
1111111111111100000000
1111111111111010000000
1111111111111100000000
1111111111111111010000
1111111111111000000000
1111111111110000000000
1111111111111000000000
1111111111111010000000
1111111111110100000000
1111111111111000000000
1111111111110100000000
1111111111100000000000
1111111111000000000000
1011111010110000000000
1101111100000000000000
1101110100000000000000
1110001000000000000000
0111000000000000000000
0000000000000000000000
0000000000000000000000
0000010000000000000000
0000000000000000000000
0000000000000100000000
0000000001000000000000
0000100000011000001000
0000000000010000000000
0000101001000001000000
0000010001000111000010
1000000100110111110000
0000010001111111011000
0000100111110111110100
0100000011111111100001
0000011111111111110100
0010111111111111111110
0001111111111111111011
1011111111111111111111
0111111111111111111000
0001111111111111110100
0001101111111111111110
0001111111111111111100
0010111111111111101100
0000111111111101111000
