27 295 13
000000000000000000000000000
000000000000000000000100000
101000000000000000000000000
001010101000100000001000100
000011010000000000010000000
110100000000000010010100001
111011101100000010110111110
111110101000010001001111110
101111111000000000111111111
101011110000001001111111111
111111111000000001111111110
111111111100001111111111111
110111111010000111111111111
111100011100000110111111111
011111111110000001111111111
111111110111000011111111111
111111101110100101111101101
011110111010000010111110110
111111111110000001110111010
111000111001000000000010011
010111100000000000100110100
010000100000100000100001000
110100000000000001000000000
000100000000000000010000000
100001000000000000000000000
000010000000000000000000000
000000000000000000000000000
000000000010010011111111111
000000000001011011111110001
000000000001011011111111111
000000000010010111101111110
000000000000101000111111111
000000000000000001111111010
000000000000000011101011110
000000000001000000011001110
000000000000010100110101010
000000000000000000010100101
000000000100000110011100000
000000000010000010000000000
000010010001000000110000000
000000000011110001010100000
000001101110100111001000000
000001111101101010000010000
000110001111111001000000000
000001010111111110101100000
001011101111111101100000010
000010111111111111100100000
001100111111111101111000000
001101011111111111010100000
000110111111111111110100100
001111111111111111110000000
000001111111111001111010000
000000101111111111000000000
010100010111111111100100000
