20 75 10
00000000000000000000
00010001000110000000
00000000000000000000
00000000100000000000
01110000110000000000
00001000000000010000
00000000010000001000
00100100010000000000
01110001000000000000
00110010110100001100
01100001100011000000
11100000000001000000
01101101001010010100
01010010010001000001
00100000110000010101
10100000010011010010
01010000000000000000
00000010000010000100
01000000000010000000
00000000000000100000
00000000000010000110
00000000000000000000
00000000000000010000
00100000000000100010
00000000000000000000
00000000010000010001
00000000010000110010
11010000000001000000
00001000000010100000
00000000000010010100
00011000100011101100
10011000000010010010
10010000000101000000
10100101001111000101
11100000001011010000
01100000000110100000
00100101100000000000
10100000000010000000
01011000000000000000
00010000000000000000
