17 61 7
00000000000000000
00000000100010000
00000000100000000
00000001110000000
00000000011001100
00001100000000100
00000000101000000
00000011001110000
00011011111000000
00000011000000001
00000000110100000
00000000000000000
00000000110100011
01000000000101101
00000001001111100
00000000011100111
00000000111001101
00000000000000000
00000000000000000
00000000000000000
00000000000000000
00000000000000000
00000000000000000
00000000000000000
00000000000000000
00000000000000000
00000000000000010
00000000000111100
00000000011111101
00000000110111111
00000010011111111
00000011111111111
00000101111111111
00000001111111111
