30 197 8
000000000000000000000010111111
000000000000000000001111111111
000000000000000000010011111111
000000000000000010000101111111
000000000000000000111011111111
100100000000000000001011111111
011101000000000000100111111111
110110001000010000101011111111
111110100000000000010001111111
011111000000000000000111111111
111111100000000000001111111111
111111100000000000001000111111
111100100000000000000001011111
111001101000000000000100110111
010111000000000000000101111111
010001000000000000000001101011
100000000000000000000001000010
000000000000000000000001010010
000000000000000000000000001000
000000000000000000000000001000
000000000000000000000000000100
000000000000000000000000000000
000000000000000000000000000000
000000000000000000000000000000
000000000000000000000000000000
000000000000000000000000000000
000000000000000000000000000000
000000000000000000000000000000
000000000000000000000000000000
000000000000000000000000000000
000000000000001000000010011111
000000000000000010010100101110
000000000000000000010001111111
000000000000000000011010101100
000000000000000000001111001111
000000000000000000000100011011
000000000000000000001010111111
000000000000000000011010101110
000000000000000000000000111110
000000000000000000000100011000
000000000000000000001100010100
000000000000000000100000000100
000000000000000011000100000000
000000000000001100000000000100
000000000000000100100100100000
000000000000000101001011000000
000000000000100111001100101000
000000000000000110101001010110
000000101000001011110110100010
000000001000101101001010100100
000000000000000000011100000100
000000000000000100001010101000
000000000000001110011101001111
000000000000000000110100111010
000000000000000101010011111111
000000000001000000111111111110
000000000000000001000010110111
000000000000000010110011000010
000000000000000010000001101110
000000000000000000001011101101
