22 144 14
0000011111111000000010
0000010111110100000010
0001111111100000000100
0111011101110100100100
0001111001111010000000
0000100000011101100000
0000001001010000010000
0011000000010000000000
0001000000000001000000
1001100001001000101010
1011110110000000010000
1000010010001100100000
0011001000000000011111
1110101000010001001001
1001100000010000000110
1111101000010000000000
0011101000001000000111
1101000010100000100100
1110100110000000000000
1101001101000000000000
0010010000000000000000
0000000001000000000000
0010111111111000000000
1011111111100111100000
0111111111111111000000
0011111111111110100000
1111111111111110000000
0111111111111110000000
1111111011111000000000
0111111111111001000000
0101111111111001000000
0110111111100000000000
0000011010000000000000
1100100111110001000000
0000010001000000000000
1000000001000000000000
0000000000000000000000
0000000000000000000000
0000000000000000000000
0000000000000000000000
0000000000000000000000
0000000000000000000000
0000000000000000000000
0000000000000000000000
