16 94 15
0000000000000000
0000000000000000
0000000000000000
0000001000000000
0000100001000010
0000000000100011
0000001001001000
0000110000000100
0101001111011010
1100111011100101
1000111111110001
0011111111111101
0000010010011100
0101111111011110
0001111111011100
0001111111111101
1100011010001111
0000000011010011
0001101111111111
0001000000111101
0000000000111111
0000001111000101
1000001001000101
0000111001010100
0000010011100000
0110000000101010
0000000100100000
0011101100101000
0100000101100000
1101001101000010
0000101001000000
1111100010100000
