17 142 15
01111110011011110
11111011110100001
01111001110111110
01100111110101010
11011110111101111
00100101001101011
01101011111011111
01100000011111100
00100111011110011
00000010011110111
00000010100001110
00100010111110001
00000000011101000
01000010111100010
00000110000111000
01000000100000001
10100010010000000
00010000000000000
00000000000000000
00000000100100000
00010011110000110
10001011011010001
11111110011010000
00101011111110100
11111111011111000
11111111111110000
11111111111111000
11111111111111000
11111011011111010
11011110000101010
11111111111100000
01101010011000000
10110010000000000
10111011000000000
