25 67 5
0000000000000000000000000
0000000000000000000000000
0000000000000000000000000
0000000000000000000000000
0000000000000000000000000
0000000000000000000000000
0000000000000000000000000
0000000000000000000000000
0000000000001000000000000
0000000100000000000000000
0000000100100000000000000
0000010011001100000000000
0001010101100010000000000
0011011111111010000000000
0000101011110100000000000
0010110111011110000000000
0000101111001000000000000
0000001011000000000000000
0001000111000100000000000
0000010010100000000000000
0000100010000000000000000
0000001000100000000000000
0000000001000000000000000
0000000000000000000100000
0000000000000000000100000
0000010100000000000000000
0000001000000100010000000
0000100001010000000000000
0000001010101000000100000
0000000100100000010000000
0001000100011001101000000
0000000011110101000000000
0000101101011110000000000
0011101100111001001000000
0000000101000001000000000
0010000010000000000000000
0000000000100010000000000
0000000100100100000000000
0000000001011000000000000
0000001100000000000000000
0000000000000010000000000
0000000100000000000000000
0000000000000000000000000
1000000000000000000000000
0000000000000000000000000
0000000000000000000100000
0000000000001000000000000
0000000000000000000000000
0000000000000000000000000
0000000000000000000000000
