20 158 9
11100101010000000000
00010101010110010000
00000001111101010000
00110100010101000000
01110110010000100001
01001000100000001001
10101001010111101000
11011000101111011000
00010010011100110000
00100000100101111110
00010010101111111011
00101111001011111100
00001111000111011100
00000000001101111110
00000000000111110110
00000101100111111100
00001010010010111110
00000001000010111000
00000000000100100100
00000000001111001010
01011010111111101011
10100011101110110110
01100101100111000010
00100101110010111100
00011000011110100101
01010001010111011000
00001001110011011011
00000100011111001110
00101000001111011101
00000000010010110111
00001000111110011111
00000000001110111101
00100000000110100101
00000000000001111101
00000000000001011000
10100000000001011110
10100000000001110100
00101000000010000000
11010000000000001000
11111000000000000000
