27 316 13
000011010000110100010111101
110101010011010011111100000
111111111110011110011111111
110111111101101111110011011
011111110101111111111111100
111111111101111111111011110
111101101111011111111101101
110111111111011111101101111
111101111111111111111111110
111111110110110111011011010
101111011110011110111101110
110110111111111111101100100
001111001001111011111110011
000001010100010111000000000
000011010110110100100100001
000100010010101101100010000
101100110010101000010110000
000101000101001000001000000
000000000000000000100010000
000000000000000010100000000
000000000000010000000010000
000000001000000000000000000
000000000000000000000000000
000000000001000000000000000
000000000000000000000000000
000000000000000000000000000
000000000000000000000000000
111111011000000000000000000
111110011100000000000000000
011111111110000000000000000
111101111100000000000000000
111111100001000000000000000
011111010010100000000000000
011111010001000000000000000
011101000101000000000000000
101110100110110000000000000
111111001000011001000010000
111101100111001100010000000
111111000111111110000000000
111111100111001001111000000
111111110111101101000100000
111111101111111111100100000
101111111111011111010101000
110101111111111111010000000
011111111011111111111000000
100111111111101001111010000
000011111111111110111000000
011101111101111110100010000
010010111111101101111010000
000110010111111100010010000
000000111100100010101010100
000000000101000011000010000
000000010000101000100000000
000000001011010010000000000
