23 197 15
00000000000001000000000
00000000000001000000000
00000010000000000000000
00100000000000010000000
10001001000000000000000
10000110000100000000000
10111100010010001000000
10111010000111010000000
11011101010011101000000
11111111011111000100000
11110110101111111010000
01111100111111111001100
11110111111111101110000
10110111111011110111010
10100000111111110001000
11110110111101101000000
00111000010011100000000
11011011011100000001100
11111101101101100010000
11110000000000001001000
10011110000001100000000
11110100000000000000000
11101010000000000000000
00000000000000000000000
00000000000000000001000
00000000000000000000000
00000000000000000000000
00000000000000000000000
00000000000000000001001
00000000000000000000010
00000000000000000010111
00000000000000000111001
00000000000000111111111
00000000000000001111111
00000000000000111111111
00000000001000111111111
00011100000001111111111
01100000000000111111111
11110011010100111111111
11110100000010111111111
11111101000000111111111
11101110000001101111111
11111110010011111111111
11111111000100011111111
11111111000000001111111
11111110000000010011011
