24 140 14
000011111010000000000000
010101010000000000000000
010001100000000000000000
011101000000000000100000
000100000000000000000000
010110000000000100000000
011001101010000000100000
101001100000010001000000
000000000000100000000000
000000010000000000000000
000000011000000000001000
000000000000100100010000
000000110011111100100000
000000001111110001110000
000000101111111001000000
000000001001010111010000
000000000110111110100100
000001011100101101100001
000000001001101011111110
000000101011111010000000
000001001101101110000010
000000001100101011000000
000000000011010111000000
000000000001001010000000
111110100010000000000000
111111011100000000000000
111111100000000000000000
111111110000100000000000
111111111000000000000000
111111110000000000000000
111111111110000000000000
111111111100000000000000
111111111000000000000000
111111111000000000000000
111111111101000000000000
111111110000000000000000
111111101000000000000000
111111010000000000000000
111110100100000000000000
111010000000000000000000
111010010000000000000000
010000000000000000000000
001000000000000000000000
000000000000000000000000
000000000000000000000000
000000000000000000000000
000000000000000000000000
000000000000000000000000
