20 53 12
00111111100001000000
01011111010000000000
01011111100000000000
01111111110000000000
01111111100000000000
00111111110000000000
00001011000000000000
00001000100000000000
00000001000000000000
00000000000000000000
00000000000000000000
00000000000000000000
00000000000000000000
00000000000000000000
00000000000000000000
00000000000000000000
00000000000000000000
00000000000000000000
00000000000000000000
00000000000000000000
00000000001011000000
00000000000000110010
00000001011000010000
00000000001011101000
00000000000000100000
00000011011000011010
00000000000001100010
00000000011010110100
00000100101000000000
00000000011100010001
00001000000011000000
00000000000110001001
00000000001000010100
00000000000000000000
00000000000100000000
00000000010000000000
00000000000000001000
00000000000000000000
00000000000000000000
00000000000000000000
