30 404 15
000000000000000000101101111111
000000000000000000110011111111
000000010000000001001111111111
001111010000000000011110111111
001000010000000000010111011111
000001101011000000001111111111
000010101010000010011111111111
001011110010000000111011111111
000111100000000001111111111111
101110101000001011110111111101
000000001001000100001100111111
001100000000000000011111111101
000100110000000101111101101101
000000010000000011110010010101
010000110010000000111100001000
010100000010100010000110000000
101011100111111001010100000000
001110111111100000000000001000
111111111111111111100000000000
111110111111111001100000000000
011110111111111111110000000000
111111111111111111000000000000
111111111111111110000000000000
110111111111111110100000000000
111111111111111111000000000000
111111111111011110000000000000
011111111111110110100000000000
000110010111010000100000000000
001000010110110111000000000000
000100000010100000000000000000
111111111110000000000000000000
111111111111000000000000000000
111111111110000000000000000000
111111111111000000000000000000
111111111110000000000000000000
111111111100000000000000000000
111111111100000000000000000000
111111101100000000000000000000
111111010000000000000000000000
010100100000000000000000000000
010000000000000000000000000000
000000000000000100000000000000
000000010000111010000000000000
000000000000100100000000000000
000000000101111001001000000000
000000000001111111111001000000
000000000111111111111110000000
000000011111111111111110000000
000000001111111111111101000000
000100011111111111111110100000
100001101111111111111111000000
000000111111111111111111100000
110110111111111111111110000000
111111111111111111111110000000
111111111111111111111110010000
111111111111111111111111100000
111111111111111111111111000000
111111111111111111111100000000
111111111111111111111100000000
111111111111111111100000000000
