27 208 10
000000000000000000000000000
000000000000000000000000000
000000000000000000000000000
000000000000000000000000000
000000000000000000000000000
000000000000000000000000000
000000000000000000000000000
000000000000000000000000000
000000000000000000000000000
000000000000000000000010010
000000000000000000000110111
000000000000000000001101100
000000000000000000010101111
000000100000000000001011110
000000101101110000010111111
000010011111111010000111100
000000011111111110000000110
000010111111111110110001010
000111111111111110000000000
000011111111111111000010000
000011111111111111000000000
000111111111111111100000000
000111111111111111000000000
000011111111111111010000000
001101111111111110010000000
000111111111111111000000000
000001011111111110000000000
000101111111111111111011110
011111111111111111111100000
000011111111111111111110100
001101111111111111101110101
000001111111111111111111101
001001111111111111110110000
000010110111111111111010000
000000011111111111111110000
000000011101111111100000000
000100001111111111110000100
000010111011111110010010000
000000010011111000001000000
000000000000110001100000000
000000000110000000101000000
000000000000000000000000000
000000000000000000010000000
000000000000000000000000000
000000000000000000000000000
000000000000000000000000000
000000000000000000000000000
000000000000000000000000000
000000000000000000000000000
000000000000000000000000000
000000000000000000000000000
000000000000000000000000000
000000000000000000000000000
000000000000000000000000000
