28 185 10
0000000000000000000000000000
0000000000000000000000000000
0000000001000001000001000100
0000000001001000100111100010
0000000100100100100000000000
0000000000101111001011100000
0100000001001100100010100000
0000000010011101111011110000
0000000010001011101111001100
0000000001111111101101100000
0000010001101111110111011000
0000000110001111111111110100
0000000010001111101111100000
0000000010101111111011111000
0000000000010111111101110100
0000000000000010011111100011
0000000000000101111010110110
0000000000100101110011100000
0000000000101010000001000000
0000000001000110100000000000
0000000000000001010000001000
0000000100000000000010001000
0000000000000000000001000100
0000000000000100010000000101
0000000000000000000000000110
0000000000000000000000000000
0000000000000000000000000100
0000000010000000000000100000
0000001000011111111010100000
0000000001011111111110000100
0000000001011011011100000100
0000001000010101111110100000
0000000000010011011100000100
0000000001000011001111011000
0001000000000100000000110000
0000000000100000011011101000
0000000000100001000010000000
0000000010010000111010000000
0000000000000100000000000001
0000000000001010000000000100
0000000000000000000000001000
0000000000000001101000101011
0000000000000000000000100101
0000000000000000000001001111
0000000000000100001001111101
0000000000010010010001110100
0000000000000001010111001001
0000000000000000001111101000
0000000000000001001111010100
0000000000000000000111111001
0000000001001000100100010100
0000000000000000101000101000
0000000000100010101100010101
0000000000001001111111100000
0000000000000101111111010000
0000000101000000011111010000
