21 165 6
000000000000000011001
000000000000000100111
000000000000000001111
000000000000001001110
000000000000000011111
000000000000000010110
000000000000000101100
001000000100010000110
000000000111000000010
000001111101000000000
000000111011000000000
001011111111010000000
000101111101110100000
001001111111111100000
000101111111111100000
001111111111110100000
010111111111111001000
001001111111110000000
100101111111000110000
110111011111010111100
100110111111110010000
010111001101100000000
011011111100110000000
111001101110000000000
111110001111000000000
111111011100011000000
010100010100000000000
000000001000000000000
100001001000000000000
000000100000000100000
000010011010111000010
000000000111011000000
000000001100000101100
000000000101111000000
000000111111111111010
000000001010111110010
000000111011111100110
000100011111011000110
001010000111111110001
100010011111111101110
001000001111111001100
000001100110110110001
