30 136 10
001000000000000010000000000000
000000000000000000000000000000
001011000000000000000000000000
100010100000000000000000000000
110010000000000000000100000000
010000000000000001000000000000
001001000000000000000000000100
010000000000000000000000000001
000000000000000000000000100000
000000000000000000000010000000
000000000000000000000100000000
000000000000000000010001001000
000000000000000010000000001000
000000000000000000000000100000
000000000000000010001100100001
000001000000000000011000000001
000000000001010000000000000000
010100000000000100010000000010
000010001000100111000000000000
000000000000101110001011101000
000000011111110000000000000010
000000000100010000000010100011
001000000110000001001110000010
000000010001011001100000000000
000001000000000110100011000001
001000001100111111000000000100
000000000011010001000001001110
010000010001010001100110001010
000000100000001001000001111111
000000000000000100000000111000
000000000000000000000000000000
000000000000000000000000000000
000000000000000000000000000000
000000000000000000000000000000
000000001000000000000000000000
000010010000000000000000000000
000000001000000000000000000000
010000010000000000000000000000
100100001100000000000000000000
100110110000100000000000000000
100011101001100000000000000000
010001010000000000000000000000
101101010001000000000000000000
110000000000010000000000000000
100011100000010000000000000000
001100100110010100000000000000
001010100000101000000000000000
000000000000111000100000000000
010100000101110010010000000000
000000000010110100000000000000
000000001111111000000000000000
000000000001101100000100000000
000000101000100100000100001000
000001001001001010110001000000
000000000000111100000110100100
000000000000001100111111010000
000000000000010001011000100000
000000000000000010010111010010
000000000000000000011011011000
000000000000000000011011110100
