19 59 12
0000000001100000010
0000000000000100000
0000000000000100000
0100000001000011001
0000000000010001000
0000001011101100000
0001101000100000100
0000000111110001000
0000000010010000010
0000010000011010000
0010010100001000000
0000010011010100000
0000011010000000001
0010000000010100000
0000000010000000000
0000000000100110000
0000000100000000001
0000000000000000100
0000000000000000000
0000000001000001100
0000001000001010000
0000000000001000000
0001000000100100000
0000000000000000000
0001000000000000000
1001000000000000000
0000000001000000000
0101000000000000000
1101000011000000000
1110000001000000000
1100100010000001000
1011010100000000000
0110000000000000000
0100110000100000000
1111100000000010000
1000101010000101000
0010010000100000000
1000100100000000000
