25 101 9
0000000000000000000000000
0000000000000000000000000
0000000000000000000000000
0000000000000000000000000
0000000000000000000000000
0000000000000000000000000
0000000000000000000000000
0000000000000000000000000
0000000000000000000000000
0000000000000000000000000
0000000000000000000001000
1010000010000000000000000
0000001000000001000000000
0000000101000000000000000
1100100000000000000000000
0001101010100100000010000
1000011111000000000000000
1101110110011000001000000
0111111111000000000000000
1111011110010000000000000
0111111110110000000000000
0011111111110000000000000
0011111111010000000000000
0011111110110000000000000
1101111110111000000000000
1000000000000000000000000
1000010000000000000000000
0000000000000000001000000
0100000000001000000100000
0011000010000000110000000
0011001000000000011100000
0101010000000000010110000
0001100000010011111010000
0001100000000000010111000
0010000000000000001100001
1000000000000000000001000
0000000000000000000000000
0000000000000000000000000
0000000000000011000000010
0000000000000000000000000
0000000000100000001000010
0000000000000000101011000
0000000000000000000010000
0000000100001001010110101
0000000000010000011010001
0000000000000000111011010
0000000000110001010010101
0000001000000100001001000
0000000000000100011111110
0110000000000000101101100
