24 69 10
000000001010000000000000
000011110001100100000000
000011101010000010000000
001001111101000000000000
011101111001111000100000
010000010101011100100000
101001100110000010000000
010010010001000000000000
000100001011000001001000
001100001000000000000000
000100000000000000000000
000011100000000000000000
000000000000000000000000
000001000000000000000000
000000000000000000000000
000000000000000000000000
000000000000000000000000
000000000000000000000000
000000000000000000000000
000000000000000000000000
000000000000000000000000
000000110000000000000000
000000000000000000000000
000000000000000000000000
000000000000000000000000
000000000000000000000000
000000000000000000000000
000000000000000000000000
000000000000000000000000
000000000000000000000000
000000000000000000000000
000000000000000000000000
000000000000000000000000
000000000000000000000000
000000000000000000000000
000000000000000000000000
001001100000000000000000
001000101000000000000000
111101000000000000000000
111111000000000000000000
111101000000000000000000
111100010000000000000000
111101101000000000000000
111100100000000000000000
111111110100000000000000
011101110000000000000000
011111110010000000000000
111101011000000000000000
