27 154 7
000000000000000000000101101
000000000000010001000101111
000000001001000000000010111
000100000001101000010010111
000000000000100100000010011
000001000001101000010011001
000000000010100000001000000
000000000011110010000000000
000000000000000011000000000
000000000100010100100000000
000000000000110001000000000
000000000001000000000000000
000000000000000000000000000
000000000000000000000000000
000000000000000000000000000
000000000000000000000000000
000000110000000000000000000
001000010000100000000000000
010010000010000000000000000
100001101001001000000000000
101110111100110000000000000
001011100101101000000000000
100001111111001000000000000
001111111111111000000000000
111011111111110000100000000
101111111011111100000000000
111111111111010100100000000
000000000011110000000000000
000000001000001100000000000
000000110111000100000000000
000001101011000000000000000
000010111111001000000000000
001100101010111000000000000
010000111111101000000000000
001000011111101000010000010
000010111111100010001000000
001001011101000100000000100
000000011111000010000001000
000101011101011001000000000
000000101110110100000100000
000000001101000101001000000
000000000010000000101011100
000000000001000000011010101
000000000000001000100010100
000000000000000000110011010
000000000000000011111001011
000000000000000001001111100
000000000000000000100111000
000000000001000000001110000
000000000000000000101001000
000000000000000001000001000
000000000000000000000100011
000000000000000000000000010
000000000000000000000001000
