18 49 9
000000000000000000
000000000000000000
000000000000000000
001100000000000000
000111000000000000
010110100010000000
000001000010000000
101111100010000000
001111111011000000
011110000000000000
011111110000000000
010010010000000000
001111000001000000
000110000000000000
000000000000000000
000000000000000000
000000000000000000
000000000000000000
000000000000000000
000000000000000000
000000000000000000
000000000010000000
000000001100000000
100000000000000000
000001000000000000
000000110101000000
000010011010000000
010100100010000000
010000000000000000
110100100100000000
101101001100000000
011110011101000000
001100000000000000
110001011000000000
000010100000000000
000010001000001000
