18 149 7
000000000001010000
000000000011111011
000000000101110000
000000000111111111
000010010011111111
000000101001111111
001001011111111111
000000001111111111
000100011111101111
000010001111111111
000000010111111111
000000000011111111
000000000101111111
000000000011111111
000100010111111111
000000001101101111
000000000011111110
000000000001100100
111111111111110100
111111111111111000
111111111111110000
111111111111101000
111111111110110100
111111111100100001
111111111111010000
111011111101101000
111111111000100000
010111101000010000
111001000110000000
110111011100000000
000101000000100000
000001110100000000
001000000000000000
000100000000000000
000000000000000000
000000000000000000
