18 105 10
111111111111110000
111111111111111000
111111111111110001
111111111111111000
111111111110011000
111111111111000000
011111111110000000
011111111000010000
000001000000000000
000000000000000000
000000000000000000
010000000000000000
000000000000000000
000000000000000000
000000000000000000
000000000000000000
000000000000000000
000000000000000000
101100001000000000
010011010010000100
001101000110000001
100100001001001000
101110100000000110
001000010011100001
100101000010000100
000000110100101001
001001001110000000
010100010010010101
010010000010001000
111011110101000000
011011000100101000
100000001010001000
111101101100010000
100000000001001001
000101111011000000
101010010000000000
