17 30 14
00100000000100110
00000000010000000
00010100000000000
00000000000000010
00000001000000001
00000000010000011
00100000000000000
00000100000000100
00000000001000000
00000000001001010
00001000000001010
00000000000000010
00000000000000100
00010000010000000
00010000000100000
00000000000000000
00000100000000000
00000000000000000
00000000000000000
00000000000000000
10000000000000000
01010000000001100
01000000000000000
00100000001000000
00000000010100100
11011000000000000
00000000100000000
00000000001000000
00000000000000010
00000000100000010
00100110001000001
00000001000000000
00000001001000010
00000000100000000
