24 64 5
000000000000000000000000
000000000000000000000000
000000000000000000000000
000000000000000000000000
000000000000000000000000
000000000000000000000001
000000000000000100100010
000000000000000000100111
000000000000000000001111
000000000000000111010111
000000000000000001011111
000000000000000011101111
000000000000000101111111
000000000000000010111111
000000000000000001111111
000000000000000010010111
000000000000000000000111
000000000000000000000010
000000000000000000000100
000000000000000000000000
000000000000000000000000
000000000000000000000000
000000000000000000000000
000000000000000000000000
000000000000000000000000
000000000000000000000000
000000000000000000000000
000000000000000000000000
000000000000000000000000
000000000000000000000000
000010000000000000000000
000000000000000000000000
110000000000000000000000
000000000000000000000000
000000000000000000000000
000100001000000000000000
010000000000000100000000
000000000000100000000000
000000100000000000000000
010000000100000000000000
000100000100000100010000
100010000100100000100000
000101001010100000001000
000000011011010011000000
000001000111001010100000
001101011101100110000000
000110000010101101000000
000100000001111010001000
