16 123 7
0000000000101000
0100000001100100
0000001011111100
0000111001111001
0000011111111110
0000111111111111
0001001111111111
0000111111111110
0000011111111110
0100011111111111
0000010111111111
0000001111111110
0001001011110110
0000011011011100
0000000000100000
0000000010000000
0000010000000000
0000000100000000
0101000000000000
0110000000000000
1100001010000000
0110101101000000
1111111010000000
1111111101000000
1111111110100100
1111111101000000
1111111111100000
1111111111010000
1111111111110000
1111111101101010
1111111111110000
1111111101111000
