18 158 14
100000000000000000
000000000000000000
000000000000000000
000000101000000001
000000000001000000
100100110100100011
000000111000010001
101101001101111001
111111001011111011
010111111001111101
111110011110111110
101111111111111111
111101011111101111
011011111111110111
010011111111001111
000011011011111111
010000010011011111
010000011001111000
001010110011111111
000000111111111111
000011111111111111
000000111101111111
000000011011111111
000100111011111111
000001010010111111
000000000001111111
000011010001111101
000000000111010011
000000001101101111
000000000101111101
000000000111111010
000000100000001101
000000000110111110
000000000111010111
000000001010011111
000000001011111111
