17 137 14
00000000000000000
10000000000000000
00000000000000000
10010100000000000
00100000000000000
10000010000000000
10011000001000000
11011011000010010
11101110000000000
11111100101001110
11011101001111111
11111111101001110
11111100110111111
11111110111111111
11111110111111111
11111110001111111
11111111101101111
00101010000100001
11110111111111101
11100001011111010
10111101011111100
11011001101111001
01001111101010001
10111101001111010
10100100100111101
00101111001010011
10101101101100100
01101010100110100
01100111011100000
10100110110000000
00101100001000000
00100010100100000
00100010010100000
00011000010000000
