18 95 5
000000000000000000
000000000000000000
000010010000000000
000000000000000000
000000000001000000
000010010011001010
100001110000010000
000100111011001000
001001000111000000
100010000110101111
000000000001010101
101110001011000000
110000111111110110
110001101111101000
000010101110010100
010101000000111000
110011010100011010
100010100100000100
000000000000000000
000000000000000000
000000000000000000
000000000000000000
000000000000000000
000000000000000000
000000000000000000
000000001000000000
000000001000000000
000100111110000000
001101111111010100
011011111111110000
000101111111100000
000011111111111110
000111111111111000
000011111111100100
000001111111111100
000101111111100000
