29 138 15
00000000000000000000000000000
00000000000000000000000000000
00000000000000000000000000000
00000000000000000000000000000
00000000000000000000000000000
00000000000000000000000000000
00000000000000000000000000000
00000000000000000000000000000
00000000000000000000000000000
00000000000000000000000000000
00000000000000000000000000000
00000000001000000000000000000
00001000000000000000000000000
00010000000000000000000000000
10111010000000000000000000000
11111100000000000000000000000
11100110000000000000000000000
11111110000000000000000000000
11111111010000000000000000000
11111111111000000000000000000
11111111100000000000000000000
11111111110001000000000000000
11111111110000000000000000000
11111111110010000000000000000
11111111101000000000000000000
11111111110000000000000000000
11111111110000000000000000000
11111111110000000000000000000
11111111110100000000000000000
00000000000000000000000000000
00000000000000000000000000000
00000000000000000000000000000
00000000000000000000000000000
00000000000000000000000000000
00000000000000000000000000000
00000000000000000000000000000
00000000000000000000000000000
00000000000000000000000000000
00000000000000000000000000000
00000000001000000000000000000
00000000101010000000000000000
00010010101110000000000000000
00101101110100100000000000000
00011001001011101000000000000
00010111110101011000010000000
10001111111111010000000000000
00100010111111001101000000000
00100111110011110110000000000
10001111111101101110000000000
00001111111111101000000000000
01011011101101100100000000000
01001001010111000110000000000
00000001111011100000000000000
01000100010000010000000000000
00001000001000010000000000000
00010001000000000000000000000
00010000000000000000000000000
00000001100010000000000000000
