28 159 14
0000000000000000000000000000
0000000000000000000000000000
0000010000000000000000000000
0000000000000000000000000000
0000010001000000000000000000
0001000010000000000000000000
1010110100000100000000000000
0010000111000001000000000000
0011110001111010001000000000
1000001110001000000000000000
0001111111111100000000000000
1101111111011100100000000000
0111111011011100000000000000
1111111111111010010000000000
1100110110110010000000000000
0101010011100100001000000000
1011111111101101000000000000
0011111111110100000000000000
1010111111101100000000000000
0101111111110100100000000000
1000011011000000000000000000
0101111110000000000000000000
0000000010000000000000000000
0000000000000000000000000000
0000000000000000000000000000
0000000000000000000000000000
0100000000000000000000000000
0000000000000000000000000000
0000000000000000000000000000
0000000000000000000000000000
0000000000000000000000000000
0000000000000000000000000000
0000000000000000000000000000
0000000000000000000000000000
0000000000000000000000000000
0000000000000000000000000000
0000000000000000000000000000
0000000000000000000000000000
0000000000000000000000000000
0000000000000000000000000000
0000000000000000000000000000
0000000100010000000000000000
0000100000000000000000000000
1110110110000000000000000000
1110110010101000000000000000
1111111001000000000000000000
0111110110100100000000000000
1111111111000100000000000000
1110101111111000000000000000
1111111100111011100000000000
1111111111111000000000000000
1101111111111110000000000000
1011111111111110100000000000
1111111111111110000000000000
1111111111111110100000000000
0111111111111101010000000000
