17 104 15
11100000000000000
11010100000000000
11101000000000000
11110001000000000
11111101000000000
11110000000000000
11011000000000001
01110010000001000
10000000000000110
00000000001001100
01100000000111111
00110000101010100
00000001011101111
00010011100011111
00001011011011110
00001001101111111
00000011111111111
01000000000000000
00011000000000000
01111001010000000
00110001010000000
00100110000000000
00101010000000000
11011110000000000
01100100000100000
01110111100000000
01001111010001000
11110010010100100
11111111101100000
01110111110100000
11110111110100000
01011111101010000
00111111101100000
00011100100100000
