29 381 13
00001101111001111000000111111
00000111111101111110000111011
10001110111111110100000111011
00000111111101111011010001011
00010011110001101110101111111
10111011111111110001000111111
00100111111111110100001010011
00000111110110000100001011101
11000011111011010000001011111
00110110110101101001000011111
00100011110101110000010010101
00010000001000000011000001011
00000110000001010100000000001
00000000010011000000000000001
00000000011100001000000001100
00101001011010010000000000000
00101101001001100000000000000
00011011000000100001000000000
00000011101110101000000000000
01101010100110111000000000000
11101011111111110100101100000
00000110111111110000110000000
00111111111011010101010100000
01111101111111100011001000000
00101111111111101011100000000
01111111111110110010110000000
01011111111111110010100000000
01011111111101000100000000000
01010111010101111101100000000
00000000000000000011111111111
00000000000000000111111111111
00000000000000010111111111111
00000000000000111111111111111
00000000000000011111111111111
00000000000001111111111111111
00000000000001111111111111111
00000000000001111111111111111
00000000000011111111111111111
00000000000011111111111111111
00000000000011111111111111111
00000000000011111111111111111
00000000000011111111111111111
00000000000111111111111111111
00000000000011111111111111111
00000000000001111111111111111
00000000000011111111111111111
00000000000001111111111111111
00000000000001111111111111111
00000000000001111111111111111
00000000000000011111111111111
00000000000000011111111111111
00000000000000001111111111111
00000000000000000011111111111
00000000000000000100111111111
00000000000000000000001101011
00000000000000000000000000000
00000000000000000000000000000
00000000000000000000000000000
