23 212 14
10001010010110111101100
00000100111111011000000
10000111110100010000000
00011110011001010000000
10110001010111001100010
01111101011110110100000
11100100010100001000000
11101110111100000000000
11011111101010100000000
11111111100110000000000
11011110110000000000000
11111111011000000000000
11111111101000000000000
11111111010000000000000
11111111110011010000000
10111111011110000000000
11111111010000000000000
01111101011000000000000
00101101100000000011001
01010000000000000011111
00001111000000000000111
00000110010100000111010
00001000000000000011010
00000000111111111111111
00000000111111111111111
00000000111111111111111
00000001111111111111111
00000000111111111111111
00000001111111111111111
00000000011111111111111
00000000011111111111111
00000000011111111111111
00000000010111111111111
00000000001111111111111
00000000000111111111111
00000000000101111111111
00000000000000111111111
00000000000000011111111
00000000000000001111111
00000000000000000011100
00000000000000000000001
00000000000000000000001
00000000000000000000000
00000000000000000000000
00000000000000000000000
00000000000000000000000
