23 214 6
00000000000000000000000
00000000000000000000000
00000000000000000000000
00000000000000000000000
00000100000000000000000
00000000000000000000000
00000000000000000000000
00100000000000000001000
00000000011001000010000
00000010001000010000000
00000010000100001000110
00000000010111101000110
00010011111110111011010
00010111101111100010111
00001111100111111111111
01100011111111111111111
00010111011111111111111
00011111111111111111111
01011101111111111111111
00111011111111111111111
00000111111111111111111
00000101101111111111111
00010011001111111101111
10110011101110000000000
11001111101110010000000
00001111111100000000000
11111111110100100000000
11101011111001100000000
10011100010111000000000
11111011001100100000001
01101111111001110000000
11111110011000000000000
01111110101000000010001
11111111110000010000000
11111110110110010000111
11111111011000000000001
01111111100010000000001
11111111110000010000101
11111110101100000001000
11111111100100100000000
11101110101000000000001
01110001010000110000000
01010100000000000000000
11100100000001100000000
00010000001000000000000
00100001001001000000000
