24 168 8
111111111110000000000000
111111111101000000000000
011111111110000000000000
101111111101000000000000
011111111010010000000000
110011110110100000000000
100111111000000000000000
000101000000000110000000
000010011011100000000000
000000000000000000000000
001000000010000000000000
000000100000011000000000
000000100101100000000000
000101111100100000000000
010010111101001000000000
010000111111101000000000
000101011001000000001000
000101111111101010000000
000001111111110000000000
000101101101001000000000
000101100111000111000000
000001101111001100000000
000000001110001000000000
000000010000100000100000
000001011000100000000000
110000001010000000000000
000001011101000000000000
000100110100100000000000
000001101011110000000000
010000011011110000000000
000111001111000000000000
001011011111100000000000
000100110111010010000000
100101101110000000000000
001010101101101001100010
000110011011010100000000
000100011100001111100100
000100011111000001001100
000110000000000001111000
000011001000000001100000
100001100100100110011010
011001100011000011011001
100001000100000011110100
000110000010011101001011
100001111000001000110000
000011000001000011000010
000000000000010000000100
000010000000000000000000
