21 71 5
000000000000000000000
000000000000000000000
000000000000000000000
000000000000000000000
000000000000000000000
000000000000000010000
000000000000000000001
000000000000100000000
000000000000000001001
000000000010010111100
000000010010000010110
000000000001001110100
000000001001111101000
000001000001101101111
000000000111111010101
000000000101101101100
000000000010101101010
000000000000111101001
000000000110000100000
000000000000000001000
000000000000010000001
000001111110100000000
111101000111000000000
001001101000001000010
011101110111100110000
000000101001000000000
000001100011010001000
001001001011000000001
010000001010000000000
000000101011000100000
000010110100000000000
000001000111110000000
000000000010000000000
000000000000010000100
000000000000000000000
000000000000000000000
000000000000000000000
000000000000101000000
000000000000000000000
000000000000000000000
000000000000000000000
000000000000000000000
