16 52 11
0010100110111001
0000010010000100
0000010011000100
1000011101000010
1100000001001101
0000000000001000
0000000100010000
0100010000110000
0000001010000110
0000000100010100
0000010100000001
0000000000001100
0000000010000000
0000001000001001
0000000011000000
0000000000000000
0000000000000000
0000010110010100
0000000000000001
0000000000000000
0001000001011000
0000100000110001
0000100101111100
0000000000001100
0000000001101011
0000000000101100
0000000000000001
0000011000100000
0000000000101011
0000000001001101
0000000001111010
0000000001001011
