16 128 12
0000000000100000
0000000000000001
0000110001000000
0001000010000000
0110011011010000
0110100011110000
0011111100111100
0001110111100000
0110011111110100
0101111111101111
0010111111110101
0011111111101011
0111111111111111
1110011010111110
0100110111011111
0110010101000011
0011100111110100
1111001101000010
0110111011010010
1111111101111000
0101110110111101
0110011111111100
1101011011111011
1111111101111111
0111011111111101
1001011111010001
1010011110000000
0010010101100000
0001000101000000
0000000101000000
0000100000110000
0000000000000000
