22 102 7
0000000000000000000000
0000000000000000000000
0000000000000000000000
0000000000001100000000
0000000000000000000000
0000000000110011000000
0000000001111000000000
0000000100110100000000
0000011111111111000000
0000011111111110000000
0000111111111110110000
0001001111111101001000
0000001110111101000000
0010001111111110000000
0000111101111010010000
1000100100101100000000
0000000001110000000000
0000000011010010000000
0000000000000001000000
0000000000000000000000
0000000000001000000000
0000000000000000000000
0000000000000000000000
0000000000000000000000
0000000000000000000000
0000000000000000000000
0000000000000000000000
0000000000000000000000
0000000000000000000000
0000000000000000000000
0000000100000000000000
0000000100000000000000
0000001000000000000000
1000000000000000000000
0001000100001000000000
0000000010000000000000
0001101011010010000000
0011101011100110100000
0011110000101100000000
0111101110100101000000
0101111111011110101010
0111111111101000111001
1111101111110001111001
0111011011110110010110
