18 57 10
000000000000000000
010000000000000000
001000001000000000
000000000000000000
011110110010000000
110111110001000000
011011001000011110
010001010100000000
000000010100001000
100000010001100000
000001111000011000
000010000000010000
100000000100000001
000000010000110000
000001000000001001
000000001100000000
000000000000000000
000000000000000000
000000000000000000
000000000000000000
000000000000000000
000000000000000000
000000000000000000
000000000000000000
000000000000000000
000000000000000000
000000000000000000
000000000000000000
000000000000000000
000000000000111100
000000101100011001
000000011111111010
000000001011111100
000000011111111111
000000011111111110
000000110111111110
