23 113 11
00000000000000000000000
00000000000000000000000
00000000000000000000000
00010000000000000000000
00001101000000000000000
00011110100000000000000
00011110000100000000000
10001111000000000000000
00111100100000000000000
00011100000000000000000
00000001011000000000000
00000110000000000000000
00000100000010000000000
00000001011101000000000
00000001011101000000000
00000001111111100000000
00001011111111100000000
00010100101111110000000
00000101111100000100000
00000101011111100100000
00000001111111010000000
00001011111111101000000
00000011101111000000000
00001000000000000000000
00000000000000000000000
01001001000000000000000
00100001000000000000000
00000100000000000100000
01010010100000000100000
11111110100110000000000
11011110010000000000000
11111001001100000000000
11111100100000100000100
01111000001000010000000
00111101000100000001000
10111011110000100100000
10111101001010011000010
00110011010000000000000
11011100110001001101000
01000100000000010000100
00000100000000000000000
00010011000000000000100
00000000000000000000010
00000000000010001110000
00000000000010000000000
00000000000000001000000
