18 49 14
000000000000000000
000000000000000000
000000000000000000
000100000000010000
000000000000000000
000000000000000100
001100000000000000
001001000000000000
111111000000000000
010011000000110000
101111110000000000
110000000010000100
100110000100000000
110010000000010000
110110000100000000
001010100001000000
000101000000000000
000001000000000000
001000000000000000
100100000000000000
010100000000100000
000000000000000000
000000100000001000
000000000000000010
000000000000001010
100000000000000000
001001000010001000
101100000000010100
010100000000000001
001000000000000000
010101000001000000
110010000000000001
001111000000011000
100111000000000010
100011000000000000
001100000000000000
