23 63 6
00000000000000000001000
00000000000000000000000
00000000000000000001000
00000011000000000110101
00010000000000000100101
00000000100000001110101
00000000000100000101101
00001010010000111001010
00000111001000000011010
00001110100000100000001
00000010101000000000010
01000011110000000000000
00000000000000000110000
00100011000000000000000
00000000010000000000000
00000100000000000000000
00000001000000000000000
00000000000000000000000
00100000000000000000000
00000000000000000000000
00000000000000000000000
01000000000000000000000
00000000000000000000000
00000000000000000000000
00000000000000000000000
00000000000000000000000
00001001000000000000000
00000000000000000000000
00001000000000001000000
00000110000110000000000
00001000001010000000000
10001010000000001000000
01000110000000000000000
00000101000100000100000
00000000000000000000100
00110001001010000000000
00100000000000000000110
00010000000000000100000
01000000100000000000000
01100010101000000001010
01000010000000000000001
00000000000100001001000
01000000000000000010100
01010000000000000000000
00001101000000000101100
00000000000000000010111
