17 41 13
00000000000000000
00000000000000000
00000000000000000
00000000000000000
00000000000000000
10000100000000000
00000100000000000
01010000100000000
00010000000000000
10110100100000000
11110111000000000
11010010100000000
00110100010100000
00001000000000000
00100100000000000
11101010000000000
10100010100000000
00000000001000000
00000000000000101
00000000110000000
00000000000000000
00011001000100110
00000001101000011
00000001101010000
00000000000111011
00000000110110000
00000010011010111
00000000000000100
00000001000000000
00000000000000010
00000000010000000
00000000000000000
00000000000000100
00000000000000000
