17 115 7
11111111011000000
11111111110000000
11111111111000000
11111111110000000
11111111000000000
11111111100000000
11111111100000000
11111111100000000
11110111100000000
11111111101000000
11101110100000000
10111100000000000
01011000011000000
00110100000000000
00000000000000000
00000000000000000
00000000100000000
00000000000000000
00000000000000000
00000000000010000
00000000000000000
00000000000100000
00000000001000101
00000101001000010
00000001111111110
00000111111011110
00000011111111111
00000001111111111
00000111111111111
00000111111111111
00010011111111110
00001001111111111
00000001111111111
00000101111111101
