17 44 14
00000100000011100
00000000000110000
00000000000110010
00000000010100001
00000000010000000
00000000000000001
00000000000000000
00010000000000101
00000000000000000
01000000000001000
00100010000000000
10000000010100100
00000000000101000
00111000101000001
10100000000000000
10110000000000110
01100001000000100
00000000000000000
00000000000000000
00000000000000000
00001000000000000
00000000100000000
00000001100000000
00001111000100000
00010110000000000
00110101011001000
00111111001000000
00000110100000000
00000011100000000
00010000111010000
00000000010010000
00100010000000000
00000000110000000
01000000000000000
