23 72 12
00000000000000000000000
01000000000000010000000
00000000001100100000000
00000010000000000000000
00000000000000000000000
00000000000000000000000
00000000000000100000000
00001000000010000000000
10000000000010000000000
00000100000001000100000
00000000000010110001000
00001010001000000000000
00000000000101100001000
10000000010000000100000
01101011010000000000000
00100001110000001000000
11000111001010000000000
11100110000001000000000
01110001000000000000000
00010000000000010000000
01100000001001000000000
01001100100110000000000
10010001000000100000000
00000000000000000000000
00000000000001000000000
00000100000010000000000
00100000110000100000000
00010110110000000001000
00010000101000000000000
00000000010000100010000
00000001010100010000000
00000001001000010000000
00100110010100100000000
00001101000101000000010
00000000000000000000000
00010110001000000000000
00010110100000000000000
00000000000000000000000
00000010001000000000000
00000101100100000010000
00100000101001001011000
00000010000000000000000
00000001100000000000000
00000000010100000000010
00010000000010010000000
00000000000001000110000
