30 211 13
000000000000000001000001000000
000000000000000000100100000000
000000000000000000000000100000
000000000000000000000000000000
000000000000000000001000000000
000000000000000000000000000000
000000000000000000001100010000
000000000000000000010100000000
000000000000000000011101000000
000000000000000000101111110000
000000000000000010110111000000
000000000000000000011100000000
000000000000000001011110100000
000000000000000000101110100000
000000000000000000111111110100
000000000000000000010111010000
000000000000001011101111111001
000000000000000111001011110100
000000000000000111111110101111
000000000000001010111010110110
000000000000001011111110101011
000000000000000111101111111101
000000000000000010111111111010
000000000000000110110111110101
000000000000000101111111111101
000000000000000000011111111111
000000000000000011100111111001
000000000000010011010111010111
000000000000010100010101110010
000000000000000000111111111110
000000000000000000000000000000
000000000000000000000000000000
000010000000101001000000000000
000000001001111111010000000000
000000000100001110001001000000
000000000110011001110000000000
011000000101010011010000000000
100000010000100111110000000000
000001011101011011110000000000
000110110001010111001000000000
010000110010001111010000000000
110111011101100000100000000000
011001111001001001001000000000
000011111101100000000000000000
011100111000000000000000000000
000000100001000100000001000000
001011100101111000010000000000
101000000000011000100000000000
000100011100000101000000000000
000100000000011111100100000000
010000001110111110111110000000
000000000000001111111010010000
000000000001011101111000100000
000000001000010010110010001000
001000000010100011011001000000
000000000000000101101001000000
000000000011100101110000000000
000000000000000110000001000000
000000000000001110110000000000
000000000000000011100010000000
