16 103 8
1001100010101000
0101001010010000
0100110000010000
0101101001000000
0001000010000000
0101111111010000
0010001001110000
0111101010100000
0101011011100000
0111111101000001
1001011000000000
1110001101101000
1101101001001000
0010110111001100
1011110110110000
0011011010111000
0000001111110001
0000100101101100
0001001100011011
0001000001110111
0000000110001100
0000010100111111
0100010001101110
0000000110111111
0001011111110101
0001000110111111
0000000011110010
0000001101010111
0000100011011011
0000000101110000
0000000011111000
0000010010000000
