17 39 5
00100000000010000
00000000000000101
00000100001001000
00001000010000000
00011000110001010
10100001000100110
00000011000000001
00001000000001000
00000000000101010
00000000010010000
00000010000000000
00000001000000000
00000000000100000
10000000000000000
00000000001010101
00000000000000000
00000000000000000
00000001101111100
00000001011011010
00010000001100000
00000000110100100
00000000000100100
00100000000100000
00000000001000000
00000000000000000
00000000000000000
00000000000000000
00000000000000100
00000000000000010
00000000000001101
00000000000001111
00000000001000010
00000000000001100
00000000000000010
