21 149 6
010110010100011001000
100110111010001010111
111110010000110001011
111111101101101101100
101111011001100100010
111000111110111000100
111111111001101001000
110111111101100010000
110111101100100000000
110110011001100000000
111111011001000000000
110010111011000000000
011010110010010100000
101000100000000000000
000100100010000000000
001000000000000000000
010100010000000000000
011000000000000000000
000000000000000000000
010000000000000000000
000000000000000000000
000000000000000000000
000000000000000000000
000000000000000000000
000000000000000000000
000000000000000000000
000000000000010000000
001000000000000000000
001010000001000000000
000001001110100000000
000001111011010110001
000111111111110110000
000001111111110100000
000101011111110111001
000101111111111011000
001110011111111110101
000011111111111101000
010001111111111111010
000010111111111111000
000010011011101111000
000001001001110010000
000100111111100000000
