18 96 14
000000000000000000
010000100000000000
000110000000000000
001001000000000000
010100010000000000
101111110000000000
111010110000000000
111111110000000000
011111110000000000
111111111000000000
111111111100000000
111111110000000000
111111111100000000
101011101000000000
110111100000000000
001001100001000000
000110100000000000
100010001000000000
100000011000101000
100001001001000000
010001110001001000
001001001001000000
100001101100000000
001100000110000000
101111010010000000
110110000000010100
000001100100110011
110110100010001000
100001001010101100
100111010000100000
001110011100110010
000111010100000000
010011000001000000
010101010000001000
100010000000000000
000001001100000000
