16 55 10
1000000001111100
0000011110100110
1001000100111110
0000000110110100
0000000011101100
0000000110011000
0000000011010001
0000000100001100
0000000000000000
0000000110001100
0000001110000000
0000000000000000
0000000001000000
0000000000001000
0000000000110010
0000000000001000
0000111000000001
0000011010100000
0000001000010100
0001001100000000
0110000111101110
0001111001001000
0000001010000000
0000001000000100
0010010001000000
1000101001001000
0111000000000000
0100000000000000
1010000000010000
1010000000000000
0100110000000000
1100000000000000
