23 210 15
00000010000001111100000
00000000111110110010000
00000010000111111101000
00000001011111111001000
00000011011111110110000
00001000111111111110000
00000011111111111000000
00001001111111111011000
00000100011101111000000
00000000011111111000011
00000000101101000011001
00000000000101001001011
00000000000001100101110
00000011001000111111111
00000001100010000111100
00000000010001010111001
00000000011001111111111
00000011110010111001011
00000101100001111110100
00000000111111111100000
00001000100011111111001
00000000000010011110000
00000001100001111100001
00000000000000000000000
00000000000000000000000
00100000000000000000000
00000000001000000000000
00000000000000000000000
10000000000000001000100
10000000000000001000000
01001000001100000001000
00000001000110111010100
10000001100101111111000
00100110101111011001000
01011101001011111101000
10011111001111101111111
11100110110111100011001
01101101011110011110010
10111011011001111111010
01111111101111111111000
10111001010111101010010
11110110110010110110000
10011010111110011100101
11110011011011011100100
11111000101011111110000
11100000000101101000000
