28 363 12
1111111111111100000000000000
1111111111111111001000000000
1111111111111110000000000000
1111111111111100000000000000
1111111111111100010000000000
1111111111111110000000000000
1111111111111100000000000000
1111111111110110001000000000
1111111111101110111100000000
1001111111001011001011000000
1010111111111110111001000000
0000000011100110101110000000
0100001001110111101101100000
0000000111111111111010000000
0000000101111111101110110000
0000000111111111111111000000
0000011010111111111011111000
0000000100111111111111000000
0000000001111111111111110010
0000001010111111101111100000
0000010011011111111001001010
0000000110110110111110010000
0000001010110111001110100000
0000001001010111001011100000
0000000000011011100000010001
0000000000000110000101000100
0000000000000001110000001000
0000000000000110000000111111
0000000000000001010111111111
0000010000000010111111111111
0000000000000011111111111111
0000000000010001111111111111
0000001000100001111111111111
0001000001010011101111111111
1000000000010111111111111111
0010000111101111111111111111
0101001110101001111111111111
0000111010101001111111111111
0000011100100011111111111111
1000010101101111111111111111
1100101111000101111111111111
0011011111110011111111111111
0000110100010111111111111111
0001010011001111111111111111
0100101000000100111111111111
0000101100000010011111111111
0000101000000001111111111111
0001010000001001100011111111
1000000000000010010110010001
0000000010000000000001000101
0000000011000001000000100010
0000000110000000100000000010
0000000000000000000000100000
0000000000000000000000000000
0000000000000000000000000000
0000000000000000000000000000
