25 113 9
0000000000000000000000000
0000000000000000000000000
0000000000000000000000000
0000000000000000000000000
0000000000000000000000000
0000000100000000000000000
0001100100000000000000000
1010100100000000000000000
1110101000000000000000000
1101111011000000000000000
1110111101000000000000000
1011111100101000000000000
1111111000000000000000000
1111111110001000000000000
1111111101000000000000000
1111110110000000000000000
1111111001100000000000000
1111101101010000100000000
1111111111000000000000000
0101010000000000000000000
1110010000000000000000000
1110000000000000000000000
0000110000000000000000000
0000000000000000000000000
0000000000000000000000000
1111111111101000000000000
1111111111110000000000000
1111111111011000000000000
1111111111101000000000000
1111111111000000000000000
1111111111001100000000000
1111111111000100000000000
1110111110100000000000000
0111111100000100000000000
0011011001000000000000000
1111100001000000000000000
0000010000000000000000000
0000001000000000000000000
0000001000000000000000000
0100000000000000000000000
0000000000000000000000000
0000000000000000000000000
0000000000000000000000000
0000000000000000000000000
0000000000000000000000000
0000000000000000000000000
0000000000000000000000000
0000000000000000000000000
0000000000000000000000000
0000000000000000000000000
