17 59 13
10010010110000000
01001110100110000
01011000000101000
11111101011000000
10101110010000000
11010100110010000
01101101001000000
01010001000000000
00101000000000000
01011000000000000
10000000000000000
00000000011000000
00000010000000000
00000000000000000
00000010000000000
00100000000000000
00000000000000000
00000000000000010
00000000000100000
00010000010110010
01100100010100010
00011000010000001
00000001010100100
00100001000001010
00011000110111000
00100100011000000
01000111011011000
00011101000000000
10000000100000000
00000110101000000
00000001000101000
00001000010000000
00000000000000000
00000000000000000
