21 187 11
000001101111111111110
000011111111111111100
000001111110111111010
001001111111111011111
000000010111111110111
000001111111111111101
001000101101111011111
000000111110111101111
000001010110101111111
000001101010101111111
000001000101101011111
000100100100101111111
000000000000011100110
001011000111100001011
000000000010001001111
000100000001100010000
000001000000000010000
000000000000000010110
000000000000000000000
000000000000000100000
000000000000000000000
000001111110010100000
000011111111100100000
000111101101110000000
000101111111110110000
000100111101001000000
000101110101000000000
001111101001110000000
001011110101100000000
011010010100000000000
101011111110000000000
011011010110000000000
110001000100100000000
000111011101100000000
000011111110100000000
010001111101000010000
010111111100100000000
100111111101000000000
001101111111100000000
001111111111110010000
101111111111111000000
111111111111100000000
