21 49 6
000000000000100000100
000100000100000000000
000000001100000000000
010001000110010011000
100000100000000000000
100000000000001000100
000000011000010110000
010001100000100000100
000000000000010000000
000001010000000001000
000001010100001000000
010000000000011000000
000000100000000000000
000000000000010010000
000000110000000000000
000000000000010000000
000010010000000000000
000000000000000000000
000000100000000000000
000000000000000000010
000000000000000000000
000000100001000100100
000000000010010101100
000000010011011010000
000000000010001001000
000000000000111000000
001000001110000010000
000000011001110000010
000000001001101010000
000000000100000011010
001000000000100000000
000000000000001000000
000000000101000000000
001000100000000010000
000000000000000000000
000000000000000000000
000000000000000000000
000000000000000000000
000000000000000000000
000000000000000000000
000000000000000000000
000000000000000000000
