29 361 8
11110111101000000000000000100
11111111001000000000000011000
11111111010000000000001100000
11110111101000000000000000101
11111101101000000000010010010
11110010000000000000010011011
00111011000000000000001111111
01010111000000000000000010110
00110000000000000000000001001
10100000000000000000000011110
01001000000000000000000001000
10010000001000000100001000000
10101011001010100000000000000
00111110001001000000110001000
10111001101110001001100001000
11011111111100110101000000000
11111110111100001010100000010
11101111111111000011011000001
11111111111001110100001010001
11011111110101000110001000100
00010111111111100010010001101
11011111011011000000010111111
11101111111100000000000001111
11110111111000100000010111111
01111110011000110100011111011
10110011110010000110001111011
10010101001100001101001111111
01010011000011000001001111111
01010111000010010001001111111
00000000111111111111111111111
00000000111111111111111111111
00000001111111111111111111111
00000000111111111111111111111
00000000111111111111111111111
00000000111111111111111111111
00000000111111111111111111111
00000000111111111111111111111
00000000011111111111111111111
00000000011111111111111111111
00000000011111111111111111111
00000000001111111111111111111
00000000000111111111111111111
00000000000011111111111111111
00000000000011111111111111111
00000000000001111111111111111
00000000000001011111111111111
00000000000000001111111111111
00000000000000000011111111111
00000000000000000000001110101
00000000000000000000000000001
00000000000000000000000000000
00000000000000000000000000000
00000000000000000000000000000
00000000000000000000000000000
00000000000000000000000000000
00000000000000000000000000000
00000000000000000000000000000
00000000000000000000000000000
