25 178 5
0000000000000000000000000
0000000000000000000000000
0000000000000000000000000
0000000000000000000000000
0000000000000000000000000
0010111010000000000000000
1110011100000000000000000
1100000010000000000000000
1011000100000000000000000
1101110111110000000000000
1111011111000000000000000
1111111111000000000000000
1111111111000000000000000
1111111111100000000000000
1111111111111100000000000
1111111110100100000000000
1111111111101010000000000
1111111101010000000000000
1111111111001110000000000
1111111111100000000000000
1111111001000000000000000
0111111011100010000000000
1110111101100000000000000
0110001100100000000000000
0110111100000000000000000
0110000110000000001000000
0111111010001001000100000
0110110001111000110101100
1011110010101100001111000
0011000100010001011101011
0110110000010010111111100
1001001000000011011010110
1001001000000101010111000
0010000000100100111011000
0000000000010010001110000
0000000000000100111110001
0000000001100100010001100
0000000001010101010010000
0000010000001010001001000
0000000110010001000000000
0000010100010000010000000
0001000101111001000000000
1001010000000000000000000
0100000111000100100000000
1110001100000000000000000
0001100001100000000000000
0110001000001100100000000
1000101001110000010100000
0111000001000000000000000
0110000111000000000100000
