22 154 6
0010011111110000001000
0001111111111111001000
0110110111111110011011
1101111011111000110100
0111111111111111000100
1111111111110110100000
0111111111101001100000
0111111111101111010000
1100011101110110100000
1111111110100000000000
0000011110000000000000
1101100000101000100000
0011000000001000000000
1000000001000000011000
0100000000010000000000
0000001000000000000000
0000000000000000000000
0000000000000000000000
0000000000000000000000
0000000000000000000000
0000000000000000000000
0000000000000000000000
0000000000000000000000
0000000000000000000000
0000000000000000000000
0000000000000000000000
0000000000000000000000
0000000000000000000000
0000000000000001010100
0000000000000000100111
0000000000000001111111
0000000000000001111111
0000000000000111111111
0000000000000111111111
0000000000001011111111
0000000000001111111111
0000000100001111111111
0000000000000111111111
0000000000011111111111
0001000011000111111111
0000000110000111111111
0110010010011011111111
0000111111000111111111
0001111111100000011111
