24 261 5
000000000000000000001000
000000000000000000000000
000000000000000001000000
000000000000000000000000
000000000100000001000010
000000011000100000011001
000000000010100010111100
000000000010011111110110
000000100111011111100111
000010000111111111111011
000000100011111111110010
000000000111111111111011
000000001010111111111110
000000100111111111111111
000001000110111111111111
000000001010111111111111
000100001110111111111111
001001111111111111111111
000000111101111111111111
000100110111111111111111
000010111110111111111111
000000001111111101111100
000000000010011111101011
000000010011011101001010
111111111100010000000000
011111111100010000000000
111111111000000010000000
111111111110000000000000
111111111001000000000000
111111000100000000000000
011111111110000000000000
111111010011100000000000
011111001111000010000000
111000111110111110100000
111110111111111000000000
010101111111101100000000
001010111111110000000000
001101110111111100000000
001010100110111110000000
000101111010001000000000
000100011011001100000000
000000111111110100100100
000000000111110101000000
000001101011111111100000
000110101111011101110000
000000111111111111100000
000111010101111111110110
000000011111111111111000
