19 65 11
0000000000000000000
1001000000000000000
0000100100000000000
0101110101000000000
0000111100000000000
0000001100000000000
0001010010000000000
0011011000000000010
0001101000000000000
0000010000100000000
0000100101100000000
0010100101000000100
1000010010000000000
0101001000100000000
1001000000000000000
0011011100000001000
0010010110000000000
0110110100000100000
0000110000000000000
0000000010000010000
0000000000010000100
0000010000010001000
0010001000010000000
0000000001110010000
0000111000100000011
0001100001010000000
1100000000000110001
0011011010000010010
0100001101000000000
0000001100001000000
0011000100001000000
1000010000011000000
0000000100010000010
0101011000001000000
0000000110000000000
0000000000000000000
0000010010000000000
0000100010000000000
