30 307 8
000000000000000000000000000000
000000000000000000000000000000
000000000000000000000000000000
000001001000000000000000000000
000010001100000010000000000000
000010000001010000000000000000
000111111010100100000000000000
001011101111000000000000000000
001011011101001000000000000000
101101011110111000000000000000
100111111110110001000000000000
111111111001110111000000000000
111101011111110000100000000000
111101111111111000000000000000
111111111111100000000000000000
111111111111101010000000000000
111111111111000000000000000000
111111011111100100000000000000
111110101111100000000000000000
010111101110010000000011000000
101100101111100001111010000000
100010010100100011011100000000
101011111111100011101111100000
001000110010011011111000000100
000110010011101111110111110000
000100100001011111110111110000
011001100100011111111011110000
000000010000000111111101000000
001001001000111101010100000001
001000000000011110111100000000
000000000000001011111011000110
000000000011011101110111001000
000000000010011101111110101001
000000000000110010111111001110
000000000001110101101110000010
000000000000010101111111100010
000000000010011011111011110000
000000000000011110101110000000
000000000110110100001011000100
000000000000001100011000001000
000000000000000010100000000100
000000000000000010100010000000
001000000001000000010000000000
000000000000000000000000000000
000000001100000000000000000000
100100001101000000000000000000
101101100110000000010000000000
011111111111100000000000000000
111111111111100000000000000000
111111111111110000000000000000
111111111111110000000000000000
111111111111111000000000000000
111111111111111000000000000000
111111111111111000000000000000
111111111111100000000000000000
111111111111110000000000000000
111111111111111000000000000000
111111111111110000000000000000
111111111111000100000000000000
111111111111110000000000000000
