19 66 6
0000000101001101100
0000100000101001010
0000000001010011000
1000010000001100110
0000011001010000000
0000000100000010010
0000000010100000000
0000000100000001010
0000000000001011000
0000000001000000001
0000000000000000000
0001000000000000000
0000010010000000000
0000001110000000000
0000000100100010000
0000000110101000000
0000001010001010000
0010110010100100001
0000000000110101000
0001111111111000000
0001111111110000000
1011011111111000000
0011111011001000000
0011110111111000000
0100110101000000000
0010011111101000000
0000011010000000000
0000000000000000000
1000010000000000000
0000000000000000000
0000000000000000000
0000000000000000000
0000000000000000000
0000000000000000000
0000000000000000000
0000000000000000000
0000000000000000000
0000000000000000000
