21 63 15
000000000000010001111
000000000000000111110
000000000000001001100
000000000001001000111
000000000000001000010
000000000000001110011
000000000010000001001
000000000000000011101
000000000000000000000
000000000000001011101
000000000100000000101
000000000000000110011
000000000000000111001
000000000000000001110
000000000000000000011
000000010000100010001
000000001001000001010
000000000000000000100
000000000000000000000
000000000000000000000
000000000000000000100
000000000000000000000
000000000000000000000
000000000000000000000
001010100000000000000
101001100000000000000
101110000000000000000
001100011000000000000
100111001000000000000
101111100000000000000
110101110000000000000
011111110010000000000
111111000000000000000
110011110000000000000
101111000000000000000
010010100000000000000
010100000000000000000
000000001000000000000
000000000000000000000
000000000000000000000
000000000000000000000
000000000000000000000
