29 161 5
00100101000000000000000000000
00110001111010000000010000000
00001000010100000000000010000
00100101110111101001010000000
00001110110010000010000000000
00001000001110101001101000000
00011100011001010000001010100
00001111001000010111110100000
00100100010001100111100100000
10111111100010111101001110000
10000001000101111010010010000
00011010000000011001111100000
00001100000010010001111000000
00000001000001101010110100000
00000000110000110001100000100
00100000000000000010011000000
00000000000000000000100010000
00000000000000000000000111000
00000000000000001000000010001
00000000000000000000000001010
00000000000000000000001001100
00000000000000000010000010000
00000000000000010000001000100
00000000000000010000000000000
00000000000000000010001001000
00000000000000000000000000000
00000000000000000000000000000
00000000000000000000000000000
00000000000000000000000000000
00000000000000000100001001000
00000010010000100000111010000
00000000001100111101000000000
00000000110001000011010101110
00000000011011000101011010010
00000010010010111001110110000
00000100000001111011101011000
00000001001011110110111011011
00000001010011101011100111110
00001010000000101110101110111
00000010010001011000101001111
00000000000110001000100000001
00000000110011010011001101011
00000001000010000011110011010
00000000000000000101100101101
00000000000000000000000101010
00000000000000000000010000110
00000000000000000000000001000
00000000000000000000000110101
00000000000000000000000000111
00000000000000000000000000001
00000000000000000000000000001
00000000000000000000000000000
00000000000000000000000000000
00000000000000000000000000000
00000000000000000000000000000
00000000000000000000000000000
00000000000000000000000000000
00000000000000000000000000000
