16 116 5
0011110001100000
1011100111100001
0000111110000000
1011111111100000
0001010011000000
0111000111110110
1001011011010010
0010101111000100
0011111111011000
0001011111001010
0010101110000000
0000001100101100
0001110111010100
1001111100100100
0000101000101110
0111010110000100
1111111001100110
0100111101101101
1111111101011110
0111011001110000
1111111101101111
1100110111100001
1111111001100001
1111000110010000
0100011110011100
0000001100110101
0000000001101011
0100101101000000
0001001001000010
0010000000001000
0000001000000010
0000000000000011
