18 61 8
000000000100000000
001010000000100000
001011000100100000
000110000000000000
000010000010011000
000000000000000001
000000101110010000
000000000100000000
000000000001000100
000000000110111001
000000001101001001
000000000110010111
000000011000110010
000000010001011000
000010000110000000
000000100001000000
000000000000000100
000000011100000011
000001111110000000
000011110001000000
100111111100000000
000001111010010000
001110111101000000
000010111101000000
000001110110000000
000000111000000000
100000001100000000
000000000100000000
000000100010000000
000000001001000000
000000000001000000
000000100000000000
000000000000000000
000010100000000000
010000000010000000
000000000000000000
