24 229 5
111111111111110000000000
111111111111111000000000
111111111111101100000000
111111111110111100000000
111111111111110000000000
111111111111110100000000
111111111110100000000000
111111111111111000000000
111111111110110000000000
111111111111010000000000
111111111100010000000000
101011111001001000000000
111111111111100000000000
111101110000000000000000
010011011110000000000000
101100010000000000000010
000100000000000000100000
000010000000000000001000
000000000010000101011100
000000000000000000001111
000000000000000000111111
000000000000000010001111
000000000000000000011111
000000000000000000111111
100101101010100101110011
000000100110101111111010
110001100101110111011101
000000010001111001111111
001100100110011001111101
000010101010101101111011
001000010110010011111011
001011000000101011010111
010000011000000010100111
000010000000001001010101
000000010000100100000100
000000000000000000000000
000000000000001000000001
000001001001011110000000
000000001010100000000001
001000100000110001000000
000101011011111100000000
000100010101111101000000
000000001111110110100100
001101111011111101100000
000001111011101111000000
001000111111111100010000
100000011111111111100000
001001111011111110100000
