30 114 10
000000000000000000000000000000
000000000000000000000000000000
000000000000000000000000000000
000000000000000000001001000000
000000000011000000001000000000
000000000000000000001100010100
000000000000000000001000000000
000000010000000000011111000000
000000000100001100011110000000
000000001000000000000000000000
100111100000000000001000000000
000001000001000000001001000000
000010010000010001000000010000
000000110001110000000001000000
000010000101000000000000000000
000000001000110010000000000000
000000011110000010000010000001
000000000100000000000100000010
010010000001100000000000000000
110000000111001000010000010111
110000000100000000000000100010
100001110000000000100000101100
000101000000000000000011000000
101100001010010000000000010000
110001000100000000000000100100
100000000000000000001000000000
000100000000000000000000000000
000010000000000000000000110000
010000000000000000000000000000
000000000000000000000000000000
000000000000000000000000000000
000000000000000000000000000000
000000000000000000000000000000
000000001000000000000000000000
011101111000100000000000000000
000010000001000000000000000000
000011110001000000000000000000
100000111110000100000000000000
001110101111101000000000000000
011111101111100100000000000000
000111111101011010000000000000
011111111110100010000000000000
110110111110000000000000000000
011111111111100000000000000000
110101111000100000000000000000
110011011011101000000000000000
000000000000010000000000000000
000011100000000000000000000000
000010000000000000000000000000
000000000100000000000000000000
000000000000000000000000000000
000000000010000000000000000000
000000000000000000000000000000
000000000000000000000000000000
000000000000000000000000000000
000000000000000000000000000000
000000000000000000000000000000
000000000000000000000000000000
000000000000000000000000000000
000000000000000000000000000000
