29 123 14
00101101000000000000000000000
11111111110000000000000000000
11111111001000000000000000000
11111111111000000000000000000
11111111100000000000000000000
11111111110000000000000000000
11111111111000000000000000000
11111111111000000000000000000
11111111110000000000000000000
11111111110110000000000000000
11111111110000000000000000000
01111111100100000000000000000
01110010000000000000000000000
00010100000000000000000000000
00000010000000000000000000000
00000000000000000000000000000
00000000000000000000000000000
00000000000000000000000000000
00000000000000000000000000000
00000000000000000000000000000
00000000000000000000000000000
00000000000000000000000000000
00000000000000000000000000000
00000000000000000000000000000
00000000000000000000000000000
00000000000000000000000000000
00000000000000000000000000000
00000000000000000000000000000
00000000000000000000000000000
00000000000000000000000000000
00000000000000000000000000000
00000000000000000000000000000
00000000000000000000000000000
00000000000000000000000000000
00000000000000000000100000000
00000000000000000000000000000
00010100000000000000000000000
10100100000000010000010000000
00100001000000000000000000000
01001010000000001000000100100
00000010000000100001000010000
00000000000000000001100100111
01110000000000100100110010100
00000000000000000000101000110
01001000000010010111010111011
00110000000100001000000000000
10100010000000110110001000010
11100000000000100010000010000
00100001000000001010010010000
11110000000010000111010110100
11110011000000000100001001010
10111010000000000000110000000
01111100000000010010000000000
01100000000000000010000100000
10101000000000000001000000000
00100001000000000000000000000
00000000000000000000000000000
00000000000000000000000000000
