23 210 9
00000000000000000000000
00000000000000000000000
00000000000000000000000
00000000000000000000000
00000000000000000000000
00000000000100000100000
00000000000000010000000
00000011000000000000000
00000000110100000000000
00000010000110011000000
00000000110100101000000
00001100101101000100000
00000011111101110000000
01111011111110111000000
00001011111111111100010
10101111111111011111100
00011111111111111111010
00011111111111111111010
00111111111111101110000
11011111111111111110101
10111111111111111110100
01011111111111111111001
10101111111111111111110
01010000010000000011101
01100010001111110111000
00011000110011010111110
11010000101101001111110
10000110000000011111101
10000011001011000111110
00001100100111011111001
00000001011011011010100
10100101011110011111001
11000010000111011101111
10001100011101111011010
01000000001111011001110
00010100100011111100111
00000010010000110100011
01000000000100010100111
00010001010000010001111
01001000000100010111111
00000000000000110010110
00000000000000111001111
00000000001001001101000
00000000000000010110111
00000000000000001100010
00000000000000011000110
