17 101 11
00111100100000000
10111101100000000
00111001100000000
01111110000000000
10110001000000000
10111000110000000
10110100000000000
10111011100000000
00100110000000000
11011010000000000
00111100010000000
10101001010000000
10111101000000000
01101101000000000
10111111110000000
11111110111000000
11111101011000000
00000100000100000
00101100000000000
00001010000011000
00100111000001000
01011001100100000
00011111101110000
11101111101011001
00000101111010000
00010101110101011
00010100111011000
00101011101110000
00001011110111111
00000100010011000
00000000100010110
00000000010000000
00001000111110000
00000000001011001
