28 208 10
0000000000001111111111111111
0000000000000011111111111111
0000000000000011111111111111
0000000000000011111111111111
0000000000000111111111111111
0000000000000011111111111111
0000000000000011111111111111
0000000000000001111111111111
0000000000000111111111111111
0000000000000011111111111111
0000000000000001011111111111
0000000000000000011111111111
0000000000000000011111111111
0000000000000000001111111111
0000000000000000000111111111
0000000000000000000001111111
0000000000000000000000110111
0000000000000000000000000000
0000000000000000000000000000
0000000000000000000000000000
0000000000000000000000000000
0000000000000000000000000000
0000000000000000000000000000
0000000000000000000000000000
0000000000000000000000000000
0000000000000000000000000000
0000000000000000000000000000
0000000000000000000000000000
0000010110001100101100011000
0000110111110100110011001100
0000011110100110100001010011
0000000010010110100001011000
0000010111101100100010010010
0000100101111110001010111110
0111011111111101101100000101
0000011111111111000001011000
0010101110111111111000000010
0001011111110100101101100000
0111111111011101011100010000
0011011011110110000000000000
0001011111111110110000000000
0000011110111111000000000000
0001011100001110000000000000
0001000111010000000000000000
0000000011100100010010000000
0000000000011000000000000000
0000000000001001000100000000
0000000010000000100000000000
0000000000000010000000000000
0000000001000000000000000000
0000000000000000000000000000
0000000000000000000000000000
0000000000000000000000000000
0000000000000000000000000000
0000000000000000000000000000
0000000000000000000000000000
