20 115 15
11001101100011000000
10010110011001000000
10000010101001011000
01111111100000100000
00110000100001000000
10100000000000000000
00000010100000000000
10000001101100000100
00001111110000000000
00000101110000100000
00001001110100000000
00100101111000001000
01010011111100000000
10111111100100000000
01001001110010000000
10101011110000000000
00100011010000000000
01010000001000010000
01101000011000000000
01110000000010000000
00000000000010000011
00000000001000000001
00010000101001000100
00000000010010000011
00000000000010000101
00000110000010000100
00000110000101000011
00000000110001000010
00000101000010111010
00000110010010111000
10000111001011001100
00001000101111101101
00001001001111110111
00000000101111101100
00000001101010011100
00000010011010100101
00000000000101100010
00000000000111010100
00000010000100011000
00000100000100110001
