30 372 6
000000000000000000000000000000
000000000000000000000000000000
000000000000000000000000000000
000000000000000000000000100000
000000000000000000000000000000
000000000000000000000000000000
000000000000000000000100001000
000000000000000100000000001011
000000000000000000111001111001
000000000000000100011111111110
000000000000000010011111111111
000000000000001011111111111111
000000000010001011011111111111
000000000000001111111111111111
000000000001111111111111111111
000000000000001111111111111111
000000000000011111111111111111
000000000000101111111111111111
000000000000111111111111111111
000000000001111111111111111111
000000000010011111111111111111
000000001100111111111111111111
000000010110111111111111111111
000000000000101111111111111111
000000000101011111111111111111
000000000010100111111111111111
000000000100111111111111111111
000000000000011111111111111111
000000000000111111111111111111
000000000000001111111111111111
000111111111111111111111111111
000111111111111111111111111111
000111111111111111111111111111
101011111111111111111111111111
001011111111111111111111111110
000111111111111111111111111101
000111111111111111111111111111
000011111111111111111111111110
000001111111111111111111111110
000000111111111111111111111110
000001111111111111111111110101
000001011111111111111111111000
000000100111111111111111110100
000000010111111111111110011000
000000000011011111111111010000
000000000100010110101100000010
000000001000001101001000100000
000000000000000001000010000000
000000000001000000000000000000
000000000000000001000000000000
000000000000000000000000000000
000000000000000000000000000000
000000000000000000000000000000
000000000000000000000000000000
000000000000000000000000000000
000000000000000000000000000000
000000000000000000000000000000
000000000000000000000000000000
000000000000000000000000000000
000000000000000000000000000000
