29 133 10
00000000000000011111111111111
00000000000000010011111111111
00000000000000011111111111111
00000000000000000111111111111
00000000000000001011111111111
00000000000000101111111111111
00000000000000001011111111111
00000000000000000011111111111
00000000000000000001111111111
00000000000000000000111111111
00000000000000000000010111111
00000000000000000000011001100
00000000000000000000000001100
00000000000000000000000000000
00000000000000000000000000000
00000000000000000000000000000
00000000000000000000000000000
00000000000000000000000000000
00000000000000000000000000000
00000000000000000000000000000
00000000000000000000000000000
00000000000000000000000000000
00000000000000000000000000000
00000000000000000000000000000
00000000000000000000000000000
00000000000000000000000000000
00000000000000000000000000000
00000000000000000000000000000
00000000000000000000000000000
00000000000000000000000000000
00000000000000000000000000000
00000000000000000000000000000
00000000000000000000000000000
00000000000000000000000000000
00000000000000000000000000000
00000000000000000000000000000
00000000000000000000000000000
00000000000000000000000000000
00000000000000000000000000000
00000000000000000000000000000
00000000000000000000000000000
00000000001000000000000000000
00000001000000000000000000000
00000000000000000000000000000
00000000000100000100000000000
00000001010010101010000010000
00000000101010001010000000000
00000000000011011000000000000
00000000100011111011101100000
00000011101011101100000000000
00000001110111111101100000000
00000001001101101110000000000
01000011111111011111100000000
00000010011101101010010000000
00000100111101111101101000000
00000001010111111100000000000
00000110011011111111000000010
00101000111111110101010001000
