17 129 15
00000101111010000
01011001111101000
10011111110010000
01111011100011000
11111000000001100
11000110100000000
11111100001100000
10111111000000000
11011101000000000
01100001000000100
01001101000111000
00100101010010000
01000110111101000
00000111111110110
00001111111110101
01001110111110100
00000011101011110
00000000000000000
00000000000000000
01100000000000000
01100000001000000
01010000100001000
10011001111000000
01101010110001000
11001100001000000
10111111111000100
11101110110100100
11111110111000010
11111111111111000
11111111111010000
11111111110011000
11111111111100000
11111110100100000
11111100101110000
