21 63 9
000000000000000000000
000000000000000000000
000000000000000000000
000000000000000000000
000100000000000000000
010010000000000000000
000000010000000000000
000101001000000000000
011011000000000000000
011000101000000000000
101001100100000000000
011111000101000000000
010011010000000000000
100001111000000000000
111111001000000000000
000100100110000000000
010100001000010000000
001011000000000000000
001101110000000000000
000001100000000000000
000010000010000000000
000000000000000000000
000000000000000000000
010000000000000000000
110000000000000000000
000000000000000000000
000001000000000000000
010110000000000000000
010100110000000000000
111000100000000000000
101010010000000000000
011100100100000000000
010111101000000000000
000101110000000000000
110100000000000000000
111000001100000000000
001000000010000000000
100100000000000100000
011110011010000000000
100110010100000000000
010000000000000000000
010001010000000000000
