23 247 12
10111111111111111101111
11111111111111111111111
11111111111111111011111
11111111111101111101111
11111111111111111111111
11111011111111111111001
11111110111101001011111
11010111111111100100100
11111101010110101011000
11111101010100100001100
11111110111010000010000
11111101101000001000010
11111101010000000000000
11111110000000000000000
11110101000100000000000
10101101000000000000000
01101001000000000000000
00100010000000000000000
00000000000000000000000
10000000000000000000000
00100000000000000000000
00000000000000000000000
00000000000000000000000
00000000000000000000000
00000000000000000000000
00000000000000000000000
00000000000000000000000
00000000000000000000000
00000000000000000000000
00000000010000000000000
10000100000000000000000
00111000000000000000000
11101000001001000000000
10100111110000000000000
11101010011111000000000
11111111111111100000000
11101111111111111000000
11111111111111111111001
11111111111111111110000
11111111111111111111000
11111111111111111111010
11111111111111111111100
11111111111111111111000
11111111111111111111101
11111111111111111111110
11111111111111111111100
