20 124 5
00000000000000000000
00000000000000000000
00000000000000000000
00000000000000000000
00000000000000000000
00000000000000000000
00000000000000000000
00000000000001000000
00000000000000100100
00000000000000000000
00000000000001111110
00001000101111011111
00000100010111111111
00000011111111111111
00000001111111111111
00010000111111111111
00001001111111111111
00010000111111111111
00000011111111111111
00000001011111111111
00100011111111011111
00000011111111111111
00010000011111111110
01000010111111111111
00000000011111111101
00000101011111111110
00000000101111111011
00000001001011110110
00000100010101110111
00000001100110110100
00000000000001111000
00000001000111100101
00000000000000000111
00000000000001000000
00000000000000000000
00000000000000000000
00000000000000000000
00000000000000000000
00000000000000000000
00000000000000000000
