30 435 7
000000000100001110000000000000
000000101101111100000000000000
000000011010011100010000000000
000000010000011010000000000000
000000000010001000000100000000
000000000000010000000000000000
000000000010000000000000000000
000000000010000000000000000000
000000000001000000000010000000
000000000000000000000000000000
000000000000000000000000000000
000000000000000000000000000100
000000001000001001100000000000
000000000011001101011110100000
000001000000011010010101001000
000000100111111011101111010000
000001011111111111111111111001
000000111101111111111111111111
000000111111111111111111111111
000111111111111111111111111111
001011111111111111111111111111
000011111111111111111111111111
001011111111111111111111111111
000011111111111111111111111111
000111111111111111111111111111
011110111111111111111111111111
001011111111111111111111111111
001111111111111111111111111111
000011111111111111111111111111
001111111111111111111111111111
001011011010111011001011111111
001011111111111111100000111111
111111111111111111111111111111
111111111111111111111101011111
111111111111111111111100111111
111111111111111111111111111111
111111111111111111111110001010
111111111111111111111111001001
111111111111111111111111100000
111111111111111111111110000000
111111111111111111111111010000
111111111111111111111110000010
111111111111111111110000000000
111111111111110100100110000000
111111111111111100001000000000
111111111111010001100000000000
111111111111101000000000000000
111111111111111000000000000000
111111111011100100000000000000
000111011110000000000000000000
100000111001000000000000000000
100101000100000000000000000000
000000000000100000000000000000
000000000000000000000000000000
000000000000000000000000000000
000000000000000000000000000000
000000000000000000000000000000
000000000000000000000000000000
000000000000000000000000000000
000000000000000000000000000000
