18 91 10
010111101000000000
111010111011100000
111011110000000000
111111101100000000
010111011110000000
101011011100000000
100010111000000000
010111111100000000
011001010100000000
111001001000000000
100100000000000010
001010000000000000
000010100011000000
000000010000010001
001000000000110100
000000000000010100
000000000000100011
000000000000000000
010100000000000000
000000000100000000
101000000000000000
000010010000000000
000000100000000000
000000000000000000
000000001000000000
000100001100000001
010100101101000000
000111100100110000
000100101111100000
010110100000101000
000001100101110000
011001011101111110
000000110110011110
010111010001100010
011111101011100100
100100100100101100
