18 55 11
000001001111111001
000001001010110000
000000001100100001
000000011111110000
000001101110100010
000000011101000010
000000011101000000
000000011011010010
000000000100010000
000000000010000000
000000000000000000
000000000010000100
000000000000000000
000000000000000011
000000000000000010
000000000000000000
000000000000000000
000000000000000000
000000010010000000
000000000000000000
000000100000000000
000000001010000000
000000000000000110
000000100000000010
000000000010000000
000000001111000000
000000001000001000
000000000101010000
000001001100011000
000000001010111100
000000000000100010
000000011000101010
000000001100010001
010000000110001000
000000101010001001
000000001100011001
