16 98 7
0011110100000000
1100010101100000
1110010001000000
0101111111100000
0101011001100000
1001110110000000
0011110000100000
0101100011000100
1111111100000000
1011010000100100
0111110001000000
0111111000000000
1111011000100100
1110101000000000
0001001100001000
1111110010000000
0000000000000000
0000100000000000
1110001000000000
0001010110000000
0011000001000000
0000111101000000
0011011111001000
1011001010010000
1111100101101001
0011110010100000
1100111111011100
0011110111110110
1101100110101010
1110100111010000
1110110110000001
0011000100100000
