19 156 11
0000000000001111110
0010000011011111111
0000010011111101111
0000010101111111111
1000000000111011110
0000001100111011111
0000000111111111111
0000000111111111111
0000000001110111111
0000010110011110111
0000000111011110111
0000001011010111111
0001000011010011111
0000010101011101100
1010010100100011111
0000000000010000011
0000001000000010000
0000000000000001101
0000000000000000000
0010000000010000000
0000110111011000000
0011101111110100000
0001101111111100000
0001111111110000000
0001111111110010000
0011011111111000000
0101111111111010000
0111111111111000000
0100011111010000000
0001111101110000000
0000101011000000000
0011011010000000000
1011111000000000000
0111111010000000000
1111110110000000000
1111111111000000000
1111111110000000000
1111111111000000000
