26 243 10
00100000000000000000000000
00000000000000000000000000
10000000000000000000000000
00000000000000000000000000
00000010000000000000000000
01100100001001000000000000
00011100110000001000000001
11000010101001001000000000
10111011011100000000010000
00100111000011010000111000
00111011011101000011111110
11110111111100011100101100
01011111011100101100111000
00001111000110000101111100
10111011010100110111010010
10010101111111000001011110
11111111101001000110010000
11101001011101100011100000
11100110111010100000010000
00100111001011000000000000
00101111011010000000000000
10111110100100000000001000
11101111110101000000000000
11111111110001100000000001
11111111111111000000100000
10111111111000000000000000
11111111111111101100000000
11111111111111111100000000
11111111111111110011000000
11111111111111111100100100
11111111111111111111001000
11011111111101111010100000
11111111111111111111000100
11111111111111110111110010
11111111101111101111100100
11111010101011010111111100
11111101001000011100111100
11100010110110000011111000
11111101000000000001110000
10100001000000010000100001
11010001000000000110000000
00000000000000000000000000
00010000000000000000000000
00000000000000000000000000
00000000000000000000000000
00000000000000000000000000
00000000000000000000000000
00000000000000000000000000
00000000000000000000000000
00000000000000000000000000
00000000000000000000000000
00000000000000000000000000
