21 182 7
111101111011110011111
111101111111010010110
010110111111011110110
101001111010110110111
001011100111001011010
011111001010100101010
000000100100010100101
000011101111100000001
100101100100100000000
010000000000001000000
000000001001000100000
000000000010111001000
000010000000110100000
000000010110111100100
000000000011101110000
000100111011111110000
000001001110111110000
001100111011010010000
001011111100000100000
000010110110010000000
000110011110100000000
000100000000010100000
010000001111111000000
000001000010010011000
000000011010100000000
000010101100110011000
000000111011101000000
000001101100101000000
000110111111101000000
000110110111101000100
010100010011111010010
001001011111111001001
000011111111111000011
000011011111111101100
000010001110111100111
000011001010110100110
000100001111001101111
000010010111111111101
000000001001111111101
000000000011111111011
000000000000001001110
000000000001111010000
