21 201 14
101111101001000010000
111111111110010000000
101111010100000000000
111111111111010000000
111111111010100000000
111111111111110000000
111111111100000000000
111111111111001000000
111111111111100000000
111111111101000000000
111111111111000000000
111111111101000000000
111111111101110000000
111111111000000000000
111111110011000000000
111111111100000000000
111111100010000000000
110100001000000000000
011111111000000000000
000011000010000000000
000000000000000000000
000000000000000000000
001000000000000100000
000100000000001011000
000000000000000011000
000000000001101111100
000100000000111111111
000000000001011111101
000010000100011111110
010001110000101111110
001110000000111111100
001001111111100110100
010111111000100111000
111111111110000100000
111111111111000011000
111111111111000000000
111111111111000000000
111111111111100000000
111111111110111000000
111111111111110000000
111111110111100000000
111111111011010000000
