20 118 11
00001000101001110011
00000000000010011111
01010011011110110100
00011101001011110100
00001111000001001010
00111110010000111011
01111010010001111111
00010000001010011101
00001100001010111110
00000000101000101111
00001010001000000011
00001010000000000000
10000100000010000000
00010000001100011000
00000010000000001000
10001000010000010000
11100000000000000000
01100000000000000000
10000000000000000000
11000000000000000000
00100000011110000011
11001001000100011000
01101101001110000101
01011110001000000000
01110100010010000010
00111010001000000000
00100111001010000000
10001110000000000000
00010110010000000000
00010010000110000000
00010101000000000000
10000001000010010000
10100000001000000000
00000110000000000010
10000001000000011110
01010111000001100100
01000100010000010111
00110110100110111001
00101010100000011010
00100111000000011000
