19 144 7
0000000111001011011
0000000011101111110
0101001011111111100
0010011111001110101
0010101111100101100
0000000111100001100
0100101111000110011
0100111101111110000
0100000001010000100
0001000011011100000
1000110011010000000
0011101111010000000
0111101100000000000
0000111111101000000
1110101000111000000
1010110110010000000
0001100010000000000
1111001010000000000
0110010010000100000
0000000000000000000
0000000000000000000
0000000000000000000
0000000011110000000
0000110101101010000
0101110110100000000
0010111111110100000
0010111111111011000
1001011111111101000
1111111111110100010
0001111111110111000
0011111111111100000
0011111111111100010
0101111111110100000
0001011111111100100
1000111011110011000
0001011011010000000
0000011000000000000
0000000000100000000
