19 118 10
1000111000000000000
0101000010001000100
0110001110001100000
1101100111010110100
0101001111011001010
0101110010101100100
1011001001111000000
1111001000110100000
1000000010111000000
0101111110000000000
1111010000000000000
1000110000000000110
1100111000000011101
1100001000000010010
1111001000000000010
0001100000000010111
0000010000000000101
0000000000000001101
0000000000000000011
0000000000000000000
0000000000000000000
0000000000000100000
0000100000000000011
1010010000000000011
1000000000000110101
0100100000001001101
0001001000100111011
1111100000010010111
1000110110100001101
1101100000100000100
1001100110101100010
1111101111000101011
0111001000011110001
0100110101001011010
0100000000110110000
0000110000001101110
0000100100001010010
0100001001001101110
