21 159 12
000000001011111111110
000010011001011111010
000100111100110111000
000001011011000100100
000001000101101111001
000000101011000000010
100000000001101101000
000001001001001000000
100101110010100010000
000000000110001000000
100111100000001000000
000100000100000000000
111110000001000000000
111111111001100010000
111101101000000000000
011111111100000000100
111111101100000001000
111101011000000000000
111111111010000000000
111111100000000000000
111011111000100000000
000001001100000000100
000100100011101000001
010100111110110011000
000000111011000000000
000011101010100110000
000101100111010100000
101000001100101100000
000000001110111000000
000111111111111110000
000000111111010000010
000011111111111100010
000110011010111010001
000010011111011001000
000101001101011010010
000010010110101100000
001000111010001000000
101101001010000000000
010011010110110000000
010001000010000000000
001010111100100000000
000001001100000000000
