17 82 9
10001001111111000
00111000111111000
00010011010110101
01001110101101110
00010101001011111
01000110001011100
10100100001100100
00100001010100000
10001000010001000
01010001000000001
00000000100000000
10100000000000000
00110110000000000
01000010000000000
00100100000000000
10000000000000000
00000000000000000
00000001000100000
01000011101000000
00001011001100000
00000011101011000
01010110000100000
01001100100110000
00000110101010000
10000101000000000
11001100011010000
11001110000110000
11011111001101000
11101010001000000
10110010000000000
00100110010000000
10100001000000000
00101000000000000
00100100000000000
