21 103 14
000010100101101000001
000000000110000100000
000000111000010101000
000000000101000011001
000000010000010000001
000000111101110001000
000010110000110100000
000000001110011011100
000000000000000000000
001000000100000000000
100000000000100000010
000000010100010000000
010010000100000000000
000000001000010010000
000001001000111000000
000001000000100101000
000000010101000111100
000100000111111010000
000000000010001001110
000001011100001101010
000001010100110001000
010111000000000000000
000011101101000000000
000010111100000000000
000101110111000000000
000111111001000000000
000111100101000000000
100010110011100000000
001001001110000000000
000000100010100000000
001001101000100000000
000001011000000000000
000100001000001000000
000001000100100001000
010100010100100000000
000101010000000000000
000110101010000000001
001100100010100001000
000101110100000000000
001010100100100000000
000010110100000001000
001000110000000000000
