21 220 6
001111111111111100100
000111111111111111000
001111111111111111000
001111111111111111101
000110111111011011000
000111111111111001100
000011010101111101110
000001110011111110101
000001000101101100000
000000010101010010010
010010001011111000000
000000001110101001000
000000000011111100001
000000110111111011100
000000000110011101100
000000001001111110000
000000000101101011011
000000001111110111100
000010000011111111110
000010001011111110110
000000100000111111010
000000000000000000000
000000000000000000000
000000000000000000000
000000010000000000000
000000011001000000000
010010010011000000000
000010111111111000000
001101111111010000000
100111111111000000000
010111111111100110000
110111111111110000000
011111111110000000000
111111111111110110000
111111111111111100000
111111111111111000000
111111111111111100000
111111111111111000000
111111111111111110000
111111111111111000010
111111111111111100000
111111111111111110010
