29 137 13
00111110110000001010000010111
00111110110000000000001000100
00010100000000000001000000000
10101010100100100000000100100
00001100000000000000010001001
10011101010000000000000000100
00100001000000000010000100010
00001011010000000000000000000
01111010100000000010000100000
00001010010000100000100000000
00000100010100000000000000000
01001001110000010000000000100
01011000100100101000000000000
00001000000000000000000000000
00100010000000001000000000000
01000101101000000011000000000
00100010001110000000000000000
00000101000000000000000000000
00000010000000000000000000000
00101001000100100000000000000
00000000000000000000000000000
00010000000000000000000000000
00000000011000000001100100000
00000000000000000000000010000
00000000000100000000100100000
00000000000000010000001001100
00000000000000000000101100000
00000000000000000000101101010
00000000000000010000110001110
00000000000000000000000000000
00000000000000000000000000000
00000000000000000000000000000
00000000000000000000000000000
00000000000000000000000000000
00000000000000000000000000000
00000000000000000000000000000
00000000000000000000000000000
00000000000000000000000000000
00000000000000000000000000000
00000000000000000000000000000
00000010000000000000000000000
00000000000000000000000000000
00000000000000000000000000000
00010000001000000000000000000
00101100000000000000000000000
00100000001000000000000000000
11111000000000000000000000000
10101111000010000000000000000
11011010111001100000000000000
11111111111111100000000000000
01111100111111100000000000000
01111110111111100000000000000
11111111111111101000000000000
11110111111110110000000000000
11011001111111000000000000000
11111111111110100000000000000
00010000111111100000000000000
00000011001100000000000000000
