29 144 13
11011011101000000000000000000
01111100100000000000000000000
01110101100000000000000000000
11111010101000000000000000000
10100110100000000000000000000
01000100100000000000000000000
10101000000000000000000000000
00010100000000000001000000000
00001000000100000000000000001
00000000000000000000000000000
00000000000000000000000000000
00000000000000000000000110000
00000000000000000010000000111
00000000000000000000010110101
00000000000000001010010110011
00000000000000000100001001011
00000000000000001000111111111
00000000000000000001101111111
00000000000000000001111111111
00000000000000000001111111111
00000000000000000100001111111
00000000000000000010011011111
00000000000000100000100111111
00000000000000000000100010101
00000000000000000000000110110
00000000000000000000011001000
00000000000000000000000000100
00000000000000000000000001000
00000000000000000000000000000
00000000000000000000000000000
00000000000000000000000000000
00000000000000000000000000000
00000000000000000000000000000
00000000000000000000000000000
00000000000000000000000000000
00000000000000000000000000000
00000000000000000000000000000
00000000000000000000000000000
00000000000000000000000000000
00000000000000000000000000000
00000000001000000000000000000
00000001000101010000000000000
00000000001000000100000000000
00000010100011000000000000000
00000000011110110000000000000
00000001111111110100000000000
00000000111111000000000000000
00000010011111111000000000000
00000011111111100000000000000
00000001111000101010000000000
00000010111011100010100000000
00000000001000011000100100010
00100110111111000101100000000
00000100110110110010100101010
00000010001010101100110011010
00000000101000101011111100110
00000000000001101001111111100
00000000001111100101011111100
