27 286 13
000000000000101101011111111
000000000111111111111111111
000000000010111111111111111
000000000001111111111111111
000000000111111111111111111
000000000011111111111111111
000000001101111111111111111
000000000101111111111111111
000000000010111111111111111
000000000001111111111111111
000000000001111111111111111
000000000111111111111111111
000000001010111111111111111
000000000010011111111111111
000000000000111111111110111
000000010000011111011111111
000000000000000001111110111
000000000000000000011111110
000000000000000000001111001
000000000000000000000001000
000000000000000011000100100
000000000000000000000100010
000000000000000000000000000
000000000000000000000000000
000000000000000000000000000
000000000000000000000000000
000000000000000000000000000
000000000000000000000000000
000000000000000000000000000
000000100000001100000000010
000000000000000000000000000
000000001000000110010000000
000000000000001001010000000
000000001000011101110000000
000000101001011011010000010
000000000000111110110100001
000000001100101111011110100
000000010011011111111011000
000000001011001100111101000
000000101011100011110110100
000100100011110011111000000
001100111011111111111000000
010111001011110111110111100
001111001010001111110000110
111111011111111110111011100
111111010000111111001100000
111111111001100101011010100
111111111100001010010100000
111111111111000000000000100
111111111111000010000001000
111111111110000000000000000
111111111111100000000000000
111111111101100000000000010
111111111111000000000000000
