25 304 6
0000000100000111111111111
0000000010010111111111111
0000001000111011111111111
0000010001111101111111111
0000001100110111111111111
0000001010101111111111111
0000000111111111111111111
0100011100011101111111111
0001001110110000111111111
0101111111101111111111101
0001101100111110101101101
0000111111100001011011101
0000101111111111001000100
0000110111010010001100000
0001001111100100000000000
0010000010111010000010000
0001101101001000000000000
0010100000001001000000000
1110111111111100000000000
0010111111101000000000000
0011101101111010100000000
1110111111000000000000000
1011111101111010000000000
1010000110101010000000000
0110101111000000000000000
0000011111111111111111011
0000000011111111111110111
0000001111111111111110011
0000000011111111111111110
0000011110111111111111111
0000000011011111111110010
0000110011011100110011000
0000000001111111111011000
0000000000110111100010100
0000000010011110011101001
0000000101010010011101101
0000000000001110101111011
0000000000111111111111110
0000000000011110111111111
0000000001011111011110101
0001001000111110111111111
0000000100011010011111111
0000000000101001111111101
0000000010010010111111111
0000000001011111111111111
0000000000000001111111110
0000000000110011111110111
0000000001000000101001111
0000000000000001001010001
0000000000000001001101110
