28 297 13
0000000000000000000000000000
0000000000000000000000000000
0000000000000000000000000000
0000000000000000000000000000
0000000000000000000000000000
0000000011000000000000000000
0000010111000000000000000000
0000011111110000000000000000
0011111111111010000000000000
1111111111111110000000000000
1111111111111111000000000000
1111111111111110100000000000
1111111111111111110000000000
1111111111111111000000000000
1111111111111111110000000000
1111111111111111110000000000
1111111111111111101000000000
1111111111111111110000000000
1111111111111111100000000000
1111111111111111100000000000
1111111111111111110000000000
1111111111111110110000000000
0111111111111100000000000000
0111111111111110100000000000
0111111111111100000000000000
0001001111100000000000000000
0000000111000000000000000000
0000000000000000000000000000
0000000000000000010011100000
0000000000000000000110101010
0000000000000001010011001000
0000000000100000010000111001
0000000000000000100110111100
0000000000000000101011111111
0000010000000111011111111111
0000000000000011111111111111
0000100000001011111111111111
0000000000000110111111110111
0000000010001111111111101111
0000000001001111111111111111
0000000110001101111111111111
0000000000101011111111111111
0000000000000011111111111111
0000000000000011111111111111
0000000000101110111111111111
0000000000011011111111111111
0000000001001111111111111111
0000000010010100111111111111
0000000000101000110111111110
0000001000000010010111110100
0000000000010011100011100110
0000000000000100000111001001
0000000000000000000011000000
0000000000000000100001010001
0000000000000010000001000000
0000000000000000000000000000
