23 239 12
01001000000000000000000
11001000000100000000000
01000010000010000000000
11111110000000000000000
11111101010000000000000
11111100001000001000000
11110011100100000000000
11101101100100000000000
11111111110001000000000
11101111010011000000000
11111111111011010000000
11111111101000000000000
11111111011110000010000
11111011111111110000000
11011111011100100000000
11111111111100100000000
11111111111111010000000
11111111010111000000000
01111111111111100000010
00111111111111101000000
10111111111100010100000
11110111111101010000000
11111110111011000000000
00000000000000000000000
00000000000000000000000
00000000000101010000000
00000000010010000000000
00000000101011100010000
00000000001111010111000
00000010111011001010000
00000000011111111101000
00000001111111111111010
00010011111111111110100
00000101111111111100000
00000111111111111111000
00000001111111111110000
00000100111111111110000
00000001111111111111000
00000011011111111111110
00000000011111111111100
00000001111111111111101
00000000001111111111111
00000001111111111110111
00000000101111111111111
00000000011111111111100
00000000011111111111110
