21 64 7
000000000000000000000
000000000000000000000
000000000000000000000
000000000000000000000
000000000000000000000
000000000000000000000
000000000000000000000
000000000000000000001
000000000000000000000
000000000000000000100
000000000000000000000
000000000000000010100
000000000000000101000
000000000000010011011
000000000001010001111
000000000000100111111
000000000000001111111
000000000000111111111
000000000100001111111
000000000000111111111
000000000000001111111
000000000000000000000
000000000000100000000
000000110000000000000
000000000000001000000
000000000000000000000
000000010000101000000
000010001010001000100
000001000100100000000
001000000001000000000
000000001001000000100
000000000000010110000
000001100101000010010
000100011000100000000
000000000001110000000
000000001100001101001
000000000010111110010
000000001100001000101
000000000110000010000
000000010001001100100
000000010000010000000
000000000000000000000
