16 103 14
0000000000100000
0000000000001010
0000000000000010
0000111000010011
0000001110000011
0000000101111011
0000001011111111
0000010001111010
0000100110111111
0000000101111111
0000001111111111
0000011111101111
0000001011111101
0000111110011010
0010001111001110
0000001111010000
0010110100000000
1101011101010110
0101001111111011
0111110111101001
1111011101110000
1111111111111010
1111011100010010
1111000100101000
0100111001100000
0110010000000011
1010001100000000
1100101000000000
0000000000010000
0100010000100000
1000100011000000
0000000000000000
