23 215 12
00110110101111111001100
00101011101101111010100
01111010110111111000000
00001011111100001010110
00101011011111100110000
00000011111110110000000
01110001011010010000000
00010101010101100000000
00100010010110010010100
00001010011010100000000
00001000110101000100100
00000001011001110110010
00000000010100000000000
00000000001101100101000
00001101111111000010010
00001001111110100001000
00100011011111111100100
00000001111011111000000
00101001111111111001001
00010001111111111000000
00000110101111010010000
01100010111111101100000
00000000000100100000000
00000000000000000000000
00000000000000000000000
00000000000000000000000
00000000000000000000000
00000000000000000000000
00000000000000000000000
00000000000000000000000
00000000000000001000000
00000000000000000000000
00000000000100000110000
00000000001011101001010
00001000010011111000101
00000000000111111011110
01100000000111101111100
11000000011111111111111
01110001010111111111111
00110100001111111111111
01111101111111111111111
10111001111111111111111
11111101101111111111111
01010111111111111111111
11111111111111111111111
11111110001111111111111
