22 162 6
0000100100100111010100
0000000000001101111000
0000000001101110010000
0000011001000101100000
0000000000110100101000
0000000010010001000000
0000011100001100000001
0001000000100001100101
0000000001010010110110
0000000011000000101100
0000000001100111111111
0000000000010011111111
0000000000000011101101
0000000011010001010111
0000000000100111111110
0000000000010111011111
0000000000000111101111
0000000001011111011111
0000000101011101111111
0000000000011101111100
0000000000010010011111
0000000000001111101000
0000000100000000000000
0010110000000000000000
0000001100110000000000
0010011111000000000000
0111111111110000000000
0011111111110000000000
1111111111111010000000
0111111111101000000000
1111111111111000000000
1111111111111100000000
1111111111111000000000
1111111111111000000000
1111111111110000000000
1111111111110100000000
0110111111000000000000
1101101111100000000000
0000011110011000000000
0000010000000000000000
0000000000000000000000
0000000000000000000000
0000000000000000000000
0000000000000000000000
