16 71 14
1110000000001101
0101000001000000
1100111000011000
1101000110000000
1001001011101001
1001101111100000
0011101011011000
0001000110000100
1000001000000101
0010000101011110
0000000000000001
0000000001001010
0000100000011001
0000000100000100
0000000000000000
0000000100000000
0000000000000000
0000000000000000
0000000000000000
0000001001001000
0000010000000000
0000000110000000
0011000100000000
1100110000000000
1011000000101000
1000111110010010
1100001111010001
0000000000101111
0000011010110000
0100011010111001
0000111101111000
0111010111111001
