22 74 5
0000000000000000000000
0000000000000000000000
0000000000000000000000
0000000000000000000000
0000000000000000000000
0000000000000000000000
0000000000000000000000
0000000000000000000000
0000000000000000000000
0000000000000000000000
0000000000000000000000
0000000000000000000000
0000000000000010000000
0000000000010000000010
0000000000000000000100
0000000000100000101000
0000000001100111111100
0000100100100111111110
0000000101111111111111
0000000100111111111101
0000000000010111101101
0000000010111111111111
0000000000000000110101
0000000000000000000010
0000000000010101010000
0000000000000000001000
0000000000001000010001
0000000000001000010000
0000000000010100100001
0000000000001001000110
0101000010010010000000
0111100100000000010100
0000001000000000000000
1100000000000000011000
0110110000000000000001
1011000100000011000100
0110000000000101100000
0010100101000000000000
0000001010000000001000
1100100100000000001000
0000110000000000000000
0000100000000000000000
1001000000000000000000
0000000000000000000000
