30 437 15
011111111111111010000000000000
001111111111111100000000000000
110111111111101000010010001000
001111111111110100000000101000
111111111111110101000000011100
111111110111111000000011111111
110101111111110000100111111111
011110111111000000010011111111
010111111110100000001111111111
000111001110011001010111111111
100010111001100000001111111111
000000000100101001111111111111
000011100000010001001111011111
000000000010110000001110111011
000010000000000000000111111111
000000100000000000000011011111
000000100100000000000000001111
000000000000101000000000110000
000000101111001010000000000000
000000100100011101100000000000
010100001010110001101101100000
000101101111110001110011011000
000010111110101110011111101110
000001111111110101011011011100
000111011111100001011111111010
000001011111100010011111111010
000011100010110000110111111010
000110011111100110001111110100
000000111001110000000111111100
000000111000100000011111100000
000000000000000001011101010000
000000000000000001100111111001
000000000000000001110111111110
000000000000000000111111110111
000000000000100001111111111110
000000000000000100111111111110
000000000000001001111111111111
000000000000010011111111111111
000000000001001111111111111110
000000000000001101111111111011
000000000001001111111111111111
000000000000111111111111111101
000000001101011111111110011101
000001011111011111111110100100
000101111110111111111111000000
011110111111111111111000100000
010111111111111111110110000000
001111111101111111011000000000
010111111111111111011100000000
010111111111111111000000000000
011011111111111111100000000000
001111111111111110100000000000
011110111111111100101000000000
101111111111111100010000000000
001011111111111000000000000000
001110111111111111000000000000
101111111111101100000000000000
001010111111111010000000000000
000011101111001100101000000000
000100010111010100000000000000
