30 310 12
000011000000110111011111111110
011111111110101011111011011111
000011110110111011111110101110
000011111111010111111111101111
101011111110101011111111111001
000010100000011101111111111100
000010011010001011111111111111
000000000010011110111111111110
000000000011101111101110111111
000000000000110101111011111110
000000000100000100111110110100
000000000000011110111111111010
000000000000010010110101110100
000000000001000000110101101001
000000000000000000100000000000
000000000000000110001100000000
000000000000100110011000000000
000000000000011110010110100000
000000000000101100101101100000
000000000000010111101000000000
000000000000001011111100000000
000000000000001101111110001000
000000000000110011111101000000
000000000000001011110100000000
000000000000010010110001110000
000000000000000001110000000000
000000000000000101110100000000
000000000000101000000000000000
000000000000000000000000000000
000000000000000000000000000000
000000000000000000000000000000
000000000000000000000000000000
000000000000000000000000000000
000000000000000000000000000000
000000000000000000000000000000
000000000000000000000000000000
000000000000000000000000000000
000000000010010000000000000000
000000000000000000000000000010
000000000000000000000000000000
000000000000000010000000000001
000100000000010000000010000001
000000010000001001010000001000
000100000011001111000010000010
000000101010101101100111001001
000101001111111101000111100111
011000100101101011111010011100
001110000101100111111111100100
100011001111111111100100010011
111000110111110111111111100110
111011001111111111101001110011
111101111111111111111111111111
111110101101111111111101000101
110011110011011111111110010011
011001111011111111111111110110
000000101011111010001111100101
000000101011111101110111101000
000000100111111111011101010011
000000000000010111011110000110
000000011100001100110000000000
