21 191 13
111111101111110110000
001101101111011001100
111111101110100110000
111111011101100010000
111101010111100010000
110001111011111001000
001101100101001110000
000100000000101000001
100100100001000100000
010000010000010010000
000010011110110001101
100001000000000110110
001000000000011111111
000000000000101111101
000000000010011010111
100000010111110011101
000000000101011111111
000010000101111111110
000000010000010111111
000000000011101111100
000000000000111011011
000000111111111111111
000000011111111111111
000000111111111111111
000000111111111111111
000000111111111111111
000000111111111111111
000001011111111111111
000000001111111111111
000000000111111111111
000000000111111111111
000000001111111111111
000000000011111111111
000000000000111111111
000000000000001111111
000000000000001011111
000000000000000111100
000000000000000000000
000000000000000000000
000000000000000000000
000000000000000000000
000000000000000000000
