21 49 7
000000000000000000000
000000000000000000000
000000000000000000000
000000000000000000000
000000000000000000000
000000000000000000000
000000000000000000000
000000000000000000000
000000000000000000000
000000000000000000000
000010001000000000000
001001000011010000000
000000011000000000000
000000010001100000000
000100111011000001000
000010100101000000000
000010010011111000000
000111110101100000000
101011000000000000000
000101100000110000000
000000010100000000000
000000000000000000000
000000000000000000000
111000000000000000000
100001000000000000000
000000000000000000000
001000000000000000000
110000001000000000000
000000000000000000000
000000000001010000000
000000000000000100000
010010000000000000000
000000001000000000010
000000000000110000001
000000011010000000001
000100000100100000000
000001000001001110100
000000000000010000000
000000010000010001010
000000000011001000100
000000000100010011000
000000001010101000000
