26 128 9
11110110111100000000000000
10111101110111000000000000
11111111011000000000000000
01111111111100000000000000
01011111111111101000000000
01011001111101010000000000
00010111111100000000000000
00110111100110000000000000
11000110100000100000000000
00001010011111000010000000
00000001010000000000000000
00000000000100000000000000
00000000000000000000000000
00100001000000000000000000
00000000000000000000000000
00000000000000000000000000
00000010000000000000000000
00000000100000000000000000
00000000000000000000000000
00101010000000000000000000
00100111100000000000000000
01010100000000000000000000
11110111000000000000000000
00101111000000000000000000
00100000000000000000000000
00001000000000000000000000
00000000000110100101010100
00100010100000000001011000
00010000000000111110000001
11010000000000111111000000
00100010000010101110000000
10111110000000111111001000
01101110000100000101001000
00100111100000000000000000
00000100001000000011001000
10101110101000000011101000
11111000100000010010000001
11011111100010100000000000
01101101100000010100000000
00101110100000000000001000
01101110000000000000000000
11000110001000000000000000
00101000000000000000000000
00000100000000000000000000
00000000000000000000000000
00000000000000000000000000
00001000000000000000000000
00000000000000000000000000
00000000000000000000000000
10000000000000000000000000
00000000000000000000000000
00010000000000000000000000
