18 80 7
000000000000000000
000000000000000000
000000001000000000
000000000010000000
000010000100000000
000001100010100000
100000010001010000
001000110100001100
010000100001000000
000101100011100000
000100110100001000
010001101000110100
000011101001010000
011011011111001000
110111111101000000
110101010000110000
010101100000000000
000100011010000000
000010010011110011
011000101111111110
000000001110111010
000001001101111010
000000001000011100
000000010111100010
000000010010001100
000000000010000010
000000000011011000
000000000000011000
000000000000100000
000000000000001000
000100000000010101
000000010101100100
000000000100000110
000010000001010000
000000001010000000
000000000010011100
