30 120 14
000000000011011100010011001011
000001000111111101000100110111
000000000110011111100001110101
000000000111000111010111111101
000000000010101110110000001111
000000000010110010100010110010
000000000001010001010101011010
000000000001010111001000000101
000000010000000011000000001000
000000000001000001000000000000
000000000000000000000000000001
000000000000000000000000010000
000000000000000000000000110110
000000000000000000000000011000
000000000000000000000001111110
000000000000000000000001011000
000000000000000000000011101010
000000000000000000000000010000
000000000000000000000000000000
000000000000000000000000000000
000000000000000000000000000000
000000000000000000000000000000
000000000000000000000000000000
000000000000000000000000000000
000000000000000000000000000000
000000000000000000000000000000
000000000000000000000000000000
000000000000000000000000000000
000000000000000000000000000000
000000000000000000000000000000
000000000000000000000000000000
000000000000000000000000000000
000000000000000000000000000000
000000000000000000000000000000
000000000010000000000000000000
000000001110100000000000000000
000010000110100000000000000000
000000101111000000000000000000
000010111111001000000000000000
000100100101000000000000000000
010100011010000100000000000000
000010011011000000000000000000
001000000000100000000000000000
010001001000000000000000000000
010010100000000000000000000000
100000000000000000000000000000
000000000000000010000000000000
001000000000000010000000000000
000000000000000000010000000000
000001000000000000000000000000
000001000000000000000000000000
000010001000000000100000000000
000000010100100111000000010100
000000000001000010000000000011
000101100111110000000001001111
000000001100110100000001010001
000001000101100010100000000110
000000111110100000000100010111
000001001000100000000000001010
000010000011000000000000011111
