28 339 15
0000000000000100100010010000
0000000000000010010000000100
0000000000000100000011101100
0000000000000111011011100110
0000000000000100010011101000
0000001000111111111111111111
0000000000110111111111111111
0000000011010011111101111011
0000000101101111111111111111
0000000011011111111110111111
0000000011111111111111111101
0000000001111111111111111100
0000001001111111111101101110
0000000000100011111111111000
1000010110011111110111100100
0000000000010111111110010100
0000000111000001010111111000
0000010000010100001111101010
1010101000000000011111111000
0011000110000001000111111000
0101111000110000011111111000
1100110110101000000110100100
0110101010011001100000000100
0101010101001001010000000000
1001111111011000100101100000
1011111001111000000000000000
0111101111010100000000000000
1100111000001100000000000000
0000101011111111111101101000
0000010111111111111111110110
0000101110011111111111100000
0000001111111111011111100000
0010101110111111111111111000
1001000111111111111111111000
1100011111111101011111100100
0111111110111111111010000110
1110011111101111100011100000
1110111111001001010110100000
1111111101100000101001000000
1111111110111100011111000000
1111111111110001010000000000
1111111101000100010000000000
1111111110000010000100000000
1111111110101000000000000000
1111111110000000000000000000
1111111111101000000000000000
1111111111010000000000000000
1111111111100001000001000000
1111111111010000000000000000
1111010101000010000000000000
1001000100000000000000000000
1011100110001000000000000000
1011100000000000000000000000
0000000000000000000000000000
0001000000000000000000000000
0010000100000000000000000000
