17 38 7
00000000000000000
00010000000000000
01100000000010000
01000001000000000
00000101000001000
00000010000000000
00010100000111000
00000010000111000
00000010010101001
00000000000000000
00000101101001001
10000010000000000
00100000100000010
00000000000100001
00000000100000000
00000000000000000
00000000000000000
00010100001001001
00000010011000000
00000011101001000
00010010000000000
00000000111101000
00010011100000000
00001000000000000
00000100011001000
00000100010000000
00000100000000000
00000000001000000
00000000000010000
00000000000000000
00000000001000000
00000000000000010
00000000010010000
00000000000000000
