24 271 12
001000000000000100000000
000000000000100000000000
000010000000010000000000
000110100111001000001000
000001000000000000000000
100000000100101010110010
010100001101100000111000
101111111111111010100000
010111101110111111100000
011111111000100110110010
011111111110111111101101
011111111111011011101011
001111111111011111111100
011111111101111110111111
001111111101011111111111
000111110101111111111111
011011110100000111111111
000011100000010101111111
000100000000100011111111
000000000001000111111111
000000000000000101111111
000000000000000011111111
000000000000000000111111
000000000000000001111111
000010000101101100110000
000000010110111010010000
000000100111111111100000
000001111111111110110000
000001011111111011100000
000001111101111111001000
000100111111111111110000
100110011111111100111000
000010011111111110000000
100001111111111110111010
100100100111001111101011
001000101011100100011111
011000000111011100110111
000001001000000100101111
000100000001100001101111
000000100000000001001111
101000001000000000011011
001001000000000000010111
111001111000000000000101
111111111110010000001001
111111111101000000000000
111111111111100000000001
111111111110010000000000
111011111111100000000000
