20 82 12
00010101111001001000
00010011011001100000
00100011111101110100
00001111001100000000
00000111111110100100
00110010100011100000
01000101111110100000
00011001100000100000
00001100000000000000
00000010000101000000
00000001000000100000
00010011000100000000
00000001111100000000
00010000000000000000
00000001000000000000
00000000000100000000
00000000000000000000
00000000000000000000
00000000000000000000
00000000000000000000
00000100110000000000
00111101001000000000
00110000100100000001
11000111010110000000
10101100001110000000
00100110110000000000
00100110001010010000
01011000000000000000
10101110000010100010
01100100010000000100
10100110110000000000
01111000000000100000
01011100000000000000
01100001000000000000
10100100000100000000
00000101000000000000
00000100000000000000
00000010000000000000
00000000000000000000
00000000000000000000
