30 173 15
000000000000000000000000000000
000000000000000000000000000000
000000000000000000000000000000
000000000000000000000000000000
000000000000000000000000000000
000000000000000000000000000000
000000000000000000000000000000
000000000000000000000000000000
000000000000000000000000000000
000000000000000000000000000000
000000000000000000000000000000
001000000000000000000000000000
001001000000000000000000000000
000010000000000000000000000000
111111100000000000000000000000
111111110000000000000000000000
111111111100000000000000000000
111111111100000000000000000000
111111111000000000000000000000
111111111100000000000000000000
011111110010000000000000000000
111111111000100000000000000000
111111101010000000000000000000
111111110010000000000000000000
111111110111001100000000000000
111111101110010000000000000000
111111101110000000000000000000
111111110111110000100000000000
111111111111111001000000000000
111111111111100110000000000000
000000000000000000000000000000
000000001000000000000000000000
000000000100000000000000000000
010000001011101000000000000000
100000000000000000000000000000
000000101001010000100000000000
000100001001000000000000001000
110001000010010010000000001000
000010100110000010011000000000
000111000001110100000000100000
000000000011001100000010001100
000001011000000111001100010000
000000101111001000000100000110
000001000000001011010100000000
001000000011001100011010110110
000000000000011001000010010000
001000000100101000001001100000
000000000000001010010110101100
000001100001000111010000000000
101100000000100111111100000010
000001000000100110010010000000
000010000001110010110000010100
000010001000010101011100000000
000100000000100111110010010100
001000000000000000000011001000
000000000000000000111001000000
000000000000100010001000000100
000000000000001000000100000000
000000000000000001000000000000
000000000000010000001000000010
