25 153 14
0000000000000000000000000
0000000100000000000000000
0000000000100001000000100
0000000000100001000000000
0000101000110000000000000
0000010000000000100000000
0000000100001001000000000
0000000000100000011110000
0000000101011101110010000
0000100000110000010000000
0000010010111111111100010
0000101001101101000000000
0000000111110110011000100
0000000000111110101100000
0000000001001110001000000
0000001100001000001100000
0001100010000000001001000
0000000000100101010100000
0000011000001000010010000
1110000001111001001000000
0011010000001100110100000
0011111010000110000010000
1100001100000011010000100
1101011111000000000111010
1101100011101000000100011
0000000000000000000000000
0000000000000000000000000
0000000000000000000000000
0000000000000000000000000
0000000000000000000000000
0000000000000000000000000
0000000000000000000000000
0000000000000000000000000
0000000000000000010000000
0000000000110100000100000
0000000100011110100000000
0000000000011111111000000
0000000001111111111000000
0000000011111111111110000
0000000011111111111110000
0000000111111111111100000
0000000011111111111100000
0000000111111111111110000
0000001011111111111110000
0000000011111111111100000
0000001001111111111101000
0000000000111111111100000
0000000000011111110000000
0000000000000101000000000
0000000000000010000000000
