24 224 13
001000000000000000000000
000000100001000000001000
010000010000000001010000
100001010000110000100000
101111000100000100010100
010010010001000000011001
010101100011110001000011
100011010001011100001000
010100111001101000100111
001011101111111011000000
100010011111110000000010
100111111110110110100010
000001011111101100111010
001100110000111010100010
001000111101111111001100
100010101010101011110000
000010001011111111101000
000001010000000101110101
000001110100111111101100
000010001001101101101100
001000001111011011100100
000000100100111111110000
001000000110011101000000
000000000010001001010100
000000000111111111010000
000000111111111111100000
000000011111111110000000
000000010111111110000000
000000010111111100000000
000000000001011100000000
000000000000000000000000
000000000000100000000000
000000000000000000000000
000000000000000000000000
000000010000000000000000
000000000000000000000000
000011010110100000000000
000110111111100000000000
000011111111101001000000
010111111111111000000000
101111111111111000000000
011111111111111100000000
111111111111111110000000
111111111111111111000000
111111111111111110000000
111111111111111110000000
111111111111111110000000
011111111111111000000000
