29 283 8
00000000000000000000000000000
00000000000000000000000000000
00000000101100000100000000000
00000000010110001000000000000
00000010111110100000100000000
00100001111111101100010000000
00000010111111111110000010000
00000101111111111111011010000
00000111111111111111111100000
00000111111111111111111110000
00001011111111111111110100000
00011101111111111111111010101
00011101111111111111111111000
00000111111111111111111111000
00010101111111111111111110100
00000111111111111111111111000
00000111111111111111111010000
00000000010111111111110100100
00000000101100111110111010000
00000000110001101101110000000
00000000000000000010101000000
00000000000100101000010000000
00000000000000000000000000000
00000000000000000000000000000
00000000000000000000000000000
00000000000000000000000000000
00000000000000000000000000000
00000000000000000000000000000
00000000000000000000000000000
00000000000010111111111111111
00000000000000101111111111111
00000000000010011111111111111
00000000000000111111111111111
00000000000001011111111111111
00000000000000011111111111111
00000000000011011111111111111
00000000000000011111111111111
00000000000000011111111111111
00000000000001011111111111111
00000000000000010111111111111
00000000000000011111111111111
00000000000000001111111111111
00000000000000100011011111111
00000000000000000000001111111
00000000000000000000101100101
00000000000000000000001110101
00000000000000000000000000110
00000000000000000000000000000
00000010000000000000000000000
01110010000000000000000000000
11111110000000000000000000000
11111110000000000000000000000
11111111000000000000000000000
11111110100000000000000000000
11111101000000000000000000000
11111110100000000000000000000
11111011010000000000000000000
11111101000000000000000000000
