23 255 15
00000000000000000000000
00000000000000000000000
00000000000000000000000
00000000000000000000000
00000000000000000000000
00000000000000000000000
00000000000000000000000
00000000000010010010000
00000000000101100000000
00000000111111111100000
00000001111111111111000
00000111111111111111100
00001111111111111111010
00000111111111111111110
00001111111111111111110
00001111111111111111111
00001111111111111111111
00011111111111111111111
00111111111111111111111
00011111111111111111111
00011111111111111111111
00011111111111111111111
00001111111111111111111
00000111111111111111111
00000111111111111111111
00001111111111111111111
00000111111111111111111
00001111111111111111111
00000111111111111111111
00000011111111111111111
00000001111111111111111
00000001111111111111111
00000001111111111111111
00000000111111111111111
00000000011111111111111
00000000000111111111111
00000000000111111111111
00000000000001111111111
00000000000000111111111
00000000000000000111111
00000000000000000000011
00000000000000000000000
00000000000000000000000
00000000000000000000000
00000000000000000000000
00000000000000000000000
