28 383 10
1111010000000000000000000000
1011000000000000000000000000
0110101000111010101100000000
1101011010000001011000000000
1101001100010101000000000000
0101101010110010001001001000
1101011000000001101011000000
1110100000000011110001010000
1000000001001011101111100000
0000100110100111101101110000
0100010011111111111111110000
1000001111111111111110100000
0000011001111111111101110010
1001100001111010111010000100
0000011111111111011111100000
0000000011111111111111011000
0001010011111111111111111000
0000101101011111111111101100
0000000011110111111111110001
0000010101001111111111111111
0000000000111101111111111110
0000000001001101111111111100
0000010000111011111111111111
0000000010101111111111111111
0000000000010111111111111110
0001000010000101111111111110
0000000000100001111111111111
0000000010000011011111111100
1111111111111111110100000000
1111111111111111111000000000
1111111111111111110000000000
1111111111111111110000000000
1111111111111111110000000000
1111111111111111110000000000
1111111111111111110000000000
1111111111111111110000000000
1111111111111111100000000000
1111111111111111110000000000
1111111111111111100000000000
1111111111111111100000000000
1111111111111111100000000000
1111111111111111100000000000
1111111111111111000000000000
1111111111111111100000000000
1111111111111110000000000000
1111111111111110000000000000
1111111111111000000000000000
1111111111111000000000000000
1111111111111000000000000000
1111111111100000000000000000
1111111111000000000000000000
1111111100000000000000000000
1100000001000000000000000000
0000000000000000000000000000
0000000000000000000000000000
0000000000000000000000000000
