20 200 6
11111111110000000000
11111110101000000000
11111011101001000000
11111111101000000000
11111111111000000000
10111111111100000000
11111111001000100000
11111111101000000000
10111011100000000000
00111011101000000000
11000100100101000000
00010100100000000000
10110001010100100000
11101110011000000000
11111111111100000000
11111101111110001000
11111111111110010000
11111111111100110000
11111111111101001000
11111101111111100000
00000000111111001011
00000011110011011111
00000001010110101111
00000001010111011111
00001000011111111111
00000001011111111111
00000001100101011111
00010100101101111011
00000000011011111110
00000100011011111111
00000001001110111101
00000000101111111101
00000000001110111111
00001011111111111101
00000101101011101110
00000000011001100100
00001011101101100011
00000111111010110101
00000111111111111100
00000000100101111000
