21 160 5
111111100100000000000
111111111110000000000
111111110100010000000
111111110100000000000
111111111100000000000
111111111100000000000
111111111111011000000
111111110101000000000
111111111110000000000
011111111111100000000
111111111111010000000
111111111100000000000
011010111000010000000
111011111111000000000
001100111110100000000
100110000000000000000
000000000000000000000
000000001010000000000
100000000000000000000
000000000000000000000
000000000000000000000
001010001001100100000
000000111000011000100
100011101110100010100
011010101011111001001
111011011111011011000
001100101101011110100
000100000100111110000
111101111101011101000
000011001111101001000
011000101000111101100
010001101110110001000
010000000101101100010
100001001001001100010
000000101111000100100
001000100111000011100
000000000110110000100
000000011011101010000
000000110000010000100
000000001010011000000
010000100000000000000
000000000000000001000
