2653
1742 0 0 99
5050 0 0 95
5013 0 0 93
5033 0 0 90
2511 0 0 87
2894 0 0 85
3943 0 0 81
4911 0 0 78
4088 0 0 74
3177 0 0 72
3808 0 0 69
2106 0 0 67
4132 0 0 65
3489 0 0 63
4937 0 0 60
4519 0 0 56
3394 0 0 54
4344 0 0 51
4732 0 0 49
2099 0 0 46
5068 0 0 42
3678 0 0 39
2917 0 0 37
1002 0 0 35
4452 0 0 33
1240 0 0 31
1732 0 0 28
2169 0 0 25
17 0 0 22
4647 0 0 20
2226 0 0 17
1959 0 0 15
5214 0 0 11
4767 0 0 9
4521 0 0 7
5265 0 0 5
1747 0 0 1
1341 0 1 98
2287 0 1 94
4213 0 1 90
3697 0 1 86
2247 0 1 82
3964 0 1 79
412 0 1 77
2355 0 1 74
4942 0 1 71
1658 0 1 68
1591 0 1 65
2942 0 1 62
2814 0 1 59
1224 0 1 57
4584 0 1 54
1921 0 1 50
3457 0 1 47
3228 0 1 44
3242 0 1 42
4677 0 1 38
1365 0 1 35
3593 0 1 32
4482 0 1 28
1686 0 1 24
3425 0 1 21
4053 0 1 18
2358 0 1 15
3336 0 1 11
5054 0 1 8
2317 0 1 4
5072 0 1 2
3850 0 2 97
1667 0 2 95
4882 0 2 91
4390 0 2 88
5295 0 2 84
96 0 2 82
1538 0 2 79
3835 0 2 75
4031 0 2 71
59 0 2 68
3460 0 2 64
2023 0 2 61
3080 0 2 58
2389 0 2 56
1986 0 2 54
397 0 2 50
4934 0 2 46
2879 0 2 42
803 0 2 38
3111 0 2 34
590 0 2 32
3091 0 2 28
5277 0 2 23
553 0 2 20
656 0 2 17
3291 0 2 14
1738 0 2 11
4302 0 2 8
4518 0 2 3
5069 0 2 1
3751 0 3 97
3843 0 3 94
2606 0 3 90
3429 0 3 86
317 0 3 81
4671 0 3 78
4074 0 3 74
1110 0 3 70
4540 0 3 66
4850 0 3 62
760 0 3 59
1096 0 3 56
2546 0 3 53
4851 0 3 50
873 0 3 46
303 0 3 42
5124 0 3 37
3305 0 3 33
856 0 3 30
124 0 3 28
4130 0 3 23
4891 0 3 19
314 0 3 16
4365 0 3 13
5186 0 3 11
4177 0 3 8
1924 0 3 3
1911 0 3 1
3208 0 4 97
5228 0 4 93
3968 0 4 90
3240 0 4 86
5101 0 4 80
2714 0 4 77
401 0 4 74
4571 0 4 69
5169 0 4 65
3819 0 4 61
759 0 4 58
1739 0 4 56
2414 0 4 52
2919 0 4 48
3263 0 4 46
4831 0 4 41
365 0 4 38
542 0 4 34
4855 0 4 31
1504 0 4 28
4065 0 4 23
4359 0 4 19
3747 0 4 15
5078 0 4 10
1511 0 4 6
1405 0 4 2
2334 0 5 97
3727 0 5 93
5321 0 5 89
4690 0 5 85
1407 0 5 81
3891 0 5 78
5195 0 5 73
4385 0 5 70
4077 0 5 66
3888 0 5 62
4112 0 5 58
4729 0 5 54
5245 0 5 49
2719 0 5 45
4730 0 5 42
3381 0 5 37
974 0 5 33
3863 0 5 29
4787 0 5 25
5270 0 5 21
2940 0 5 17
219 0 5 13
4818 0 5 9
2316 0 5 6
402 0 5 2
498 0 6 97
2429 0 6 93
1229 0 6 89
1841 0 6 85
3303 0 6 80
5156 0 6 76
1915 0 6 72
4603 0 6 68
4451 0 6 63
3733 0 6 60
4123 0 6 56
1949 0 6 52
1355 0 6 48
5029 0 6 45
4133 0 6 42
2245 0 6 37
5178 0 6 32
1779 0 6 28
3713 0 6 23
2565 0 6 19
2908 0 6 15
4165 0 6 10
782 0 6 6
5368 0 6 1
2424 0 7 96
2109 0 7 93
2525 0 7 88
2694 0 7 84
4575 0 7 81
2432 0 7 78
4992 0 7 73
3414 0 7 70
3491 0 7 66
3620 0 7 62
3021 0 7 58
3480 0 7 54
4951 0 7 49
1887 0 7 45
4497 0 7 41
4144 0 7 37
2851 0 7 32
4407 0 7 27
5180 0 7 23
4395 0 7 18
2005 0 7 15
4056 0 7 10
4282 0 7 5
368 0 7 1
1826 0 8 96
360 0 8 93
2031 0 8 88
4046 0 8 83
2309 0 8 81
4809 0 8 77
61 0 8 74
2286 0 8 69
5148 0 8 64
1568 0 8 60
2283 0 8 56
4853 0 8 51
2915 0 8 48
4699 0 8 44
3233 0 8 41
2472 0 8 37
5112 0 8 31
180 0 8 28
3417 0 8 23
3463 0 8 18
657 0 8 14
811 0 8 11
4143 0 8 8
1712 0 8 3
1628 0 9 96
3211 0 9 92
1420 0 9 89
1274 0 9 85
1356 0 9 80
2576 0 9 76
1745 0 9 71
1729 0 9 67
2816 0 9 64
681 0 9 60
1485 0 9 56
1757 0 9 51
3350 0 9 46
4815 0 9 41
2448 0 9 37
4638 0 9 31
5182 0 9 27
3047 0 9 23
1217 0 9 18
5172 0 9 13
952 0 9 9
5255 0 9 5
1387 0 10 96
3477 0 10 91
5286 0 10 87
3033 0 10 84
4448 0 10 81
3587 0 10 77
5217 0 10 73
3406 0 10 69
2949 0 10 64
3120 0 10 59
728 0 10 56
4864 0 10 50
4216 0 10 45
3967 0 10 41
1499 0 10 37
1904 0 10 31
2419 0 10 27
1205 0 10 23
143 0 10 18
4960 0 10 13
71 0 10 9
4703 0 10 5
733 0 11 96
3224 0 11 91
3388 0 11 87
154 0 11 84
4997 0 11 80
2540 0 11 76
137 0 11 71
5346 0 11 66
1105 0 11 62
2329 0 11 58
2140 0 11 54
3570 0 11 49
4043 0 11 44
1942 0 11 41
1284 0 11 37
1456 0 11 31
1815 0 11 27
4481 0 11 22
5210 0 11 17
3978 0 11 12
5179 0 11 9
3576 0 11 5
297 0 12 96
1507 0 12 91
1209 0 12 87
3955 0 12 83
5280 0 12 80
2111 0 12 76
3921 0 12 70
3500 0 12 65
3195 0 12 61
4204 0 12 57
3804 0 12 54
2635 0 12 49
3420 0 12 44
5022 0 12 40
2442 0 12 37
1346 0 12 31
5342 0 12 26
3154 0 12 23
4628 0 12 17
1843 0 12 12
4892 0 12 9
758 0 12 5
4454 0 13 95
4283 0 13 91
696 0 13 87
2721 0 13 83
821 0 13 80
1922 0 13 76
3767 0 13 70
1835 0 13 65
5291 0 13 60
1469 0 13 56
4172 0 13 50
3705 0 13 45
896 0 13 41
2931 0 13 36
4613 0 13 33
3479 0 13 29
4552 0 13 25
899 0 13 21
3613 0 13 16
1913 0 13 12
1985 0 13 9
632 0 13 5
3638 0 14 95
2142 0 14 91
2952 0 14 86
2760 0 14 80
5333 0 14 74
361 0 14 69
2181 0 14 64
2707 0 14 59
5114 0 14 55
3866 0 14 53
4842 0 14 50
3203 0 14 45
4071 0 14 40
627 0 14 37
3962 0 14 30
2231 0 14 27
3156 0 14 22
5055 0 14 17
1674 0 14 12
4766 0 14 8
194 0 14 3
2677 0 15 94
2478 0 15 90
5166 0 15 85
618 0 15 80
4920 0 15 74
4459 0 15 68
767 0 15 63
3132 0 15 59
2799 0 15 55
3741 0 15 52
3911 0 15 47
2380 0 15 44
4999 0 15 40
4965 0 15 36
2852 0 15 33
3362 0 15 29
2987 0 15 25
4879 0 15 20
1612 0 15 16
5194 0 15 11
5344 0 15 6
4068 0 15 1
1598 0 16 94
2130 0 16 90
819 0 16 85
3227 0 16 79
3257 0 16 74
790 0 16 68
1473 0 16 61
2674 0 16 57
4021 0 16 53
4870 0 16 49
3395 0 16 44
2209 0 16 40
3451 0 16 36
1470 0 16 33
2490 0 16 29
2678 0 16 25
4421 0 16 20
42 0 16 16
4186 0 16 11
4191 0 16 6
2061 0 16 1
1558 0 17 94
4735 0 17 89
1193 0 17 85
2647 0 17 79
2202 0 17 74
764 0 17 68
283 0 17 61
3039 0 17 56
3959 0 17 50
2989 0 17 45
3595 0 17 40
1880 0 17 36
1282 0 17 33
1173 0 17 29
1285 0 17 25
3836 0 17 20
5304 0 17 15
3358 0 17 10
3885 0 17 5
794 0 18 94
4277 0 18 89
228 0 18 85
5246 0 18 78
2916 0 18 73
347 0 18 69
957 0 18 64
4096 0 18 58
3099 0 18 53
4576 0 18 49
3064 0 18 44
2204 0 18 40
1366 0 18 36
4817 0 18 32
4249 0 18 27
3090 0 18 22
4126 0 18 17
1608 0 18 12
4553 0 18 8
12 0 18 3
674 0 19 94
4247 0 19 89
5264 0 19 84
3934 0 19 80
1457 0 19 74
3312 0 19 67
2938 0 19 63
2156 0 19 58
2338 0 19 53
3458 0 19 49
396 0 19 44
146 0 19 40
808 0 19 36
4617 0 19 32
3239 0 19 27
1944 0 19 22
4079 0 19 17
765 0 19 12
4118 0 19 8
4763 0 19 2
5000 2 0 93
1982 2 0 88
1249 2 0 83
4516 2 0 79
723 2 0 74
2391 2 0 67
2397 2 0 63
2077 2 0 58
1514 2 0 53
1483 2 0 49
54 2 0 44
2765 2 0 39
3785 2 0 36
2148 2 0 32
2291 2 0 27
4944 2 0 21
120 2 0 16
4083 2 0 11
1808 2 0 6
579 2 0 1
3984 2 1 93
1088 2 1 88
580 2 1 83
1011 2 1 79
684 2 1 74
1445 2 1 67
1618 2 1 63
694 2 1 58
5314 2 1 52
3345 2 1 47
920 2 1 44
2018 2 1 39
5206 2 1 35
717 2 1 32
5348 2 1 26
3083 2 1 23
4513 2 1 17
202 2 1 12
2689 2 1 8
4543 2 1 2
2584 2 2 93
763 2 2 88
2296 2 2 82
1179 2 2 79
333 2 2 74
1361 2 2 67
4333 2 2 62
1241 2 2 58
3467 2 2 52
1661 2 2 47
4205 2 2 43
2292 2 2 41
4261 2 2 35
4291 2 2 31
4304 2 2 26
1977 2 2 23
1383 2 2 17
4120 2 2 11
1752 2 2 6
4679 2 3 92
2785 2 3 88
1692 2 3 82
4422 2 3 78
2480 2 3 73
3528 2 3 68
4364 2 3 60
664 2 3 56
3423 2 3 50
4076 2 3 44
409 2 3 39
3525 2 3 35
1200 2 3 31
4232 2 3 26
1829 2 3 23
5167 2 3 16
3095 2 3 11
5004 2 3 5
3643 2 5 92
3191 2 5 87
4292 2 5 82
3368 2 5 78
2135 2 5 73
3088 2 5 68
3481 2 5 60
163 2 5 56
1666 2 5 50
4026 2 5 44
382 2 5 39
3004 2 5 35
319 2 5 31
4190 2 5 26
3436 2 5 22
2157 2 5 17
3797 2 5 11
3373 2 5 5
1609 2 6 92
1910 2 6 87
3794 2 6 82
4802 2 6 77
729 2 6 73
2451 2 6 68
4748 2 6 59
1159 2 6 55
3560 2 6 52
1223 2 6 47
3363 2 6 43
2699 2 6 40
4321 2 6 35
5226 2 6 30
1453 2 6 26
822 2 6 22
5310 2 6 16
2959 2 6 11
2564 2 6 5
264 2 7 92
1602 2 7 87
1551 2 7 82
4401 2 7 77
4578 2 7 72
2331 2 7 68
2737 2 7 59
4928 2 7 54
946 2 7 49
2985 2 7 43
5193 2 7 38
8 2 7 34
4273 2 7 31
3516 2 7 26
453 2 7 22
1797 2 7 16
949 2 7 11
46 2 7 5
5174 2 9 91
777 2 9 86
1142 2 9 80
922 2 9 74
4826 2 9 66
4778 2 9 61
616 2 9 56
404 2 9 50
3986 2 9 44
104 2 9 38
2416 2 9 33
1117 2 9 29
4803 2 9 24
3043 2 9 21
5322 2 9 15
1409 2 9 10
2506 2 9 5
4515 2 10 91
4881 2 10 85
5122 2 10 78
7 2 10 73
429 2 10 68
1694 2 10 59
3125 2 10 54
547 2 10 49
1289 2 10 43
4561 2 10 38
1323 2 10 33
4746 2 10 28
1821 2 10 23
4828 2 10 16
3813 2 10 10
2238 2 10 5
4194 2 12 91
4328 2 12 85
4524 2 12 78
3538 2 12 72
1930 2 12 68
5205 2 12 58
3300 2 12 52
5298 2 12 46
3015 2 12 41
4013 2 12 35
4509 2 12 30
1160 2 12 26
84 2 12 22
1018 2 12 16
2392 2 12 10
100 2 12 5
2542 2 15 91
2693 2 15 84
1452 2 15 80
4615 2 15 73
341 2 15 68
5032 2 15 58
4662 2 15 51
2547 2 15 46
2189 2 15 41
1500 2 15 35
3526 2 15 30
130 2 15 26
4755 2 15 21
5018 2 15 15
5008 2 15 9
448 2 15 5
1192 3 0 91
2264 3 0 84
1292 3 0 80
4215 3 0 73
4492 3 0 67
4228 3 0 62
1070 3 0 58
497 3 0 51
4290 3 0 45
2663 3 0 40
393 3 0 35
325 3 0 30
4588 3 0 25
2455 3 0 20
4069 3 0 15
4375 3 0 9
2298 3 0 4
4916 3 5 90
5034 3 5 84
5375 3 5 79
1573 3 5 73
4210 3 5 67
2960 3 5 62
489 3 5 57
3859 3 5 52
3555 3 5 46
522 3 5 41
454 3 5 35
4894 3 5 29
4597 3 5 23
2308 3 5 16
914 3 5 10
3904 3 5 4
2561 3 7 90
4341 3 7 84
5355 3 7 79
1295 3 7 73
4048 3 7 67
2337 3 7 62
4921 3 7 56
141 3 7 50
3013 3 7 44
5027 3 7 37
3845 3 7 30
3900 3 7 25
2304 3 7 20
2255 3 7 15
3772 3 7 9
1831 3 7 4
2461 3 9 90
3946 3 9 84
4652 3 9 79
2443 3 9 72
2720 3 9 67
2097 3 9 62
4007 3 9 56
4145 3 9 49
3334 3 9 42
1827 3 9 37
3422 3 9 30
3580 3 9 25
2205 3 9 20
1818 3 9 15
2133 3 9 9
1653 3 9 4
2431 3 10 90
3520 3 10 84
4153 3 10 78
2990 3 10 72
5279 3 10 66
4661 3 10 61
2107 3 10 55
3703 3 10 51
4137 3 10 45
2500 3 10 40
5353 3 10 34
1369 3 10 31
2579 3 10 26
4545 3 10 21
1461 3 10 15
1909 3 10 9
1347 3 10 4
1080 3 15 90
3311 3 15 84
4014 3 15 78
2093 3 15 72
5061 3 15 66
4591 3 15 61
1144 3 15 55
2409 3 15 51
1754 3 15 45
3661 3 15 39
1378 3 15 35
3100 3 15 29
4423 3 15 23
1918 3 15 16
3920 3 15 9
5175 3 15 3
5211 3 17 89
4015 3 17 84
3487 3 17 78
956 3 17 72
5058 3 17 66
4318 3 17 61
5037 3 17 54
4286 3 17 48
3378 3 17 44
3743 3 17 37
4856 3 17 29
2436 3 17 23
541 3 17 16
3907 3 17 9
4830 3 17 3
3329 3 18 89
3411 3 18 84
3474 3 18 78
5370 3 18 71
3187 3 18 66
567 3 18 61
4564 3 18 54
3619 3 18 48
2041 3 18 44
770 3 18 37
4800 3 18 29
1051 3 18 23
4541 3 18 15
1104 3 18 9
3668 3 18 3
2762 3 19 89
1983 3 19 84
2015 3 19 78
4248 3 19 71
2981 3 19 66
4922 3 19 60
5062 3 19 55
5287 3 19 50
2939 3 19 44
4355 3 19 36
3651 3 19 31
1001 3 19 26
3367 3 19 21
1430 3 19 15
1039 3 19 9
2150 3 19 3
4381 4 0 88
4010 4 0 81
5120 4 0 76
3717 4 0 70
1520 4 0 65
2999 4 0 60
4259 4 0 55
5258 4 0 50
2759 4 0 44
3645 4 0 36
1787 4 0 31
452 4 0 26
1256 4 0 21
598 4 0 15
704 4 0 9
844 4 0 3
2452 4 2 88
2574 4 2 81
1438 4 2 76
1701 4 2 70
5249 4 2 64
3715 4 2 58
1321 4 2 50
1854 4 2 44
2761 4 2 36
388 4 2 31
2748 4 2 25
116 4 2 20
944 4 2 15
3707 4 2 8
1482 4 2 2
2347 4 3 88
2438 4 3 81
1022 4 3 76
1154 4 3 70
4501 4 3 64
2425 4 3 58
1320 4 3 50
3279 4 3 43
3493 4 3 38
214 4 3 33
3892 4 3 28
1638 4 3 23
3953 4 3 15
37 4 3 8
1092 4 3 2
5283 4 5 87
994 4 5 82
2710 4 5 77
3055 4 5 72
4554 4 5 66
4646 4 5 60
3837 4 5 55
4033 4 5 50
3168 4 5 43
3241 4 5 38
4005 4 5 32
4272 4 5 26
620 4 5 20
3662 4 5 14
4967 4 5 10
2628 4 5 4
655 4 7 87
908 4 7 82
1477 4 7 77
2866 4 7 72
3972 4 7 66
2239 4 7 60
3755 4 7 55
3428 4 7 50
1463 4 7 43
1664 4 7 38
1566 4 7 32
2705 4 7 26
134 4 7 20
3427 4 7 14
2029 4 7 10
2256 4 7 4
496 4 9 87
4574 4 9 81
4619 4 9 75
2333 4 9 71
2058 4 9 66
1625 4 9 60
3723 4 9 55
3171 4 9 50
1276 4 9 43
1588 4 9 38
1145 4 9 32
2651 4 9 26
5131 4 9 19
2848 4 9 15
4070 4 9 7
4833 4 9 4
2034 4 10 86
439 4 10 80
3995 4 10 73
3660 4 10 67
1333 4 10 62
592 4 10 56
2794 4 10 49
2266 4 10 42
1615 4 10 37
3492 4 10 29
853 4 10 23
3123 4 10 15
2830 4 10 7
1793 4 10 4
1669 4 11 86
3145 4 11 79
473 4 11 72
3074 4 11 66
745 4 11 60
3708 4 11 55
1937 4 11 50
898 4 11 43
3990 4 11 37
3222 4 11 29
416 4 11 23
2394 4 11 15
2553 4 11 7
288 4 11 4
3938 4 12 85
1784 4 12 78
3966 4 12 71
1305 4 12 66
3627 4 12 59
1328 4 12 54
3508 4 12 48
1901 4 12 44
2039 4 12 36
3768 4 12 30
3259 4 12 25
4639 4 12 19
2633 4 12 15
2439 4 12 7
4280 4 12 3
3925 4 15 84
2467 4 15 77
2073 4 15 72
1167 4 15 66
2545 4 15 59
135 4 15 54
2514 4 15 48
4933 4 15 43
2929 4 15 37
4241 4 15 28
1316 4 15 23
5262 4 15 14
833 4 15 10
1691 4 15 4
2014 5 0 84
741 5 0 77
1672 5 0 72
816 5 0 66
2373 5 0 59
4733 5 0 53
1270 5 0 49
1564 5 0 42
4093 5 0 36
3490 5 0 30
3841 5 0 24
201 5 0 21
5337 5 0 14
209 5 0 10
874 5 0 4
1960 5 2 84
736 5 2 77
610 5 2 72
5302 5 2 65
698 5 2 60
2453 5 2 55
1495 5 2 50
4221 5 2 42
3478 5 2 36
1494 5 2 30
2751 5 2 24
3927 5 2 20
2746 5 2 14
4738 5 2 9
649 5 2 3
514 5 3 84
4737 5 3 76
1013 5 3 70
4222 5 3 64
1436 5 3 58
521 5 3 50
3974 5 3 42
2522 5 3 36
275 5 3 30
2505 5 3 24
5139 5 3 19
5282 5 3 14
2809 5 3 9
4846 5 3 2
709 5 7 83
4332 5 7 78
3693 5 7 71
3673 5 7 65
3081 5 7 59
3744 5 7 53
1153 5 7 49
4781 5 7 41
5177 5 7 34
4812 5 7 30
2044 5 7 24
4064 5 7 19
3194 5 7 14
2636 5 7 9
4240 5 7 2
1516 5 9 81
3462 5 9 75
4022 5 9 70
3349 5 9 64
4503 5 9 57
3632 5 9 52
1339 5 9 46
2562 5 9 40
3022 5 9 34
461 5 9 30
1201 5 9 24
3903 5 9 19
271 5 9 14
1820 5 9 9
4000 5 9 2
2138 5 14 80
3598 5 14 73
2609 5 14 67
5360 5 14 61
3193 5 14 54
630 5 14 48
4589 5 14 43
5150 5 14 36
4621 5 14 29
5154 5 14 22
4790 5 14 15
1972 5 14 7
2984 5 14 3
4653 5 15 79
5189 5 15 71
2844 5 15 65
3071 5 15 59
3440 5 15 53
18 5 15 49
3942 5 15 41
3026 5 15 34
342 5 15 30
3667 5 15 23
5016 5 15 14
1547 5 15 9
2841 5 15 2
3068 5 16 66
2100 5 16 59
3351 5 16 53
2125 5 16 48
3162 5 16 43
4941 5 16 36
3657 5 16 29
3049 5 16 22
2864 5 16 15
1228 5 16 7
2887 5 16 3
3884 5 17 98
2271 5 17 94
2047 5 17 89
1258 5 17 84
2154 5 17 76
5060 5 17 69
561 5 17 64
50 5 17 57
2504 5 17 52
589 5 17 46
5212 5 17 39
338 5 17 35
438 5 17 29
2874 5 17 22
1767 5 17 15
3577 5 17 6
2842 5 18 96
1491 5 18 91
1776 5 18 84
975 5 18 76
3862 5 18 69
1 5 18 64
4498 5 18 56
1191 5 18 49
3204 5 18 41
1652 5 18 34
3258 5 18 29
2218 5 18 22
1026 5 18 15
2743 5 18 6
774 5 19 96
1150 5 19 91
1678 5 19 84
268 5 19 76
2995 5 19 69
5098 5 19 63
414 5 19 58
4759 5 19 49
1730 5 19 41
1301 5 19 34
2976 5 19 29
1900 5 19 22
786 5 19 15
2396 5 19 6
586 6 0 96
3549 6 0 90
2870 6 0 84
173 6 0 76
2201 6 0 69
2366 6 0 63
4389 6 0 57
2165 6 0 52
223 6 0 46
3340 6 0 39
2888 6 0 34
675 6 0 29
29 6 0 22
4872 6 0 14
3096 6 0 8
4968 6 0 1
3983 6 1 95
2016 6 1 91
1025 6 1 84
4203 6 1 75
2052 6 1 70
683 6 1 64
1682 6 1 56
1076 6 1 49
1582 6 1 41
886 6 1 34
3431 6 1 28
716 6 1 23
3670 6 1 14
2718 6 1 8
3889 6 1 1
2924 6 2 95
1132 6 2 91
554 6 2 84
3424 6 2 75
258 6 2 70
166 6 2 64
796 6 2 56
5118 6 2 48
2756 6 2 43
3170 6 2 36
2306 6 2 29
4986 6 2 21
5232 6 2 14
2382 6 2 8
2876 6 2 1
2402 6 3 95
930 6 3 91
93 6 3 84
5349 6 3 74
4632 6 3 66
996 6 3 59
1632 6 3 53
106 6 3 48
1509 6 3 43
1299 6 3 36
2224 6 3 29
3929 6 3 21
3864 6 3 14
1941 6 3 8
2101 6 3 1
4460 6 5 94
637 6 5 89
1034 6 5 84
5323 6 5 74
3067 6 5 66
5343 6 5 58
4499 6 5 49
737 6 5 41
282 6 5 34
1389 6 5 28
3623 6 5 22
3409 6 5 14
1816 6 5 8
603 6 5 1
4393 6 6 94
4620 6 6 88
1948 6 6 81
2747 6 6 75
4637 6 6 69
890 6 6 63
3338 6 6 57
2057 6 6 52
5089 6 6 45
2685 6 6 39
2180 6 6 34
1147 6 6 28
2873 6 6 22
2383 6 6 14
1780 6 6 8
242 6 6 1
3073 6 7 94
1367 6 7 88
1548 6 7 81
2068 6 7 75
4562 6 7 69
1563 6 7 62
64 6 7 56
3913 6 7 48
1151 6 7 43
4185 6 7 35
4168 6 7 28
2637 6 7 22
3608 6 7 13
5222 6 7 8
2302 6 7 3
2962 6 9 94
823 6 9 88
476 6 9 81
762 6 9 75
2417 6 9 69
1478 6 9 62
5300 6 9 55
2384 6 9 49
4605 6 9 40
2808 6 9 34
3991 6 9 27
4052 6 9 21
3438 6 9 14
1603 6 9 8
679 6 9 3
1907 6 10 94
5204 6 10 87
2233 6 10 81
711 6 10 75
2356 6 10 69
1459 6 10 62
4147 6 10 55
1480 6 10 49
4075 6 10 40
1717 6 10 34
3830 6 10 27
1030 6 10 21
1310 6 10 14
1468 6 10 8
1236 6 10 2
1576 6 11 94
4749 6 11 87
1860 6 11 81
3167 6 11 74
2632 6 11 66
2007 6 11 58
3912 6 11 49
3277 6 11 40
1590 6 11 34
3086 6 11 27
552 6 11 21
5359 6 11 13
3766 6 11 8
1118 6 11 2
5276 6 14 93
3961 6 14 87
569 6 14 81
4760 6 14 73
2349 6 14 67
2622 6 14 61
2019 6 14 54
3448 6 14 47
5297 6 14 42
2124 6 14 36
2116 6 14 29
3732 6 14 21
4456 6 14 13
2954 6 14 8
983 6 14 2
4581 6 16 93
1544 6 16 87
313 6 16 81
2129 6 16 73
1926 6 16 67
1877 6 16 61
1599 6 16 54
3264 6 16 47
4666 6 16 42
1886 6 16 36
1610 6 16 29
3634 6 16 21
2828 6 16 13
1352 6 16 8
869 6 16 2
4419 6 17 93
479 6 17 87
1889 6 17 80
2881 6 17 73
1878 6 17 67
1690 6 17 61
1269 6 17 54
2385 6 17 47
1991 6 17 42
386 6 17 36
4762 6 17 28
5384 6 17 21
1177 6 17 13
5332 6 17 7
4399 6 17 1
3509 6 18 93
4188 6 18 86
3005 6 18 79
4271 6 18 71
1243 6 18 65
2087 6 18 59
1522 6 18 53
5153 6 18 47
1327 6 18 42
4875 6 18 35
3535 6 18 28
3963 6 18 21
695 6 18 13
4604 6 18 7
3831 6 18 1
2741 6 19 93
3817 6 19 86
2621 6 19 79
3541 6 19 71
4734 6 19 64
435 6 19 56
2667 6 19 48
666 6 19 43
2118 6 19 35
3173 6 19 28
911 6 19 21
384 6 19 13
4449 6 19 7
349 6 19 1
2654 7 3 93
2208 7 3 86
2468 7 3 79
2937 7 3 71
4262 7 3 64
4854 7 3 55
4457 7 3 48
340 7 3 43
1704 7 3 35
2297 7 3 28
164 7 3 21
149 7 3 13
1402 7 3 7
2488 7 5 93
5327 7 5 85
2897 7 5 77
413 7 5 72
3890 7 5 65
752 7 5 59
466 7 5 53
5011 7 5 47
4893 7 5 41
182 7 5 34
2048 7 5 27
4918 7 5 20
2519 7 5 14
1097 7 5 8
2090 7 9 93
5141 7 9 85
2676 7 9 77
4568 7 9 71
2445 7 9 64
2672 7 9 55
4094 7 9 48
225 7 9 43
1535 7 9 35
5285 7 9 27
3418 7 9 20
1471 7 9 14
4219 7 9 7
1458 7 10 93
3163 7 10 85
2415 7 10 77
2252 7 10 71
1842 7 10 64
1950 7 10 55
1419 7 10 48
2421 7 10 42
4337 7 10 35
3413 7 10 27
3006 7 10 20
1275 7 10 14
3027 7 10 7
1129 7 14 93
2820 7 14 85
1798 7 14 77
1589 7 14 71
1467 7 14 64
1855 7 14 55
1293 7 14 48
1135 7 14 42
2993 7 14 35
3313 7 14 27
2322 7 14 20
4981 7 14 13
4945 7 14 6
436 7 16 93
2733 7 16 85
4645 7 16 76
177 7 16 69
1029 7 16 62
3002 7 16 55
221 7 16 48
1112 7 16 42
2350 7 16 35
2680 7 16 27
2196 7 16 20
3000 7 16 13
4754 7 16 6
4976 8 0 92
643 8 0 87
1058 8 0 80
2450 8 0 73
738 8 0 67
1577 8 0 61
1973 8 0 53
4814 8 0 47
3175 8 0 41
3806 8 0 33
3887 8 0 28
2507 8 0 20
2022 8 0 13
4706 8 0 6
4612 8 1 92
400 8 1 87
3653 8 1 79
2042 8 1 71
1287 8 1 64
447 8 1 55
5140 8 1 47
2293 8 1 40
1487 8 1 34
236 8 1 27
4667 8 1 19
4973 8 1 13
4416 8 1 6
4110 8 3 92
4102 8 3 86
572 8 3 79
2951 8 3 70
4974 8 3 63
3148 8 3 57
1715 8 3 52
4705 8 3 45
2575 8 3 39
352 8 3 34
22 8 3 27
3314 8 3 19
4860 8 3 13
4251 8 3 6
3152 8 5 92
1338 8 5 86
5373 8 5 78
1412 8 5 71
797 8 5 64
5149 8 5 54
2216 8 5 47
2027 8 5 40
339 8 5 34
4739 8 5 26
3464 8 5 19
4629 8 5 13
2815 8 5 6
1898 8 6 92
1262 8 6 86
3212 8 6 78
4932 8 6 70
4775 8 6 63
2361 8 6 57
4319 8 6 51
1585 8 6 45
3361 8 6 38
1071 8 6 32
4914 8 6 25
4485 8 6 19
1871 8 6 13
1753 8 6 6
1126 8 7 92
1178 8 7 86
2983 8 7 78
3469 8 7 70
4294 8 7 63
1840 8 7 57
4101 8 7 51
2195 8 7 44
2017 8 7 36
4135 8 7 28
1042 8 7 20
1703 8 7 13
4011 8 7 5
680 8 9 92
1541 8 9 85
1512 8 9 76
4323 8 9 68
4801 8 9 58
2911 8 9 49
2139 8 9 40
2920 8 9 33
3010 8 9 28
551 8 9 20
3518 8 9 12
1845 8 9 8
5117 8 10 91
4720 8 10 83
2700 8 10 78
3310 8 10 70
1626 8 10 63
426 8 10 57
2801 8 10 51
1266 8 10 44
1647 8 10 36
3954 8 10 28
5364 8 10 19
94 8 10 13
2590 8 10 5
4784 8 11 91
4447 8 11 83
4618 8 11 77
749 8 11 71
62 8 11 64
5074 8 11 54
1313 8 11 47
1837 8 11 40
2082 8 11 33
2222 8 11 28
4532 8 11 19
4468 8 11 12
1695 8 11 8
4453 8 12 91
3839 8 12 83
3759 8 12 77
102 8 12 71
4488 8 12 63
4949 8 12 56
44 8 12 48
707 8 12 42
4832 8 12 34
4510 8 12 26
2927 8 12 19
2856 8 12 12
1556 8 12 8
3299 8 14 91
3302 8 14 83
1866 8 14 77
3176 8 14 70
1309 8 14 63
2277 8 14 55
4975 8 14 47
5059 8 14 39
5361 8 14 32
4572 8 14 25
4019 8 14 19
2144 8 14 12
634 8 14 8
1140 8 18 91
2998 8 18 83
550 8 18 77
2612 8 18 70
4804 8 18 62
2620 8 18 55
4989 8 18 46
559 8 18 39
4813 8 18 32
3531 8 18 25
2941 8 18 18
4900 8 18 13
1072 8 18 5
532 8 19 91
2839 8 19 83
5183 8 19 76
3832 8 19 68
3197 8 19 58
2321 8 19 49
1206 8 19 40
1578 8 19 33
1813 8 19 28
4487 8 19 19
926 8 19 12
1683 8 19 7
4197 9 0 90
646 9 0 84
4752 9 0 74
913 9 0 66
1699 9 0 58
4091 9 0 48
4351 9 0 41
3714 9 0 33
25 9 0 28
3881 9 0 19
276 9 0 12
3408 9 0 6
3514 9 3 90
4535 9 3 83
4969 9 3 76
2105 9 3 68
2268 9 3 58
3774 9 3 48
3812 9 3 41
2704 9 3 33
4579 9 3 27
2371 9 3 19
3897 9 3 11
4774 9 3 4
3046 9 5 90
4080 9 5 83
2381 9 5 76
1710 9 5 68
150 9 5 58
2895 9 5 48
1523 9 5 41
2484 9 5 33
377 9 5 27
1936 9 5 19
3066 9 5 11
2089 9 5 4
3035 9 9 90
3189 9 9 83
1298 9 9 76
1513 9 9 68
4793 9 9 57
2732 9 9 51
3610 9 9 43
663 9 9 35
601 9 9 27
1373 9 9 19
3449 9 9 10
5347 9 9 3
328 9 16 90
345 9 16 83
947 9 16 76
4331 9 16 67
1393 9 16 61
940 9 16 53
4511 9 16 47
4736 9 16 39
4559 9 16 32
1743 9 16 25
1415 9 16 18
4836 9 16 13
5324 9 16 4
5196 9 17 89
662 9 17 84
3245 9 17 74
4310 9 17 65
1749 9 17 58
1141 9 17 48
1401 9 17 41
959 9 17 33
5181 9 17 26
2729 9 17 19
2311 9 17 10
4682 9 17 3
4710 10 0 89
4464 10 0 83
4909 10 0 75
1479 10 0 69
4440 10 0 61
3821 10 0 52
4117 10 0 45
2430 10 0 38
4868 10 0 31
2143 10 0 25
3776 10 0 17
2991 10 0 11
1741 10 0 4
4383 10 1 89
3691 10 1 83
4761 10 1 75
285 10 1 69
3950 10 1 61
3070 10 1 52
3337 10 1 45
1261 10 1 38
4859 10 1 31
715 10 1 25
1529 10 1 17
391 10 1 11
487 10 1 4
3159 10 12 89
882 10 12 83
4502 10 12 75
4979 10 12 68
3213 10 12 57
2134 10 12 51
3572 10 12 43
4648 10 12 34
3268 10 12 26
2682 10 12 19
16 10 12 10
4415 10 12 3
1721 10 13 89
3561 10 13 82
265 10 13 77
133 10 13 70
4316 10 13 62
1680 10 13 55
4418 10 13 46
215 10 13 39
3981 10 13 32
907 10 13 25
4435 10 13 16
3618 10 13 9
1648 10 13 2
979 10 14 89
852 10 14 82
4495 10 14 76
4252 10 14 67
1335 10 14 61
2896 10 14 52
2102 10 14 45
5311 10 14 37
3650 10 14 28
2936 10 14 19
2626 10 14 9
5123 10 14 1
714 10 16 89
769 10 16 82
1579 10 16 76
3676 10 16 67
70 10 16 61
2498 10 16 52
1502 10 16 45
4023 10 16 37
5162 10 16 27
5266 10 16 18
4651 10 16 13
3982 10 16 4
4131 10 17 88
19 10 17 81
4779 10 17 72
2072 10 17 65
847 10 17 58
3840 10 17 47
3760 10 17 38
2493 10 17 31
4085 10 17 24
3403 10 17 19
1668 10 17 9
4903 10 17 1
3868 10 19 88
3112 10 19 80
1792 10 19 73
4106 10 19 66
5143 10 19 57
114 10 19 51
3273 10 19 43
4025 10 19 34
1801 10 19 26
4824 10 19 18
2364 10 19 13
3030 10 19 4
3716 11 3 88
1417 11 3 80
1273 11 3 73
2728 11 3 66
3926 11 3 57
5288 11 3 50
3009 11 3 42
4139 11 3 34
3654 11 3 25
1195 11 3 16
3137 11 3 9
4816 11 3 1
3357 11 4 88
4902 11 4 79
866 11 4 70
4288 11 4 62
1122 11 4 55
2131 11 4 46
5312 11 4 38
2184 11 4 31
3283 11 4 24
4884 11 4 18
843 11 4 13
2040 11 4 4
4100 11 5 87
261 11 5 79
140 11 5 70
2476 11 5 62
965 11 5 55
1043 11 5 46
4256 11 5 38
371 11 5 31
3092 11 5 24
3150 11 5 18
5049 11 5 12
3072 11 5 6
350 11 6 87
85 11 6 79
622 11 6 69
3649 11 6 61
2433 11 6 52
2489 11 6 44
205 11 6 36
2786 11 6 28
2508 11 6 18
810 11 6 12
2533 11 6 6
5082 11 7 86
2529 11 7 78
5020 11 7 69
2805 11 7 61
1099 11 7 52
1077 11 7 43
362 11 7 34
3371 11 7 25
3353 11 7 15
73 11 7 6
2086 11 8 86
2310 11 8 78
3973 11 8 69
2265 11 8 61
3131 11 8 51
3059 11 8 43
9 11 8 34
1675 11 8 25
2819 11 8 15
4099 11 8 5
2996 11 10 85
3726 11 10 75
4886 11 10 68
4229 11 10 56
4563 11 10 47
2319 11 10 38
5263 11 10 30
3495 11 10 23
1428 11 10 14
110 11 10 7
1934 11 12 85
2715 11 12 75
4769 11 12 68
3402 11 12 56
3246 11 12 47
2078 11 12 37
4657 11 12 27
3992 11 12 18
1226 11 12 11
4439 11 12 3
152 11 13 85
1890 11 13 75
3823 11 13 68
2487 11 13 56
3117 11 13 47
3540 11 13 36
2229 11 13 28
1314 11 13 18
1109 11 13 11
4049 11 13 3
6 11 14 85
1583 11 14 75
3557 11 14 68
2211 11 14 56
2549 11 14 47
2008 11 14 36
1448 11 14 28
1036 11 14 18
909 11 14 11
3642 11 14 3
5379 11 16 84
2787 11 16 74
4702 11 16 64
1052 11 16 54
1050 11 16 47
1300 11 16 36
1222 11 16 28
57 11 16 18
870 11 16 11
3594 11 16 3
4899 11 19 84
1629 11 19 74
3833 11 19 64
1033 11 19 54
883 11 19 47
5235 11 19 35
4770 11 19 26
2503 11 19 18
783 11 19 11
3062 11 19 3
2420 12 0 84
295 12 0 74
3200 12 0 64
4470 12 0 53
4253 12 0 46
3053 12 0 38
4791 12 0 30
3174 12 0 23
403 12 0 14
3883 12 0 6
4650 12 1 83
4374 12 1 75
2928 12 1 68
1533 12 1 56
1308 12 1 47
4866 12 1 35
4611 12 1 26
1139 12 1 18
638 12 1 11
4982 12 1 2
829 12 2 83
4230 12 2 75
2853 12 2 68
5083 12 2 55
512 12 2 46
1537 12 2 38
3949 12 2 30
2217 12 2 23
4991 12 2 13
2030 12 2 4
969 12 3 82
4956 12 3 75
1781 12 3 68
5043 12 3 55
2961 12 3 45
3037 12 3 37
4338 12 3 27
3805 12 3 18
4731 12 3 10
4206 12 3 3
3721 12 10 81
4623 12 10 72
1744 12 10 65
682 12 10 58
2074 12 10 47
3798 12 10 35
4237 12 10 26
785 12 10 18
3906 12 10 10
3522 12 10 3
3692 12 14 81
4480 12 14 72
4512 12 14 64
4136 12 14 53
2660 12 14 46
1189 12 14 38
3530 12 14 30
1016 12 14 22
2971 12 14 13
4436 12 14 3
3372 13 3 81
4257 13 3 72
3494 13 3 64
3786 13 3 53
2422 13 3 46
804 13 3 38
2921 13 3 30
692 13 3 22
1198 13 3 13
3537 13 3 3
1534 13 5 81
3775 13 5 72
3379 13 5 64
2038 13 5 53
1358 13 5 46
5352 13 5 37
1677 13 5 27
2957 13 5 18
3294 13 5 10
3476 13 5 3
161 13 6 80
868 13 6 73
2059 13 6 66
2379 13 6 57
5126 13 6 50
1021 13 6 42
3944 13 6 34
1565 13 6 25
1053 13 6 15
3133 13 6 5
540 13 7 79
307 13 7 69
1137 13 7 61
1885 13 7 51
2850 13 7 43
5056 13 7 33
4391 13 7 26
648 13 7 18
3267 13 7 10
5369 13 7 2
935 13 8 77
5066 13 8 69
972 13 8 61
1560 13 8 51
2585 13 8 43
3936 13 8 33
3672 13 8 25
162 13 8 15
1882 13 8 5
3671 13 10 75
5224 13 10 67
5250 13 10 60
4719 13 10 54
642 13 10 47
3024 13 10 35
4003 13 10 26
626 13 10 18
2532 13 10 10
3118 13 10 2
4593 13 12 70
1075 13 12 62
809 13 12 55
955 13 12 45
4777 13 12 36
56 13 12 28
4350 13 12 17
5381 13 12 10
1994 13 12 2
1575 13 14 59
4199 13 14 52
591 13 14 43
3739 13 14 33
2703 13 14 25
4988 13 14 14
2726 13 14 6
2847 13 16 50
90 13 16 42
3914 13 16 34
2947 13 16 24
3633 13 16 17
3820 13 16 10
1649 13 16 2
4260 13 17 95
3998 13 17 90
5366 13 17 82
3730 13 17 75
5164 13 17 67
4616 13 17 60
1945 13 17 54
240 13 17 47
1271 13 17 35
3844 13 17 26
5173 13 17 17
1756 13 17 10
1505 13 17 1
3446 13 18 95
3582 13 18 90
4103 13 18 82
1824 13 18 75
3818 13 18 67
2716 13 18 60
2253 13 18 53
5351 13 18 45
3416 13 18 36
4467 13 18 27
1932 13 18 17
4313 13 18 9
3952 13 18 1
3321 13 19 95
722 13 19 90
2878 13 19 82
1247 13 19 74
2440 13 19 64
1094 13 19 53
1180 13 19 45
2263 13 19 36
4040 13 19 27
444 13 19 17
2992 13 19 9
3029 13 19 1
3122 14 0 95
3333 14 0 89
5015 14 0 81
2630 14 0 72
2913 14 0 64
5152 14 0 52
239 14 0 43
1116 14 0 33
1775 14 0 25
3483 14 0 14
2390 14 0 6
1746 14 1 95
3061 14 1 89
3740 14 1 81
5309 14 1 71
4159 14 1 63
1634 14 1 55
157 14 1 45
624 14 1 36
3128 14 1 27
3138 14 1 16
2248 14 1 9
2227 14 1 1
1386 14 7 95
1736 14 7 89
3617 14 7 81
3816 14 7 71
1207 14 7 63
1163 14 7 55
3838 14 7 44
5248 14 7 35
3780 14 7 26
3510 14 7 17
1248 14 7 9
457 14 7 1
885 14 10 95
1351 14 10 89
3551 14 10 81
2244 14 10 71
927 14 10 63
548 14 10 55
3323 14 10 44
5110 14 10 35
4231 14 10 25
848 14 10 14
2088 14 10 6
38 14 12 95
734 14 12 89
33 14 12 81
1418 14 12 71
4895 14 12 62
807 14 12 55
3188 14 12 44
5023 14 12 35
2749 14 12 25
329 14 12 14
2051 14 12 6
4426 14 13 94
3989 14 13 87
4086 14 13 78
3611 14 13 69
560 14 13 61
3040 14 13 50
4714 14 13 41
820 14 13 33
1085 14 13 25
685 14 13 13
3103 14 13 3
3784 14 14 94
2153 14 14 87
1322 14 14 78
3151 14 14 69
4335 14 14 60
4387 14 14 52
4404 14 14 42
3770 14 14 34
2932 14 14 24
2257 14 14 17
701 14 14 9
2834 14 16 94
1954 14 16 87
617 14 16 78
2661 14 16 69
4116 14 16 60
1616 14 16 52
4045 14 16 42
3614 14 16 34
2066 14 16 24
1174 14 16 17
323 14 16 9
4537 14 17 93
2477 14 17 85
851 14 17 75
962 14 17 67
1546 14 17 60
1281 14 17 52
2280 14 17 42
1987 14 17 34
1670 14 17 24
609 14 17 17
4558 14 17 8
4166 14 18 93
5315 14 18 84
1531 14 18 73
1849 14 18 66
2011 14 18 57
2824 14 18 50
4158 14 18 41
4883 14 18 32
5070 14 18 24
577 14 18 17
3860 14 18 8
3115 14 19 93
4663 14 19 84
1410 14 19 73
334 14 19 66
1379 14 19 57
938 14 19 50
504 14 19 41
4626 14 19 32
4315 14 19 24
474 14 19 17
3183 14 19 8
13 15 0 93
4627 15 0 84
4373 15 0 72
193 15 0 64
5021 15 0 52
1239 15 0 42
826 15 0 34
1166 15 0 24
4910 15 0 16
837 15 0 9
3266 15 5 92
460 15 5 85
2963 15 5 74
1596 15 5 64
4740 15 5 52
1181 15 5 42
364 15 5 34
10 15 5 24
2312 15 5 16
766 15 5 9
1465 15 7 92
172 15 7 85
3139 15 7 73
4523 15 7 65
256 15 7 58
1990 15 7 47
3629 15 7 32
2708 15 7 24
1617 15 7 16
4284 15 7 8
519 15 9 92
4234 15 9 84
3484 15 9 72
5223 15 9 63
5201 15 9 54
5091 15 9 46
3873 15 9 37
4567 15 9 26
483 15 9 17
1344 15 9 8
257 15 10 92
4055 15 10 84
3016 15 10 72
3870 15 10 63
3781 15 10 54
3886 15 10 46
3604 15 10 37
3077 15 10 26
4342 15 10 16
4218 15 10 8
5161 16 0 91
1771 16 0 83
981 16 0 75
212 16 0 67
1007 16 0 60
509 16 0 52
5272 16 0 41
3564 16 0 32
2595 16 0 24
3215 16 0 15
1138 16 0 5
4530 16 2 91
4484 16 2 82
771 16 2 74
344 16 2 64
2401 16 2 52
4834 16 2 41
3512 16 2 32
2141 16 2 24
2902 16 2 15
5084 16 2 4
1997 16 3 91
2053 16 3 82
5325 16 3 73
2904 16 3 65
2831 16 3 57
326 16 3 50
237 16 3 41
2524 16 3 32
167 16 3 24
2400 16 3 15
3624 16 3 4
1336 16 5 91
4461 16 5 80
3567 16 5 72
3579 16 5 63
3524 16 5 54
3546 16 5 46
2712 16 5 37
524 16 5 26
3001 16 5 16
3792 16 5 8
1120 16 8 91
2221 16 8 80
993 16 8 72
3141 16 8 63
3207 16 8 54
3317 16 8 46
2187 16 8 37
4134 16 8 25
4392 16 8 12
934 16 8 6
4823 16 9 90
2246 16 9 82
4417 16 9 73
943 16 9 65
1184 16 9 57
4016 16 9 49
2768 16 9 39
3330 16 9 32
3621 16 9 23
3825 16 9 13
2285 16 9 3
3412 16 10 90
1760 16 10 82
3937 16 10 73
4874 16 10 64
743 16 10 52
4353 16 10 41
1100 16 10 32
3442 16 10 23
1337 16 10 13
2558 16 10 2
398 16 12 90
1235 16 12 82
3674 16 12 73
3272 16 12 64
1896 16 12 51
65 16 12 43
145 16 12 33
5185 16 12 24
1931 16 12 15
2190 16 12 4
2544 16 14 89
3426 16 14 80
337 16 14 72
2666 16 14 63
1498 16 14 54
1130 16 14 46
841 16 14 37
3532 16 14 25
3297 16 14 12
671 16 14 6
840 16 18 89
2767 16 18 80
32 16 18 72
2639 16 18 63
5340 16 18 53
966 16 18 45
4187 16 18 35
1303 16 18 25
2914 16 18 12
431 16 18 6
5356 16 19 88
4182 16 19 79
4744 16 19 68
3695 16 19 55
1733 16 19 44
3663 16 19 35
3536 16 19 24
4807 16 19 14
516 16 19 6
5339 17 0 87
5320 17 0 77
3165 17 0 69
1091 17 0 60
4995 17 0 51
2212 17 0 42
4269 17 0 33
3331 17 0 24
4109 17 0 14
4772 17 0 5
3758 17 4 87
3198 17 4 77
2740 17 4 69
788 17 4 60
4660 17 4 51
4913 17 4 41
131 17 4 32
1693 17 4 23
871 17 4 13
2521 17 4 2
3184 17 5 87
2258 17 5 77
1103 17 5 69
3552 17 5 59
3276 17 5 52
3218 17 5 41
3803 17 5 31
2548 17 5 24
3976 17 5 14
4312 17 5 5
1101 17 7 87
1371 17 7 77
4901 17 7 68
1758 17 7 55
1597 17 7 44
3126 17 7 35
813 17 7 24
1706 17 7 14
3348 17 7 5
330 17 8 87
891 17 8 77
3685 17 8 68
4347 17 8 54
984 17 8 46
3745 17 8 36
5077 17 8 26
273 17 8 16
3217 17 8 8
78 17 12 87
4243 17 12 76
2393 17 12 67
2684 17 12 59
3116 17 12 52
5085 17 12 40
1297 17 12 33
2328 17 12 24
446 17 12 14
2702 17 12 5
3869 17 13 86
2119 17 13 78
1216 17 13 69
79 17 13 59
2925 17 13 52
4183 17 13 40
210 17 13 33
2036 17 13 24
4073 17 13 13
3749 17 13 1
1740 17 14 86
1705 17 14 78
4952 17 14 68
4178 17 14 54
204 17 14 46
3307 17 14 36
2213 17 14 26
4526 17 14 15
1134 17 14 4
1024 17 16 86
1633 17 16 78
3498 17 16 68
3160 17 16 54
3404 17 16 45
3658 17 16 35
410 17 16 24
3383 17 16 13
2555 17 16 1
931 17 18 86
1454 17 18 78
1506 17 18 68
2457 17 18 54
5075 17 18 44
2717 17 18 35
4058 17 18 23
730 17 18 13
503 17 18 1
650 17 19 86
464 17 19 78
1107 17 19 68
1804 17 19 54
3571 17 19 44
2434 17 19 35
5268 17 19 22
831 17 19 13
82 17 19 1
4550 18 0 85
1702 18 0 73
1788 18 0 64
3988 18 0 50
906 18 0 40
1906 18 0 32
1260 18 0 23
3346 18 0 12
175 18 0 6
3773 18 2 85
1187 18 2 73
1057 18 2 64
3631 18 2 50
113 18 2 40
1087 18 2 32
640 18 2 23
3019 18 2 12
4716 18 2 5
901 18 4 84
1980 18 4 72
614 18 4 63
4583 18 4 52
478 18 4 40
5006 18 4 31
2147 18 4 24
2892 18 4 13
68 18 4 1
1296 18 9 83
5305 18 9 74
5125 18 9 63
2744 18 9 52
4700 18 9 39
3140 18 9 32
4505 18 9 22
705 18 9 13
3149 18 9 5
142 18 10 83
4173 18 10 74
4546 18 10 63
1392 18 10 52
4038 18 10 39
2979 18 10 32
3777 18 10 22
45 18 10 13
2177 18 10 5
5306 18 12 82
2070 18 12 73
320 18 12 64
720 18 12 50
5308 18 12 39
2706 18 12 32
2149 18 12 22
2631 18 12 12
2069 18 12 5
3505 19 0 82
1156 19 0 73
5035 19 0 63
1245 19 0 52
3750 19 0 39
1364 19 0 32
942 19 0 21
5256 19 0 12
1168 19 0 5
3352 19 2 82
4750 19 2 72
98 19 2 63
5238 19 2 51
3042 19 2 41
3335 19 2 31
1893 19 2 24
2353 19 2 13
1095 19 2 5
1974 19 3 82
2623 19 3 72
2934 19 3 62
4984 19 3 54
3444 19 3 44
2115 19 3 35
919 19 3 22
2318 19 3 12
492 19 3 5
1157 19 4 81
971 19 4 71
1875 19 4 62
4424 19 4 54
2970 19 4 44
1161 19 4 35
3709 19 4 21
4517 19 4 12
2281 19 4 4
929 19 6 81
267 19 6 71
1508 19 6 62
1996 19 6 54
1844 19 6 44
4360 19 6 34
3867 19 6 23
2528 19 6 12
1917 19 6 4
4354 19 7 80
3616 19 7 71
4142 19 7 61
2871 19 7 50
4957 19 7 39
136 19 7 32
3789 19 7 20
2176 19 7 12
1176 19 7 4
3517 19 8 79
565 19 8 68
1723 19 8 54
1331 19 8 44
4121 19 8 34
2064 19 8 23
2307 19 8 12
915 19 8 4
195 19 9 79
3635 19 9 65
746 19 9 57
2627 19 9 49
1550 19 9 39
4844 19 9 31
806 19 9 24
2299 19 9 13
641 19 9 4
5301 19 12 76
2117 19 12 67
889 19 12 59
2701 19 12 52
4686 19 12 38
2742 19 12 30
5134 19 12 21
4037 19 12 12
1319 19 12 3
4630 19 14 76
1622 19 14 67
670 19 14 59
2278 19 14 52
4330 19 14 38
941 19 14 30
4672 19 14 21
3854 19 14 12
1086 19 14 3
3898 19 15 76
757 19 15 67
470 19 15 59
1381 19 15 52
3301 19 15 37
3434 19 15 25
1278 19 15 12
3752 19 15 2
825 19 16 75
147 19 16 67
4446 19 16 58
924 19 16 47
2730 19 16 32
3304 19 16 20
1613 19 16 12
2602 19 16 2
170 19 17 75
4592 19 17 66
472 19 17 57
2145 19 17 49
515 19 17 39
4522 19 17 31
263 19 17 24
2075 19 17 13
2091 19 17 2
1212 19 18 74
4658 19 18 62
1481 19 18 54
5086 19 18 43
1971 19 18 32
2367 19 18 20
1464 19 18 12
827 19 18 2
5192 19 19 69
4580 19 19 58
892 19 19 47
1621 19 19 30
2230 19 19 21
1876 19 19 12
3857 19 19 1
