2974
4824 0 11 98
3747 0 11 95
5372 0 11 91
6162 0 11 87
5733 0 11 84
2304 0 11 81
5543 0 11 77
6454 0 11 74
6326 0 11 71
833 0 11 69
6560 0 11 66
5360 0 11 63
6298 0 11 59
4953 0 11 57
2967 0 11 54
6555 0 11 51
3522 0 11 49
3648 0 11 46
1313 0 11 44
5834 0 11 42
4377 0 11 40
5272 0 11 37
2745 0 11 34
1645 0 11 32
525 0 11 30
3895 0 11 28
5653 0 11 26
1255 0 11 22
5112 0 11 19
352 0 11 17
4268 0 11 15
4895 0 11 13
2056 0 11 11
1733 0 11 9
4497 0 11 7
1531 0 11 5
5599 0 11 3
1257 0 12 98
3112 0 12 95
2177 0 12 91
5521 0 12 87
5458 0 12 84
4520 0 12 80
5198 0 12 78
184 0 12 75
3109 0 12 73
1548 0 12 70
6498 0 12 68
913 0 12 66
6683 0 12 62
3465 0 12 60
316 0 12 56
5964 0 12 54
1798 0 12 51
2028 0 12 49
6728 0 12 45
5511 0 12 42
251 0 12 40
717 0 12 37
5149 0 12 33
4410 0 12 30
5479 0 12 27
2455 0 12 24
5770 0 12 22
2283 0 12 19
343 0 12 16
5799 0 12 12
5065 0 12 8
681 0 12 5
1350 0 12 3
5942 0 13 97
5912 0 13 94
2661 0 13 92
4536 0 13 89
4516 0 13 86
5710 0 13 83
4870 0 13 80
1542 0 13 78
6553 0 13 74
5950 0 13 71
1716 0 13 68
4333 0 13 65
300 0 13 62
2362 0 13 60
2058 0 13 55
4940 0 13 52
4566 0 13 49
6369 0 13 45
508 0 13 42
3196 0 13 39
4278 0 13 35
6028 0 13 31
3625 0 13 28
6292 0 13 25
3496 0 13 23
3961 0 13 20
4504 0 13 17
6653 0 13 14
4308 0 13 11
6673 0 13 8
4731 0 13 4
13 0 13 2
5015 0 14 97
1371 0 14 94
896 0 14 92
2820 0 14 89
6396 0 14 85
3536 0 14 83
4683 0 14 80
2187 0 14 77
5541 0 14 74
1969 0 14 71
4130 0 14 67
2765 0 14 64
6483 0 14 62
4930 0 14 58
5192 0 14 55
3994 0 14 52
2155 0 14 49
3149 0 14 45
4592 0 14 41
2809 0 14 38
5747 0 14 35
5074 0 14 31
1463 0 14 28
680 0 14 25
3333 0 14 23
3277 0 14 20
3163 0 14 17
5558 0 14 14
1337 0 14 11
4651 0 14 8
2989 0 14 4
4597 0 14 1
3998 0 15 97
945 0 15 94
6756 0 15 91
4022 0 15 87
5402 0 15 84
3984 0 15 80
1098 0 15 77
1007 0 15 74
223 0 15 71
2812 0 15 67
2572 0 15 64
465 0 15 61
1204 0 15 59
2223 0 15 57
1080 0 15 54
5158 0 15 50
3244 0 15 48
6623 0 15 45
4413 0 15 41
2218 0 15 38
1704 0 15 35
2575 0 15 31
5740 0 15 27
5570 0 15 23
5791 0 15 19
2051 0 15 15
6723 0 15 12
4312 0 15 8
1334 0 15 4
731 0 15 1
3958 0 16 97
1345 0 16 93
1439 0 16 91
2120 0 16 87
1458 0 16 84
6338 0 16 79
2419 0 16 77
3344 0 16 73
5277 0 16 69
5813 0 16 65
5847 0 16 61
3212 0 16 58
1154 0 16 55
3124 0 16 51
1650 0 16 49
1026 0 16 45
2945 0 16 41
6424 0 16 37
1320 0 16 33
4098 0 16 30
4618 0 16 27
2921 0 16 23
3905 0 16 19
6399 0 16 14
5715 0 16 10
5953 0 16 8
6769 0 16 3
3233 0 17 97
893 0 17 93
625 0 17 91
2050 0 17 87
5171 0 17 83
4165 0 17 80
5494 0 17 76
5848 0 17 74
5090 0 17 70
2884 0 17 68
4546 0 17 64
5194 0 17 60
1841 0 17 55
5195 0 17 50
4411 0 17 47
3852 0 17 44
6262 0 17 40
1995 0 17 36
1043 0 17 33
6166 0 17 29
4517 0 17 26
6738 0 17 21
4952 0 17 19
5914 0 17 14
4786 0 17 10
3403 0 17 7
5863 0 17 4
2107 0 18 97
479 0 18 93
5602 0 18 90
4273 0 18 85
1822 0 18 82
2306 0 18 79
5045 0 18 76
2546 0 18 74
6697 0 18 69
5559 0 18 65
3472 0 18 61
2075 0 18 58
4791 0 18 54
4889 0 18 50
2746 0 18 47
3174 0 18 44
168 0 18 40
5898 0 18 35
2427 0 18 31
5522 0 18 27
1447 0 18 23
3765 0 18 19
3854 0 18 14
2442 0 18 10
6442 0 18 6
6388 0 18 2
1692 0 19 97
6272 0 19 92
4390 0 19 88
6616 0 19 84
5138 0 19 79
4962 0 19 76
847 0 19 74
5748 0 19 69
1783 0 19 65
6652 0 19 60
1076 0 19 55
2271 0 19 50
6361 0 19 46
5452 0 19 43
5682 0 19 40
4709 0 19 35
5866 0 19 30
4608 0 19 27
1357 0 19 23
3581 0 19 19
2668 0 19 14
4163 0 19 9
93 0 19 7
5223 0 19 4
819 1 1 97
3845 1 1 92
1341 1 1 88
6645 1 1 83
191 1 1 80
4735 1 1 76
2969 1 1 73
2681 1 1 69
5501 1 1 64
4281 1 1 60
6727 1 1 54
6189 1 1 49
216 1 1 45
2094 1 1 41
5794 1 1 37
5659 1 1 32
5364 1 1 29
544 1 1 26
5691 1 1 21
3667 1 1 19
1276 1 1 14
3921 1 1 9
1928 1 1 6
5231 1 1 2
6664 1 2 96
5121 1 2 93
2112 1 2 90
3713 1 2 85
6772 1 2 81
5106 1 2 77
2493 1 2 73
2045 1 2 69
4235 1 2 64
3302 1 2 60
6575 1 2 54
577 1 2 49
6275 1 2 44
6056 1 2 39
4283 1 2 34
3732 1 2 31
3758 1 2 27
6694 1 2 22
6600 1 2 18
4503 1 2 15
6588 1 2 11
3596 1 2 8
6196 1 2 3
4219 1 4 96
744 1 4 92
4519 1 4 87
3456 1 4 83
5092 1 4 79
3952 1 4 76
2790 1 4 73
344 1 4 69
1269 1 4 64
1936 1 4 60
5857 1 4 54
147 1 4 49
4887 1 4 44
4172 1 4 39
2871 1 4 34
3808 1 4 30
4099 1 4 27
6581 1 4 22
875 1 4 18
1810 1 4 15
3693 1 4 11
2898 1 4 8
2589 1 4 3
1633 1 7 96
5631 1 7 91
894 1 7 87
2961 1 7 83
3626 1 7 79
5215 1 7 75
5944 1 7 72
3296 1 7 70
6252 1 7 67
438 1 7 64
5180 1 7 59
594 1 7 56
934 1 7 54
6089 1 7 48
3332 1 7 45
1568 1 7 41
3707 1 7 37
5151 1 7 31
5980 1 7 26
3639 1 7 21
3305 1 7 19
429 1 7 14
89 1 7 9
5594 1 7 5
5367 1 7 2
1403 1 9 96
5340 1 9 91
5852 1 9 86
3170 1 9 83
2594 1 9 79
1485 1 9 75
2784 1 9 72
6530 1 9 68
4160 1 9 64
5115 1 9 59
6070 1 9 55
5962 1 9 49
3777 1 9 44
3857 1 9 39
2047 1 9 34
2781 1 9 30
6729 1 9 25
4903 1 9 22
5524 1 9 17
4767 1 9 14
3406 1 9 8
1266 1 9 3
186 2 1 96
4474 2 1 91
3313 2 1 86
2324 2 1 83
518 2 1 79
1063 2 1 75
6671 2 1 71
2345 2 1 67
5842 2 1 63
5604 2 1 59
5716 2 1 55
5930 2 1 49
3172 2 1 44
3535 2 1 39
786 2 1 34
5693 2 1 29
35 2 1 26
3166 2 1 21
1741 2 1 19
6016 2 1 13
757 2 1 11
227 2 1 8
5139 2 1 2
164 2 2 96
4148 2 2 91
1565 2 2 86
6629 2 2 82
1297 2 2 79
7 2 2 75
4751 2 2 71
1687 2 2 67
2928 2 2 63
4188 2 2 59
4530 2 2 55
3102 2 2 49
5812 2 2 43
2400 2 2 40
4658 2 2 35
1433 2 2 30
4458 2 2 25
254 2 2 22
6615 2 2 16
4423 2 2 12
3445 2 2 8
4609 2 2 2
5504 2 4 95
4122 2 4 90
6002 2 4 84
3148 2 4 79
4138 2 4 74
5436 2 4 69
729 2 4 64
3876 2 4 59
3628 2 4 55
2364 2 4 49
3611 2 4 43
1983 2 4 40
3938 2 4 35
6244 2 4 29
5457 2 4 25
199 2 4 22
5451 2 4 16
3542 2 4 12
3040 2 4 8
3668 2 4 2
5241 2 5 95
4036 2 5 90
2859 2 5 84
2587 2 5 79
2251 2 5 74
3910 2 5 69
6737 2 5 63
3939 2 5 59
3620 2 5 55
1402 2 5 49
3533 2 5 43
4140 2 5 39
6367 2 5 33
1702 2 5 29
4074 2 5 25
6402 2 5 21
1997 2 5 18
6596 2 5 14
2429 2 5 8
2756 2 5 2
2828 2 6 95
2524 2 6 90
1667 2 6 84
1655 2 6 79
1668 2 6 74
3454 2 6 69
6023 2 6 63
1229 2 6 59
2606 2 6 55
2742 2 6 48
2949 2 6 45
817 2 6 41
3629 2 6 37
3059 2 6 31
1981 2 6 26
1630 2 6 21
849 2 6 18
5645 2 6 14
5573 2 6 7
1562 2 6 4
1974 2 7 95
1923 2 7 90
678 2 7 84
5597 2 7 78
6526 2 7 74
3046 2 7 69
4013 2 7 63
5590 2 7 58
3858 2 7 54
3036 2 7 48
716 2 7 45
258 2 7 41
2966 2 7 37
2571 2 7 31
408 2 7 25
6118 2 7 21
5915 2 7 17
2937 2 7 14
5409 2 7 7
2583 2 7 3
6034 2 9 94
348 2 9 91
1420 2 9 86
5977 2 9 82
586 2 9 79
5880 2 9 73
4024 2 9 68
2080 2 9 64
3304 2 9 59
2186 2 9 55
1676 2 9 48
272 2 9 45
5640 2 9 40
952 2 9 35
4298 2 9 29
5361 2 9 24
3103 2 9 21
5913 2 9 17
1697 2 9 14
4477 2 9 7
2584 2 9 2
4601 2 12 94
6762 2 12 90
271 2 12 84
5401 2 12 78
6130 2 12 73
3422 2 12 68
6733 2 12 63
4422 2 12 58
2942 2 12 54
772 2 12 48
6042 2 12 44
2929 2 12 39
5746 2 12 33
5518 2 12 28
340 2 12 25
5544 2 12 21
6705 2 12 16
1579 2 12 12
1714 2 12 8
1893 2 12 2
3893 2 13 94
5373 2 13 89
6084 2 13 85
5971 2 13 81
4553 2 13 77
511 2 13 73
3189 2 13 68
6684 2 13 63
4135 2 13 58
1174 2 13 54
165 2 13 48
5433 2 13 44
2624 2 13 39
5260 2 13 33
5439 2 13 28
6624 2 13 24
1970 2 13 21
6573 2 13 16
6524 2 13 11
4015 2 13 7
5017 2 13 1
813 2 14 94
3889 2 14 89
4939 2 14 85
1941 2 14 81
3909 2 14 77
67 2 14 73
6613 2 14 67
3680 2 14 62
2974 2 14 58
3144 2 14 53
6516 2 14 51
990 2 14 48
1558 2 14 44
1342 2 14 39
2367 2 14 33
4823 2 14 28
5675 2 14 24
1654 2 14 21
5474 2 14 16
6266 2 14 11
3490 2 14 7
4984 2 14 1
6491 2 15 93
4630 2 15 89
3459 2 15 85
6714 2 15 80
4445 2 15 76
2526 2 15 73
5353 2 15 67
2162 2 15 62
2855 2 15 58
2581 2 15 53
1168 2 15 51
6136 2 15 46
1811 2 15 43
624 2 15 39
6640 2 15 32
4175 2 15 29
5219 2 15 24
887 2 15 21
376 2 15 16
6037 2 15 11
6358 2 15 6
5214 2 15 2
6093 2 16 93
3599 2 16 89
3327 2 16 85
6467 2 16 80
3797 2 16 76
4856 2 16 72
5104 2 16 68
1532 2 16 63
3058 2 16 58
1544 2 16 53
6566 2 16 50
5663 2 16 46
2207 2 16 42
1440 2 16 39
6297 2 16 32
522 2 16 29
3630 2 16 24
3019 2 16 20
2857 2 16 17
1795 2 16 13
4587 2 16 10
1744 2 16 6
6065 2 16 1
3559 2 17 93
2048 2 17 89
2850 2 17 85
5443 2 17 80
580 2 17 76
3183 2 17 72
4913 2 17 68
1519 2 17 63
3002 2 17 58
6183 2 17 52
3329 2 17 48
554 2 17 44
189 2 17 39
6167 2 17 32
4663 2 17 28
3934 2 17 24
5846 2 17 19
4717 2 17 13
5066 2 17 8
5089 2 17 1
3366 2 18 93
1239 2 18 89
2817 2 18 85
4543 2 18 80
524 2 18 76
2956 2 18 72
3347 2 18 68
4526 2 18 62
648 2 18 58
4747 2 18 52
421 2 18 48
509 2 18 44
6500 2 18 38
3739 2 18 34
5177 2 18 29
2514 2 18 24
3526 2 18 19
3567 2 18 13
2061 2 18 8
3335 2 18 1
1713 2 19 93
6598 2 19 88
6096 2 19 83
94 2 19 79
5798 2 19 73
5039 2 19 67
123 2 19 62
6773 2 19 57
6703 2 19 53
83 2 19 50
5472 2 19 46
1097 2 19 42
6604 2 19 38
1949 2 19 34
4549 2 19 29
1943 2 19 24
2602 2 19 19
2780 2 19 13
1971 2 19 8
3316 2 19 1
831 3 1 93
2906 3 1 88
2824 3 1 83
3389 3 1 78
5851 3 1 73
4832 3 1 67
4744 3 1 61
1768 3 1 57
6421 3 1 53
3730 3 1 49
1536 3 1 43
237 3 1 39
6075 3 1 32
3697 3 1 28
2749 3 1 24
2159 3 1 19
2196 3 1 13
1451 3 1 8
4177 3 1 1
563 3 2 93
2307 3 2 88
637 3 2 83
2421 3 2 78
1711 3 2 73
4282 3 2 67
4712 3 2 61
1065 3 2 57
4121 3 2 53
2843 3 2 49
1336 3 2 43
9 3 2 39
6013 3 2 32
6760 3 2 27
4868 3 2 22
4384 3 2 16
4125 3 2 11
5024 3 2 6
3290 3 2 1
5538 3 4 92
4400 3 4 87
2535 3 4 83
1252 3 4 78
10 3 4 73
3712 3 4 67
4571 3 4 61
928 3 4 57
685 3 4 53
2832 3 4 49
5567 3 4 42
192 3 4 38
1318 3 4 34
825 3 4 29
6783 3 4 23
2933 3 4 19
531 3 4 13
231 3 4 8
3605 3 4 1
4357 3 5 92
2747 3 5 87
1546 3 5 83
4820 3 5 77
4622 3 5 72
3128 3 5 68
3914 3 5 62
4198 3 5 57
4685 3 5 52
6563 3 5 47
57 3 5 44
5754 3 5 38
6331 3 5 33
4402 3 5 28
5991 3 5 23
4451 3 5 18
4005 3 5 14
2632 3 5 7
3248 3 5 1
1634 3 6 92
248 3 6 87
6669 3 6 82
4936 3 6 78
5854 3 6 72
4157 3 6 67
4027 3 6 61
407 3 6 57
4040 3 6 52
5076 3 6 47
2958 3 6 43
6094 3 6 38
6140 3 6 33
2301 3 6 28
5891 3 6 23
3830 3 6 18
3782 3 6 14
2448 3 6 7
1817 3 6 1
1428 3 7 92
6067 3 7 86
5245 3 7 82
2327 3 7 78
3065 3 7 72
3607 3 7 67
2614 3 7 61
3880 3 7 56
3826 3 7 53
2017 3 7 49
3975 3 7 42
6018 3 7 37
2383 3 7 31
6569 3 7 24
1292 3 7 19
5888 3 7 12
69 3 7 8
720 3 7 1
1333 3 9 92
3825 3 9 86
4752 3 9 82
1875 3 9 78
2574 3 9 72
2879 3 9 67
2462 3 9 61
3108 3 9 56
2375 3 9 53
80 3 9 49
3970 3 9 42
5647 3 9 37
2156 3 9 31
6510 3 9 24
5628 3 9 18
3092 3 9 14
2397 3 9 7
5127 3 9 2
734 3 12 92
2686 3 12 86
4154 3 12 82
1228 3 12 78
2500 3 12 72
2729 3 12 67
1774 3 12 61
1089 3 12 56
3862 3 12 52
4699 3 12 47
6364 3 12 42
4387 3 12 37
1957 3 12 31
1309 3 12 24
4629 3 12 18
2596 3 12 14
6215 3 12 6
5703 3 12 1
1825 3 13 91
821 3 13 86
2411 3 13 82
6309 3 13 77
1729 3 13 72
1980 3 13 67
1461 3 13 61
5509 3 13 55
5788 3 13 47
5325 3 13 42
3563 3 13 37
1055 3 13 31
2868 3 13 23
5426 3 13 17
535 3 13 13
4634 3 13 7
211 3 13 1
709 3 14 91
62 3 14 86
1637 3 14 82
4787 3 14 77
6490 3 14 71
242 3 14 67
5464 3 14 60
5758 3 14 54
5280 3 14 47
3498 3 14 42
3257 3 14 37
6734 3 14 30
6190 3 14 24
4574 3 14 18
598 3 14 14
4914 3 14 6
2909 3 15 90
4141 3 15 83
4680 3 15 77
5884 3 15 71
5695 3 15 66
2426 3 15 62
3664 3 15 57
2537 3 15 52
3568 3 15 47
683 3 15 42
3134 3 15 37
5123 3 15 30
1583 3 15 24
3617 3 15 18
2149 3 15 13
4117 3 15 7
5163 3 16 89
2712 3 16 85
3803 3 16 80
334 3 16 76
1481 3 16 72
200 3 16 67
5071 3 16 60
5477 3 16 54
4192 3 16 47
79 3 16 42
2539 3 16 37
5117 3 16 30
4703 3 16 23
2797 3 16 17
6223 3 16 12
6656 3 16 7
4243 3 17 89
5751 3 17 84
2516 3 17 78
2369 3 17 72
6512 3 17 66
1559 3 17 62
3654 3 17 57
6200 3 17 51
5508 3 17 46
1069 3 17 42
2240 3 17 37
4324 3 17 30
4625 3 17 23
785 3 17 17
5183 3 17 12
4803 3 17 7
2319 3 18 89
2447 3 18 84
2418 3 18 78
6720 3 18 71
3908 3 18 66
1119 3 18 62
1500 3 18 57
4123 3 18 51
5226 3 18 46
4967 3 18 41
1925 3 18 37
3405 3 18 30
3951 3 18 23
247 3 18 17
4017 3 18 12
3924 3 18 7
1332 3 19 89
3828 3 19 83
3666 3 19 77
4359 3 19 71
5362 3 19 65
6027 3 19 60
4778 3 19 54
3844 3 19 47
4245 3 19 41
1764 3 19 37
3094 3 19 30
3491 3 19 23
14 3 19 17
3217 3 19 12
1878 3 19 7
5685 4 1 88
403 4 1 83
918 4 1 77
3129 4 1 71
5186 4 1 65
1964 4 1 60
4068 4 1 54
2851 4 1 47
2918 4 1 41
4106 4 1 36
6735 4 1 32
4799 4 1 27
3871 4 1 22
4254 4 1 16
6495 4 1 10
431 4 1 6
5422 4 2 88
3107 4 2 82
4508 4 2 77
3062 4 2 71
5128 4 2 65
1363 4 2 60
3863 4 2 54
4992 4 2 46
4311 4 2 41
361 4 2 36
6359 4 2 32
3570 4 2 27
2016 4 2 22
3476 4 2 16
2886 4 2 10
6363 4 2 5
3035 4 7 88
5660 4 7 81
3194 4 7 76
3706 4 7 71
3258 4 7 65
4760 4 7 59
396 4 7 55
4942 4 7 47
252 4 7 41
6366 4 7 35
3012 4 7 29
6459 4 7 23
6449 4 7 16
2098 4 7 10
5887 4 7 4
1842 4 9 88
5380 4 9 81
3100 4 9 76
2470 4 9 71
2485 4 9 65
3357 4 9 59
4932 4 9 54
3855 4 9 46
4161 4 9 41
6095 4 9 35
2456 4 9 29
6063 4 9 23
6197 4 9 16
6657 4 9 9
4191 4 9 5
142 5 1 88
4934 5 1 81
5291 5 1 75
4062 5 1 71
6649 5 1 64
3288 5 1 59
4521 5 1 54
1848 5 1 46
1581 5 1 41
4706 5 1 35
1441 5 1 29
5356 5 1 23
4055 5 1 16
6625 5 1 9
2290 5 1 5
5532 5 2 87
5996 5 2 82
3493 5 2 77
2625 5 2 71
6620 5 2 64
959 5 2 59
4307 5 2 54
503 5 2 46
749 5 2 41
4370 5 2 35
1061 5 2 29
4567 5 2 23
1681 5 2 16
4990 5 2 9
2170 5 2 5
2565 5 4 86
1291 5 4 82
2278 5 4 77
2431 5 4 71
6219 5 4 64
4291 5 4 58
3340 5 4 52
2329 5 4 47
228 5 4 41
3301 5 4 35
6574 5 4 28
3481 5 4 23
960 5 4 16
326 5 4 8
1522 5 5 86
5446 5 5 81
5131 5 5 75
1800 5 5 71
5762 5 5 64
2406 5 5 58
674 5 5 52
6680 5 5 46
126 5 5 41
6258 5 5 34
471 5 5 29
4330 5 5 23
6137 5 5 15
6489 5 5 10
5496 5 5 4
2536 5 6 85
2044 5 6 80
6107 5 6 75
1482 5 6 71
5638 5 6 64
1682 5 6 58
5776 5 6 51
4026 5 6 46
6743 5 6 40
5224 5 6 34
5321 5 6 28
2779 5 6 23
4668 5 6 15
1561 5 6 10
4716 5 6 4
1901 5 7 85
2031 5 7 80
5016 5 7 75
1093 5 7 71
5246 5 7 64
1438 5 7 58
4272 5 7 51
705 5 7 46
4205 5 7 40
4431 5 7 34
4614 5 7 28
1253 5 7 23
4430 5 7 15
1534 5 7 10
4262 5 7 4
6362 5 9 84
1587 5 9 78
4547 5 9 71
2919 5 9 64
5804 5 9 57
3881 5 9 51
4826 5 9 45
4147 5 9 40
3565 5 9 34
2257 5 9 28
5172 5 9 22
3397 5 9 16
6468 5 9 7
118 5 11 84
137 5 11 78
2744 5 11 71
940 5 11 64
5461 5 11 57
3497 5 11 51
3786 5 11 45
3695 5 11 40
2718 5 11 34
1191 5 11 28
3013 5 11 22
1070 5 11 16
2750 5 11 7
5805 5 13 82
1243 5 13 77
1315 5 13 71
684 5 13 64
5374 5 13 57
3336 5 13 51
2901 5 13 45
3519 5 13 40
2617 5 13 34
867 5 13 28
2213 5 13 22
380 5 13 16
2734 5 13 7
4955 6 1 82
4687 6 1 76
2433 6 1 71
6076 6 1 63
1656 6 1 58
2351 6 1 51
2637 6 1 45
3478 6 1 40
6270 6 1 33
882 6 1 28
700 6 1 22
6565 6 1 15
1370 6 1 10
4088 6 1 4
4845 6 2 81
2999 6 2 75
6786 6 2 70
4093 6 2 67
4853 6 2 60
1715 6 2 54
208 6 2 46
3364 6 2 40
6250 6 2 33
6302 6 2 27
6198 6 2 21
5147 6 2 15
999 6 2 10
2823 6 2 4
892 6 4 80
2458 6 4 75
6446 6 4 70
3147 6 4 67
3764 6 4 60
650 6 4 54
5720 6 4 45
3168 6 4 40
5999 6 4 33
5600 6 4 27
2366 6 4 21
2444 6 4 15
6346 6 4 9
318 6 4 5
2703 6 5 75
5512 6 5 70
3091 6 5 67
6670 6 5 59
3469 6 5 54
5657 6 5 45
3151 6 5 40
5032 6 5 33
3966 6 5 27
1434 6 5 21
398 6 5 15
4883 6 5 9
6754 6 5 4
605 6 6 74
2936 6 6 69
2869 6 6 63
6692 6 6 57
3041 6 6 51
1700 6 6 45
2941 6 6 40
4375 6 6 33
824 6 6 27
6708 6 6 20
2396 6 6 17
3156 6 6 12
1187 6 6 7
1554 6 7 71
6054 6 7 63
222 6 7 57
2863 6 7 51
764 6 7 45
1871 6 7 40
3541 6 7 33
6143 6 7 26
6539 6 7 20
1953 6 7 17
5449 6 7 11
1222 6 7 6
6502 6 9 65
2482 6 9 58
1996 6 9 51
6049 6 9 44
5684 6 9 38
5630 6 9 33
5828 6 9 26
5586 6 9 20
6286 6 9 16
968 6 9 7
1264 6 11 63
6479 6 11 56
4512 6 11 51
5001 6 11 44
5672 6 11 38
5470 6 11 33
5598 6 11 26
5408 6 11 20
2519 6 11 16
259 6 11 7
4594 6 13 98
2365 6 13 95
1273 6 13 90
2263 6 13 83
6048 6 13 76
2139 6 13 71
4986 6 13 63
6413 6 13 56
4292 6 13 51
4356 6 13 44
4879 6 13 38
5150 6 13 33
5591 6 13 26
3704 6 13 20
6426 6 13 15
2199 6 13 9
3903 6 13 4
4380 6 14 98
2347 6 14 95
135 6 14 90
2100 6 14 83
4908 6 14 76
4636 6 14 70
1496 6 14 67
5445 6 14 59
2141 6 14 54
5098 6 14 45
1316 6 14 40
2070 6 14 33
5318 6 14 26
3171 6 14 20
6416 6 14 15
1460 6 14 9
3660 6 14 4
6536 6 15 96
160 6 15 91
6471 6 15 85
783 6 15 80
52 6 15 75
4933 6 15 70
622 6 15 67
5328 6 15 59
6564 6 15 53
6227 6 15 48
5811 6 15 43
5855 6 15 38
4414 6 15 33
3410 6 15 26
2450 6 15 20
4038 6 15 15
545 6 15 9
3401 6 15 4
3575 6 16 95
6587 6 16 89
3642 6 16 83
3554 6 16 76
4009 6 16 70
3363 6 16 66
658 6 16 62
659 6 16 57
6721 6 16 50
5379 6 16 46
213 6 16 40
1799 6 16 33
3009 6 16 26
1725 6 16 20
4010 6 16 15
282 6 16 9
1832 6 16 4
2986 6 17 95
6098 6 17 89
3632 6 17 83
1383 6 17 76
2331 6 17 70
2130 6 17 66
4831 6 17 61
2818 6 17 55
4525 6 17 47
6387 6 17 40
840 6 17 33
1917 6 17 26
428 6 17 20
2413 6 17 15
6675 6 17 8
2926 6 18 95
2689 6 18 89
3518 6 18 83
1366 6 18 76
2245 6 18 70
2013 6 18 66
4392 6 18 61
1646 6 18 55
985 6 18 47
5571 6 18 40
6782 6 18 32
6494 6 18 26
6779 6 18 19
5839 6 18 12
6584 6 18 6
5423 6 19 94
5229 6 19 88
4793 6 19 81
2878 6 19 75
2635 6 19 70
6462 6 19 65
1506 6 19 58
1051 6 19 51
2664 6 19 44
1016 6 19 38
3696 6 19 33
4449 6 19 25
4759 6 19 21
108 6 19 15
5701 6 19 8
664 7 1 94
4488 7 1 88
4149 7 1 81
2762 7 1 75
2424 7 1 70
6415 7 1 65
976 7 1 58
49 7 1 51
1094 7 1 44
6589 7 1 37
2727 7 1 30
2743 7 1 23
2128 7 1 15
5577 7 1 8
6203 7 2 93
1966 7 2 88
6365 7 2 80
5626 7 2 74
1404 7 2 69
6354 7 2 62
6395 7 2 56
3482 7 2 51
5420 7 2 43
5326 7 2 38
582 7 2 33
1847 7 2 25
2297 7 2 21
6103 7 2 14
4637 7 2 6
5810 7 9 93
529 7 9 88
5432 7 9 80
5103 7 9 74
897 7 9 69
5789 7 9 62
5333 7 9 56
2865 7 9 51
4642 7 9 43
3468 7 9 38
6456 7 9 32
6464 7 9 26
6503 7 9 19
5741 7 9 12
6486 7 9 6
5552 7 11 93
519 7 11 88
3790 7 11 80
4019 7 11 74
5181 7 11 68
3278 7 11 62
4867 7 11 56
2497 7 11 51
4420 7 11 43
2315 7 11 38
5317 7 11 32
5989 7 11 26
5736 7 11 19
4925 7 11 12
5412 7 11 6
4057 7 19 93
6069 7 19 87
5355 7 19 82
4554 7 19 76
98 7 19 70
5642 7 19 65
6277 7 19 57
6411 7 19 50
2117 7 19 46
5835 7 19 39
5634 7 19 32
5861 7 19 26
5617 7 19 19
3886 7 19 12
1348 7 19 6
3631 8 1 93
5012 8 1 87
4963 8 1 82
4340 8 1 76
4116 8 1 69
4766 8 1 62
4816 8 1 56
15 8 1 51
3916 8 1 43
1898 8 1 38
5185 8 1 32
5407 8 1 26
5161 8 1 19
3724 8 1 12
655 8 1 6
2759 8 2 93
4418 8 2 87
3120 8 2 82
2811 8 2 76
4023 8 2 69
1671 8 2 62
1890 8 2 56
6283 8 2 50
2008 8 2 46
5288 8 2 39
4675 8 2 32
5168 8 2 26
4977 8 2 19
3636 8 2 12
628 8 2 6
5704 8 5 92
1708 8 5 86
5382 8 5 81
747 8 5 75
714 8 5 70
5561 8 5 65
5025 8 5 57
4688 8 5 50
1030 8 5 46
5269 8 5 39
4230 8 5 32
3419 8 5 26
1607 8 5 19
931 8 5 12
345 8 5 6
2683 8 6 92
4664 8 6 85
417 8 6 80
5905 8 6 73
1742 8 6 67
5043 8 6 59
6153 8 6 53
5252 8 6 48
4665 8 6 43
3516 8 6 37
2722 8 6 30
1483 8 6 23
117 8 6 15
4189 8 6 8
1327 8 7 92
3407 8 7 85
6554 8 7 79
4533 8 7 73
1085 8 7 67
4576 8 7 59
5568 8 7 53
4906 8 7 48
4444 8 7 43
3379 8 7 37
2296 8 7 30
1034 8 7 23
3487 8 7 14
3781 8 7 6
1104 8 9 92
3291 8 9 85
6249 8 9 79
4164 8 9 73
5800 8 9 66
2639 8 9 61
5495 8 9 54
1516 8 9 45
1250 8 9 40
6184 8 9 32
1862 8 9 26
1109 8 9 19
1537 8 9 11
814 8 9 6
457 8 10 92
3032 8 10 85
5294 8 10 79
3810 8 10 73
4524 8 10 66
1259 8 10 61
5411 8 10 54
513 8 10 45
983 8 10 40
3587 8 10 32
6116 8 10 25
6621 8 10 20
1263 8 10 15
1117 8 10 8
6719 8 11 91
5690 8 11 85
2300 8 11 79
3021 8 11 73
1618 8 11 66
991 8 11 61
3243 8 11 54
6393 8 11 44
6212 8 11 37
1520 8 11 30
769 8 11 23
1758 8 11 13
3851 8 11 7
6666 8 13 91
2316 8 13 85
5662 8 13 78
1724 8 13 71
4693 8 13 63
3354 8 13 56
5841 8 13 50
419 8 13 46
5261 8 13 39
3833 8 13 32
5429 8 13 25
4864 8 13 20
517 8 13 15
6145 8 13 7
6306 8 15 91
542 8 15 85
5633 8 15 78
633 8 15 71
4606 8 15 63
790 8 15 56
5400 8 15 50
6552 8 15 45
6704 8 15 39
3242 8 15 32
3674 8 15 25
4495 8 15 20
3623 8 15 14
3523 8 15 6
6041 8 17 91
6730 8 17 84
6776 8 17 77
21 8 17 71
3037 8 17 63
5462 8 17 55
984 8 17 47
4050 8 17 40
1373 8 17 32
6619 8 17 24
3249 8 17 18
1421 8 17 13
2890 8 17 7
5982 8 19 91
6247 8 19 84
6644 8 19 77
6707 8 19 70
4979 8 19 65
4838 8 19 57
3573 8 19 50
6057 8 19 45
6678 8 19 39
3202 8 19 32
4813 8 19 24
2508 8 19 18
278 8 19 13
2853 8 19 7
5507 9 1 91
4773 9 1 84
3267 9 1 77
6357 9 1 70
4605 9 1 65
4472 9 1 57
3387 9 1 50
6021 9 1 45
4843 9 1 39
3117 9 1 32
3834 9 1 24
6580 9 1 17
3884 9 1 11
214 9 1 6
5101 9 2 91
4453 9 2 84
2939 9 2 77
4985 9 2 70
6676 9 2 64
5292 9 2 57
1311 9 2 50
5979 9 2 45
540 9 2 39
5742 9 2 31
890 9 2 23
2610 9 2 12
6444 9 2 5
4442 9 5 91
4210 9 5 84
1505 9 5 77
4168 9 5 70
6654 9 5 64
5273 9 5 57
498 9 5 50
4257 9 5 45
5548 9 5 38
4499 9 5 32
1926 9 5 24
5906 9 5 17
1762 9 5 11
3474 9 5 5
4274 9 6 91
2931 9 6 84
414 9 6 77
4145 9 6 70
6642 9 6 64
4976 9 6 57
156 9 6 50
2550 9 6 45
4484 9 6 38
3082 9 6 32
1679 9 6 24
4880 9 6 17
1480 9 6 11
1365 9 6 5
2154 9 7 91
1088 9 7 84
6281 9 7 76
2723 9 7 69
1539 9 7 62
6208 9 7 55
5966 9 7 46
5052 9 7 39
5267 9 7 31
787 9 7 23
5058 9 7 10
5233 9 7 3
1510 9 9 91
6482 9 9 83
6469 9 9 75
364 9 9 70
6329 9 9 64
1727 9 9 57
5987 9 9 49
657 9 9 42
1260 9 9 37
755 9 9 30
6661 9 9 22
5036 9 9 15
4649 9 9 7
1406 9 10 91
6138 9 10 83
6466 9 10 75
341 9 10 70
5984 9 10 64
372 9 10 57
5972 9 10 49
5878 9 10 41
3741 9 10 34
5487 9 10 27
5300 9 10 20
2454 9 10 14
1909 9 10 6
1020 9 11 91
4284 9 11 83
5786 9 11 75
6291 9 11 69
5761 9 11 61
2478 9 11 54
4142 9 11 44
4249 9 11 37
406 9 11 30
4327 9 11 22
4455 9 11 15
3069 9 11 7
6373 9 13 90
1462 9 13 83
3098 9 13 75
3761 9 13 69
4677 9 13 61
2356 9 13 54
1752 9 13 44
2349 9 13 37
4743 9 13 29
4012 9 13 23
3902 9 13 10
4347 9 13 3
2073 9 14 90
462 9 14 83
87 9 14 75
3307 9 14 69
3624 9 14 61
809 9 14 54
1359 9 14 44
2093 9 14 37
4447 9 14 29
3320 9 14 23
3328 9 14 10
3076 9 14 3
1615 9 15 90
4810 9 15 82
1444 9 15 76
2662 9 15 69
1205 9 15 61
609 9 15 54
1124 9 15 44
241 9 15 37
3866 9 15 29
2403 9 15 23
2303 9 15 10
2147 9 15 3
1186 9 17 90
2682 9 17 82
461 9 17 76
447 9 17 69
385 9 17 61
173 9 17 54
644 9 17 44
5584 9 17 36
865 9 17 32
5282 9 17 23
1431 9 17 10
805 9 17 3
6499 9 19 89
3043 9 19 83
68 9 19 75
3199 9 19 69
244 9 19 61
5029 9 19 53
4523 9 19 48
4305 9 19 43
3178 9 19 37
2912 9 19 29
2243 9 19 23
96 9 19 10
687 9 19 3
1812 10 1 89
1238 10 1 83
5516 10 1 74
5070 10 1 68
3137 10 1 62
6131 10 1 55
2599 10 1 46
4581 10 1 39
4555 10 1 31
59 10 1 23
5862 10 1 9
4615 10 1 3
1498 10 2 89
1127 10 2 83
5120 10 2 74
4924 10 2 68
3099 10 2 62
4386 10 2 55
5785 10 2 45
2533 10 2 38
2097 10 2 32
5266 10 2 22
4203 10 2 15
549 10 2 7
201 10 11 89
4190 10 11 82
5460 10 11 75
1436 10 11 69
102 10 11 61
4834 10 11 53
4115 10 11 48
2888 10 11 43
2667 10 11 37
2101 10 11 29
1918 10 11 23
3203 10 11 9
3774 10 11 3
6595 10 13 88
5806 10 13 79
688 10 13 73
822 10 13 66
781 10 13 61
4034 10 13 53
3001 10 13 48
5563 10 13 42
5822 10 13 36
4280 10 13 31
6114 10 13 22
4134 10 13 15
5947 10 13 6
5473 10 14 88
5542 10 14 79
627 10 14 73
6245 10 14 65
4252 10 14 57
5004 10 14 49
5230 10 14 41
6520 10 14 33
6204 10 14 24
4851 10 14 17
1126 10 14 11
6133 10 14 4
5319 10 15 88
4910 10 15 79
5503 10 15 72
2864 10 15 66
5554 10 15 60
6217 10 15 53
1105 10 15 48
4858 10 15 42
3549 10 15 36
2731 10 15 31
2735 10 15 22
3991 10 15 15
5946 10 15 6
5316 10 17 88
3802 10 17 79
4836 10 17 72
368 10 17 66
1508 10 17 60
5694 10 17 53
1039 10 17 48
5490 10 17 41
5919 10 17 33
6176 10 17 24
4550 10 17 17
994 10 17 11
5639 10 17 4
4242 10 19 88
3306 10 19 79
2492 10 19 72
4674 10 19 65
2998 10 19 57
4802 10 19 49
3385 10 19 41
5845 10 19 33
3353 10 19 24
2881 10 19 17
6750 10 19 10
5890 10 19 2
3066 11 1 88
2980 11 1 79
2244 11 1 72
4405 11 1 65
1934 11 1 57
3702 11 1 49
3146 11 1 41
4632 11 1 33
2891 11 1 24
2860 11 1 17
5560 11 1 10
3382 11 1 2
2247 11 2 88
2755 11 2 79
1265 11 2 72
3238 11 2 65
1473 11 2 57
3085 11 2 49
2650 11 2 41
4623 11 2 33
2619 11 2 24
2123 11 2 17
4978 11 2 10
2440 11 2 2
1114 11 3 88
2042 11 3 79
1221 11 3 72
3236 11 3 65
1137 11 3 57
1215 11 3 49
309 11 3 41
5697 11 3 32
3064 11 3 22
2979 11 3 15
4545 11 3 6
6055 11 4 87
2633 11 4 82
2708 11 4 75
965 11 4 69
6508 11 4 60
1982 11 4 53
6334 11 4 47
2688 11 4 40
1281 11 4 32
1177 11 4 22
2467 11 4 15
3882 11 4 6
5827 11 5 87
1453 11 5 82
1922 11 5 75
899 11 5 69
5386 11 5 60
2066 11 5 52
3509 11 5 46
4456 11 5 39
2953 11 5 31
2422 11 5 22
1897 11 5 15
2372 11 5 6
1905 11 7 87
6280 11 7 81
6417 11 7 74
4075 11 7 68
5924 11 7 61
3234 11 7 53
4481 11 7 47
1165 11 7 40
6527 11 7 31
932 11 7 22
5922 11 7 14
1734 11 7 6
1551 11 8 87
3339 11 8 81
4686 11 8 74
2844 11 8 68
5605 11 8 61
3177 11 8 53
3540 11 8 47
324 11 8 40
5085 11 8 31
5048 11 8 21
5170 11 8 14
1349 11 8 6
1035 11 9 87
2622 11 9 81
3045 11 9 74
2620 11 9 68
4772 11 9 61
1553 11 9 53
2399 11 9 47
6256 11 9 39
2838 11 9 31
1595 11 9 21
5096 11 9 14
1146 11 9 6
163 11 10 87
6392 11 10 80
4114 11 10 73
4383 11 10 65
800 11 10 57
260 11 10 49
3081 11 10 40
4993 11 10 31
1240 11 10 21
4762 11 10 14
432 11 10 6
5779 11 11 86
5077 11 11 81
2483 11 11 74
2370 11 11 68
4227 11 11 61
6271 11 11 52
6691 11 11 45
435 11 11 38
1914 11 11 32
5444 11 11 21
4079 11 11 14
338 11 11 6
4916 11 15 86
4875 11 15 81
1833 11 15 74
6342 11 15 67
3486 11 15 59
3352 11 15 53
393 11 15 47
2679 11 15 39
158 11 15 31
888 11 15 21
3927 11 15 14
5308 11 15 5
2030 11 17 86
3721 11 17 81
5285 11 17 73
3300 11 17 65
789 11 17 57
3078 11 17 48
4726 11 17 41
3508 11 17 32
3386 11 17 21
3735 11 17 14
5187 11 17 5
1560 11 19 86
3682 11 19 81
4469 11 19 73
2659 11 19 65
2335 11 19 56
4798 11 19 50
1703 11 19 45
6043 11 19 37
1136 11 19 29
496 11 19 23
1362 11 19 9
3684 11 19 3
6233 12 5 85
5044 12 5 78
6528 12 5 70
5419 12 5 64
5838 12 5 56
4673 12 5 50
6458 12 5 44
4714 12 5 36
1987 12 5 31
443 12 5 21
3132 12 5 14
4258 12 5 5
5968 12 11 85
2518 12 11 78
5904 12 11 70
4950 12 11 64
5000 12 11 56
1621 12 11 50
3888 12 11 44
2598 12 11 36
1746 12 11 31
6340 12 11 20
2081 12 11 14
3375 12 11 5
3953 12 12 85
1863 12 12 78
4323 12 12 70
3809 12 12 64
3936 12 12 56
569 12 12 50
3007 12 12 44
1784 12 12 36
1095 12 12 31
5830 12 12 20
483 12 12 14
3157 12 12 5
1339 12 13 85
1448 12 13 78
998 12 13 70
2076 12 13 64
2978 12 13 56
6206 12 13 49
2899 12 13 40
4866 12 13 31
3294 12 13 20
6452 12 13 13
1000 12 13 7
195 12 14 85
596 12 14 78
721 12 14 70
5879 12 14 63
4792 12 14 55
4575 12 14 45
4561 12 14 37
5056 12 14 28
5874 12 14 21
1658 12 14 14
2601 12 14 5
3044 12 15 83
1852 12 15 74
6312 12 15 67
2172 12 15 59
3326 12 15 53
6577 12 15 46
4321 12 15 39
6278 12 15 30
3349 12 15 22
4691 12 15 14
1023 12 15 5
2113 12 17 83
4616 12 17 73
2254 12 17 65
2192 12 17 56
5358 12 17 49
2770 12 17 40
2726 12 17 31
3055 12 17 20
4917 12 17 13
804 12 17 7
1347 12 19 83
3801 12 19 73
1008 12 19 65
148 12 19 56
5234 12 19 49
2656 12 19 40
1979 12 19 31
2386 12 19 20
4797 12 19 13
78 12 19 7
2760 13 0 82
1819 13 0 75
4089 13 0 68
4053 13 0 61
6142 13 0 52
6282 13 0 45
4139 13 0 37
4999 13 0 28
2858 13 0 21
1248 13 0 14
139 13 0 5
1301 13 1 82
1612 13 1 75
3691 13 1 68
3920 13 1 61
5301 13 1 52
6088 13 1 45
6687 13 1 36
564 13 1 31
6134 13 1 19
1159 13 1 11
5546 13 1 4
1169 13 2 82
1515 13 2 75
3188 13 2 68
1322 13 2 61
3831 13 2 52
4362 13 2 45
5637 13 2 36
3933 13 2 30
2548 13 2 22
4265 13 2 14
5705 13 2 4
3973 13 3 81
2341 13 3 73
207 13 3 65
6296 13 3 55
4029 13 3 45
5063 13 3 36
3737 13 3 30
2387 13 3 22
5227 13 3 13
5686 13 3 6
1388 13 4 81
754 13 4 73
5095 13 4 64
2777 13 4 56
4884 13 4 49
243 13 4 40
1284 13 4 31
5091 13 4 19
1084 13 4 11
5080 13 4 4
5344 13 5 79
50 13 5 72
1208 13 5 65
6006 13 5 55
3374 13 5 45
4182 13 5 36
3652 13 5 30
1203 13 5 22
4275 13 5 13
5338 13 5 6
4753 13 7 78
5 13 7 70
4255 13 7 63
3116 13 7 55
838 13 7 45
3900 13 7 36
3412 13 7 30
412 13 7 22
1389 13 7 13
4776 13 7 6
5718 13 9 77
3544 13 9 70
3613 13 9 63
3086 13 9 55
4144 13 9 44
1666 13 9 36
905 13 9 30
6149 13 9 21
2394 13 9 13
4711 13 9 6
4988 13 12 77
3439 13 12 70
3467 13 12 63
2486 13 12 55
2702 13 12 44
1019 13 12 36
418 13 12 30
6073 13 12 21
1990 13 12 13
1028 13 12 6
986 13 17 77
3408 13 17 70
2410 13 17 63
886 13 17 55
1628 13 17 44
6650 13 17 35
6235 13 17 28
2391 13 17 21
5100 13 17 12
5486 13 17 5
2894 13 19 74
4951 13 19 67
1932 13 19 59
2495 13 19 53
6239 13 19 46
6322 13 19 38
6241 13 19 31
907 13 19 19
1010 13 19 11
4827 13 19 4
5406 14 0 73
4710 14 0 64
2503 14 0 56
4220 14 0 49
2279 14 0 39
4294 14 0 30
1672 14 0 21
4929 14 0 12
4647 14 0 5
3489 14 1 63
442 14 1 55
6300 14 1 43
2615 14 1 37
4804 14 1 28
2082 14 1 21
4627 14 1 12
4501 14 1 5
4911 14 2 96
6240 14 2 90
1760 14 2 82
1378 14 2 75
2692 14 2 68
784 14 2 61
1013 14 2 52
2623 14 2 45
3823 14 2 36
3901 14 2 29
6066 14 2 22
1241 14 2 13
715 14 2 6
4746 14 3 96
6102 14 3 90
1720 14 3 82
1271 14 3 75
942 14 3 68
561 14 3 61
6120 14 3 51
3827 14 3 43
1004 14 3 37
4373 14 3 28
1180 14 3 21
3572 14 3 12
4064 14 3 5
5787 14 4 95
1861 14 4 89
3578 14 4 82
5957 14 4 74
4429 14 4 67
1778 14 4 59
2053 14 4 53
2317 14 4 46
4551 14 4 38
6231 14 4 31
270 14 4 19
527 14 4 11
330 14 4 4
3800 14 5 95
6635 14 5 88
494 14 5 79
6195 14 5 71
1121 14 5 63
4920 14 5 54
5143 14 5 43
4757 14 5 36
3547 14 5 29
5826 14 5 22
756 14 5 13
5790 14 5 5
1492 14 7 95
2873 14 7 88
6700 14 7 78
5114 14 7 69
3894 14 7 60
5327 14 7 51
3460 14 7 43
3968 14 7 36
3270 14 7 29
5738 14 7 22
553 14 7 13
5242 14 7 5
2737 14 9 94
1806 14 9 88
6685 14 9 78
2836 14 9 69
3322 14 9 60
4734 14 9 51
2882 14 9 43
3255 14 9 36
839 14 9 29
5696 14 9 22
473 14 9 13
5037 14 9 5
736 14 10 94
761 14 10 88
6172 14 10 78
1459 14 10 69
1856 14 10 60
3733 14 10 51
2084 14 10 43
2970 14 10 36
490 14 10 29
3545 14 10 22
3409 14 10 12
3609 14 10 5
154 14 11 94
641 14 11 88
4662 14 11 78
113 14 11 69
5743 14 11 59
6004 14 11 52
2208 14 11 45
2420 14 11 36
450 14 11 29
3004 14 11 22
2783 14 11 12
2794 14 11 5
6080 14 12 93
3110 14 12 87
4809 14 12 80
3590 14 12 73
2911 14 12 64
1111 14 12 56
2669 14 12 49
391 14 12 39
3948 14 12 30
993 14 12 21
3180 14 12 12
1912 14 12 5
5943 14 13 93
5728 14 13 86
1840 14 13 81
6689 14 13 72
5208 14 13 64
901 14 13 56
2502 14 13 49
3822 14 13 38
5624 14 13 31
5014 14 13 18
6736 14 13 12
6780 14 13 4
4780 14 14 93
5284 14 14 86
1776 14 14 81
5899 14 14 72
5176 14 14 64
826 14 14 56
2338 14 14 49
3197 14 14 38
3956 14 14 31
1321 14 14 18
6086 14 14 12
6391 14 14 4
4424 14 15 93
5209 14 15 86
6287 14 15 80
3125 14 15 73
2870 14 15 64
8 14 15 56
741 14 15 49
2634 14 15 38
2738 14 15 31
5456 14 15 17
3976 14 15 10
656 14 15 2
3872 14 17 93
4681 14 17 86
5608 14 17 80
6591 14 17 72
1808 14 17 64
6383 14 17 55
5250 14 17 43
1081 14 17 36
5281 14 17 28
1096 14 17 21
1837 14 17 12
3794 14 17 4
3847 14 19 93
3798 14 19 86
5510 14 19 80
4935 14 19 72
1576 14 19 64
193 14 19 55
2119 14 19 43
686 14 19 36
2819 14 19 28
482 14 19 21
1643 14 19 12
3228 14 19 4
3714 15 7 93
2072 15 7 86
476 15 7 80
4529 15 7 72
1479 15 7 64
6159 15 7 54
4961 15 7 43
38 15 7 36
2487 15 7 28
6590 15 7 20
4183 15 7 13
4043 15 7 5
3152 15 9 93
235 15 9 86
4391 15 9 79
4974 15 9 71
6352 15 9 62
3184 15 9 55
1155 15 9 43
5959 15 9 35
5020 15 9 28
5783 15 9 20
3451 15 9 13
3280 15 9 5
3022 15 10 93
179 15 10 86
1417 15 10 79
4208 15 10 71
1024 15 10 62
1779 15 10 55
5153 15 10 42
2065 15 10 36
1903 15 10 28
3875 15 10 20
3376 15 10 13
3115 15 10 5
2233 15 17 93
6558 15 17 85
4452 15 17 77
1185 15 17 70
2273 15 17 63
4565 15 17 54
3265 15 17 43
5869 15 17 35
3662 15 17 28
3634 15 17 20
323 15 17 13
2699 15 17 5
6026 16 0 92
5910 16 0 84
5154 16 0 76
410 16 0 69
4970 16 0 59
5493 16 0 52
1279 16 0 45
629 16 0 36
6582 16 0 27
1162 16 0 20
6768 16 0 12
1376 16 0 4
5958 16 1 92
5368 16 1 84
3843 16 1 76
5936 16 1 68
3861 16 1 60
2318 16 1 51
1985 16 1 43
5482 16 1 35
3077 16 1 28
3404 16 1 20
5259 16 1 12
131 16 1 4
1192 16 2 92
4586 16 2 84
2582 16 2 76
613 16 2 68
3669 16 2 60
1691 16 2 51
1450 16 2 43
5086 16 2 35
1596 16 2 28
2214 16 2 20
5057 16 2 12
4690 16 2 3
4972 16 3 91
2520 16 3 83
3417 16 3 73
2713 16 3 64
5523 16 3 54
3093 16 3 43
4425 16 3 35
1545 16 3 28
2041 16 3 20
4300 16 3 12
2239 16 3 3
4493 16 4 91
2236 16 4 83
3383 16 4 73
1416 16 4 64
4859 16 4 54
922 16 4 43
880 16 4 35
5892 16 4 27
6011 16 4 19
5160 16 4 10
23 16 4 2
4049 16 7 91
1757 16 7 83
3034 16 7 73
2670 16 7 63
4288 16 7 54
313 16 7 43
225 16 7 35
631 16 7 27
5757 16 7 19
5087 16 7 10
6007 16 7 1
2981 16 9 91
1593 16 9 83
6307 16 9 72
611 16 9 64
4652 16 9 54
5609 16 9 42
6716 16 9 35
6158 16 9 26
5396 16 9 18
5926 16 9 12
6504 16 9 2
1769 16 10 91
4738 16 10 82
5582 16 10 74
4158 16 10 67
1219 16 10 59
4344 16 10 52
1178 16 10 45
373 16 10 36
6104 16 10 27
5643 16 10 19
4722 16 10 10
5378 16 10 1
1649 16 12 91
2641 16 12 82
5295 16 12 74
2494 16 12 67
1200 16 12 59
3752 16 12 52
6414 16 12 44
5184 16 12 35
5730 16 12 26
5274 16 12 18
3757 16 12 12
3962 16 12 2
6763 16 13 90
1619 16 13 82
5136 16 13 74
2266 16 13 67
6012 16 13 58
3940 16 13 50
2896 16 13 44
4496 16 13 35
5220 16 13 26
4969 16 13 18
3292 16 13 12
3708 16 13 2
6315 16 14 90
1330 16 14 82
4374 16 14 74
2105 16 14 67
5652 16 14 58
2847 16 14 50
1432 16 14 44
1635 16 14 35
4788 16 14 26
4221 16 14 18
1317 16 14 12
1067 16 14 2
5547 16 15 90
1087 16 15 82
1872 16 15 74
290 16 15 67
5506 16 15 58
2761 16 15 50
16 16 15 44
1138 16 15 35
3003 16 15 26
1976 16 15 18
919 16 15 12
6147 16 15 1
4434 16 17 90
610 16 17 82
427 16 17 74
6313 16 17 66
588 16 17 60
1610 16 17 51
1254 16 17 43
109 16 17 35
2175 16 17 26
951 16 17 18
782 16 17 12
4492 16 17 1
452 16 18 90
145 16 18 82
379 16 18 74
5276 16 18 66
6545 16 18 59
1578 16 18 52
2309 16 18 44
230 16 18 35
1824 16 18 26
5200 16 18 17
2693 16 18 10
4514 16 18 1
371 16 19 90
1644 16 19 81
4348 16 19 72
6709 16 19 63
2530 16 19 54
5394 16 19 42
5310 16 19 35
42 16 19 26
5047 16 19 17
2019 16 19 10
3770 16 19 1
5613 17 0 89
2988 17 0 82
6698 17 0 73
1122 17 0 63
2313 17 0 54
5164 17 0 42
5218 17 0 35
3715 17 0 25
2555 17 0 20
3358 17 0 12
4185 17 0 1
5387 17 7 89
2405 17 7 82
6423 17 7 73
1059 17 7 63
1959 17 7 54
6430 17 7 41
3005 17 7 32
182 17 7 21
869 17 7 12
3539 17 7 1
4730 17 9 89
5193 17 9 81
3651 17 9 72
5514 17 9 63
933 17 9 54
3049 17 9 41
1570 17 9 32
3907 17 9 20
2145 17 9 12
1052 17 9 1
4721 17 10 89
5140 17 10 81
791 17 10 72
1572 17 10 63
501 17 10 54
2957 17 10 41
1523 17 10 32
5175 17 10 19
3644 17 10 10
3561 17 10 1
4223 17 12 89
2509 17 12 81
6744 17 12 71
6303 17 12 61
2943 17 12 51
298 17 12 43
6515 17 12 34
1829 17 12 27
4654 17 12 19
2328 17 12 10
2725 17 12 1
3226 17 13 89
1879 17 13 81
4184 17 13 71
6156 17 13 61
2321 17 13 51
5929 17 13 42
3942 17 13 35
2618 17 13 25
3745 17 13 19
1659 17 13 10
2049 17 13 1
2404 17 17 89
1390 17 17 81
4028 17 17 71
3716 17 17 61
468 17 17 51
5769 17 17 42
153 17 17 35
995 17 17 25
3579 17 17 19
29 17 17 10
1887 17 17 1
1533 17 18 89
185 17 18 81
1942 17 18 71
3437 17 18 61
4877 17 18 50
6005 17 18 43
6074 17 18 34
1756 17 18 27
4222 17 18 19
6521 17 18 9
1195 17 18 3
6324 17 19 88
4506 17 19 78
5557 17 19 68
3399 17 19 60
5767 17 19 50
5109 17 19 43
4083 17 19 34
277 17 19 27
4003 17 19 19
6121 17 19 9
898 17 19 3
4745 18 0 88
3783 18 0 78
4251 18 0 68
3030 18 0 60
3023 18 0 50
5028 18 0 43
3588 18 0 34
4082 18 0 26
3331 18 0 17
2009 18 0 10
1712 18 0 1
4363 18 2 88
5055 18 2 77
964 18 2 70
1889 18 2 63
5809 18 2 53
2078 18 2 46
4290 18 2 38
3532 18 2 30
6453 18 2 20
1845 18 2 12
5307 18 2 3
2757 18 3 88
4535 18 3 77
4428 18 3 69
4922 18 3 59
576 18 3 52
774 18 3 44
66 18 3 35
926 18 3 25
2434 18 3 19
5069 18 3 9
53 18 3 3
2636 18 4 88
3731 18 4 77
3514 18 4 69
4644 18 4 59
4194 18 4 51
5641 18 4 42
140 18 4 35
4153 18 4 24
1828 18 4 17
119 18 4 10
451 18 4 1
740 18 5 88
3309 18 5 77
3343 18 5 69
3993 18 5 59
3413 18 5 51
4764 18 5 42
4987 18 5 34
1750 18 5 26
2001 18 5 17
6285 18 5 9
3577 18 5 2
528 18 7 88
2815 18 7 77
1978 18 7 69
3653 18 7 59
1895 18 7 51
3018 18 7 42
3500 18 7 34
1678 18 7 26
1827 18 7 17
4263 18 7 9
3010 18 7 2
458 18 10 88
2576 18 10 77
1513 18 10 69
2994 18 10 59
5398 18 10 50
4676 18 10 43
1588 18 10 34
1611 18 10 26
1171 18 10 17
3925 18 10 9
2801 18 10 2
5956 18 12 87
3762 18 12 80
3912 18 12 72
1152 18 12 63
4779 18 12 53
1220 18 12 46
2845 18 12 38
3434 18 12 29
202 18 12 22
1022 18 12 12
4763 18 12 3
4980 18 13 87
2557 18 13 80
2649 18 13 72
6222 18 13 62
1641 18 13 55
2355 18 13 42
3121 18 13 34
1509 18 13 26
4393 18 13 16
220 18 13 7
2631 18 15 87
31 18 15 80
1973 18 15 72
6064 18 15 62
1391 18 15 55
1907 18 15 42
6668 18 15 33
3860 18 15 23
6630 18 15 8
2039 19 0 87
6101 19 0 79
2274 19 0 71
3063 19 0 61
841 19 0 50
3512 19 0 43
6082 19 0 33
1156 19 0 23
5670 19 0 8
2020 19 2 87
3742 19 2 79
262 19 2 71
2114 19 2 61
6445 19 2 49
1543 19 2 38
3090 19 2 29
6715 19 2 21
615 19 2 12
3167 19 2 3
70 19 3 87
2768 19 3 79
5756 19 3 70
666 19 3 63
4713 19 3 53
6485 19 3 45
356 19 3 36
5871 19 3 27
3224 19 3 19
3989 19 3 9
2280 19 3 2
6229 19 7 86
520 19 7 79
5225 19 7 70
6665 19 7 62
481 19 7 55
2380 19 7 41
486 19 7 32
5750 19 7 18
636 19 7 12
3165 19 7 3
5832 19 8 86
6382 19 8 78
2782 19 8 68
2506 19 8 60
2990 19 8 50
2086 19 8 43
2343 19 8 33
1092 19 8 23
4500 19 8 8
4585 19 9 86
6333 19 9 78
2043 19 9 68
5725 19 9 59
3622 19 9 50
4463 19 9 42
6578 19 9 33
6218 19 9 22
6513 19 9 11
1984 19 9 3
3569 19 10 85
2376 19 10 77
1237 19 10 69
2542 19 10 59
2767 19 10 50
2889 19 10 42
5671 19 10 33
5525 19 10 22
6435 19 10 11
550 19 10 3
861 19 12 85
1446 19 12 77
6529 19 12 68
3784 19 12 59
2357 19 12 50
1944 19 12 42
4959 19 12 33
3922 19 12 22
4830 19 12 11
366 19 12 3
6557 19 13 84
2262 19 13 76
27 19 13 68
3650 19 13 59
1594 19 13 50
180 19 13 42
4473 19 13 33
3792 19 13 22
4705 19 13 11
6755 19 13 2
3431 19 15 84
1940 19 15 76
6260 19 15 67
2395 19 15 58
2393 19 15 50
5049 19 15 41
250 19 15 32
2839 19 15 18
6540 19 15 11
5894 19 15 2
2360 19 16 83
5683 19 16 72
4316 19 16 62
58 19 16 55
5872 19 16 40
1058 19 16 31
4361 19 16 17
2038 19 16 9
2168 19 16 2
1854 19 17 83
5421 19 17 72
4244 19 17 62
5336 19 17 54
1736 19 17 41
4528 19 17 31
4353 19 17 17
5569 19 17 8
652 19 18 83
4897 19 18 72
3597 19 18 62
5061 19 18 54
1731 19 18 41
3643 19 18 31
2033 19 18 17
3372 19 18 8
6631 19 19 81
1730 19 19 71
6290 19 19 60
2414 19 19 50
2225 19 19 41
3428 19 19 31
534 19 19 17
5807 19 19 7
