2546
2627 0 0 98
3253 0 0 95
1309 0 0 92
4170 0 0 89
3880 0 0 86
792 0 0 83
4204 0 0 80
3160 0 0 76
3909 0 0 72
3908 0 0 69
1352 0 0 67
2001 0 0 63
1890 0 0 61
2261 0 0 58
913 0 0 55
979 0 0 52
1056 0 0 50
1837 0 0 46
797 0 0 44
1973 0 0 40
3424 0 0 37
2418 0 0 35
3887 0 0 32
4008 0 0 30
4228 0 0 28
2972 0 0 25
2786 0 0 22
2099 0 0 19
3900 0 0 16
1983 0 0 12
1804 0 0 9
1489 0 0 7
1575 0 0 5
2861 0 0 3
3759 0 0 1
2448 0 1 98
2754 0 1 95
2275 0 1 91
2561 0 1 88
2101 0 1 86
3739 0 1 82
4057 0 1 79
160 0 1 77
3893 0 1 73
701 0 1 69
4161 0 1 65
3375 0 1 63
1604 0 1 60
1431 0 1 58
3276 0 1 54
4107 0 1 49
4002 0 1 47
3018 0 1 45
2825 0 1 42
1336 0 1 39
2273 0 1 35
647 0 1 31
3380 0 1 28
985 0 1 24
3610 0 1 22
2381 0 1 18
558 0 1 15
1135 0 1 12
137 0 1 9
3796 0 1 6
799 0 1 4
246 0 1 2
2344 0 2 97
1669 0 2 94
2560 0 2 92
3946 0 2 89
1720 0 2 86
2008 0 2 82
2992 0 2 79
1130 0 2 76
1264 0 2 72
4054 0 2 68
3691 0 2 65
2431 0 2 62
708 0 2 60
813 0 2 56
731 0 2 53
3717 0 2 49
2551 0 2 47
184 0 2 45
2881 0 2 40
1814 0 2 36
3970 0 2 32
3583 0 2 29
1179 0 2 26
3132 0 2 24
1325 0 2 20
3075 0 2 18
2826 0 2 13
2866 0 2 9
4035 0 2 4
1716 0 2 1
2240 0 3 97
159 0 3 93
4019 0 3 90
2674 0 3 87
3860 0 3 83
2976 0 3 79
3602 0 3 75
4281 0 3 72
1906 0 3 68
479 0 3 65
2327 0 3 62
2687 0 3 59
3430 0 3 57
4072 0 3 54
3904 0 3 49
2750 0 3 46
3301 0 3 43
3956 0 3 39
1572 0 3 35
3866 0 3 30
3057 0 3 26
3944 0 3 22
3254 0 3 17
4154 0 3 14
2336 0 3 11
4004 0 3 8
3748 0 3 5
2895 0 3 2
1638 0 4 97
2237 0 4 92
3567 0 4 89
1052 0 4 84
2602 0 4 82
2896 0 4 79
4289 0 4 74
4070 0 4 71
4128 0 4 67
1858 0 4 62
4163 0 4 58
1748 0 4 54
3361 0 4 49
2648 0 4 46
116 0 4 43
3496 0 4 39
1317 0 4 35
2518 0 4 30
2004 0 4 26
1244 0 4 22
1158 0 4 17
2937 0 4 14
252 0 4 11
3319 0 4 8
4099 0 4 4
661 0 5 97
1205 0 5 92
1856 0 5 89
1020 0 5 84
4278 0 5 81
2671 0 5 79
3703 0 5 74
1193 0 5 71
4064 0 5 67
2531 0 5 61
4094 0 5 57
2669 0 5 53
2465 0 5 49
2555 0 5 45
2818 0 5 40
3321 0 5 35
2442 0 5 30
980 0 5 26
707 0 5 22
1146 0 5 17
1151 0 5 14
1354 0 5 10
3021 0 5 7
4185 0 5 4
3611 0 6 96
1315 0 6 94
3400 0 6 91
3841 0 6 87
2913 0 6 83
2292 0 6 79
381 0 6 74
151 0 6 70
2154 0 6 68
3622 0 6 64
3996 0 6 61
3465 0 6 57
1630 0 6 53
2815 0 6 48
3749 0 6 45
2127 0 6 40
1329 0 6 35
808 0 6 30
2562 0 6 25
3294 0 6 20
4218 0 6 16
847 0 6 11
3281 0 6 8
1033 0 6 4
1249 0 7 96
3801 0 7 93
201 0 7 90
686 0 7 87
1790 0 7 83
2871 0 7 78
3960 0 7 75
2043 0 7 71
567 0 7 67
2487 0 7 61
3068 0 7 57
532 0 7 53
1559 0 7 48
7 0 7 43
2502 0 7 39
724 0 7 34
3760 0 7 32
2022 0 7 29
4191 0 7 25
833 0 7 20
4084 0 7 16
748 0 7 11
1779 0 7 8
297 0 7 4
144 0 8 96
1378 0 8 93
4254 0 8 89
3167 0 8 83
2739 0 8 78
1169 0 8 75
1049 0 8 71
198 0 8 67
1416 0 8 61
1894 0 8 57
3592 0 8 52
2769 0 8 48
3655 0 8 42
2148 0 8 38
563 0 8 36
773 0 8 32
3629 0 8 28
940 0 8 24
1190 0 8 20
763 0 8 16
4042 0 8 10
92 0 8 6
2587 0 8 3
1372 0 9 95
1359 0 9 90
3388 0 9 86
1958 0 9 82
2732 0 9 79
3039 0 9 73
113 0 9 69
1800 0 9 65
1727 0 9 62
2689 0 9 58
453 0 9 54
2635 0 9 49
440 0 9 45
1302 0 9 38
2609 0 9 34
2037 0 9 31
2032 0 9 27
2905 0 9 25
2662 0 9 19
459 0 9 15
4227 0 9 11
2492 0 9 7
2081 0 9 4
94 0 10 95
642 0 10 90
3161 0 10 84
2249 0 10 81
377 0 10 78
4178 0 10 74
1891 0 10 69
1368 0 10 65
148 0 10 62
2607 0 10 58
3734 0 10 53
3348 0 10 47
1564 0 10 43
591 0 10 39
3428 0 10 33
2684 0 10 30
1964 0 10 25
663 0 10 19
3092 0 10 14
904 0 10 10
1797 0 10 5
236 0 10 1
1702 0 11 94
4144 0 11 90
529 0 11 84
1109 0 11 81
3032 0 11 77
3849 0 11 73
3495 0 11 68
2447 0 11 64
2167 0 11 61
1777 0 11 56
3413 0 11 52
2408 0 11 48
3648 0 11 42
3128 0 11 37
1966 0 11 35
3635 0 11 29
4033 0 11 25
618 0 11 19
2382 0 11 14
2137 0 11 9
2800 0 11 4
915 0 12 94
4063 0 12 90
488 0 12 84
4229 0 12 79
1399 0 12 73
3201 0 12 68
374 0 12 64
850 0 12 61
564 0 12 56
1760 0 12 52
1589 0 12 48
3578 0 12 42
3550 0 12 36
405 0 12 32
3766 0 12 27
749 0 12 25
2713 0 12 18
1705 0 12 13
1969 0 12 8
3774 0 12 3
4270 0 13 93
3721 0 13 88
2615 0 13 85
3205 0 13 82
4209 0 13 78
2823 0 13 74
507 0 13 69
1061 0 13 65
4331 0 13 61
4237 0 13 55
3456 0 13 51
784 0 13 49
221 0 13 45
777 0 13 37
4244 0 13 33
4017 0 13 29
753 0 13 25
2694 0 13 18
1371 0 13 13
856 0 13 8
3657 0 13 3
4076 0 14 93
3434 0 14 88
1312 0 14 85
1464 0 14 81
4265 0 14 76
3634 0 14 71
190 0 14 67
652 0 14 61
2717 0 14 55
3077 0 14 51
3345 0 14 48
2331 0 14 42
3289 0 14 36
3166 0 14 30
743 0 14 25
832 0 14 18
1174 0 14 13
3877 0 14 7
3553 0 14 2
3662 0 15 93
930 0 15 88
471 0 15 85
4121 0 15 80
1026 0 15 76
2604 0 15 71
158 0 15 67
3776 0 15 60
3803 0 15 55
762 0 15 51
3293 0 15 48
1823 0 15 42
2208 0 15 36
990 0 15 30
386 0 15 25
463 0 15 18
626 0 15 13
2412 0 15 7
2312 0 15 2
3517 0 16 93
81 0 16 88
1260 0 16 84
4021 0 16 79
4332 0 16 72
3874 0 16 67
3694 0 16 60
3600 0 16 55
4196 0 16 50
1307 0 16 46
3966 0 16 41
1905 0 16 39
2466 0 16 33
2589 0 16 29
1650 0 16 24
4300 0 16 19
4224 0 16 13
1108 0 16 7
370 0 16 2
3373 0 17 93
3 0 17 88
442 0 17 84
2304 0 17 79
3165 0 17 72
843 0 17 67
3359 0 17 60
2315 0 17 55
3462 0 17 50
3632 0 17 45
323 0 17 37
399 0 17 33
3502 0 17 28
922 0 17 24
4074 0 17 19
3895 0 17 13
3372 0 17 6
2112 0 17 3
2601 0 18 93
4087 0 18 87
3825 0 18 82
3690 0 18 78
2128 0 18 74
3554 0 18 68
3685 0 18 63
1339 0 18 60
1546 0 18 55
1984 0 18 50
1300 0 18 45
3272 0 18 36
3795 0 18 29
3170 0 18 23
2554 0 18 19
585 0 18 13
3085 0 18 6
982 0 18 3
2186 0 19 93
1657 0 19 87
3773 0 19 82
3420 0 19 78
588 0 19 74
2934 0 19 68
1558 0 19 63
1477 0 19 59
4059 0 19 56
1347 0 19 52
1268 0 19 48
212 0 19 42
437 0 19 36
3130 0 19 29
3123 0 19 23
1693 0 19 19
4336 0 19 12
892 0 19 8
1708 0 19 3
2115 2 1 93
2306 2 1 86
3212 2 1 81
3840 2 1 76
1792 2 1 71
3910 2 1 65
2534 2 1 61
2610 2 1 55
2617 2 1 49
3497 2 1 44
23 2 1 40
768 2 1 35
1229 2 1 29
2198 2 1 23
395 2 1 19
2728 2 1 12
547 2 1 8
1216 2 1 3
264 2 2 93
1538 2 2 86
2996 2 2 81
2933 2 2 76
181 2 2 71
1054 2 2 65
2488 2 2 61
2091 2 2 55
1440 2 2 49
3154 2 2 44
1255 2 2 39
2441 2 2 33
3364 2 2 27
443 2 2 25
3889 2 2 17
805 2 2 14
1511 2 2 9
2052 2 2 4
3670 2 3 92
2003 2 3 88
3836 2 3 83
2481 2 3 78
524 2 3 74
2700 2 3 68
4308 2 3 62
1927 2 3 58
3217 2 3 53
2424 2 3 47
426 2 3 43
3728 2 3 38
4188 2 3 33
2819 2 3 27
853 2 3 24
3733 2 3 19
1778 2 3 12
1083 2 3 7
3975 2 3 1
599 2 4 92
1771 2 4 88
3225 2 4 83
2142 2 4 78
3684 2 4 73
1700 2 4 68
2193 2 4 62
1654 2 4 58
2157 2 4 53
1956 2 4 47
3869 2 4 42
4175 2 4 35
3098 2 4 28
3596 2 4 23
274 2 4 19
4287 2 4 11
2281 2 4 7
3560 2 4 1
3735 2 5 91
2731 2 5 87
2596 2 5 82
1609 2 5 78
862 2 5 73
1299 2 5 68
783 2 5 62
4187 2 5 57
70 2 5 52
429 2 5 48
2213 2 5 41
4103 2 5 37
2961 2 5 31
4266 2 5 26
3726 2 5 21
3511 2 5 17
2753 2 5 13
4176 2 5 5
215 2 5 1
2021 2 6 91
3527 2 6 86
3779 2 6 80
4314 2 6 74
380 2 6 68
47 2 6 62
3239 2 6 57
19 2 6 52
416 2 6 48
4172 2 6 40
296 2 6 34
1281 2 6 31
2168 2 6 26
3311 2 6 21
3144 2 6 17
2443 2 6 13
4148 2 6 5
1936 2 8 91
3183 2 8 86
2907 2 8 80
4216 2 8 74
3572 2 8 67
2041 2 8 60
601 2 8 55
325 2 8 49
717 2 8 44
4238 2 8 38
828 2 8 33
1455 2 8 27
3095 2 8 23
2452 2 8 18
3248 2 8 12
901 2 8 7
1202 2 8 1
1660 2 9 91
3162 2 9 86
2879 2 9 80
1776 2 9 74
890 2 9 67
4046 2 9 59
1057 2 9 56
896 2 9 52
287 2 9 48
4169 2 9 40
4005 2 9 33
400 2 9 27
2532 2 9 23
3660 2 9 17
4271 2 9 12
290 2 9 7
2419 2 9 2
2712 2 10 90
469 2 10 84
1887 2 10 79
2579 2 10 72
464 2 10 67
3401 2 10 59
664 2 10 56
636 2 10 52
4296 2 10 47
3291 2 10 42
4133 2 10 35
2640 2 10 27
2309 2 10 23
3029 2 10 17
3846 2 10 12
209 2 10 7
1744 2 10 2
2262 2 11 90
4245 2 11 83
2029 2 11 78
35 2 11 73
1574 2 11 67
1853 2 11 59
369 2 11 56
4313 2 11 51
690 2 11 48
2725 2 11 39
2427 2 11 33
831 2 11 26
3159 2 11 21
3110 2 11 16
3233 2 11 10
2572 2 11 4
2056 2 12 90
4086 2 12 83
4012 2 12 77
2169 2 12 73
4235 2 12 66
2076 2 12 64
4315 2 12 60
1908 2 12 54
1907 2 12 49
3917 2 12 43
3416 2 12 38
3757 2 12 32
2446 2 12 27
4155 2 12 22
4143 2 12 16
3007 2 12 10
1082 2 12 4
3148 2 13 87
2048 2 13 82
3315 2 13 77
1961 2 13 73
3991 2 13 66
1194 2 13 63
63 2 13 59
3988 2 13 55
43 2 13 49
3881 2 13 43
3182 2 13 37
2028 2 13 31
1871 2 13 25
3712 2 13 17
3389 2 13 12
2940 2 13 6
607 2 13 2
2995 2 14 87
2880 2 14 81
1148 2 14 76
2656 2 14 70
1098 2 14 66
3324 2 14 62
3141 2 14 57
2067 2 14 51
2755 2 14 46
2796 2 14 41
4333 2 14 36
2805 2 14 29
2106 2 14 23
2920 2 14 17
2177 2 14 12
4328 2 14 5
914 2 15 87
1508 2 15 81
3794 2 15 75
2711 2 15 70
4130 2 15 65
1698 2 15 61
22 2 15 55
3707 2 15 48
2705 2 15 39
989 2 15 33
3190 2 15 25
3005 2 15 17
1042 2 15 12
4109 2 15 5
384 2 16 86
1671 2 16 80
1480 2 16 74
2490 2 16 66
3150 2 16 62
2033 2 16 57
615 2 16 51
1533 2 16 46
2366 2 16 41
1482 2 16 35
2192 2 16 27
196 2 16 22
2886 2 16 16
1644 2 16 10
2921 2 16 3
786 2 17 84
3933 2 17 78
4246 2 17 72
4310 2 17 66
643 2 17 62
1046 2 17 57
533 2 17 51
69 2 17 46
827 2 17 41
3678 2 17 33
800 2 17 25
129 2 17 17
3119 2 17 11
1569 2 17 7
4000 2 17 1
3945 2 18 83
2951 2 18 77
3811 2 18 72
2545 2 18 66
975 2 18 61
4202 2 18 54
3680 2 18 48
1540 2 18 39
3786 2 18 32
2216 2 18 27
4302 2 18 21
4127 2 18 15
3884 2 18 10
2761 2 18 3
522 2 19 80
999 2 19 74
1810 2 19 66
3505 2 19 60
1934 2 19 53
1500 2 19 47
2583 2 19 42
4015 2 19 35
1526 2 19 27
1426 2 19 21
4024 2 19 15
3467 2 19 9
1485 2 19 4
4316 3 6 75
2184 3 6 70
3624 3 6 65
4115 3 6 60
1747 3 6 53
551 3 6 47
413 3 6 42
3935 3 6 35
1333 3 6 27
3628 3 6 20
971 3 6 15
3003 3 6 9
1262 3 6 4
4184 3 8 75
1692 3 8 70
2789 3 8 65
2244 3 8 60
1392 3 8 53
4122 3 8 46
177 3 8 40
3938 3 8 33
255 3 8 25
77 3 8 17
2654 3 8 11
1554 3 8 7
3838 3 8 1
3959 3 9 75
1080 3 9 70
530 3 9 64
3087 3 9 60
3725 3 9 51
18 3 9 46
3636 3 9 39
2665 3 9 32
2000 3 9 27
2772 3 9 20
627 3 9 15
1851 3 9 9
3065 3 9 3
3948 3 10 73
3543 3 10 65
992 3 10 60
3582 3 10 51
3645 3 10 45
8 3 10 36
2229 3 10 29
1750 3 10 23
2876 3 10 17
2045 3 10 11
941 3 10 7
3033 3 10 1
1022 3 11 96
3525 3 11 92
4203 3 11 86
543 3 11 80
4239 3 11 73
3492 3 11 65
4192 3 11 59
3913 3 11 55
2715 3 11 48
3953 3 11 38
3250 3 11 31
538 3 11 25
4249 3 11 16
3476 3 11 9
2718 3 11 3
1528 3 12 95
3506 3 12 89
1663 3 12 83
2576 3 12 77
3378 3 12 72
2302 3 12 65
4051 3 12 59
2138 3 12 55
1667 3 12 48
128 3 12 38
2980 3 12 31
4305 3 12 24
3516 3 12 19
2314 3 12 11
4262 3 12 6
254 3 13 95
3209 3 13 89
1656 3 13 83
2010 3 13 77
3621 3 13 71
3983 3 13 64
4214 3 13 59
2564 3 13 54
1872 3 13 48
2690 3 13 37
135 3 13 31
3672 3 13 24
3485 3 13 19
746 3 13 11
4195 3 13 6
125 3 14 95
2414 3 14 89
1450 3 14 83
3498 3 14 76
4079 3 14 69
1188 3 14 64
4157 3 14 59
2120 3 14 54
1348 3 14 48
2520 3 14 36
2178 3 14 29
1304 3 14 22
2770 3 14 16
4269 3 14 8
2118 3 14 2
4060 3 15 94
2791 3 15 90
2888 3 15 83
3356 3 15 76
3247 3 15 69
572 3 15 64
3574 3 15 59
171 3 15 54
3494 3 15 47
150 3 15 42
3927 3 15 35
560 3 15 27
282 3 15 20
491 3 15 15
1361 3 15 8
1681 3 15 2
3392 3 16 94
2567 3 16 90
1758 3 16 83
2397 3 16 76
1965 3 16 69
3136 3 16 63
3171 3 16 58
499 3 16 53
1938 3 16 46
3158 3 16 39
2444 3 16 32
62 3 16 27
3537 3 16 19
624 3 16 11
3972 3 16 6
1620 3 17 94
2362 3 17 90
1167 3 17 83
219 3 17 76
497 3 17 69
678 3 17 63
2966 3 17 58
449 3 17 53
820 3 17 46
2393 3 17 39
1827 3 17 32
1266 3 17 26
3076 3 17 21
1427 3 17 15
1014 3 17 8
367 3 17 2
1154 3 18 94
2134 3 18 89
910 3 18 82
2778 3 18 77
2775 3 18 71
3047 3 18 64
3304 3 18 59
3696 3 18 53
4211 3 18 45
2007 3 18 35
100 3 18 27
2977 3 18 19
3977 3 18 10
1327 3 18 3
496 3 19 94
2070 3 19 89
837 3 19 82
2540 3 19 77
3146 3 19 70
354 3 19 64
2308 3 19 59
2978 3 19 53
2899 3 19 45
2160 3 19 34
4253 3 19 29
998 3 19 21
4193 3 19 14
438 3 19 9
3117 3 19 2
3955 4 1 93
858 4 1 86
3556 4 1 79
2539 4 1 72
1237 4 1 65
2166 4 1 59
2300 4 1 53
1603 4 1 45
644 4 1 34
2296 4 1 29
672 4 1 21
3665 4 1 14
16 4 1 9
2549 4 1 2
3223 4 3 93
639 4 3 86
3489 4 3 79
2510 4 3 72
1074 4 3 65
1228 4 3 59
1672 4 3 53
126 4 3 45
4171 4 3 31
3468 4 3 24
3174 4 3 19
1828 4 3 10
472 4 3 3
603 4 4 93
4111 4 4 85
4294 4 4 79
2352 4 4 72
919 4 4 65
2714 4 4 58
432 4 4 53
4223 4 4 44
4166 4 4 38
335 4 4 31
2988 4 4 24
2890 4 4 19
1425 4 4 10
1838 4 4 2
398 4 6 93
2405 4 6 85
3936 4 6 79
1503 4 6 72
153 4 6 65
2147 4 6 58
1 4 6 53
3202 4 6 44
3409 4 6 38
20 4 6 31
2508 4 6 24
2174 4 6 19
3163 4 6 9
596 4 6 2
362 4 8 93
1397 4 8 85
3381 4 8 79
1435 4 8 72
2655 4 8 64
1985 4 8 59
1556 4 8 53
2736 4 8 44
912 4 8 38
3902 4 8 30
2938 4 8 24
134 4 8 18
3164 4 8 12
4003 4 8 4
1499 5 1 92
4135 5 1 86
1421 5 1 79
579 5 1 72
796 5 1 64
3974 5 1 58
3973 5 1 52
3309 5 1 47
3812 5 1 41
3664 5 1 33
2810 5 1 24
2968 5 1 17
1155 5 1 11
3116 5 1 6
835 5 3 92
2624 5 3 86
744 5 3 79
2811 5 3 71
3008 5 3 64
2516 5 3 58
1621 5 3 52
3135 5 3 47
72 5 3 41
2974 5 3 33
891 5 3 24
2295 5 3 17
308 5 3 11
888 5 3 6
2026 5 4 90
582 5 4 82
2310 5 4 77
2265 5 4 70
3200 5 4 63
1634 5 4 58
457 5 4 52
2568 5 4 47
4116 5 4 40
389 5 4 33
4138 5 4 23
2657 5 4 17
2505 5 4 10
3916 5 4 1
1724 5 11 90
3532 5 11 81
3226 5 11 75
554 5 11 70
2285 5 11 63
1168 5 11 58
3063 5 11 51
1195 5 11 45
3968 5 11 31
2421 5 11 24
1910 5 11 17
1632 5 11 10
1769 5 11 1
121 5 13 90
3196 5 13 81
807 5 13 75
2914 5 13 69
2170 5 13 62
986 5 13 57
2726 5 13 50
393 5 13 45
3507 5 13 31
1534 5 13 24
1475 5 13 17
1276 5 13 10
1213 5 13 1
3784 5 15 89
4013 5 15 81
272 5 15 75
2340 5 15 69
366 5 15 62
680 5 15 57
1452 5 15 50
3376 5 15 44
383 5 15 38
2801 5 15 30
586 5 15 24
3469 5 15 16
4101 5 15 8
2358 5 15 1
1919 6 1 89
3126 6 1 81
3131 6 1 74
355 6 1 66
2854 6 1 60
2964 6 1 51
390 6 1 45
1859 6 1 31
372 6 1 24
3009 6 1 16
3480 6 1 8
1123 6 4 89
2189 6 4 81
2710 6 4 74
2843 6 4 65
1241 6 4 58
2956 6 4 51
360 6 4 45
2324 6 4 30
3769 6 4 23
2629 6 4 17
48 6 4 10
1116 6 4 1
119 6 6 89
1844 6 6 81
1428 6 6 74
1338 6 6 65
79 6 6 58
1924 6 6 51
3036 6 6 44
1161 6 6 37
4334 6 6 30
3454 6 6 23
1117 6 6 17
3604 6 6 9
4307 6 6 1
3778 6 8 88
2014 6 8 83
2751 6 8 75
2066 6 8 69
4231 6 8 61
3850 6 8 54
3215 6 8 47
4081 6 8 40
3417 6 8 32
1223 6 8 26
2578 6 8 21
2763 6 8 14
4156 6 8 8
2269 6 9 88
2838 6 9 82
359 6 9 77
1595 6 9 70
1066 6 9 63
754 6 9 58
1085 6 9 51
2145 6 9 44
513 6 9 36
1345 6 9 29
2782 6 9 20
268 6 9 15
3475 6 9 7
1075 6 11 88
1580 6 11 82
4120 6 11 76
4325 6 11 68
3699 6 11 61
2916 6 11 54
3125 6 11 47
2993 6 11 40
2599 6 11 32
2620 6 11 25
3864 6 11 16
3280 6 11 8
584 6 13 88
756 6 13 82
3767 6 13 76
3035 6 13 68
2727 6 13 61
2757 6 13 54
2392 6 13 47
2935 6 13 40
4236 6 13 31
2388 6 13 23
396 6 13 17
2793 6 13 9
3824 6 13 1
371 6 15 88
528 6 15 82
3649 6 15 76
698 6 15 68
476 6 15 61
2693 6 15 54
1960 6 15 47
1976 6 15 40
1741 6 15 31
2371 6 15 23
4323 6 15 16
1515 6 15 8
848 6 16 87
634 6 16 81
1318 6 16 74
838 6 16 65
2839 6 16 57
307 6 16 50
2915 6 16 44
2692 6 16 35
4199 6 16 26
2383 6 16 21
1939 6 16 14
3705 6 16 8
589 6 17 87
3398 6 17 80
3912 6 17 73
2733 6 17 65
1895 6 17 57
1857 6 17 49
3575 6 17 43
2902 6 17 37
3115 6 17 30
1113 6 17 23
4112 6 17 16
3406 6 17 7
226 6 18 87
2889 6 18 80
3630 6 18 73
2258 6 18 64
2486 6 18 58
3681 6 18 50
667 6 18 44
1001 6 18 35
2521 6 18 26
1355 6 18 21
3512 6 18 13
3989 6 18 5
220 6 19 86
2623 6 19 78
3835 6 19 72
340 6 19 64
1590 6 19 58
3442 6 19 50
186 6 19 44
333 6 19 35
2051 6 19 26
2841 6 19 20
3520 6 19 14
1794 6 19 8
1222 7 1 85
2294 7 1 79
1051 7 1 71
2683 7 1 64
261 7 1 58
1820 7 1 50
2971 7 1 43
2002 7 1 37
3017 7 1 30
3736 7 1 22
233 7 1 16
1201 7 1 7
1036 7 2 85
1340 7 2 79
771 7 2 71
595 7 2 64
3853 7 2 57
3859 7 2 48
1406 7 2 36
635 7 2 29
2511 7 2 20
454 7 2 14
3591 7 2 7
404 7 3 85
3845 7 3 78
1970 7 3 72
85 7 3 64
3640 7 3 57
3830 7 3 48
185 7 3 36
3265 7 3 28
2343 7 3 23
3754 7 3 16
3552 7 3 6
2458 7 4 84
3418 7 4 78
1870 7 4 72
2146 7 4 63
3856 7 4 57
3184 7 4 48
3355 7 4 35
1730 7 4 26
3627 7 4 19
2765 7 4 9
1576 7 4 1
2173 7 6 84
2361 7 6 78
109 7 6 72
1581 7 6 63
3271 7 6 57
2585 7 6 48
3337 7 6 35
56 7 6 26
1612 7 6 19
4165 7 6 8
3176 7 11 83
1931 7 11 75
277 7 11 69
3704 7 11 61
1030 7 11 54
909 7 11 47
1862 7 11 40
2892 7 11 30
3357 7 11 22
4045 7 11 15
1204 7 11 7
2071 7 13 83
1162 7 13 75
241 7 13 69
2744 7 13 61
905 7 13 54
732 7 13 47
4290 7 13 39
1429 7 13 31
1734 7 13 23
1867 7 13 16
2658 7 13 6
4139 7 15 82
2483 7 15 76
3540 7 15 67
1502 7 15 59
283 7 15 53
2114 7 15 44
2973 7 15 34
1611 7 15 29
2284 7 15 20
2923 7 15 13
1808 7 15 5
1525 7 16 81
1031 7 16 74
341 7 16 65
227 7 16 57
1757 7 16 48
3059 7 16 35
2286 7 16 25
4114 7 16 15
2135 7 16 6
259 7 17 80
3448 7 17 73
161 7 17 64
780 7 17 57
1549 7 17 48
2373 7 17 35
34 7 17 25
2998 7 17 15
1541 7 17 6
4326 7 18 79
361 7 18 71
4335 7 18 63
1013 7 18 57
1081 7 18 48
2289 7 18 35
4105 7 18 23
3765 7 18 15
3947 7 18 5
879 7 19 79
194 7 19 71
93 7 19 63
3963 7 19 56
4152 7 19 51
1003 7 19 44
590 7 19 34
684 7 19 29
2199 7 19 20
107 7 19 13
1379 7 19 5
1520 8 1 78
3526 8 1 71
2653 8 1 62
3391 8 1 56
2759 8 1 51
301 8 1 44
430 8 1 34
3932 8 1 28
683 8 1 23
1468 8 1 15
3701 8 1 5
473 8 2 70
441 8 2 63
2283 8 2 56
2255 8 2 51
4277 8 2 43
957 8 2 37
812 8 2 30
2776 8 2 22
3834 8 2 15
2498 8 2 5
3615 8 3 69
3282 8 3 60
2425 8 3 51
1695 8 3 43
4190 8 3 36
3231 8 3 28
313 8 3 23
1374 8 3 15
970 8 3 5
3011 8 4 66
2044 8 4 60
1316 8 4 51
1058 8 4 43
3261 8 4 36
2478 8 4 28
199 8 4 23
407 8 4 15
1065 8 4 4
1341 8 6 23
3885 8 6 14
3275 8 6 7
794 8 7 95
1296 8 7 89
1186 8 7 81
1011 8 7 74
3746 8 7 64
4028 8 7 56
1809 8 7 51
2277 8 7 42
3429 8 7 35
4259 8 7 22
2965 8 7 15
375 8 7 4
581 8 8 95
475 8 8 89
641 8 8 81
3813 8 8 73
1149 8 8 63
798 8 8 56
1552 8 8 51
28 8 8 42
1914 8 8 35
3151 8 8 21
2649 8 8 13
1163 8 8 5
59 8 9 95
4183 8 9 88
298 8 9 82
1078 8 9 76
3510 8 9 67
1434 8 9 59
214 8 9 53
1366 8 9 43
3619 8 9 35
1959 8 9 21
2391 8 9 13
3025 8 9 4
3842 8 11 94
1833 8 11 89
4040 8 11 80
2771 8 11 73
866 8 11 63
2767 8 11 55
1507 8 11 48
17 8 11 35
265 8 11 21
1635 8 11 13
1206 8 11 4
2456 8 13 94
1277 8 13 89
1618 8 13 80
2632 8 13 72
1962 8 13 62
3658 8 13 55
616 8 13 48
2927 8 13 34
2745 8 13 28
3370 8 13 22
1522 8 13 15
2637 8 13 3
1364 9 4 94
810 9 4 89
676 9 4 80
1150 9 4 72
1076 9 4 62
3523 9 4 55
2870 9 4 47
1183 9 4 39
1240 9 4 31
1627 9 4 23
3411 9 4 14
2376 9 4 7
3951 9 6 93
1101 9 6 85
3086 9 6 78
3326 9 6 71
2612 9 6 62
3439 9 6 55
1601 9 6 47
519 9 6 39
140 9 6 31
447 9 6 23
2152 9 6 14
2227 9 6 7
1729 9 7 93
42 9 7 85
961 9 7 78
2898 9 7 71
3432 9 7 61
4085 9 7 53
2633 9 7 42
4 9 7 35
1803 9 7 20
610 9 7 12
37 9 7 4
2865 9 8 92
2360 9 8 86
1342 9 8 78
2752 9 8 71
1275 9 8 61
3168 9 8 53
2133 9 8 42
3408 9 8 34
2385 9 8 28
2172 9 8 22
3343 9 8 14
2013 9 8 7
4119 9 9 91
2852 9 9 86
2333 9 9 77
1387 9 9 70
4053 9 9 62
2533 9 9 55
767 9 9 47
4037 9 9 38
2586 9 9 30
1252 9 9 22
2716 9 9 14
3568 9 9 6
3241 9 11 91
2023 9 11 86
2046 9 11 77
575 9 11 70
3828 9 11 62
637 9 11 55
4242 9 11 46
4073 9 11 38
936 9 11 30
561 9 11 22
1788 9 11 14
2187 9 11 6
2384 9 13 91
1951 9 13 86
1121 9 13 77
311 9 13 70
3590 9 13 62
3921 9 13 54
720 9 13 47
2853 9 13 38
691 9 13 30
536 9 13 22
1176 9 13 14
1746 9 13 6
2246 9 14 91
1021 9 14 86
1071 9 14 77
3616 9 14 69
1731 9 14 60
903 9 14 50
1487 9 14 43
3249 9 14 35
1226 9 14 20
3924 9 14 11
1923 9 14 5
849 9 15 91
648 9 15 86
600 9 15 77
3318 9 15 69
1685 9 15 60
2513 9 15 49
1015 9 15 43
2851 9 15 35
143 9 15 20
3923 9 15 11
1764 9 15 5
4006 9 16 90
2814 9 16 81
3603 9 16 73
659 9 16 62
3423 9 16 54
3730 9 16 46
2493 9 16 38
1763 9 16 29
1278 9 16 20
3069 9 16 11
1097 9 16 5
2874 9 17 90
3839 9 17 80
733 9 17 72
279 9 17 62
3286 9 17 54
933 9 17 46
2420 9 17 38
3741 9 17 28
2469 9 17 21
1285 9 17 13
353 9 17 4
1677 9 18 90
3236 9 18 80
4330 9 18 71
176 9 18 61
2079 9 18 53
1717 9 18 42
2206 9 18 34
346 9 18 28
2250 9 18 21
1523 9 18 12
4293 9 18 3
525 9 19 90
24 9 19 80
4240 9 19 71
4124 9 19 60
2828 9 19 48
2668 9 19 34
3804 9 19 27
2764 9 19 19
2618 9 19 8
3189 10 0 89
3783 10 0 79
2766 10 0 70
3531 10 0 62
2672 10 0 54
3984 10 0 45
4257 10 0 29
3831 10 0 19
1373 10 0 8
1215 10 1 89
3668 10 1 79
1789 10 1 70
1845 10 1 62
1398 10 1 54
2413 10 1 45
3328 10 1 29
2359 10 1 19
2025 10 1 7
2019 10 2 88
4177 10 2 81
2088 10 2 73
620 10 2 61
1279 10 2 53
1422 10 2 42
1181 10 2 34
3192 10 2 27
2581 10 2 19
1235 10 2 7
605 10 3 86
1977 10 3 76
3242 10 3 67
465 10 3 59
4134 10 3 52
1561 10 3 47
1854 10 3 38
3243 10 3 28
3586 10 3 20
2813 10 3 11
3155 10 3 4
2849 10 4 85
216 10 4 78
2276 10 4 71
3074 10 4 60
2337 10 4 48
1251 10 4 34
1849 10 4 27
2390 10 4 19
3613 10 4 6
3934 10 11 84
1207 10 11 78
1691 10 11 71
1393 10 11 60
2247 10 11 48
2394 10 11 33
3941 10 11 23
864 10 11 14
402 10 11 6
3653 11 0 84
988 11 0 78
633 11 0 71
694 11 0 60
1743 11 0 48
3772 11 0 32
875 11 0 25
2355 11 0 15
204 11 0 2
895 11 1 84
467 11 1 78
4032 11 1 70
1248 11 1 62
587 11 1 54
96 11 1 44
3722 11 1 33
2891 11 1 23
523 11 1 14
3363 11 1 5
2827 11 2 83
477 11 2 75
2595 11 2 68
182 11 2 61
1178 11 2 53
112 11 2 42
809 11 2 34
4322 11 2 26
87 11 2 19
123 11 2 6
2885 11 3 82
1812 11 3 75
1793 11 3 67
273 11 3 59
3257 11 3 52
4126 11 3 46
1869 11 3 38
1143 11 3 28
2429 11 3 20
2682 11 3 11
3019 11 3 4
3451 11 4 80
3599 11 4 71
45 11 4 60
2428 11 4 47
705 11 4 38
949 11 4 28
2351 11 4 20
2267 11 4 11
2943 11 4 4
1297 11 5 80
3461 11 5 71
4206 11 5 59
1461 11 5 52
4036 11 5 46
1826 11 5 38
14 11 5 28
2837 11 5 19
3500 11 5 5
3264 11 6 79
1133 11 6 70
566 11 6 62
1510 11 6 53
2503 11 6 41
2970 11 6 33
2290 11 6 23
3194 11 6 13
3108 11 6 3
2686 11 7 77
2582 11 7 69
1824 11 7 59
937 11 7 52
3026 11 7 46
1739 11 7 38
4025 11 7 27
2202 11 7 19
2622 11 7 5
1512 11 8 77
2094 11 8 69
3980 11 8 58
569 11 8 50
4221 11 8 42
13 11 8 34
3120 11 8 26
73 11 8 19
2614 11 8 5
1459 11 9 76
2824 11 9 67
3949 11 9 58
565 11 9 50
3573 11 9 42
3129 11 9 33
1648 11 9 23
1535 11 9 13
2904 11 9 3
1050 11 10 76
3587 11 10 66
222 11 10 60
942 11 10 47
2855 11 10 37
2721 11 10 29
4091 11 10 18
3490 11 10 11
202 11 10 4
3471 11 11 75
2676 11 11 66
2514 11 11 59
775 11 11 52
3299 11 11 45
36 11 11 29
556 11 11 18
2280 11 11 11
4312 11 11 3
1214 11 13 74
2090 11 13 64
2962 11 13 56
1209 11 13 51
3493 11 13 41
2364 11 13 33
2507 11 13 22
4200 11 13 13
2797 11 13 3
1401 11 15 73
3768 11 15 60
1785 11 15 46
602 11 15 38
2325 11 15 27
2191 11 15 19
1219 11 15 5
1953 11 16 72
3181 11 16 61
917 11 16 53
1258 11 16 41
2299 11 16 33
2495 11 16 22
3191 11 16 13
445 11 16 3
2697 11 18 95
3867 11 18 88
2411 11 18 81
2036 11 18 73
3674 11 18 60
1203 11 18 46
593 11 18 38
2953 11 18 26
1504 11 18 18
2136 11 18 11
3140 11 18 3
1474 12 13 95
1119 12 13 88
1798 12 13 81
935 12 13 73
1273 12 13 60
1171 12 13 46
3431 12 13 37
4280 12 13 28
2926 12 13 18
2086 12 13 11
1045 12 13 3
2519 12 15 94
3211 12 15 88
2983 12 15 80
3137 12 15 71
1696 12 15 58
2661 12 15 49
4233 12 15 42
1553 12 15 33
1306 12 15 22
3012 12 15 13
4260 12 15 2
1321 12 16 94
500 12 16 88
1360 12 16 80
3022 12 16 71
539 12 16 58
2526 12 16 49
3566 12 16 42
1274 12 16 33
819 12 16 22
2588 12 16 13
373 12 16 2
3894 12 18 93
3986 12 18 84
2524 12 18 77
1781 12 18 69
3738 12 18 58
1131 12 18 49
2600 12 18 42
97 12 18 33
725 12 18 22
2200 12 18 13
2833 12 18 1
723 13 0 93
2628 13 0 84
1909 13 0 77
1305 13 0 69
2860 13 0 58
242 13 0 49
2124 13 0 42
1683 13 0 32
623 13 0 25
790 13 0 15
2798 13 0 1
2395 13 1 92
962 13 1 86
830 13 1 76
3259 13 1 66
2266 13 1 59
758 13 1 52
3114 13 1 45
2085 13 1 28
321 13 1 18
1166 13 1 11
1518 13 1 2
2356 13 2 92
145 13 2 86
685 13 2 76
2182 13 2 66
2947 13 2 58
4027 13 2 48
1860 13 2 32
1124 13 2 24
2702 13 2 16
2605 13 2 6
1866 13 3 92
60 13 3 86
487 13 3 76
1873 13 3 66
3686 13 3 57
286 13 3 48
1701 13 3 32
260 13 3 24
1658 13 3 16
2159 13 3 6
1346 13 4 92
3557 13 4 85
3535 13 4 77
195 13 4 69
4164 13 4 57
1570 13 4 47
1784 13 4 37
3729 13 4 28
4279 13 4 17
2756 13 4 9
1238 13 4 1
101 13 5 92
2319 13 5 84
1670 13 5 77
4023 13 5 68
3597 13 5 60
993 13 5 46
2072 13 5 37
3607 13 5 28
4268 13 5 17
1084 13 5 9
923 13 5 1
4182 13 6 91
387 13 6 86
1694 13 6 75
3290 13 6 65
3930 13 6 56
2537 13 6 50
2342 13 6 42
65 13 6 32
4044 13 6 23
1415 13 6 13
2696 13 6 1
3285 13 7 91
206 13 7 86
4050 13 7 73
3814 13 7 59
3870 13 7 51
1967 13 7 41
1813 13 7 33
4263 13 7 21
3023 13 7 11
825 13 7 1
2095 13 8 91
3483 13 8 85
2758 13 8 77
38 13 8 68
2580 13 8 60
736 13 8 45
574 13 8 26
1367 13 8 18
1157 13 8 11
824 13 8 1
3818 13 9 90
2737 13 9 79
1023 13 9 70
331 13 9 62
61 13 9 53
3452 13 9 40
1948 13 9 30
3342 13 9 20
1106 13 9 11
801 13 9 1
3807 13 10 90
2074 13 10 79
844 13 10 70
46 13 10 62
3555 13 10 52
2415 13 10 45
3882 13 10 25
576 13 10 15
873 13 10 1
1832 13 11 90
577 13 11 79
2559 13 11 69
1852 13 11 57
1447 13 11 47
10 13 11 37
1929 13 11 28
2869 13 11 17
4043 13 11 8
1819 13 13 90
2570 13 13 77
3762 13 13 67
2379 13 13 58
2057 13 13 48
4319 13 13 27
1086 13 13 19
108 13 13 5
1639 13 15 90
1896 13 15 77
4162 13 15 66
3562 13 15 57
1115 13 15 47
3277 13 15 36
1479 13 15 28
1688 13 15 17
3246 13 15 8
3857 13 16 89
2401 13 16 79
704 13 16 69
592 13 16 57
75 13 16 47
1287 13 16 34
2470 13 16 26
1308 13 16 18
3245 13 16 10
870 13 16 1
1094 13 18 89
1492 13 18 79
3347 13 18 68
1954 13 18 60
674 13 18 45
2482 13 18 25
51 13 18 15
542 13 18 1
3715 13 19 88
695 13 19 80
2884 13 19 71
319 13 19 58
821 13 19 48
1633 13 19 27
4303 13 19 18
1987 13 19 10
688 13 19 1
3676 14 0 88
1218 14 0 79
816 14 0 68
1868 14 0 60
709 14 0 44
3695 14 0 33
4217 14 0 21
1019 14 0 11
670 14 0 1
2703 14 13 88
947 14 13 79
3756 14 13 67
1886 14 13 58
3060 14 13 47
4222 14 13 32
2402 14 13 23
632 14 13 13
2467 14 13 1
860 14 16 88
278 14 16 79
1843 14 16 67
1850 14 16 58
877 14 16 47
1606 14 16 32
2963 14 16 22
1563 14 16 13
2377 14 16 1
3028 14 18 87
1555 14 18 80
612 14 18 71
4311 14 18 57
3929 14 18 46
492 14 18 37
1659 14 18 28
1138 14 18 17
3407 14 18 7
2875 14 19 87
857 14 19 80
3541 14 19 70
3931 14 19 61
232 14 19 53
3206 14 19 40
4288 14 19 29
2762 14 19 17
3354 14 19 7
1537 15 0 87
397 15 0 80
1901 15 0 70
1395 15 0 60
1573 15 0 43
2651 15 0 35
4329 15 0 18
742 15 0 10
880 15 0 1
544 15 2 87
1912 15 2 79
1687 15 2 67
422 15 2 57
3875 15 2 45
168 15 2 25
3950 15 2 14
696 15 2 5
3385 15 3 86
3402 15 3 73
3752 15 3 59
3470 15 3 51
977 15 3 41
1513 15 3 33
2787 15 3 21
614 15 3 11
345 15 3 1
1521 15 4 86
2850 15 4 73
4010 15 4 58
2082 15 4 46
483 15 4 37
2706 15 4 27
3331 15 4 18
312 15 4 10
3362 15 5 85
1132 15 5 77
1946 15 5 66
1102 15 5 57
2460 15 5 45
606 15 5 21
4241 15 5 10
2432 15 6 85
1126 15 6 77
2544 15 6 65
3720 15 6 56
1311 15 6 50
785 15 6 42
3078 15 6 30
2274 15 6 20
963 15 6 11
343 15 6 1
2204 15 7 85
3504 15 7 76
3750 15 7 65
2305 15 7 56
934 15 7 50
702 15 7 42
1516 15 7 29
2625 15 7 17
3270 15 7 7
578 15 8 85
3010 15 8 76
2353 15 8 65
2035 15 8 56
878 15 8 50
218 15 8 42
2454 15 8 28
745 15 8 17
1063 15 8 7
4104 15 9 84
318 15 9 77
2479 15 9 65
2006 15 9 56
795 15 9 50
4090 15 9 41
328 15 9 33
1473 15 9 20
414 15 9 11
82 15 9 1
3113 15 10 84
3559 15 10 76
3898 15 10 64
1265 15 10 56
3806 15 10 49
908 15 10 42
2784 15 10 27
1584 15 10 18
3584 15 10 9
2450 15 11 84
2238 15 11 76
1846 15 11 64
956 15 11 56
2254 15 11 49
553 15 11 42
1770 15 11 27
1196 15 11 18
3549 15 11 9
1834 15 13 84
2123 15 13 76
1382 15 13 64
945 15 13 56
1159 15 13 49
3719 15 13 41
4038 15 13 32
2831 15 13 22
3447 15 13 12
4041 15 13 3
258 15 16 84
2059 15 16 76
3444 15 16 62
1016 15 16 52
1381 15 16 45
948 15 16 20
2012 15 16 10
2606 16 0 83
3460 16 0 74
882 16 0 64
3958 16 0 55
859 16 0 46
4212 16 0 36
169 16 0 28
489 16 0 17
515 16 0 7
1686 16 2 83
719 16 2 74
4097 16 2 63
3868 16 2 54
3521 16 2 43
1301 16 2 35
285 16 2 18
3138 16 2 9
1624 16 3 83
3943 16 3 72
1369 16 3 61
187 16 3 53
2322 16 3 40
3926 16 3 29
1495 16 3 17
787 16 3 6
1403 16 13 83
3858 16 13 72
4132 16 13 60
1506 16 13 43
534 16 13 35
4077 16 13 17
613 16 13 6
770 16 14 83
136 16 14 72
4131 16 14 60
2664 16 14 41
3079 16 14 32
2844 16 14 21
3618 16 14 8
417 16 16 83
1830 16 16 71
3969 16 16 57
2108 16 16 45
656 16 16 16
1496 16 16 6
1390 16 17 82
1350 16 17 75
2031 16 17 65
1153 16 17 56
420 16 17 49
3396 16 17 41
2548 16 17 32
900 16 17 20
1472 16 17 10
679 16 18 82
2723 16 18 74
4018 16 18 63
2575 16 18 54
3453 16 18 43
244 16 18 35
2994 16 18 17
299 16 18 6
4273 16 19 81
3384 16 19 72
1742 16 19 60
806 16 19 41
2164 16 19 32
2380 16 19 19
1439 16 19 3
3422 17 0 81
1878 17 0 72
653 17 0 60
170 17 0 41
1060 17 0 32
1631 17 0 19
3800 17 0 1
1704 17 2 81
1156 17 2 72
4160 17 2 59
2795 17 2 51
149 17 2 41
4261 17 2 31
2652 17 2 22
2984 17 2 12
2932 17 2 3
2558 17 3 80
436 17 3 70
1380 17 3 60
3052 17 3 40
4159 17 3 28
1607 17 3 16
2967 17 3 5
2597 17 5 79
2298 17 5 66
660 17 5 57
1531 17 5 45
1689 17 5 11
4075 17 6 78
3263 17 6 69
4080 17 6 56
3708 17 6 48
1799 17 6 26
2660 17 6 17
3040 17 6 5
1331 17 7 76
2207 17 7 62
3792 17 7 50
3999 17 7 41
2991 17 7 31
1591 17 7 22
2829 17 7 12
2233 17 7 3
485 17 8 75
3995 17 8 64
2423 17 8 55
30 17 8 46
3851 17 8 36
3682 17 8 27
3386 17 8 17
2681 17 8 5
1519 17 9 73
2741 17 9 58
2952 17 9 45
3666 17 9 33
1402 17 9 20
179 17 9 10
4151 17 10 72
2903 17 10 59
1456 17 10 51
3614 17 10 40
3287 17 10 28
938 17 10 16
991 17 10 5
3514 17 11 72
305 17 11 59
3332 17 11 50
3056 17 11 41
4058 17 11 30
740 17 11 20
3617 17 11 9
1408 17 13 66
120 17 13 57
365 17 13 44
1722 17 13 33
3349 17 13 19
841 17 13 1
3015 17 14 60
1592 17 14 29
2982 17 14 16
245 17 14 5
597 17 16 92
2129 17 16 84
1721 17 16 76
2188 17 16 62
2236 17 16 50
703 17 16 41
4034 17 16 30
357 17 16 20
3594 17 16 9
4150 17 17 91
3229 17 17 85
2565 17 17 76
2842 17 17 61
3463 17 17 52
456 17 17 45
1542 17 17 33
3491 17 17 17
4295 17 17 3
1414 17 18 91
2451 17 18 85
2387 17 18 76
425 17 18 61
1025 17 18 52
3571 17 18 44
897 17 18 33
1699 17 18 17
2453 17 18 3
818 17 19 91
1453 17 19 85
2102 17 19 76
2809 17 19 60
1284 17 19 26
2248 17 19 17
512 17 19 3
452 18 0 91
495 18 0 85
224 18 0 76
1610 18 0 59
2433 18 0 50
4306 18 0 40
2117 18 0 28
2311 18 0 13
1319 18 0 1
401 18 2 91
3438 18 2 84
580 18 2 76
3486 18 2 58
9 18 2 45
4201 18 2 32
1587 18 2 19
15 18 2 1
4208 18 3 90
1801 18 3 77
2156 18 3 65
444 18 3 56
2109 18 3 48
1613 18 3 24
1600 18 3 16
2928 18 3 4
2802 18 5 90
2060 18 5 76
4141 18 5 57
594 18 5 42
1069 18 5 27
504 18 5 17
727 18 5 2
1578 18 6 90
1043 18 6 76
2931 18 6 53
4014 18 6 39
106 18 6 31
2820 18 6 21
4327 18 6 7
228 19 0 90
67 19 0 76
3651 19 0 50
3149 19 0 40
439 19 0 28
2111 19 0 13
304 19 0 1
4189 19 2 89
1298 19 2 79
2139 19 2 66
3798 19 2 56
3942 19 2 47
555 19 2 32
4047 19 2 18
3134 19 2 9
4179 19 3 89
964 19 3 79
2151 19 3 65
2528 19 3 55
4220 19 3 45
987 19 3 32
3111 19 3 18
1673 19 3 9
2659 19 5 89
243 19 5 79
3742 19 5 64
4301 19 5 54
735 19 5 43
1432 19 5 34
2334 19 5 26
1041 19 5 17
546 19 5 2
1111 19 6 89
3727 19 6 78
1560 19 6 69
3971 19 6 56
339 19 6 47
958 19 6 31
1676 19 6 21
3714 19 6 7
3892 19 8 88
157 19 8 79
1497 19 8 64
1944 19 8 54
2332 19 8 42
944 19 8 27
342 19 8 17
1261 19 8 1
3888 19 9 88
4318 19 9 78
4250 19 9 68
1018 19 9 60
1594 19 9 21
2779 19 9 7
3692 19 10 88
3644 19 10 78
3288 19 10 67
4029 19 10 56
225 19 10 47
3542 19 10 30
2701 19 10 19
451 19 10 9
2857 19 11 88
2435 19 11 78
2234 19 11 67
2224 19 11 55
3013 19 11 45
4264 19 11 31
1437 19 11 21
4007 19 11 6
1134 19 12 88
1514 19 12 78
1990 19 12 67
755 19 12 55
1543 19 12 45
1356 19 12 31
1417 19 12 21
1210 19 12 6
1539 19 13 87
1875 19 13 78
1446 19 13 67
2149 19 13 52
2936 19 13 44
2834 19 13 30
2557 19 13 19
231 19 13 9
3528 19 14 86
1783 19 14 73
1710 19 14 58
3050 19 14 44
2543 19 14 30
2195 19 14 19
3314 19 14 8
2550 19 15 86
699 19 15 73
2097 19 15 57
2638 19 15 41
3661 19 15 30
2183 19 15 19
2646 19 15 8
1662 19 16 86
4243 19 16 72
217 19 16 59
2338 19 16 50
4069 19 16 38
3709 19 16 25
2749 19 16 14
284 19 16 5
1579 19 17 86
1524 19 17 72
3564 19 17 58
2794 19 17 44
3330 19 17 28
1791 19 17 13
1562 19 17 3
826 19 18 86
1404 19 18 72
3175 19 18 58
2293 19 18 44
516 19 18 28
1626 19 18 10
253 19 19 86
3268 19 19 71
4020 19 19 56
4083 19 19 46
2438 19 19 36
3366 19 19 27
1410 19 19 16
1876 19 19 4
