2608
3576 0 0 99
1505 0 0 97
1077 0 0 95
3270 0 0 93
5202 0 0 89
2281 0 0 86
4506 0 0 83
374 0 0 80
3208 0 0 78
2857 0 0 76
3522 0 0 73
3948 0 0 70
3469 0 0 68
4608 0 0 66
4109 0 0 63
1548 0 0 61
2859 0 0 58
2383 0 0 56
1777 0 0 54
1017 0 0 52
2549 0 0 49
4609 0 0 46
1893 0 0 43
607 0 0 41
4245 0 0 39
1577 0 0 35
5404 0 0 32
3140 0 0 28
3606 0 0 25
528 0 0 23
3495 0 0 20
4479 0 0 16
4670 0 0 12
3310 0 0 9
3998 0 0 5
3489 0 0 2
3438 0 1 98
5410 0 1 95
3218 0 1 92
2973 0 1 90
4304 0 1 86
3132 0 1 83
4458 0 1 79
936 0 1 76
3405 0 1 73
2858 0 1 70
2124 0 1 67
4595 0 1 64
1974 0 1 61
4682 0 1 57
708 0 1 54
3695 0 1 50
711 0 1 48
4964 0 1 46
4637 0 1 42
4868 0 1 40
3412 0 1 38
5157 0 1 35
2497 0 1 32
1302 0 1 28
4524 0 1 24
442 0 1 21
2719 0 1 19
4246 0 1 16
2555 0 1 11
4597 0 1 8
3483 0 1 5
1902 0 1 2
2162 0 2 98
405 0 2 95
5059 0 2 91
2409 0 2 88
5021 0 2 84
2534 0 2 81
3660 0 2 78
5324 0 2 75
454 0 2 72
3265 0 2 68
4181 0 2 65
2989 0 2 62
1915 0 2 58
3652 0 2 55
4635 0 2 53
2042 0 2 49
2517 0 2 46
4619 0 2 42
3649 0 2 40
4535 0 2 37
1676 0 2 34
2137 0 2 31
921 0 2 29
1477 0 2 26
3776 0 2 24
2394 0 2 20
1674 0 2 16
1430 0 2 11
1221 0 2 8
1786 0 2 5
2655 0 2 1
556 0 3 97
4758 0 3 94
4830 0 3 90
3921 0 3 86
972 0 3 83
4415 0 3 79
742 0 3 76
2869 0 3 72
2732 0 3 67
2913 0 3 64
4820 0 3 60
1029 0 3 58
343 0 3 55
901 0 3 53
1762 0 3 49
1264 0 3 45
1819 0 3 43
4031 0 3 40
4084 0 3 37
2489 0 3 33
2852 0 3 30
4484 0 3 27
661 0 3 24
1753 0 3 20
245 0 3 16
2664 0 3 10
4875 0 3 7
3951 0 3 4
2433 0 3 2
5041 0 4 96
5360 0 4 93
2087 0 4 89
525 0 4 86
805 0 4 83
1132 0 4 79
3360 0 4 75
5018 0 4 71
5318 0 4 67
4253 0 4 63
3658 0 4 60
2463 0 4 57
4849 0 4 53
744 0 4 49
4152 0 4 43
2358 0 4 40
4407 0 4 36
1651 0 4 34
85 0 4 31
4723 0 4 28
3642 0 4 24
1065 0 4 20
4739 0 4 15
3958 0 4 13
4293 0 4 11
2991 0 4 7
3473 0 4 4
5271 0 4 1
1285 0 5 96
1535 0 5 93
1662 0 5 89
5373 0 5 84
1094 0 5 81
3165 0 5 78
5029 0 5 75
3269 0 5 71
2959 0 5 67
691 0 5 63
5200 0 5 59
4086 0 5 56
3820 0 5 52
1069 0 5 49
823 0 5 43
5353 0 5 39
1545 0 5 35
4125 0 5 31
4435 0 5 28
2131 0 5 24
5354 0 5 19
2319 0 5 16
1879 0 5 10
1361 0 5 6
3694 0 5 4
1154 0 5 1
1271 0 6 95
4562 0 6 91
3482 0 6 87
1977 0 6 84
636 0 6 80
3467 0 6 76
2806 0 6 72
1950 0 6 67
314 0 6 63
2526 0 6 59
3410 0 6 56
3809 0 6 52
3432 0 6 48
4341 0 6 44
4406 0 6 41
4469 0 6 36
4738 0 6 32
5266 0 6 26
2584 0 6 23
664 0 6 20
2657 0 6 15
323 0 6 11
90 0 6 7
2334 0 6 4
4910 0 6 1
69 0 7 95
5003 0 7 90
70 0 7 86
4785 0 7 82
3562 0 7 79
5337 0 7 74
2804 0 7 71
2888 0 7 67
274 0 7 63
735 0 7 59
2510 0 7 56
824 0 7 52
2381 0 7 47
2499 0 7 44
2345 0 7 40
2635 0 7 36
4598 0 7 32
1576 0 7 26
1179 0 7 23
2648 0 7 19
5073 0 7 15
5394 0 7 10
831 0 7 6
5243 0 7 1
2873 0 8 94
2231 0 8 90
5248 0 8 85
2101 0 8 81
3255 0 8 77
4314 0 8 74
1988 0 8 71
1381 0 8 67
3247 0 8 62
4472 0 8 57
3988 0 8 53
5310 0 8 48
2364 0 8 44
5411 0 8 39
383 0 8 34
3989 0 8 30
408 0 8 27
83 0 8 24
4308 0 8 19
4373 0 8 15
4508 0 8 10
4639 0 8 5
1926 0 8 1
2812 0 9 94
158 0 9 90
5074 0 9 85
1040 0 9 81
1325 0 9 77
2082 0 9 74
1449 0 9 71
5008 0 9 66
5220 0 9 62
3446 0 9 57
2533 0 9 53
3893 0 9 48
4499 0 9 43
4829 0 9 39
5239 0 9 33
1936 0 9 30
3632 0 9 26
203 0 9 23
1932 0 9 19
2144 0 9 15
3586 0 9 10
4257 0 9 5
3688 0 9 1
2196 0 10 94
1031 0 10 89
3387 0 10 84
2073 0 10 79
3911 0 10 74
1847 0 10 70
2110 0 10 66
2592 0 10 62
3028 0 10 57
3498 0 10 52
4983 0 10 46
4057 0 10 42
1464 0 10 39
3397 0 10 33
5051 0 10 29
4784 0 10 25
2013 0 10 22
3199 0 10 18
5010 0 10 15
2942 0 10 10
4096 0 10 5
1717 0 11 94
365 0 11 89
2511 0 11 84
1831 0 11 79
2680 0 11 74
3644 0 11 69
5317 0 11 66
1889 0 11 62
2765 0 11 57
801 0 11 52
4496 0 11 46
2766 0 11 42
302 0 11 39
697 0 11 33
4465 0 11 29
1897 0 11 25
5071 0 11 21
2531 0 11 19
1603 0 11 15
491 0 11 10
3252 0 11 5
595 0 12 94
147 0 12 89
295 0 12 84
1334 0 12 79
2632 0 12 74
5287 0 12 68
1752 0 12 65
2879 0 12 62
2207 0 12 57
287 0 12 52
3146 0 12 46
2757 0 12 42
5257 0 12 38
1274 0 12 35
3401 0 12 31
4009 0 12 27
4958 0 12 22
2033 0 12 18
4102 0 12 15
4339 0 12 9
3435 0 12 5
189 0 13 94
5402 0 13 88
3008 0 13 84
4933 0 13 78
675 0 13 75
2587 0 13 71
4581 0 13 66
3260 0 13 61
4113 0 13 57
5246 0 13 50
5368 0 13 46
2200 0 13 42
1188 0 13 38
2332 0 13 34
1976 0 13 30
699 0 13 26
3334 0 13 22
1881 0 13 18
4960 0 13 14
2979 0 13 11
3443 0 13 6
2821 0 13 1
5122 0 14 93
813 0 14 89
4312 0 14 83
984 0 14 79
1705 0 14 74
1625 0 14 68
337 0 14 65
4768 0 14 61
3093 0 14 57
4719 0 14 50
4036 0 14 46
1953 0 14 42
4776 0 14 37
2001 0 14 33
179 0 14 29
4948 0 14 24
1945 0 14 19
5179 0 14 14
602 0 14 9
3305 0 14 5
4947 0 15 93
673 0 15 89
3155 0 15 83
4567 0 15 78
5057 0 15 74
447 0 15 68
4838 0 15 64
3833 0 15 60
1935 0 15 57
4564 0 15 50
2106 0 15 46
4914 0 15 41
2416 0 15 36
2863 0 15 32
866 0 15 26
3283 0 15 22
3373 0 15 17
4997 0 15 15
2758 0 15 9
2215 0 15 5
4556 0 16 93
4889 0 16 88
2055 0 16 84
3875 0 16 78
4560 0 16 73
1657 0 16 70
1023 0 16 66
3886 0 16 60
4844 0 16 55
4762 0 16 52
2304 0 16 46
3693 0 16 41
1896 0 16 36
3977 0 16 31
3923 0 16 27
3793 0 16 22
2884 0 16 17
350 0 16 13
3974 0 16 9
4790 0 16 4
2833 0 17 93
4183 0 17 88
868 0 17 84
1873 0 17 78
3529 0 17 73
706 0 17 70
347 0 17 66
3419 0 17 60
377 0 17 55
2453 0 17 52
1229 0 17 46
3282 0 17 41
790 0 17 36
3287 0 17 31
2134 0 17 27
2269 0 17 22
1968 0 17 17
4855 0 17 12
4162 0 17 8
4552 0 17 4
2104 0 18 93
4041 0 18 88
56 0 18 84
1131 0 18 78
231 0 18 73
4014 0 18 69
1332 0 18 66
3217 0 18 60
86 0 18 55
4570 0 18 51
1694 0 18 49
496 0 18 43
3763 0 18 39
676 0 18 33
5221 0 18 28
1880 0 18 24
5376 0 18 18
2427 0 18 14
5017 0 18 8
3706 0 18 4
2030 0 19 93
4037 0 19 88
4502 0 19 83
3777 0 19 78
4839 0 19 72
1482 0 19 67
4537 0 19 61
5272 0 19 56
317 0 19 52
2890 0 19 45
3343 0 19 42
4100 0 19 37
14 0 19 33
4638 0 19 28
2449 0 19 23
3950 0 19 18
2538 0 19 13
4783 0 19 8
2309 0 19 4
1961 2 1 93
3960 2 1 88
3678 2 1 83
3515 2 1 78
4804 2 1 72
1168 2 1 67
3331 2 1 61
4721 2 1 56
5111 2 1 51
2709 2 1 48
754 2 1 43
2713 2 1 39
665 2 1 33
4553 2 1 28
2417 2 1 23
3814 2 1 18
1661 2 1 13
3089 2 1 8
989 2 1 4
511 2 2 93
3453 2 2 88
1596 2 2 83
3363 2 2 78
3583 2 2 72
649 2 2 67
3300 2 2 61
4190 2 2 56
4294 2 2 51
139 2 2 48
4511 2 2 42
2767 2 2 37
3928 2 2 32
803 2 2 26
3621 2 2 21
370 2 2 18
255 2 2 13
2537 2 2 8
588 2 2 4
19 2 6 93
3142 2 6 88
1343 2 6 83
2217 2 6 78
4436 2 6 71
3307 2 6 66
3166 2 6 60
4242 2 6 54
3420 2 6 50
882 2 6 46
2906 2 6 41
598 2 6 36
2548 2 6 31
5061 2 6 26
2558 2 6 21
1167 2 6 17
1377 2 6 12
3722 2 6 8
4600 2 6 3
3881 2 7 92
3444 2 7 89
2594 2 7 83
1252 2 7 78
4019 2 7 71
2276 2 7 66
771 2 7 60
4075 2 7 54
2692 2 7 50
4708 2 7 45
2666 2 7 42
987 2 7 37
3440 2 7 32
4823 2 7 25
5034 2 7 21
5378 2 7 16
4217 2 7 9
1329 2 7 4
3743 2 8 92
3275 2 8 89
2470 2 8 83
848 2 8 78
3602 2 8 71
1495 2 8 66
4853 2 8 59
1780 2 8 56
1114 2 8 51
4274 2 8 47
4686 2 8 43
4932 2 8 37
3318 2 8 32
4655 2 8 25
4945 2 8 20
686 2 8 15
1027 2 8 9
2039 2 8 3
1669 2 11 92
4866 2 11 88
1070 2 11 83
406 2 11 78
2506 2 11 71
1044 2 11 65
4447 2 11 61
3627 2 11 56
4601 2 11 50
3638 2 11 45
2567 2 11 41
470 2 11 36
4668 2 11 30
663 2 11 26
1930 2 11 21
4730 2 11 16
4132 2 11 9
834 2 11 3
816 2 12 92
3298 2 12 88
4979 2 12 82
2403 2 12 79
1141 2 12 74
5420 2 12 67
1958 2 12 61
844 2 12 56
1357 2 12 50
5294 2 12 44
5148 2 12 39
250 2 12 33
4141 2 12 28
2032 2 12 23
3618 2 12 18
4649 2 12 12
2404 2 12 8
3717 2 12 3
64 2 13 92
2887 2 13 88
3582 2 13 82
5382 2 13 78
1920 2 13 71
348 2 13 65
3162 2 13 61
3906 2 13 55
1867 2 13 51
3344 2 13 47
3278 2 13 43
5280 2 13 36
3985 2 13 30
4770 2 13 25
4756 2 13 20
4694 2 13 14
1594 2 13 8
4498 2 13 2
46 2 14 92
236 2 14 88
2090 2 14 82
4348 2 14 78
1289 2 14 71
63 2 14 65
4430 2 14 60
960 2 14 54
832 2 14 49
263 2 14 43
4266 2 14 36
2346 2 14 30
4067 2 14 25
2360 2 14 20
3797 2 14 14
4799 2 14 7
1135 2 14 4
1987 2 16 91
2400 2 16 87
1877 2 16 84
4203 2 16 77
2645 2 16 73
3856 2 16 69
5205 2 16 65
3775 2 16 60
4621 2 16 53
1317 2 16 48
3091 2 16 42
3970 2 16 36
2193 2 16 30
3976 2 16 25
3561 2 16 19
3914 2 16 14
4301 2 16 7
5084 2 16 3
518 2 17 91
4522 2 17 86
3661 2 17 82
1900 2 17 77
1991 2 17 73
3380 2 17 69
3656 2 17 65
5009 2 17 59
4244 2 17 55
3391 2 17 50
2079 2 17 44
1083 2 17 39
5399 2 17 32
3468 2 17 25
2842 2 17 19
3545 2 17 14
2340 2 17 7
1852 2 17 3
42 2 18 91
3604 2 18 86
2908 2 18 82
1308 2 18 77
4264 2 18 72
379 2 18 67
1041 2 18 60
4248 2 18 53
1227 2 18 48
2556 2 18 42
3852 2 18 36
1944 2 18 30
3843 2 18 25
1804 2 18 19
2790 2 18 14
947 2 18 6
2053 2 18 1
571 2 19 90
3801 2 19 85
1037 2 19 81
907 2 19 77
3213 2 19 72
3615 2 19 66
4213 2 19 59
1591 2 19 55
2525 2 19 49
4676 2 19 42
5300 2 19 35
2941 2 19 31
2813 2 19 26
1891 2 19 21
3195 2 19 16
3020 2 19 9
101 2 19 3
4757 3 2 89
1251 3 2 83
3758 3 2 77
2974 3 2 72
2399 3 2 66
4089 3 2 59
1242 3 2 55
1898 3 2 49
4657 3 2 42
3828 3 2 35
1748 3 2 31
2514 3 2 26
306 3 2 21
1954 3 2 16
2292 3 2 9
4950 3 2 2
4495 3 4 89
840 3 4 83
2475 3 4 77
1885 3 4 72
1064 3 4 66
3726 3 4 59
4882 3 4 54
79 3 4 49
3593 3 4 42
552 3 4 35
3488 3 4 30
721 3 4 25
1696 3 4 19
2279 3 4 14
388 3 4 6
1673 3 4 1
4163 3 8 89
4441 3 8 82
1169 3 8 77
1416 3 8 72
2994 3 8 65
2175 3 8 59
1568 3 8 54
3805 3 8 48
4654 3 8 41
5281 3 8 35
1736 3 8 30
4054 3 8 24
5356 3 8 18
3595 3 8 12
1687 3 8 8
2980 3 8 2
5395 3 11 85
397 3 11 81
770 3 11 77
1466 3 11 71
4669 3 11 64
3831 3 11 60
2305 3 11 53
3795 3 11 47
2214 3 11 43
1825 3 11 36
2102 3 11 29
4216 3 11 24
3918 3 11 18
3223 3 11 12
2891 3 11 7
5159 3 11 2
3675 3 12 85
4189 3 12 80
1884 3 12 76
2572 3 12 72
1697 3 12 65
940 3 12 59
5231 3 12 53
2751 3 12 47
633 3 12 43
252 3 12 36
619 3 12 29
3945 3 12 24
3716 3 12 18
1824 3 12 12
1764 3 12 7
4464 3 12 2
603 3 14 85
1781 3 14 80
1385 3 14 76
4944 3 14 71
4538 3 14 64
2686 3 14 60
1788 3 14 53
2714 3 14 47
3292 3 14 42
4747 3 14 34
1832 3 14 30
2064 3 14 24
2407 3 14 18
516 3 14 12
1557 3 14 7
3040 3 14 2
3095 3 16 84
4045 3 16 77
29 3 16 71
3367 3 16 64
2588 3 16 60
1740 3 16 53
1111 3 16 47
2748 3 16 42
3337 3 16 34
1284 3 16 30
1609 3 16 24
1754 3 16 18
162 3 16 12
1292 3 16 7
501 3 16 2
837 3 18 84
3844 3 18 77
5237 3 18 70
5125 3 18 65
4993 3 18 58
126 3 18 55
129 3 18 49
2952 3 18 42
2639 3 18 34
535 3 18 29
3403 3 18 24
4021 3 18 17
4707 3 18 11
3017 3 18 6
1050 3 18 1
1611 3 19 83
5066 3 19 76
4771 3 19 71
2749 3 19 64
2342 3 19 60
703 3 19 53
5238 3 19 46
1578 3 19 41
3724 3 19 35
1438 3 19 30
195 3 19 24
4309 3 19 16
1020 3 19 9
4835 3 19 2
3179 4 0 82
4209 4 0 76
1910 4 0 71
650 4 0 64
1273 4 0 60
5230 4 0 52
2052 4 0 45
2152 4 0 40
305 4 0 36
612 4 0 29
1774 4 0 24
2385 4 0 16
860 4 0 9
4115 4 0 2
4850 4 1 81
621 4 1 77
3172 4 1 70
4871 4 1 65
4305 4 1 58
4261 4 1 54
4926 4 1 47
478 4 1 42
870 4 1 34
5212 4 1 28
1943 4 1 23
3267 4 1 18
2949 4 1 11
1155 4 1 6
2025 4 2 81
4714 4 2 76
1446 4 2 71
3284 4 2 63
9 4 2 59
5035 4 2 53
5005 4 2 46
1339 4 2 41
3197 4 2 35
743 4 2 30
5131 4 2 23
2619 4 2 17
3485 4 2 11
1139 4 2 6
4643 4 4 80
450 4 4 76
5096 4 4 70
2575 4 4 65
4206 4 4 58
3567 4 4 54
4692 4 4 47
4590 4 4 41
3039 4 4 35
451 4 4 30
4539 4 4 23
1204 4 4 17
5414 4 4 10
2438 4 4 5
3557 4 6 80
1010 4 6 75
635 4 6 71
2174 4 6 63
3908 4 6 58
3115 4 6 54
3493 4 6 47
2469 4 6 41
2728 4 6 35
5422 4 6 28
215 4 6 23
963 4 6 17
4788 4 6 10
1767 4 6 5
3328 4 8 80
3447 4 8 74
1747 4 8 67
4924 4 8 59
233 4 8 53
4315 4 8 46
11 4 8 41
5341 4 8 34
4604 4 8 28
3849 4 8 22
2563 4 8 16
220 4 8 9
3177 4 8 2
1106 4 9 79
3836 4 9 73
2300 4 9 69
2097 4 9 65
2233 4 9 58
2311 4 9 54
3441 4 9 47
1703 4 9 41
4440 4 9 34
3929 4 9 28
3552 4 9 22
1860 4 9 16
4837 4 9 8
2966 4 9 2
5036 4 11 77
2065 4 11 70
1628 4 11 65
2076 4 11 58
1198 4 11 54
2855 4 11 47
704 4 11 41
4133 4 11 34
3150 4 11 28
1865 4 11 22
978 4 11 16
3227 4 11 8
1333 4 11 2
1871 4 16 72
1664 4 16 65
437 4 16 58
5153 4 16 53
1458 4 16 46
4022 4 16 40
2753 4 16 35
872 4 16 28
5340 4 16 21
1213 4 16 16
2683 4 16 8
325 4 16 2
2982 4 18 66
1589 4 18 59
4076 4 18 52
812 4 18 45
5328 4 18 39
2289 4 18 32
3035 4 18 25
398 4 18 19
2035 4 18 14
3667 4 18 5
1864 5 0 65
5121 5 0 57
4460 5 0 50
2037 5 0 44
4691 5 0 38
1411 5 0 34
2493 5 0 28
4748 5 0 21
3818 5 0 15
998 5 0 9
2690 5 0 2
3859 5 2 97
3474 5 2 94
4884 5 2 88
1042 5 2 82
3668 5 2 76
3342 5 2 70
1249 5 2 65
4976 5 2 57
4175 5 2 50
1629 5 2 44
3822 5 2 38
1296 5 2 34
2432 5 2 28
1791 5 2 21
2084 5 2 15
5397 5 2 8
4290 5 2 1
2479 5 4 97
4025 5 4 93
2754 5 4 88
587 5 4 82
3499 5 4 76
2916 5 4 70
4573 5 4 64
733 5 4 60
5085 5 4 52
634 5 4 45
4491 5 4 39
1238 5 4 32
1407 5 4 25
5407 5 4 18
1575 5 4 11
4087 5 4 5
1917 5 6 97
3184 5 6 93
838 5 6 88
103 5 6 82
1290 5 6 76
2552 5 6 70
4064 5 6 64
2518 5 6 59
800 5 6 52
5312 5 6 44
3071 5 6 38
3603 5 6 33
561 5 6 28
1468 5 6 21
1989 5 6 15
5028 5 6 8
4278 5 6 1
4463 5 11 96
5256 5 11 92
2125 5 11 87
4119 5 11 83
4941 5 11 76
2411 5 11 70
3082 5 11 64
1923 5 11 59
5390 5 11 51
1372 5 11 47
1115 5 11 40
1093 5 11 35
73 5 11 28
5011 5 11 20
2437 5 11 14
604 5 11 5
2412 5 12 96
260 5 12 92
1863 5 12 87
3325 5 12 83
4178 5 12 76
1895 5 12 70
2189 5 12 64
1550 5 12 59
5228 5 12 51
1261 5 12 47
4277 5 12 39
638 5 12 32
1307 5 12 25
5244 5 12 18
1572 5 12 11
4004 5 12 5
2161 5 13 96
2524 5 13 91
5374 5 13 85
1737 5 13 80
3308 5 13 74
626 5 13 67
4292 5 13 59
4815 5 13 51
2856 5 13 46
970 5 13 40
993 5 13 35
50 5 13 28
4819 5 13 20
362 5 13 14
380 5 13 5
243 6 0 96
1241 6 0 91
5338 6 0 85
1530 6 0 80
2612 6 0 74
5418 6 0 66
1507 6 0 59
3442 6 0 51
1270 6 0 46
580 6 0 40
17 6 0 35
3458 6 0 27
1978 6 0 22
221 6 0 16
825 6 0 8
1899 6 0 1
116 6 2 96
154 6 2 91
4013 6 2 85
395 6 2 80
161 6 2 74
4860 6 2 66
272 6 2 59
1244 6 2 51
393 6 2 46
5224 6 2 39
3526 6 2 31
4157 6 2 25
4509 6 2 18
1124 6 2 11
3992 6 2 5
5417 6 4 95
4949 6 4 90
2216 6 4 85
5232 6 4 79
2129 6 4 73
2278 6 4 69
1171 6 4 65
3838 6 4 57
3752 6 4 50
1558 6 4 44
1742 6 4 38
1739 6 4 33
4642 6 4 27
1432 6 4 22
2815 6 4 15
1746 6 4 8
3163 6 4 1
5358 6 6 95
5355 6 6 89
4393 6 6 82
170 6 6 76
346 6 6 70
1587 6 6 64
4228 6 6 58
2886 6 6 53
1253 6 6 46
4267 6 6 39
1176 6 6 31
2520 6 6 25
3534 6 6 18
3980 6 6 10
786 6 6 5
5023 6 7 95
4530 6 7 89
4272 6 7 82
4171 6 7 75
443 6 7 71
1143 6 7 63
5322 6 7 57
3626 6 7 50
506 6 7 44
359 6 7 38
1734 6 7 33
2951 6 7 27
4665 6 7 21
1882 6 7 15
4103 6 7 7
2969 6 7 1
4693 6 9 95
4470 6 9 89
4007 6 9 82
2462 6 9 75
3623 6 9 70
4474 6 9 63
3962 6 9 57
3619 6 9 50
3256 6 9 43
5067 6 9 35
2326 6 9 27
3212 6 9 21
853 6 9 15
3767 6 9 7
2816 6 9 1
4390 6 11 95
2293 6 11 89
2948 6 11 82
2439 6 11 75
3043 6 11 70
2348 6 11 63
3741 6 11 57
3539 6 11 50
1592 6 11 43
4002 6 11 35
2187 6 11 27
1164 6 11 21
5151 6 11 14
133 6 11 5
992 6 16 95
1517 6 16 89
2898 6 16 82
1814 6 16 75
2613 6 16 70
1730 6 16 63
3735 6 16 57
3234 6 16 50
495 6 16 43
2920 6 16 35
1626 6 16 27
524 6 16 21
2977 6 16 14
4688 6 16 4
4521 6 17 94
3214 6 17 88
4746 6 17 81
4620 6 17 76
238 6 17 70
1599 6 17 63
2600 6 17 57
2027 6 17 50
309 6 17 43
2522 6 17 35
357 6 17 27
389 6 17 21
734 6 17 14
4035 6 17 4
2968 6 18 94
2824 6 18 88
4745 6 18 81
4442 6 18 76
4443 6 18 69
492 6 18 65
3703 6 18 57
1627 6 18 50
5401 6 18 42
4107 6 18 33
1316 6 18 27
4661 6 18 20
251 6 18 14
435 6 18 4
1340 6 19 94
1782 6 19 88
4684 6 19 81
4254 6 19 76
3031 6 19 69
2922 6 19 64
3415 6 19 58
1486 6 19 53
559 6 19 46
3049 6 19 39
760 6 19 31
2157 6 19 25
3134 6 19 18
2582 6 19 10
5197 6 19 4
5090 7 0 93
5278 7 0 87
1645 7 0 83
3429 7 0 76
1624 7 0 69
1959 7 0 64
1724 7 0 58
1417 7 0 53
4831 7 0 45
3359 7 0 39
5319 7 0 30
688 7 0 23
4736 7 0 16
2507 7 0 7
1942 7 0 1
4652 7 4 93
3203 7 4 87
5053 7 4 82
995 7 4 75
4772 7 4 69
1803 7 4 64
1630 7 4 58
5162 7 4 52
540 7 4 44
318 7 4 38
1349 7 4 33
4323 7 4 26
3288 7 4 20
3975 7 4 13
1497 7 4 8
3226 8 0 93
2743 8 0 87
4732 8 0 82
445 8 0 75
4051 8 0 69
517 8 0 64
1585 8 0 58
4428 8 0 52
3494 8 0 43
522 8 0 35
18 8 0 27
4520 8 0 20
3326 8 0 13
3949 8 0 7
333 8 4 93
1126 8 4 87
3647 8 4 82
198 8 4 75
2687 8 4 69
5130 8 4 63
5366 8 4 56
962 8 4 50
2006 8 4 42
4047 8 4 33
3565 8 4 26
1607 8 4 20
61 8 4 13
2392 8 4 7
156 8 5 92
1091 8 5 87
3144 8 5 82
4123 8 5 74
3650 8 5 66
264 8 5 59
3202 8 5 50
438 8 5 42
3884 8 5 33
3484 8 5 26
4814 8 5 19
1691 8 5 14
2115 8 5 3
4366 8 6 91
3659 8 6 85
4774 8 6 79
1612 8 6 73
2154 8 6 69
4536 8 6 63
3935 8 6 56
5068 8 6 49
2885 8 6 42
1549 8 6 33
2933 8 6 26
2048 8 6 19
275 8 6 14
549 8 6 2
4298 8 7 91
3451 8 7 85
4717 8 7 79
5408 8 7 72
1640 8 7 65
3157 8 7 57
725 8 7 50
5345 8 7 41
2598 8 7 34
781 8 7 28
4445 8 7 20
4846 8 7 12
1191 8 7 7
2939 8 12 91
1231 8 12 85
942 8 12 79
4681 8 12 72
1454 8 12 65
1966 8 12 57
594 8 12 50
5146 8 12 41
2516 8 12 34
281 8 12 28
627 8 12 20
4766 8 12 12
5045 8 12 6
1826 8 13 91
677 8 13 85
4068 8 13 78
783 8 13 71
890 8 13 63
2797 8 13 56
3937 8 13 49
5367 8 13 41
1265 8 13 34
136 8 13 28
355 8 13 20
3648 8 13 12
954 8 13 6
773 8 14 91
4916 8 14 84
3835 8 14 77
1068 8 14 70
1960 8 14 62
1810 8 14 57
119 8 14 50
2335 8 14 41
5112 8 14 33
2868 8 14 26
1820 8 14 19
5273 8 14 13
1994 8 14 7
160 8 15 91
3953 8 15 84
3345 8 15 77
4355 8 15 69
4488 8 15 63
768 8 15 56
3472 8 15 49
4450 8 15 41
4680 8 15 33
2644 8 15 26
1421 8 15 19
4862 8 15 13
1887 8 15 7
2681 8 16 90
1276 8 16 85
3670 8 16 78
538 8 16 71
880 8 16 63
4999 8 16 55
3096 8 16 48
1714 8 16 41
145 8 16 33
2532 8 16 26
1038 8 16 19
1641 8 16 13
4961 8 16 6
2641 8 17 90
3306 8 17 84
2421 8 17 77
4300 8 17 69
3912 8 17 63
4985 8 17 55
2773 8 17 48
3940 8 17 40
4558 8 17 34
4140 8 17 27
3376 8 17 20
2296 8 17 12
411 8 17 6
2398 8 18 90
1947 8 18 84
1511 8 18 77
3715 8 18 69
3237 8 18 63
3216 8 18 55
2720 8 18 48
3810 8 18 40
2976 8 18 34
3788 8 18 27
3324 8 18 20
2188 8 18 12
4265 8 18 5
2171 8 19 90
1283 8 19 84
1498 8 19 77
3374 8 19 69
1360 8 19 63
1840 8 19 55
4881 8 19 47
4146 8 19 39
4247 8 19 30
366 8 19 23
4695 8 19 16
2481 8 19 7
2226 9 0 89
2846 9 0 82
3682 9 0 74
2295 9 0 66
256 9 0 59
678 9 0 50
1383 9 0 41
3947 9 0 32
2960 9 0 24
1868 9 0 16
4077 9 0 6
1809 9 2 89
780 9 2 82
3476 9 2 74
2089 9 2 66
4865 9 2 58
3014 9 2 52
3081 9 2 43
4544 9 2 34
3194 9 2 27
2249 9 2 20
1088 9 2 12
2762 9 2 5
218 9 3 89
692 9 3 82
3228 9 3 74
1846 9 3 66
3261 9 3 58
2878 9 3 52
5211 9 3 42
1019 9 3 33
177 9 3 26
797 9 3 19
4112 9 3 12
2599 9 3 5
547 9 4 88
3590 9 4 81
3329 9 4 76
5108 9 4 68
2630 9 4 64
1286 9 4 58
4225 9 4 51
2151 9 4 45
5124 9 4 38
4135 9 4 32
2337 9 4 24
88 9 4 16
3392 9 4 6
5120 9 5 87
2551 9 5 82
1911 9 5 74
1460 9 5 66
2640 9 5 58
2774 9 5 51
2022 9 5 45
4056 9 5 38
1908 9 5 32
3114 9 5 23
2738 9 5 16
1635 9 5 6
4929 9 6 87
1783 9 6 82
680 9 6 74
3181 9 6 65
1246 9 6 57
5186 9 6 49
2747 9 6 41
3850 9 6 32
3000 9 6 23
186 9 6 16
5225 9 6 5
3774 9 9 87
5014 9 9 81
1622 9 9 76
2478 9 9 68
2595 9 9 64
1012 9 9 58
1713 9 9 51
809 9 9 45
2434 9 9 38
1013 9 9 32
2604 9 9 23
3943 9 9 15
3290 9 9 7
2622 9 11 87
3107 9 11 81
467 9 11 76
1404 9 11 68
1940 9 11 64
955 9 11 58
4529 9 11 50
919 9 11 41
3746 9 11 32
1995 9 11 23
3083 9 11 15
3222 9 11 7
2325 9 12 87
2498 9 12 81
429 9 12 76
1293 9 12 68
1665 9 12 64
4448 9 12 57
4859 9 12 49
308 9 12 41
2095 9 12 32
1435 9 12 23
1918 9 12 14
4497 9 12 1
2116 9 13 87
1797 9 13 81
113 9 13 76
4970 9 13 67
5288 9 13 58
3991 9 13 50
5350 9 13 40
2909 9 13 34
2867 9 13 27
2158 9 13 20
5209 9 13 11
3800 9 13 5
1413 9 14 87
180 9 14 81
4803 9 14 75
2236 9 14 69
5265 9 14 62
1291 9 14 57
4715 9 14 49
193 9 14 41
4284 9 14 31
1986 9 14 25
1617 9 14 18
1842 9 14 10
3137 9 14 4
1365 9 15 87
4650 9 15 80
5323 9 15 73
696 9 15 69
5006 9 15 62
500 9 15 57
3910 9 15 49
4596 9 15 40
2147 9 15 34
2649 9 15 27
1266 9 15 20
5168 9 15 11
943 9 15 5
1080 9 16 87
2056 9 16 80
5119 9 16 73
151 9 16 69
4015 9 16 62
5081 9 16 56
2911 9 16 49
3009 9 16 40
1376 9 16 34
2569 9 16 27
903 9 16 20
2730 9 16 11
5234 9 16 4
4743 9 17 86
2405 9 17 82
2733 9 17 73
5193 9 17 68
512 9 17 64
3880 9 17 57
2338 9 17 49
2961 9 17 40
1226 9 17 34
2179 9 17 27
181 9 17 20
1445 9 17 11
4879 9 17 4
3756 9 18 86
1659 9 18 82
1906 9 18 73
4526 9 18 68
5024 9 18 63
5260 9 18 54
2446 9 18 47
4042 9 18 39
3687 9 18 30
240 9 18 23
709 9 18 14
2477 9 18 6
2881 9 19 86
5178 9 19 81
1483 9 19 75
1225 9 19 69
3803 9 19 62
3189 9 19 56
2450 9 19 49
2473 9 19 40
541 9 19 34
681 9 19 27
3011 9 19 19
3789 9 19 12
3005 9 19 4
1580 10 0 86
4574 10 0 81
1386 10 0 75
865 10 0 69
2739 10 0 62
242 10 0 56
5182 10 0 48
3229 10 0 40
5133 10 0 33
4249 10 0 25
1354 10 0 18
1175 10 0 10
2658 10 0 4
3653 10 1 85
3577 10 1 78
4534 10 1 70
1130 10 1 62
5169 10 1 55
4411 10 1 47
3874 10 1 39
3666 10 1 30
5173 10 1 22
226 10 1 15
3164 10 1 7
3262 10 2 85
2799 10 2 78
2919 10 2 70
4674 10 2 61
3571 10 2 55
3944 10 2 47
15 10 2 39
3406 10 2 30
4634 10 2 22
4857 10 2 14
1201 10 2 6
3125 10 3 85
1890 10 3 78
2142 10 3 70
3641 10 3 61
3044 10 3 55
3829 10 3 47
2837 10 3 38
1149 10 3 31
3057 10 3 24
5235 10 3 15
2253 10 3 7
948 10 6 85
3070 10 6 77
2579 10 6 69
652 10 6 62
4398 10 6 55
2121 10 6 47
2653 10 6 38
115 10 6 31
1856 10 6 24
5025 10 6 15
105 10 6 7
546 10 9 85
2194 10 9 77
2159 10 9 69
599 10 9 62
3160 10 9 55
5145 10 9 46
2997 10 9 39
3110 10 9 30
4409 10 9 22
1351 10 9 14
1035 10 9 6
2775 11 4 84
472 11 4 77
1985 11 4 69
372 11 4 62
5349 11 4 54
1101 11 4 47
1099 11 4 38
4461 11 4 30
2983 11 4 22
127 11 4 14
5259 11 4 5
1002 11 6 84
410 11 6 77
763 11 6 69
4528 11 6 61
939 11 6 55
4060 11 6 46
1203 11 6 39
1523 11 6 30
1184 11 6 22
16 11 6 14
5156 11 6 5
815 11 7 84
175 11 7 77
4364 11 7 68
4375 11 7 63
4505 11 7 54
4703 11 7 46
772 11 7 39
906 11 7 30
239 11 7 22
5332 11 7 12
2071 11 7 4
1844 11 9 83
3357 11 9 76
4840 11 9 67
4998 11 9 58
3897 11 9 50
3566 11 9 40
4673 11 9 33
4000 11 9 25
4512 11 9 17
3479 11 9 10
1522 11 9 4
1437 11 10 83
2560 11 10 76
2782 11 10 67
3010 11 10 58
2243 11 10 50
3541 11 10 40
2492 11 10 33
2393 11 10 25
3006 11 10 17
3353 11 10 10
4888 11 10 3
4344 11 11 82
563 11 11 73
4379 11 11 68
2490 11 11 63
4283 11 11 54
1979 11 11 46
257 11 11 39
4166 11 11 29
1177 11 11 24
2701 11 11 15
4963 11 11 6
2844 11 12 82
4900 11 12 72
131 11 12 65
687 11 12 57
1137 11 12 49
2320 11 12 40
5412 11 12 32
5391 11 12 22
5118 11 12 12
1018 11 12 4
2331 11 15 82
2182 11 15 72
1875 11 15 64
2270 11 15 57
5001 11 15 48
2724 11 15 40
2975 11 15 32
3568 11 15 22
4335 11 15 12
4915 11 15 3
3535 11 17 80
5062 11 17 73
3905 11 17 68
2010 11 17 63
2927 11 17 54
1374 11 17 46
5069 11 17 38
3257 11 17 30
5406 11 17 21
3934 11 17 13
4114 11 17 5
3651 11 18 79
1701 11 18 72
1463 11 18 64
1533 11 18 57
3870 11 18 48
5279 11 18 39
4126 11 18 29
114 11 18 24
2036 11 18 15
4533 11 18 6
2745 11 19 75
581 11 19 69
3038 11 19 61
728 11 19 55
3332 11 19 46
1471 11 19 38
2787 11 19 30
4492 11 19 21
3347 11 19 13
2139 11 19 5
2145 12 0 71
4297 12 0 62
4705 12 0 54
1281 12 0 46
4987 12 0 37
2528 12 0 32
3149 12 0 22
3861 12 0 12
1063 12 0 3
441 12 2 62
4540 12 2 54
414 12 2 46
4070 12 2 37
2168 12 2 32
2602 12 2 22
3560 12 2 12
261 12 2 3
4211 12 9 95
4032 12 9 88
3198 12 9 81
5190 12 9 74
2741 12 9 65
420 12 9 57
3059 12 9 48
5175 12 9 39
3312 12 9 29
4956 12 9 23
481 12 9 14
4919 12 9 4
3101 12 10 95
3745 12 10 88
2494 12 10 81
4920 12 10 74
1800 12 10 65
400 12 10 57
2715 12 10 48
3894 12 10 39
3148 12 10 29
3633 12 10 23
217 12 10 14
3738 12 10 4
2703 12 11 95
3167 12 11 88
2444 12 11 81
3941 12 11 74
1655 12 11 65
68 12 11 57
4878 12 11 47
539 12 11 38
2324 12 11 30
3280 12 11 21
2843 12 11 13
2947 12 11 4
30 12 12 95
1518 12 12 88
827 12 12 81
3544 12 12 74
885 12 12 65
4016 12 12 56
3175 12 12 48
3636 12 12 39
1447 12 12 29
1756 12 12 23
3578 12 12 13
2370 12 12 4
4811 12 14 94
748 12 14 88
753 12 14 81
3333 12 14 74
741 12 14 65
3698 12 14 56
2228 12 14 48
465 12 14 39
3973 12 14 28
5177 12 14 19
2267 12 14 12
3580 12 14 2
2685 12 15 94
5097 12 15 87
4333 12 15 79
4466 12 15 71
3858 12 15 62
2054 12 15 54
23 12 15 46
3559 12 15 37
5359 12 15 31
1428 12 15 24
645 12 15 15
1639 12 15 6
2044 13 0 94
4897 13 0 87
4174 13 0 79
4192 13 0 71
1073 13 0 62
1999 13 0 54
5080 13 0 45
5075 13 0 37
3349 13 0 31
1102 13 0 24
4033 13 0 14
585 13 0 4
4582 13 4 93
864 13 4 87
3862 13 4 79
3827 13 4 71
4589 13 4 61
3873 13 4 54
3176 13 4 45
4519 13 4 37
1216 13 4 31
4094 13 4 23
2742 13 4 13
5210 13 4 3
2617 13 5 93
99 13 5 87
1492 13 5 79
2451 13 5 71
3400 13 5 61
3713 13 5 54
425 13 5 45
4322 13 5 37
712 13 5 31
2418 13 5 23
1850 13 5 13
4193 13 5 3
1586 13 7 93
2092 13 7 86
4342 13 7 81
1808 13 7 74
3066 13 7 64
4388 13 7 56
1771 13 7 48
2930 13 7 38
412 13 7 30
5215 13 7 20
1406 13 7 11
4018 13 7 4
1323 13 9 93
1520 13 9 86
818 13 9 81
5092 13 9 73
5049 13 9 67
2173 13 9 58
1544 13 9 50
371 13 9 40
2384 13 9 32
941 13 9 22
2768 13 9 12
3366 13 9 2
137 13 14 93
1189 13 14 86
591 13 14 81
4202 13 14 73
3153 13 14 67
1642 13 14 58
92 13 14 50
109 13 14 40
1679 13 14 32
729 13 14 22
2259 13 14 12
1067 13 14 2
4318 13 15 92
4763 13 15 86
4525 13 15 80
1606 13 15 73
2447 13 15 67
808 13 15 58
5309 13 15 49
1138 13 15 40
2838 13 15 31
1656 13 15 23
3762 13 15 12
246 13 15 2
4156 13 17 92
4577 13 17 86
1015 13 17 80
520 13 17 73
1905 13 17 67
462 13 17 58
4628 13 17 49
4834 13 17 39
3090 13 17 28
4319 13 17 19
4796 13 17 11
3710 13 17 4
3622 13 18 92
4482 13 18 86
5276 13 18 79
1165 13 18 71
4966 13 18 60
3558 13 18 52
4566 13 18 42
5204 13 18 32
4269 13 18 21
2585 13 18 13
3108 13 18 3
3455 13 19 92
248 13 19 86
3508 13 19 79
1162 13 19 71
3808 13 19 60
1513 13 19 52
1858 13 19 42
288 13 19 32
2932 13 19 21
2133 13 19 13
258 13 19 3
683 14 0 92
5142 14 0 85
1760 14 0 77
3356 14 0 68
1702 14 0 63
5241 14 0 53
2965 14 0 45
2523 14 0 37
590 14 0 31
354 14 0 23
3711 14 0 11
3077 14 0 4
35 14 2 92
2783 14 2 85
2900 14 2 76
4145 14 2 66
1815 14 2 58
2423 14 2 49
4310 14 2 39
2467 14 2 28
3708 14 2 19
1872 14 2 11
1457 14 2 4
4438 14 4 91
611 14 4 84
4887 14 4 76
3553 14 4 66
957 14 4 58
1993 14 4 49
3511 14 4 39
1807 14 4 28
3048 14 4 19
1801 14 4 11
1442 14 4 4
4150 14 5 91
4689 14 5 83
2244 14 5 76
2964 14 5 66
716 14 5 58
4148 14 5 48
2817 14 5 38
91 14 5 30
4412 14 5 20
778 14 5 11
303 14 5 4
3821 14 7 91
4578 14 7 83
1390 14 7 76
2388 14 7 66
490 14 7 58
3781 14 7 48
2127 14 7 38
3982 14 7 29
1735 14 7 23
1785 14 7 11
3317 14 7 3
3538 14 12 91
3965 14 12 83
1098 14 12 76
5101 14 12 65
2448 14 12 56
1610 14 12 48
1751 14 12 38
1514 14 12 29
1051 14 12 23
1129 14 12 11
3087 14 12 3
3381 15 0 91
2903 15 0 83
4923 15 0 75
4475 15 0 68
1424 15 0 63
1711 15 0 53
2729 15 0 45
2190 15 0 37
5054 15 0 30
1382 15 0 20
736 15 0 11
2310 15 0 3
1931 15 2 91
1005 15 2 82
1234 15 2 72
1257 15 2 64
3525 15 2 56
1151 15 2 48
878 15 2 38
320 15 2 29
5136 15 2 22
4420 15 2 11
1551 15 2 3
714 15 4 91
497 15 4 82
1117 15 4 71
2693 15 4 60
460 15 4 52
857 15 4 42
232 15 4 32
1420 15 4 21
2051 15 4 13
4227 15 4 2
4034 15 5 90
4934 15 5 83
3903 15 5 75
2893 15 5 68
648 15 5 63
1108 15 5 53
1583 15 5 45
3291 15 5 36
3681 15 5 28
2608 15 5 19
804 15 5 11
123 15 5 3
3530 15 6 90
3399 15 6 83
2901 15 6 75
2668 15 6 68
178 15 6 63
922 15 6 53
1190 15 6 45
2710 15 6 36
2910 15 6 28
1542 15 6 19
427 15 6 11
3677 15 6 2
5115 15 7 89
132 15 7 82
409 15 7 71
758 15 7 60
413 15 7 52
384 15 7 42
4994 15 7 31
5150 15 7 22
1835 15 7 11
3464 15 7 2
3834 15 9 89
32 15 9 82
1232 15 9 70
977 15 9 61
5268 15 9 53
4369 15 9 44
3701 15 9 36
1952 15 9 28
874 15 9 19
341 15 9 11
2769 15 9 2
52 15 10 89
4376 15 10 81
2374 15 10 73
1590 15 10 67
4481 15 10 57
2425 15 10 47
3972 15 10 37
3417 15 10 30
4343 15 10 19
47 15 10 11
2284 15 10 2
4616 15 15 88
4167 15 15 80
4462 15 15 72
4667 15 15 63
886 15 15 53
3421 15 15 44
87 15 15 36
575 15 15 28
3674 15 15 18
3924 15 15 9
2016 15 15 2
2872 15 16 88
3171 15 16 80
4429 15 16 72
3979 15 16 63
1499 15 16 52
94 15 16 42
4672 15 16 31
5107 15 16 22
1222 15 16 11
1543 15 16 2
2349 15 17 88
2957 15 17 80
3691 15 17 72
3915 15 17 63
1282 15 17 52
1904 15 17 41
3748 15 17 31
4861 15 17 22
3737 15 17 10
1755 15 17 3
2258 15 18 88
1338 15 18 80
213 15 18 72
3753 15 18 63
510 15 18 52
792 15 18 41
1971 15 18 31
4750 15 18 22
1866 15 18 10
1092 15 18 3
2167 15 19 88
1254 15 19 80
5314 15 19 71
102 15 19 60
5233 15 19 51
4489 15 19 44
5292 15 19 35
4599 15 19 26
4082 15 19 18
2254 15 19 9
897 15 19 2
4690 16 0 87
361 16 0 79
505 16 0 71
4903 16 0 59
201 16 0 50
1941 16 0 39
1096 16 0 28
3864 16 0 17
1519 16 0 10
3857 16 0 2
4232 16 7 87
174 16 7 79
289 16 7 71
4793 16 7 59
2239 16 7 49
3047 16 7 39
265 16 7 28
3074 16 7 17
887 16 7 10
3475 16 7 2
3549 16 8 87
3548 16 8 78
1494 16 8 70
4912 16 8 60
4718 16 8 51
4066 16 8 44
3854 16 8 35
4170 16 8 26
3139 16 8 18
925 16 8 9
5384 16 8 1
1924 16 9 87
2414 16 9 78
1105 16 9 70
4749 16 9 60
4478 16 9 51
4352 16 9 43
4231 16 9 34
4513 16 9 26
1243 16 9 18
5393 16 9 8
4454 16 13 86
5380 16 13 78
5174 16 13 69
2049 16 13 61
3969 16 13 53
2580 16 13 44
2795 16 13 35
3531 16 13 26
762 16 13 18
4444 16 13 8
4421 16 19 86
3393 16 19 78
4055 16 19 69
4131 16 19 60
4160 16 19 51
4286 16 19 43
2978 16 19 34
2069 16 19 26
526 16 19 18
2752 16 19 8
3540 17 0 86
2936 17 0 78
747 17 0 69
3428 17 0 60
3954 17 0 51
3517 17 0 43
2646 17 0 34
249 17 0 26
4404 17 0 17
718 17 0 10
3211 17 0 2
4952 17 2 85
1948 17 2 76
1667 17 2 65
4886 17 2 55
1600 17 2 46
3520 17 2 37
2955 17 2 30
3173 17 2 19
4541 17 2 10
911 17 2 2
4625 17 3 85
504 17 3 76
49 17 3 65
3388 17 3 55
2756 17 3 45
2204 17 3 36
507 17 3 28
2380 17 3 17
1439 17 3 9
4953 17 3 1
4362 17 4 85
5046 17 4 75
2577 17 4 68
4104 17 4 62
140 17 4 54
4099 17 4 44
2625 17 4 35
3460 17 4 26
4017 17 4 17
674 17 4 9
3705 17 4 1
4038 17 6 85
3885 17 6 75
2515 17 6 68
1929 17 6 62
369 17 6 53
2530 17 6 44
2397 17 6 35
3351 17 6 25
2611 17 6 17
4876 17 6 8
2788 17 11 85
2862 17 11 75
2350 17 11 68
1186 17 11 62
4614 17 11 52
130 17 11 40
1353 17 11 31
4236 17 11 22
689 17 11 10
5138 17 11 1
2461 17 13 85
1776 17 13 75
2126 17 13 68
5333 17 13 61
3504 17 13 53
4936 17 13 43
107 17 13 34
120 17 13 26
3105 17 13 17
3799 17 13 8
892 17 15 85
330 17 15 75
1062 17 15 68
1648 17 15 61
3243 17 15 53
3899 17 15 42
3772 17 15 31
1813 17 15 22
5253 17 15 9
3018 17 15 1
4468 17 16 84
2663 17 16 76
4867 17 16 64
2760 17 16 56
98 17 16 48
668 17 16 38
5056 17 16 28
185 17 16 17
3785 17 16 8
3119 17 18 83
959 17 18 75
5254 17 18 67
4345 17 18 57
1973 17 18 47
3445 17 18 37
2291 17 18 30
855 17 18 19
4012 17 18 10
5089 17 18 1
2273 17 19 83
732 17 19 75
4424 17 19 67
3913 17 19 57
3839 17 19 45
2114 17 19 36
483 17 19 28
4995 17 19 16
4908 17 19 5
835 18 0 83
262 18 0 75
3933 18 0 67
3281 18 0 57
1833 18 0 45
1419 18 0 36
466 18 0 28
4896 18 0 16
4280 18 0 5
1431 18 7 82
351 18 7 70
3990 18 7 60
3430 18 7 50
434 18 7 39
3207 18 7 27
298 18 7 19
3830 18 7 10
3418 18 7 1
1854 18 8 80
5147 18 8 71
2986 18 8 59
1556 18 8 49
2355 18 8 39
4433 18 8 26
1663 18 8 17
3889 18 8 7
2274 18 9 79
3384 18 9 70
1187 18 9 60
2169 18 9 50
415 18 9 39
4106 18 9 26
1532 18 9 17
4675 18 9 6
2202 18 11 78
5348 18 11 68
707 18 11 61
1685 18 11 53
914 18 11 42
1311 18 11 31
1728 18 11 22
4789 18 11 9
2347 18 11 1
1352 18 13 75
2883 18 13 67
3224 18 13 57
5093 18 13 43
5375 18 13 33
1637 18 13 25
3248 18 13 16
761 18 13 5
5387 19 0 73
60 19 0 67
1112 19 0 57
5298 19 0 42
4426 19 0 30
2665 19 0 18
2435 19 0 8
171 19 2 73
2185 19 2 66
4666 19 2 57
4863 19 2 42
3210 19 2 30
2623 19 2 18
1615 19 2 8
1056 19 3 72
3244 19 3 63
188 19 3 52
3416 19 3 39
1546 19 3 26
1028 19 3 17
2218 19 3 6
2984 19 4 58
1321 19 4 48
475 19 4 38
3099 19 4 28
2915 19 4 16
364 19 4 5
4338 19 5 51
2917 19 5 43
5027 19 5 32
1263 19 5 21
1745 19 5 13
951 19 5 2
814 19 6 44
2280 19 6 35
1830 19 6 25
2820 19 6 16
4810 19 6 4
4781 19 7 94
3112 19 7 87
5386 19 7 77
1818 19 7 68
567 19 7 61
950 19 7 53
164 19 7 42
1623 19 7 30
2616 19 7 18
4965 19 7 7
4632 19 11 94
3106 19 11 86
2597 19 11 78
5117 19 11 68
176 19 11 61
194 19 11 53
4594 19 11 41
4939 19 11 30
1504 19 11 18
4218 19 11 7
423 19 13 94
2091 19 13 86
2564 19 13 78
3855 19 13 68
4678 19 13 60
2122 19 13 50
2988 19 13 38
2793 19 13 28
2488 19 13 16
3402 19 13 4
4702 19 14 93
1016 19 14 86
4874 19 14 77
1508 19 14 68
4201 19 14 60
1649 19 14 50
2209 19 14 38
2058 19 14 28
204 19 14 16
653 19 14 4
4361 19 15 93
4367 19 15 85
5398 19 15 74
1765 19 15 64
608 19 15 56
5229 19 15 47
3174 19 15 37
2576 19 15 29
4821 19 15 22
4378 19 15 8
2566 19 16 93
3926 19 16 85
4663 19 16 74
1686 19 16 64
241 19 16 56
4955 19 16 47
1100 19 16 37
2260 19 16 29
3791 19 16 22
3601 19 16 8
2061 19 17 93
1541 19 17 85
4580 19 17 74
276 19 17 64
4731 19 17 55
1480 19 17 45
1280 19 17 36
5240 19 17 27
4959 19 17 18
3730 19 17 7
5181 19 18 92
1538 19 18 85
4327 19 18 74
4825 19 18 63
2500 19 18 51
2578 19 18 43
3790 19 18 32
589 19 18 21
1553 19 18 13
3067 19 18 1
3315 19 19 92
26 19 19 85
4259 19 19 74
1990 19 19 63
2456 19 19 51
2363 19 19 43
3102 19 19 32
159 19 19 21
1247 19 19 13
2694 19 19 1
