2830
1819 0 0 98
857 0 0 96
4535 0 0 93
1497 0 0 91
5557 0 0 87
3754 0 0 83
2991 0 0 79
2936 0 0 76
2304 0 0 72
1187 0 0 69
2990 0 0 66
3507 0 0 64
4266 0 0 61
4899 0 0 57
3016 0 0 55
1171 0 0 52
1600 0 0 49
3629 0 0 46
5216 0 0 44
3247 0 0 41
4530 0 0 38
2002 0 0 35
3902 0 0 32
4268 0 0 30
3757 0 0 27
3525 0 0 23
1822 0 0 20
3061 0 0 18
5116 0 0 15
3574 0 0 12
4482 0 0 9
5 0 0 7
1316 0 0 5
4129 0 0 3
5198 0 0 1
4433 0 1 97
444 0 1 94
5359 0 1 90
2263 0 1 88
5501 0 1 86
2820 0 1 82
1926 0 1 80
3375 0 1 77
3168 0 1 74
3806 0 1 71
5435 0 1 67
3305 0 1 63
4701 0 1 59
1518 0 1 57
3466 0 1 54
420 0 1 52
5373 0 1 48
5140 0 1 45
56 0 1 43
2803 0 1 40
5059 0 1 37
4481 0 1 34
4203 0 1 32
3664 0 1 29
2137 0 1 27
1792 0 1 23
3316 0 1 19
1923 0 1 17
556 0 1 15
3107 0 1 12
612 0 1 9
2105 0 1 6
4763 0 1 4
3154 0 1 2
4202 0 2 97
3122 0 2 93
2937 0 2 90
3704 0 2 87
4710 0 2 82
2505 0 2 79
4425 0 2 75
2774 0 2 72
5339 0 2 68
3408 0 2 66
4104 0 2 63
3308 0 2 59
5259 0 2 55
2708 0 2 51
3853 0 2 48
1126 0 2 45
4843 0 2 42
3822 0 2 40
3124 0 2 37
1841 0 2 33
4441 0 2 30
1363 0 2 27
676 0 2 23
207 0 2 19
3103 0 2 16
5498 0 2 12
4839 0 2 8
4040 0 2 5
3919 0 2 3
2421 0 3 96
1273 0 3 93
5013 0 3 89
3370 0 3 86
2456 0 3 82
4372 0 3 78
4762 0 3 76
158 0 3 72
4209 0 3 68
4696 0 3 65
5375 0 3 62
3139 0 3 58
4634 0 3 54
2619 0 3 51
3762 0 3 48
940 0 3 45
5596 0 3 41
1247 0 3 38
2425 0 3 34
1834 0 3 32
2857 0 3 29
5043 0 3 26
3958 0 3 23
3483 0 3 18
3340 0 3 15
2709 0 3 12
1380 0 3 8
391 0 3 4
4101 0 3 1
4589 0 4 95
5321 0 4 92
3422 0 4 90
1631 0 4 87
2746 0 4 82
3692 0 4 78
4666 0 4 75
841 0 4 71
3395 0 4 67
1460 0 4 63
2927 0 4 59
2286 0 4 54
288 0 4 51
3245 0 4 48
2623 0 4 44
863 0 4 40
5284 0 4 36
386 0 4 33
3249 0 4 29
4053 0 4 26
1928 0 4 23
2313 0 4 18
796 0 4 15
1153 0 4 12
1294 0 4 8
4563 0 4 3
4081 0 5 95
5389 0 5 91
1471 0 5 87
2257 0 5 82
3145 0 5 78
4590 0 5 75
566 0 5 71
1862 0 5 67
4071 0 5 62
1711 0 5 58
3482 0 5 54
5243 0 5 50
3054 0 5 47
3226 0 5 44
3635 0 5 39
777 0 5 36
4276 0 5 32
4884 0 5 28
4660 0 5 25
4781 0 5 22
3470 0 5 19
4991 0 5 15
4776 0 5 11
1083 0 5 8
3654 0 5 3
1922 0 6 95
4853 0 6 91
1764 0 6 86
4782 0 6 81
3266 0 6 78
1795 0 6 74
2540 0 6 70
2816 0 6 68
2881 0 6 65
5030 0 6 61
4021 0 6 57
4876 0 6 53
615 0 6 51
4292 0 6 47
2797 0 6 43
4237 0 6 39
5386 0 6 35
1130 0 6 32
1871 0 6 28
2883 0 6 25
2242 0 6 22
2203 0 6 19
3632 0 6 15
2582 0 6 11
5213 0 6 6
4669 0 6 3
4608 0 7 94
4708 0 7 89
2225 0 7 86
4252 0 7 81
507 0 7 78
1790 0 7 74
1762 0 7 70
1404 0 7 67
3301 0 7 62
4810 0 7 57
4097 0 7 53
347 0 7 51
3542 0 7 47
2004 0 7 43
1276 0 7 39
3233 0 7 35
452 0 7 32
698 0 7 28
4012 0 7 24
3503 0 7 22
5530 0 7 18
4274 0 7 14
3790 0 7 12
2649 0 7 7
2758 0 7 4
3188 0 8 94
4456 0 8 89
4453 0 8 85
2651 0 8 82
2761 0 8 78
4275 0 8 73
3227 0 8 71
755 0 8 67
1697 0 8 62
4733 0 8 57
3091 0 8 53
73 0 8 50
792 0 8 47
1502 0 8 43
4580 0 8 38
2395 0 8 34
1332 0 8 32
5279 0 8 27
461 0 8 23
400 0 8 18
3697 0 8 14
4189 0 8 11
4271 0 8 6
3825 0 8 1
3161 0 9 94
4094 0 9 89
3478 0 9 85
1724 0 9 82
1889 0 9 78
3032 0 9 73
2920 0 9 70
664 0 9 67
1588 0 9 62
4117 0 9 57
2647 0 9 53
3608 0 9 49
5605 0 9 45
2734 0 9 41
389 0 9 38
4495 0 9 33
5542 0 9 28
3005 0 9 24
514 0 9 22
4731 0 9 18
1852 0 9 14
5002 0 9 10
3736 0 9 6
3651 0 9 1
2853 0 10 94
3725 0 10 89
2584 0 10 85
1538 0 10 82
1556 0 10 78
2416 0 10 73
2668 0 10 70
3480 0 10 66
4925 0 10 62
3603 0 10 57
2269 0 10 53
3557 0 10 49
4348 0 10 44
1680 0 10 39
2482 0 10 35
4682 0 10 31
4833 0 10 28
1041 0 10 23
5196 0 10 17
120 0 10 14
4355 0 10 10
1821 0 10 6
3372 0 10 1
1682 0 11 94
727 0 11 89
4858 0 11 84
2616 0 11 82
637 0 11 78
1930 0 11 73
5026 0 11 69
1954 0 11 66
3024 0 11 62
1459 0 11 57
1737 0 11 53
3369 0 11 49
4323 0 11 44
3290 0 11 38
4143 0 11 33
4880 0 11 28
4022 0 11 22
4354 0 11 18
1506 0 11 14
4065 0 11 10
1766 0 11 6
2868 0 11 1
1485 0 12 94
696 0 12 89
4476 0 12 84
2530 0 12 82
294 0 12 78
998 0 12 73
2099 0 12 69
1198 0 12 66
2800 0 12 62
4475 0 12 56
5037 0 12 51
3745 0 12 46
2951 0 12 44
5558 0 12 37
4695 0 12 32
3915 0 12 27
3444 0 12 22
3694 0 12 18
876 0 12 14
364 0 12 10
4600 0 12 5
3416 0 12 2
4517 0 13 93
2718 0 13 89
4295 0 13 84
984 0 13 80
4909 0 13 76
4976 0 13 71
253 0 13 67
4636 0 13 61
136 0 13 56
3258 0 13 51
2376 0 13 46
4038 0 13 43
3278 0 13 38
3318 0 13 33
3491 0 13 28
3435 0 13 22
1397 0 13 18
5211 0 13 13
1828 0 13 10
4324 0 13 5
1666 0 13 2
3673 0 14 93
653 0 14 89
4175 0 14 84
578 0 14 80
3814 0 14 76
4907 0 14 71
4429 0 14 66
433 0 14 62
2701 0 14 56
3248 0 14 51
2171 0 14 46
1128 0 14 43
5564 0 14 36
3615 0 14 32
3274 0 14 27
240 0 14 22
3112 0 14 17
4611 0 14 13
5422 0 14 9
2307 0 14 5
3133 0 14 1
2114 0 15 93
5092 0 15 88
4604 0 15 85
1098 0 15 81
4699 0 15 77
1223 0 15 74
550 0 15 70
5329 0 15 65
2201 0 15 61
5513 0 15 55
627 0 15 51
1684 0 15 46
4882 0 15 42
2685 0 15 40
4980 0 15 36
3002 0 15 32
2353 0 15 27
4947 0 15 21
2604 0 15 18
1891 0 15 13
4823 0 15 9
2253 0 15 5
1757 0 16 93
4724 0 16 88
1272 0 16 85
634 0 16 81
2602 0 16 77
1611 0 16 73
1723 0 16 69
1109 0 16 66
4011 0 16 61
4737 0 16 55
3965 0 16 50
5079 0 16 46
3626 0 16 42
1353 0 16 38
1866 0 16 33
1715 0 16 28
2904 0 16 22
1205 0 16 17
3293 0 16 13
3884 0 16 9
1454 0 16 5
1027 0 17 93
3923 0 17 88
4849 0 17 84
5000 0 17 79
2486 0 17 75
4576 0 17 70
3128 0 17 65
2052 0 17 61
4157 0 17 55
3490 0 17 50
4521 0 17 46
3155 0 17 42
5497 0 17 37
2852 0 17 32
451 0 17 27
1836 0 17 21
1034 0 17 18
372 0 17 13
2900 0 17 9
5194 0 17 4
577 0 18 93
477 0 18 88
4111 0 18 84
4224 0 18 79
562 0 18 75
3120 0 18 70
3072 0 18 65
1581 0 18 61
1452 0 18 55
3320 0 18 50
3200 0 18 46
2984 0 18 42
4331 0 18 37
2674 0 18 32
5314 0 18 26
1687 0 18 23
2873 0 18 17
187 0 18 13
2015 0 18 9
5076 0 18 4
2663 0 19 92
2878 0 19 88
3889 0 19 84
4050 0 19 79
3 0 19 75
688 0 19 70
2499 0 19 65
650 0 19 61
1378 0 19 55
2851 0 19 50
2166 0 19 46
624 0 19 42
3773 0 19 37
219 0 19 32
5188 0 19 26
4147 0 19 22
443 0 19 17
5475 0 19 12
371 0 19 7
2563 0 19 4
2011 2 1 92
1870 2 1 88
3863 2 1 84
3811 2 1 79
4263 2 1 74
277 2 1 70
2165 2 1 65
5286 2 1 60
1801 2 1 58
4014 2 1 53
2932 2 1 49
3799 2 1 44
5418 2 1 37
4507 2 1 31
3362 2 1 28
2636 2 1 22
5120 2 1 16
2791 2 1 12
4098 2 1 6
2241 2 1 1
1604 2 2 92
4194 2 2 87
2252 2 2 82
4442 2 2 77
1599 2 2 73
1957 2 2 68
1712 2 2 65
2049 2 2 60
987 2 2 57
4315 2 2 52
4561 2 2 48
543 2 2 44
4533 2 2 37
4245 2 2 31
3957 2 2 27
732 2 2 21
184 2 2 18
3190 2 2 12
3652 2 2 6
2087 2 2 1
4015 2 3 91
1074 2 3 86
2318 2 3 81
5556 2 3 76
4311 2 3 71
4366 2 3 66
3556 2 3 61
581 2 3 55
5261 2 3 49
2994 2 3 44
3458 2 3 37
4200 2 3 31
4086 2 3 26
2598 2 3 22
4661 2 3 16
4780 2 3 11
3986 2 3 6
1381 2 3 1
3864 2 4 91
517 2 4 86
1793 2 4 81
3861 2 4 76
3829 2 4 71
1595 2 4 66
491 2 4 61
4756 2 4 54
4229 2 4 50
3992 2 4 45
2294 2 4 41
4421 2 4 37
4134 2 4 31
1677 2 4 26
2391 2 4 22
3596 2 4 16
3008 2 4 11
3213 2 4 6
3659 2 6 91
123 2 6 86
1434 2 6 81
2385 2 6 76
3440 2 6 71
1177 2 6 66
4711 2 6 60
2059 2 6 56
1647 2 6 51
3199 2 6 45
1641 2 6 41
3871 2 6 37
3220 2 6 31
439 2 6 26
5482 2 6 21
5536 2 6 17
3849 2 6 12
2687 2 6 6
3419 2 7 91
5372 2 7 85
375 2 7 81
783 2 7 76
3036 2 7 71
137 2 7 66
2808 2 7 60
969 2 7 56
840 2 7 51
1642 2 7 45
251 2 7 41
3428 2 7 37
2214 2 7 31
5415 2 7 25
127 2 7 22
2590 2 7 16
829 2 7 11
1058 2 7 6
630 2 8 91
5175 2 8 85
5483 2 8 80
177 2 8 76
1772 2 8 71
5095 2 8 65
1820 2 8 60
5548 2 8 55
3760 2 8 48
5044 2 8 43
3860 2 8 36
182 2 8 32
4261 2 8 26
5325 2 8 21
4204 2 8 17
1478 2 8 12
1118 2 8 6
5426 2 9 90
355 2 9 87
1183 2 9 82
4236 2 9 77
1598 2 9 72
1949 2 9 68
480 2 9 65
5024 2 9 59
1760 2 9 54
2739 2 9 50
2896 2 9 45
93 2 9 41
394 2 9 37
1587 2 9 31
4955 2 9 25
4697 2 9 21
4017 2 9 17
1110 2 9 12
4616 2 9 5
4345 2 10 90
3901 2 10 86
4191 2 10 80
5537 2 10 75
4617 2 10 69
4806 2 10 65
4934 2 10 59
2763 2 10 53
1155 2 10 49
883 2 10 44
939 2 10 37
1375 2 10 31
3498 2 10 25
3064 2 10 21
1827 2 10 17
5363 2 10 11
5267 2 10 5
3494 2 12 90
4272 2 12 85
5468 2 12 80
4609 2 12 75
4409 2 12 69
997 2 12 65
4287 2 12 59
2503 2 12 53
3407 2 12 48
4816 2 12 43
3509 2 12 36
3724 2 12 31
3063 2 12 25
2001 2 12 21
3529 2 12 16
4249 2 12 10
4286 2 12 5
875 2 13 90
3347 2 13 85
5012 2 13 80
5597 2 13 74
217 2 13 70
884 2 13 65
1880 2 13 59
2092 2 13 53
2446 2 13 48
979 2 13 43
3253 2 13 36
526 2 13 31
1420 2 13 25
1859 2 13 21
3462 2 13 16
4080 2 13 10
590 2 13 5
71 2 14 90
2161 2 14 85
4700 2 14 80
4067 2 14 74
5170 2 14 69
5245 2 14 64
1306 2 14 61
2916 2 14 54
48 2 14 50
559 2 14 45
3908 2 14 40
4774 2 14 36
63 2 14 31
1250 2 14 25
4335 2 14 20
4717 2 14 17
5054 2 14 11
4814 2 14 5
4977 2 16 89
3769 2 16 84
3502 2 16 79
4226 2 16 74
2976 2 16 69
4974 2 16 64
1201 2 16 61
5602 2 16 53
265 2 16 48
929 2 16 43
2527 2 16 36
3846 2 16 30
5333 2 16 26
2176 2 16 21
3089 2 16 16
3536 2 16 10
5369 2 16 4
4908 2 17 89
759 2 17 84
845 2 17 79
3042 2 17 74
551 2 17 69
2173 2 17 64
3184 2 17 60
4686 2 17 55
3052 2 17 48
5534 2 17 42
3758 2 17 37
960 2 17 31
5240 2 17 24
4663 2 17 21
1842 2 17 16
3321 2 17 10
5039 2 17 4
2312 2 18 89
157 2 18 84
599 2 18 79
2110 2 18 74
4303 2 18 68
915 2 18 64
3000 2 18 60
4269 2 18 55
795 2 18 48
2917 2 18 42
2809 2 18 37
513 2 18 31
5204 2 18 24
69 2 18 21
1646 2 18 16
3014 2 18 10
4769 2 18 4
1009 2 19 89
5273 2 19 83
5159 2 19 78
947 2 19 73
1701 2 19 68
4016 2 19 63
2856 2 19 59
786 2 19 53
4916 2 19 47
5590 2 19 42
652 2 19 37
297 2 19 31
3142 2 19 24
2164 2 19 20
681 2 19 17
4801 2 19 11
4538 2 19 5
3327 3 1 88
3772 3 1 84
160 3 1 79
816 3 1 74
5266 3 1 67
4587 3 1 61
5061 3 1 53
3870 3 1 47
4113 3 1 42
605 3 1 37
5523 3 1 30
3988 3 1 26
1851 3 1 21
5206 3 1 15
4100 3 1 10
4640 3 1 4
2919 3 2 87
5354 3 2 81
5531 3 2 75
5184 3 2 68
2260 3 2 63
4649 3 2 58
3177 3 2 53
2624 3 2 47
4107 3 2 42
292 3 2 37
4837 3 2 30
3879 3 2 26
5607 3 2 20
4291 3 2 16
2521 3 2 10
4321 3 2 4
5263 3 3 85
2516 3 3 80
3931 3 3 74
5068 3 3 67
4487 3 3 61
2175 3 3 53
2488 3 3 47
1158 3 3 42
5148 3 3 36
3789 3 3 30
2340 3 3 26
5553 3 3 20
4256 3 3 16
1638 3 3 10
1594 3 3 4
1260 3 4 83
3868 3 4 78
5526 3 4 72
21 3 4 68
2245 3 4 63
4378 3 4 58
2631 3 4 53
2074 3 4 47
156 3 4 42
5133 3 4 36
1125 3 4 30
2136 3 4 26
4911 3 4 20
1846 3 4 16
982 3 4 10
1352 3 4 4
3495 3 6 82
2465 3 6 77
3674 3 6 71
5008 3 6 65
1655 3 6 59
592 3 6 53
1681 3 6 47
5099 3 6 41
487 3 6 36
4743 3 6 29
3641 3 6 26
3900 3 6 20
508 3 6 16
3271 3 6 9
2386 3 6 4
4391 3 7 81
5521 3 7 75
4671 3 7 68
1779 3 7 63
4233 3 7 58
1482 3 7 53
1592 3 7 47
4028 3 7 41
1382 3 7 35
2795 3 7 31
3058 3 7 24
937 3 7 20
3111 3 7 15
2468 3 7 10
5086 3 7 3
3356 3 8 81
5371 3 8 75
2058 3 8 68
1670 3 8 63
3955 3 8 58
1399 3 8 53
4631 3 8 46
534 3 8 42
4788 3 8 36
3156 3 8 29
2699 3 8 26
1938 3 8 20
3031 3 8 15
741 3 8 10
2702 3 8 3
3313 3 9 77
3198 3 9 71
4032 3 9 65
970 3 9 59
515 3 9 53
4413 3 9 46
211 3 9 42
4404 3 9 36
1935 3 9 29
2329 3 9 26
1863 3 9 20
2765 3 9 15
4938 3 9 9
1832 3 9 4
1831 3 10 77
2388 3 10 71
3126 3 10 65
5161 3 10 58
312 3 10 53
3979 3 10 46
4436 3 10 41
685 3 10 35
4871 3 10 30
1780 3 10 26
823 3 10 20
1551 3 10 15
4381 3 10 9
654 3 10 3
5361 3 12 76
539 3 12 71
904 3 12 65
3867 3 12 58
4694 3 12 52
2264 3 12 48
2186 3 12 42
4240 3 12 36
1874 3 12 29
549 3 12 26
306 3 12 20
2221 3 12 14
130 3 12 10
1695 3 12 3
3182 3 13 74
4112 3 13 67
4049 3 13 61
1734 3 13 53
2407 3 13 46
3363 3 13 41
80 3 13 35
3540 3 13 30
1284 3 13 26
4622 3 13 19
1916 3 13 15
4569 3 13 8
2243 3 13 3
4322 3 14 67
3436 3 14 61
1433 3 14 53
527 3 14 46
2572 3 14 41
2729 3 14 34
2680 3 14 31
2879 3 14 24
5271 3 14 19
52 3 14 15
3897 3 14 8
2156 3 14 3
5319 3 16 96
3241 3 16 92
3819 3 16 87
4719 3 16 81
3397 3 16 75
1990 3 16 68
4945 3 16 62
1941 3 16 56
603 3 16 51
1493 3 16 45
3337 3 16 40
573 3 16 36
1549 3 16 29
5445 3 16 25
4273 3 16 20
1529 3 16 14
3333 3 16 9
4732 3 16 2
2090 3 17 96
3092 3 17 92
1528 3 17 87
3224 3 17 81
3025 3 17 75
379 3 17 68
1911 3 17 62
649 3 17 56
5294 3 17 50
1333 3 17 44
4388 3 17 36
1150 3 17 29
5303 3 17 25
3886 3 17 20
670 3 17 14
2796 3 17 9
4508 3 17 2
1567 3 18 96
2148 3 18 92
738 3 18 87
3197 3 18 81
2500 3 18 75
5608 3 18 67
3234 3 18 61
1200 3 18 53
3990 3 18 45
1747 3 18 40
4280 3 18 35
2481 3 18 30
5396 3 18 25
3518 3 18 20
455 3 18 14
2667 3 18 8
215 3 18 2
5064 3 19 95
4416 3 19 91
3017 3 19 85
1119 3 19 80
3136 3 19 74
5227 3 19 66
1765 3 19 60
4066 3 19 55
2612 3 19 47
3777 3 19 41
4935 3 19 33
1490 3 19 28
2577 3 19 22
4894 3 19 15
3069 3 19 8
4968 3 19 1
1327 4 16 95
4076 4 16 91
706 4 16 85
5304 4 16 78
145 4 16 72
4503 4 16 67
1719 4 16 61
1186 4 16 53
3844 4 16 45
311 4 16 40
3460 4 16 35
5554 4 16 29
4994 4 16 25
3442 4 16 20
5058 4 16 13
1255 4 16 9
4089 4 16 2
3712 5 1 94
5541 5 1 88
1445 5 1 84
3852 5 1 78
128 5 1 72
4099 5 1 67
1005 5 1 61
5207 5 1 52
1209 5 1 48
2181 5 1 42
2290 5 1 36
450 5 1 29
4846 5 1 25
687 5 1 20
4607 5 1 13
4721 5 1 8
3150 5 1 1
2788 5 2 94
5118 5 2 88
1146 5 2 84
3456 5 2 78
5544 5 2 71
475 5 2 65
1334 5 2 58
1850 5 2 52
891 5 2 48
1640 5 2 42
1512 5 2 36
2122 5 2 28
1443 5 2 22
3947 5 2 15
2615 5 2 8
2972 5 2 1
4723 5 4 93
338 5 4 88
851 5 4 84
1858 5 4 78
4474 5 4 71
3892 5 4 64
5350 5 4 59
4595 5 4 52
3296 5 4 47
3232 5 4 41
1152 5 4 33
1246 5 4 28
1019 5 4 22
3355 5 4 15
2249 5 4 8
2557 5 4 1
4502 5 6 93
51 5 6 88
533 5 6 84
1618 5 6 78
4106 5 6 71
3223 5 6 64
1407 5 6 59
1346 5 6 52
2698 5 6 47
1964 5 6 41
886 5 6 33
1169 5 6 28
228 5 6 22
1195 5 6 15
1924 5 6 8
865 5 6 1
3820 5 9 93
3645 5 9 87
3013 5 9 81
2077 5 9 75
5562 5 9 67
398 5 9 61
4571 5 9 52
2344 5 9 47
1736 5 9 41
728 5 9 33
8 5 9 28
5580 5 9 21
1121 5 9 15
1721 5 9 8
665 5 9 1
3808 5 11 93
1678 5 11 87
2629 5 11 81
2012 5 11 75
4356 5 11 67
4386 5 11 60
2226 5 11 55
2436 5 11 47
756 5 11 41
5457 5 11 32
4054 5 11 26
4568 5 11 19
5250 5 11 14
5001 5 11 7
275 5 11 4
3418 5 13 93
4734 5 13 86
1904 5 13 80
1160 5 13 74
5147 5 13 66
2331 5 13 59
335 5 13 52
869 5 13 47
3875 5 13 40
3222 5 13 35
3995 5 13 29
1151 5 13 25
5477 5 13 19
4070 5 13 14
3669 5 13 7
2413 5 13 3
3302 5 18 93
4628 5 18 86
1525 5 18 80
5229 5 18 73
317 5 18 68
888 5 18 62
594 5 18 56
5038 5 18 50
595 5 18 44
3987 5 18 36
65 5 18 28
4973 5 18 21
609 5 18 15
1634 5 18 8
1137 5 18 3
4522 5 19 92
4183 5 19 86
126 5 19 80
4532 5 19 73
5593 5 19 67
3449 5 19 60
1971 5 19 55
1818 5 19 47
4832 5 19 39
4963 5 19 34
4072 5 19 30
2678 5 19 25
5358 5 19 19
3936 5 19 13
669 5 19 8
5610 5 19 2
813 6 1 92
424 6 1 86
90 6 1 80
3707 6 1 73
4936 6 1 67
2592 6 1 60
995 6 1 55
4645 6 1 46
5413 6 1 40
5465 6 1 34
1664 6 1 30
2140 6 1 25
4951 6 1 19
3551 6 1 13
5424 6 1 6
4459 6 2 91
478 6 2 85
5189 6 2 78
3505 6 2 71
4042 6 2 63
1676 6 2 58
1003 6 2 52
5208 6 2 46
5203 6 2 40
5230 6 2 34
1569 6 2 30
2064 6 2 25
4186 6 2 19
2444 6 2 13
5181 6 2 6
2394 6 4 91
390 6 4 85
4819 6 4 78
1444 6 4 71
2672 6 4 63
3322 6 4 57
3997 6 4 52
4208 6 4 46
4624 6 4 40
5138 6 4 34
5087 6 4 29
4787 6 4 24
766 6 4 19
1107 6 4 13
4972 6 4 6
2384 6 6 91
2837 6 6 84
742 6 6 78
655 6 6 71
4637 6 6 62
553 6 6 56
4861 6 6 50
4865 6 6 43
1853 6 6 36
5280 6 6 27
4919 6 6 20
3972 6 6 13
273 6 6 6
1244 6 7 91
2479 6 7 84
5239 6 7 77
999 6 7 71
1473 6 7 62
5408 6 7 55
2846 6 7 46
3855 6 7 40
4888 6 7 34
4551 6 7 29
2931 6 7 24
33 6 7 19
4401 6 7 12
2256 6 7 5
1212 6 8 91
1131 6 8 84
4358 6 8 77
864 6 8 71
972 6 8 62
5109 6 8 55
1944 6 8 46
1953 6 8 40
4688 6 8 34
922 6 8 29
4180 6 8 23
2533 6 8 17
2780 6 8 11
3813 6 8 5
1167 6 9 91
708 6 9 84
3677 6 9 77
272 6 9 71
961 6 9 62
4675 6 9 55
1929 6 9 46
5451 6 9 39
2671 6 9 34
205 6 9 29
3377 6 9 23
1368 6 9 17
2366 6 9 11
1396 6 9 5
5438 6 11 90
2078 6 11 85
4498 6 11 78
164 6 11 71
2714 6 11 61
3766 6 11 52
4161 6 11 46
4073 6 11 39
2051 6 11 34
5075 6 11 28
4748 6 11 21
1931 6 11 14
3263 6 11 7
4779 6 11 2
5399 6 12 90
1489 6 12 85
3193 6 12 78
3617 6 12 70
610 6 12 65
1063 6 12 58
4313 6 12 51
1015 6 12 45
3189 6 12 39
5449 6 12 32
2835 6 12 26
3727 6 12 19
4118 6 12 12
1741 6 12 5
4768 6 13 90
1264 6 13 85
2770 6 13 78
2244 6 13 70
3985 6 13 64
5428 6 13 58
3624 6 13 51
5055 6 13 44
593 6 13 36
5027 6 13 27
4499 6 13 20
2371 6 13 13
81 6 13 6
3612 6 15 90
5033 6 15 84
2375 6 15 77
4910 6 15 70
3382 6 15 64
4975 6 15 58
2673 6 15 51
4006 6 15 44
346 6 15 36
4555 6 15 27
1616 6 15 20
3129 6 15 12
453 6 15 5
2703 7 1 90
3918 7 1 84
2334 7 1 77
4544 7 1 70
2248 7 1 64
1085 7 1 58
968 7 1 51
3627 7 1 44
5529 7 1 35
3055 7 1 29
1545 7 1 23
4679 7 1 16
2483 7 1 9
3496 7 1 2
1865 7 2 90
2515 7 2 84
903 7 2 77
4540 7 2 70
1738 7 2 64
2864 7 2 57
3231 7 2 52
2689 7 2 46
3364 7 2 39
4698 7 2 32
138 7 2 26
2754 7 2 19
3598 7 2 12
376 7 2 5
1367 7 4 90
2300 7 4 84
793 7 4 77
3526 7 4 70
4312 7 4 63
2806 7 4 57
440 7 4 51
79 7 4 44
3476 7 4 35
245 7 4 29
489 7 4 23
1335 7 4 16
1537 7 4 9
2755 7 4 2
488 7 6 90
2017 7 6 84
299 7 6 77
3315 7 6 70
4153 7 6 63
2261 7 6 57
4718 7 6 50
4836 7 6 43
442 7 6 36
3628 7 6 27
5515 7 6 19
1934 7 6 12
5090 7 6 4
5050 7 7 89
4253 7 7 83
3804 7 7 78
3385 7 7 69
410 7 7 64
1047 7 7 57
4486 7 7 50
3658 7 7 43
5347 7 7 35
4750 7 7 28
4384 7 7 21
457 7 7 14
2779 7 7 7
4093 7 7 2
3218 7 8 89
2830 7 8 83
3746 7 8 78
2975 7 8 69
3933 7 8 63
1963 7 8 57
3517 7 8 50
2981 7 8 43
5290 7 8 35
3763 7 8 28
3380 7 8 21
5162 7 8 13
5473 7 8 5
2639 7 9 89
2826 7 9 83
3597 7 9 78
2178 7 9 69
134 7 9 63
4220 7 9 56
4764 7 9 50
1635 7 9 43
1657 7 9 35
2971 7 9 28
2485 7 9 21
3699 7 9 13
4862 7 9 5
1810 7 11 89
1769 7 11 83
3567 7 11 78
1629 7 11 69
5425 7 11 62
3903 7 11 55
1411 7 11 46
844 7 11 39
3609 7 11 32
3653 7 11 25
4092 7 11 19
1369 7 11 12
2696 7 11 4
148 7 12 89
4672 7 12 82
2098 7 12 77
3116 7 12 70
4008 7 12 63
1965 7 12 56
4325 7 12 50
1000 7 12 43
5322 7 12 34
1733 7 12 28
1248 7 12 21
1219 7 12 13
4778 7 12 5
5437 7 13 88
3948 7 13 83
3303 7 13 78
565 7 13 69
3679 7 13 60
417 7 13 55
5315 7 13 45
1225 7 13 39
2876 7 13 32
2469 7 13 25
3329 7 13 19
1345 7 13 12
4932 7 13 3
4566 7 15 88
3802 7 15 83
2963 7 15 78
4385 7 15 68
5379 7 15 61
3373 7 15 52
1798 7 15 46
4195 7 15 38
658 7 15 33
2998 7 15 27
1213 7 15 19
1299 7 15 12
1776 7 15 3
4123 7 16 88
2082 7 16 83
2742 7 16 78
666 7 16 68
5103 7 16 61
2968 7 16 52
3563 7 16 45
1092 7 16 39
1410 7 16 32
1338 7 16 25
3294 7 16 19
1254 7 16 12
4293 7 16 2
409 7 17 88
1771 7 17 83
657 7 17 78
5575 7 17 67
2268 7 17 60
3783 7 17 54
4179 7 17 49
524 7 17 44
2690 7 17 35
2133 7 17 28
1116 7 17 21
405 7 17 13
1561 7 17 5
3687 7 18 87
1261 7 18 81
1012 7 18 75
2923 7 18 67
108 7 18 60
2210 7 18 54
3631 7 18 49
222 7 18 44
1055 7 18 35
4927 7 18 27
289 7 18 19
740 7 18 12
3842 7 18 2
3412 7 19 87
392 7 19 81
966 7 19 75
2200 7 19 67
4913 7 19 59
4678 7 19 51
23 7 19 44
802 7 19 35
3840 7 19 27
82 7 19 19
4056 7 19 11
4451 7 19 4
3138 8 1 87
5570 8 1 80
3312 8 1 73
4728 8 1 67
4559 8 1 59
3989 8 1 51
5378 8 1 43
3715 8 1 34
3779 8 1 27
4693 8 1 18
2730 8 1 12
2862 8 1 2
3459 8 2 86
5403 8 2 79
701 8 2 74
4446 8 2 66
2152 8 2 59
3590 8 2 51
5070 8 2 43
3207 8 2 34
2187 8 2 27
3246 8 2 18
5550 8 2 11
3968 8 2 4
383 8 4 86
3996 8 4 79
4300 8 4 73
2640 8 4 67
4334 8 4 59
3357 8 4 51
4318 8 4 43
1767 8 4 34
1939 8 4 27
2596 8 4 18
5016 8 4 11
3791 8 4 4
5603 8 5 85
2717 8 5 78
2180 8 5 67
3191 8 5 59
2212 8 5 51
4114 8 5 43
1462 8 5 34
1605 8 5 27
473 8 5 18
5171 8 5 10
530 8 5 3
3756 8 13 85
2162 8 13 78
5448 8 13 66
1351 8 13 59
4140 8 13 50
547 8 13 43
382 8 13 33
2908 8 13 27
5591 8 13 17
716 8 13 11
2707 8 13 4
4262 9 1 84
295 9 1 77
953 9 1 70
3019 9 1 63
1686 9 1 56
3619 9 1 50
161 9 1 43
5291 9 1 32
774 9 1 25
882 9 1 19
3801 9 1 11
2585 9 1 4
3523 9 2 84
5419 9 2 76
403 9 2 71
1898 9 2 61
2793 9 2 52
2510 9 2 45
4807 9 2 38
262 9 2 33
2565 9 2 27
5384 9 2 17
2455 9 2 10
139 9 2 3
3537 9 10 83
3238 9 10 77
309 9 10 70
2539 9 10 63
5504 9 10 55
2930 9 10 45
4798 9 10 38
29 9 10 33
2094 9 10 27
5119 9 10 17
1242 9 10 10
2411 9 10 2
4811 9 11 82
465 9 11 77
4813 9 11 69
3519 9 11 60
2080 9 11 54
638 9 11 49
103 9 11 44
602 9 11 35
2409 9 11 27
4165 9 11 17
575 9 11 10
4234 9 11 1
3169 9 12 82
2934 9 12 76
2866 9 12 70
2195 9 12 63
4201 9 12 55
2620 9 12 45
4043 9 12 38
3084 9 12 32
132 9 12 25
5107 9 12 18
4797 9 12 10
1090 9 12 1
2437 9 13 82
2621 9 13 76
2688 9 13 70
1321 9 13 63
3192 9 13 55
2315 9 13 45
3195 9 13 38
2895 9 13 32
2669 9 13 24
5519 9 13 18
3749 9 13 10
2014 9 13 2
4912 9 15 81
936 9 15 75
1778 9 15 67
1614 9 15 59
3909 9 15 50
78 9 15 43
3029 9 15 32
962 9 15 24
3257 9 15 18
2528 9 15 10
1854 9 15 2
4478 9 16 81
58 9 16 75
2470 9 16 66
4488 9 16 58
481 9 16 51
2301 9 16 43
2715 9 16 32
805 9 16 24
1487 9 16 18
2067 9 16 10
1442 9 16 2
3254 9 18 80
2986 9 18 73
4683 9 18 66
2922 9 18 58
163 9 18 51
4689 9 18 42
1364 9 18 36
3186 9 18 27
4121 9 18 17
4859 9 18 9
5459 9 18 1
5106 10 1 77
5327 10 1 68
4235 10 1 61
2704 10 1 52
30 10 1 45
2408 10 1 38
686 10 1 32
411 10 1 24
659 10 1 18
304 10 1 10
5262 10 1 1
50 10 2 77
4990 10 2 68
2719 10 2 61
3973 10 2 51
1072 10 2 42
4035 10 2 35
5382 10 2 26
2150 10 2 19
2824 10 2 11
758 10 2 4
5316 10 3 76
2449 10 3 70
1259 10 3 63
1685 10 3 55
1969 10 3 45
1203 10 3 38
5525 10 3 31
2792 10 3 24
449 10 3 18
4396 10 3 9
5156 10 3 1
4258 10 4 76
5224 10 4 69
3473 10 4 60
230 10 4 54
632 10 4 49
4852 10 4 43
544 10 4 32
5031 10 4 23
552 10 4 16
4997 10 4 8
4030 10 4 2
3379 10 5 67
1547 10 5 59
1102 10 5 50
954 10 5 42
3410 10 5 35
5049 10 5 26
4835 10 5 18
3265 10 5 9
4630 10 5 1
1652 10 6 64
4930 10 6 56
3149 10 6 50
4892 10 6 41
5078 10 6 32
4000 10 6 23
5105 10 6 15
4761 10 6 7
3600 10 6 2
2215 10 7 59
981 10 7 50
3564 10 7 41
3187 10 7 32
1091 10 7 23
4048 10 7 15
5464 10 7 6
4612 10 8 54
310 10 8 48
1413 10 8 42
3131 10 8 35
837 10 8 26
2330 10 8 18
1732 10 8 9
1753 10 8 1
3211 10 9 49
4298 10 9 43
5568 10 9 31
2168 10 9 24
2822 10 9 17
4294 10 9 9
680 10 9 1
4469 10 10 45
492 10 10 38
2603 10 10 31
1688 10 10 24
1927 10 10 17
3887 10 10 9
231 10 10 2
2662 10 15 96
900 10 15 91
3782 10 15 83
893 10 15 77
2759 10 15 68
2613 10 15 61
2807 10 15 51
3298 10 15 41
572 10 15 32
799 10 15 23
3260 10 15 15
4658 10 15 6
5114 10 16 95
3637 10 16 91
2192 10 16 83
5545 10 16 76
4830 10 16 69
2367 10 16 60
2789 10 16 53
3681 10 16 45
5481 10 16 37
4794 10 16 30
437 10 16 25
4684 10 16 18
1700 10 16 9
5089 10 16 1
4190 10 18 95
4135 10 18 90
2016 10 18 84
4860 10 18 76
2355 10 18 69
1783 10 18 60
2224 10 18 53
2913 10 18 45
4773 10 18 37
3104 10 18 30
5442 10 18 24
1020 10 18 17
1958 10 18 9
4625 10 18 1
1495 11 7 95
3898 11 7 90
4519 11 7 83
5401 11 7 76
1438 11 7 69
673 11 7 60
583 11 7 53
1608 11 7 45
1336 11 7 37
2445 11 7 30
2897 11 7 24
154 11 7 17
260 11 7 9
3969 11 7 1
1408 11 8 95
5420 11 8 89
4408 11 8 82
5318 11 8 75
2230 11 8 66
1693 11 8 58
16 11 8 51
3237 11 8 41
520 11 8 32
4906 11 8 22
1069 11 8 15
3018 11 8 6
1136 11 9 95
5168 11 9 89
3795 11 9 82
5306 11 9 75
2196 11 9 66
1197 11 9 58
5463 11 9 50
3366 11 9 41
199 11 9 32
2740 11 9 22
89 11 9 15
1998 11 9 6
24 11 10 95
3753 11 10 89
3770 11 10 82
4031 11 10 75
1759 11 10 66
4713 11 10 57
2276 11 10 50
3339 11 10 41
174 11 10 32
2170 11 10 22
5432 11 10 14
2288 11 10 7
1070 11 10 1
5066 11 12 94
2462 11 12 88
1637 11 12 83
3469 11 12 76
1400 11 12 69
357 11 12 60
5275 11 12 52
5313 11 12 44
5392 11 12 34
419 11 12 27
3924 11 12 17
5509 11 12 8
4826 11 13 94
574 11 13 88
1974 11 13 82
3297 11 13 75
1249 11 13 66
835 11 13 57
2188 11 13 50
2588 11 13 41
4257 11 13 31
298 11 13 24
129 11 13 17
5430 11 13 8
4644 11 15 94
236 11 15 88
1472 11 15 82
2700 11 15 75
5305 11 15 65
406 11 15 58
4392 11 15 50
1883 11 15 41
3767 11 15 31
3522 11 15 23
5312 11 15 14
1322 11 15 7
4282 11 16 94
4450 11 16 87
5110 11 16 80
2100 11 16 73
3815 11 16 66
2322 11 16 56
1906 11 16 50
1589 11 16 41
535 11 16 31
2023 11 16 23
4467 11 16 14
660 11 16 7
3404 11 18 94
1942 11 18 87
4418 11 18 80
1075 11 18 73
3071 11 18 66
351 11 18 56
1222 11 18 50
1106 11 18 41
5588 11 18 30
808 11 18 24
4574 11 18 16
2518 11 18 8
2480 12 0 94
1084 12 0 87
3291 12 0 80
499 12 0 73
2457 12 0 66
4439 12 0 55
4879 12 0 44
5015 12 0 34
5414 12 0 26
1690 12 0 18
5490 12 0 8
5450 12 1 93
2556 12 1 86
3954 12 1 79
3345 12 1 73
683 12 1 66
1552 12 1 55
4445 12 1 44
4187 12 1 34
5292 12 1 26
1480 12 1 18
4953 12 1 8
5337 12 2 93
2073 12 2 86
4890 12 2 78
4593 12 2 66
2850 12 2 54
4457 12 2 47
4784 12 2 39
730 12 2 32
2160 12 2 22
5102 12 2 14
576 12 2 7
545 12 3 93
1510 12 3 86
4851 12 3 78
3560 12 3 66
2039 12 3 54
4060 12 3 47
3691 12 3 39
290 12 3 32
1161 12 3 22
5018 12 3 14
5547 12 3 6
3956 12 4 92
3080 12 4 85
1054 12 4 78
2683 12 4 66
1868 12 4 54
1097 12 4 47
4886 12 4 38
2232 12 4 31
1159 12 4 23
2370 12 4 14
4812 12 4 6
3121 12 5 92
704 12 5 85
897 12 5 78
2159 12 5 66
186 12 5 54
949 12 5 47
4511 12 5 38
598 12 5 31
4971 12 5 22
4793 12 5 14
3878 12 5 6
2354 12 6 92
3607 12 6 84
1446 12 6 76
5041 12 6 68
2277 12 6 61
4326 12 6 50
5356 12 6 40
2594 12 6 34
2493 12 6 26
4537 12 6 17
4485 12 6 8
4834 12 10 91
41 12 10 83
3180 12 10 76
4562 12 10 68
1802 12 10 61
3267 12 10 50
4642 12 10 40
2350 12 10 34
1869 12 10 26
226 12 10 17
3228 12 10 8
4664 12 12 91
5411 12 12 82
1354 12 12 75
996 12 12 65
12 12 12 58
3039 12 12 50
3845 12 12 40
833 12 12 34
1633 12 12 26
2430 12 12 16
636 12 12 8
2096 12 13 91
4655 12 13 82
3162 12 13 74
4309 12 13 66
3764 12 13 53
1603 12 13 45
5310 12 13 36
1383 12 13 27
2345 12 13 17
2157 12 13 8
1770 12 15 91
4373 12 15 82
2946 12 15 74
3451 12 15 66
2558 12 15 53
5223 12 15 44
4163 12 15 34
1402 12 15 26
3614 12 15 15
1755 12 15 6
380 12 16 91
4057 12 16 82
761 12 16 74
2429 12 16 66
2202 12 16 53
5173 12 16 44
3940 12 16 34
102 12 16 26
3048 12 16 15
975 12 16 6
5587 12 18 90
4448 12 18 83
1147 12 18 76
4025 12 18 68
1317 12 18 61
2125 12 18 50
3405 12 18 40
703 12 18 34
5298 12 18 25
4575 12 18 18
4526 12 18 8
5365 13 0 90
2958 13 0 83
2523 13 0 75
5566 13 0 64
4342 13 0 56
45 13 0 50
3102 13 0 40
4316 13 0 33
1089 13 0 27
1391 13 0 17
902 13 0 8
4844 13 1 90
1387 13 1 83
2373 13 1 75
3739 13 1 64
3300 13 1 56
5506 13 1 49
1544 13 1 43
3209 13 1 31
4083 13 1 22
4196 13 1 14
2356 13 1 6
3722 13 2 90
1370 13 2 83
2123 13 2 75
363 13 2 64
2601 13 2 56
4218 13 2 49
92 13 2 43
2650 13 2 31
3964 13 2 22
2909 13 2 14
1311 13 2 6
3513 13 3 90
769 13 3 83
185 13 3 75
4197 13 3 63
105 13 3 55
2999 13 3 43
2163 13 3 31
3750 13 3 22
1440 13 3 14
373 13 3 6
2753 13 4 90
348 13 4 83
5567 13 4 74
2378 13 4 66
695 13 4 53
3044 13 4 44
3001 13 4 34
4340 13 4 25
4125 13 4 18
4152 13 4 8
2428 13 5 90
60 13 5 83
4714 13 5 74
702 13 5 66
104 13 5 53
2265 13 5 44
2495 13 5 34
3448 13 5 25
468 13 5 18
3443 13 5 8
402 13 6 90
5264 13 6 82
242 13 6 74
538 13 6 66
1557 13 6 52
5072 13 6 44
2387 13 6 34
2024 13 6 25
67 13 6 18
1127 13 6 8
247 13 7 90
5225 13 7 82
5164 13 7 73
5141 13 7 65
3928 13 7 57
1474 13 7 50
1951 13 7 40
3921 13 7 33
43 13 7 27
2760 13 7 16
5533 13 7 7
4866 13 8 89
3391 13 8 82
4855 13 8 73
4374 13 8 65
2306 13 8 57
3695 13 8 49
4518 13 8 42
504 13 8 35
2132 13 8 25
4217 13 8 17
305 13 8 8
4738 13 10 89
1531 13 10 82
4825 13 10 73
4205 13 10 65
2134 13 10 57
2044 13 10 49
4228 13 10 42
75 13 10 35
1745 13 10 25
2207 13 10 17
5555 13 10 7
4264 13 11 89
941 13 11 82
4192 13 11 73
3123 13 11 65
1808 13 11 57
1991 13 11 49
3087 13 11 42
5006 13 11 34
1899 13 11 25
1596 13 11 17
3236 13 11 7
3311 13 12 89
5572 13 12 81
4952 13 12 74
286 13 12 66
1461 13 12 52
1746 13 12 44
5300 13 12 33
4730 13 12 26
955 13 12 15
4090 13 12 5
2061 13 16 89
5238 13 16 81
4110 13 16 74
3273 13 16 65
1132 13 16 57
617 13 16 49
2960 13 16 42
1811 13 16 34
1749 13 16 25
691 13 16 17
1627 13 16 7
1805 13 18 89
2167 13 18 81
3430 13 18 74
1847 13 18 65
4231 13 18 56
3299 13 18 49
1029 13 18 42
821 13 18 34
4895 13 18 24
2459 13 18 16
2025 13 18 7
1281 13 19 89
2108 13 19 81
5022 13 19 73
3030 13 19 65
2576 13 19 56
2661 13 19 49
4944 13 19 41
4046 13 19 30
705 13 19 24
1166 13 19 16
1204 13 19 7
1053 14 16 89
425 14 16 81
4198 14 16 73
254 14 16 65
4103 14 16 55
2978 14 16 43
1372 14 16 31
700 14 16 22
751 14 16 14
5579 14 16 5
381 14 18 89
5308 14 18 80
77 14 18 73
5129 14 18 64
1829 14 18 56
1477 14 18 49
4397 14 18 41
2997 14 18 30
5480 14 18 23
2138 14 18 14
2801 14 18 5
3638 14 19 88
1386 14 19 82
3774 14 19 73
4199 14 19 64
216 14 19 56
860 14 19 49
3041 14 19 41
2352 14 19 30
3487 14 19 23
1509 14 19 14
1648 14 19 5
5011 15 0 87
2935 15 0 80
5604 15 0 72
2448 15 0 67
1449 15 0 59
555 15 0 50
1714 15 0 40
2418 15 0 33
2328 15 0 26
580 15 0 15
2855 15 0 5
3172 15 1 87
2902 15 1 80
4138 15 1 72
1340 15 1 67
889 15 1 59
537 15 1 50
750 15 1 40
1945 15 1 33
560 15 1 26
4367 15 1 14
1237 15 1 5
2145 15 2 87
2514 15 2 80
3520 15 2 72
1308 15 2 67
469 15 2 59
36 15 2 50
509 15 2 40
4889 15 2 32
731 15 2 22
4466 15 2 13
1466 15 2 5
723 15 3 87
4423 15 3 79
2431 15 3 73
3521 15 3 64
4620 15 3 55
4929 15 3 42
209 15 3 34
1028 15 3 24
321 15 3 16
5578 15 3 6
971 15 4 86
4680 15 4 78
4330 15 4 65
3834 15 4 55
3094 15 4 42
153 15 4 34
3175 15 4 23
1087 15 4 14
1188 15 4 5
3486 15 5 85
233 15 5 78
2347 15 5 65
898 15 5 55
1968 15 5 42
5510 15 5 33
3935 15 5 25
4177 15 5 16
5400 15 5 6
2320 15 6 85
2903 15 6 77
2567 15 6 68
870 15 6 61
781 15 6 50
2151 15 6 39
2578 15 6 31
418 15 6 22
3450 15 6 13
467 15 6 5
1727 15 7 85
2536 15 7 76
3752 15 7 68
3622 15 7 60
4887 15 7 52
1570 15 7 44
2589 15 7 33
3709 15 7 25
1773 15 7 16
3978 15 7 6
1088 15 8 85
2405 15 8 76
2928 15 8 68
3508 15 8 60
2872 15 8 52
1052 15 8 44
1437 15 8 33
2115 15 8 25
1032 15 8 15
4570 15 8 3
5331 15 10 84
532 15 10 76
367 15 10 68
3317 15 10 60
2489 15 10 52
4128 15 10 43
4405 15 10 30
3323 15 10 23
3086 15 10 13
4219 15 10 4
2945 15 11 84
416 15 11 76
5433 15 11 67
266 15 11 59
2664 15 11 49
1526 15 11 41
1393 15 11 30
1933 15 11 23
2722 15 11 13
2555 15 11 4
3045 15 12 83
3515 15 12 74
522 15 12 65
5342 15 12 54
4999 15 12 46
4034 15 12 38
4842 15 12 30
1175 15 12 23
1414 15 12 13
2362 15 12 4
2292 15 13 83
2282 15 13 74
170 15 13 65
5177 15 13 53
1138 15 13 44
1026 15 13 33
1488 15 13 25
919 15 13 15
5454 15 13 2
5145 15 14 82
2832 15 14 73
2912 15 14 64
2910 15 14 55
1505 15 14 42
4548 15 14 33
1357 15 14 25
3411 15 14 14
2915 15 14 4
4520 15 16 82
942 15 16 73
3812 15 16 63
3141 15 16 54
4395 15 16 46
3792 15 16 38
3698 15 16 30
623 15 16 23
336 15 16 13
2238 15 16 4
2112 16 0 82
447 16 0 73
2010 16 0 63
1758 16 0 54
3942 16 0 46
3115 16 0 38
2583 16 0 30
4667 16 0 22
3261 16 0 13
1996 16 0 4
767 16 10 81
3675 16 10 73
1856 16 10 63
965 16 10 54
3827 16 10 46
3043 16 10 38
1511 16 10 30
4212 16 10 22
3101 16 10 13
458 16 10 4
5163 16 16 80
2501 16 16 72
589 16 16 67
1 16 16 59
2333 16 16 49
1180 16 16 41
4150 16 16 29
4458 16 16 22
2880 16 16 13
296 16 16 4
4752 16 17 80
1593 16 17 72
3647 16 17 66
1042 16 17 52
4055 16 17 43
4359 16 17 30
4013 16 17 22
2871 16 17 13
5057 16 17 3
1288 16 18 80
1067 16 18 72
3215 16 18 66
165 16 18 52
2532 16 18 43
5091 16 18 29
3787 16 18 22
2752 16 18 13
4394 16 18 3
302 16 19 80
5527 16 19 71
1817 16 19 61
3768 16 19 49
464 16 19 41
3108 16 19 29
2474 16 19 22
1703 16 19 13
606 16 19 3
210 17 0 79
2144 17 0 73
1825 17 0 63
5405 17 0 53
19 17 0 44
674 17 0 33
1307 17 0 25
2955 17 0 14
678 17 0 4
2435 17 2 78
5416 17 2 64
1845 17 2 55
2042 17 2 41
2460 17 2 29
5199 17 2 21
2236 17 2 12
780 17 2 2
151 17 3 72
2406 17 3 66
2950 17 3 51
1750 17 3 41
1591 17 3 29
4369 17 3 21
1840 17 3 12
2234 17 3 1
5472 17 4 69
3255 17 4 59
3569 17 4 48
196 17 4 42
2961 17 4 33
4809 17 4 24
5185 17 4 15
3818 17 4 2
2884 17 5 95
3488 17 5 89
4893 17 5 80
3950 17 5 71
4614 17 5 60
4931 17 5 51
1630 17 5 41
147 17 5 29
2177 17 5 21
1297 17 5 12
625 17 5 1
4960 17 6 94
675 17 6 87
3816 17 6 79
1667 17 6 73
1377 17 6 63
4818 17 6 53
4946 17 6 43
2319 17 6 29
1395 17 6 21
4547 17 6 11
246 17 6 4
1514 17 7 94
4349 17 7 86
4278 17 7 78
4347 17 7 63
3051 17 7 53
4525 17 7 43
3998 17 7 28
4805 17 7 20
1124 17 7 12
5488 17 7 3
5346 17 8 93
4484 17 8 85
775 17 8 76
5166 17 8 67
5217 17 8 58
4156 17 8 49
4585 17 8 40
1080 17 8 32
5594 17 8 21
2086 17 8 11
5471 17 8 3
4232 17 10 93
2139 17 10 85
479 17 10 76
4250 17 10 67
4665 17 10 58
1252 17 10 49
4341 17 10 40
1014 17 10 32
4096 17 10 21
818 17 10 11
2587 17 10 3
3548 17 12 93
1902 17 12 85
27 17 12 76
2126 17 12 67
4306 17 12 58
1046 17 12 49
3961 17 12 40
2642 17 12 31
3650 17 12 21
733 17 12 11
5455 17 12 2
2267 17 13 93
4558 17 13 84
4874 17 13 75
3888 17 13 63
2980 17 13 53
1390 17 13 43
1973 17 13 28
3400 17 13 20
1061 17 13 12
4255 17 13 2
2218 17 14 93
4009 17 14 84
2767 17 14 75
2571 17 14 63
2944 17 14 53
1226 17 14 43
1448 17 14 28
1417 17 14 20
5338 17 14 11
1251 17 14 2
725 17 16 93
4002 17 16 84
2422 17 16 75
268 17 16 63
1379 17 16 53
4027 17 16 42
1148 17 16 33
3775 17 16 24
5127 17 16 15
3710 17 16 2
722 17 17 93
3534 17 17 84
1999 17 17 75
20 17 17 63
204 17 17 53
2745 17 17 42
946 17 17 33
3259 17 17 24
4242 17 17 15
76 17 17 2
5134 17 18 92
2432 17 18 84
327 17 18 75
5309 17 18 62
2776 17 18 55
1730 17 18 41
5611 17 18 28
1320 17 18 20
4304 17 18 11
4 17 18 2
4393 17 19 92
1331 17 19 84
5293 17 19 74
2614 17 19 64
1674 17 19 55
1706 17 19 41
3599 17 19 28
463 17 19 20
861 17 19 11
3252 17 19 1
4314 18 0 92
1017 18 0 84
2013 18 0 74
1056 18 0 64
964 18 0 55
1066 18 0 41
2466 18 0 28
83 18 0 20
267 18 0 10
3326 18 2 92
3276 18 2 83
2655 18 2 73
1326 18 2 63
11 18 2 53
1702 18 2 42
4087 18 2 32
3939 18 2 21
3146 18 2 10
2769 18 3 92
2477 18 3 83
1993 18 3 73
358 18 3 63
5511 18 3 52
5080 18 3 42
2861 18 3 32
1613 18 3 21
1913 18 3 10
4845 18 10 91
3455 18 10 82
4552 18 10 72
1536 18 10 66
431 18 10 51
1238 18 10 41
1955 18 10 28
4133 18 10 19
1867 18 10 11
1781 18 10 1
3351 18 12 91
2478 18 12 82
4443 18 12 72
1330 18 12 66
3387 18 12 50
894 18 12 39
810 18 12 31
3332 18 12 21
192 18 12 10
1807 18 13 91
2036 18 13 82
3137 18 13 72
4639 18 13 65
3809 18 13 53
1025 18 13 42
2383 18 13 32
1328 18 13 21
162 18 13 10
1698 19 0 91
4376 19 0 81
3221 19 0 73
4676 19 0 62
1673 19 0 55
643 19 0 41
1837 19 0 28
608 19 0 19
817 19 0 11
365 19 0 1
5191 19 2 90
4950 19 2 82
2771 19 2 72
4491 19 2 65
1803 19 2 53
4483 19 2 41
2426 19 2 27
819 19 2 16
2504 19 2 6
4239 19 3 90
4777 19 3 82
2197 19 3 72
3549 19 3 64
167 19 3 55
5543 19 3 39
4674 19 3 30
3873 19 3 22
977 19 3 13
5586 19 3 2
3882 19 5 90
3719 19 5 82
1508 19 5 72
1036 19 5 64
140 19 5 55
2525 19 5 39
2041 19 5 30
2321 19 5 22
2182 19 5 12
3872 19 6 90
3378 19 6 82
1422 19 6 72
548 19 6 64
4168 19 6 54
2799 19 6 46
2721 19 6 38
906 19 6 30
5317 19 6 21
4687 19 6 9
2574 19 7 90
3203 19 7 82
779 19 7 72
5467 19 7 63
5423 19 7 52
3785 19 7 42
4822 19 7 31
2213 19 7 21
1901 19 7 9
1774 19 8 90
1278 19 8 82
4332 19 8 71
3711 19 8 60
3646 19 8 51
4297 19 8 40
4556 19 8 30
4767 19 8 21
1896 19 8 9
4431 19 9 89
3927 19 9 80
3601 19 9 71
3269 19 9 60
1679 19 9 51
2517 19 9 40
3633 19 9 30
2316 19 9 21
5532 19 9 8
4132 19 10 89
3862 19 10 80
2451 19 10 71
2239 19 10 60
359 19 10 51
1401 19 10 40
1654 19 10 30
2158 19 10 21
3728 19 10 7
3740 19 12 89
2228 19 12 80
17 19 12 71
978 19 12 60
5565 19 12 50
5247 19 12 38
3967 19 12 29
435 19 12 21
2854 19 12 7
3731 19 13 89
2169 19 13 80
5458 19 13 70
871 19 13 63
5215 19 13 52
3100 19 13 42
4362 19 13 31
2206 19 13 21
2372 19 13 7
1484 19 15 89
2050 19 15 80
4494 19 15 70
395 19 15 63
5034 19 15 52
3020 19 15 42
4145 19 15 31
2000 19 15 21
279 19 15 7
648 19 16 89
1534 19 16 80
2819 19 16 70
642 19 16 62
1577 19 16 55
1558 19 16 38
3610 19 16 29
172 19 16 21
5487 19 16 6
5427 19 17 88
1329 19 17 82
3630 19 17 71
5021 19 17 59
2068 19 17 48
5447 19 17 41
753 19 17 27
5218 19 17 15
4173 19 17 1
5281 19 18 88
557 19 18 82
2632 19 18 71
3702 19 18 59
3281 19 18 47
2417 19 18 38
2842 19 18 29
4870 19 18 20
5193 19 18 9
4137 19 19 88
415 19 19 82
1373 19 19 71
3049 19 19 59
3859 19 19 46
620 19 19 38
320 19 19 29
2396 19 19 20
4207 19 19 9
