3012
4575 0 0 97
4810 0 0 94
287 0 0 92
3641 0 0 89
4104 0 0 86
5221 0 0 83
2321 0 0 81
3969 0 0 79
5374 0 0 77
6018 0 0 73
4917 0 0 70
4117 0 0 67
1009 0 0 65
3929 0 0 62
5809 0 0 59
5254 0 0 57
4360 0 0 54
4458 0 0 52
1289 0 0 49
2024 0 0 46
4779 0 0 43
1772 0 0 40
5060 0 0 37
3975 0 0 34
352 0 0 32
6271 0 0 30
4033 0 0 28
6453 0 0 25
6371 0 0 22
5799 0 0 19
5414 0 0 16
2106 0 0 13
1806 0 0 9
3315 0 0 7
3301 0 0 4
4218 0 0 2
6352 0 1 96
5049 0 1 92
3393 0 1 88
1572 0 1 86
1262 0 1 82
2612 0 1 79
4212 0 1 77
5842 0 1 73
3293 0 1 70
2731 0 1 67
4693 0 1 64
4729 0 1 61
2028 0 1 58
5337 0 1 56
6150 0 1 54
5100 0 1 51
4079 0 1 49
18 0 1 46
2079 0 1 43
5906 0 1 39
5135 0 1 36
6227 0 1 33
5151 0 1 30
3048 0 1 27
3035 0 1 24
3466 0 1 21
4781 0 1 19
5565 0 1 15
1767 0 1 12
3036 0 1 10
1897 0 1 7
1180 0 1 4
5818 0 1 1
6136 0 2 96
4047 0 2 92
3031 0 2 88
2167 0 2 85
5354 0 2 83
2067 0 2 80
5436 0 2 77
4984 0 2 73
3265 0 2 70
2023 0 2 67
5490 0 2 63
4971 0 2 60
1 0 2 58
5954 0 2 55
147 0 2 52
566 0 2 49
4275 0 2 45
5882 0 2 41
6069 0 2 38
2068 0 2 36
2868 0 2 32
6331 0 2 29
7 0 2 27
1541 0 2 24
4766 0 2 20
1544 0 2 17
6272 0 2 14
6206 0 2 11
5956 0 2 8
5321 0 2 5
2594 0 2 2
5052 0 3 96
1482 0 3 92
1686 0 3 88
4357 0 3 84
832 0 3 81
6256 0 3 77
4655 0 3 73
2595 0 3 70
4872 0 3 66
2482 0 3 63
3157 0 3 59
2732 0 3 56
4167 0 3 53
2746 0 3 51
5931 0 3 47
3898 0 3 44
3102 0 3 42
4379 0 3 39
2320 0 3 36
3927 0 3 31
5715 0 3 28
5722 0 3 25
3582 0 3 22
61 0 3 19
4915 0 3 15
1579 0 3 12
3795 0 3 9
5545 0 3 6
3817 0 3 4
5019 0 3 1
2759 0 4 96
1460 0 4 92
1078 0 4 88
1288 0 4 84
3285 0 4 80
3878 0 4 77
4202 0 4 73
2230 0 4 70
3305 0 4 66
328 0 4 63
2205 0 4 59
1888 0 4 56
1796 0 4 53
1411 0 4 51
717 0 4 47
3790 0 4 44
4856 0 4 41
6174 0 4 37
3199 0 4 34
5564 0 4 31
1822 0 4 28
5097 0 4 25
847 0 4 22
5970 0 4 18
5640 0 4 15
4270 0 4 11
1508 0 4 8
4876 0 4 5
1711 0 4 2
1662 0 5 96
3885 0 5 91
6139 0 5 88
4496 0 5 83
5783 0 5 79
1531 0 5 76
3394 0 5 72
3603 0 5 70
1335 0 5 66
4795 0 5 62
4592 0 5 59
4702 0 5 55
1502 0 5 51
6151 0 5 46
1842 0 5 43
5117 0 5 39
5293 0 5 35
4579 0 5 32
5468 0 5 28
4060 0 5 25
206 0 5 21
5463 0 5 18
4661 0 5 15
2180 0 5 11
5489 0 5 7
4568 0 5 3
2686 0 5 1
1285 0 6 96
1786 0 6 91
2479 0 6 88
3094 0 6 83
4198 0 6 79
740 0 6 76
3329 0 6 72
6087 0 6 68
2126 0 6 65
1642 0 6 62
5834 0 6 58
2747 0 6 54
4383 0 6 51
5701 0 6 45
5769 0 6 41
3983 0 6 37
2509 0 6 34
3724 0 6 31
6324 0 6 27
5477 0 6 23
5281 0 6 20
5643 0 6 16
5969 0 6 12
3611 0 6 9
5756 0 6 5
241 0 6 2
4367 0 7 95
3906 0 7 93
3477 0 7 89
6423 0 7 84
8 0 7 80
5394 0 7 76
51 0 7 72
539 0 7 68
4426 0 7 64
2088 0 7 61
4277 0 7 57
3248 0 7 54
6459 0 7 50
5689 0 7 46
16 0 7 43
4143 0 7 39
5002 0 7 35
604 0 7 32
3663 0 7 28
913 0 7 25
3951 0 7 20
5334 0 7 16
327 0 7 12
2407 0 7 9
3542 0 7 5
3719 0 7 1
3432 0 8 95
750 0 8 93
2921 0 8 89
6135 0 8 84
5924 0 8 79
5637 0 8 74
2645 0 8 71
2441 0 8 68
3943 0 8 64
5168 0 8 60
2249 0 8 56
6378 0 8 52
3616 0 8 48
3766 0 8 45
6461 0 8 40
2105 0 8 36
2315 0 8 31
5543 0 8 27
2372 0 8 23
5068 0 8 20
5266 0 8 16
4090 0 8 11
4147 0 8 7
3341 0 8 3
2517 0 9 95
4071 0 9 92
696 0 9 88
1295 0 9 83
1294 0 9 78
3244 0 9 76
5154 0 9 71
5977 0 9 66
3644 0 9 62
4474 0 9 58
4812 0 9 53
4973 0 9 50
4967 0 9 46
6436 0 9 42
3945 0 9 39
2091 0 9 35
3956 0 9 31
4377 0 9 27
1325 0 9 23
3999 0 9 20
4103 0 9 15
50 0 9 11
2647 0 9 7
6409 0 9 2
2937 0 10 94
5873 0 10 91
5788 0 10 87
4389 0 10 85
5316 0 10 82
384 0 10 79
4980 0 10 74
2338 0 10 71
5466 0 10 66
1724 0 10 62
4268 0 10 58
1322 0 10 53
4669 0 10 50
4159 0 10 46
4410 0 10 42
4916 0 10 38
421 0 10 35
3373 0 10 31
3500 0 10 27
2335 0 10 22
1252 0 10 18
3444 0 10 15
4723 0 10 10
4789 0 10 6
3333 0 10 3
2383 0 11 94
2289 0 11 91
4907 0 11 87
3996 0 11 85
3460 0 11 81
3867 0 11 77
3980 0 11 73
2010 0 11 69
2384 0 11 67
3797 0 11 63
5660 0 11 58
245 0 11 53
611 0 11 50
3268 0 11 46
3075 0 11 42
5885 0 11 37
4361 0 11 33
3071 0 11 30
4782 0 11 26
2633 0 11 23
2816 0 11 19
4899 0 11 15
4633 0 11 10
3364 0 11 6
656 0 11 3
5574 0 12 93
1595 0 12 89
5027 0 12 84
5676 0 12 79
3907 0 12 74
6348 0 12 70
5578 0 12 65
4402 0 12 61
3630 0 12 57
3175 0 12 53
6008 0 12 49
3876 0 12 45
6083 0 12 40
1222 0 12 36
1439 0 12 31
2295 0 12 27
1533 0 12 22
277 0 12 18
2603 0 12 15
4064 0 12 10
3252 0 12 6
6428 0 12 2
5573 0 13 93
5796 0 13 88
957 0 13 83
1141 0 13 78
5287 0 13 75
5729 0 13 73
5997 0 13 68
3654 0 13 64
5159 0 13 60
37 0 13 56
5431 0 13 51
5112 0 13 45
4615 0 13 40
5242 0 13 35
3311 0 13 31
1012 0 13 27
1173 0 13 22
4635 0 13 17
2306 0 13 14
4469 0 13 11
2087 0 13 7
5847 0 13 2
5415 0 14 93
5214 0 14 88
5583 0 14 82
69 0 14 79
359 0 14 74
5874 0 14 70
1632 0 14 65
4399 0 14 61
2260 0 14 57
2136 0 14 53
4892 0 14 49
2653 0 14 45
4347 0 14 40
4149 0 14 35
689 0 14 31
922 0 14 27
970 0 14 22
6468 0 14 16
2498 0 14 11
801 0 14 7
5816 0 14 2
3233 0 15 93
978 0 15 88
2897 0 15 82
3326 0 15 78
5546 0 15 74
1524 0 15 70
774 0 15 65
3843 0 15 61
1275 0 15 57
140 0 15 53
3799 0 15 49
3801 0 15 44
1791 0 15 41
1588 0 15 37
4716 0 15 32
2016 0 15 28
556 0 15 25
2178 0 15 20
3166 0 15 15
42 0 15 10
2504 0 15 6
4816 0 15 2
1969 0 16 93
865 0 16 88
2146 0 16 82
3249 0 16 78
1414 0 16 74
6012 0 16 69
4235 0 16 66
1029 0 16 62
664 0 16 58
43 0 16 53
1163 0 16 49
2351 0 16 44
5140 0 16 40
2741 0 16 35
6162 0 16 30
909 0 16 26
1636 0 16 23
2730 0 16 19
1852 0 16 15
5272 0 16 9
2215 0 16 5
1949 0 16 1
1821 0 17 93
6391 0 17 87
3324 0 17 85
3109 0 17 81
1803 0 17 77
2657 0 17 73
4968 0 17 68
767 0 17 64
681 0 17 60
6338 0 17 55
307 0 17 51
3592 0 17 45
3289 0 17 40
2685 0 17 35
6060 0 17 30
5994 0 17 25
1689 0 17 20
3084 0 17 15
3757 0 17 9
6217 0 17 4
500 0 18 93
3479 0 18 87
4217 0 18 84
2917 0 18 79
3215 0 18 73
3749 0 18 68
5617 0 18 63
6120 0 18 57
6015 0 18 52
3257 0 18 48
5864 0 18 44
4924 0 18 40
2520 0 18 35
5615 0 18 30
5899 0 18 25
1245 0 18 20
1388 0 18 15
3239 0 18 9
6167 0 18 4
6474 0 19 92
74 0 19 88
651 0 19 82
1984 0 19 78
3776 0 19 73
2827 0 19 68
5572 0 19 63
5040 0 19 57
5990 0 19 52
2904 0 19 48
4940 0 19 44
3234 0 19 40
579 0 19 35
4745 0 19 30
2255 0 19 25
200 0 19 20
1256 0 19 15
3159 0 19 9
5510 0 19 4
5843 2 1 92
4898 2 1 87
932 2 1 84
2860 2 1 79
926 2 1 73
1968 2 1 68
5312 2 1 63
2568 2 1 57
5459 2 1 52
2570 2 1 48
4040 2 1 44
2286 2 1 40
559 2 1 35
3345 2 1 30
1488 2 1 25
5780 2 1 19
5753 2 1 14
385 2 1 11
6204 2 1 6
4259 2 1 2
5289 2 2 92
4120 2 2 87
5975 2 2 83
815 2 2 78
1226 2 2 73
1682 2 2 68
4094 2 2 63
1623 2 2 57
5164 2 2 52
1193 2 2 48
1406 2 2 44
72 2 2 40
5163 2 2 34
4936 2 2 30
809 2 2 25
5453 2 2 19
4707 2 2 14
3184 2 2 10
2378 2 2 6
310 2 2 2
2790 2 3 92
3833 2 3 87
3431 2 3 83
5619 2 3 77
2224 2 3 73
1532 2 3 68
2447 2 3 63
1530 2 3 57
4281 2 3 52
152 2 3 48
6123 2 3 43
1276 2 3 39
285 2 3 35
2429 2 3 30
38 2 3 25
5253 2 3 19
4626 2 3 14
828 2 3 10
1271 2 3 6
6377 2 3 1
2237 2 4 92
3065 2 4 87
459 2 4 83
4794 2 4 77
5101 2 4 72
521 2 4 68
907 2 4 63
1446 2 4 57
487 2 4 52
5960 2 4 47
567 2 4 44
6154 2 4 39
5603 2 4 34
1157 2 4 30
4738 2 4 24
4616 2 4 20
1150 2 4 15
1982 2 4 9
5217 2 4 4
1704 2 5 92
999 2 5 87
5449 2 5 82
1683 2 5 78
1072 2 5 73
5458 2 5 67
2552 2 5 63
6319 2 5 56
5317 2 5 51
1428 2 5 45
547 2 5 40
5000 2 5 34
3778 2 5 29
1980 2 5 26
5877 2 5 22
6196 2 5 16
2188 2 5 11
3458 2 5 6
4853 2 5 1
5766 2 6 91
4823 2 6 87
3652 2 6 82
5987 2 6 77
231 2 6 72
3706 2 6 67
6475 2 6 62
558 2 6 58
1841 2 6 52
5069 2 6 47
6010 2 6 43
633 2 6 39
3150 2 6 34
3146 2 6 29
6022 2 6 25
4171 2 6 19
4584 2 6 14
6195 2 6 9
2972 2 6 4
4392 2 7 91
4291 2 7 87
2186 2 7 82
5581 2 7 77
6422 2 7 71
4684 2 7 66
637 2 7 62
351 2 7 58
879 2 7 52
4407 2 7 47
4435 2 7 43
501 2 7 39
2421 2 7 34
254 2 7 29
374 2 7 25
1721 2 7 19
4375 2 7 14
5879 2 7 9
2528 2 7 4
4595 2 9 90
987 2 9 87
766 2 9 82
3782 2 9 77
5838 2 9 71
5324 2 9 65
3282 2 9 61
280 2 9 57
402 2 9 52
4403 2 9 47
1326 2 9 43
5675 2 9 38
3574 2 9 34
196 2 9 29
243 2 9 25
1125 2 9 19
1218 2 9 14
4533 2 9 9
6314 2 9 3
4490 2 10 90
2795 2 10 86
5290 2 10 81
1370 2 10 77
4720 2 10 71
5088 2 10 65
1362 2 10 61
5509 2 10 56
4809 2 10 51
1399 2 10 45
4523 2 10 39
1228 2 10 34
5755 2 10 28
5646 2 10 24
3313 2 10 20
6198 2 10 14
4524 2 10 9
6289 2 10 3
4115 2 11 90
625 2 11 86
3384 2 11 81
3889 2 11 76
2831 2 11 71
4690 2 11 65
1309 2 11 61
4388 2 11 56
3793 2 11 51
568 2 11 45
1353 2 11 39
780 2 11 34
5469 2 11 28
4560 2 11 24
2058 2 11 20
5379 2 11 14
3205 2 11 9
3893 2 11 3
4045 2 12 90
4581 2 12 85
2833 2 12 81
3807 2 12 76
2523 2 12 71
1034 2 12 65
5798 2 12 60
5849 2 12 55
5393 2 12 50
2481 2 12 46
4780 2 12 41
553 2 12 37
4507 2 12 32
1956 2 12 28
1431 2 12 24
1817 2 12 20
5208 2 12 14
2374 2 12 9
3472 2 12 3
1975 2 13 90
3428 2 13 85
2092 2 13 81
3378 2 13 76
610 2 13 71
5456 2 13 64
2578 2 13 59
4502 2 13 55
2342 2 13 50
4682 2 13 45
1052 2 13 39
184 2 13 34
5390 2 13 28
364 2 13 24
1744 2 13 20
4162 2 13 14
1042 2 13 9
1505 2 13 3
4029 2 15 89
4862 2 15 84
6472 2 15 78
6351 2 15 72
2878 2 15 67
6429 2 15 62
4874 2 15 57
5698 2 15 51
5362 2 15 44
5405 2 15 39
5723 2 15 33
428 2 15 30
3917 2 15 24
3144 2 15 19
5585 2 15 13
845 2 15 9
4937 2 15 2
3937 2 16 89
5891 2 16 83
4170 2 16 77
3924 2 16 71
5186 2 16 64
2391 2 16 59
4818 2 16 54
4906 2 16 50
2540 2 16 45
361 2 16 39
4822 2 16 33
5268 2 16 29
6287 2 16 24
5025 2 16 18
1498 2 16 15
197 2 16 9
4873 2 16 2
4190 2 17 88
191 2 17 82
3023 2 17 77
2361 2 17 71
4286 2 17 64
1367 2 17 59
3310 2 17 54
3674 2 17 50
2204 2 17 45
6463 2 17 38
2919 2 17 34
4532 2 17 28
4481 2 17 23
2624 2 17 19
4075 2 17 13
444 2 17 9
4516 2 17 2
822 2 18 88
25 2 18 82
2725 2 18 77
846 2 18 71
3655 2 18 64
1220 2 18 59
308 2 18 54
2381 2 18 49
1424 2 18 44
5222 2 18 39
1777 2 18 33
4272 2 18 29
6221 2 18 24
4928 2 18 18
192 2 18 15
4909 2 18 8
5580 2 18 4
5365 2 19 87
180 2 19 82
2389 2 19 77
342 2 19 71
2049 2 19 64
4879 2 19 58
728 2 19 52
3564 2 19 47
5737 2 19 42
5326 2 19 37
3683 2 19 32
6452 2 19 27
9 2 19 22
3078 2 19 16
6369 2 19 10
944 2 19 6
4247 2 19 1
4369 3 1 87
85 3 1 82
733 3 1 77
6189 3 1 70
597 3 1 65
4845 3 1 60
5450 3 1 55
1121 3 1 50
5534 3 1 44
4721 3 1 39
66 3 1 33
1136 3 1 29
5244 3 1 24
4764 3 1 18
5781 3 1 14
19 3 1 9
3861 3 1 2
3610 3 2 86
3018 3 2 81
3103 3 2 76
5059 3 2 70
437 3 2 65
3550 3 2 60
4861 3 2 55
5812 3 2 49
1337 3 2 44
4074 3 2 39
6388 3 2 32
4059 3 2 27
4619 3 2 21
5237 3 2 18
4480 3 2 14
3670 3 2 8
3752 3 2 4
1905 3 3 86
258 3 3 81
2961 3 3 76
5050 3 3 70
4106 3 3 64
4658 3 3 58
297 3 3 52
1659 3 3 47
4173 3 3 42
3480 3 3 37
3269 3 3 32
3796 3 3 27
3547 3 3 21
5485 3 3 17
3634 3 3 13
6387 3 3 8
1452 3 3 3
1478 3 4 86
4806 3 4 80
5385 3 4 76
4974 3 4 70
2792 3 4 64
4555 3 4 58
1314 3 4 51
4461 3 4 44
2043 3 4 39
6183 3 4 32
3760 3 4 27
2631 3 4 21
3513 3 4 17
409 3 4 13
3661 3 4 8
1257 3 4 3
1459 3 5 86
3814 3 5 80
2300 3 5 76
3053 3 5 70
2499 3 5 64
4258 3 5 58
393 3 5 51
2108 3 5 44
5255 3 5 38
5433 3 5 33
1073 3 5 29
5451 3 5 23
5727 3 5 18
3934 3 5 14
1924 3 5 8
6205 3 5 2
5535 3 6 85
5869 3 6 80
1594 3 6 76
3493 3 6 69
4790 3 6 65
6101 3 6 59
5258 3 6 53
4938 3 6 48
5691 3 6 43
5004 3 6 38
4152 3 6 33
6327 3 6 28
570 3 6 23
5039 3 6 18
1685 3 6 14
919 3 6 8
3870 3 6 2
4455 3 7 85
5830 3 7 80
1333 3 7 76
3408 3 7 69
3739 3 7 65
4434 3 7 59
4457 3 7 53
3283 3 7 48
2288 3 7 43
2431 3 7 38
4038 3 7 33
5685 3 7 28
4114 3 7 22
6296 3 7 15
3376 3 7 8
4891 3 7 1
5732 3 9 84
3636 3 9 78
6334 3 9 72
2217 3 9 67
6119 3 9 62
4652 3 9 57
5282 3 9 51
1567 3 9 44
3586 3 9 38
3863 3 9 33
4448 3 9 28
3336 3 9 22
5968 3 9 15
3126 3 9 8
3437 3 9 1
2896 3 10 84
3185 3 10 78
4849 3 10 72
5241 3 10 66
5045 3 10 61
3105 3 10 56
3786 3 10 51
984 3 10 44
2069 3 10 38
3559 3 10 33
3456 3 10 28
3091 3 10 22
5036 3 10 15
5659 3 10 7
4418 3 10 2
1880 3 11 83
3334 3 11 77
5248 3 11 70
5478 3 11 63
6240 3 11 56
5498 3 11 50
4150 3 11 44
410 3 11 38
1474 3 11 33
1546 3 11 28
1027 3 11 22
4564 3 11 15
3851 3 11 7
893 3 11 2
2881 3 12 82
435 3 12 77
3551 3 12 70
2707 3 12 63
5144 3 12 56
4509 3 12 50
1667 3 12 44
6336 3 12 37
3139 3 12 32
2618 3 12 27
5249 3 12 20
3677 3 12 14
3191 3 12 7
97 3 12 2
1075 3 13 81
2676 3 13 76
2036 3 13 69
2889 3 13 65
3570 3 13 59
2743 3 13 53
3920 3 13 47
3862 3 13 42
5989 3 13 36
587 3 13 31
4320 3 13 26
4229 3 13 22
3798 3 13 15
2152 3 13 7
6302 3 13 1
5867 3 15 79
6374 3 15 72
5048 3 15 66
3617 3 15 61
220 3 15 56
153 3 15 50
64 3 15 44
6202 3 15 37
2808 3 15 32
2159 3 15 27
5238 3 15 20
1236 3 15 14
2738 3 15 7
5504 3 15 1
3121 3 16 78
2175 3 16 72
2401 3 16 66
318 3 16 61
132 3 16 56
5411 3 16 49
1273 3 16 44
4802 3 16 37
2287 3 16 32
1598 3 16 27
3873 3 16 20
929 3 16 14
2059 3 16 7
4617 3 16 1
2278 3 17 75
1212 3 17 72
523 3 17 66
3417 3 17 60
4840 3 17 55
5690 3 17 49
1215 3 17 44
3160 3 17 37
1961 3 17 32
6152 3 17 26
3353 3 17 22
2218 3 17 15
2020 3 17 7
4014 3 17 1
1164 3 18 74
5972 3 18 69
5819 3 18 64
4111 3 18 58
4511 3 18 49
658 3 18 44
2836 3 18 37
1927 3 18 32
5903 3 18 26
1291 3 18 22
443 3 18 15
1858 3 18 7
2440 3 18 1
6031 3 19 73
4815 3 19 67
6014 3 19 62
3974 3 19 57
4222 3 19 51
129 3 19 44
1008 3 19 37
1719 3 19 32
5833 3 19 26
369 3 19 22
5480 3 19 14
1383 3 19 7
62 3 19 1
2246 4 1 72
336 4 1 66
5716 4 1 59
569 4 1 53
965 4 1 47
1118 4 1 42
1836 4 1 36
6028 4 1 30
3543 4 1 24
4165 4 1 18
953 4 1 14
1035 4 1 7
2244 4 1 1
1766 4 9 68
6239 4 9 62
2379 4 9 57
366 4 9 51
6418 4 9 43
1805 4 9 38
1092 4 9 33
4081 4 9 27
2003 4 9 20
194 4 9 14
5930 4 9 6
1655 4 9 1
5228 4 15 66
5381 4 15 59
6034 4 15 52
6285 4 15 46
4705 4 15 41
47 4 15 37
6046 4 15 31
3208 4 15 26
3299 4 15 21
2424 4 15 17
164 4 15 13
2169 4 15 8
1332 4 15 1
3170 5 1 52
4529 5 1 46
4404 5 1 41
5793 5 1 36
5632 5 1 30
2353 5 1 24
3692 5 1 18
5191 5 1 13
123 5 1 8
1066 5 1 1
1340 5 3 98
6106 5 3 95
4331 5 3 90
3192 5 3 85
5630 5 3 80
5303 5 3 75
3183 5 3 71
1374 5 3 64
3821 5 3 58
2514 5 3 49
5623 5 3 43
463 5 3 38
580 5 3 33
5742 5 3 26
2587 5 3 21
2366 5 3 17
155 5 3 13
6049 5 3 7
1255 5 3 1
3538 5 4 97
3173 5 4 94
768 5 4 91
1570 5 4 87
5749 5 4 81
1274 5 4 76
6357 5 4 68
5396 5 4 62
2027 5 4 57
4473 5 4 50
6228 5 4 43
6435 5 4 37
4055 5 4 31
2894 5 4 26
2483 5 4 21
1661 5 4 17
6226 5 4 12
1124 5 4 9
2959 5 4 2
2455 5 5 97
3161 5 5 94
6027 5 5 90
1426 5 5 85
5624 5 5 80
3613 5 5 75
377 5 5 71
1359 5 5 64
3747 5 5 58
1566 5 5 49
5231 5 5 43
5439 5 5 37
3871 5 5 31
2791 5 5 26
649 5 5 21
1031 5 5 17
6110 5 5 12
57 5 5 9
2428 5 5 2
2147 5 6 97
777 5 6 94
4786 5 6 90
6188 5 6 84
6073 5 6 77
3195 5 6 70
2406 5 6 63
1055 5 6 56
5211 5 6 49
3762 5 6 43
4121 5 6 37
1433 5 6 31
2761 5 6 26
306 5 6 21
3397 5 6 16
6210 5 6 10
356 5 6 6
1708 5 6 1
6397 5 7 96
1709 5 7 91
1050 5 7 87
5448 5 7 81
895 5 7 76
724 5 7 68
4028 5 7 62
595 5 7 57
4267 5 7 50
3691 5 7 43
1648 5 7 37
163 5 7 31
1497 5 7 26
102 5 7 21
2689 5 7 16
2296 5 7 10
5824 5 7 5
1265 5 7 1
5579 5 9 96
5825 5 9 90
4911 5 9 84
5940 5 9 77
1098 5 9 70
2992 5 9 62
6005 5 9 56
4772 5 9 49
1917 5 9 43
1244 5 9 37
5919 5 9 30
2115 5 9 24
603 5 9 18
2609 5 9 13
6016 5 9 7
3597 5 11 96
1713 5 11 90
3047 5 11 84
4950 5 11 77
5081 5 11 69
1978 5 11 64
3446 5 11 58
1432 5 11 49
1134 5 11 43
5227 5 11 36
5169 5 11 30
1986 5 11 24
4530 5 11 17
5167 5 11 12
1809 5 11 8
961 5 11 1
3490 5 12 95
3203 5 12 90
1528 5 12 84
1998 5 12 77
4541 5 12 69
1790 5 12 64
2826 5 12 58
5257 5 12 48
5917 5 12 42
991 5 12 36
4883 5 12 30
5416 5 12 23
4477 5 12 18
5772 5 12 12
745 5 12 8
876 5 12 1
2245 5 13 95
2545 5 13 90
6216 5 13 83
464 5 13 77
4157 5 13 69
6104 5 13 63
411 5 13 56
3637 5 13 49
947 5 13 43
2858 5 13 36
4387 5 13 30
3182 5 13 23
3569 5 13 18
3453 5 13 12
5218 5 13 7
210 5 15 95
5180 5 15 89
4875 5 15 83
10 5 15 77
2282 5 15 69
4567 5 15 63
4237 5 15 55
2666 5 15 49
114 5 15 43
2229 5 15 36
4210 5 15 30
118 5 15 23
1764 5 15 18
2806 5 15 12
5011 5 15 7
5420 5 17 94
1139 5 17 90
3823 5 17 83
5725 5 17 76
3383 5 17 67
4385 5 17 62
2052 5 17 56
3596 5 17 49
5726 5 17 42
6074 5 17 35
5868 5 17 29
5179 5 17 23
70 5 17 18
2420 5 17 12
4827 5 17 7
4543 5 18 94
643 5 18 90
2275 5 18 83
5304 5 18 76
3108 5 18 67
4043 5 18 62
1976 5 18 56
2456 5 18 49
3673 5 18 42
4072 5 18 35
4662 5 18 29
2807 5 18 23
880 5 18 17
4718 5 18 12
3608 5 18 7
4110 5 19 94
2267 5 19 89
4747 5 19 83
2009 5 19 76
4858 5 19 66
3717 5 19 59
5298 5 19 52
3579 5 19 46
2446 5 19 41
2748 5 19 36
4688 5 19 29
2784 5 19 23
4412 5 19 16
1018 5 19 10
4503 5 19 5
1553 6 1 94
2089 6 1 89
6433 6 1 82
6394 6 1 76
2356 6 1 66
3245 6 1 59
3656 6 1 52
2177 6 1 46
1090 6 1 41
2602 6 1 36
4548 6 1 29
2094 6 1 23
3900 6 1 16
5974 6 1 9
2280 6 1 2
1501 6 13 94
1114 6 13 89
5148 6 13 82
6301 6 13 76
672 6 13 66
917 6 13 59
1988 6 13 52
2168 6 13 46
375 6 13 41
1587 6 13 36
1906 6 13 29
1422 6 13 23
2102 6 13 16
5846 6 13 9
6230 6 13 1
1310 6 15 94
468 6 15 89
3914 6 15 82
4203 6 15 76
6105 6 15 65
1022 6 15 59
1461 6 15 52
2129 6 15 46
5918 6 15 40
3986 6 15 34
1937 6 15 28
694 6 15 22
2918 6 15 14
5137 6 15 6
779 6 17 94
453 6 17 89
3690 6 17 82
1834 6 17 76
5706 6 17 65
623 6 17 59
948 6 17 52
1593 6 17 46
4353 6 17 40
3746 6 17 34
1019 6 17 28
398 6 17 22
1800 6 17 14
4881 6 17 6
5794 6 18 93
2179 6 18 87
4660 6 18 81
3 6 18 76
5090 6 18 65
5622 6 18 58
4836 6 18 48
3990 6 18 42
391 6 18 35
2796 6 18 29
151 6 18 23
527 6 18 16
3407 6 18 9
5601 6 18 1
2991 6 19 93
1853 6 19 87
3196 6 19 81
3116 6 19 75
6373 6 19 70
265 6 19 62
1633 6 19 56
1705 6 19 49
2112 6 19 42
248 6 19 35
1886 6 19 29
4844 6 19 22
259 6 19 14
4004 6 19 6
2526 7 4 93
1833 7 4 87
1996 7 4 81
1812 7 4 75
6158 7 4 70
11 7 4 62
1324 7 4 56
1004 7 4 49
5768 7 4 41
5529 7 4 35
27 7 4 29
4311 7 4 22
4852 7 4 13
5494 7 4 7
202 7 6 93
613 7 6 87
452 7 6 81
1784 7 6 75
6147 7 6 70
6207 7 6 61
5730 7 6 55
1216 7 6 49
3723 7 6 41
5499 7 6 35
5897 7 6 28
2851 7 6 21
721 7 6 16
1749 7 6 9
4255 7 6 1
1762 7 7 92
5669 7 7 86
3804 7 7 80
3548 7 7 75
2339 7 7 70
5808 7 7 61
5192 7 7 55
6381 7 7 48
3390 7 7 42
6414 7 7 34
4987 7 7 27
1649 7 7 20
6316 7 7 13
3080 7 7 7
975 7 9 92
3635 7 9 86
1620 7 9 80
2198 7 9 75
2327 7 9 70
4495 7 9 61
5055 7 9 55
6093 7 9 48
1861 7 9 42
6402 7 9 34
2292 7 9 27
820 7 9 20
5146 7 9 13
1585 7 9 7
771 7 10 92
3584 7 10 86
362 7 10 80
1771 7 10 75
2073 7 10 70
4151 7 10 61
4483 7 10 55
5085 7 10 48
6044 7 10 41
5443 7 10 35
4214 7 10 28
2711 7 10 21
4558 7 10 15
1522 7 10 7
4893 7 12 91
874 7 12 87
332 7 12 81
1618 7 12 75
761 7 12 70
2712 7 12 61
960 7 12 55
4985 7 12 48
3117 7 12 41
5155 7 12 35
2493 7 12 28
1613 7 12 21
4118 7 12 15
1464 7 12 7
2979 7 13 91
3985 7 13 86
5508 7 13 79
5427 7 13 72
6249 7 13 65
2859 7 13 58
4468 7 13 48
3104 7 13 41
4294 7 13 35
1013 7 13 28
1327 7 13 21
3660 7 13 15
4572 7 13 6
1793 7 15 91
3025 7 15 86
5086 7 15 79
4740 7 15 72
4304 7 15 65
2672 7 15 58
2574 7 15 48
2876 7 15 41
3043 7 15 35
5073 7 15 27
4242 7 15 19
2924 7 15 13
1088 7 15 7
1616 7 17 91
787 7 17 86
4741 7 17 79
4687 7 17 72
3587 7 17 65
2661 7 17 58
2572 7 17 48
2450 7 17 41
2118 7 17 35
4821 7 17 27
4240 7 17 19
1469 7 17 13
6403 7 17 6
773 8 0 91
3558 8 0 85
4309 8 0 80
1342 8 0 75
6359 8 0 69
4007 8 0 63
3734 8 0 55
4261 8 0 48
1514 8 0 41
1604 8 0 35
3243 8 0 27
2705 8 0 19
629 8 0 13
5880 8 0 6
2776 8 1 90
1014 8 1 83
1573 8 1 76
4642 8 1 65
455 8 1 57
3779 8 1 50
3593 8 1 43
1798 8 1 36
1263 8 1 29
3681 8 1 22
4706 8 1 13
5369 8 1 6
2007 8 2 90
6363 8 2 82
4641 8 2 75
6006 8 2 69
3840 8 2 63
3005 8 2 55
2611 8 2 48
1030 8 2 41
499 8 2 35
2131 8 2 27
2004 8 2 19
4828 8 2 12
1467 8 2 7
5302 8 3 89
2701 8 3 82
4336 8 3 75
4691 8 3 69
700 8 3 63
2270 8 3 55
2123 8 3 48
725 8 3 41
6389 8 3 34
1413 8 3 27
1154 8 3 19
3845 8 3 12
5902 8 3 6
2596 8 4 89
2076 8 4 82
2817 8 4 75
2697 8 4 69
6479 8 4 62
4099 8 4 55
1550 8 4 48
659 8 4 41
4323 8 4 34
843 8 4 27
692 8 4 19
3225 8 4 12
5079 8 4 6
1571 8 6 89
2008 8 6 82
2763 8 6 75
1065 8 6 69
6235 8 6 62
3316 8 6 55
1067 8 6 48
5297 8 6 40
3112 8 6 34
536 8 6 27
217 8 6 19
3134 8 6 12
4228 8 6 6
5789 8 7 88
5417 8 7 81
810 8 7 75
5174 8 7 68
3273 8 7 62
1950 8 7 55
5582 8 7 47
1046 8 7 42
6323 8 7 34
189 8 7 27
5785 8 7 18
2360 8 7 12
2898 8 7 6
5557 8 10 88
4672 8 10 81
1453 8 10 74
4753 8 10 69
5276 8 10 62
1671 8 10 55
5452 8 10 47
3524 8 10 41
439 8 10 34
6245 8 10 26
5198 8 10 20
4811 8 10 13
4963 8 10 6
3463 8 12 87
5435 8 12 80
1076 8 12 75
4603 8 12 68
2749 8 12 62
968 8 12 55
5199 8 12 47
962 8 12 41
404 8 12 34
5822 8 12 26
4512 8 12 20
4499 8 12 13
2980 8 12 6
2786 8 13 87
5173 8 13 80
5854 8 13 74
3427 8 13 69
4838 8 13 62
5075 8 13 54
2277 8 13 49
2139 8 13 41
4758 8 13 33
5343 8 13 26
3219 8 13 20
1741 8 13 13
1725 8 13 5
1540 8 15 87
4355 8 15 80
5065 8 15 74
2494 8 15 69
4263 8 15 62
3464 8 15 54
1041 8 15 49
1363 8 15 41
4629 8 15 33
1479 8 15 26
2398 8 15 20
905 8 15 13
632 8 15 5
5195 8 17 86
4416 8 17 79
4211 8 17 72
2736 8 17 65
146 8 17 57
335 8 17 50
3318 8 17 43
1250 8 17 36
6306 8 17 28
589 8 17 21
3659 8 17 15
2766 8 17 6
3281 8 19 86
2662 8 19 79
3877 8 19 72
1020 8 19 65
6116 8 19 56
276 8 19 49
952 8 19 41
4583 8 19 33
858 8 19 26
1523 8 19 20
5813 8 19 12
5950 8 19 5
6446 9 0 85
2467 9 0 80
4335 9 0 74
389 9 0 69
1235 9 0 62
2582 9 0 54
884 9 0 49
486 9 0 41
3881 9 0 33
1261 9 0 25
1047 9 0 19
1395 9 0 12
4467 9 0 5
3921 9 6 85
1754 9 6 80
3648 9 6 74
5803 9 6 68
2070 9 6 62
2386 9 6 54
378 9 6 49
426 9 6 41
1831 9 6 33
480 9 6 25
1017 9 6 19
1051 9 6 12
4337 9 6 5
6241 9 7 84
4801 9 7 76
3625 9 7 65
4750 9 7 56
5705 9 7 48
2329 9 7 40
1569 9 7 34
4406 9 7 26
1400 9 7 20
5717 9 7 12
2969 9 7 5
4732 9 10 84
3653 9 10 76
1254 9 10 65
4482 9 10 56
3382 9 10 48
1351 9 10 40
5501 9 10 33
474 9 10 25
519 9 10 19
56 9 10 12
2064 9 10 5
2138 9 12 84
2469 9 12 76
3958 9 12 64
803 9 12 58
211 9 12 48
981 9 12 40
2690 9 12 33
6061 9 12 24
2692 9 12 17
4685 9 12 12
1854 9 12 5
5979 9 13 83
3096 9 13 75
4489 9 13 68
648 9 13 62
760 9 13 54
5982 9 13 48
283 9 13 40
2012 9 13 33
5944 9 13 24
6088 9 13 16
841 9 13 9
4221 9 13 1
5119 9 19 83
1321 9 19 75
3575 9 19 68
1752 9 19 61
640 9 19 55
5129 9 19 47
782 9 19 41
1227 9 19 33
5681 9 19 24
5894 9 19 16
15 9 19 9
2740 9 19 1
3530 10 0 83
967 10 0 75
3495 10 0 68
334 10 0 61
2365 10 0 54
5043 10 0 48
5996 10 0 39
3562 10 0 32
5642 10 0 26
1103 10 0 20
5382 10 0 12
1751 10 0 5
1299 10 2 83
379 10 2 75
3238 10 2 68
139 10 2 61
916 10 2 54
1963 10 2 48
5661 10 2 39
3124 10 2 32
5176 10 2 26
976 10 2 20
5067 10 2 12
1653 10 2 5
1127 10 3 83
239 10 3 75
2865 10 3 68
6099 10 3 60
4756 10 3 55
4602 10 3 47
591 10 3 41
6023 10 3 32
4699 10 3 26
422 10 3 20
4969 10 3 12
703 10 3 5
2665 10 4 82
1485 10 4 75
2782 10 4 68
3685 10 4 60
3624 10 4 55
4521 10 4 47
417 10 4 41
5682 10 4 32
3911 10 4 26
419 10 4 20
2821 10 4 12
5920 10 4 4
5652 10 6 81
6035 10 6 72
5243 10 6 64
81 10 6 58
174 10 6 48
1542 10 6 39
2085 10 6 32
3186 10 6 26
5429 10 6 19
5929 10 6 11
3323 10 6 6
4350 10 7 81
5943 10 7 72
4736 10 7 64
5479 10 7 57
5250 10 7 49
4711 10 7 40
5547 10 7 32
2081 10 7 26
3060 10 7 19
5526 10 7 11
3067 10 7 6
3901 11 0 81
5177 11 0 72
3553 11 0 64
2893 11 0 57
4169 11 0 49
2681 11 0 40
4958 11 0 32
686 11 0 26
2000 11 0 19
5395 11 0 11
6416 11 0 5
2548 11 2 81
4522 11 2 72
3358 11 2 64
2535 11 2 57
3772 11 2 49
2164 11 2 40
2949 11 2 32
6036 11 2 25
484 11 2 19
4776 11 2 11
6070 11 2 5
4839 11 3 80
1266 11 3 74
4943 11 3 68
3664 11 3 60
3240 11 3 55
3784 11 3 47
2907 11 3 40
2866 11 3 32
5558 11 3 25
441 11 3 19
4746 11 3 11
5021 11 3 5
1684 11 7 80
6284 11 7 73
4100 11 7 67
3979 11 7 62
642 11 7 54
6133 11 7 47
764 11 7 40
581 11 7 32
5121 11 7 25
233 11 7 19
3935 11 7 11
4886 11 7 5
447 11 8 80
4726 11 8 73
33 11 8 67
3519 11 8 62
6243 11 8 53
925 11 8 47
271 11 8 40
386 11 8 32
4168 11 8 25
5967 11 8 18
371 11 8 12
4594 11 8 4
4282 11 9 79
5104 11 9 71
619 11 9 64
5275 11 9 56
3309 11 9 48
478 11 9 39
900 11 9 32
2485 11 9 25
5952 11 9 18
4992 11 9 11
4486 11 9 5
2214 11 10 78
1732 11 10 72
4088 11 10 63
2019 11 10 55
1955 11 10 47
6130 11 10 39
131 11 10 32
301 11 10 25
5607 11 10 18
2952 11 10 11
4380 11 10 5
1507 11 11 77
5898 11 11 68
1892 11 11 60
2687 11 11 55
1921 11 11 47
5187 11 11 39
6335 11 11 31
864 11 11 26
1947 11 11 19
2466 11 11 11
4155 11 11 5
1175 11 13 76
3581 11 13 64
5196 11 13 56
1440 11 13 48
272 11 13 39
5605 11 13 31
5586 11 13 25
5400 11 13 18
902 11 13 11
3647 11 13 5
4559 11 15 71
357 11 15 64
4698 11 15 56
647 11 15 48
5782 11 15 38
5294 11 15 32
3842 11 15 24
5098 11 15 16
5320 11 15 8
383 11 15 1
2086 11 16 57
1869 11 16 49
1296 11 16 40
5576 11 16 31
3050 11 16 25
5339 11 16 18
367 11 16 11
1158 11 16 5
4601 11 18 39
5551 11 18 31
1516 11 18 25
3947 11 18 18
115 11 18 11
63 11 18 5
1334 12 0 97
6292 12 0 93
77 12 0 87
3481 12 0 80
4590 12 0 73
4591 12 0 66
578 12 0 59
173 12 0 52
1386 12 0 46
4322 12 0 40
4933 12 0 31
5285 12 0 24
4091 12 0 16
4310 12 0 8
30 12 0 1
989 12 2 96
4046 12 2 89
1465 12 2 82
4912 12 2 74
4441 12 2 68
601 12 2 60
1733 12 2 55
325 12 2 47
5087 12 2 39
3794 12 2 31
5193 12 2 24
3737 12 2 16
3327 12 2 8
4959 12 3 95
1808 12 3 89
795 12 3 82
2276 12 3 74
3101 12 3 68
4446 12 3 59
5695 12 3 51
4096 12 3 43
928 12 3 36
6277 12 3 28
6096 12 3 20
2432 12 3 12
4297 12 3 4
119 12 5 95
502 12 5 89
6288 12 5 81
4472 12 5 72
3536 12 5 63
1801 12 5 55
5697 12 5 46
2516 12 5 40
4017 12 5 31
4196 12 5 24
1670 12 5 16
3201 12 5 8
1192 12 7 94
5234 12 7 88
3468 12 7 81
3751 12 7 72
3356 12 7 63
1538 12 7 55
5299 12 7 46
1033 12 7 40
1621 12 7 31
5328 12 7 23
5091 12 7 15
3200 12 7 5
716 12 8 94
4345 12 8 88
3231 12 8 81
3529 12 8 72
3344 12 8 63
612 12 8 55
4126 12 8 46
465 12 8 40
1396 12 8 31
4249 12 8 23
4767 12 8 15
2915 12 8 5
3442 12 9 93
6076 12 9 86
2584 12 9 79
4544 12 9 71
124 12 9 64
3435 12 9 56
6194 12 9 47
4754 12 9 39
5329 12 9 30
6444 12 9 22
3154 12 9 13
4989 12 9 4
2507 12 10 93
5713 12 10 86
2299 12 10 79
4092 12 10 71
6346 12 10 63
449 12 10 55
2503 12 10 46
5738 12 10 39
3271 12 10 30
5687 12 10 22
331 12 10 13
3696 12 10 4
4637 12 11 92
1675 12 11 86
24 12 11 79
2933 12 11 71
6132 12 11 63
6265 12 11 54
4582 12 11 47
4551 12 11 39
6254 12 11 29
3601 12 11 22
109 12 11 13
3145 12 11 4
3938 12 13 92
1666 12 13 86
6013 12 13 78
168 12 13 72
2416 12 13 63
6026 12 13 54
3623 12 13 47
4087 12 13 39
5893 12 13 29
3115 12 13 22
6020 12 13 12
3811 12 13 4
3507 12 15 92
797 12 15 86
2659 12 15 78
6353 12 15 71
5500 12 15 63
4444 12 15 54
3072 12 15 47
3981 12 15 39
5114 12 15 29
903 12 15 22
5937 12 15 12
1647 12 15 4
3039 12 16 92
652 12 16 86
1207 12 16 78
5644 12 16 71
5441 12 16 63
4048 12 16 54
5356 12 16 46
5539 12 16 39
4913 12 16 29
5518 12 16 21
2427 12 16 15
2682 12 16 5
2880 12 18 92
481 12 18 86
292 12 18 78
3512 12 18 71
4401 12 18 63
2802 12 18 54
5277 12 18 46
5209 12 18 39
1873 12 18 29
5507 12 18 21
1915 12 18 15
2154 12 18 5
814 13 0 92
5961 13 0 85
424 13 0 80
1162 13 0 73
3544 13 0 66
6002 13 0 58
3516 13 0 47
2436 13 0 39
1373 13 0 29
4102 13 0 21
1241 13 0 15
1730 13 0 5
812 13 2 92
4422 13 2 85
6232 13 2 79
1583 13 2 71
2873 13 2 63
2454 13 2 54
4180 13 2 46
4376 13 2 39
665 13 2 29
3923 13 2 21
6178 13 2 14
1910 13 2 6
805 13 3 92
3930 13 3 85
4186 13 3 79
1001 13 3 71
2718 13 3 63
6052 13 3 53
5291 13 3 46
2788 13 3 39
3837 13 3 28
5787 13 3 20
5771 13 3 11
5656 13 3 4
3940 13 5 91
3164 13 5 85
2948 13 5 79
3449 13 5 70
2648 13 5 61
654 13 5 54
3700 13 5 46
2756 13 5 39
3679 13 5 28
5172 13 5 20
5491 13 5 11
3595 13 5 4
3698 13 11 91
2885 13 11 85
2501 13 11 79
3421 13 11 70
4427 13 11 60
281 13 11 55
2480 13 11 46
2558 13 11 39
2392 13 11 28
1390 13 11 20
4956 13 11 11
3028 13 11 4
3213 13 13 91
1560 13 13 85
1101 13 13 79
2530 13 13 70
2714 13 13 60
6215 13 13 54
2720 13 13 46
2363 13 13 39
1676 13 13 28
1147 13 13 20
3913 13 13 11
2916 13 13 4
2403 13 15 91
5973 13 15 84
1864 13 15 76
1024 13 15 64
2691 13 15 56
3342 13 15 47
2099 13 15 39
1146 13 15 28
1355 13 15 19
4975 13 15 10
3561 13 15 5
2301 13 16 91
5945 13 16 84
6333 13 16 75
1565 13 16 68
4101 13 16 59
4988 13 16 51
3362 13 16 43
99 13 16 36
6166 13 16 28
912 13 16 19
2310 13 16 10
3499 13 16 5
6072 13 18 90
5178 13 18 82
5376 13 18 73
3443 13 18 66
3825 13 18 58
3037 13 18 47
1233 13 18 39
861 13 18 28
6264 13 18 18
5538 13 18 10
3386 13 18 5
6054 13 19 90
3829 13 19 82
4648 13 19 73
2513 13 19 66
3768 13 19 58
2635 13 19 47
1194 13 19 39
5707 13 19 27
4896 13 19 18
4846 13 19 10
1787 13 19 5
5392 14 0 90
3556 14 0 82
3003 14 0 73
2486 14 0 66
3021 14 0 58
1096 14 0 47
223 14 0 39
5592 14 0 27
3806 14 0 18
4752 14 0 10
660 14 0 5
3367 14 2 90
3275 14 2 82
407 14 2 73
1097 14 2 66
2231 14 2 58
5746 14 2 46
2328 14 2 39
3455 14 2 27
3163 14 2 18
4433 14 2 10
55 14 2 5
1372 14 3 90
2852 14 3 82
354 14 3 73
343 14 3 66
1214 14 3 58
4871 14 3 46
6399 14 3 38
4423 14 3 32
2607 14 3 24
963 14 3 16
1995 14 3 8
6304 14 5 89
5657 14 5 81
3389 14 5 72
5537 14 5 62
5522 14 5 53
5022 14 5 46
6291 14 5 38
775 14 5 32
1710 14 5 24
5664 14 5 15
1672 14 5 5
5699 14 6 89
4952 14 6 81
2772 14 6 72
4112 14 6 62
4216 14 6 53
4552 14 6 46
5141 14 6 38
5041 14 6 31
3337 14 6 23
4053 14 6 15
1660 14 6 5
5599 14 7 89
4817 14 7 81
818 14 7 72
752 14 7 62
3288 14 7 53
4464 14 7 46
4396 14 7 38
3805 14 7 31
1405 14 7 23
3732 14 7 15
5702 14 7 4
5387 14 8 89
4494 14 8 81
6401 14 8 71
1243 14 8 63
4067 14 8 53
4201 14 8 46
3977 14 8 38
2350 14 8 31
5594 14 8 22
1471 14 8 12
778 14 8 4
4536 14 9 89
6375 14 9 80
5829 14 9 72
6379 14 9 61
330 14 9 54
1628 14 9 46
1776 14 9 38
1884 14 9 31
5587 14 9 22
1320 14 9 12
467 14 9 4
3319 14 11 89
3396 14 11 80
4220 14 11 72
5912 14 11 61
6462 14 11 53
4137 14 11 46
5761 14 11 37
5033 14 11 30
5386 14 11 22
6160 14 11 11
1445 14 11 4
1205 14 13 89
3300 14 13 80
550 14 13 72
5406 14 13 61
1100 14 13 53
3520 14 13 46
5116 14 13 37
4878 14 13 30
4961 14 13 22
5870 14 13 11
722 14 13 4
621 14 16 89
2194 14 16 80
1903 14 16 71
622 14 16 63
3535 14 16 53
3129 14 16 46
4206 14 16 37
3800 14 16 30
4793 14 16 22
5263 14 16 11
5590 14 16 3
376 14 18 89
1872 14 18 80
6280 14 18 70
2341 14 18 60
4437 14 18 54
260 14 18 46
181 14 18 37
3583 14 18 30
2728 14 18 22
5189 14 18 11
3886 14 18 3
5246 14 19 88
3227 14 19 81
6294 14 19 71
488 14 19 63
3131 14 19 53
2842 14 19 46
4209 14 19 36
4479 14 19 28
6231 14 19 18
4239 14 19 10
5792 14 19 4
2787 15 0 88
3110 15 0 80
5872 15 0 70
1663 15 0 60
3385 15 0 54
4245 15 0 45
5700 15 0 38
160 15 0 31
5440 15 0 22
4300 15 0 11
2891 15 0 3
949 15 2 88
2976 15 2 80
4728 15 2 70
638 15 2 60
1734 15 2 54
3120 15 2 45
5686 15 2 38
17 15 2 31
5149 15 2 22
4061 15 2 11
1166 15 2 3
4508 15 3 87
2765 15 3 80
2111 15 3 70
3410 15 3 59
4066 15 3 51
156 15 3 43
86 15 3 36
4391 15 3 28
5397 15 3 18
3936 15 3 10
4925 15 3 4
477 15 5 86
141 15 5 78
3263 15 5 71
5315 15 5 62
1967 15 5 53
2675 15 5 46
3713 15 5 36
1758 15 5 28
4378 15 5 18
3279 15 5 10
4476 15 5 4
400 15 6 86
6439 15 6 77
3242 15 6 68
2810 15 6 59
2683 15 6 51
6040 15 6 42
4653 15 6 34
2700 15 6 26
584 15 6 19
1936 15 6 10
4136 15 6 4
2688 15 11 85
697 15 11 79
2313 15 11 70
2488 15 11 59
2332 15 11 51
3995 15 11 42
3991 15 11 34
2457 15 11 26
394 15 11 19
3514 15 11 9
2451 15 13 85
6448 15 13 78
993 15 13 71
4805 15 13 62
316 15 13 53
2207 15 13 46
1983 15 13 36
6181 15 13 27
3076 15 13 18
695 15 13 10
3761 15 13 4
2037 15 16 85
5113 15 16 78
6393 15 16 70
678 15 16 59
1920 15 16 51
494 15 16 42
3988 15 16 34
1981 15 16 26
193 15 16 19
2414 15 16 9
1763 16 0 85
4609 16 0 78
6122 16 0 70
677 16 0 59
1007 16 0 51
6219 16 0 41
5391 16 0 32
482 16 0 24
5628 16 0 15
4621 16 0 4
1005 16 2 85
4141 16 2 78
3598 16 2 70
6144 16 2 58
5548 16 2 45
2621 16 2 38
5256 16 2 30
1456 16 2 22
3254 16 2 10
2014 16 2 4
628 16 3 85
3932 16 3 78
3286 16 3 70
4226 16 3 58
4547 16 3 45
1946 16 3 38
4032 16 3 30
754 16 3 22
2284 16 3 10
1782 16 3 4
215 16 5 85
596 16 5 78
2638 16 5 70
2307 16 5 58
4280 16 5 45
1407 16 5 38
4298 16 5 29
3132 16 5 21
5770 16 5 14
826 16 5 6
6425 16 6 84
2613 16 6 75
6427 16 6 67
3515 16 6 62
691 16 6 52
1290 16 6 46
58 16 6 36
4704 16 6 27
2888 16 6 18
105 16 6 10
1547 16 6 4
4848 16 8 84
2104 16 8 75
6244 16 8 67
1668 16 8 62
3759 16 8 51
4246 16 8 41
4597 16 8 32
4349 16 8 23
2294 16 8 15
757 16 8 4
3994 16 9 84
1629 16 9 75
6140 16 9 67
6224 16 9 61
4694 16 9 52
997 16 9 46
6295 16 9 35
1142 16 9 27
2002 16 9 18
4134 16 9 9
534 16 11 84
2856 16 11 74
2973 16 11 68
1562 16 11 59
873 16 11 51
4182 16 11 41
4005 16 11 32
4719 16 11 22
1576 16 11 10
833 16 11 4
5473 16 13 83
6431 16 13 74
2373 16 13 68
273 16 13 59
701 16 13 51
5598 16 13 40
931 16 13 31
4983 16 13 22
723 16 13 10
528 16 13 4
5438 16 14 82
60 16 14 73
4144 16 14 65
1358 16 14 56
3165 16 14 47
5338 16 14 38
4269 16 14 29
1765 16 14 21
4505 16 14 14
322 16 14 6
5220 16 16 82
4866 16 16 72
2141 16 16 61
3016 16 16 52
959 16 16 46
4677 16 16 35
914 16 16 27
1945 16 16 18
2615 16 16 9
5292 16 17 81
4534 16 17 71
2515 16 17 62
1931 16 17 51
5201 16 17 40
96 16 17 31
3346 16 17 22
5032 16 17 9
2890 16 18 79
834 16 18 70
388 16 18 58
3832 16 18 45
1248 16 18 38
2944 16 18 29
1591 16 18 21
2404 16 18 14
6090 16 18 5
1496 16 19 79
537 16 19 70
300 16 19 58
2084 16 19 45
5611 16 19 37
1064 16 19 30
5802 16 19 21
1094 16 19 14
3152 16 19 5
4784 17 0 78
3411 17 0 69
958 17 0 62
525 17 0 50
2734 17 0 43
5341 17 0 35
504 17 0 27
1486 17 0 18
1935 17 0 9
1609 17 2 78
3357 17 2 69
6312 17 2 61
1574 17 2 52
593 17 2 46
2512 17 2 35
65 17 2 27
4755 17 2 17
3440 17 2 12
5009 17 2 3
6315 17 3 76
5935 17 3 63
2581 17 3 53
605 17 3 46
6258 17 3 34
3206 17 3 25
3162 17 3 18
945 17 3 9
5126 17 5 76
5008 17 5 63
472 17 5 53
5296 17 5 45
4293 17 5 37
982 17 5 30
2502 17 5 21
635 17 5 14
1607 17 5 5
5862 17 6 75
4145 17 6 67
5555 17 6 61
1189 17 6 52
315 17 6 46
5023 17 6 34
3014 17 6 25
2266 17 6 18
6449 17 6 8
355 17 8 75
1380 17 8 67
1475 17 8 61
4819 17 8 51
5118 17 8 40
5511 17 8 30
2184 17 8 21
4054 17 8 13
2830 17 8 4
5122 17 9 74
2220 17 9 68
4957 17 9 58
2074 17 9 45
3511 17 9 37
317 17 9 30
1517 17 9 21
1890 17 9 13
2745 17 9 4
606 17 11 73
3133 17 11 65
840 17 11 56
614 17 11 47
3707 17 11 38
2625 17 11 29
329 17 11 21
1111 17 11 13
2673 17 11 4
1144 17 13 71
2044 17 13 62
5181 17 13 49
910 17 13 40
3020 17 13 30
4042 17 13 20
3566 17 13 11
6081 17 13 2
2531 17 14 67
5612 17 14 60
785 17 14 54
1750 17 14 45
3155 17 14 37
3970 17 14 29
4024 17 14 20
2938 17 14 11
5461 17 14 2
3545 17 16 61
4292 17 16 51
2551 17 16 40
2422 17 16 30
4519 17 16 19
517 17 16 9
5556 17 17 95
3880 17 17 88
2402 17 17 80
1898 17 17 70
13 17 17 58
5031 17 17 43
3675 17 17 35
6092 17 17 26
6350 17 17 18
5267 17 17 8
3555 17 18 95
3831 17 18 88
2248 17 18 80
1727 17 18 70
6 17 18 58
4015 17 18 42
3056 17 18 34
6038 17 18 24
5134 17 18 15
5800 17 18 3
1802 17 19 95
2702 17 19 88
1272 17 19 80
1301 17 19 70
4330 17 19 57
709 17 19 49
4914 17 19 39
2640 17 19 27
4408 17 19 17
6260 17 19 11
3352 17 19 2
53 18 0 95
2553 18 0 88
305 18 0 80
1087 18 0 70
3827 18 0 57
576 18 0 49
4306 18 0 39
5609 18 0 26
5946 18 0 18
4365 18 0 8
5309 18 2 94
4248 18 2 88
5922 18 2 79
323 18 2 70
2396 18 2 57
6412 18 2 48
4868 18 2 38
2411 18 2 29
3712 18 2 20
2018 18 2 11
2909 18 2 2
4949 18 3 94
5747 18 3 87
1849 18 3 80
4774 18 3 69
2975 18 3 61
3226 18 3 51
2057 18 3 40
1575 18 3 30
3290 18 3 19
6055 18 3 8
3348 18 5 94
5666 18 5 87
653 18 5 80
4436 18 5 69
1934 18 5 61
3204 18 5 51
1891 18 5 40
6011 18 5 29
1369 18 5 20
1739 18 5 11
742 18 5 2
1278 18 6 94
5183 18 6 87
6164 18 6 79
5012 18 6 69
6102 18 6 60
668 18 6 54
1665 18 6 45
1617 18 6 37
3261 18 6 29
4703 18 6 19
3424 18 6 8
3953 18 8 93
5388 18 8 86
5357 18 8 77
3136 18 8 68
3704 18 8 58
2586 18 8 42
1402 18 8 34
4894 18 8 24
2869 18 8 15
4932 18 8 3
3552 18 9 93
3916 18 9 86
4978 18 9 77
1389 18 9 68
3138 18 9 58
5311 18 9 40
2097 18 9 29
3628 18 9 19
3375 18 9 8
1830 18 11 93
1726 18 11 86
3942 18 11 77
135 18 11 68
2814 18 11 58
3922 18 11 40
1596 18 11 29
5814 18 11 18
3085 18 11 8
6268 19 0 92
3838 19 0 85
4488 19 0 77
5827 19 0 67
5492 19 0 60
6156 19 0 53
4865 19 0 45
5679 19 0 36
1339 19 0 27
2554 19 0 17
5744 19 0 11
2715 19 0 1
4739 19 2 92
2643 19 2 85
4346 19 2 77
5076 19 2 67
5093 19 2 60
4234 19 2 53
2233 19 2 45
3948 19 2 36
458 19 2 27
1545 19 2 17
5175 19 2 11
1601 19 2 1
4561 19 3 92
2061 19 3 85
3177 19 3 77
3645 19 3 67
4654 19 3 60
3740 19 3 53
3824 19 3 44
4230 19 3 36
6089 19 3 26
5210 19 3 18
2435 19 3 8
720 19 5 92
685 19 5 85
1113 19 5 77
3450 19 5 67
3667 19 5 60
2038 19 5 53
3338 19 5 44
2884 19 5 36
3989 19 5 26
4393 19 5 18
2399 19 5 8
6415 19 6 91
5432 19 6 84
2815 19 6 74
1631 19 6 68
4105 19 6 57
5593 19 6 48
4863 19 6 38
1126 19 6 29
5567 19 6 18
1757 19 6 8
6071 19 8 91
4394 19 8 84
2022 19 8 74
1307 19 8 68
284 19 8 57
4775 19 8 48
2452 19 8 38
5613 19 8 28
2797 19 8 18
650 19 8 8
4417 19 9 91
2261 19 9 84
462 19 9 74
5650 19 9 67
2899 19 9 60
1797 19 9 53
2669 19 9 44
2418 19 9 36
3735 19 9 26
4207 19 9 18
540 19 9 8
3858 19 11 91
1820 19 11 84
5745 19 11 73
2308 19 11 65
216 19 11 56
5115 19 11 46
4965 19 11 34
4820 19 11 24
2819 19 11 15
4604 19 11 3
2853 19 12 91
1794 19 12 84
5389 19 12 73
1412 19 12 65
6290 19 12 55
446 19 12 46
4044 19 12 34
4577 19 12 24
1718 19 12 15
1825 19 12 3
2709 19 13 91
4083 19 13 83
5353 19 13 74
5145 19 13 67
842 19 13 60
4542 19 13 52
6233 19 13 45
3537 19 13 36
1600 19 13 26
2143 19 13 18
6261 19 13 7
2242 19 14 91
3835 19 14 83
3609 19 14 74
3278 19 14 67
600 19 14 60
4299 19 14 52
6000 19 14 45
3151 19 14 36
304 19 14 26
1177 19 14 18
5513 19 14 7
2181 19 15 91
2722 19 15 83
2804 19 15 74
2124 19 15 67
6029 19 15 59
432 19 15 51
543 19 15 40
901 19 15 29
3777 19 15 18
5029 19 15 7
1036 19 16 91
1878 19 16 83
1780 19 16 74
1990 19 16 67
5202 19 16 59
6471 19 16 50
1048 19 16 43
2045 19 16 35
4414 19 16 26
3452 19 16 17
4459 19 16 11
1110 19 16 1
436 19 17 91
769 19 17 83
4598 19 17 73
278 19 17 65
5549 19 17 55
282 19 17 46
1795 19 17 34
4368 19 17 24
1548 19 17 15
1204 19 17 3
6438 19 18 90
179 19 18 82
2477 19 18 72
930 19 18 61
3178 19 18 51
5733 19 18 39
3726 19 18 26
2238 19 18 17
4113 19 18 11
3950 19 18 3
6360 19 19 90
872 19 19 81
3902 19 19 71
373 19 19 62
935 19 19 49
3744 19 19 39
2978 19 19 26
1292 19 19 17
2370 19 19 11
3687 19 19 3
