2265
1527 0 0 98
2492 0 0 95
2698 0 0 93
914 0 0 90
2627 0 0 88
190 0 0 85
1376 0 0 83
2433 0 0 80
1824 0 0 75
1805 0 0 72
3284 0 0 70
379 0 0 67
2620 0 0 65
2665 0 0 62
2757 0 0 59
3353 0 0 54
254 0 0 51
319 0 0 48
222 0 0 45
1339 0 0 43
2061 0 0 40
2569 0 0 37
2807 0 0 34
2231 0 0 31
2328 0 0 27
1084 0 0 24
895 0 0 21
1016 0 0 18
1865 0 0 15
3044 0 0 10
3225 0 0 8
326 0 0 5
918 0 0 2
3498 0 1 97
575 0 1 94
2409 0 1 90
2897 0 1 87
2590 0 1 84
2321 0 1 82
1153 0 1 80
1696 0 1 75
1128 0 1 72
402 0 1 70
86 0 1 67
3076 0 1 64
2373 0 1 60
2729 0 1 58
3345 0 1 55
3319 0 1 51
2967 0 1 47
750 0 1 45
3015 0 1 42
1690 0 1 39
3451 0 1 36
41 0 1 34
887 0 1 30
1275 0 1 27
2597 0 1 23
3444 0 1 19
3323 0 1 16
206 0 1 14
2610 0 1 12
2196 0 1 8
3399 0 1 4
942 0 2 97
791 0 2 93
1048 0 2 89
2968 0 2 85
1233 0 2 83
3104 0 2 79
1271 0 2 75
931 0 2 71
2059 0 2 68
3009 0 2 64
327 0 2 59
3221 0 2 53
2233 0 2 50
2792 0 2 47
595 0 2 45
1600 0 2 40
156 0 2 37
2090 0 2 34
509 0 2 30
2737 0 2 26
651 0 2 22
1381 0 2 20
3046 0 2 17
925 0 2 14
621 0 2 11
83 0 2 9
3148 0 2 6
1668 0 2 4
2938 0 3 96
2829 0 3 92
3262 0 3 89
2190 0 3 85
2309 0 3 82
197 0 3 79
305 0 3 74
3072 0 3 72
2550 0 3 68
2406 0 3 64
2469 0 3 58
606 0 3 55
2304 0 3 51
1462 0 3 47
1231 0 3 44
2313 0 3 42
2561 0 3 38
1761 0 3 34
74 0 3 30
1974 0 3 26
631 0 3 22
3085 0 3 19
2268 0 3 15
1866 0 3 10
2851 0 3 6
2415 0 3 2
1663 0 4 96
1705 0 4 92
2547 0 4 89
2041 0 4 85
1549 0 4 82
3299 0 4 78
121 0 4 75
3053 0 4 70
2003 0 4 65
274 0 4 62
1597 0 4 58
2842 0 4 54
2432 0 4 50
1399 0 4 46
3388 0 4 43
554 0 4 40
3094 0 4 36
3536 0 4 33
2078 0 4 30
1258 0 4 26
3240 0 4 21
1561 0 4 17
2163 0 4 13
1254 0 4 10
3416 0 4 5
3163 0 4 1
1282 0 5 96
2983 0 5 91
2628 0 5 88
391 0 5 84
939 0 5 81
3214 0 5 78
3468 0 5 73
1199 0 5 70
1797 0 5 65
253 0 5 62
2787 0 5 57
426 0 5 54
2215 0 5 50
3325 0 5 45
1425 0 5 40
653 0 5 36
3151 0 5 33
849 0 5 29
2136 0 5 26
2408 0 5 21
2410 0 5 16
2649 0 5 13
444 0 5 10
3329 0 5 5
2591 0 5 1
508 0 6 96
2966 0 6 91
1212 0 6 88
2656 0 6 83
2503 0 6 79
3436 0 6 73
3000 0 6 69
900 0 6 66
3028 0 6 64
2420 0 6 58
2715 0 6 54
1598 0 6 50
2998 0 6 45
1133 0 6 40
2770 0 6 35
955 0 6 32
633 0 6 28
516 0 6 26
1958 0 6 21
2289 0 6 16
1351 0 6 13
1505 0 6 9
2146 0 6 6
2301 0 6 2
3549 0 7 95
2604 0 7 93
238 0 7 88
2140 0 7 83
2369 0 7 79
980 0 7 73
1874 0 7 69
667 0 7 64
1898 0 7 58
215 0 7 52
917 0 7 50
2808 0 7 45
436 0 7 40
214 0 7 35
754 0 7 32
3475 0 7 27
2083 0 7 23
1951 0 7 19
915 0 7 15
717 0 7 10
1889 0 7 5
2580 0 7 1
2212 0 8 95
1887 0 8 92
1474 0 8 89
1525 0 8 85
3528 0 8 80
1402 0 8 74
462 0 8 72
2224 0 8 68
708 0 8 64
1766 0 8 58
3039 0 8 51
726 0 8 47
1372 0 8 43
126 0 8 40
3467 0 8 34
3387 0 8 29
826 0 8 26
1749 0 8 21
601 0 8 16
2796 0 8 12
3061 0 8 7
3173 0 8 4
1528 0 9 95
2631 0 9 91
396 0 9 88
1485 0 9 83
2253 0 9 79
2783 0 9 72
2072 0 9 68
3351 0 9 63
2426 0 9 60
1987 0 9 58
2734 0 9 50
2738 0 9 45
1939 0 9 39
1613 0 9 36
453 0 9 33
1934 0 9 27
616 0 9 23
1586 0 9 19
573 0 9 15
2540 0 9 9
1795 0 9 6
1728 0 9 1
419 0 10 95
542 0 10 91
2479 0 10 87
148 0 10 83
1000 0 10 78
2780 0 10 73
469 0 10 69
2085 0 10 63
774 0 10 58
1344 0 10 50
2771 0 10 44
2348 0 10 41
2375 0 10 37
3170 0 10 32
2871 0 10 27
2371 0 10 22
1812 0 10 18
358 0 10 15
2534 0 10 9
819 0 10 6
1657 0 10 1
3369 0 11 94
1205 0 11 89
1890 0 11 84
1778 0 11 80
1105 0 11 74
2572 0 11 70
1635 0 11 65
1467 0 11 61
1354 0 11 58
1074 0 11 50
2684 0 11 44
2147 0 11 40
2380 0 11 34
1319 0 11 29
2222 0 11 25
1259 0 11 23
2725 0 11 18
1302 0 11 14
3283 0 11 10
1192 0 11 5
2157 0 11 1
3074 0 12 94
1469 0 12 88
3526 0 12 82
1979 0 12 78
2118 0 12 73
1293 0 12 68
1333 0 12 63
341 0 12 58
3019 0 12 49
43 0 12 46
666 0 12 43
468 0 12 39
2720 0 12 34
1134 0 12 29
470 0 12 25
890 0 12 22
1973 0 12 17
1856 0 12 13
1214 0 12 9
30 0 12 4
3043 0 13 94
2883 0 13 87
46 0 13 83
3358 0 13 77
1946 0 13 75
2270 0 13 70
767 0 13 65
1295 0 13 61
705 0 13 58
2362 0 13 49
1191 0 13 45
1842 0 13 39
2660 0 13 34
3273 0 13 28
2154 0 13 25
3545 0 13 21
3556 0 13 15
1835 0 13 9
1163 0 13 3
669 0 14 94
2084 0 14 86
2478 0 14 82
1772 0 14 78
968 0 14 73
295 0 14 68
1047 0 14 63
216 0 14 58
2095 0 14 49
786 0 14 45
1196 0 14 39
3322 0 14 33
1820 0 14 27
701 0 14 22
920 0 14 17
1712 0 14 13
279 0 14 9
967 0 14 3
2852 0 15 93
2132 0 15 87
3127 0 15 82
3032 0 15 77
2306 0 15 74
759 0 15 70
452 0 15 65
3428 0 15 60
3243 0 15 57
3393 0 15 53
679 0 15 49
1115 0 15 44
2830 0 15 38
3049 0 15 33
1025 0 15 27
2161 0 15 21
2748 0 15 15
971 0 15 9
3134 0 15 2
2743 0 16 93
1921 0 16 87
141 0 16 82
2873 0 16 77
3306 0 16 72
1338 0 16 68
69 0 16 63
3494 0 16 57
1859 0 16 53
658 0 16 49
858 0 16 42
168 0 16 37
1349 0 16 32
2576 0 16 27
1377 0 16 21
1559 0 16 15
31 0 16 9
2904 0 16 2
2243 0 17 93
1299 0 17 87
343 0 17 81
3167 0 17 77
1550 0 17 72
3550 0 17 67
684 0 17 63
2398 0 17 57
2093 0 17 52
3258 0 17 48
2858 0 17 43
220 0 17 39
3024 0 17 33
737 0 17 27
712 0 17 21
1121 0 17 15
2502 0 17 8
1373 0 17 3
1063 0 18 93
709 0 18 87
2275 0 18 80
2803 0 18 73
647 0 18 67
1953 0 18 62
2752 0 18 57
1431 0 18 52
2928 0 18 48
1040 0 18 43
2618 0 18 38
2939 0 18 33
450 0 18 27
229 0 18 21
189 0 18 15
524 0 18 8
1109 0 18 3
378 0 19 93
3523 0 19 86
1873 0 19 82
2837 0 19 77
1412 0 19 72
2654 0 19 67
823 0 19 61
394 0 19 58
1686 0 19 49
628 0 19 42
3430 0 19 36
3197 0 19 32
2339 0 19 27
103 0 19 21
3060 0 19 14
3204 0 19 10
876 0 19 5
1650 0 19 1
2891 2 0 92
2900 2 0 88
2361 2 0 82
1389 2 0 77
2718 2 0 71
944 2 0 67
743 2 0 61
933 2 0 57
1410 2 0 52
2281 2 0 48
256 2 0 43
2391 2 0 38
776 2 0 33
1280 2 0 26
1056 2 0 21
3212 2 0 13
2987 2 0 8
3268 2 0 2
2015 2 1 92
1103 2 1 88
1546 2 1 82
892 2 1 77
2169 2 1 71
3441 2 1 66
510 2 1 63
763 2 1 57
719 2 1 52
2113 2 1 48
3348 2 1 42
2583 2 1 36
3175 2 1 32
625 2 1 27
2143 2 1 20
2475 2 1 16
2152 2 1 11
3398 2 1 7
138 2 1 4
1948 2 4 92
3532 2 4 87
1864 2 4 80
2393 2 4 73
200 2 4 67
369 2 4 61
1283 2 4 56
2653 2 4 54
2336 2 4 49
2708 2 4 41
713 2 4 37
984 2 4 32
2731 2 4 26
255 2 4 21
2810 2 4 13
1325 2 4 8
3237 2 4 1
1200 2 6 92
2010 2 6 87
1717 2 6 80
1297 2 6 73
3546 2 6 66
1154 2 6 62
1407 2 6 57
1786 2 6 51
60 2 6 47
1175 2 6 42
1245 2 6 36
700 2 6 32
2545 2 6 26
3054 2 6 20
2261 2 6 16
3274 2 6 10
3045 2 6 4
978 2 8 92
1521 2 8 87
3251 2 8 79
630 2 8 72
596 2 8 67
47 2 8 61
1011 2 8 56
2512 2 8 54
1265 2 8 48
568 2 8 42
514 2 8 36
2632 2 8 30
1057 2 8 26
2458 2 8 20
1306 2 8 15
146 2 8 8
2868 2 8 1
818 2 9 92
935 2 9 87
2775 2 9 79
59 2 9 72
562 2 9 67
3335 2 9 59
959 2 9 53
1290 2 9 48
3362 2 9 41
3470 2 9 36
2229 2 9 30
494 2 9 25
1697 2 9 21
1605 2 9 13
1100 2 9 8
1800 2 9 1
3525 2 11 91
2063 2 11 87
1585 2 11 79
2442 2 11 71
2314 2 11 66
2942 2 11 61
242 2 11 56
1099 2 11 52
1949 2 11 48
2383 2 11 41
2903 2 11 36
1032 2 11 30
57 2 11 25
3318 2 11 20
1140 2 11 15
3534 2 11 7
2785 2 11 3
1335 2 12 91
1126 2 12 87
833 2 12 79
2014 2 12 71
2996 2 12 65
3035 2 12 59
785 2 12 52
272 2 12 48
2208 2 12 41
2821 2 12 36
3137 2 12 29
429 2 12 25
2160 2 12 20
3560 2 12 14
1573 2 12 10
2767 2 12 4
481 2 14 91
187 2 14 86
3126 2 14 81
1394 2 14 76
2741 2 14 73
2443 2 14 66
2354 2 14 61
3091 2 14 55
1752 2 14 51
1268 2 14 46
3538 2 14 42
1931 2 14 35
3004 2 14 31
2259 2 14 27
1365 2 14 20
3518 2 14 14
593 2 14 10
1704 2 14 4
3320 2 15 90
3316 2 15 86
258 2 15 81
3302 2 15 75
289 2 15 70
440 2 15 65
2176 2 15 59
221 2 15 52
1926 2 15 47
1135 2 15 42
1802 2 15 35
2607 2 15 31
1243 2 15 27
124 2 15 20
2974 2 15 14
2417 2 15 9
2605 2 15 1
1721 2 16 90
1173 2 16 86
173 2 16 81
1111 2 16 75
814 2 16 69
2042 2 16 63
70 2 16 57
1699 2 16 51
3473 2 16 45
736 2 16 39
2065 2 16 33
1041 2 16 25
744 2 16 20
2699 2 16 14
2135 2 16 9
1645 2 16 1
932 2 17 90
733 2 17 86
1988 2 17 80
316 2 17 73
1910 2 17 65
1814 2 17 59
1422 2 17 51
2977 2 17 45
3327 2 17 38
2765 2 17 32
561 2 17 26
75 2 17 20
2609 2 17 14
2115 2 17 9
960 2 17 1
1711 2 18 89
1234 2 18 84
1393 2 18 80
2709 2 18 72
399 2 18 67
3034 2 18 59
1182 2 18 51
2881 2 18 45
2878 2 18 38
2758 2 18 32
2307 2 18 25
306 2 18 20
364 2 18 14
3555 2 18 8
2209 2 18 3
695 2 19 89
3541 2 19 83
3191 2 19 77
1052 2 19 71
2543 2 19 65
909 2 19 58
1077 2 19 49
994 2 19 41
1458 2 19 34
2296 2 19 28
2989 2 19 24
2789 2 19 19
549 2 19 15
2694 2 19 7
780 2 19 3
1317 3 6 88
902 3 6 82
1435 3 6 76
2935 3 6 72
1924 3 6 66
275 3 6 61
2866 3 6 55
1515 3 6 51
2761 3 6 45
2267 3 6 38
2153 3 6 32
1777 3 6 25
535 3 6 19
2991 3 6 14
2507 3 6 8
174 3 6 2
3081 3 7 87
2564 3 7 78
778 3 7 73
1666 3 7 65
2511 3 7 57
1337 3 7 51
1197 3 7 44
2600 3 7 38
883 3 7 32
247 3 7 25
89 3 7 19
2402 3 7 14
1881 3 7 8
2416 3 7 1
1465 3 8 87
2466 3 8 78
211 3 8 73
243 3 8 65
1426 3 8 57
559 3 8 51
38 3 8 44
1324 3 8 38
2237 3 8 31
244 3 8 26
3020 3 8 19
1049 3 8 13
2645 3 8 7
1847 3 8 1
807 3 9 87
1925 3 9 78
2988 3 9 72
1843 3 9 66
1291 3 9 60
1456 3 9 57
3155 3 9 50
1315 3 9 44
830 3 9 38
1082 3 9 31
3253 3 9 25
2440 3 9 18
3073 3 9 13
2549 3 9 7
1225 3 9 1
3504 3 12 86
3213 3 12 79
1911 3 12 71
1912 3 12 65
335 3 12 57
2104 3 12 50
3113 3 12 43
990 3 12 37
3012 3 12 31
2652 3 12 24
2019 3 12 19
671 3 12 13
2472 3 12 7
916 3 12 1
3055 3 14 86
961 3 14 79
1224 3 14 71
20 3 14 65
164 3 14 56
752 3 14 52
1131 3 14 47
3332 3 14 41
166 3 14 34
962 3 14 28
293 3 14 24
2994 3 14 18
2265 3 14 13
1523 3 14 7
957 3 14 1
2754 3 15 86
269 3 15 79
2340 3 15 70
3372 3 15 64
64 3 15 58
1238 3 15 48
393 3 15 41
2999 3 15 33
2260 3 15 24
1962 3 15 18
2235 3 15 13
1392 3 15 7
449 3 15 1
1669 3 16 85
3342 3 16 80
2366 3 16 72
677 3 16 66
657 3 16 60
3154 3 16 56
479 3 16 52
154 3 16 47
3195 3 16 41
2099 3 16 33
3120 3 16 23
1437 3 16 18
2144 3 16 13
1186 3 16 7
3376 3 17 84
1181 3 17 79
1833 3 17 70
2644 3 17 64
2487 3 17 57
1718 3 17 50
1768 3 17 43
1941 3 17 36
1343 3 17 29
1251 3 17 24
1568 3 17 18
852 3 17 13
3344 3 17 6
3255 3 18 83
1630 3 18 77
307 3 18 71
3510 3 18 64
2252 3 18 57
1104 3 18 50
648 3 18 43
1617 3 18 36
1037 3 18 29
1123 3 18 24
1428 3 18 18
675 3 18 13
2351 3 18 6
2350 3 19 83
1508 3 19 77
107 3 19 71
2952 3 19 64
1955 3 19 57
3229 3 19 49
225 3 19 41
1991 3 19 33
1817 3 19 23
1198 3 19 18
491 3 19 12
1311 3 19 7
182 4 0 83
2455 4 0 76
1922 4 0 72
2589 4 0 64
1724 4 0 57
1731 4 0 49
2799 4 0 40
1504 4 0 34
872 4 0 28
3179 4 0 23
3568 4 0 17
346 4 0 13
1401 4 0 6
2933 4 1 82
853 4 1 76
1430 4 1 72
2412 4 1 64
3347 4 1 56
2425 4 1 51
3188 4 1 43
3360 4 1 35
2450 4 1 30
3190 4 1 24
2922 4 1 17
284 4 1 13
3506 4 1 5
1194 4 2 82
3246 4 2 75
1045 4 2 68
1756 4 2 62
885 4 2 57
1 4 2 49
1202 4 2 40
1159 4 2 34
13 4 2 28
2134 4 2 23
339 4 2 17
53 4 2 13
2901 4 2 5
1827 4 3 78
128 4 3 72
2187 4 3 64
2554 4 3 56
2320 4 3 51
2206 4 3 43
2719 4 3 35
2434 4 3 30
2372 4 3 24
2299 4 3 17
2704 4 3 12
643 4 3 6
943 4 4 75
579 4 4 68
1384 4 4 62
3287 4 4 56
1819 4 4 50
3516 4 4 42
93 4 4 35
1908 4 4 30
1244 4 4 23
2178 4 4 16
3182 4 4 10
3448 4 4 3
36 4 6 70
2497 4 6 64
844 4 6 56
1655 4 6 50
2341 4 6 42
2766 4 6 34
2964 4 6 27
3409 4 6 19
2945 4 6 12
2368 4 6 5
582 4 7 96
3136 4 7 90
1730 4 7 85
3331 4 7 80
2312 4 7 72
1157 4 7 63
3152 4 7 56
686 4 7 50
1762 4 7 42
2896 4 7 33
1560 4 7 23
2102 4 7 16
3027 4 7 10
1984 4 7 3
2784 4 12 95
2843 4 12 90
418 4 12 85
2248 4 12 80
2577 4 12 71
1177 4 12 64
728 4 12 56
237 4 12 50
2365 4 12 41
3288 4 12 32
2981 4 12 24
1954 4 12 17
2018 4 12 12
1806 4 12 5
3389 5 0 94
1853 5 0 86
71 5 0 79
3166 5 0 69
16 5 0 63
2033 5 0 56
199 5 0 50
748 5 0 41
2875 5 0 32
2921 5 0 24
1501 5 0 17
3420 5 0 11
3282 5 0 7
2232 5 6 94
1203 5 6 86
2294 5 6 78
1758 5 6 71
2986 5 6 63
757 5 6 56
2515 5 6 49
803 5 6 40
2013 5 6 33
2658 5 6 22
2850 5 6 16
270 5 6 10
1348 5 6 3
1364 5 8 94
511 5 8 86
486 5 8 78
1614 5 8 71
1542 5 8 63
322 5 8 56
2297 5 8 49
472 5 8 40
1433 5 8 33
2150 5 8 22
2145 5 8 16
1593 5 8 9
459 5 8 1
1279 5 9 94
3402 5 9 85
1905 5 9 80
2274 5 9 71
3086 5 9 62
1903 5 9 56
3500 5 9 48
3333 5 9 40
125 5 9 33
1015 5 9 22
1796 5 9 16
3021 5 9 8
234 5 10 94
3263 5 10 85
1419 5 10 80
2221 5 10 71
2332 5 10 62
1689 5 10 56
3257 5 10 48
1770 5 10 40
2389 5 10 32
1840 5 10 24
2471 5 10 15
2124 5 10 7
831 5 15 93
2980 5 15 86
404 5 15 78
2219 5 15 70
2357 5 15 64
664 5 15 56
987 5 15 48
1211 5 15 40
1507 5 15 32
27 5 15 24
2037 5 15 15
2087 5 15 7
3070 6 0 92
381 6 0 87
1741 6 0 78
131 6 0 70
2046 6 0 64
140 6 0 56
660 6 0 48
461 6 0 40
1599 6 0 31
2249 6 0 24
1414 6 0 14
2584 6 0 7
2711 6 2 92
3023 6 2 86
2894 6 2 77
3130 6 2 70
1490 6 2 64
66 6 2 56
2364 6 2 47
373 6 2 41
2179 6 2 32
1478 6 2 23
113 6 2 16
1764 6 2 8
2697 6 3 92
1253 6 3 86
1877 6 3 77
2334 6 3 70
1483 6 3 64
2 6 3 56
2643 6 3 46
3160 6 3 42
3275 6 3 32
1095 6 3 23
3119 6 3 15
2546 6 3 6
860 6 4 92
518 6 4 86
1470 6 4 77
2284 6 4 70
3439 6 4 63
3230 6 4 55
1193 6 4 51
2156 6 4 43
2120 6 4 35
3418 6 4 29
3447 6 4 23
2370 6 4 15
2444 6 4 6
3422 6 6 91
2822 6 6 85
1090 6 6 80
2199 6 6 71
1729 6 6 62
1421 6 6 56
1634 6 6 46
3252 6 6 41
3128 6 6 31
1990 6 6 24
2439 6 6 13
1449 6 6 5
2278 6 16 91
2790 6 16 85
2612 6 16 79
2675 6 16 69
3363 6 16 62
3465 6 16 55
1022 6 16 51
1737 6 16 43
228 6 16 35
1627 6 16 28
2011 6 16 23
3462 6 16 14
2276 6 16 7
2498 6 17 90
288 6 17 85
1904 6 17 79
1517 6 17 69
1902 6 17 62
1026 6 17 55
2688 6 17 50
2650 6 17 40
1574 6 17 31
3259 6 17 23
2973 6 17 13
3176 6 17 4
1093 6 18 90
2806 6 18 84
930 6 18 79
1308 6 18 69
414 6 18 62
3187 6 18 54
2245 6 18 47
2763 6 18 40
788 6 18 31
3101 6 18 23
2692 6 18 13
1185 6 18 4
654 6 19 90
2750 6 19 84
597 6 19 79
3201 6 19 68
2819 6 19 61
2298 6 19 55
2633 6 19 50
180 6 19 40
584 6 19 31
1732 6 19 23
1994 6 19 13
851 6 19 4
3354 7 0 89
3058 7 0 83
1366 7 0 76
2027 7 0 71
1029 7 0 62
1345 7 0 54
1010 7 0 47
926 7 0 40
3521 7 0 29
1564 7 0 23
1248 7 0 13
553 7 0 4
297 7 2 89
2075 7 2 83
3078 7 2 75
3169 7 2 67
2203 7 2 59
3339 7 2 50
1594 7 2 39
1493 7 2 33
716 7 2 22
3423 7 2 15
2925 7 2 5
3449 7 3 88
3415 7 3 81
861 7 3 75
2207 7 3 67
1246 7 3 59
287 7 3 50
1408 7 3 39
3016 7 3 32
2257 7 3 22
185 7 3 15
2820 7 3 5
1148 7 6 88
3205 7 6 81
2329 7 6 74
235 7 6 69
2727 7 6 61
2936 7 6 54
923 7 6 47
693 7 6 40
384 7 6 29
619 7 6 23
3391 7 6 12
854 7 6 5
3531 7 8 87
735 7 8 78
3062 7 8 69
2210 7 8 61
1771 7 8 54
3208 7 8 46
2189 7 8 41
2193 7 8 31
928 7 8 23
2184 7 8 12
2863 7 8 4
2106 7 9 87
720 7 9 77
1368 7 9 70
3245 7 9 63
812 7 9 53
213 7 9 48
3256 7 9 39
1288 7 9 32
1651 7 9 22
3512 7 9 14
1370 7 9 7
1427 7 10 87
687 7 10 77
1313 7 10 70
3446 7 10 62
609 7 10 54
48 7 10 46
1522 7 10 40
2744 7 10 28
1190 7 10 23
985 7 10 12
2751 7 10 4
681 7 11 87
688 7 11 76
725 7 11 71
240 7 11 62
430 7 11 54
3098 7 11 45
1723 7 11 38
2538 7 11 28
1318 7 11 22
1621 7 11 14
1480 7 11 6
558 7 12 86
1264 7 12 77
689 7 12 70
2898 7 12 62
1825 7 12 53
2480 7 12 47
19 7 12 40
2374 7 12 28
655 7 12 22
2657 7 12 13
2723 7 12 3
435 7 13 86
2363 7 13 76
2710 7 13 70
2360 7 13 62
1716 7 13 53
678 7 13 47
3038 7 13 39
96 7 13 32
2353 7 13 21
1242 7 13 13
122 7 13 3
321 7 14 86
3210 7 14 75
2091 7 14 66
485 7 14 58
3537 7 14 47
2695 7 14 39
3394 7 14 31
314 7 14 23
2459 7 14 10
3481 7 14 2
2076 7 18 85
1440 7 18 79
2619 7 18 68
1849 7 18 61
1698 7 18 54
2202 7 18 45
1239 7 18 38
2485 7 18 28
1929 7 18 21
612 7 18 13
101 7 18 3
1992 7 19 85
899 7 19 78
2217 7 19 69
1051 7 19 61
1187 7 19 54
1570 7 19 45
375 7 19 38
2862 7 19 27
1548 7 19 19
2519 7 19 12
2596 7 19 4
1387 8 0 85
947 8 0 77
642 8 0 70
779 8 0 62
28 8 0 52
2568 8 0 46
2955 8 0 39
2825 8 0 31
2381 8 0 22
2978 8 0 12
2536 8 0 4
35 8 5 85
817 8 5 77
3352 8 5 69
301 8 5 61
974 8 5 54
1161 8 5 45
1453 8 5 37
2690 8 5 31
2263 8 5 22
2772 8 5 12
1378 8 5 4
802 8 6 84
1188 8 6 78
668 8 6 69
25 8 6 61
2493 8 6 53
252 8 6 47
1997 8 6 39
1870 8 6 31
1671 8 6 22
2448 8 6 12
503 8 6 4
629 8 8 83
2923 8 8 75
1168 8 8 66
42 8 8 58
1551 8 8 46
2255 8 8 39
1269 8 8 31
1578 8 8 22
2133 8 8 12
1285 8 8 3
455 8 9 80
2054 8 9 71
2845 8 9 61
1660 8 9 53
2002 8 9 46
1952 8 9 39
484 8 9 31
2524 8 9 21
592 8 9 13
1098 8 9 2
344 8 10 80
1281 8 10 71
1841 8 10 61
1060 8 10 53
673 8 10 46
1413 8 10 39
104 8 10 31
2174 8 10 21
2614 8 10 12
749 8 10 3
205 8 11 80
226 8 11 71
3059 8 11 60
2906 8 11 55
2290 8 11 50
665 8 11 39
2602 8 11 30
3404 8 11 22
1532 8 11 12
3194 8 11 2
303 8 12 79
2423 8 12 68
2513 8 12 60
1799 8 12 55
3539 8 12 49
2453 8 12 39
2317 8 12 30
2258 8 12 22
1448 8 12 12
2441 8 12 2
1816 8 16 78
194 8 16 69
874 8 16 60
1607 8 16 55
2617 8 16 49
1860 8 16 39
927 8 16 30
570 8 16 22
2484 8 16 11
1826 8 16 7
348 9 0 76
2288 9 0 70
493 9 0 62
1735 9 0 51
3178 9 0 42
2916 9 0 32
2149 9 0 21
2164 9 0 12
2223 9 0 2
913 9 2 75
761 9 2 66
3233 9 2 56
1065 9 2 45
992 9 2 37
2151 9 2 31
2044 9 2 20
135 9 2 14
1740 9 2 5
1472 9 3 74
2975 9 3 68
1970 9 3 60
445 9 3 55
1693 9 3 49
863 9 3 39
3380 9 3 28
1567 9 3 21
560 9 3 12
3349 9 3 1
1229 9 6 74
2940 9 6 67
610 9 6 59
3066 9 6 49
1640 9 6 38
2782 9 6 27
1237 9 6 19
2452 9 6 12
167 9 6 1
821 9 12 74
2514 9 12 67
2032 9 12 57
3189 9 12 48
3106 9 12 39
1700 9 12 28
1058 9 12 21
2687 9 12 11
775 9 12 7
2214 9 13 73
703 9 13 64
2557 9 13 55
1541 9 13 49
2565 9 13 37
1396 9 13 31
504 9 13 20
105 9 13 14
1565 9 13 5
2023 9 14 73
3366 9 14 63
550 9 14 53
1582 9 14 45
3242 9 14 36
76 9 14 29
3392 9 14 22
537 9 14 11
458 9 14 7
2226 9 16 43
14 9 16 35
1451 9 16 28
2125 9 16 20
3093 9 16 13
471 9 16 2
1539 9 17 95
1584 9 17 90
1675 9 17 84
425 9 17 78
3018 9 17 68
1596 9 17 60
3234 9 17 54
905 9 17 45
3010 9 17 36
2077 9 17 28
362 9 17 20
7 9 17 13
91 9 17 2
1213 9 18 95
2951 9 18 89
347 9 18 83
2768 9 18 75
3548 9 18 65
3457 9 18 54
1626 9 18 44
2079 9 18 37
1006 9 18 31
454 9 18 20
1801 9 18 11
349 9 18 7
1141 9 19 94
2533 9 19 85
2447 9 19 76
1883 9 19 70
3396 9 19 61
1034 9 19 53
3479 9 19 44
1284 9 19 37
2326 9 19 30
1822 9 19 20
3390 9 19 10
2269 9 19 2
267 10 0 94
2346 10 0 85
835 10 0 76
1680 10 0 70
3147 10 0 61
489 10 0 53
3241 10 0 44
929 10 0 37
2064 10 0 30
2388 10 0 19
1937 10 0 12
2834 10 0 6
2128 10 8 93
2323 10 8 86
1172 10 8 74
1044 10 8 67
1933 10 8 57
2338 10 8 48
2585 10 8 39
866 10 8 28
372 10 8 19
3042 10 8 11
2177 10 8 6
586 10 9 93
782 10 9 86
734 10 9 72
1107 10 9 63
3386 10 9 52
2066 10 9 46
552 10 9 39
3424 10 9 26
2828 10 9 19
2593 10 9 11
224 10 9 6
3153 10 16 92
2918 10 16 85
1631 10 16 75
3105 10 16 65
2327 10 16 54
2005 10 16 43
2486 10 16 34
2127 10 16 27
692 10 16 19
1454 10 16 11
2201 10 16 5
2735 10 17 92
2777 10 17 85
12 10 17 75
3068 10 17 65
953 10 17 54
149 10 17 43
1851 10 17 34
1999 10 17 27
2310 10 17 18
195 10 17 12
1571 10 17 5
1385 10 18 92
656 10 18 85
3228 10 18 74
838 10 18 67
3492 10 18 56
3084 10 18 44
3298 10 18 36
3410 10 18 27
2293 10 18 18
1072 10 18 11
3407 10 18 4
403 10 19 92
3406 10 19 84
3297 10 19 76
1309 10 19 70
2882 10 19 61
1516 10 19 52
1616 10 19 46
2103 10 19 38
1871 10 19 27
1892 10 19 18
3508 10 19 10
1794 10 19 2
1569 11 0 91
3514 11 0 84
2451 11 0 76
337 11 0 70
3357 11 0 60
2907 11 0 54
2311 11 0 42
1073 11 0 32
368 11 0 21
627 11 0 10
1498 11 0 2
1566 11 2 91
6 11 2 84
2411 11 2 76
285 11 2 70
2244 11 2 60
2669 11 2 54
3239 11 2 41
2009 11 2 31
696 11 2 18
3427 11 2 10
1046 11 2 2
2204 11 3 90
539 11 3 84
100 11 3 76
3199 11 3 69
745 11 3 60
2495 11 3 54
2856 11 3 41
1720 11 3 31
2092 11 3 17
2786 11 3 11
3007 11 3 4
1679 11 4 90
1577 11 4 83
2586 11 4 75
1779 11 4 65
739 11 4 54
2016 11 4 41
1274 11 4 31
2779 11 4 16
1151 11 4 8
993 11 5 90
882 11 5 83
1896 11 5 75
448 11 5 65
563 11 5 54
2192 11 5 39
1147 11 5 26
2247 11 5 19
331 11 5 11
420 11 5 4
762 11 6 90
856 11 6 83
3461 11 6 74
280 11 6 67
3377 11 6 56
2811 11 6 43
1174 11 6 33
711 11 6 22
2802 11 6 10
268 11 6 2
569 11 8 90
3123 11 8 82
2919 11 8 75
2990 11 8 64
1124 11 8 55
3156 11 8 48
2470 11 8 39
2622 11 8 25
1996 11 8 18
2914 11 8 10
3466 11 8 1
2682 11 9 89
2056 11 9 82
2892 11 9 75
2721 11 9 64
298 11 9 55
2700 11 9 48
848 11 9 39
1322 11 9 24
1733 11 9 13
3193 11 9 3
1346 11 11 88
2960 11 11 81
617 11 11 74
3138 11 11 66
948 11 11 56
1316 11 11 43
2155 11 11 32
2489 11 11 20
2876 11 11 10
2060 11 11 1
889 11 12 88
2638 11 12 81
204 11 12 74
3029 11 12 66
3445 11 12 55
2581 11 12 48
704 11 12 38
1491 11 12 27
1563 11 12 18
793 11 12 10
3435 11 15 87
3271 11 15 75
401 11 15 64
2693 11 15 54
3248 11 15 38
869 11 15 27
3442 11 15 17
2626 11 15 11
2950 11 15 3
2924 12 0 87
771 12 0 75
3368 12 0 63
3051 12 0 52
827 12 0 46
1330 12 0 38
106 12 0 26
3483 12 0 18
543 12 0 10
843 12 1 87
2674 12 1 74
581 12 1 66
3408 12 1 55
2382 12 1 48
613 12 1 38
2395 12 1 25
1744 12 1 18
311 12 1 10
389 12 2 86
1776 12 2 71
1959 12 2 60
2386 12 2 54
2624 12 2 38
87 12 2 25
77 12 2 18
111 12 2 10
3346 12 3 85
1557 12 3 74
2686 12 3 65
151 12 3 54
1884 12 3 37
1834 12 3 30
718 12 3 19
302 12 3 11
1145 12 3 3
1751 12 4 81
2126 12 4 73
2635 12 4 61
398 12 4 52
495 12 4 46
699 12 4 38
1828 12 4 24
492 12 4 13
411 12 4 3
1155 12 5 80
1080 12 5 70
607 12 5 60
1673 12 5 54
3157 12 5 36
2240 12 5 27
3350 12 5 17
1352 12 5 11
3460 12 5 2
1706 12 6 79
1321 12 6 68
764 12 6 60
911 12 6 53
2961 12 6 44
1272 12 6 36
1713 12 6 27
2116 12 6 16
766 12 6 8
1810 12 10 78
2703 12 10 68
422 12 10 60
941 12 10 52
2280 12 10 45
1201 12 10 36
799 12 10 27
483 12 10 16
3511 12 10 7
3080 12 14 77
3063 12 14 69
3014 12 14 59
1788 12 14 49
3315 12 14 36
3265 12 14 26
3300 12 14 18
3250 12 14 9
2756 12 15 77
2588 12 15 69
2566 12 15 59
1262 12 15 48
112 12 15 37
1450 12 15 30
2848 12 15 18
3223 12 15 9
1088 12 16 77
3450 12 16 68
377 12 16 60
2188 12 16 51
1878 12 16 42
439 12 16 31
2673 12 16 16
3040 12 16 7
862 12 18 95
2913 12 18 89
2021 12 18 81
578 12 18 73
965 12 18 61
2641 12 18 51
1002 12 18 42
354 12 18 31
707 12 18 15
976 12 18 5
29 12 19 95
2603 12 19 89
477 12 19 81
1769 12 19 72
1008 12 19 62
538 12 19 51
2319 12 19 41
423 12 19 30
1397 12 19 18
2481 12 19 9
3553 13 8 94
1677 13 8 85
3112 13 8 73
521 13 8 61
1854 13 8 51
1782 13 8 41
3260 13 8 29
2582 13 8 22
2096 13 8 10
3096 13 10 94
873 13 10 85
1444 13 10 72
556 13 10 62
2671 13 10 50
1130 13 10 37
2962 13 10 29
1579 13 10 22
598 13 10 10
1783 13 12 93
115 13 12 86
541 13 12 71
333 13 12 60
2055 13 12 51
632 13 12 41
1978 13 12 27
291 13 12 16
2880 13 12 7
3440 13 19 92
1998 13 19 84
3417 13 19 75
1113 13 19 63
2173 13 19 52
1995 13 19 45
61 13 19 36
209 13 19 26
3196 13 19 18
1964 13 19 9
3384 14 0 92
1747 14 0 84
3217 14 0 75
963 14 0 63
995 14 0 52
1945 14 0 45
3099 14 0 35
1122 14 0 28
2724 14 0 18
837 14 0 8
2621 14 1 92
649 14 1 84
2521 14 1 75
3232 14 1 62
2168 14 1 50
2899 14 1 36
724 14 1 25
2579 14 1 17
3095 14 1 10
1715 14 3 92
3503 14 3 83
2385 14 3 74
2676 14 3 62
1009 14 3 50
2726 14 3 36
1355 14 3 24
2392 14 3 12
3381 14 3 2
2488 14 4 91
2170 14 4 83
525 14 4 74
2285 14 4 62
2509 14 4 49
3088 14 4 36
286 14 4 24
2007 14 4 12
1296 14 4 2
2148 14 6 91
1012 14 6 83
374 14 6 74
3527 14 6 61
1665 14 6 51
2100 14 6 40
2186 14 6 28
1013 14 6 18
1622 14 6 7
2553 14 8 90
2879 14 8 82
2663 14 8 75
2345 14 8 61
2982 14 8 50
1739 14 8 35
2266 14 8 27
116 14 8 16
2302 14 8 7
2429 14 9 90
879 14 9 82
1792 14 9 75
3140 14 9 60
919 14 9 51
2347 14 9 39
2560 14 9 23
1895 14 9 10
894 14 10 90
545 14 10 82
1208 14 10 75
1966 14 10 60
2636 14 10 50
3279 14 10 34
1189 14 10 27
2181 14 10 15
2520 14 10 4
1146 14 12 89
273 14 12 81
877 14 12 72
1488 14 12 61
2599 14 12 50
1075 14 12 33
2944 14 12 21
3131 14 12 9
2359 14 14 88
1043 14 14 81
794 14 14 72
991 14 14 61
2494 14 14 50
505 14 14 33
2121 14 14 21
2109 14 14 9
2287 14 15 88
2034 14 15 80
23 14 15 70
196 14 15 59
1256 14 15 48
1653 14 15 36
198 14 15 24
855 14 15 12
3031 14 15 1
366 14 16 88
1102 14 16 80
2460 14 16 69
2316 14 16 59
999 14 16 48
2500 14 16 35
2496 14 16 26
2870 14 16 17
1804 14 16 10
201 15 1 88
881 15 1 80
1423 15 1 69
1028 15 1 59
810 15 1 47
1031 15 1 39
822 15 1 23
1891 15 1 10
3324 15 3 87
1547 15 3 74
2175 15 3 61
1136 15 3 50
2662 15 3 32
2755 15 3 19
281 15 3 10
3171 15 4 87
1329 15 4 74
1667 15 4 60
2456 15 4 50
2437 15 4 32
2816 15 4 18
3183 15 4 6
2508 15 6 87
3092 15 6 72
530 15 6 61
770 15 6 50
1603 15 6 31
2683 15 6 14
512 15 6 5
1398 15 9 87
2071 15 9 72
147 15 9 60
3565 15 9 49
1977 15 9 36
2947 15 9 23
1158 15 9 10
722 15 10 87
2057 15 10 72
114 15 10 59
3162 15 10 46
2794 15 10 37
1684 15 10 29
859 15 10 22
290 15 10 10
73 15 12 87
645 15 12 71
1649 15 12 57
903 15 12 48
1725 15 12 35
2194 15 12 26
585 15 12 17
789 15 12 10
3543 15 16 85
896 15 16 72
2062 15 16 58
1206 15 16 46
555 15 16 37
1662 15 16 29
2716 15 16 21
457 15 16 9
1371 15 18 85
3411 15 18 71
1287 15 18 57
529 15 18 48
134 15 18 35
2112 15 18 26
3437 15 18 16
1767 15 18 7
44 15 19 84
2238 15 19 75
2733 15 19 59
2141 15 19 46
265 15 19 37
1305 15 19 29
1915 15 19 20
2384 15 19 10
432 16 1 83
175 16 1 74
330 16 1 60
2122 16 1 48
599 16 1 34
40 16 1 27
3236 16 1 14
501 16 1 5
144 16 4 83
2963 16 4 73
1263 16 4 60
3125 16 4 47
639 16 4 39
1079 16 4 20
1844 16 4 10
2216 16 9 82
1830 16 9 74
1473 16 9 58
1027 16 9 46
1068 16 9 36
1644 16 9 23
1062 16 9 10
3097 16 10 81
320 16 10 72
966 16 10 56
1003 16 10 43
2070 16 10 32
2661 16 10 18
1913 16 10 6
2325 16 12 80
594 16 12 69
1708 16 12 58
536 16 12 46
924 16 12 36
1064 16 12 23
2517 16 12 9
1790 16 14 79
547 16 14 68
3533 16 14 59
119 16 14 46
829 16 14 36
1647 16 14 22
3278 16 14 9
1619 16 15 79
499 16 15 68
1969 16 15 59
49 16 15 45
2781 16 15 35
1652 16 15 25
1179 16 15 17
328 16 15 10
264 16 16 79
2073 16 16 67
2818 16 16 56
3013 16 16 40
986 16 16 27
277 16 16 14
2254 16 16 3
1943 16 19 77
2712 16 19 68
26 16 19 59
3277 16 19 44
663 16 19 36
2068 16 19 19
21 16 19 10
1374 17 6 77
1648 17 6 68
2885 17 6 58
3558 17 6 43
1207 17 6 32
746 17 6 18
3111 17 6 5
870 17 9 70
1416 17 9 58
1985 17 9 43
1438 17 9 31
1023 17 9 14
219 17 9 3
342 17 10 70
1209 17 10 58
1972 17 10 42
2476 17 10 30
897 17 10 18
3267 17 10 4
1687 17 12 67
3209 17 12 55
1531 17 12 48
246 17 12 34
2798 17 12 26
1460 17 12 15
2234 17 12 4
137 17 14 41
1331 17 14 26
1236 17 14 15
1059 17 14 4
2664 17 15 92
2477 17 15 83
2086 17 15 73
1367 17 15 59
371 17 15 44
78 17 15 36
447 17 15 15
2629 17 15 3
1888 17 16 92
2378 17 16 83
975 17 16 73
2616 17 16 58
1774 17 16 42
1643 17 16 30
1707 17 16 17
3150 17 16 9
1628 17 18 92
646 17 18 83
3341 17 18 72
1424 17 18 54
2172 17 18 34
1066 17 18 26
1576 17 18 14
614 17 18 2
3165 17 19 91
3395 17 19 82
1156 17 19 74
2705 17 19 57
2031 17 19 47
45 17 19 39
1067 17 19 20
1719 17 19 9
1882 18 0 91
3026 18 0 82
110 18 0 74
1178 18 0 57
1604 18 0 47
3186 18 0 38
1745 18 0 24
3356 18 0 11
1672 18 0 1
3458 18 2 90
3144 18 2 81
3502 18 2 71
880 18 2 57
1112 18 2 47
2793 18 2 38
1553 18 2 24
3249 18 2 11
1328 18 2 1
3071 18 3 90
2920 18 3 81
3489 18 3 71
847 18 3 57
424 18 3 47
1722 18 3 38
2728 18 3 23
3476 18 3 7
1001 18 5 90
2435 18 5 81
1350 18 5 71
3135 18 5 55
1310 18 5 48
1880 18 5 33
1909 18 5 21
3403 18 5 8
1459 18 6 89
2886 18 6 80
82 18 6 69
65 18 6 58
3082 18 6 41
1252 18 6 26
443 18 6 14
3164 18 6 1
2707 19 0 88
871 19 0 79
1270 19 0 67
1092 19 0 55
727 19 0 48
37 19 0 33
1162 19 0 21
1220 19 0 8
1938 19 2 88
813 19 2 79
2778 19 2 66
2544 19 2 55
672 19 2 48
1118 19 2 32
2833 19 2 17
1867 19 2 9
3216 19 5 87
954 19 5 70
412 19 5 58
3261 19 5 40
2236 19 5 26
2969 19 5 12
531 19 5 1
2026 19 8 87
283 19 8 70
2902 19 8 57
3310 19 8 46
1590 19 8 35
950 19 8 25
413 19 8 17
1228 19 8 9
842 19 9 87
1417 19 9 61
183 19 9 50
17 19 9 30
388 19 9 17
638 19 9 9
95 19 10 87
152 19 10 60
2574 19 10 47
3519 19 10 37
2972 19 10 28
3149 19 10 17
3505 19 10 8
32 19 11 87
2436 19 11 51
865 19 11 37
2809 19 11 28
1519 19 11 17
1917 19 11 8
2776 19 12 86
2094 19 12 70
1120 19 12 57
3003 19 12 46
979 19 12 35
464 19 12 24
3008 19 12 11
691 19 13 86
1114 19 13 70
3313 19 13 55
3365 19 13 46
1971 19 13 34
715 19 13 25
85 19 13 17
1536 19 13 8
3006 19 14 85
3321 19 14 71
1876 19 14 55
2218 19 14 46
2630 19 14 33
1535 19 14 20
1464 19 14 9
2499 19 15 85
410 19 15 71
2430 19 15 54
1070 19 15 34
56 19 15 25
3378 19 15 16
304 19 15 7
1753 19 16 85
1475 19 16 69
1432 19 16 57
2647 19 16 46
1184 19 16 33
532 19 16 18
2213 19 16 4
1036 19 17 85
756 19 17 69
1803 19 17 55
1608 19 17 46
336 19 17 33
2774 19 17 17
1353 19 17 8
3025 19 18 84
3338 19 18 74
3174 19 18 56
2849 19 18 40
3215 19 18 25
3218 19 18 16
236 19 18 7
3455 19 19 83
2387 19 19 72
2246 19 19 53
2912 19 19 44
2022 19 19 35
2541 19 19 22
1477 19 19 9
