3189
6342 0 0 98
588 0 0 95
2009 0 0 92
4868 0 0 89
6086 0 0 84
5820 0 0 81
5661 0 0 79
5590 0 0 77
5986 0 0 74
703 0 0 72
4197 0 0 69
5785 0 0 66
331 0 0 64
6526 0 0 60
6199 0 0 57
6323 0 0 54
3619 0 0 51
6390 0 0 48
4521 0 0 45
2730 0 0 43
6048 0 0 41
3839 0 0 38
1286 0 0 35
5623 0 0 32
891 0 0 30
2917 0 0 26
5970 0 0 24
63 0 0 22
6567 0 0 19
2439 0 0 16
4455 0 0 14
4927 0 0 11
491 0 0 8
5862 0 0 5
4148 0 0 2
1585 0 1 98
962 0 1 94
6536 0 1 90
2588 0 1 88
4617 0 1 86
395 0 1 84
4905 0 1 80
3031 0 1 78
4587 0 1 76
2473 0 1 72
6087 0 1 68
5199 0 1 65
4704 0 1 63
5611 0 1 60
3156 0 1 57
1612 0 1 53
2170 0 1 50
6583 0 1 47
3180 0 1 44
6345 0 1 41
5341 0 1 37
4512 0 1 34
5445 0 1 32
5721 0 1 28
5139 0 1 24
4450 0 1 21
4329 0 1 17
5907 0 1 14
4452 0 1 10
1479 0 1 8
5603 0 1 5
3593 0 1 2
6211 0 2 97
3501 0 2 95
6184 0 2 91
4510 0 2 88
202 0 2 85
3152 0 2 82
5945 0 2 79
1110 0 2 77
5630 0 2 74
5262 0 2 70
5032 0 2 67
4315 0 2 64
4708 0 2 60
2440 0 2 56
6381 0 2 53
6148 0 2 49
4658 0 2 46
3903 0 2 43
5998 0 2 40
5604 0 2 37
1571 0 2 34
471 0 2 32
3841 0 2 28
5018 0 2 24
2808 0 2 21
5307 0 2 16
5408 0 2 13
2655 0 2 10
6251 0 2 7
6559 0 2 4
3007 0 3 97
6163 0 3 94
4837 0 3 90
5353 0 3 87
39 0 3 85
6462 0 3 81
4836 0 3 78
2108 0 3 76
974 0 3 72
2058 0 3 68
4479 0 3 65
6205 0 3 62
6164 0 3 60
2282 0 3 56
4290 0 3 53
5352 0 3 49
4431 0 3 46
2188 0 3 43
4202 0 3 40
4454 0 3 36
1342 0 3 34
3688 0 3 31
6186 0 3 28
4559 0 3 24
6487 0 3 20
6309 0 3 16
5183 0 3 13
4514 0 3 9
284 0 3 7
384 0 3 4
982 0 4 97
3980 0 4 93
5765 0 4 91
2210 0 4 88
2177 0 4 84
4546 0 4 80
3329 0 4 77
4615 0 4 74
4902 0 4 70
2570 0 4 66
3157 0 4 63
4456 0 4 60
1720 0 4 56
3983 0 4 53
3753 0 4 49
4052 0 4 46
2121 0 4 43
3692 0 4 40
3370 0 4 36
869 0 4 33
4899 0 4 31
5612 0 4 28
4139 0 4 24
5379 0 4 20
5407 0 4 16
3461 0 4 13
3484 0 4 9
5836 0 4 6
6531 0 4 3
557 0 5 97
996 0 5 93
2051 0 5 90
1657 0 5 87
5966 0 5 83
3631 0 5 80
667 0 5 77
115 0 5 74
4188 0 5 70
252 0 5 66
2921 0 5 63
2307 0 5 60
5919 0 5 55
3982 0 5 52
6405 0 5 48
705 0 5 45
5332 0 5 41
3301 0 5 37
5717 0 5 33
5471 0 5 30
6495 0 5 25
816 0 5 22
5609 0 5 19
5752 0 5 15
6447 0 5 13
4087 0 5 8
2475 0 5 5
2605 0 5 2
6514 0 6 96
5458 0 6 92
2204 0 6 89
4437 0 6 84
4363 0 6 80
4365 0 6 76
3294 0 6 71
5434 0 6 69
2086 0 6 66
3923 0 6 62
4893 0 6 59
4161 0 6 57
5112 0 6 52
5031 0 6 48
3253 0 6 44
6241 0 6 41
947 0 6 36
5657 0 6 32
1486 0 6 28
422 0 6 24
2479 0 6 20
1624 0 6 16
2180 0 6 12
250 0 6 10
1975 0 6 7
4448 0 6 3
4988 0 7 96
2866 0 7 92
1504 0 7 89
2175 0 7 84
4155 0 7 80
4335 0 7 76
1916 0 7 71
4095 0 7 68
2474 0 7 65
5251 0 7 62
2865 0 7 59
5414 0 7 56
3669 0 7 53
5010 0 7 48
1522 0 7 44
6429 0 7 40
3207 0 7 36
5440 0 7 32
501 0 7 28
5811 0 7 23
6094 0 7 20
5237 0 7 15
5736 0 7 12
204 0 7 9
408 0 7 6
4829 0 7 2
3888 0 8 96
1271 0 8 92
642 0 8 89
679 0 8 84
3701 0 8 79
700 0 8 77
4243 0 8 73
6490 0 8 71
860 0 8 67
3075 0 8 64
1398 0 8 60
5277 0 8 55
1284 0 8 52
4619 0 8 48
1776 0 8 43
5296 0 8 39
3393 0 8 36
4589 0 8 32
6481 0 8 27
3823 0 8 24
1814 0 8 20
4892 0 8 15
4802 0 8 12
6317 0 8 8
4072 0 8 4
1654 0 9 96
5298 0 9 91
5709 0 9 87
5117 0 9 83
1633 0 9 80
3702 0 9 76
5637 0 9 70
4924 0 9 65
2948 0 9 62
2482 0 9 59
3230 0 9 56
3505 0 9 52
6436 0 9 47
2324 0 9 44
6045 0 9 40
3138 0 9 36
2512 0 9 32
5276 0 9 27
2114 0 9 24
378 0 9 20
4380 0 9 15
1943 0 9 12
6240 0 9 8
1689 0 9 4
285 0 10 96
4180 0 10 91
4801 0 10 87
4446 0 10 83
6183 0 10 79
4027 0 10 76
4432 0 10 70
2130 0 10 65
1890 0 10 62
1549 0 10 59
5360 0 10 55
5265 0 10 51
4827 0 10 48
1399 0 10 43
5101 0 10 39
5720 0 10 35
1451 0 10 32
1906 0 10 27
6364 0 10 23
1273 0 10 20
4078 0 10 15
6535 0 10 11
3745 0 10 7
2633 0 10 3
6354 0 11 95
2234 0 11 91
4416 0 11 87
3830 0 11 83
5643 0 11 79
3486 0 11 75
5647 0 11 72
3303 0 11 67
4706 0 11 63
5387 0 11 59
2891 0 11 55
3711 0 11 51
1285 0 11 48
1099 0 11 43
3038 0 11 39
5263 0 11 35
977 0 11 32
1476 0 11 27
6277 0 11 23
1168 0 11 20
3102 0 11 15
5419 0 11 11
2453 0 11 7
1493 0 11 3
4568 0 12 95
2192 0 12 91
3003 0 12 87
3543 0 12 83
5642 0 12 79
3442 0 12 75
4602 0 12 72
5493 0 12 66
3475 0 12 62
4073 0 12 58
2882 0 12 56
2691 0 12 52
6213 0 12 47
598 0 12 44
5870 0 12 40
5861 0 12 35
5960 0 12 31
3523 0 12 28
5711 0 12 23
77 0 12 20
2745 0 12 15
2045 0 12 11
4557 0 12 6
3387 0 12 2
3988 0 13 95
357 0 13 91
2488 0 13 87
3472 0 13 83
2929 0 13 79
578 0 13 75
2403 0 13 72
3783 0 13 66
2047 0 13 62
56 0 13 58
6232 0 13 55
400 0 13 51
868 0 13 47
5962 0 13 43
2651 0 13 39
1622 0 13 35
2358 0 13 31
3117 0 13 27
5764 0 13 23
6107 0 13 19
5733 0 13 15
401 0 13 10
5284 0 13 6
3214 0 13 2
2613 0 14 95
5697 0 14 90
5771 0 14 86
3431 0 14 83
6140 0 14 78
4150 0 14 75
567 0 14 72
3468 0 14 66
2015 0 14 62
6530 0 14 57
5078 0 14 52
2995 0 14 47
5144 0 14 43
2504 0 14 39
4844 0 14 34
6290 0 14 30
4572 0 14 25
5034 0 14 21
4100 0 14 16
616 0 14 12
5113 0 14 8
6394 0 14 3
2360 0 15 95
2659 0 15 90
4310 0 15 86
4474 0 15 82
2937 0 15 79
5323 0 15 74
4009 0 15 70
1928 0 15 65
5903 0 15 61
6335 0 15 59
865 0 15 55
5941 0 15 50
5196 0 15 47
294 0 15 43
4026 0 15 38
5887 0 15 34
4959 0 15 30
3378 0 15 25
3203 0 15 21
3666 0 15 16
4515 0 15 11
4226 0 15 6
2930 0 15 2
1607 0 16 95
730 0 16 90
5754 0 16 85
4724 0 16 81
3016 0 16 78
6368 0 16 74
718 0 16 70
6441 0 16 64
535 0 16 60
4937 0 16 55
5305 0 16 50
76 0 16 47
6474 0 16 42
5391 0 16 40
1316 0 16 35
9 0 16 31
2868 0 16 27
4874 0 16 23
5310 0 16 19
4002 0 16 15
322 0 16 10
4468 0 16 5
1581 0 16 1
1351 0 17 95
6050 0 17 89
5371 0 17 83
5675 0 17 78
5459 0 17 74
4285 0 17 69
34 0 17 66
1603 0 17 62
6378 0 17 57
4219 0 17 52
991 0 17 47
5425 0 17 42
5821 0 17 39
4596 0 17 34
4401 0 17 30
1248 0 17 25
199 0 17 21
1625 0 17 16
3687 0 17 11
3222 0 17 6
6105 0 17 1
5806 0 18 94
2423 0 18 90
3956 0 18 85
4231 0 18 81
3171 0 18 77
287 0 18 73
4943 0 18 71
58 0 18 67
3300 0 18 63
5141 0 18 59
6391 0 18 53
5007 0 18 48
794 0 18 43
1188 0 18 38
1161 0 18 34
4246 0 18 30
1124 0 18 25
4549 0 18 20
1259 0 18 15
4075 0 18 9
4471 0 18 5
486 0 18 1
3512 0 19 94
121 0 19 90
3798 0 19 85
4273 0 19 80
1184 0 19 76
3441 0 19 70
4810 0 19 64
5036 0 19 59
5698 0 19 53
1873 0 19 48
524 0 19 43
1128 0 19 37
706 0 19 33
4928 0 19 30
1036 0 19 25
2654 0 19 20
1222 0 19 15
2551 0 19 9
1543 0 19 5
809 2 0 94
5578 2 0 89
5367 2 0 83
4993 2 0 78
3135 2 0 74
3659 2 0 69
5033 2 0 65
6402 2 0 60
4864 2 0 55
2838 2 0 50
5737 2 0 46
2104 2 0 43
931 2 0 37
5365 2 0 32
208 2 0 27
2145 2 0 23
4545 2 0 19
2446 2 0 15
1330 2 0 9
6520 2 0 4
6542 2 1 93
1344 2 1 90
2033 2 1 85
4194 2 1 80
215 2 1 76
1228 2 1 70
3764 2 1 64
4018 2 1 59
5362 2 1 53
1336 2 1 48
390 2 1 43
5723 2 1 36
1682 2 1 32
4676 2 1 26
1001 2 1 23
2967 2 1 19
5777 2 1 14
271 2 1 10
4099 2 1 5
5024 2 2 93
6289 2 2 89
4989 2 2 83
4670 2 2 78
2100 2 2 74
3616 2 2 69
4550 2 2 65
5829 2 2 60
4794 2 2 55
1136 2 2 50
5915 2 2 45
4755 2 2 41
6546 2 2 35
5929 2 2 30
498 2 2 25
2338 2 2 20
1120 2 2 15
1239 2 2 9
6002 2 2 4
4473 2 3 93
3317 2 3 89
3458 2 3 83
2280 2 3 78
1265 2 3 74
3391 2 3 69
4378 2 3 65
4185 2 3 60
4253 2 3 55
6196 2 3 49
3181 2 3 46
6486 2 3 42
4508 2 3 39
4412 2 3 34
5402 2 3 29
4509 2 3 26
289 2 3 23
715 2 3 19
5442 2 3 14
6506 2 3 9
5957 2 3 4
4283 2 4 93
1192 2 4 89
3382 2 4 83
6400 2 4 77
3355 2 4 72
2071 2 4 66
6448 2 4 61
4586 2 4 58
5424 2 4 54
2448 2 4 50
3510 2 4 45
1241 2 4 41
6496 2 4 35
3708 2 4 30
290 2 4 25
1019 2 4 20
644 2 4 15
5635 2 4 8
1856 2 4 3
3870 2 6 93
6550 2 6 88
2026 2 6 84
3139 2 6 79
4775 2 6 74
3313 2 6 69
6539 2 6 64
3643 2 6 59
5286 2 6 53
6128 2 6 47
4605 2 6 42
3951 2 6 39
4121 2 6 34
3405 2 6 29
212 2 6 26
5690 2 6 22
5179 2 6 18
6229 2 6 14
5923 2 6 9
4973 2 6 4
3063 2 7 93
6351 2 7 88
1112 2 7 84
2576 2 7 79
4674 2 7 74
1715 2 7 69
6366 2 7 64
3635 2 7 59
5039 2 7 53
5663 2 7 47
4040 2 7 42
3462 2 7 39
3571 2 7 34
1024 2 7 29
6173 2 7 25
6191 2 7 19
5235 2 7 14
5649 2 7 9
4400 2 7 4
177 2 8 93
4789 2 8 88
6382 2 8 83
4862 2 8 77
3035 2 8 72
1626 2 8 66
6112 2 8 61
3401 2 8 58
2784 2 8 54
1327 2 8 50
5259 2 8 44
5136 2 8 40
172 2 8 35
6450 2 8 29
4504 2 8 25
5447 2 8 19
3409 2 8 14
3350 2 8 9
1669 2 8 3
150 2 9 93
3396 2 9 88
5628 2 9 83
3965 2 9 77
175 2 9 72
5326 2 9 65
2847 2 9 60
4019 2 9 55
3735 2 9 49
4816 2 9 45
5225 2 9 40
5654 2 9 34
6073 2 9 28
4787 2 9 23
6181 2 9 18
6198 2 9 14
3123 2 9 9
1389 2 9 3
6586 2 10 92
4819 2 10 88
3629 2 10 83
3463 2 10 77
40 2 10 72
5274 2 10 65
2845 2 10 60
3269 2 10 55
2856 2 10 49
3804 2 10 44
4244 2 10 40
5410 2 10 34
6063 2 10 28
4769 2 10 23
6167 2 10 18
4744 2 10 14
3046 2 10 9
6298 2 10 2
6363 2 11 92
2523 2 11 88
2904 2 11 83
2861 2 11 77
5987 2 11 71
6284 2 11 66
4946 2 11 61
2113 2 11 58
2618 2 11 54
509 2 11 50
4345 2 11 44
1812 2 11 40
1219 2 11 34
5881 2 11 28
4114 2 11 23
4885 2 11 18
3996 2 11 14
1986 2 11 9
4620 2 11 2
4353 2 12 92
1162 2 12 88
1590 2 12 83
4747 2 12 76
917 2 12 70
3677 2 12 64
3356 2 12 59
1703 2 12 53
5275 2 12 47
3027 2 12 42
5904 2 12 38
5256 2 12 33
2724 2 12 30
6216 2 12 24
5973 2 12 19
1005 2 12 14
1176 2 12 9
3862 2 12 2
3624 2 13 92
966 2 13 88
690 2 13 83
3201 2 13 76
908 2 13 70
2102 2 13 64
3208 2 13 59
258 2 13 53
1061 2 13 47
1735 2 13 42
3684 2 13 38
4113 2 13 33
6197 2 13 29
3306 2 13 25
2013 2 13 19
6547 2 13 13
2237 2 13 8
998 2 13 3
2354 2 14 92
3190 2 14 87
2717 2 14 83
1713 2 14 76
4907 2 14 69
6146 2 14 63
3009 2 14 59
186 2 14 53
976 2 14 47
6016 2 14 41
6430 2 14 35
5260 2 14 29
1429 2 14 25
5670 2 14 18
1567 2 14 14
527 2 14 9
2960 2 14 2
988 2 15 92
2316 2 15 87
280 2 15 83
1211 2 15 76
2584 2 15 69
5902 2 15 63
6437 2 15 58
348 2 15 54
5382 2 15 49
3291 2 15 44
6113 2 15 39
3276 2 15 34
5877 2 15 28
4013 2 15 23
3126 2 15 18
5215 2 15 13
5273 2 15 7
6311 2 15 2
6 2 16 92
2302 2 16 87
6299 2 16 82
493 2 16 79
3806 2 16 74
911 2 16 69
5849 2 16 63
6201 2 16 58
6570 2 16 53
5510 2 16 46
5651 2 16 42
4384 2 16 37
3182 2 16 32
4205 2 16 26
5682 2 16 21
1127 2 16 16
3217 2 16 11
1071 2 16 6
5619 2 16 1
6271 2 17 91
2400 2 17 87
5607 2 17 82
1017 2 17 78
5751 2 17 73
2879 2 17 71
5040 2 17 66
1312 2 17 61
6239 2 17 57
3953 2 17 52
5355 2 17 46
1420 2 17 42
1419 2 17 37
1861 2 17 32
3907 2 17 26
5480 2 17 21
132 2 17 16
2965 2 17 11
181 2 17 6
5598 2 18 91
6476 2 18 86
377 2 18 82
5908 2 18 77
6079 2 18 70
805 2 18 64
2245 2 18 59
6438 2 18 52
4811 2 18 46
1392 2 18 42
764 2 18 37
581 2 18 32
3285 2 18 26
814 2 18 21
5797 2 18 15
4980 2 18 8
513 2 18 3
3795 2 19 91
1997 2 19 86
196 2 19 81
2894 2 19 77
5710 2 19 70
5220 2 19 63
2579 2 19 58
5636 2 19 53
5244 2 19 46
5873 2 19 41
4422 2 19 35
4894 2 19 29
5734 2 19 24
5174 2 19 19
5519 2 19 13
2458 2 19 7
4883 2 19 2
2171 3 0 91
6099 3 0 85
2495 3 0 80
5160 3 0 75
3733 3 0 71
1258 3 0 66
654 3 0 61
5394 3 0 57
3430 3 0 52
3993 3 0 46
5282 3 0 41
3987 3 0 35
4723 3 0 29
5143 3 0 24
1948 3 0 19
4088 3 0 13
2426 3 0 7
4442 3 0 2
1871 3 1 91
6078 3 1 85
621 3 1 80
4939 3 1 75
1559 3 1 71
749 3 1 66
2980 3 1 60
3144 3 1 55
2682 3 1 49
3164 3 1 44
5331 3 1 39
2883 3 1 34
5550 3 1 28
3913 3 1 23
1913 3 1 18
4692 3 1 13
466 3 1 7
3293 3 1 2
391 3 2 91
5205 3 2 85
6238 3 2 79
2893 3 2 74
4758 3 2 68
2059 3 2 65
1969 3 2 60
3092 3 2 55
2174 3 2 49
414 3 2 44
90 3 2 39
2415 3 2 34
4897 3 2 28
2767 3 2 23
1838 3 2 18
3654 3 2 13
6081 3 2 6
5888 3 3 90
251 3 3 85
5412 3 3 79
2841 3 3 74
3344 3 3 68
6011 3 3 64
2191 3 3 59
6253 3 3 52
3828 3 3 46
4818 3 3 41
3927 3 3 35
4137 3 3 29
3854 3 3 24
1226 3 3 19
3986 3 3 13
2923 3 3 6
4994 3 4 90
5867 3 4 84
927 3 4 79
1953 3 4 74
3335 3 4 68
1070 3 4 64
1541 3 4 59
5591 3 4 52
3820 3 4 46
2646 3 4 41
3625 3 4 35
3388 3 4 29
2852 3 4 24
722 3 4 19
3047 3 4 13
2452 3 4 6
230 3 6 90
3223 3 6 84
898 3 6 79
1769 3 6 74
1854 3 6 68
2461 3 6 63
1988 3 6 58
3670 3 6 53
1512 3 6 46
2303 3 6 41
3167 3 6 35
1009 3 6 29
2577 3 6 24
5680 3 6 18
2279 3 6 13
1146 3 6 6
4524 3 7 89
1274 3 7 83
1186 3 7 76
2374 3 7 69
5517 3 7 63
725 3 7 58
2492 3 7 53
3142 3 7 45
4978 3 7 40
999 3 7 34
3671 3 7 28
6242 3 7 22
4126 3 7 18
5951 3 7 12
5648 3 7 7
3110 3 7 2
3812 3 8 89
374 3 8 83
1151 3 8 76
946 3 8 69
5023 3 8 63
653 3 8 58
1092 3 8 53
2478 3 8 45
3287 3 8 40
104 3 8 34
3453 3 8 28
3852 3 8 22
3580 3 8 18
4326 3 8 12
3833 3 8 7
5114 3 8 1
2704 3 9 89
225 3 9 83
38 3 9 76
244 3 9 69
4679 3 9 63
5961 3 9 57
2380 3 9 52
1797 3 9 46
1223 3 9 41
1584 3 9 35
323 3 9 29
2386 3 9 24
5048 3 9 18
3712 3 9 12
3563 3 9 7
964 3 9 1
5708 3 10 88
4603 3 10 82
5841 3 10 77
5667 3 10 70
2308 3 10 63
4433 3 10 57
1749 3 10 52
861 3 10 46
792 3 10 41
3215 3 10 34
2900 3 10 28
1623 3 10 22
2797 3 10 18
3327 3 10 12
918 3 10 7
6158 3 11 87
4518 3 11 82
2632 3 11 77
5209 3 11 70
533 3 11 63
2507 3 11 57
926 3 11 52
2291 3 11 45
2785 3 11 40
5531 3 11 33
5996 3 11 29
1519 3 11 24
4935 3 11 18
2001 3 11 12
6157 3 11 6
5917 3 12 87
3334 3 12 82
6571 3 12 76
5439 3 12 68
2384 3 12 63
1711 3 12 57
4383 3 12 51
6009 3 12 46
6013 3 12 40
5130 3 12 33
5283 3 12 29
686 3 12 24
2007 3 12 18
652 3 12 12
5901 3 12 6
5043 3 13 87
2850 3 13 82
5545 3 13 76
4567 3 13 68
1204 3 13 63
1507 3 13 57
3668 3 13 51
4754 3 13 46
5423 3 13 40
2950 3 13 33
4651 3 13 29
597 3 13 24
2004 3 13 18
13 3 13 12
5248 3 13 6
3178 3 14 87
4600 3 14 81
2874 3 14 77
4594 3 14 70
5846 3 14 62
6336 3 14 57
3547 3 14 51
3811 3 14 46
5229 3 14 40
2728 3 14 33
3770 3 14 29
514 3 14 24
1764 3 14 18
5025 3 14 11
6398 3 14 5
1949 3 15 87
3148 3 15 81
2643 3 15 77
4366 3 15 70
5089 3 15 62
4204 3 15 57
2079 3 15 51
3397 3 15 46
1813 3 15 40
2166 3 15 33
6507 3 15 28
1326 3 15 22
2763 3 15 18
3184 3 15 11
5152 3 15 5
1501 3 16 87
1354 3 16 81
6069 3 16 76
4558 3 16 68
940 3 16 63
1171 3 16 57
1118 3 16 50
2986 3 16 44
11 3 16 39
1200 3 16 34
2886 3 16 28
1193 3 16 22
4719 3 16 17
5218 3 16 14
517 3 16 9
1404 3 16 2
1156 3 17 87
5455 3 17 80
4408 3 17 75
1294 3 17 71
4938 3 17 65
1904 3 17 60
2481 3 17 55
1968 3 17 49
6111 3 17 43
3439 3 17 36
6071 3 17 31
2593 3 17 27
4386 3 17 22
1843 3 17 17
3267 3 17 14
5848 3 17 8
6457 3 17 2
1082 3 18 87
4502 3 18 80
2319 3 18 75
6518 3 18 70
4921 3 18 62
2869 3 18 57
2156 3 18 49
3876 3 18 43
676 3 18 36
1260 3 18 31
2340 3 18 27
3832 3 18 22
1067 3 18 17
3141 3 18 14
5778 3 18 8
4778 3 18 2
2207 3 19 86
5047 3 19 80
1923 3 19 75
5850 3 19 70
4260 3 19 62
2653 3 19 57
801 3 19 49
3127 3 19 43
6373 3 19 35
5753 3 19 28
634 3 19 22
6525 3 19 16
5969 3 19 10
3694 3 19 5
606 4 4 85
5315 4 4 79
1439 4 4 74
363 4 4 68
4461 4 4 62
2003 4 4 57
5885 4 4 48
5677 4 4 42
275 4 4 37
4779 4 4 31
6498 4 4 26
4160 4 4 20
5533 4 4 14
4447 4 4 8
4376 4 4 2
5318 4 6 84
296 4 6 79
1149 4 6 74
6120 4 6 67
4362 4 6 62
5490 4 6 56
1555 4 6 52
4130 4 6 44
5928 4 6 38
525 4 6 33
3779 4 6 28
6307 4 6 21
5744 4 6 15
1483 4 6 8
3573 4 6 2
2690 5 0 83
4799 5 0 75
5506 5 0 70
4181 5 0 62
5467 5 0 56
209 5 0 52
4016 5 0 44
5827 5 0 38
310 5 0 33
3307 5 0 28
5580 5 0 21
5695 5 0 15
1139 5 0 8
3238 5 0 2
106 5 1 83
4124 5 1 75
4846 5 1 70
1857 5 1 62
5462 5 1 56
6192 5 1 51
2069 5 1 46
5211 5 1 39
5645 5 1 33
2631 5 1 28
5238 5 1 21
5659 5 1 15
189 5 1 8
2476 5 1 2
3793 5 2 82
5297 5 2 76
4015 5 2 68
1031 5 2 62
2148 5 2 56
6182 5 2 51
140 5 2 46
1917 5 2 39
4303 5 2 33
1426 5 2 28
4699 5 2 21
5503 5 2 15
17 5 2 8
2449 5 2 2
3595 5 6 82
4444 5 6 76
1234 5 6 68
774 5 6 62
1896 5 6 56
4430 5 6 51
6387 5 6 45
6235 5 6 39
4071 5 6 33
1126 5 6 28
4166 5 6 21
4193 5 6 15
6101 5 6 7
871 5 8 82
4036 5 8 76
31 5 8 68
671 5 8 62
6386 5 8 55
857 5 8 49
2719 5 8 43
5019 5 8 35
4402 5 8 28
6442 5 8 20
4890 5 8 14
3368 5 8 8
1876 5 8 2
663 5 9 82
117 5 9 76
5679 5 9 67
4192 5 9 62
5178 5 9 55
5939 5 9 48
3761 5 9 42
110 5 9 37
3444 5 9 31
5579 5 9 26
3990 5 9 20
3264 5 9 14
2140 5 9 8
3781 5 9 1
1141 5 10 80
1726 5 10 75
4563 5 10 70
1473 5 10 62
3731 5 10 55
5557 5 10 48
3263 5 10 42
3242 5 10 36
5299 5 10 30
4249 5 10 24
1469 5 10 18
2909 5 10 11
3537 5 10 5
4287 5 11 79
1121 5 11 74
4915 5 11 67
2726 5 11 62
3454 5 11 55
5548 5 11 48
3053 5 11 42
2836 5 11 36
4998 5 11 30
1955 5 11 24
53 5 11 18
1973 5 11 11
2190 5 11 5
1803 5 12 79
928 5 12 74
4339 5 12 67
1422 5 12 62
1836 5 12 55
4638 5 12 48
1460 5 12 42
2518 5 12 36
1783 5 12 30
5760 5 12 23
183 5 12 18
1592 5 12 11
1144 5 12 5
1375 5 13 79
820 5 13 74
2983 5 13 67
2213 5 13 61
5346 5 13 57
5309 5 13 48
739 5 13 42
1971 5 13 36
673 5 13 30
5324 5 13 23
6346 5 13 17
2925 5 13 14
1359 5 13 8
3591 5 13 1
412 5 14 77
2443 5 14 70
6389 5 14 61
3320 5 14 57
4795 5 14 48
5108 5 14 41
2818 5 14 34
2810 5 14 28
5989 5 14 20
1140 5 14 14
6551 5 14 7
4705 5 16 76
5093 5 16 67
6006 5 16 60
261 5 16 55
2612 5 16 48
4225 5 16 41
5500 5 16 33
5672 5 16 27
2420 5 16 22
4053 5 16 16
5588 5 16 10
3060 5 16 5
2814 5 17 75
4200 5 17 70
5159 5 17 61
3297 5 17 57
839 5 17 48
3971 5 17 41
4553 5 17 33
2725 5 17 27
481 5 17 22
3915 5 17 16
4490 5 17 10
2061 5 17 5
6573 5 19 74
2299 5 19 67
5974 5 19 60
242 5 19 55
2252 5 19 48
3861 5 19 41
3493 5 19 33
2672 5 19 27
6269 5 19 21
3490 5 19 15
5573 5 19 7
3503 6 0 74
2125 6 0 67
4718 6 0 60
5855 6 0 54
3125 6 0 49
1310 6 0 43
4389 6 0 35
3644 6 0 28
4101 6 0 20
960 6 0 14
3651 6 0 7
392 6 1 73
5640 6 1 70
4941 6 1 61
2824 6 1 57
4752 6 1 47
5350 6 1 41
3145 6 1 33
1665 6 1 27
5770 6 1 21
2751 6 1 15
4888 6 1 7
387 6 2 72
2990 6 2 65
1755 6 2 60
3977 6 2 54
2911 6 2 49
4251 6 2 42
6374 6 2 35
2222 6 2 28
3424 6 2 20
6473 6 2 13
1111 6 2 6
2637 6 3 71
4830 6 3 65
610 6 3 60
1132 6 3 54
2515 6 3 49
2506 6 3 42
5716 6 3 35
1287 6 3 28
3324 6 3 20
6343 6 3 13
5930 6 3 5
3436 6 4 61
835 6 4 57
2831 6 4 47
5239 6 4 41
2550 6 4 33
6246 6 4 26
3399 6 4 20
3774 6 4 13
5184 6 4 5
4771 6 6 57
751 6 6 47
4505 6 6 41
1202 6 6 33
5561 6 6 26
2070 6 6 20
3514 6 6 13
3642 6 6 5
6580 6 8 97
4203 6 8 92
65 6 8 87
1319 6 8 80
107 6 8 75
3546 6 8 70
4592 6 8 61
713 6 8 57
388 6 8 47
4079 6 8 41
171 6 8 33
5122 6 8 26
1108 6 8 20
2885 6 8 13
2611 6 8 5
4842 6 9 97
3432 6 9 92
3878 6 9 86
1784 6 9 80
6053 6 9 74
5142 6 9 66
1418 6 9 60
6479 6 9 53
1841 6 9 45
6089 6 9 39
1760 6 9 33
4527 6 9 26
5393 6 9 19
2558 6 9 13
500 6 9 5
4627 6 10 97
3290 6 10 92
3568 6 10 86
1708 6 10 80
5959 6 10 74
4371 6 10 66
526 6 10 60
5616 6 10 53
587 6 10 45
5453 6 10 39
1365 6 10 33
3790 6 10 26
2737 6 10 19
1578 6 10 13
4916 6 10 4
3093 6 11 97
126 6 11 92
2973 6 11 86
142 6 11 80
3506 6 11 74
3610 6 11 66
6454 6 11 59
4686 6 11 52
3780 6 11 44
5497 6 11 38
6355 6 11 32
1527 6 11 26
2514 6 11 19
894 6 11 13
4482 6 11 4
2376 6 16 97
6294 6 16 91
4974 6 16 85
2441 6 16 79
795 6 16 74
3561 6 16 66
5897 6 16 59
4293 6 16 52
3693 6 16 44
4538 6 16 38
4680 6 16 32
1197 6 16 26
1855 6 16 19
521 6 16 13
3941 6 16 4
1629 6 17 97
5395 6 17 91
4970 6 17 85
420 6 17 79
317 6 17 74
3043 6 17 66
3964 6 17 59
2493 6 17 52
3646 6 17 44
3584 6 17 38
2250 6 17 32
1134 6 17 26
442 6 17 19
497 6 17 13
1844 6 17 4
6529 6 19 96
3928 6 19 91
901 6 19 85
4164 6 19 78
5416 6 19 73
6575 6 19 69
4533 6 19 63
5655 6 19 56
5937 6 19 50
2450 6 19 44
2772 6 19 38
1848 6 19 32
791 6 19 26
268 6 19 19
4900 6 19 12
4449 6 19 6
6221 7 11 96
2800 7 11 91
519 7 11 85
3521 7 11 78
5316 7 11 73
4977 7 11 69
4328 7 11 63
4979 7 11 56
5049 7 11 50
994 7 11 44
2583 7 11 38
6278 7 11 31
4349 7 11 26
6100 7 11 18
1433 7 11 11
530 7 11 5
6131 7 13 96
2530 7 13 91
5150 7 13 84
5865 7 13 78
4835 7 13 73
3200 7 13 69
2271 7 13 63
4542 7 13 56
5038 7 13 50
631 7 13 44
1577 7 13 38
6055 7 13 31
3932 7 13 26
6067 7 13 18
5054 7 13 10
1886 7 13 5
4867 7 14 96
2306 7 14 91
5069 7 14 84
5253 7 14 78
2217 7 14 73
2186 7 14 69
1452 7 14 63
4206 7 14 56
4390 7 14 50
407 7 14 44
1079 7 14 38
6054 7 14 31
2080 7 14 26
5767 7 14 18
3235 7 14 10
54 7 14 5
238 7 16 96
6332 7 16 90
2843 7 16 84
4798 7 16 78
5501 7 16 72
2614 7 16 65
577 7 16 60
4464 7 16 53
6469 7 16 44
5485 7 16 37
2915 7 16 31
1158 7 16 26
1318 7 16 18
2951 7 16 10
5105 7 16 4
2402 7 17 95
5508 7 17 89
5668 7 17 82
6034 7 17 75
2848 7 17 70
1383 7 17 61
6420 7 17 56
3924 7 17 50
5914 7 17 43
4223 7 17 35
118 7 17 28
3095 7 17 20
2645 7 17 13
782 7 17 4
5992 7 19 94
3855 7 19 89
4756 7 19 82
5689 7 19 75
4668 7 19 69
952 7 19 63
2749 7 19 56
3106 7 19 50
5443 7 19 43
2110 7 19 35
6434 7 19 27
5492 7 19 21
1511 7 19 15
4239 7 19 7
5761 8 1 94
2416 8 1 89
4211 8 1 82
5344 8 1 75
4656 8 1 69
886 8 1 63
2710 8 1 56
2548 8 1 50
3322 8 1 43
1229 8 1 35
5599 8 1 27
4272 8 1 21
3168 8 1 14
6372 8 1 6
5582 8 3 94
2346 8 3 89
2934 8 3 82
4824 8 3 75
4142 8 3 69
6328 8 3 62
6038 8 3 54
1636 8 3 49
1825 8 3 42
5369 8 3 35
3978 8 3 27
2569 8 3 21
2696 8 3 14
4911 8 3 6
4304 8 5 94
5170 8 5 88
1496 8 5 82
3859 8 5 75
2157 8 5 69
6300 8 5 62
4608 8 5 54
741 8 5 49
5194 8 5 41
5745 8 5 32
6304 8 5 25
5106 8 5 18
1236 8 5 10
4103 8 5 4
4256 8 7 94
3482 8 7 88
1333 8 7 82
2871 8 7 75
1649 8 7 69
4462 8 7 62
4569 8 7 54
3695 8 7 48
3851 8 7 41
5601 8 7 32
2695 8 7 25
3639 8 7 18
4373 8 7 9
436 8 7 2
3337 8 8 94
3349 8 8 88
628 8 8 82
2223 8 8 75
3981 8 8 68
239 8 8 62
3741 8 8 54
1683 8 8 48
3620 8 8 41
4906 8 8 32
2442 8 8 25
3470 8 8 18
4115 8 8 9
267 8 8 2
2369 8 9 94
5522 8 9 87
6222 8 9 79
6459 8 9 73
5400 8 9 68
120 8 9 62
3065 8 9 54
6451 8 9 47
2902 8 9 41
3871 8 9 32
2020 8 9 25
6411 8 9 17
305 8 9 14
4212 8 9 6
1467 8 10 94
4541 8 10 87
4241 8 10 79
5537 8 10 73
3112 8 10 68
6425 8 10 61
4743 8 10 56
1867 8 10 50
3149 8 10 43
1083 8 10 35
1956 8 10 27
1370 8 10 21
2153 8 10 14
643 8 10 6
5899 8 11 93
2924 8 11 88
4317 8 11 81
3341 8 11 76
4858 8 11 67
4367 8 11 60
2823 8 11 53
5428 8 11 44
5245 8 11 37
1903 8 11 31
570 8 11 25
4484 8 11 17
5022 8 11 13
807 8 11 3
2221 8 13 93
1153 8 13 88
2846 8 13 81
3070 8 13 76
4136 8 13 67
3921 8 13 60
6321 8 13 52
1676 8 13 44
4866 8 13 37
1016 8 13 31
216 8 13 25
4218 8 13 17
3302 8 13 13
494 8 13 3
1942 8 14 93
6110 8 14 87
2388 8 14 79
5381 8 14 73
3064 8 14 68
5813 8 14 61
1809 8 14 56
859 8 14 50
3077 8 14 43
913 8 14 35
1065 8 14 27
1109 8 14 21
386 8 14 14
50 8 14 6
20 8 16 93
3840 8 16 87
1617 8 16 79
4826 8 16 73
2746 8 16 68
4663 8 16 61
1808 8 16 56
6362 8 16 49
5157 8 16 41
3773 8 16 32
1011 8 16 25
4177 8 16 17
2750 8 16 13
155 8 16 3
6316 8 17 92
2469 8 17 86
4742 8 17 79
1892 8 17 73
1770 8 17 68
3892 8 17 61
324 8 17 56
6303 8 17 49
2054 8 17 41
3744 8 17 32
2771 8 17 24
3526 8 17 17
5620 8 17 12
1345 8 17 6
4647 8 19 92
1970 8 19 86
4466 8 19 79
1499 8 19 73
874 8 19 68
1915 8 19 61
1992 8 19 55
733 8 19 48
399 8 19 41
2803 8 19 32
2597 8 19 24
3312 8 19 17
5166 8 19 12
1055 8 19 6
2768 9 1 92
903 9 1 86
4154 9 1 79
984 9 1 73
4501 9 1 67
2246 9 1 60
4716 9 1 52
1074 9 1 44
4525 9 1 37
67 9 1 31
1090 9 1 24
934 9 1 17
4968 9 1 12
699 9 1 6
2716 9 3 92
125 9 3 86
4120 9 3 79
734 9 3 73
3836 9 3 67
4635 9 3 59
2231 9 3 52
658 9 3 44
3381 9 3 37
5539 9 3 30
5303 9 3 23
5055 9 3 17
4281 9 3 12
6151 9 3 5
698 9 5 92
5336 9 5 85
1064 9 5 78
4751 9 5 72
1347 9 5 65
6283 9 5 59
5868 9 5 51
5826 9 5 45
4111 9 5 39
279 9 5 33
2545 9 5 26
2 9 5 18
3909 9 5 9
5783 9 5 1
119 9 13 92
3838 9 13 85
5729 9 13 77
1586 9 13 70
992 9 13 61
925 9 13 55
3362 9 13 47
2626 9 13 41
2628 9 13 32
6478 9 13 23
4480 9 13 17
3582 9 13 12
1924 9 13 5
5866 9 16 91
3617 9 16 84
4757 9 16 78
4138 9 16 72
456 9 16 65
3229 9 16 59
5430 9 16 51
5660 9 16 45
3960 9 16 39
2641 9 16 32
4631 9 16 23
3817 9 16 17
3869 9 16 11
64 9 16 5
5507 9 17 91
2975 9 17 84
4746 9 17 78
3809 9 17 72
313 9 17 65
2821 9 17 59
4936 9 17 51
5418 9 17 45
3114 9 17 39
340 9 17 32
3673 9 17 23
2790 9 17 17
1221 9 17 11
5847 9 17 4
5300 9 19 91
694 9 19 84
2179 9 19 78
2562 9 19 72
6291 9 19 64
677 9 19 59
1076 9 19 51
5079 9 19 45
537 9 19 39
6061 9 19 31
893 9 19 24
450 9 19 17
334 9 19 11
5433 9 19 4
5071 10 1 91
4738 10 1 83
3899 10 1 75
3911 10 1 68
742 10 1 61
6563 10 1 54
5119 10 1 47
1964 10 1 41
1599 10 1 32
2596 10 1 23
4625 10 1 16
2041 10 1 10
2620 10 1 4
4833 10 3 91
4336 10 3 83
1049 10 3 75
2747 10 3 68
293 10 3 61
3628 10 3 54
1438 10 3 47
5658 10 3 40
201 10 3 33
1098 10 3 26
4848 10 3 17
4882 10 3 10
1340 10 3 4
4375 10 5 91
3318 10 5 83
42 10 5 75
1533 10 5 68
5026 10 5 60
2064 10 5 52
191 10 5 44
2595 10 5 37
5530 10 5 30
4633 10 5 23
4377 10 5 16
309 10 5 10
433 10 5 4
4077 10 6 91
2968 10 6 83
3713 10 6 74
1759 10 6 66
3789 10 6 59
470 10 6 51
3931 10 6 45
341 10 6 39
3553 10 6 31
272 10 6 24
5504 10 6 16
6076 10 6 9
4341 10 6 1
6553 10 7 90
2208 10 7 84
1242 10 7 78
1457 10 7 72
5538 10 7 64
6557 10 7 58
528 10 7 53
1180 10 7 44
283 10 7 37
1388 10 7 30
4033 10 7 23
3165 10 7 16
5087 10 7 9
4025 10 7 1
6349 10 8 90
1914 10 8 84
179 10 8 78
5983 10 8 71
4323 10 8 65
959 10 8 59
5956 10 8 50
2447 10 8 43
474 10 8 35
5886 10 8 26
4632 10 8 17
2572 10 8 10
5759 10 8 3
5586 10 9 90
1905 10 9 84
145 10 9 78
5863 10 9 71
4065 10 9 65
6155 10 9 58
5409 10 9 52
6407 10 9 43
4427 10 9 34
79 10 9 28
2661 10 9 20
2201 10 9 13
3877 10 9 2
3525 10 10 90
1331 10 10 84
4346 10 10 77
240 10 10 70
655 10 10 61
1794 10 10 54
5818 10 10 46
1117 10 10 39
2574 10 10 31
5691 10 10 23
2035 10 10 16
1579 10 10 9
3206 10 10 1
2938 10 11 90
552 10 11 84
3448 10 11 77
6218 10 11 69
4356 10 11 62
1510 10 11 54
5195 10 11 46
5223 10 11 38
4488 10 11 31
4292 10 11 23
1514 10 11 16
1187 10 11 9
3086 10 11 1
2740 10 12 90
5271 10 12 83
3314 10 12 74
1558 10 12 66
1937 10 12 59
4330 10 12 50
6315 10 12 42
5051 10 12 35
5542 10 12 26
4579 10 12 17
2044 10 12 10
2849 10 12 3
2383 10 13 90
5252 10 13 83
2444 10 13 74
5232 10 13 65
6023 10 13 58
5059 10 13 52
6170 10 13 43
4424 10 13 34
6421 10 13 27
1101 10 13 21
6248 10 13 13
448 10 13 2
2196 10 14 90
3891 10 14 83
1831 10 14 74
5193 10 14 65
5984 10 14 58
4060 10 14 52
5860 10 14 43
4269 10 14 34
5477 10 14 27
723 10 14 21
5977 10 14 13
5953 10 14 1
650 10 16 90
2498 10 16 83
1663 10 16 74
4851 10 16 65
5484 10 16 58
2339 10 16 52
4948 10 16 43
2261 10 16 34
4996 10 16 27
4696 10 16 20
451 10 16 13
3559 10 16 1
6263 10 17 89
1032 10 17 82
5457 10 17 74
2257 10 17 65
4736 10 17 58
2095 10 17 52
3483 10 17 43
2942 10 17 33
5337 10 17 25
3943 10 17 17
5911 10 17 9
1191 10 17 1
6136 10 19 89
4840 10 19 81
2673 10 19 76
1880 10 19 67
4566 10 19 59
4125 10 19 50
5707 10 19 42
3377 10 19 35
3803 10 19 26
4318 10 19 17
5825 10 19 9
963 10 19 1
4042 11 1 89
3945 11 1 81
6552 11 1 75
1088 11 1 68
3494 11 1 60
824 11 1 52
2200 11 1 43
3954 11 1 32
1442 11 1 23
983 11 1 16
920 11 1 9
757 11 1 1
3583 11 3 89
2490 11 3 81
6485 11 3 75
354 11 3 68
1954 11 3 60
735 11 3 52
4931 11 3 42
3129 11 3 35
1731 11 3 26
4213 11 3 17
3948 11 3 9
2853 11 5 89
4578 11 5 80
2235 11 5 74
875 11 5 65
4240 11 5 58
1313 11 5 52
4425 11 5 42
2154 11 5 35
1261 11 5 26
2997 11 5 17
3606 11 5 9
2738 11 6 89
568 11 6 80
709 11 6 74
661 11 6 65
3894 11 6 58
431 11 6 52
4196 11 6 42
649 11 6 35
1195 11 6 26
5678 11 6 16
358 11 6 9
2160 11 7 89
35 11 7 80
627 11 7 74
3603 11 7 64
6019 11 7 58
6471 11 7 51
876 11 7 45
5981 11 7 38
3771 11 7 31
3717 11 7 23
1600 11 7 15
3485 11 7 7
6579 11 8 88
5724 11 8 80
4895 11 8 73
2729 11 8 67
4372 11 8 59
4046 11 8 50
4872 11 8 42
306 11 8 35
1028 11 8 26
3958 11 8 16
3995 11 8 8
5652 11 9 88
4759 11 9 80
4831 11 9 73
2556 11 9 67
3531 11 9 59
2487 11 9 50
1073 11 9 42
4327 11 9 34
4731 11 9 27
4516 11 9 20
6555 11 9 12
1254 11 9 5
5448 11 10 88
1205 11 10 80
4314 11 10 73
2325 11 10 67
1642 11 10 59
1413 11 10 50
826 11 10 42
3710 11 10 34
3121 11 10 27
3972 11 10 20
6108 11 10 12
421 11 10 5
5200 11 16 87
4220 11 16 78
4291 11 16 71
2920 11 16 65
3196 11 16 58
5294 11 16 51
5068 11 16 44
246 11 16 37
1013 11 16 30
3096 11 16 23
5345 11 16 14
44 11 16 6
4555 11 17 87
3450 11 17 78
4228 11 17 71
2644 11 17 65
2419 11 17 58
4387 11 17 51
4575 11 17 44
5705 11 17 36
612 11 17 30
3045 11 17 23
4636 11 17 14
6037 11 17 5
950 11 19 87
1788 11 19 78
3550 11 19 71
1853 11 19 65
2297 11 19 58
3985 11 19 51
4470 11 19 44
4995 11 19 36
485 11 19 30
2970 11 19 23
1884 11 19 14
3714 11 19 5
5030 12 1 86
3226 12 1 79
458 12 1 73
1722 12 1 67
993 12 1 59
818 12 1 50
5581 12 1 41
5634 12 1 31
3534 12 1 23
1680 12 1 14
5181 12 1 4
4123 12 3 86
2138 12 3 79
5390 12 3 72
5255 12 3 64
4565 12 3 58
786 12 3 51
3555 12 3 44
4403 12 3 36
346 12 3 30
2472 12 3 23
1564 12 3 14
1972 12 3 4
3056 12 10 86
607 12 10 79
4151 12 10 72
4949 12 10 64
4209 12 10 58
785 12 10 51
2566 12 10 44
3371 12 10 36
4986 12 10 29
4925 12 10 23
4683 12 10 13
2286 12 10 1
829 12 12 86
5420 12 12 78
2331 12 12 71
1293 12 12 65
369 12 12 58
15 12 12 51
409 12 12 44
3213 12 12 36
4274 12 12 29
4537 12 12 23
2857 12 12 13
1515 12 12 1
5329 12 13 85
4898 12 13 77
5384 12 13 69
4035 12 13 62
78 12 13 54
4860 12 13 46
4405 12 13 38
3679 12 13 31
3404 12 13 23
2224 12 13 13
4702 12 13 4
4475 12 14 85
3950 12 14 77
3796 12 14 69
1396 12 14 62
3282 12 14 53
6574 12 14 43
2046 12 14 32
696 12 14 23
1350 12 14 13
2265 12 14 4
2670 12 16 85
3879 12 16 77
3220 12 16 69
5991 12 16 61
1550 12 16 54
4119 12 16 46
4043 12 16 38
750 12 16 31
2918 12 16 23
1040 12 16 13
5676 12 16 3
5949 12 17 84
1155 12 17 77
1729 12 17 69
3089 12 17 61
465 12 17 54
3656 12 17 46
3949 12 17 38
539 12 17 31
6568 12 17 22
3772 12 17 16
3522 12 17 8
2828 12 19 84
5126 12 19 76
1372 12 19 67
98 12 19 59
6159 12 19 49
2023 12 19 41
3036 12 19 31
5918 12 19 22
2731 12 19 16
68 12 19 8
833 13 1 84
2264 13 1 76
1157 13 1 67
5786 13 1 58
6492 13 1 50
3722 13 1 41
2460 13 1 31
3467 13 1 22
773 13 1 16
5988 13 1 7
593 13 3 84
1999 13 3 76
3495 13 3 66
1652 13 3 59
4887 13 3 49
365 13 3 41
1863 13 3 31
2149 13 3 22
4003 13 3 15
2350 13 3 7
1918 13 4 83
1410 13 4 74
2517 13 4 64
3937 13 4 58
6245 13 4 50
3161 13 4 41
1672 13 4 31
2131 13 4 22
2802 13 4 15
1746 13 4 7
5502 13 5 82
4163 13 5 74
2093 13 5 64
3155 13 5 58
5125 13 5 50
2789 13 5 41
6020 13 5 30
6056 13 5 22
2344 13 5 15
5278 13 5 6
3021 13 6 82
3193 13 6 74
504 13 6 64
2143 13 6 58
4522 13 6 50
2642 13 6 41
3737 13 6 29
3286 13 6 23
4879 13 6 12
5451 13 6 3
6410 13 7 81
5006 13 7 75
3868 13 7 67
5509 13 7 58
4186 13 7 50
69 13 7 41
3321 13 7 29
1882 13 7 23
1668 13 7 12
5438 13 7 3
5687 13 8 80
4184 13 8 73
277 13 8 67
4395 13 8 58
2542 13 8 50
6008 13 8 40
147 13 8 33
4737 13 8 25
3530 13 8 17
1754 13 8 9
3411 13 9 80
3896 13 9 73
3738 13 9 66
1208 13 9 59
3933 13 9 49
4781 13 9 40
6524 13 9 32
133 13 9 23
1525 13 9 12
5222 13 9 3
1275 13 10 80
3857 13 10 73
3118 13 10 66
1138 13 10 59
3665 13 10 49
4191 13 10 40
6361 13 10 32
5706 13 10 22
2144 13 10 15
5758 13 10 5
167 13 12 79
4068 13 12 72
4580 13 12 64
1544 13 12 58
793 13 12 50
5050 13 12 40
5576 13 12 32
2744 13 12 22
1179 13 12 15
5349 13 12 5
5426 13 13 78
2147 13 13 71
1160 13 13 65
221 13 13 58
366 13 13 50
4774 13 13 40
5216 13 13 32
2418 13 13 22
26 13 13 15
5325 13 13 5
3272 13 16 78
1356 13 16 71
484 13 16 65
5469 13 16 57
575 13 16 46
3884 13 16 38
4695 13 16 30
5950 13 16 22
6522 13 16 14
364 13 16 4
3379 13 17 74
138 13 17 64
1427 13 17 58
4190 13 17 49
3154 13 17 40
5096 13 17 32
1828 13 17 22
6397 13 17 14
6532 13 17 3
1610 13 19 74
4093 13 19 63
1967 13 19 56
4112 13 19 49
6564 13 19 39
2205 13 19 31
596 13 19 22
6339 13 19 14
5063 13 19 3
2559 14 1 73
2982 14 1 66
4189 14 1 58
1768 14 1 49
5857 14 1 39
2116 14 1 31
6310 14 1 21
5824 14 1 13
3886 14 1 3
2557 14 3 73
2713 14 3 66
2974 14 3 58
1706 14 3 49
5041 14 3 39
6135 14 3 30
5001 14 3 22
5577 14 3 14
4975 14 3 3
2586 14 4 59
2679 14 4 49
4064 14 4 39
5624 14 4 30
4675 14 4 22
2580 14 4 14
3577 14 4 3
6060 14 5 49
3281 14 5 39
4066 14 5 30
4667 14 5 22
1931 14 5 14
6133 14 5 2
710 14 6 97
5162 14 6 91
2827 14 6 83
1309 14 6 74
4839 14 6 62
2541 14 6 53
5566 14 6 43
745 14 6 32
302 14 6 22
1387 14 6 14
5197 14 6 2
731 14 7 96
6265 14 7 90
2292 14 7 83
5719 14 7 73
1547 14 7 66
2630 14 7 58
1529 14 7 49
248 14 7 39
1660 14 7 30
3719 14 7 22
622 14 7 14
4920 14 7 2
5494 14 8 95
3848 14 8 89
3013 14 8 79
3071 14 8 72
3552 14 8 64
84 14 8 58
281 14 8 49
4289 14 8 38
4299 14 8 30
2811 14 8 22
4006 14 8 13
3881 14 8 3
3850 14 9 95
3528 14 9 89
2060 14 9 79
2451 14 9 72
3109 14 9 64
5560 14 9 57
6348 14 9 45
5900 14 9 38
4094 14 9 30
2012 14 9 22
1362 14 9 13
2430 14 9 3
3082 14 10 95
2888 14 10 89
1742 14 10 79
1743 14 10 72
1796 14 10 64
4012 14 10 57
5587 14 10 45
5768 14 10 38
541 14 10 30
1051 14 10 22
1272 14 10 13
768 14 10 3
2666 14 16 95
2837 14 16 89
223 14 16 79
1523 14 16 72
260 14 16 64
3816 14 16 57
3292 14 16 44
2536 14 16 36
4171 14 16 29
4435 14 16 22
602 14 16 13
6030 14 16 2
1178 14 17 95
1526 14 17 89
157 14 17 79
1488 14 17 72
6206 14 17 63
1690 14 17 56
2115 14 17 49
1644 14 17 38
6408 14 17 29
4067 14 17 22
440 14 17 13
4560 14 17 2
1048 14 19 95
1425 14 19 89
6203 14 19 78
1278 14 19 71
6501 14 19 64
2256 14 19 57
1907 14 19 44
1553 14 19 36
3849 14 19 29
2616 14 19 22
6565 14 19 12
3520 14 19 2
2096 15 1 94
3686 15 1 87
1702 15 1 78
1253 15 1 71
6193 15 1 64
1008 15 1 57
5618 15 1 43
483 15 1 32
6169 15 1 21
3979 15 1 13
2615 15 1 2
5556 15 10 93
3762 15 10 87
5285 15 10 77
1508 15 10 69
2685 15 10 61
4962 15 10 53
3074 15 10 43
472 15 10 32
5554 15 10 21
3835 15 10 13
2260 15 10 2
5133 15 12 93
6413 15 12 86
4598 15 12 78
6493 15 12 70
6305 15 12 60
717 15 12 52
2152 15 12 42
3218 15 12 34
330 15 12 27
3395 15 12 20
5212 15 12 12
1894 15 12 2
4513 15 13 93
6331 15 13 86
1804 15 13 78
5479 15 13 70
1666 15 13 60
5100 15 13 51
5892 15 13 43
304 15 13 32
5287 15 13 21
2723 15 13 13
428 15 13 2
3740 15 14 93
5081 15 14 86
5750 15 14 77
4128 15 14 68
1440 15 14 60
4214 15 14 51
4429 15 14 43
2932 15 14 31
5629 15 14 21
2397 15 14 13
5834 15 14 1
1908 15 16 93
264 15 16 86
5272 15 16 77
3311 15 16 68
866 15 16 60
3260 15 16 51
3984 15 16 43
1895 15 16 31
3636 15 16 21
435 15 16 13
4721 15 16 1
1264 15 17 93
4814 15 17 85
2741 15 17 77
3107 15 17 68
5103 15 17 59
2014 15 17 49
639 15 17 38
6194 15 17 29
2294 15 17 22
4089 15 17 12
4438 15 17 1
6431 16 1 92
3412 16 1 85
2687 16 1 77
1900 16 1 68
4665 16 1 59
6313 16 1 48
5366 16 1 40
3623 16 1 32
4441 16 1 21
6560 16 1 12
4195 16 1 1
5583 16 2 92
3351 16 2 85
1557 16 2 77
4554 16 2 67
5280 16 2 56
2076 16 2 49
6325 16 2 37
6440 16 2 29
1445 16 2 22
2639 16 2 12
2700 16 2 1
5541 16 3 92
3271 16 3 85
1115 16 3 77
3802 16 3 67
4551 16 3 56
4117 16 3 48
5005 16 3 40
3480 16 3 32
3166 16 3 21
4926 16 3 12
2634 16 3 1
2510 16 4 92
1628 16 4 85
623 16 4 76
4877 16 4 65
4689 16 4 57
479 16 4 43
1719 16 4 31
2119 16 4 21
2538 16 4 12
2581 16 4 1
933 16 5 92
5980 16 5 84
1834 16 5 76
3989 16 5 65
2417 16 5 57
6225 16 5 42
3099 16 5 34
5948 16 5 26
3829 16 5 16
1094 16 5 7
5240 16 6 91
2680 16 6 83
3132 16 6 73
2781 16 6 65
2034 16 6 57
2531 16 6 41
4031 16 6 28
2236 16 6 20
4850 16 6 12
1700 16 6 1
5131 16 7 91
2525 16 7 83
523 16 7 73
6383 16 7 64
582 16 7 57
4722 16 7 40
1888 16 7 32
3116 16 7 21
2146 16 7 12
154 16 7 1
4534 16 8 91
2511 16 8 83
19 16 8 73
4469 16 8 64
4650 16 8 56
1782 16 8 48
4357 16 8 40
1695 16 8 32
2748 16 8 21
6439 16 8 11
5254 16 8 4
4158 16 9 91
701 16 9 83
5681 16 9 72
5742 16 9 63
6494 16 9 55
2985 16 9 47
4210 16 9 40
4055 16 9 31
1922 16 9 21
5889 16 9 11
4838 16 9 4
1771 16 10 91
6261 16 10 82
2791 16 10 74
5176 16 10 61
4182 16 10 53
1210 16 10 43
532 16 10 31
1314 16 10 21
4910 16 10 11
3613 16 10 4
1352 16 12 91
4085 16 12 82
2396 16 12 74
2795 16 12 61
3847 16 12 53
6468 16 12 42
2133 16 12 34
5749 16 12 26
1484 16 12 16
5168 16 12 6
883 16 13 91
1664 16 13 82
2232 16 13 74
2758 16 13 61
3346 16 13 53
4309 16 13 42
336 16 13 34
5731 16 13 26
1238 16 13 16
3873 16 13 6
4275 16 17 90
6519 16 17 82
2184 16 17 74
932 16 17 61
2088 16 17 53
822 16 17 42
5828 16 17 33
4489 16 17 25
3296 16 17 17
1562 16 17 9
3947 16 18 90
4152 16 18 82
1089 16 18 74
3389 16 18 60
2901 16 18 51
371 16 18 43
6419 16 18 30
360 16 18 22
1877 16 18 12
3427 16 18 4
1959 16 19 90
1785 16 19 82
851 16 19 74
2721 16 19 60
6417 16 19 50
3766 16 19 40
3955 16 19 31
6252 16 19 20
4749 16 19 12
3415 16 19 4
4227 17 1 89
3754 17 1 78
4954 17 1 70
6424 17 1 59
4966 17 1 48
3920 17 1 40
3179 17 1 31
2456 17 1 20
2804 17 1 12
1468 17 1 4
4134 17 2 89
3630 17 2 78
4083 17 2 70
6072 17 2 59
2194 17 2 48
3499 17 2 40
2129 17 2 31
2424 17 2 20
2468 17 2 12
1461 17 2 4
3653 17 3 89
2873 17 3 78
3728 17 3 70
5214 17 3 59
2178 17 3 48
2455 17 3 40
1328 17 3 31
1540 17 3 20
1135 17 3 12
647 17 3 4
3614 17 4 89
2629 17 4 78
2996 17 4 70
5116 17 4 59
5781 17 4 47
2606 17 4 40
6475 17 4 30
6395 17 4 21
3814 17 4 11
41 17 4 4
3767 17 5 88
4709 17 5 79
1448 17 5 72
61 17 5 63
6279 17 5 55
2594 17 5 47
1408 17 5 40
5351 17 5 30
6338 17 5 21
1417 17 5 11
5464 17 5 3
3175 17 6 88
2573 17 6 79
327 17 6 72
2693 17 6 62
6046 17 6 52
1125 17 6 42
5188 17 6 33
2203 17 6 25
3079 17 6 17
3819 17 6 8
3080 17 7 88
746 17 7 79
5726 17 7 71
3889 17 7 64
4410 17 7 56
5449 17 7 47
227 17 7 40
4355 17 7 30
6142 17 7 21
353 17 7 11
4034 17 7 3
2503 17 8 88
711 17 8 79
4805 17 8 71
5057 17 8 63
6018 17 8 55
2408 17 8 47
6220 17 8 39
1320 17 8 30
5878 17 8 21
6385 17 8 10
2024 17 8 3
288 17 9 88
468 17 9 79
4254 17 9 71
4982 17 9 63
5831 17 9 55
941 17 9 47
1995 17 9 39
169 17 9 30
5372 17 9 21
4793 17 9 10
6435 17 9 2
4061 17 10 87
4478 17 10 77
2351 17 10 67
4029 17 10 56
5380 17 10 47
4235 17 10 38
5738 17 10 29
989 17 10 22
1832 17 10 12
2385 17 10 3
2896 17 12 87
1883 17 12 77
944 17 12 67
3094 17 12 56
5077 17 12 47
3266 17 12 38
5190 17 12 29
6249 17 12 21
4144 17 12 10
6330 17 12 2
2365 17 13 87
5243 17 13 76
3856 17 13 65
687 17 13 57
3438 17 13 40
1773 17 13 30
2788 17 13 21
3529 17 13 10
5289 17 13 2
811 17 15 87
3726 17 15 76
6295 17 15 64
4359 17 15 56
4459 17 15 47
2599 17 15 38
2266 17 15 29
6082 17 15 21
2825 17 15 10
2907 17 15 2
632 17 17 87
3865 17 17 75
2663 17 17 67
2298 17 17 56
4110 17 17 47
4146 17 17 37
3479 17 17 29
5523 17 17 21
1552 17 17 10
2519 17 17 2
2752 17 18 86
5882 17 18 76
5338 17 18 64
3407 17 18 56
1431 17 18 47
3696 17 18 37
2540 17 18 29
4672 17 18 21
729 17 18 10
892 17 18 2
2347 17 19 86
5454 17 19 76
3209 17 19 64
3055 17 19 56
116 17 19 47
1795 17 19 37
2521 17 19 29
4229 17 19 21
6247 17 19 9
1645 18 10 86
5421 18 10 76
2867 18 10 64
2543 18 10 56
3464 18 10 46
3618 18 10 38
2127 18 10 29
3672 18 10 21
5140 18 10 9
1498 18 12 86
5060 18 12 76
1868 18 12 64
2406 18 12 56
2702 18 12 46
2502 18 12 38
1850 18 12 29
4354 18 12 20
5844 18 12 11
5398 18 12 2
6024 18 13 85
109 18 13 76
1741 18 13 64
5845 18 13 55
810 18 13 47
6214 18 13 36
2998 18 13 29
2052 18 13 20
3088 18 13 11
5070 18 13 2
3394 18 15 85
6512 18 15 75
1384 18 15 67
1736 18 15 56
5567 18 15 45
5693 18 15 38
1131 18 15 29
1677 18 15 20
3084 18 15 11
637 18 15 2
1568 19 0 84
187 19 0 76
6449 19 0 63
4788 19 0 55
4623 19 0 46
1382 19 0 38
5124 19 0 28
2022 19 0 20
1397 19 0 11
6352 19 0 1
924 19 1 84
6577 19 1 75
3549 19 1 66
2537 19 1 58
5145 19 1 48
1058 19 1 40
1583 19 1 30
2199 19 1 21
2393 19 1 9
849 19 2 84
3360 19 2 75
2739 19 2 66
1123 19 2 58
5004 19 2 48
6456 19 2 39
6399 19 2 29
3489 19 2 19
3119 19 2 12
6297 19 2 1
837 19 3 83
5495 19 3 72
1875 19 3 62
6000 19 3 52
5774 19 3 41
2322 19 3 28
1443 19 3 20
4852 19 3 10
6257 19 3 1
3866 19 4 82
5065 19 4 73
4306 19 4 64
5763 19 4 55
4423 19 4 46
939 19 4 38
4519 19 4 28
1100 19 4 20
1717 19 4 10
4224 19 4 1
406 19 5 82
2796 19 5 73
4030 19 5 64
4971 19 5 55
1983 19 5 46
571 19 5 38
4023 19 5 28
965 19 5 20
2935 19 5 9
707 19 6 81
4216 19 6 75
2219 19 6 66
5073 19 6 57
3676 19 6 39
6106 19 6 29
1366 19 6 19
2141 19 6 12
4460 19 6 1
815 19 7 79
3846 19 7 71
4021 19 7 63
4168 19 7 55
1332 19 7 46
6319 19 7 37
726 19 7 29
682 19 7 19
930 19 7 12
4090 19 7 1
3265 19 8 78
2735 19 8 70
5044 19 8 59
4856 19 8 47
3130 19 8 36
2025 19 8 29
5684 19 8 18
2956 19 8 9
5585 19 9 76
6392 19 9 63
3262 19 9 55
1010 19 9 46
5665 19 9 37
6464 19 9 28
732 19 9 20
2839 19 9 9
3652 19 10 75
482 19 10 66
4666 19 10 57
1575 19 10 39
2293 19 10 29
3875 19 10 18
2494 19 10 9
1872 19 12 74
4765 19 12 59
2043 19 12 47
2320 19 12 36
5853 19 12 28
5173 19 12 19
3323 19 12 11
3507 19 12 1
864 19 13 72
1018 19 13 62
5880 19 13 52
4296 19 13 41
1233 19 13 28
5118 19 13 19
2066 19 13 11
2471 19 13 1
5474 19 15 71
5814 19 15 62
4511 19 15 52
4173 19 15 41
5264 19 15 27
6127 19 15 19
879 19 15 11
344 19 15 1
3542 19 16 65
3922 19 16 56
3236 19 16 45
5894 19 16 37
6377 19 16 28
1403 19 16 19
5450 19 16 10
3457 19 16 1
789 19 17 52
3678 19 17 41
3786 19 17 27
4671 19 17 19
3419 19 17 10
2963 19 17 1
3609 19 18 93
4084 19 18 85
6360 19 18 75
5696 19 18 65
3524 19 18 56
2016 19 18 45
5553 19 18 37
5084 19 18 28
385 19 18 19
2432 19 18 10
2005 19 18 1
2743 19 19 93
3655 19 19 85
5008 19 19 75
4673 19 19 65
3014 19 19 56
969 19 19 45
5132 19 19 37
4221 19 19 28
4399 19 19 18
704 19 19 9
