2642
5166 0 0 98
584 0 0 95
2466 0 0 92
5728 0 0 90
1887 0 0 87
4399 0 0 85
5641 0 0 82
3830 0 0 80
2092 0 0 78
5423 0 0 76
5595 0 0 74
2154 0 0 72
498 0 0 69
4968 0 0 66
5536 0 0 63
5076 0 0 60
4086 0 0 57
5482 0 0 54
5263 0 0 52
4042 0 0 49
5269 0 0 46
1803 0 0 44
1341 0 0 41
5918 0 0 37
2461 0 0 35
854 0 0 32
2054 0 0 28
5810 0 0 25
2407 0 0 23
5119 0 0 21
3584 0 0 18
319 0 0 16
2893 0 0 14
5117 0 0 12
3255 0 0 10
4913 0 0 8
338 0 0 6
4176 0 0 4
5248 0 0 2
4289 0 1 98
5249 0 1 94
3525 0 1 91
3955 0 1 89
2256 0 1 87
1705 0 1 84
3880 0 1 80
910 0 1 78
3866 0 1 75
4609 0 1 73
4762 0 1 70
2837 0 1 68
4351 0 1 65
5123 0 1 63
2590 0 1 59
3013 0 1 56
1499 0 1 54
4244 0 1 52
842 0 1 49
1146 0 1 46
4413 0 1 43
5421 0 1 39
5670 0 1 36
3446 0 1 33
2979 0 1 31
865 0 1 28
5099 0 1 25
684 0 1 23
3490 0 1 20
5947 0 1 18
4999 0 1 15
1585 0 1 13
4898 0 1 11
4202 0 1 8
4568 0 1 4
5748 0 1 1
2619 0 2 98
5036 0 2 94
4938 0 2 90
1190 0 2 87
5581 0 2 83
3573 0 2 81
376 0 2 79
4282 0 2 77
1088 0 2 75
3587 0 2 72
5567 0 2 67
5745 0 2 64
3157 0 2 61
1462 0 2 59
4745 0 2 55
1816 0 2 53
3399 0 2 50
4978 0 2 47
4952 0 2 44
5596 0 2 40
4904 0 2 38
4950 0 2 36
2770 0 2 33
2682 0 2 31
2811 0 2 27
5966 0 2 24
1095 0 2 21
1672 0 2 18
4605 0 2 14
2523 0 2 11
3368 0 2 7
5095 0 2 4
1741 0 3 98
4138 0 3 94
4763 0 3 90
3940 0 3 86
4953 0 3 83
289 0 3 81
5881 0 3 78
3739 0 3 75
1074 0 3 72
2879 0 3 67
4602 0 3 64
1987 0 3 61
3472 0 3 58
351 0 3 55
5356 0 3 52
4441 0 3 47
2650 0 3 44
4578 0 3 40
1573 0 3 37
4166 0 3 34
4926 0 3 31
2564 0 3 27
1889 0 3 24
5852 0 3 20
1839 0 3 18
173 0 3 14
5105 0 3 10
5203 0 3 7
743 0 3 4
5438 0 4 97
1970 0 4 94
2434 0 4 90
1747 0 4 86
4844 0 4 83
5593 0 4 78
2989 0 4 75
4620 0 4 71
5767 0 4 67
3809 0 4 64
56 0 4 61
5200 0 4 57
3748 0 4 54
2477 0 4 52
4343 0 4 47
4797 0 4 43
3872 0 4 39
3633 0 4 36
5375 0 4 32
1591 0 4 28
4267 0 4 25
4019 0 4 22
5635 0 4 19
41 0 4 17
4737 0 4 15
5854 0 4 11
1589 0 4 7
5716 0 4 3
4657 0 5 96
5134 0 5 93
3900 0 5 91
2578 0 5 88
4773 0 5 85
3855 0 5 82
5354 0 5 78
2870 0 5 75
2113 0 5 71
5384 0 5 67
2542 0 5 64
4733 0 5 60
5387 0 5 56
500 0 5 53
2690 0 5 50
4636 0 5 47
3871 0 5 43
2657 0 5 39
3088 0 5 36
2983 0 5 32
3832 0 5 27
4024 0 5 23
3192 0 5 20
4824 0 5 17
4998 0 5 13
2901 0 5 11
4050 0 5 6
5327 0 5 3
3373 0 6 96
1525 0 6 93
3232 0 6 90
1053 0 6 86
5656 0 6 82
5043 0 6 78
4681 0 6 74
3221 0 6 71
4957 0 6 67
1561 0 6 64
3914 0 6 60
5096 0 6 56
3580 0 6 52
3984 0 6 47
3053 0 6 43
997 0 6 39
2557 0 6 36
304 0 6 32
3782 0 6 27
4179 0 6 22
5023 0 6 17
4601 0 6 13
558 0 6 10
3977 0 6 7
5580 0 6 3
3065 0 7 96
3523 0 7 92
3465 0 7 89
5288 0 7 86
5152 0 7 82
4725 0 7 78
4656 0 7 74
2415 0 7 71
4134 0 7 67
2560 0 7 63
358 0 7 59
3393 0 7 55
5677 0 7 51
5060 0 7 48
3634 0 7 44
5100 0 7 39
2044 0 7 36
3728 0 7 30
1828 0 7 27
2775 0 7 22
4618 0 7 17
2061 0 7 13
5004 0 7 8
2932 0 7 4
2024 0 8 96
2504 0 8 92
925 0 8 89
4500 0 8 86
5937 0 8 81
5251 0 8 78
4577 0 8 74
2038 0 8 71
734 0 8 67
2376 0 8 63
4377 0 8 58
311 0 8 55
5615 0 8 50
1907 0 8 47
1902 0 8 43
5553 0 8 38
5127 0 8 34
3329 0 8 31
4433 0 8 26
3640 0 8 23
2914 0 8 20
798 0 8 17
652 0 8 13
2317 0 8 8
2473 0 8 4
1922 0 9 96
2433 0 9 92
646 0 9 89
2562 0 9 86
4558 0 9 81
4576 0 9 78
3920 0 9 74
643 0 9 71
676 0 9 67
984 0 9 63
4020 0 9 58
298 0 9 55
2883 0 9 50
5193 0 9 46
4253 0 9 42
5290 0 9 39
5594 0 9 35
5266 0 9 31
4432 0 9 26
3385 0 9 23
1016 0 9 20
5576 0 9 16
4730 0 9 12
5856 0 9 9
5818 0 9 5
5786 0 9 1
1466 0 10 96
1231 0 10 92
5758 0 10 88
4061 0 10 85
3738 0 10 82
4154 0 10 78
2804 0 10 74
4467 0 10 70
1663 0 10 68
4165 0 10 64
5665 0 10 59
4119 0 10 54
3533 0 10 51
4066 0 10 47
2063 0 10 42
5240 0 10 39
2884 0 10 35
1515 0 10 31
4350 0 10 26
2308 0 10 23
4939 0 10 19
949 0 10 16
3937 0 10 12
1514 0 10 9
5584 0 10 5
4874 0 10 1
819 0 11 96
4837 0 11 91
2679 0 11 87
1171 0 11 83
5452 0 11 78
802 0 11 74
4103 0 11 70
1117 0 11 67
5907 0 11 62
4970 0 11 59
2854 0 11 54
3992 0 11 50
5765 0 11 43
4173 0 11 38
4653 0 11 34
2644 0 11 31
3717 0 11 26
1622 0 11 22
1563 0 11 17
283 0 11 13
4708 0 11 7
2609 0 11 3
5448 0 12 95
864 0 12 91
1638 0 12 87
3224 0 12 82
3965 0 12 78
4336 0 12 73
4595 0 12 70
5422 0 12 66
2262 0 12 63
3336 0 12 58
5587 0 12 54
391 0 12 50
4384 0 12 43
3989 0 12 38
4648 0 12 34
5224 0 12 30
695 0 12 27
2606 0 12 22
5960 0 12 16
1648 0 12 12
4810 0 12 8
4986 0 12 3
4211 0 13 95
3205 0 13 90
680 0 13 86
3539 0 13 81
4919 0 13 77
5157 0 13 74
3945 0 13 70
4046 0 13 66
1845 0 13 63
3316 0 13 58
4801 0 13 54
5658 0 13 49
4124 0 13 45
5319 0 13 42
1726 0 13 39
1368 0 13 35
5514 0 13 30
243 0 13 27
1819 0 13 22
5380 0 13 16
4288 0 13 11
2050 0 13 6
5113 0 13 3
3750 0 14 95
2520 0 14 90
5815 0 14 85
5298 0 14 81
4152 0 14 77
5525 0 14 73
2643 0 14 70
2720 0 14 66
3532 0 14 62
5831 0 14 58
3731 0 14 54
5566 0 14 49
999 0 14 45
4313 0 14 41
1664 0 14 37
5715 0 14 33
5731 0 14 29
5754 0 14 26
5832 0 14 21
883 0 14 18
3346 0 14 13
4212 0 14 7
1013 0 14 3
512 0 15 95
1699 0 15 90
2714 0 15 85
578 0 15 81
3061 0 15 77
1296 0 15 72
1956 0 15 67
5560 0 15 62
5135 0 15 58
2366 0 15 54
1621 0 15 49
1473 0 15 44
3821 0 15 39
141 0 15 35
5450 0 15 30
5254 0 15 26
3455 0 15 21
4716 0 15 16
299 0 15 11
969 0 15 6
1460 0 15 3
5025 0 16 94
5804 0 16 89
1992 0 16 86
5444 0 16 80
3483 0 16 77
1137 0 16 72
273 0 16 67
5208 0 16 62
475 0 16 58
2057 0 16 54
1528 0 16 49
4848 0 16 43
2148 0 16 38
4488 0 16 34
3289 0 16 30
4756 0 16 26
2007 0 16 21
4529 0 16 16
4778 0 16 10
2173 0 16 7
17 0 16 3
3419 0 17 94
4494 0 17 89
5808 0 17 85
5724 0 17 80
3068 0 17 77
5718 0 17 71
5903 0 17 66
2129 0 17 62
5829 0 17 57
2529 0 17 54
4647 0 17 48
3574 0 17 44
3125 0 17 39
1377 0 17 34
2832 0 17 30
4555 0 17 26
979 0 17 21
4495 0 17 16
3159 0 17 10
410 0 17 7
5603 0 17 2
1317 0 18 94
3586 0 18 89
3665 0 18 85
4538 0 18 80
2764 0 18 77
5683 0 18 71
4674 0 18 66
1645 0 18 62
5369 0 18 57
5563 0 18 53
1243 0 18 50
3991 0 18 43
1315 0 18 38
795 0 18 34
631 0 18 30
3924 0 18 26
3121 0 18 20
5505 0 18 15
3888 0 18 11
713 0 18 6
968 0 18 2
513 0 19 94
3327 0 19 89
3360 0 19 85
4513 0 19 80
2721 0 19 77
4780 0 19 71
3510 0 19 66
976 0 19 62
3129 0 19 57
4826 0 19 53
906 0 19 49
4431 0 19 43
1051 0 19 38
648 0 19 34
5975 0 19 29
5066 0 19 26
1960 0 19 20
4446 0 19 15
2095 0 19 11
5749 0 19 5
4782 0 19 1
5377 2 0 93
3254 2 0 89
2710 2 0 85
2794 2 0 80
1098 2 0 77
3600 2 0 71
1533 2 0 66
5371 2 0 61
2485 2 0 57
4174 2 0 53
5515 2 0 48
3464 2 0 44
3115 2 0 39
1218 2 0 34
5348 2 0 29
2975 2 0 26
495 2 0 20
62 2 0 15
908 2 0 11
5662 2 0 5
3434 2 0 1
4662 2 2 93
2789 2 2 89
2522 2 2 85
1751 2 2 80
5708 2 2 76
4897 2 2 72
5252 2 2 66
5346 2 2 61
2215 2 2 57
2944 2 2 53
3537 2 2 48
1458 2 2 44
1882 2 2 39
721 2 2 33
2395 2 2 29
3226 2 2 25
5698 2 2 21
4474 2 2 16
2281 2 2 10
208 2 2 7
5080 2 2 2
4639 2 3 93
5661 2 3 88
5575 2 3 84
2827 2 3 80
3806 2 3 76
4645 2 3 72
4234 2 3 66
3929 2 3 61
1149 2 3 57
5601 2 3 52
3515 2 3 47
1684 2 3 42
1223 2 3 39
50 2 3 33
2293 2 3 29
5897 2 3 24
3566 2 3 20
4037 2 3 14
1988 2 3 10
2816 2 3 6
4180 2 3 1
4573 2 4 93
4846 2 4 88
5777 2 4 83
5245 2 4 78
3919 2 4 73
2283 2 4 70
1467 2 4 66
1615 2 4 61
582 2 4 57
4995 2 4 52
3076 2 4 47
5211 2 4 41
5220 2 4 36
3411 2 4 30
3341 2 4 26
3839 2 4 19
355 2 4 16
1566 2 4 10
5599 2 4 5
2873 2 4 1
1764 2 5 93
3925 2 5 88
5714 2 5 83
2627 2 5 78
3916 2 5 73
2099 2 5 70
4800 2 5 65
2959 2 5 62
2385 2 5 57
4158 2 5 52
2620 2 5 47
5056 2 5 41
3271 2 5 36
1588 2 5 30
2208 2 5 26
1412 2 5 19
48 2 5 16
2056 2 5 9
5508 2 5 5
94 2 5 1
5509 2 7 92
2058 2 7 88
2 2 7 83
2356 2 7 78
2048 2 7 73
566 2 7 70
4038 2 7 65
1066 2 7 62
599 2 7 57
3218 2 7 52
2234 2 7 47
3707 2 7 41
3803 2 7 35
5250 2 7 30
502 2 7 26
47 2 7 19
5333 2 7 15
766 2 7 11
5453 2 7 5
2155 2 9 92
1397 2 9 88
5492 2 9 82
3847 2 9 78
5785 2 9 72
1569 2 9 66
1605 2 9 61
5562 2 9 56
3296 2 9 52
2109 2 9 47
2866 2 9 41
3543 2 9 35
4923 2 9 30
5952 2 9 25
4843 2 9 21
3786 2 9 16
1921 2 9 9
3086 2 9 5
4699 2 10 91
3161 2 10 86
2752 2 10 80
1978 2 10 76
2902 2 10 72
985 2 10 66
1512 2 10 61
3222 2 10 56
1493 2 10 52
1974 2 10 47
1545 2 10 41
503 2 10 35
3768 2 10 30
2602 2 10 25
3257 2 10 21
3183 2 10 16
901 2 10 9
5751 2 10 4
3834 2 11 91
1597 2 11 86
4250 2 11 79
3308 2 11 76
1888 2 11 72
834 2 11 66
1159 2 11 61
651 2 11 56
1193 2 11 52
1384 2 11 47
1419 2 11 41
229 2 11 35
4299 2 11 29
4312 2 11 24
3930 2 11 19
3250 2 11 15
150 2 11 11
5013 2 11 5
3602 2 12 91
736 2 12 86
932 2 12 79
5532 2 12 75
1766 2 12 71
1083 2 12 66
2569 2 12 60
2108 2 12 56
1006 2 12 52
31 2 12 47
529 2 12 41
5261 2 12 34
2645 2 12 29
4145 2 12 24
3576 2 12 19
668 2 12 15
5825 2 12 10
4853 2 12 5
1577 2 13 91
315 2 13 86
344 2 13 79
5379 2 13 75
5604 2 13 70
3173 2 13 65
5860 2 13 61
5097 2 13 55
1544 2 13 50
3208 2 13 43
5397 2 13 37
3719 2 13 33
2170 2 13 29
2991 2 13 24
3383 2 13 19
5925 2 13 14
1510 2 13 10
4330 2 13 5
715 2 15 91
2605 2 15 85
1130 2 15 80
5827 2 15 75
554 2 15 70
1212 2 15 65
4921 2 15 61
1503 2 15 55
1008 2 15 50
3087 2 15 43
5083 2 15 37
2456 2 15 33
1502 2 15 29
5483 2 15 23
4447 2 15 19
5498 2 15 14
116 2 15 10
3503 2 15 5
305 2 16 91
3305 2 16 84
1768 2 16 80
4487 2 16 75
4868 2 16 69
5711 2 16 65
489 2 16 61
5407 2 16 54
2437 2 16 48
4245 2 16 43
5120 2 16 36
669 2 16 30
3757 2 16 24
3288 2 16 19
3361 2 16 14
5571 2 16 9
5694 2 16 4
1822 2 18 90
2452 2 18 85
3762 2 18 79
5304 2 18 74
1983 2 18 70
15 2 18 65
330 2 18 61
4629 2 18 54
3961 2 18 47
372 2 18 41
5125 2 18 34
2624 2 18 29
5092 2 18 23
1445 2 18 19
3083 2 18 14
4283 2 18 9
5630 2 18 4
1230 2 19 90
2096 2 19 85
3396 2 19 79
1995 2 19 74
5216 2 19 69
4794 2 19 65
4014 2 19 60
577 2 19 56
5074 2 19 51
3971 2 19 47
4715 2 19 40
5232 2 19 36
5930 2 19 29
3853 2 19 23
2436 2 19 18
3188 2 19 13
3673 2 19 7
3884 2 19 2
104 3 0 90
4222 3 0 84
5398 3 0 79
1676 3 0 74
2658 3 0 69
2995 3 0 65
2398 3 0 60
99 3 0 56
2946 3 0 51
3319 3 0 47
4507 3 0 40
1501 3 0 36
4710 3 0 28
3339 3 0 25
1376 3 0 21
2784 3 0 16
616 3 0 9
4547 3 0 4
3837 3 2 89
5757 3 2 84
4333 3 2 79
4501 3 2 73
2242 3 2 69
2328 3 2 65
496 3 2 60
2580 3 2 55
3913 3 2 49
2023 3 2 43
4849 3 2 36
3695 3 2 28
2403 3 2 25
1274 3 2 21
1964 3 2 16
469 3 2 9
9 3 2 4
2207 3 5 89
2700 3 5 84
4054 3 5 79
4279 3 5 73
1090 3 5 69
1300 3 5 65
4851 3 5 59
2767 3 5 54
5941 3 5 46
8 3 5 42
2672 3 5 38
2800 3 5 33
5350 3 5 28
5618 3 5 24
2766 3 5 19
2537 3 5 14
1548 3 5 9
5137 3 5 3
1712 3 7 89
2428 3 7 84
2502 3 7 79
4143 3 7 73
2858 3 7 68
3775 3 7 64
2141 3 7 59
1932 3 7 54
5940 3 7 46
53 3 7 41
2219 3 7 34
3827 3 7 28
4511 3 7 24
1125 3 7 19
2431 3 7 14
1450 3 7 8
4314 3 7 3
5917 3 9 88
4660 3 9 82
2960 3 9 78
3656 3 9 72
139 3 9 66
1773 3 9 60
2085 3 9 55
3311 3 9 49
936 3 9 43
4023 3 9 36
3534 3 9 28
2892 3 9 24
4316 3 9 18
3052 3 9 13
2741 3 9 7
3635 3 9 2
4798 3 10 88
4170 3 10 82
839 3 10 78
3561 3 10 72
5555 3 10 65
4777 3 10 59
1746 3 10 54
4116 3 10 46
4204 3 10 40
763 3 10 36
3481 3 10 28
2778 3 10 24
3189 3 10 18
1884 3 10 13
2200 3 10 7
92 3 10 2
3575 3 11 88
3467 3 11 82
4006 3 11 77
4873 3 11 70
5887 3 11 64
109 3 11 59
889 3 11 54
2746 3 11 46
940 3 11 40
215 3 11 36
1666 3 11 28
1675 3 11 24
2251 3 11 18
2617 3 11 12
4619 3 11 8
4205 3 11 3
3484 3 12 88
3103 3 12 82
1031 3 12 77
3990 3 12 70
5510 3 12 64
5469 3 12 58
1186 3 12 54
2681 3 12 46
5465 3 12 39
4821 3 12 32
3135 3 12 27
1800 3 12 22
5171 3 12 16
2454 3 12 8
2077 3 12 3
3359 3 13 88
1616 3 13 82
425 3 13 77
3975 3 13 70
5497 3 13 64
4894 3 13 58
4634 3 13 53
1496 3 13 48
3815 3 13 43
4009 3 13 36
1208 3 13 28
4007 3 13 23
838 3 13 18
2506 3 13 12
220 3 13 8
980 3 13 3
866 3 15 86
5188 3 15 78
3211 3 15 72
5118 3 15 65
760 3 15 58
4438 3 15 53
1067 3 15 48
3416 3 15 43
2574 3 15 36
924 3 15 28
234 3 15 23
110 3 15 18
1106 3 15 12
4240 3 15 7
5800 3 15 1
5050 4 0 84
5636 4 0 78
3546 4 0 71
1004 4 0 66
1070 4 0 60
1255 4 0 55
2309 4 0 49
439 4 0 43
2514 4 0 36
3623 4 0 27
1730 4 0 22
4603 4 0 16
1758 4 0 8
1080 4 0 2
4827 4 7 84
5147 4 7 78
1153 4 7 71
2526 4 7 65
207 4 7 58
1287 4 7 53
5574 4 7 47
4383 4 7 40
5094 4 7 35
2702 4 7 29
2963 4 7 23
4738 4 7 17
191 4 7 13
1586 4 7 7
5022 4 7 1
2216 4 9 84
4499 4 9 78
5663 4 9 70
5305 4 9 64
4468 4 9 58
1142 4 9 53
3433 4 9 47
3691 4 9 40
3612 4 9 35
2423 4 9 29
2237 4 9 23
2076 4 9 17
5867 4 9 12
4131 4 9 7
4331 4 9 1
3466 4 13 83
1313 4 13 78
3793 4 13 70
4804 4 13 64
4422 4 13 58
4600 4 13 52
4678 4 13 46
5239 4 13 39
4386 4 13 32
155 4 13 27
4111 4 13 21
3783 4 13 15
4892 4 13 10
3033 4 13 5
1388 4 15 83
1023 4 15 78
3355 4 15 70
4187 4 15 64
3398 4 15 58
2350 4 15 52
4579 4 15 46
4337 4 15 39
4001 4 15 32
5000 4 15 26
5962 4 15 18
4840 4 15 11
4686 4 15 5
4452 4 17 82
4559 4 17 76
1438 4 17 72
4769 4 17 65
4587 4 17 57
1668 4 17 52
1365 4 17 46
3344 4 17 39
2859 4 17 32
2889 4 17 26
5638 4 17 18
4219 4 17 11
4369 4 17 5
3960 5 0 81
2836 5 0 77
3485 5 0 70
2346 5 0 64
5016 5 0 57
514 5 0 52
3652 5 0 45
3204 5 0 41
5922 5 0 33
4097 5 0 28
178 5 0 23
822 5 0 17
3922 5 0 12
3038 5 0 7
3059 5 0 1
2349 5 1 81
731 5 1 77
2177 5 1 70
1669 5 1 64
4925 5 1 56
2773 5 1 51
3223 5 1 47
3577 5 1 40
2221 5 1 35
1394 5 1 29
329 5 1 23
806 5 1 17
415 5 1 12
2119 5 1 7
2304 5 1 1
2603 5 3 80
3601 5 3 75
3959 5 3 69
5885 5 3 64
3970 5 3 56
1808 5 3 51
2655 5 3 47
3377 5 3 40
2093 5 3 35
1206 5 3 29
5015 5 3 22
4090 5 3 16
5318 5 3 7
1541 5 3 1
4190 5 5 79
3522 5 5 73
2462 5 5 68
2910 5 5 64
3571 5 5 56
2051 5 5 50
5699 5 5 42
422 5 5 38
2684 5 5 33
4084 5 5 28
5733 5 5 22
2777 5 5 16
4363 5 5 7
280 5 5 1
3126 5 7 79
5310 5 7 72
4610 5 7 65
4412 5 7 57
4440 5 7 51
2261 5 7 47
2729 5 7 40
1626 5 7 35
943 5 7 29
4354 5 7 22
2774 5 7 16
59 5 7 7
3517 5 7 1
2611 5 9 79
4287 5 9 72
4318 5 9 65
3814 5 9 57
4231 5 9 51
343 5 9 47
1579 5 9 40
5414 5 9 34
3817 5 9 28
4774 5 9 22
2768 5 9 16
5891 5 9 6
2938 5 9 1
5163 5 11 78
3269 5 11 70
79 5 11 64
3535 5 11 56
1362 5 11 50
5412 5 11 42
5717 5 11 37
1724 5 11 33
5570 5 11 27
1182 5 11 21
2030 5 11 15
3671 5 11 10
1919 5 11 5
4752 5 15 78
2885 5 15 70
5681 5 15 63
2977 5 15 58
2151 5 15 52
523 5 15 45
2231 5 15 41
4410 5 15 33
2747 5 15 27
5653 5 15 20
3358 5 15 14
408 5 15 8
4975 5 15 1
44 5 17 77
1151 5 17 70
5156 5 17 63
2616 5 17 58
1838 5 17 52
5762 5 17 44
1743 5 17 39
2420 5 17 32
2289 5 17 26
5053 5 17 18
4216 5 17 11
3754 5 17 5
1324 5 18 76
5519 5 18 71
717 5 18 65
1931 5 18 57
3495 5 18 51
5788 5 18 46
800 5 18 39
1706 5 18 32
1702 5 18 26
2670 5 18 18
3239 5 18 11
3468 5 18 5
2143 5 19 75
85 5 19 69
2359 5 19 64
1183 5 19 56
254 5 19 50
4225 5 19 42
4996 5 19 37
4994 5 19 32
829 5 19 26
2384 5 19 18
2365 5 19 11
2002 5 19 5
4530 6 1 71
4553 6 1 64
5794 6 1 55
571 6 1 49
4833 6 1 42
4817 6 1 37
3074 6 1 32
712 6 1 26
1863 6 1 18
1598 6 1 11
1903 6 1 5
5425 6 3 63
2417 6 3 58
1405 6 3 52
5176 6 3 44
5325 6 3 38
494 6 3 33
892 6 3 27
5541 6 3 20
3279 6 3 14
261 6 3 8
2940 6 3 1
93 6 5 5
4224 6 11 96
882 6 11 91
873 6 11 84
4443 6 11 78
1614 6 11 70
4093 6 11 63
2157 6 11 58
5191 6 11 51
5047 6 11 46
1268 6 11 38
5880 6 11 32
4497 6 11 25
4095 6 11 20
3246 6 11 14
255 6 11 8
1786 6 11 1
3062 6 13 96
5965 6 13 90
4110 6 13 84
2737 6 13 78
5058 6 13 69
1765 6 13 64
3659 6 13 55
436 6 13 49
2324 6 13 42
4691 6 13 37
1325 6 13 32
3345 6 13 25
4049 6 13 20
3021 6 13 14
5516 6 13 7
524 6 13 1
2673 6 17 96
5324 6 17 90
3709 6 17 84
2374 6 17 78
3166 6 17 69
1167 6 17 64
1557 6 17 55
5164 6 17 48
3228 6 17 43
4480 6 17 35
188 6 17 29
2641 6 17 22
2165 6 17 16
5205 6 17 6
240 6 17 1
2299 6 18 96
4974 6 18 90
1203 6 18 84
434 6 18 78
2334 6 18 69
1138 6 18 64
1494 6 18 55
4339 6 18 48
672 6 18 43
2501 6 18 35
95 6 18 29
982 6 18 22
765 6 18 16
3499 6 18 6
3962 6 19 95
505 6 19 90
1022 6 19 84
3881 6 19 77
175 6 19 70
3974 6 19 63
1196 6 19 58
4680 6 19 51
4521 6 19 46
5927 6 19 37
5207 6 19 31
3275 6 19 26
770 6 19 18
1252 6 19 11
1805 6 19 5
3932 7 1 95
4106 7 1 89
1696 7 1 84
3451 7 1 77
5648 7 1 69
5214 7 1 63
5619 7 1 57
3174 7 1 51
4349 7 1 46
4419 7 1 37
2864 7 1 31
3249 7 1 26
276 7 1 18
200 7 1 11
1015 7 1 5
3528 7 3 95
2300 7 3 89
1691 7 3 84
1694 7 3 77
5167 7 3 69
3424 7 3 63
5159 7 3 57
1883 7 3 51
3833 7 3 46
5116 7 3 36
5976 7 3 26
4982 7 3 17
5202 7 3 11
101 7 3 5
1092 7 7 95
1865 7 7 89
1657 7 7 84
5803 7 7 76
5355 7 7 71
1291 7 7 64
880 7 7 55
3893 7 7 48
5672 7 7 42
4100 7 7 37
856 7 7 31
1643 7 7 26
1264 7 7 17
3225 7 7 11
2734 7 7 4
4319 7 13 94
2429 7 13 89
74 7 13 84
5647 7 13 76
3326 7 13 71
5190 7 13 63
4214 7 13 57
1625 7 13 51
2671 7 13 46
3347 7 13 36
5296 7 13 26
4280 7 13 16
3180 7 13 6
3172 7 14 94
4928 7 14 88
5490 7 14 81
1810 7 14 76
3278 7 14 71
2871 7 14 63
2475 7 14 57
634 7 14 51
1468 7 14 46
1443 7 14 36
2677 7 14 26
4150 7 14 16
3093 7 14 6
1734 7 17 94
3742 7 17 88
5084 7 17 81
1245 7 17 76
4080 7 17 70
3441 7 17 63
2115 7 17 57
430 7 17 51
1391 7 17 46
907 7 17 36
1575 7 17 26
3672 7 17 16
1990 7 17 6
332 8 3 94
3335 8 3 88
4258 8 3 81
805 8 3 76
1896 8 3 70
3280 8 3 63
1963 8 3 57
4772 8 3 50
3734 8 3 42
1229 8 3 37
5628 8 3 30
167 8 3 24
1911 8 3 18
5146 8 3 10
1209 8 3 5
4537 8 4 93
3245 8 4 88
990 8 4 81
5784 8 4 75
4034 8 4 68
1395 8 4 64
5863 8 4 54
2302 8 4 46
359 8 4 36
346 8 4 26
2459 8 4 16
1216 8 4 6
1558 8 5 93
1740 8 5 88
5876 8 5 80
1639 8 5 75
2899 8 5 68
3461 8 5 63
5255 8 5 56
166 8 5 50
2213 8 5 42
2880 8 5 36
5851 8 5 25
3644 8 5 20
2035 8 5 14
4747 8 5 7
1265 8 7 93
5688 8 7 87
3051 8 7 82
3045 8 7 76
1567 8 7 70
2220 8 7 63
5138 8 7 56
5535 8 7 49
1959 8 7 42
2471 8 7 36
5104 8 7 25
1954 8 7 20
1969 8 7 14
3295 8 7 7
662 8 8 93
4891 8 8 87
2961 8 8 82
2857 8 8 76
3145 8 8 69
2358 8 8 63
4256 8 8 56
4221 8 8 49
5858 8 8 41
3357 8 8 33
4378 8 8 26
732 8 8 16
5627 8 8 5
39 8 9 93
3557 8 9 87
859 8 9 82
1039 8 9 76
2947 8 9 69
1636 8 9 63
1097 8 9 56
1850 8 9 49
2392 8 9 41
3321 8 9 33
3903 8 9 25
153 8 9 20
4862 8 9 13
581 8 9 7
5270 8 10 92
5435 8 10 87
663 8 10 82
5949 8 10 75
2104 8 10 68
377 8 10 63
5900 8 10 55
2123 8 10 48
4911 8 10 42
2178 8 10 36
4517 8 10 25
5527 8 10 19
698 8 10 14
1140 8 10 7
5212 8 11 92
5162 8 11 87
569 8 11 82
2825 8 11 75
692 8 11 68
187 8 11 63
4649 8 11 55
5579 8 11 47
2646 8 11 39
5783 8 11 31
3997 8 11 24
1366 8 11 18
4420 8 11 10
5458 8 11 4
5024 8 13 92
4053 8 13 87
454 8 13 82
4566 8 13 74
1875 8 13 69
1012 8 13 63
4268 8 13 55
5396 8 13 47
2545 8 13 39
5085 8 13 31
3868 8 13 24
626 8 13 18
3795 8 13 10
341 8 13 4
4391 8 14 92
5454 8 14 86
4991 8 14 78
2298 8 14 69
57 8 14 63
3949 8 14 55
1369 8 14 47
1286 8 14 39
673 8 14 31
2000 8 14 24
3098 8 14 17
3140 8 14 11
1942 8 14 4
4121 8 17 92
3952 8 17 86
4981 8 17 78
1421 8 17 69
5697 8 17 62
3870 8 17 56
1170 8 17 49
318 8 17 41
3155 8 17 33
2999 8 17 25
4548 8 17 19
629 8 17 14
5951 8 17 6
3284 8 19 92
3331 8 19 86
1780 8 19 78
4885 8 19 68
4373 8 19 62
2310 8 19 56
1135 8 19 49
5557 8 19 40
5187 8 19 34
3137 8 19 28
4321 8 19 22
317 8 19 16
3923 8 19 5
5314 9 4 91
493 9 4 84
4723 9 4 76
2759 9 4 69
4457 9 4 62
324 9 4 56
899 9 4 49
4182 9 4 40
5006 9 4 34
411 9 4 28
3718 9 4 22
5551 9 4 15
3179 9 4 10
225 9 4 4
5226 9 5 91
5720 9 5 83
613 9 5 78
1733 9 5 68
3200 9 5 62
5948 9 5 55
1238 9 5 47
417 9 5 39
3597 9 5 30
4876 9 5 23
5664 9 5 16
2484 9 5 5
2042 9 11 91
2246 9 11 83
4491 9 11 77
4574 9 11 69
3429 9 11 62
5684 9 11 55
644 9 11 47
4626 9 11 38
4592 9 11 32
1952 9 11 25
2881 9 11 19
4802 9 11 13
252 9 11 7
1123 9 14 91
3127 9 14 82
3136 9 14 74
5284 9 14 68
2796 9 14 62
4338 9 14 55
262 9 14 47
3610 9 14 38
4144 9 14 32
4651 9 14 24
2680 9 14 17
2421 9 14 11
402 9 14 4
833 9 15 91
3063 9 15 82
5631 9 15 73
2252 9 15 68
2412 9 15 62
3917 9 15 55
98 9 15 47
947 9 15 38
3859 9 15 32
3084 9 15 24
1698 9 15 17
426 9 15 11
5650 9 15 3
741 9 19 91
3044 9 19 82
4924 9 19 73
1878 9 19 68
1277 9 19 62
3624 9 19 55
5756 9 19 46
78 9 19 36
54 9 19 25
1857 9 19 19
4161 9 19 13
170 9 19 7
587 10 1 91
2383 10 1 82
2776 10 1 73
1551 10 1 68
4430 10 1 61
4368 10 1 54
1220 10 1 46
4514 10 1 35
5102 10 1 28
3452 10 1 22
3752 10 1 15
2954 10 1 10
4485 10 1 3
5399 10 2 90
5109 10 2 83
1851 10 2 77
4117 10 2 69
2844 10 2 62
2855 10 2 55
5530 10 2 46
2352 10 2 35
3942 10 2 28
3343 10 2 22
3117 10 2 15
2571 10 2 10
748 10 2 3
3414 10 4 90
4414 10 4 83
1103 10 4 77
3639 10 4 69
2016 10 4 62
2295 10 4 55
4665 10 4 46
374 10 4 35
4959 10 4 27
2199 10 4 20
4153 10 4 13
4246 10 4 6
3119 10 5 90
4241 10 5 83
2780 10 5 76
1637 10 5 69
2478 10 5 61
4271 10 5 54
506 10 5 46
5017 10 5 34
5893 10 5 27
1542 10 5 20
3983 10 5 13
2341 10 5 6
3073 10 8 90
3604 10 8 83
433 10 8 76
1453 10 8 69
1652 10 8 61
2838 10 8 54
3685 10 8 45
1523 10 8 41
5919 10 8 32
393 10 8 24
1175 10 8 17
3491 10 8 10
5429 10 8 2
2326 10 9 90
5128 10 9 82
2470 10 9 73
543 10 9 68
1927 10 9 61
2654 10 9 54
589 10 9 45
508 10 9 41
5836 10 9 32
323 10 9 24
904 10 9 17
3476 10 9 10
3422 10 9 2
2150 10 11 90
4860 10 11 82
1492 10 11 73
2344 10 11 67
649 10 11 62
2185 10 11 55
3070 10 11 46
4126 10 11 34
4551 10 11 27
1293 10 11 20
2361 10 11 13
1126 10 11 6
5617 10 12 89
5687 10 12 83
4367 10 12 75
4101 10 12 67
3403 10 12 61
1194 10 12 54
5889 10 12 44
2791 10 12 38
1716 10 12 32
133 10 12 24
1093 10 12 16
5685 10 12 4
5009 10 13 89
3325 10 13 83
3252 10 13 75
3876 10 13 67
2575 10 13 61
5256 10 13 53
3310 10 13 47
547 10 13 38
1390 10 13 32
5223 10 13 23
4830 10 13 16
4200 10 13 4
4208 10 18 89
2724 10 18 83
2633 10 18 75
3603 10 18 67
2483 10 18 61
5067 10 18 53
2314 10 18 47
5957 10 18 37
5336 10 18 30
4770 10 18 23
4748 10 18 16
2516 10 18 4
3588 10 19 89
362 10 19 83
1651 10 19 75
1089 10 19 67
5824 10 19 60
815 10 19 55
2503 10 19 46
2091 10 19 34
3857 10 19 27
541 10 19 20
1665 10 19 13
5257 10 19 5
5823 11 5 88
5865 11 5 80
807 11 5 75
5721 11 5 66
4326 11 5 59
5539 11 5 53
2286 11 5 47
4864 11 5 37
3967 11 5 30
4323 11 5 23
3743 11 5 16
5014 11 5 3
5210 12 0 88
4127 12 0 80
667 12 0 75
4389 12 0 66
3941 12 0 59
5480 12 0 53
1426 12 0 47
1644 12 0 37
2813 12 0 30
2025 12 0 23
2460 12 0 16
716 12 0 3
4355 12 1 88
3030 12 1 80
386 12 1 75
3921 12 1 66
2268 12 1 59
2639 12 1 53
5478 12 1 46
2021 12 1 34
3444 12 1 27
3842 12 1 19
3264 12 1 13
3500 12 1 5
2934 12 2 88
1779 12 2 80
5915 12 2 74
3716 12 2 68
457 12 2 61
4775 12 2 53
3333 12 2 46
557 12 2 34
2378 12 2 27
3079 12 2 19
1037 12 2 13
975 12 2 5
954 12 3 88
226 12 3 80
4918 12 3 74
3858 12 3 67
4395 12 3 60
5669 12 3 54
610 12 3 44
5 12 3 38
371 12 3 32
3354 12 3 23
2049 12 3 16
5696 12 3 2
5578 12 4 87
2394 12 4 81
5564 12 4 75
2404 12 4 66
1871 12 4 59
2443 12 4 53
2474 12 4 46
4689 12 4 33
2074 12 4 25
768 12 4 19
5657 12 4 12
2083 12 4 7
2396 12 5 87
2342 12 5 81
5086 12 5 75
1908 12 5 66
1656 12 5 59
5474 12 5 52
4476 12 5 44
4278 12 5 37
2430 12 5 30
792 12 5 23
1650 12 5 16
5464 12 5 2
1584 12 7 87
1742 12 7 81
4541 12 7 75
1276 12 7 66
288 12 7 59
3711 12 7 52
4058 12 7 44
1500 12 7 37
1556 12 7 30
5111 12 7 22
2898 12 7 15
5427 12 7 9
1199 12 7 3
424 12 8 87
1187 12 8 81
2872 12 8 75
260 12 8 66
5651 12 8 58
4444 12 8 51
5548 12 8 45
5939 12 8 40
4065 12 8 34
2277 12 8 27
1285 12 8 19
5622 12 8 12
179 12 8 7
4460 12 9 86
1307 12 9 78
186 12 9 68
5311 12 9 60
5486 12 9 54
4964 12 9 43
2287 12 9 35
4455 12 9 27
5666 12 9 18
877 12 9 10
3365 12 9 2
2568 12 10 86
3838 12 10 77
3471 12 10 69
1309 12 10 61
3475 12 10 53
2065 12 10 46
4045 12 10 33
2070 12 10 25
4183 12 10 18
440 12 10 10
1267 12 10 1
3031 12 11 83
1530 12 11 75
237 12 11 66
3428 12 11 58
2164 12 11 51
5088 12 11 45
3406 12 11 40
3463 12 11 34
1610 12 11 27
5475 12 11 18
5523 12 11 9
5813 12 11 2
5520 12 13 82
5938 12 13 72
3082 12 13 65
919 12 13 57
1890 12 13 50
2020 12 13 42
1582 12 13 36
2068 12 13 24
3 12 13 16
3375 12 13 2
3829 12 15 82
4664 12 15 72
2930 12 15 65
860 12 15 57
198 12 15 50
1281 12 15 42
4930 12 15 35
4232 12 15 27
4865 12 15 18
5343 12 15 9
5561 12 15 2
868 12 16 82
3144 12 16 72
1335 12 16 65
5586 12 16 56
635 12 16 49
3220 12 16 40
2312 12 16 34
1479 12 16 27
3894 12 16 18
4754 12 16 9
5430 12 16 2
5144 12 19 81
2576 12 19 75
4962 12 19 65
1989 12 19 56
2405 12 19 48
2771 12 19 42
4929 12 19 35
2192 12 19 27
2659 12 19 18
4201 12 19 9
5386 12 19 2
2498 13 0 80
2107 13 0 74
3265 13 0 67
3841 13 0 60
3384 13 0 54
3649 13 0 42
3704 13 0 35
2152 13 0 26
5558 13 0 15
3112 13 0 9
4228 13 0 2
4976 13 1 78
4315 13 1 67
3154 13 1 60
3291 13 1 54
3552 13 1 42
2981 13 1 35
4372 13 1 25
3764 13 1 18
2496 13 1 9
1727 13 1 1
404 13 2 77
107 13 2 69
555 13 2 61
3323 13 2 53
4935 13 2 45
2464 13 2 40
1928 13 2 34
750 13 2 27
2493 13 2 18
2419 13 2 9
19 13 2 1
1719 13 3 74
3024 13 3 67
3071 13 3 60
1583 13 3 54
2701 13 3 42
4177 13 3 34
149 13 3 27
1886 13 3 18
564 13 3 9
1620 13 3 1
1294 13 4 69
467 13 4 61
2372 13 4 53
2469 13 4 45
1841 13 4 40
1217 13 4 34
1 13 4 27
1870 13 4 18
290 13 4 9
1521 13 4 1
1923 13 5 67
2618 13 5 60
3315 13 5 53
1513 13 5 45
1578 13 5 40
3726 13 5 33
1671 13 5 25
2513 13 5 18
5010 13 5 8
1050 13 5 1
3609 13 6 57
5018 13 6 49
2206 13 6 40
3681 13 6 33
1527 13 6 25
2465 13 6 18
3890 13 6 8
5695 13 7 96
4010 13 7 89
172 13 7 83
688 13 7 75
3895 13 7 65
1330 13 7 56
1101 13 7 48
2278 13 7 42
1613 13 7 34
5039 13 7 26
5347 13 7 15
3046 13 7 9
4895 13 8 96
3409 13 8 89
5935 13 8 82
1480 13 8 72
1085 13 8 65
4505 13 8 55
2303 13 8 46
3097 13 8 33
354 13 8 25
2354 13 8 18
3175 13 8 8
387 13 9 96
3294 13 9 89
5689 13 9 82
970 13 9 72
720 13 9 65
4393 13 9 55
2209 13 9 46
5110 13 9 32
2247 13 9 23
1007 13 9 16
1861 13 9 2
3309 13 10 95
1763 13 10 89
5585 13 10 82
397 13 10 72
5787 13 10 64
4984 13 10 54
1900 13 10 42
1280 13 10 34
4855 13 10 26
3963 13 10 15
2480 13 10 9
2426 13 11 94
2018 13 11 88
22 13 11 80
941 13 11 74
2391 13 11 67
2250 13 11 60
1736 13 11 53
438 13 11 45
1017 13 11 40
3191 13 11 33
257 13 11 25
2071 13 11 18
3050 13 11 8
1792 13 13 94
814 13 13 88
4107 13 13 79
1914 13 13 72
3430 13 13 64
3840 13 13 54
1385 13 13 42
682 13 13 34
5608 13 13 25
909 13 13 18
211 13 13 8
1486 13 18 94
382 13 18 88
3849 13 18 79
1906 13 18 72
2630 13 18 64
3010 13 18 54
1139 13 18 42
5781 13 18 33
202 13 18 25
5821 13 18 17
2408 13 18 10
1157 13 19 94
4275 13 19 87
1141 13 19 81
2005 13 19 75
3340 13 19 65
3985 13 19 55
2166 13 19 46
4434 13 19 32
579 13 19 23
241 13 19 16
809 13 19 2
1107 14 11 94
3524 14 11 87
5236 14 11 80
5761 14 11 73
1371 14 11 67
497 14 11 60
5504 14 11 52
3638 14 11 44
937 14 11 37
5843 14 11 29
5646 14 11 21
458 14 11 14
4744 14 11 6
4608 14 13 93
3302 14 13 87
3910 14 13 80
4235 14 13 73
1027 14 13 67
478 14 13 60
4342 14 13 52
3417 14 13 44
5063 14 13 36
5678 14 13 23
4659 14 13 15
821 14 13 9
2570 14 15 93
2918 14 15 87
3456 14 15 80
3162 14 15 73
5246 14 15 66
3405 14 15 58
5477 14 15 50
181 14 15 42
4516 14 15 33
5961 14 15 24
5020 14 15 15
337 14 15 9
2133 15 0 93
2834 15 0 87
2159 15 0 80
1778 15 0 73
2717 15 0 66
3151 15 0 58
3298 15 0 50
4569 15 0 41
4729 15 0 32
4055 15 0 22
2357 15 0 15
5942 15 0 8
2116 15 1 93
2656 15 1 87
1892 15 1 80
1760 15 1 73
4295 15 1 65
3167 15 1 55
1894 15 1 46
3843 15 1 32
3943 15 1 22
1790 15 1 15
4997 15 1 8
1986 15 3 93
1811 15 3 87
1154 15 3 80
120 15 3 73
3755 15 3 65
2970 15 3 55
1753 15 3 46
1683 15 3 32
3899 15 3 22
1777 15 3 15
4324 15 3 8
1416 15 4 93
1755 15 4 87
1054 15 4 80
4736 15 4 72
2438 15 4 64
5432 15 4 53
340 15 4 45
5722 15 4 39
3415 15 4 30
4672 15 4 22
921 15 4 15
2839 15 4 8
87 15 5 93
1323 15 5 87
989 15 5 80
4361 15 5 72
2078 15 5 64
5049 15 5 53
32 15 5 45
5428 15 5 39
2691 15 5 30
3950 15 5 22
122 15 5 15
628 15 5 8
5895 15 9 92
128 15 9 86
3746 15 9 77
2193 15 9 68
3268 15 9 60
3741 15 9 52
2990 15 9 44
3706 15 9 36
4719 15 9 23
4503 15 9 15
322 15 9 8
3401 15 13 92
3282 15 13 85
3187 15 13 79
881 15 13 72
1105 15 13 64
4082 15 13 53
5340 15 13 44
2370 15 13 36
3217 15 13 23
3996 15 13 15
4147 15 13 7
3185 15 15 92
2957 15 15 85
1820 15 15 79
559 15 15 72
600 15 15 64
3898 15 15 53
4650 15 15 44
3531 15 15 35
2896 15 15 25
5293 15 15 17
620 15 15 10
1949 15 16 92
348 15 16 85
1201 15 16 79
4916 15 16 71
2245 15 16 63
900 15 16 55
1129 15 16 46
219 15 16 32
2905 15 16 22
5042 15 16 14
4327 15 16 6
4017 15 17 91
1481 15 17 82
5896 15 17 71
88 15 17 63
5812 15 17 54
5734 15 17 41
4496 15 17 32
1630 15 17 22
530 15 17 14
3197 15 17 6
3776 15 18 91
3860 15 18 81
1738 15 18 75
1408 15 18 65
1797 15 18 55
1114 15 18 46
4125 15 18 31
987 15 18 24
4675 15 18 15
3686 15 18 7
1899 15 19 91
3763 15 19 81
977 15 19 75
264 15 19 65
995 15 19 55
826 15 19 46
3005 15 19 30
2660 15 19 22
5759 15 19 13
5121 15 19 4
1019 16 0 91
2011 16 0 81
727 16 0 75
4036 16 0 64
2510 16 0 53
1420 16 0 44
2867 16 0 35
2826 16 0 25
4783 16 0 17
3234 16 0 9
4948 16 1 90
4018 16 1 82
5331 16 1 71
5391 16 1 62
2036 16 1 55
693 16 1 46
1511 16 1 30
607 16 1 22
5402 16 1 13
2211 16 1 4
2340 16 3 90
4335 16 3 81
539 16 3 75
2634 16 3 64
1550 16 3 53
1349 16 3 44
1148 16 3 35
1939 16 3 25
3184 16 3 17
790 16 3 9
1213 16 4 90
3312 16 4 81
5554 16 4 74
5506 16 4 66
2853 16 4 58
2347 16 4 50
3492 16 4 41
1860 16 4 32
5139 16 4 21
239 16 4 14
2948 16 4 6
536 16 5 90
1451 16 5 81
4788 16 5 74
4632 16 5 66
2688 16 5 58
2327 16 5 50
2380 16 5 41
5667 16 5 31
5559 16 5 23
1275 16 5 15
3436 16 5 7
413 16 7 90
787 16 7 81
4655 16 7 74
4220 16 7 66
2594 16 7 58
935 16 7 50
2280 16 7 41
1685 16 7 31
5237 16 7 23
3772 16 7 14
2860 16 7 6
4194 16 8 89
5460 16 8 82
3194 16 8 71
3824 16 8 62
845 16 8 55
266 16 8 46
5131 16 8 28
1441 16 8 22
4704 16 8 13
2196 16 8 4
3060 16 9 89
2922 16 9 82
306 16 9 71
3751 16 9 62
4554 16 9 54
886 16 9 40
132 16 9 33
5577 16 9 24
4218 16 9 15
1920 16 9 7
593 16 11 89
1197 16 11 82
5281 16 11 70
563 16 11 63
4963 16 11 54
836 16 11 40
5621 16 11 32
4759 16 11 21
5466 16 11 13
5974 16 11 3
1713 16 13 88
2649 16 13 79
4262 16 13 71
3301 16 13 62
4135 16 13 54
360 16 13 40
4908 16 13 32
816 16 13 21
4687 16 13 13
5431 16 13 3
722 16 15 88
2174 16 15 79
3099 16 15 71
2254 16 15 62
3729 16 15 54
5487 16 15 39
2321 16 15 30
5598 16 15 21
4003 16 15 13
2181 16 15 3
4946 16 16 87
1063 16 16 79
2322 16 16 71
1945 16 16 62
3505 16 16 54
5030 16 16 39
2218 16 16 30
5308 16 16 21
1025 16 16 13
1200 16 16 3
2040 16 17 87
5112 16 17 78
1297 16 17 67
3883 16 17 59
2676 16 17 52
2318 16 17 44
321 16 17 35
5763 16 17 24
1204 16 17 15
745 16 17 7
1787 16 18 87
4588 16 18 78
650 16 18 67
542 16 18 59
2615 16 18 52
1108 16 18 44
27 16 18 35
4047 16 18 24
896 16 18 15
492 16 18 7
1524 16 19 87
4560 16 19 78
5028 16 19 66
2145 16 19 58
84 16 19 50
1195 16 19 41
33 16 19 31
3865 16 19 23
2782 16 19 14
2343 16 19 6
431 17 9 87
3290 17 9 78
4544 17 9 66
1038 17 9 58
4445 17 9 49
4682 17 9 39
1653 17 9 30
5301 17 9 21
108 17 9 13
11 17 9 3
249 17 11 87
2019 17 11 78
700 17 11 66
522 17 11 58
3700 17 11 49
2973 17 11 39
4746 17 11 29
4705 17 11 21
5177 17 11 12
4856 17 11 6
5155 17 13 86
3412 17 13 77
1055 17 13 68
307 17 13 60
2967 17 13 52
3114 17 13 43
776 17 13 35
825 17 13 24
3927 17 13 14
753 17 13 6
2275 17 15 86
570 17 15 77
5616 17 15 67
5328 17 15 58
3075 17 15 49
2749 17 15 39
2822 17 15 29
4359 17 15 21
5124 17 15 12
525 17 15 6
730 18 0 86
5168 18 0 76
517 18 0 69
5911 18 0 60
2313 18 0 52
2041 18 0 43
580 18 0 35
2601 18 0 23
5872 18 0 13
5145 18 0 2
4893 18 2 85
5866 18 2 78
4673 18 2 65
1680 18 2 54
3089 18 2 39
1176 18 2 29
3617 18 2 21
3203 18 2 12
130 18 2 6
3792 18 3 85
5229 18 3 78
4615 18 3 65
37 18 3 54
1498 18 3 39
1205 18 3 28
212 18 3 22
2974 18 3 13
4030 18 3 2
5679 18 5 83
657 18 5 75
744 18 5 64
165 18 5 53
5740 18 5 43
4498 18 5 34
3804 18 5 25
1897 18 5 17
520 18 5 9
3956 18 7 83
3478 18 7 74
3427 18 7 66
446 18 7 58
1879 18 7 49
2367 18 7 39
5406 18 7 27
1021 18 7 18
67 18 7 8
3287 18 9 83
3165 18 9 74
3274 18 9 66
1981 18 9 57
4937 18 9 49
1192 18 9 39
4816 18 9 27
725 18 9 18
5361 18 9 7
1958 18 13 83
3066 18 13 74
2229 18 13 66
1263 18 13 57
2890 18 13 49
4818 18 13 38
336 18 13 32
5227 18 13 20
5799 18 13 12
5108 18 13 5
922 19 0 83
2830 19 0 74
1826 19 0 66
4366 19 0 56
5633 19 0 47
4523 19 0 36
2897 19 0 23
5235 19 0 13
4973 19 0 1
1729 19 2 82
2919 19 2 70
5857 19 2 62
2962 19 2 54
1184 19 2 39
4426 19 2 27
597 19 2 18
2828 19 2 7
4364 19 5 80
3486 19 5 72
162 19 5 64
5149 19 5 52
1033 19 5 43
2034 19 5 34
3493 19 5 25
1517 19 5 17
285 19 5 9
2907 19 7 80
2467 19 7 72
5503 19 7 63
1532 19 7 54
3004 19 7 38
5642 19 7 31
3449 19 7 23
4479 19 7 13
4642 19 7 1
1235 19 8 80
2241 19 8 72
830 19 8 63
561 19 8 54
2110 19 8 38
4712 19 8 31
951 19 8 23
4063 19 8 13
4304 19 8 5
4536 19 9 79
1178 19 9 71
1824 19 9 62
2903 19 9 54
368 19 9 38
3622 19 9 31
2364 19 9 22
1474 19 9 13
3845 19 9 5
1732 19 11 79
468 19 11 71
380 19 11 62
958 19 11 54
5924 19 11 37
4742 19 11 29
1553 19 11 21
2783 19 11 12
2158 19 11 5
4397 19 12 78
453 19 12 65
2862 19 12 53
3934 19 12 43
1258 19 12 34
3462 19 12 25
1082 19 12 17
3745 19 12 8
3108 19 13 78
383 19 13 65
2512 19 13 53
3811 19 13 43
1062 19 13 34
2084 19 13 25
4847 19 13 16
5945 19 13 1
3104 19 15 78
77 19 15 65
2489 19 15 53
1215 19 15 43
204 19 15 34
1537 19 15 25
4743 19 15 16
1519 19 15 1
5572 19 16 77
2509 19 16 67
4098 19 16 58
1064 19 16 49
4303 19 16 38
3397 19 16 31
2320 19 16 22
423 19 16 13
1627 19 16 5
4296 19 17 77
847 19 17 67
4883 19 17 57
2835 19 17 49
2406 19 17 38
2997 19 17 31
2168 19 17 22
4549 19 17 12
974 19 17 5
3518 19 18 77
447 19 18 67
3657 19 18 57
1531 19 18 49
1901 19 18 38
2807 19 18 31
185 19 18 22
3909 19 18 12
624 19 18 5
912 19 19 75
4661 19 19 63
4492 19 19 53
5820 19 19 42
1718 19 19 33
5192 19 19 24
1852 19 19 14
5103 19 19 5
