2915
5209 0 0 98
3831 0 0 95
3793 0 0 93
3722 0 0 90
2482 0 0 88
5123 0 0 86
330 0 0 84
588 0 0 82
4418 0 0 79
2845 0 0 76
4401 0 0 73
754 0 0 71
3251 0 0 68
5493 0 0 65
3618 0 0 62
3996 0 0 59
1157 0 0 56
3976 0 0 53
4301 0 0 50
3817 0 0 47
2508 0 0 44
1346 0 0 42
4527 0 0 39
4557 0 0 36
3615 0 0 34
1015 0 0 31
2340 0 0 28
930 0 0 25
4858 0 0 22
4379 0 0 20
4289 0 0 18
3191 0 0 14
5133 0 0 11
2154 0 0 9
3346 0 0 7
4271 0 0 4
5014 0 0 1
854 0 1 98
2959 0 1 94
3299 0 1 91
4362 0 1 87
5145 0 1 84
3150 0 1 81
120 0 1 79
3763 0 1 75
1665 0 1 72
3589 0 1 69
5206 0 1 66
2321 0 1 62
954 0 1 59
5644 0 1 55
5645 0 1 51
2356 0 1 49
4188 0 1 46
4022 0 1 44
4982 0 1 40
3536 0 1 37
5606 0 1 34
214 0 1 31
1573 0 1 28
5401 0 1 24
1514 0 1 22
5434 0 1 19
5158 0 1 17
2784 0 1 14
1987 0 1 11
3710 0 1 8
847 0 1 6
2761 0 1 4
596 0 2 98
2672 0 2 94
5350 0 2 90
670 0 2 87
3203 0 2 84
5248 0 2 80
1725 0 2 77
2916 0 2 75
3029 0 2 71
3163 0 2 67
1626 0 2 64
5052 0 2 62
5500 0 2 58
5432 0 2 55
5283 0 2 51
1442 0 2 48
421 0 2 46
672 0 2 44
2863 0 2 40
4246 0 2 36
2962 0 2 34
4927 0 2 29
3888 0 2 27
3168 0 2 24
4531 0 2 20
1342 0 2 18
2491 0 2 14
1276 0 2 10
3341 0 2 7
413 0 2 4
4250 0 3 97
1282 0 3 94
5180 0 3 90
457 0 3 87
1545 0 3 84
3032 0 3 80
887 0 3 77
1589 0 3 75
4698 0 3 70
1764 0 3 68
2099 0 3 65
2778 0 3 62
5139 0 3 58
3099 0 3 55
4839 0 3 51
4878 0 3 47
4871 0 3 43
5201 0 3 38
1311 0 3 36
3279 0 3 32
4392 0 3 29
1177 0 3 27
495 0 3 24
3459 0 3 20
3750 0 3 17
5233 0 3 13
2388 0 3 9
3919 0 3 6
1281 0 3 4
2842 0 4 97
779 0 4 94
1641 0 4 90
347 0 4 87
1409 0 4 83
2128 0 4 79
3714 0 4 75
4476 0 4 70
806 0 4 67
4722 0 4 63
1700 0 4 61
2608 0 4 58
2010 0 4 55
3762 0 4 51
4123 0 4 47
4641 0 4 43
4209 0 4 38
1619 0 4 35
4193 0 4 33
4934 0 4 30
5524 0 4 27
5009 0 4 23
2950 0 4 20
2087 0 4 17
4786 0 4 13
2817 0 4 8
1751 0 4 5
1488 0 4 2
15 0 5 97
5011 0 5 93
3800 0 5 89
2807 0 5 87
5179 0 5 82
4148 0 5 79
3317 0 5 75
2429 0 5 70
4686 0 5 66
4553 0 5 61
862 0 5 58
5242 0 5 54
2006 0 5 52
4074 0 5 48
4694 0 5 44
393 0 5 40
3096 0 5 36
5250 0 5 31
320 0 5 28
2769 0 5 24
2341 0 5 20
1399 0 5 17
2935 0 5 13
2190 0 5 8
1732 0 5 5
5188 0 5 1
4690 0 6 96
4259 0 6 93
2686 0 6 89
2385 0 6 85
4756 0 6 82
674 0 6 79
840 0 6 75
1332 0 6 70
3040 0 6 66
1288 0 6 61
304 0 6 58
5015 0 6 54
4346 0 6 50
4077 0 6 46
3766 0 6 43
3497 0 6 38
257 0 6 35
3047 0 6 32
3731 0 6 29
2861 0 6 25
3682 0 6 22
1540 0 6 19
4187 0 6 16
2319 0 6 14
901 0 6 8
2218 0 6 4
4348 0 7 96
3894 0 7 93
1037 0 7 89
1533 0 7 85
3864 0 7 81
2210 0 7 77
3668 0 7 74
4816 0 7 72
3266 0 7 69
2286 0 7 66
376 0 7 61
4748 0 7 57
5322 0 7 54
4116 0 7 50
3355 0 7 46
3174 0 7 43
2711 0 7 38
2972 0 7 33
5615 0 7 28
1909 0 7 24
1343 0 7 20
5453 0 7 15
5214 0 7 11
1061 0 7 8
1883 0 7 4
3422 0 8 96
2185 0 8 93
794 0 8 89
1439 0 8 85
3772 0 8 81
1463 0 8 77
1453 0 8 74
2472 0 8 72
3555 0 8 68
1475 0 8 64
1777 0 8 61
2419 0 8 57
2075 0 8 54
1546 0 8 50
5449 0 8 45
4868 0 8 42
1212 0 8 39
2485 0 8 36
2387 0 8 31
4222 0 8 27
4199 0 8 23
4612 0 8 19
2439 0 8 15
2465 0 8 11
4901 0 8 7
915 0 8 3
3193 0 9 96
5087 0 9 92
2701 0 9 90
2084 0 9 86
4102 0 9 83
472 0 9 79
1246 0 9 74
3517 0 9 70
2580 0 9 66
4493 0 9 60
2148 0 9 56
2866 0 9 53
3991 0 9 50
4134 0 9 45
4083 0 9 41
4769 0 9 38
2946 0 9 33
3507 0 9 28
3887 0 9 23
2829 0 9 19
2298 0 9 15
1163 0 9 11
3525 0 9 7
770 0 9 3
1165 0 10 96
3483 0 10 92
2808 0 10 88
3990 0 10 85
496 0 10 81
1258 0 10 77
983 0 10 74
2958 0 10 70
640 0 10 66
4307 0 10 60
1753 0 10 56
2763 0 10 53
4197 0 10 49
3592 0 10 45
1446 0 10 41
3560 0 10 38
2712 0 10 33
3445 0 10 28
5156 0 10 22
836 0 10 19
134 0 10 15
138 0 10 11
778 0 10 7
5164 0 10 2
5501 0 11 95
3827 0 11 91
3058 0 11 87
3942 0 11 82
4438 0 11 78
1327 0 11 75
1254 0 11 70
590 0 11 66
3027 0 11 60
1063 0 11 56
4025 0 11 52
677 0 11 48
1607 0 11 44
2839 0 11 39
263 0 11 35
2932 0 11 32
4471 0 11 27
4155 0 11 23
4676 0 11 18
798 0 11 14
3895 0 11 7
5022 0 11 2
4828 0 12 95
5292 0 12 90
3109 0 12 85
5553 0 12 80
4764 0 12 76
924 0 12 73
2109 0 12 70
2886 0 12 65
2671 0 12 61
1586 0 12 56
4999 0 12 51
3449 0 12 47
2893 0 12 43
2078 0 12 38
1161 0 12 33
621 0 12 28
4267 0 12 22
3757 0 12 18
5314 0 12 13
297 0 12 8
1509 0 12 4
4603 0 13 95
5277 0 13 90
502 0 13 85
3950 0 13 80
4206 0 13 76
4380 0 13 72
2613 0 13 68
5529 0 13 63
5263 0 13 60
9 0 13 56
3550 0 13 51
3064 0 13 47
2721 0 13 43
210 0 13 38
1160 0 13 33
592 0 13 28
4020 0 13 22
1097 0 13 18
4621 0 13 13
4744 0 13 7
4252 0 13 2
4249 0 14 95
3224 0 14 90
2122 0 14 84
3358 0 14 79
1184 0 14 74
2665 0 14 70
1572 0 14 65
1554 0 14 61
1481 0 14 56
2750 0 14 51
4768 0 14 46
5245 0 14 42
113 0 14 39
4282 0 14 34
5048 0 14 28
3719 0 14 22
5042 0 14 17
2276 0 14 13
3807 0 14 7
3729 0 14 2
4147 0 15 95
3196 0 15 90
1891 0 15 84
2853 0 15 79
4870 0 15 73
4247 0 15 69
3190 0 15 65
5649 0 15 60
4978 0 15 55
3516 0 15 51
3440 0 15 46
3955 0 15 42
5148 0 15 38
646 0 15 33
558 0 15 28
2172 0 15 22
3855 0 15 17
1561 0 15 13
3758 0 15 7
5222 0 15 1
4071 0 16 95
766 0 16 90
971 0 16 84
1613 0 16 79
1976 0 16 73
2579 0 16 69
1645 0 16 65
2500 0 16 60
4942 0 16 55
3492 0 16 51
2741 0 16 46
1983 0 16 42
4315 0 16 38
620 0 16 33
5304 0 16 27
1068 0 16 23
4291 0 16 18
4554 0 16 13
3072 0 16 7
2520 0 16 1
4397 0 17 94
1556 0 17 90
4689 0 17 83
181 0 17 79
1591 0 17 73
1963 0 17 69
4906 0 17 64
5419 0 17 59
2332 0 17 55
258 0 17 51
2289 0 17 46
638 0 17 42
166 0 17 38
316 0 17 33
4261 0 17 27
922 0 17 23
3443 0 17 18
4462 0 17 13
2601 0 17 7
1077 0 17 1
3371 0 18 94
5395 0 18 89
709 0 18 85
3401 0 18 80
2630 0 18 76
4232 0 18 72
1884 0 18 68
5473 0 18 63
5203 0 18 60
4827 0 18 55
3964 0 18 50
3528 0 18 45
4935 0 18 40
2110 0 18 36
1672 0 18 31
3184 0 18 27
3921 0 18 22
3373 0 18 17
5178 0 18 12
5482 0 18 9
3107 0 18 6
1050 0 18 3
1766 0 19 94
4929 0 19 89
475 0 19 85
255 0 19 80
1690 0 19 76
1930 0 19 72
455 0 19 68
4481 0 19 63
4260 0 19 59
1937 0 19 55
3389 0 19 50
3219 0 19 45
4363 0 19 40
1337 0 19 36
1294 0 19 31
5072 0 19 26
4343 0 19 23
2509 0 19 18
3954 0 19 13
2555 0 19 7
3020 0 19 1
730 2 0 94
4552 2 0 89
5149 2 0 84
5634 2 0 78
509 2 0 75
1070 2 0 70
1498 2 0 65
2055 2 0 60
3965 2 0 55
5332 2 0 49
2552 2 0 45
3087 2 0 40
5291 2 0 35
2626 2 0 32
4040 2 0 27
3050 2 0 22
5410 2 0 16
5127 2 0 13
2309 2 0 7
328 2 0 1
229 2 1 94
3017 2 1 89
4758 2 1 84
4403 2 1 78
3189 2 1 73
1945 2 1 69
2833 2 1 64
3781 2 1 59
800 2 1 55
5141 2 1 49
4727 2 1 44
1895 2 1 39
671 2 1 34
934 2 1 28
2124 2 1 22
4916 2 1 16
2857 2 1 13
1990 2 1 7
1315 2 1 1
5604 2 2 93
5111 2 2 88
872 2 2 85
4930 2 2 79
416 2 2 73
1355 2 2 69
2263 2 2 64
2629 2 2 59
4845 2 2 53
3971 2 2 49
4076 2 2 44
4809 2 2 38
3359 2 2 32
3035 2 2 27
5152 2 2 21
4160 2 2 18
3821 2 2 13
4832 2 2 6
1071 2 2 1
5076 2 3 93
2673 2 3 88
5398 2 3 84
2187 2 3 78
2758 2 3 73
4537 2 3 68
1227 2 3 63
3548 2 3 59
4400 2 3 53
1392 2 3 49
2060 2 3 44
4645 2 3 38
2772 2 3 32
1284 2 3 27
3380 2 3 21
3009 2 3 18
1570 2 3 13
3920 2 3 6
3430 2 4 93
771 2 4 88
5345 2 4 84
2035 2 4 78
1755 2 4 73
3546 2 4 68
4787 2 4 62
4662 2 4 58
2223 2 4 54
694 2 4 50
2652 2 4 45
2941 2 4 40
4708 2 4 35
1704 2 4 32
2364 2 4 26
2811 2 4 23
4503 2 4 17
4313 2 4 12
504 2 4 9
4262 2 4 5
2411 2 5 93
653 2 5 88
4945 2 5 84
1790 2 5 78
1460 2 5 73
493 2 5 68
5243 2 5 61
837 2 5 56
5119 2 5 50
2592 2 5 45
367 2 5 40
3113 2 5 35
3709 2 5 31
3813 2 5 26
755 2 5 23
3627 2 5 17
3949 2 5 12
5547 2 5 8
3686 2 5 3
1669 2 7 93
4702 2 7 87
2639 2 7 82
3526 2 7 78
2473 2 7 72
2964 2 7 67
4253 2 7 63
2696 2 7 59
3514 2 7 53
5195 2 7 48
1220 2 7 44
4420 2 7 38
3428 2 7 31
3211 2 7 26
2288 2 7 22
4530 2 7 16
4664 2 7 12
3586 2 7 8
1370 2 7 3
5502 2 8 92
4993 2 8 87
2347 2 8 82
3045 2 8 78
2418 2 8 72
312 2 8 67
3579 2 8 63
1218 2 8 59
663 2 8 53
2882 2 8 48
1058 2 8 44
4415 2 8 38
2926 2 8 31
3142 2 8 26
1486 2 8 22
3876 2 8 16
3320 2 8 12
1908 2 8 8
583 2 8 3
3670 2 9 92
4120 2 9 87
2329 2 9 82
1738 2 9 78
1660 2 9 72
39 2 9 67
3357 2 9 63
4749 2 9 58
4887 2 9 53
1236 2 9 48
656 2 9 44
4333 2 9 38
2747 2 9 31
97 2 9 26
861 2 9 22
3875 2 9 16
2521 2 9 12
1734 2 9 8
5356 2 9 2
2659 2 10 92
2623 2 10 87
1693 2 10 82
1718 2 10 78
1054 2 10 72
3447 2 10 66
2082 2 10 60
3593 2 10 55
4931 2 10 49
1721 2 10 44
2037 2 10 38
1807 2 10 31
3308 2 10 25
3468 2 10 22
3553 2 10 16
2414 2 10 12
3588 2 10 7
1805 2 11 92
1379 2 11 87
5632 2 11 81
858 2 11 77
5391 2 11 73
5654 2 11 67
2902 2 11 63
4279 2 11 58
2196 2 11 53
3436 2 11 47
2415 2 11 43
4321 2 11 37
5460 2 11 34
885 2 11 28
478 2 11 22
3342 2 11 16
1795 2 11 12
2947 2 11 7
1127 2 12 92
753 2 12 87
3945 2 12 81
757 2 12 77
5355 2 12 73
5492 2 12 67
2095 2 12 62
3205 2 12 58
1889 2 12 53
3234 2 12 47
1013 2 12 43
3386 2 12 37
3241 2 12 33
3650 2 12 27
2227 2 12 21
1994 2 12 18
1377 2 12 13
5299 2 12 5
893 2 13 92
3210 2 13 86
2823 2 13 83
5551 2 13 78
747 2 13 72
112 2 13 66
1098 2 13 60
3520 2 13 55
3467 2 13 49
1688 2 13 44
1897 2 13 38
1244 2 13 31
970 2 13 25
3181 2 13 22
3083 2 13 16
1014 2 13 12
1490 2 13 7
366 2 15 92
5378 2 15 85
4097 2 15 79
4629 2 15 72
2383 2 15 65
5439 2 15 59
4536 2 15 52
5196 2 15 47
4600 2 15 42
5426 2 15 37
4615 2 15 32
1906 2 15 26
3861 2 15 21
2957 2 15 17
1004 2 15 12
4314 2 15 6
190 2 16 91
1808 2 16 87
1729 2 16 81
137 2 16 77
3336 2 16 73
5096 2 16 67
1942 2 16 62
2209 2 16 57
712 2 16 54
430 2 16 50
1081 2 16 45
314 2 16 40
1974 2 16 35
1090 2 16 31
4127 2 16 24
1067 2 16 20
4609 2 16 15
4836 2 16 10
2502 2 16 7
4804 2 17 90
4589 2 17 83
5536 2 17 78
3992 2 17 71
2151 2 17 67
404 2 17 62
5374 2 17 56
2255 2 17 50
5064 2 17 44
5019 2 17 37
4019 2 17 32
1874 2 17 26
1479 2 17 21
2297 2 17 17
122 2 17 12
3872 2 17 6
4653 2 18 90
4306 2 18 83
1848 2 18 78
2459 2 18 71
5625 2 18 66
5101 2 18 59
4416 2 18 52
145 2 18 47
4506 2 18 42
4543 2 18 37
3663 2 18 32
4707 2 18 25
614 2 18 22
2503 2 18 16
5044 2 18 11
5658 2 18 6
4159 2 19 90
2687 2 19 83
982 2 19 78
706 2 19 71
4806 2 19 66
3915 2 19 59
3078 2 19 52
3225 2 19 46
3093 2 19 41
4651 2 19 37
2315 2 19 32
4656 2 19 25
4623 2 19 21
5075 2 19 16
1612 2 19 11
4547 2 19 6
2880 3 0 90
1784 3 0 83
4920 3 0 77
2783 3 0 73
4753 3 0 67
5489 3 0 61
253 3 0 56
2221 3 0 50
4364 3 0 44
494 3 0 37
1185 3 0 32
4008 3 0 25
574 3 0 21
4173 3 0 16
619 3 0 11
3229 3 0 6
2015 3 1 90
1101 3 1 83
2983 3 1 77
1522 3 1 73
4425 3 1 67
5455 3 1 61
4182 3 1 55
2085 3 1 49
1413 3 1 44
5239 3 1 36
793 3 1 31
3227 3 1 24
207 3 1 20
3450 3 1 15
3626 3 1 10
1959 3 1 7
125 3 2 90
2810 3 2 82
899 3 2 78
5447 3 2 70
1456 3 2 65
4565 3 2 59
4422 3 2 51
1779 3 2 46
1904 3 2 41
5348 3 2 36
749 3 2 31
2522 3 2 24
3183 3 2 19
4771 3 2 14
2925 3 2 7
3914 3 3 89
4602 3 3 84
1108 3 3 78
4384 3 3 70
3463 3 3 64
1880 3 3 59
1245 3 3 51
1557 3 3 46
1770 3 3 41
5205 3 3 36
540 3 3 31
1673 3 3 24
1617 3 3 19
4434 3 3 14
2179 3 3 7
3856 3 4 89
4009 3 4 84
327 3 4 78
1917 3 4 70
3200 3 4 64
1367 3 4 59
171 3 4 51
5166 3 4 45
5618 3 4 39
3417 3 4 33
3036 3 4 27
1931 3 4 21
2884 3 4 16
5129 3 4 10
3439 3 4 6
3699 3 5 89
1515 3 5 84
5631 3 5 77
4751 3 5 72
2360 3 5 65
3146 3 5 58
1494 3 5 53
2142 3 5 47
4429 3 5 42
4322 3 5 37
1144 3 5 32
3930 3 5 25
3785 3 5 20
2034 3 5 15
3509 3 5 10
2889 3 5 6
2264 3 7 89
11 3 7 84
4002 3 7 77
4569 3 7 72
1197 3 7 65
3110 3 7 58
5031 3 7 52
2740 3 7 46
4908 3 7 40
2850 3 7 34
750 3 7 28
4408 3 7 21
2864 3 7 16
4248 3 7 10
2691 3 7 6
799 3 8 89
4548 3 8 83
936 3 8 77
3133 3 8 72
911 3 8 65
3038 3 8 58
3125 3 8 52
2559 3 8 46
4657 3 8 40
2435 3 8 34
5187 3 8 27
1713 3 8 21
2574 3 8 16
30 3 8 10
2101 3 8 6
649 3 9 89
2217 3 9 83
796 3 9 77
2336 3 9 72
170 3 9 65
2578 3 9 58
2395 3 9 52
2175 3 9 46
3160 3 9 40
2080 3 9 34
4671 3 9 27
1289 3 9 21
1040 3 9 16
4373 3 9 9
3021 3 9 5
4031 3 10 88
4693 3 10 84
5113 3 10 76
1727 3 10 72
5537 3 10 64
5004 3 10 58
1741 3 10 52
1324 3 10 46
2097 3 10 40
1699 3 10 34
4242 3 10 27
4142 3 10 20
4105 3 10 14
3747 3 10 6
3628 3 11 88
4556 3 11 84
3909 3 11 76
3604 3 11 71
2744 3 11 66
3571 3 11 59
153 3 11 51
2166 3 11 45
5562 3 11 39
1008 3 11 33
2843 3 11 27
2656 3 11 20
3431 3 11 14
1655 3 11 6
321 3 12 88
5288 3 12 83
4610 3 12 76
1943 3 12 71
4220 3 12 65
2106 3 12 58
5091 3 12 51
4500 3 12 44
4175 3 12 36
4532 3 12 30
2174 3 12 27
2042 3 12 20
1915 3 12 14
1599 3 12 6
1954 3 13 87
947 3 13 81
2756 3 13 76
4873 3 13 70
436 3 13 64
3513 3 13 58
4277 3 13 51
2621 3 13 44
3789 3 13 36
4526 3 13 30
3577 3 13 26
1198 3 13 21
1698 3 13 15
240 3 13 10
159 3 13 5
531 3 15 86
1155 3 15 83
4328 3 15 76
3838 3 15 70
4404 3 15 63
3844 3 15 58
4057 3 15 51
1181 3 15 44
3383 3 15 36
3280 3 15 30
2793 3 15 26
4164 3 15 20
1737 3 15 14
1363 3 15 5
3622 3 16 85
4054 3 16 79
3564 3 16 72
2529 3 16 64
2718 3 16 58
3590 3 16 51
929 3 16 44
2481 3 16 36
4073 3 16 29
635 3 16 25
3228 3 16 20
3975 3 16 13
2373 3 16 5
5216 3 17 84
2204 3 17 76
2706 3 17 70
3476 3 17 63
3594 3 17 58
2683 3 17 51
5057 3 17 43
2324 3 17 37
290 3 17 32
2965 3 17 25
259 3 17 20
2548 3 17 13
615 3 17 5
5037 3 18 84
1762 3 18 76
1459 3 18 70
2803 3 18 63
2335 3 18 58
1139 3 18 51
3824 3 18 43
908 3 18 37
4570 3 18 31
456 3 18 24
659 3 18 19
4419 3 18 14
373 3 18 5
2280 3 19 84
1750 3 19 76
4605 3 19 69
547 3 19 64
3634 3 19 57
4011 3 19 53
5124 3 19 46
1716 3 19 40
1627 3 19 33
1995 3 19 27
1837 3 19 20
1326 3 19 13
5623 3 19 4
4658 4 5 83
4236 4 5 76
5007 4 5 68
4005 4 5 61
2273 4 5 55
1559 4 5 49
1109 4 5 44
1798 4 5 36
2014 4 5 29
4637 4 5 24
517 4 5 19
3581 4 5 14
5301 4 5 4
2046 4 7 82
4817 4 7 77
4874 4 7 71
4165 4 7 65
4162 4 7 57
2441 4 7 53
4573 4 7 46
4452 4 7 39
705 4 7 33
5624 4 7 26
2894 4 7 20
3177 4 7 12
3404 4 7 6
5600 4 15 81
2501 4 15 76
4028 4 15 68
3804 4 15 61
2243 4 15 55
1186 4 15 49
853 4 15 44
1401 4 15 36
906 4 15 29
4564 4 15 23
2525 4 15 17
3865 4 15 11
4410 4 15 5
1414 5 0 81
1493 5 0 76
3939 5 0 68
3293 5 0 61
1517 5 0 55
209 5 0 49
741 5 0 44
699 5 0 36
5328 5 0 28
3340 5 0 21
1588 5 0 15
4723 5 0 9
1051 5 0 5
1201 5 1 81
1025 5 1 76
2596 5 1 68
3115 5 1 61
1143 5 1 55
3283 5 1 48
4799 5 1 43
5082 5 1 36
4660 5 1 28
2392 5 1 21
1193 5 1 15
4673 5 1 9
2469 5 1 4
5603 5 2 80
3742 5 2 75
2514 5 2 69
3069 5 2 63
2331 5 2 58
237 5 2 51
3479 5 2 43
4286 5 2 36
3137 5 2 28
689 5 2 21
871 5 2 15
3796 5 2 9
1563 5 2 4
3616 5 3 80
2638 5 3 75
1765 5 3 69
3019 5 3 63
4972 5 3 56
1950 5 3 50
3290 5 3 44
4372 5 3 35
479 5 3 31
313 5 3 24
265 5 3 19
5554 5 3 13
3701 5 3 4
1203 5 5 80
2560 5 5 75
5112 5 5 68
1470 5 5 61
1112 5 5 55
2189 5 5 48
4700 5 5 43
2386 5 5 36
1530 5 5 28
429 5 5 21
156 5 5 15
2985 5 5 9
1228 5 5 4
1437 5 7 78
1828 5 7 70
2413 5 7 63
3502 5 7 56
1946 5 7 50
146 5 7 44
3537 5 7 35
148 5 7 31
5450 5 7 23
1722 5 7 17
3689 5 7 11
4112 5 7 5
2912 5 9 73
2734 5 9 67
4336 5 9 61
1007 5 9 55
1635 5 9 48
5339 5 9 42
3005 5 9 37
4486 5 9 31
5381 5 9 23
323 5 9 17
2816 5 9 11
2180 5 9 5
1662 5 10 73
1235 5 10 67
1703 5 10 61
340 5 10 55
4663 5 10 47
2973 5 10 42
1736 5 10 37
3946 5 10 31
1038 5 10 23
173 5 10 17
1484 5 10 11
1349 5 10 5
4889 5 11 71
2590 5 11 65
4117 5 11 57
1320 5 11 53
3294 5 11 46
5352 5 11 38
884 5 11 31
834 5 11 23
5025 5 11 16
3580 5 11 9
4245 5 11 3
4834 5 12 70
737 5 12 63
3275 5 12 56
4838 5 12 49
466 5 12 44
3505 5 12 35
2399 5 12 30
697 5 12 26
2604 5 12 20
3158 5 12 11
919 5 12 5
1107 5 13 58
197 5 13 51
2246 5 13 43
2139 5 13 36
1272 5 13 28
4515 5 13 20
2953 5 13 11
586 5 13 5
4984 5 15 98
3884 5 15 93
3031 5 15 87
4442 5 15 80
2047 5 15 75
4853 5 15 68
128 5 15 61
4179 5 15 54
4831 5 15 49
4879 5 15 43
718 5 15 36
3129 5 15 27
1213 5 15 20
2463 5 15 11
3491 5 15 4
2867 5 17 97
3568 5 17 93
1162 5 17 87
4150 5 17 80
1034 5 17 75
2616 5 17 68
4950 5 17 60
2066 5 17 55
3825 5 17 47
386 5 17 42
660 5 17 37
3898 5 17 31
3033 5 17 22
2460 5 17 16
2986 5 17 9
4045 5 17 3
5377 5 18 96
3398 5 18 92
4746 5 18 85
3543 5 18 79
3056 5 18 72
1709 5 18 64
1566 5 18 57
5347 5 18 52
99 5 18 46
4949 5 18 38
422 5 18 31
2660 5 18 22
2358 5 18 16
5229 5 18 8
5001 5 18 2
4433 5 19 96
3052 5 19 92
4068 5 19 85
3282 5 19 79
2963 5 19 72
361 5 19 64
5114 5 19 56
4101 5 19 49
2805 5 19 42
5275 5 19 36
2348 5 19 27
4802 5 19 19
4640 5 19 13
5601 5 19 3
3956 6 0 96
1936 6 0 92
2615 6 0 85
2193 6 0 79
2905 6 0 72
2547 6 0 63
2943 6 0 56
3826 6 0 49
471 6 0 42
5208 6 0 36
2247 6 0 27
3795 6 0 19
4793 6 0 12
3356 6 0 6
3233 6 1 96
1809 6 1 92
13 6 1 85
1395 6 1 79
1192 6 1 72
1775 6 1 63
2922 6 1 56
1214 6 1 49
470 6 1 42
5067 6 1 36
411 6 1 27
3256 6 1 19
4231 6 1 12
5411 6 1 5
1834 6 2 96
1260 6 2 92
4338 6 2 84
917 6 2 76
1523 6 2 68
2878 6 2 60
1428 6 2 55
2653 6 2 47
157 6 2 42
3397 6 2 36
4955 6 2 26
2026 6 2 20
1321 6 2 11
2796 6 2 4
604 6 3 96
267 6 3 92
2238 6 3 84
7 6 3 76
1380 6 3 68
2362 6 3 60
555 6 3 55
2442 6 3 47
5094 6 3 41
285 6 3 36
4627 6 3 26
1221 6 3 20
5079 6 3 10
4846 6 3 4
1593 6 5 95
5405 6 5 89
1780 6 5 83
4207 6 5 76
76 6 5 68
1875 6 5 60
398 6 5 55
1434 6 5 47
4773 6 5 41
5424 6 5 35
2272 6 5 30
578 6 5 26
3471 6 5 19
4115 6 5 12
4739 6 5 5
875 6 7 95
5399 6 7 89
4587 6 7 82
966 6 7 77
3469 6 7 71
1240 6 7 65
3953 6 7 57
2636 6 7 52
3693 6 7 45
673 6 7 39
704 6 7 33
5486 6 7 26
2533 6 7 19
3288 6 7 11
2208 6 7 4
2553 6 9 94
2443 6 9 89
4064 6 9 82
572 6 9 77
942 6 9 71
147 6 9 65
2226 6 9 57
2632 6 9 52
1391 6 9 45
5528 6 9 38
5344 6 9 30
5402 6 9 25
4596 6 9 19
2736 6 9 11
1092 6 9 4
1933 6 13 94
4042 6 13 88
3972 6 13 83
2376 6 13 76
5469 6 13 67
1549 6 13 61
2824 6 13 54
4784 6 13 49
5236 6 13 41
2068 6 13 35
2201 6 13 30
4568 6 13 25
2225 6 13 19
2262 6 13 11
5211 6 13 3
1606 6 15 94
3362 6 15 88
2749 6 15 83
1369 6 15 76
3037 6 15 67
1175 6 15 61
1618 6 15 54
3910 6 15 49
3013 6 15 41
1888 6 15 35
1982 6 15 30
3716 6 15 25
64 6 15 19
5364 6 15 10
3487 6 15 4
275 6 17 94
3297 6 17 88
363 6 17 83
5337 6 17 75
1458 6 17 68
5077 6 17 59
3274 6 17 50
5397 6 17 43
4785 6 17 35
5509 6 17 29
4221 6 17 23
4265 6 17 16
3760 6 17 8
4432 6 17 2
4737 6 18 93
5490 6 18 86
624 6 18 83
1896 6 18 75
318 6 18 68
3057 6 18 59
2375 6 18 50
4735 6 18 43
3148 6 18 35
5282 6 18 29
2207 6 18 23
2851 6 18 16
2598 6 18 8
1151 6 18 2
1972 6 19 93
3407 6 19 86
584 6 19 83
1686 6 19 75
5464 6 19 67
3944 6 19 60
4903 6 19 54
941 6 19 49
1629 6 19 41
2633 6 19 34
3732 6 19 27
1916 6 19 19
5221 6 19 10
1085 6 19 4
1252 7 7 93
3337 7 7 86
5383 7 7 82
3881 7 7 76
2118 7 7 67
1816 7 7 60
4473 7 7 54
3633 7 7 48
1892 7 7 42
2627 7 7 36
3192 7 7 26
1787 7 7 19
4421 7 7 10
5147 7 7 3
775 7 9 93
24 7 9 86
4563 7 9 82
2634 7 9 76
1708 7 9 67
3472 7 9 59
1334 7 9 50
1961 7 9 43
3073 7 9 35
5273 7 9 29
2050 7 9 23
2119 7 9 16
2136 7 9 8
1125 7 9 2
222 7 11 93
4958 7 11 85
4287 7 11 78
781 7 11 70
657 7 11 63
2859 7 11 56
945 7 11 49
5168 7 11 40
1147 7 11 33
3130 7 11 26
5611 7 11 18
1205 7 11 13
3658 7 11 3
4991 7 12 92
932 7 12 84
5566 7 12 75
5290 7 12 67
3151 7 12 59
231 7 12 50
1180 7 12 43
2813 7 12 35
4308 7 12 29
2039 7 12 23
1992 7 12 16
1605 7 12 8
807 7 12 2
3659 7 13 92
406 7 13 84
5095 7 13 75
1867 7 13 67
1902 7 13 59
3931 7 13 49
4558 7 13 40
489 7 13 33
1890 7 13 26
4628 7 13 18
4794 7 13 12
3527 7 13 4
1314 7 15 92
5367 7 15 83
87 7 15 75
991 7 15 67
1710 7 15 59
2353 7 15 49
3638 7 15 40
5651 7 15 32
4018 7 15 24
165 7 15 19
4178 7 15 10
5088 7 15 3
4619 7 17 91
909 7 17 87
3435 7 17 80
866 7 17 75
187 7 17 67
5579 7 17 58
180 7 17 51
2104 7 17 43
192 7 17 35
2213 7 17 29
5174 7 17 22
2327 7 17 16
996 7 17 8
5157 7 17 1
3155 8 0 91
4674 8 0 86
4082 8 0 82
2245 8 0 76
1230 8 0 67
2307 8 0 58
2523 8 0 50
432 8 0 43
4138 8 0 34
2359 8 0 27
1744 8 0 19
3897 8 0 10
4483 8 0 3
2655 8 1 91
4299 8 1 86
4109 8 1 81
817 8 1 76
682 8 1 67
202 8 1 58
975 8 1 50
5657 8 1 42
2466 8 1 36
3128 8 1 26
4243 8 1 18
4195 8 1 12
2568 8 1 4
2311 8 2 91
3048 8 2 86
2212 8 2 81
3046 8 2 75
56 8 2 67
4946 8 2 57
2271 8 2 52
1217 8 2 45
4477 8 2 38
3286 8 2 30
1416 8 2 25
3892 8 2 18
3842 8 2 12
541 8 2 4
420 8 3 91
5387 8 3 85
3629 8 3 78
247 8 3 70
5146 8 3 62
4928 8 3 56
3981 8 3 48
3751 8 3 41
2412 8 3 34
1510 8 3 27
203 8 3 19
1634 8 3 10
3597 8 3 3
5491 8 4 90
2554 8 4 82
829 8 4 76
5474 8 4 66
3067 8 4 59
1714 8 4 49
2848 8 4 40
5471 8 4 32
116 8 4 24
4100 8 4 18
3221 8 4 12
5527 8 4 3
4885 8 5 90
876 8 5 82
464 8 5 76
5165 8 5 66
2913 8 5 59
1539 8 5 49
2312 8 5 40
4659 8 5 32
5578 8 5 23
968 8 5 16
451 8 5 8
4754 8 5 1
4863 8 7 90
5039 8 7 81
3010 8 7 75
4517 8 7 66
2840 8 7 59
4351 8 7 48
521 8 7 41
2158 8 7 34
4876 8 7 26
3929 8 7 18
4024 8 7 11
3222 8 7 3
4762 8 9 90
4194 8 9 81
811 8 9 75
3801 8 9 66
1140 8 9 59
3172 8 9 48
365 8 9 41
1856 8 9 34
4582 8 9 26
3324 8 9 18
2451 8 9 11
1675 8 9 3
1615 9 5 90
3770 9 5 81
4046 9 5 74
867 9 5 70
4388 9 5 62
4326 9 5 56
2918 9 5 48
356 9 5 41
4444 9 5 33
294 9 5 26
2830 9 5 18
2257 9 5 11
2071 9 5 2
1502 9 7 90
2931 9 7 81
3818 9 7 74
598 9 7 70
40 9 7 61
164 9 7 54
3325 9 7 48
1471 9 7 40
4360 9 7 32
5499 9 7 23
507 9 7 16
5086 9 7 7
605 9 9 90
549 9 9 81
2868 9 9 74
727 9 9 69
2057 9 9 63
2834 9 9 56
409 9 9 48
35 9 9 40
3723 9 9 32
1745 9 9 23
387 9 9 16
3854 9 9 7
336 9 11 90
4567 9 11 80
3951 9 11 74
5190 9 11 68
2732 9 11 59
2860 9 11 48
4665 9 11 39
633 9 11 33
5435 9 11 25
3788 9 11 18
1785 9 11 11
5414 9 11 1
4840 9 12 88
5182 9 12 82
288 9 12 76
4447 9 12 66
284 9 12 59
1438 9 12 48
2498 9 12 39
124 9 12 33
5085 9 12 25
2591 9 12 18
5633 9 12 10
3273 9 12 3
4734 9 14 88
5382 9 14 81
2198 9 14 74
5028 9 14 67
4703 9 14 57
1319 9 14 52
1074 9 14 45
4309 9 14 38
2433 9 14 30
4630 9 14 24
3522 9 14 18
4647 9 14 10
2367 9 14 3
4488 9 16 88
4067 9 16 81
1568 9 16 74
3771 9 16 67
4143 9 16 57
5073 9 16 51
2067 9 16 43
3962 9 16 34
4482 9 16 26
2797 9 16 18
2723 9 16 10
1548 9 16 3
4478 9 18 87
2945 9 18 80
3232 9 18 74
3662 9 18 67
212 9 18 57
4268 9 18 51
1853 9 18 43
2300 9 18 34
3220 9 18 26
2454 9 18 18
575 9 18 10
1219 9 18 3
4311 10 1 87
2437 10 1 80
581 10 1 74
2898 10 1 67
5047 10 1 56
5219 10 1 47
3645 10 1 41
3765 10 1 33
4855 10 1 25
2342 10 1 18
355 10 1 10
5451 10 1 2
3903 10 2 87
5097 10 2 79
863 10 2 72
529 10 2 63
2702 10 2 56
4726 10 2 47
3117 10 2 41
2259 10 2 33
3969 10 2 25
5029 10 2 17
1196 10 2 11
5331 10 2 1
2897 10 3 87
4957 10 3 79
3240 10 3 71
4204 10 3 64
2874 10 3 56
3879 10 3 47
3024 10 3 41
1555 10 3 33
3713 10 3 25
4975 10 3 17
978 10 3 11
514 10 3 1
1485 10 4 87
4223 10 4 79
1114 10 4 71
3352 10 4 64
2667 10 4 56
1095 10 4 47
2852 10 4 41
167 10 4 33
3212 10 4 25
3515 10 4 17
2497 10 4 10
4492 10 4 2
2527 10 5 86
417 10 5 81
1299 10 5 74
1187 10 5 67
3216 10 5 55
599 10 5 47
2302 10 5 41
37 10 5 33
2794 10 5 25
1452 10 5 17
2091 10 5 10
2785 10 5 2
185 10 7 86
4860 10 7 80
465 10 7 74
1022 10 7 67
1803 10 7 55
131 10 7 47
1973 10 7 41
5613 10 7 32
4183 10 7 22
1621 10 7 16
4777 10 7 6
4969 10 9 85
5150 10 9 77
5132 10 9 70
5454 10 9 60
4158 10 9 54
2766 10 9 48
795 10 9 39
5050 10 9 32
3938 10 9 22
477 10 9 16
3453 10 9 6
5121 10 11 84
2303 10 11 75
2494 10 11 66
85 10 11 59
1309 10 11 48
57 10 11 39
4738 10 11 32
1728 10 11 22
75 10 11 16
3011 10 11 6
3979 10 12 84
2022 10 12 75
412 10 12 66
5616 10 12 58
669 10 12 50
5110 10 12 42
2334 10 12 36
1948 10 12 26
1365 10 12 18
5531 10 12 9
3562 10 12 3
1088 10 14 84
213 10 14 75
3153 10 14 65
1967 10 14 57
1968 10 14 51
512 10 14 43
1689 10 14 34
1431 10 14 26
5635 10 14 17
1474 10 14 10
2461 10 14 2
2111 10 16 83
5438 10 16 74
759 10 16 67
769 10 16 55
4484 10 16 46
4214 10 16 38
1516 10 16 30
4312 10 16 24
2512 10 16 18
4774 10 16 9
2474 10 16 3
4320 10 18 82
3307 10 18 75
2394 10 18 65
5259 10 18 56
2871 10 18 46
1602 10 18 38
69 10 18 30
4063 10 18 24
3798 10 18 17
4652 10 18 9
1129 10 18 3
3338 10 19 82
3263 10 19 75
1457 10 19 65
5130 10 19 56
597 10 19 46
856 10 19 38
3779 10 19 29
4140 10 19 22
4131 10 19 15
2782 10 19 9
5416 10 19 2
3500 11 1 81
4352 11 1 73
4509 11 1 66
3780 11 1 58
4685 11 1 48
5592 11 1 38
1436 11 1 29
3039 11 1 22
967 11 1 15
1256 11 1 9
5030 11 1 2
5394 11 2 79
4961 11 2 70
3674 11 2 60
3215 11 2 54
1687 11 2 48
5309 11 2 38
1371 11 2 29
5278 11 2 21
5544 11 2 14
4862 11 2 4
1695 11 3 79
3850 11 3 70
3547 11 3 60
3080 11 3 54
610 11 3 48
2827 11 3 38
1016 11 3 29
5264 11 3 21
4821 11 3 14
4760 11 3 4
446 11 4 77
3088 11 4 70
4776 11 4 59
1021 11 4 48
1712 11 4 38
642 11 4 29
4305 11 4 21
4108 11 4 14
4324 11 4 4
4782 11 5 74
5099 11 5 66
1046 11 5 58
4251 11 5 48
980 11 5 38
2995 11 5 28
1840 11 5 19
1410 11 5 10
688 11 5 2
4742 11 7 71
2188 11 7 64
2406 11 7 56
585 11 7 46
322 11 7 38
1317 11 7 28
1788 11 7 19
3 11 7 10
639 11 7 2
3127 11 9 70
5215 11 9 58
4189 11 9 48
242 11 9 38
918 11 9 28
96 11 9 19
4745 11 9 9
4752 11 9 2
326 11 11 62
3495 11 11 56
5417 11 11 45
2899 11 11 38
4303 11 11 27
5431 11 11 18
4614 11 11 9
3968 11 11 2
5320 11 12 95
3250 11 12 89
809 11 12 82
2081 11 12 75
1412 11 12 65
3415 11 12 56
4466 11 12 45
2710 11 12 38
2176 11 12 27
2751 11 12 18
4135 11 12 9
3859 11 12 2
2403 11 14 95
950 11 14 89
82 11 14 82
1073 11 14 75
5638 11 14 64
1799 11 14 56
3462 11 14 45
801 11 14 38
1060 11 14 27
2662 11 14 18
4023 11 14 9
234 11 14 2
1759 11 16 95
644 11 16 89
5586 11 16 81
4027 11 16 73
4092 11 16 66
500 11 16 58
3948 11 16 48
5570 11 16 37
2363 11 16 31
1661 11 16 22
964 11 16 15
4960 11 16 8
4449 11 16 1
1692 11 18 95
407 11 18 89
5430 11 18 81
3084 11 18 73
1650 11 18 66
4202 11 18 57
928 11 18 51
194 11 18 43
1449 11 18 34
855 11 18 26
3086 11 18 17
3521 11 18 9
3847 11 18 1
5548 11 19 94
2577 11 19 88
2674 11 19 81
1358 11 19 73
1344 11 19 66
3702 11 19 57
388 11 19 51
5607 11 19 42
1339 11 19 36
305 11 19 26
1422 11 19 17
2892 11 19 9
395 11 19 1
4091 12 12 94
2337 12 12 88
467 12 12 81
3977 12 12 72
3478 12 12 62
2765 12 12 56
2801 12 12 45
577 12 12 38
444 12 12 27
1882 12 12 18
2617 12 12 9
1433 12 12 1
3533 12 14 94
1152 12 14 88
298 12 14 81
3332 12 14 72
2716 12 14 62
133 12 14 56
1406 12 14 45
4457 12 14 37
1408 12 14 31
1581 12 14 22
815 12 14 15
4382 12 14 8
1351 12 14 1
3194 12 16 94
4508 12 16 87
4053 12 16 79
2425 12 16 70
4898 12 16 58
3636 12 16 48
4729 12 16 37
4813 12 16 30
1786 12 16 24
3374 12 16 17
2865 12 16 9
1017 12 16 1
1862 13 1 94
1696 13 1 87
925 13 1 79
2186 13 1 70
3486 13 1 58
2818 13 1 48
3186 13 1 37
4093 13 1 30
5246 13 1 23
4668 13 1 15
1731 13 1 8
276 13 1 1
1772 13 3 94
1105 13 3 87
571 13 3 79
1657 13 3 70
89 13 3 58
2402 13 3 48
2012 13 3 37
2748 13 3 30
5140 13 3 23
1166 13 3 15
5515 13 3 7
654 13 4 94
4626 13 4 86
1266 13 4 80
5298 13 4 73
289 13 4 66
3292 13 4 57
4803 13 4 50
3329 13 4 42
745 13 4 36
5021 13 4 25
1290 13 4 17
2490 13 4 9
4891 13 5 93
3178 13 5 85
3147 13 5 77
2764 13 5 70
3923 13 5 57
4661 13 5 50
2423 13 5 41
5302 13 5 32
481 13 5 22
299 13 5 15
4516 13 5 7
3988 13 6 93
3119 13 6 85
1756 13 6 77
1758 13 6 70
3269 13 6 57
2605 13 6 50
2398 13 6 41
4330 13 6 32
419 13 6 22
5512 13 6 14
4104 13 6 4
1132 13 7 93
5327 13 7 84
3828 13 7 74
5063 13 7 66
1998 13 7 57
5018 13 7 49
1701 13 7 40
2994 13 7 32
362 13 7 22
4528 13 7 14
3061 13 7 4
1069 13 8 93
3681 13 8 84
3427 13 8 74
4284 13 8 65
3295 13 8 56
4211 13 8 44
1302 13 8 35
2184 13 8 29
351 13 8 21
2155 13 8 14
383 13 8 4
450 13 9 93
3314 13 9 84
3327 13 9 74
2970 13 9 65
2838 13 9 56
3880 13 9 44
428 13 9 35
1335 13 9 29
5412 13 9 20
4288 13 9 10
482 13 9 2
4094 13 10 92
5016 13 10 83
4586 13 10 74
2150 13 10 65
2365 13 10 56
948 13 10 44
5619 13 10 34
820 13 10 26
1881 13 10 16
2640 13 10 6
1898 13 11 92
4743 13 11 83
4118 13 11 74
2145 13 11 65
2127 13 11 56
516 13 11 44
4280 13 11 34
70 13 11 26
1851 13 11 16
2025 13 11 6
2967 13 12 91
4529 13 12 85
1427 13 12 77
1587 13 12 70
1072 13 12 57
2870 13 12 49
1360 13 12 40
2903 13 12 32
5135 13 12 21
1028 13 12 14
5161 13 12 3
354 13 14 91
4505 13 14 85
5646 13 14 76
3007 13 14 66
1001 13 14 57
1168 13 14 49
1027 13 14 40
1224 13 14 32
4192 13 14 21
822 13 14 14
4497 13 14 3
5293 13 16 90
4394 13 16 80
1128 13 16 73
5442 13 16 65
1451 13 16 56
4266 13 16 43
5197 13 16 33
2391 13 16 25
1150 13 16 17
2018 13 16 9
3014 13 17 90
4137 13 17 80
1035 13 17 73
5175 13 17 65
868 13 17 56
4119 13 17 43
3712 13 17 33
1126 13 17 25
5357 13 17 16
79 13 17 6
2875 13 18 90
1846 13 18 80
5200 13 18 72
2538 13 18 62
5508 13 18 55
4390 13 18 46
4750 13 18 37
5476 13 18 29
3399 13 18 20
1592 13 18 10
5457 13 18 1
45 13 19 90
1329 13 19 80
4933 13 19 72
1465 13 19 62
4998 13 19 55
3799 13 19 46
4704 13 19 37
5316 13 19 29
2602 13 19 20
396 13 19 10
5024 14 1 89
3418 14 1 81
2013 14 1 72
5392 14 1 61
4884 14 1 53
1231 14 1 46
3724 14 1 37
4730 14 1 29
2107 14 1 20
3803 14 1 9
2976 14 3 89
2923 14 3 81
1941 14 3 72
1774 14 3 61
4733 14 3 53
4475 14 3 45
4441 14 3 37
3081 14 3 29
341 14 3 20
109 14 3 9
2427 14 4 89
2841 14 4 81
424 14 4 72
2292 14 4 60
2854 14 4 54
4766 14 4 47
5567 14 4 40
1182 14 4 32
3648 14 4 21
761 14 4 14
4468 14 4 3
686 14 5 89
695 14 5 81
71 14 5 72
1520 14 5 60
1854 14 5 54
4281 14 5 47
5104 14 5 40
5539 14 5 31
2956 14 5 21
208 14 5 14
2703 14 5 3
4697 14 6 88
5420 14 6 80
1190 14 6 72
1076 14 6 60
611 14 6 54
4110 14 6 47
2160 14 6 39
4583 14 6 32
1925 14 6 20
5051 14 6 8
3166 14 7 88
4514 14 7 80
530 14 7 72
823 14 7 60
329 14 7 54
613 14 7 47
1823 14 7 39
4370 14 7 32
5274 14 7 19
3310 14 7 8
3434 14 8 87
4808 14 8 78
5630 14 8 69
1623 14 8 63
5568 14 8 55
2326 14 8 46
3582 14 8 37
2681 14 8 29
256 14 8 20
1250 14 8 8
1473 14 9 87
4464 14 9 78
2436 14 9 69
1164 14 9 63
5456 14 9 55
1312 14 9 46
2595 14 9 37
2083 14 9 29
121 14 9 20
989 14 9 8
1323 14 10 87
3567 14 10 78
1845 14 10 69
5427 14 10 62
4720 14 10 55
3925 14 10 45
2267 14 10 37
3414 14 10 28
83 14 10 19
2092 14 10 8
5300 14 11 86
1044 14 11 80
4474 14 11 71
860 14 11 64
1597 14 11 56
3676 14 11 43
2666 14 11 33
5098 14 11 24
2550 14 11 17
1903 14 11 9
4888 14 12 86
548 14 12 80
3544 14 12 71
655 14 12 64
1899 14 12 55
2496 14 12 45
1907 14 12 37
3002 14 12 28
4967 14 12 18
1632 14 12 9
2551 14 14 85
4069 14 14 76
2140 14 14 65
752 14 14 56
1631 14 14 43
5555 14 14 32
4126 14 14 19
973 14 14 8
4666 14 16 84
2989 14 16 74
1697 14 16 65
5520 14 16 55
4396 14 16 44
2705 14 16 34
4721 14 16 25
5181 14 16 16
5329 14 16 5
852 14 17 84
2020 14 17 74
5266 14 17 64
1469 14 17 55
2017 14 17 44
2409 14 17 34
4186 14 17 25
4775 14 17 16
859 14 17 5
680 14 18 84
946 14 18 74
5093 14 18 64
279 14 18 55
1711 14 18 44
2279 14 18 34
3281 14 18 25
1133 14 18 16
335 14 18 5
4968 14 19 82
4113 14 19 74
3557 14 19 64
1829 14 19 54
5276 14 19 46
1652 14 19 37
2305 14 19 28
3541 14 19 18
1596 14 19 9
4453 15 1 82
543 15 1 74
2610 15 1 64
1658 15 1 54
2202 15 1 46
5308 15 1 36
4577 15 1 25
368 15 1 16
2961 15 1 4
702 15 14 82
16 15 14 74
2215 15 14 64
5207 15 14 53
3364 15 14 45
726 15 14 37
1237 15 14 28
609 15 14 18
4594 15 14 8
4604 16 1 81
4642 16 1 71
2219 16 1 63
5176 16 1 55
3637 16 1 43
4973 16 1 32
3904 16 1 19
5587 16 1 7
3773 16 2 81
1955 16 2 71
5020 16 2 62
4440 16 2 55
1922 16 2 43
2126 16 2 32
962 16 2 19
544 16 2 7
3753 16 3 81
1905 16 3 71
3711 16 3 62
3978 16 3 55
1487 16 3 43
700 16 3 32
282 16 3 19
5324 16 3 6
3351 16 4 81
1003 16 4 71
3566 16 4 62
3309 16 4 55
3717 16 4 42
4847 16 4 35
675 16 4 29
5230 16 4 19
4595 16 4 6
17 16 5 81
32 16 5 71
3349 16 5 62
2470 16 5 55
3696 16 5 42
4513 16 5 35
5043 16 5 28
4992 16 5 17
1297 16 5 9
5436 16 6 79
773 16 6 70
469 16 6 57
463 16 6 49
565 16 6 40
3458 16 6 31
4398 16 6 20
427 16 6 8
4036 16 7 79
647 16 7 70
216 16 7 57
5361 16 7 48
1229 16 7 37
595 16 7 28
2191 16 7 17
1211 16 7 9
399 16 8 78
1541 16 8 69
5084 16 8 62
1341 16 8 55
332 16 8 42
4430 16 8 35
4332 16 8 28
1304 16 8 17
1154 16 8 9
4636 16 9 77
5441 16 9 69
3262 16 9 62
506 16 9 55
4511 16 9 41
3202 16 9 32
1947 16 9 18
3866 16 9 8
5223 16 10 75
5342 16 10 64
2654 16 10 53
2977 16 10 45
4979 16 10 36
4535 16 10 25
2919 16 10 15
2539 16 10 7
1735 16 11 73
3741 16 11 65
4435 16 11 55
228 16 11 41
2789 16 11 32
4875 16 11 17
4620 16 11 8
1313 16 12 68
1818 16 12 59
111 16 12 48
728 16 12 37
286 16 12 28
5272 16 12 16
1576 16 12 4
5517 16 14 65
2835 16 14 55
4856 16 14 40
3408 16 14 31
3995 16 14 20
5269 16 14 7
3815 16 15 64
2369 16 15 53
1820 16 15 45
4919 16 15 36
4489 16 15 25
152 16 15 15
2516 16 15 7
2230 16 16 1
2993 16 17 93
2058 16 17 84
886 16 17 73
1496 16 17 65
1130 16 17 55
458 16 17 40
3123 16 17 31
3385 16 17 20
4124 16 17 7
2960 16 18 93
1636 16 18 84
63 16 18 73
160 16 18 65
777 16 18 55
4387 16 18 39
2645 16 18 32
3678 16 18 17
68 16 18 8
5526 16 19 92
2330 16 19 83
3749 16 19 74
832 16 19 64
1153 16 19 52
894 16 19 45
4678 16 19 36
1648 16 19 25
4395 16 19 14
4169 16 19 2
2534 17 1 92
895 17 1 83
3271 17 1 73
3143 17 1 64
403 17 1 52
5358 17 1 44
1248 17 1 33
3745 17 1 24
2486 17 1 17
4714 17 1 7
2220 17 2 92
4837 17 2 82
4414 17 2 73
3207 17 2 63
4152 17 2 55
3916 17 2 39
2565 17 2 32
2676 17 2 17
4044 17 2 7
1286 17 3 92
2709 17 3 82
2458 17 3 73
2979 17 3 63
4052 17 3 55
3725 17 3 39
1233 17 3 32
5251 17 3 14
3565 17 3 2
174 17 4 92
1296 17 4 82
1362 17 4 73
4747 17 4 62
4562 17 4 54
4167 17 4 45
1567 17 4 36
1042 17 4 25
3621 17 4 14
937 17 4 2
3691 17 5 91
3697 17 5 85
3690 17 5 76
974 17 5 65
442 17 5 55
3265 17 5 39
1216 17 5 32
4316 17 5 14
33 17 5 2
1432 17 6 91
3410 17 6 85
1997 17 6 76
850 17 6 65
4578 17 6 54
3809 17 6 45
1204 17 6 36
881 17 6 25
2248 17 6 14
3549 17 6 1
844 17 7 91
1173 17 7 85
4376 17 7 75
4732 17 7 64
4485 17 7 51
4983 17 7 42
4217 17 7 35
4000 17 7 28
1868 17 7 16
3159 17 7 3
3918 17 8 90
4290 17 8 79
5535 17 8 69
2685 17 8 62
2558 17 8 54
2624 17 8 45
864 17 8 36
5186 17 8 24
1263 17 8 17
5317 17 8 6
2938 17 9 90
3464 17 9 79
4985 17 9 69
2586 17 9 62
2464 17 9 54
1544 17 9 45
5513 17 9 35
2806 17 9 28
1633 17 9 16
879 17 9 3
1415 17 10 90
2731 17 10 79
4597 17 10 69
2192 17 10 62
1547 17 10 54
483 17 10 45
4807 17 10 35
2759 17 10 28
224 17 10 16
3639 17 10 2
4585 17 11 89
169 17 11 81
1957 17 11 70
3649 17 11 56
1601 17 11 43
342 17 11 32
711 17 11 14
2888 17 11 1
4546 17 12 89
23 17 12 81
1873 17 12 70
2599 17 12 56
360 17 12 43
90 17 12 32
4852 17 12 13
2971 17 12 3
4196 17 14 89
4545 17 14 80
4411 17 14 70
2241 17 14 55
1681 17 14 39
25 17 14 32
979 17 14 13
5652 17 14 2
3613 17 15 89
3738 17 15 80
2872 17 15 70
5510 17 15 54
5494 17 15 44
2328 17 15 32
2446 17 15 12
4765 17 15 3
3135 17 16 89
3253 17 16 80
874 17 16 70
3841 17 16 54
3239 17 16 44
2041 17 16 32
5418 17 16 11
2821 17 17 89
2407 17 17 80
838 17 17 70
1149 17 17 54
1293 17 17 44
1964 17 17 32
4258 17 17 11
2306 17 18 89
707 17 18 80
3574 17 18 69
5220 17 18 61
3489 17 18 53
1532 17 18 45
4761 17 18 35
2462 17 18 28
2907 17 18 15
5353 17 18 6
1534 17 19 89
246 17 19 80
1083 17 19 69
4096 17 19 61
3460 17 19 53
1159 17 19 45
1402 17 19 35
1381 17 19 28
2855 17 19 15
4948 17 19 6
50 19 0 89
2077 19 0 79
4490 19 0 69
4039 19 0 61
3291 19 0 53
1018 19 0 45
4454 19 0 34
3154 19 0 25
2173 19 0 14
1580 19 0 2
5255 19 1 88
3199 19 1 80
219 19 1 69
2291 19 1 61
2822 19 1 53
426 19 1 45
3175 19 1 34
2581 19 1 25
1939 19 1 14
916 19 1 2
3055 19 2 87
2881 19 2 78
1170 19 2 69
1814 19 2 61
2182 19 2 53
3378 19 2 44
1047 19 2 32
534 19 2 11
2877 19 3 87
2820 19 3 78
1116 19 3 69
1743 19 3 61
1404 19 3 53
1385 19 3 44
851 19 3 32
46 19 3 11
2729 19 4 87
20 19 4 78
1041 19 4 69
1119 19 4 61
625 19 4 53
4385 19 4 43
5642 19 4 31
1142 19 4 20
3870 19 4 7
1328 19 5 87
5238 19 5 77
4725 19 5 69
959 19 5 61
58 19 5 53
3752 19 5 43
4329 19 5 31
2524 19 5 19
3952 19 5 6
5413 19 6 86
4904 19 6 79
5573 19 6 68
691 19 6 58
1393 19 6 48
4633 19 6 36
5120 19 6 24
3869 19 6 16
3063 19 6 2
5210 19 7 86
3258 19 7 79
5033 19 7 68
658 19 7 58
848 19 7 48
3791 19 7 36
4966 19 7 24
3444 19 7 16
1981 19 7 2
4317 19 8 86
3103 19 8 79
1499 19 8 68
462 19 8 58
5171 19 8 47
1531 19 8 39
3947 19 8 31
835 19 8 19
2974 19 8 6
2377 19 9 86
2682 19 9 79
5525 19 9 67
21 19 9 55
683 19 9 39
93 19 9 31
4555 19 9 18
2556 19 9 8
2064 19 10 86
1611 19 10 79
758 19 10 67
5470 19 10 53
150 19 10 43
4225 19 10 31
3893 19 10 18
3704 19 10 7
2028 19 11 86
1564 19 11 79
515 19 11 67
4038 19 11 53
77 19 11 43
2153 19 11 31
3405 19 11 18
2222 19 11 7
238 19 12 86
484 19 12 79
278 19 12 67
4534 19 12 52
4302 19 12 44
816 19 12 32
4692 19 12 10
1979 19 13 85
4201 19 13 75
582 19 13 64
2134 19 13 51
3381 19 13 42
3943 19 13 35
293 19 13 28
896 19 13 15
1625 19 13 6
560 19 14 85
3937 19 14 75
526 19 14 64
176 19 14 51
2832 19 14 42
3368 19 14 35
5585 19 14 27
3787 19 14 17
4085 19 14 6
414 19 15 85
3122 19 15 75
3644 19 15 63
161 19 15 55
5497 19 15 37
4448 19 15 27
3369 19 15 17
2235 19 15 6
3603 19 16 84
4571 19 16 72
5319 19 16 59
1929 19 16 47
5640 19 16 38
3782 19 16 26
108 19 16 16
4304 19 16 1
559 19 17 83
2355 19 17 73
3218 19 17 62
5443 19 17 53
5588 19 17 42
2044 19 17 35
5514 19 17 27
2249 19 17 17
2001 19 17 6
4826 19 18 82
812 19 18 73
1279 19 18 62
3591 19 18 53
4458 19 18 42
1397 19 18 35
3646 19 18 27
1440 19 18 17
1720 19 18 6
4598 19 19 82
423 19 19 73
4006 19 19 61
5271 19 19 52
3886 19 19 44
616 19 19 32
2564 19 19 9
