2347
2909 0 0 97
2914 0 0 94
2587 0 0 92
2102 0 0 87
1935 0 0 85
1819 0 0 83
2839 0 0 80
2357 0 0 78
1630 0 0 75
3599 0 0 73
3469 0 0 70
888 0 0 67
933 0 0 64
3317 0 0 61
3841 0 0 57
1081 0 0 54
115 0 0 52
1826 0 0 48
3352 0 0 44
3545 0 0 41
1626 0 0 38
2110 0 0 35
728 0 0 33
3573 0 0 30
3609 0 0 28
2929 0 0 24
3236 0 0 21
2145 0 0 19
3582 0 0 17
2091 0 0 15
3030 0 0 11
2157 0 0 9
3600 0 0 5
1335 0 0 3
3301 0 0 1
1608 0 1 97
3765 0 1 93
1476 0 1 90
866 0 1 86
2645 0 1 84
3028 0 1 80
3511 0 1 77
1960 0 1 73
415 0 1 69
1654 0 1 67
2966 0 1 63
2433 0 1 60
730 0 1 57
875 0 1 54
3491 0 1 50
3507 0 1 47
3741 0 1 44
2987 0 1 39
1277 0 1 36
2205 0 1 31
3360 0 1 28
2038 0 1 24
2117 0 1 21
1587 0 1 18
363 0 1 15
1698 0 1 11
1948 0 1 8
3408 0 1 5
2240 0 1 2
1570 0 2 97
2514 0 2 93
906 0 2 89
606 0 2 85
641 0 2 82
3231 0 2 78
1548 0 2 75
2293 0 2 73
2866 0 2 68
3264 0 2 64
3410 0 2 60
3503 0 2 56
900 0 2 54
2625 0 2 50
1828 0 2 47
3296 0 2 44
803 0 2 39
622 0 2 36
1692 0 2 31
3461 0 2 27
269 0 2 25
1541 0 2 22
1620 0 2 20
1940 0 2 17
3239 0 2 13
3429 0 2 11
563 0 2 8
419 0 2 5
1923 0 2 2
915 0 3 97
3754 0 3 92
1773 0 3 86
2316 0 3 82
2257 0 3 78
338 0 3 75
1894 0 3 72
1568 0 3 69
1128 0 3 67
1974 0 3 63
1927 0 3 60
801 0 3 56
3348 0 3 53
2202 0 3 50
1624 0 3 46
3012 0 3 43
2290 0 3 40
1799 0 3 37
808 0 3 35
1297 0 3 32
1172 0 3 28
3453 0 3 23
1623 0 3 21
3216 0 3 17
2771 0 3 13
1268 0 3 11
1274 0 3 7
334 0 3 5
3339 0 3 1
170 0 4 97
3058 0 4 92
1370 0 4 86
3583 0 4 81
3256 0 4 79
1406 0 4 76
1976 0 4 74
3725 0 4 70
2811 0 4 66
1770 0 4 63
1878 0 4 60
3755 0 4 55
3025 0 4 52
2753 0 4 47
2630 0 4 43
65 0 4 40
2109 0 4 36
267 0 4 31
610 0 4 27
1000 0 4 24
2385 0 4 20
2272 0 4 16
3674 0 4 11
3797 0 4 6
2853 0 4 2
3726 0 5 96
2525 0 5 94
2774 0 5 90
2289 0 5 85
3120 0 5 81
3378 0 5 78
3861 0 5 73
2603 0 5 68
2798 0 5 64
2792 0 5 60
2826 0 5 55
2547 0 5 51
1044 0 5 49
1665 0 5 46
2979 0 5 43
2011 0 5 39
1367 0 5 35
2833 0 5 31
2374 0 5 26
2669 0 5 24
586 0 5 20
277 0 5 16
3347 0 5 11
2204 0 5 6
2594 0 5 2
3522 0 6 96
2074 0 6 92
2362 0 6 85
590 0 6 81
2773 0 6 77
1007 0 6 73
2167 0 6 68
2099 0 6 64
1563 0 6 60
2590 0 6 55
1728 0 6 51
154 0 6 48
1778 0 6 43
3386 0 6 38
1122 0 6 35
2596 0 6 31
2169 0 6 26
2646 0 6 23
842 0 6 21
3776 0 6 15
1034 0 6 11
838 0 6 6
3465 0 6 1
3356 0 7 96
1121 0 7 92
102 0 7 85
188 0 7 80
1413 0 7 77
1504 0 7 72
2754 0 7 68
3584 0 7 63
279 0 7 60
3791 0 7 54
1074 0 7 50
3748 0 7 45
1287 0 7 42
2595 0 7 38
3134 0 7 34
2188 0 7 31
1363 0 7 26
3346 0 7 22
978 0 7 19
568 0 7 17
2735 0 7 13
2403 0 7 10
2543 0 7 6
2764 0 7 1
2741 0 8 96
3302 0 8 91
3303 0 8 89
3837 0 8 84
2842 0 8 80
3096 0 8 76
1215 0 8 74
2175 0 8 70
1944 0 8 65
483 0 8 62
46 0 8 59
618 0 8 57
784 0 8 53
3312 0 8 49
1475 0 8 45
2379 0 8 41
2924 0 8 37
2026 0 8 34
3200 0 8 29
840 0 8 26
2615 0 8 22
886 0 8 19
3663 0 8 16
1016 0 8 11
34 0 8 6
2424 0 8 1
2492 0 9 96
1180 0 9 91
3327 0 9 88
3404 0 9 84
1385 0 9 80
2389 0 9 76
3552 0 9 73
2014 0 9 68
1437 0 9 63
1642 0 9 59
1487 0 9 56
2504 0 9 52
2210 0 9 47
1008 0 9 43
1726 0 9 37
1589 0 9 34
2337 0 9 29
2519 0 9 25
1523 0 9 21
2917 0 9 15
2251 0 9 10
987 0 9 6
1017 0 9 1
1360 0 10 96
1552 0 10 90
1329 0 10 85
3667 0 10 79
548 0 10 76
1622 0 10 72
2335 0 10 68
1241 0 10 63
1440 0 10 59
2263 0 10 54
320 0 10 49
1414 0 10 45
2237 0 10 41
2427 0 10 37
1920 0 10 33
395 0 10 30
1483 0 10 28
3381 0 10 23
1526 0 10 19
251 0 10 16
1151 0 10 10
1272 0 10 5
1852 0 10 1
3849 0 11 95
3243 0 11 91
1240 0 11 88
3370 0 11 84
306 0 11 80
2127 0 11 76
1391 0 11 72
3152 0 11 67
1443 0 11 63
721 0 11 59
2057 0 11 54
253 0 11 49
1135 0 11 45
1695 0 11 41
2092 0 11 37
3170 0 11 32
1032 0 11 28
3281 0 11 23
3420 0 11 18
3198 0 11 14
3585 0 11 11
3085 0 11 5
921 0 11 1
2435 0 12 95
1988 0 12 91
1999 0 12 86
3205 0 12 81
833 0 12 77
525 0 12 72
2920 0 12 67
1119 0 12 63
3706 0 12 58
378 0 12 55
1494 0 12 51
2893 0 12 47
2730 0 12 42
93 0 12 38
146 0 12 34
3364 0 12 28
3269 0 12 23
2154 0 12 18
1480 0 12 14
1094 0 12 11
2722 0 12 5
2640 0 12 1
1699 0 13 95
1161 0 13 91
822 0 13 86
2444 0 13 81
350 0 13 77
1384 0 13 71
783 0 13 68
3767 0 13 62
3291 0 13 58
126 0 13 55
510 0 13 51
1749 0 13 47
2088 0 13 42
1446 0 13 37
3116 0 13 32
3449 0 13 27
2282 0 13 23
67 0 13 18
982 0 13 14
2708 0 13 8
2152 0 13 4
827 0 14 95
3785 0 14 90
651 0 14 85
3466 0 14 79
3641 0 14 75
3422 0 14 71
1693 0 14 66
1629 0 14 63
2193 0 14 58
273 0 14 54
2315 0 14 48
1285 0 14 43
1026 0 14 37
3083 0 14 32
2410 0 14 27
2031 0 14 23
3508 0 14 17
719 0 14 13
2230 0 14 10
3392 0 14 4
2322 0 15 94
1825 0 15 90
3097 0 15 83
2872 0 15 79
856 0 15 75
3013 0 15 70
182 0 15 65
373 0 15 62
2172 0 15 58
3259 0 15 53
2192 0 15 48
1186 0 15 43
127 0 15 37
1250 0 15 32
3298 0 15 26
1402 0 15 22
2888 0 15 18
2078 0 15 13
611 0 15 10
3669 0 15 3
2203 0 16 94
3642 0 16 89
1021 0 16 84
2294 0 16 79
472 0 16 75
2908 0 16 70
2027 0 16 64
2844 0 16 59
2447 0 16 52
371 0 16 47
1472 0 16 42
1258 0 16 37
546 0 16 32
2879 0 16 26
105 0 16 21
503 0 16 15
1842 0 16 10
3760 0 16 2
1152 0 17 94
3011 0 17 89
520 0 17 84
1756 0 17 79
2693 0 17 74
3276 0 17 69
454 0 17 66
3224 0 17 62
401 0 17 58
2393 0 17 53
1064 0 17 48
178 0 17 43
3271 0 17 36
152 0 17 31
1006 0 17 26
3136 0 17 19
1705 0 17 15
1515 0 17 10
2528 0 17 2
1085 0 18 94
2881 0 18 89
2227 0 18 83
429 0 18 79
692 0 18 74
2611 0 18 69
3267 0 18 65
2052 0 18 60
2712 0 18 54
1997 0 18 48
3798 0 18 42
1225 0 18 37
426 0 18 32
2731 0 18 26
3111 0 18 19
2226 0 18 14
2512 0 18 8
1105 0 18 4
3101 0 19 93
459 0 19 89
1362 0 19 83
3194 0 19 78
1003 0 19 73
2820 0 19 67
3399 0 19 62
3357 0 19 57
138 0 19 53
3313 0 19 47
464 0 19 42
2674 0 19 36
2719 0 19 29
562 0 19 25
3126 0 19 20
2199 0 19 15
1229 0 19 10
1022 0 19 2
2601 2 0 93
3569 2 0 88
3306 2 0 84
1502 2 0 79
3118 2 0 73
2414 2 0 67
500 2 0 62
2589 2 0 57
3472 2 0 51
1216 2 0 47
3443 2 0 41
482 2 0 37
139 2 0 32
443 2 0 26
3022 2 0 19
1036 2 0 14
1104 2 0 8
2382 2 0 3
1787 2 2 93
3572 2 2 87
2797 2 2 84
1132 2 2 79
2044 2 2 73
601 2 2 67
156 2 2 62
541 2 2 57
172 2 2 51
3664 2 2 46
3717 2 2 42
275 2 2 36
2054 2 2 29
174 2 2 25
2990 2 2 20
1252 2 2 15
3830 2 2 9
2989 2 2 5
407 2 4 93
2459 2 4 87
3319 2 4 83
2352 2 4 78
3773 2 4 72
922 2 4 67
2181 2 4 61
2940 2 4 57
3148 2 4 50
3555 2 4 45
2957 2 4 40
1736 2 4 36
2269 2 4 28
686 2 4 23
3066 2 4 17
3048 2 4 12
2634 2 4 8
1722 2 4 3
3745 2 6 92
3218 2 6 84
3563 2 6 78
1874 2 6 72
649 2 6 67
1327 2 6 61
2120 2 6 55
249 2 6 51
2648 2 6 46
2301 2 6 40
480 2 6 36
1591 2 6 28
2787 2 6 22
3556 2 6 17
2880 2 6 12
2567 2 6 8
1138 2 6 3
1310 2 8 92
229 2 8 84
3481 2 8 78
3158 2 8 71
768 2 8 66
1397 2 8 62
3570 2 8 56
1936 2 8 52
349 2 8 47
2576 2 8 41
3601 2 8 36
20 2 8 28
657 2 8 22
2751 2 8 17
362 2 8 12
3783 2 8 7
1495 2 8 4
377 2 12 92
2501 2 12 83
1875 2 12 78
2523 2 12 71
681 2 12 66
930 2 12 62
544 2 12 56
836 2 12 52
1902 2 12 46
1383 2 12 40
3722 2 12 35
1841 2 12 31
879 2 12 26
2705 2 12 19
226 2 12 14
555 2 12 8
707 2 12 3
1834 2 13 91
3277 2 13 85
1915 2 13 79
1110 2 13 73
1067 2 13 66
2840 2 13 61
2024 2 13 55
3586 2 13 50
2878 2 13 45
2836 2 13 39
540 2 13 35
1018 2 13 31
353 2 13 26
2425 2 13 19
3506 2 13 13
45 2 13 10
280 2 13 2
1209 2 15 91
3166 2 15 85
1474 2 15 79
3730 2 15 72
181 2 15 67
3305 2 15 59
2012 2 15 52
1718 2 15 46
2933 2 15 39
3257 2 15 34
1660 2 15 28
70 2 15 22
3713 2 15 16
1011 2 15 10
2187 2 15 1
293 2 17 91
2661 2 17 84
3238 2 17 78
1582 2 17 71
155 2 17 66
2658 2 17 61
1281 2 17 54
1981 2 17 48
2626 2 17 42
2159 2 17 35
953 2 17 31
3476 2 17 25
2592 2 17 20
989 2 17 15
1596 2 17 9
2942 2 17 5
3484 2 19 90
850 2 19 83
1505 2 19 78
849 2 19 71
3490 2 19 64
2128 2 19 59
498 2 19 52
1536 2 19 46
2694 2 19 39
2981 2 19 34
453 2 19 28
2715 2 19 21
3621 2 19 14
209 2 19 8
1945 2 19 2
795 3 0 90
325 3 0 83
2862 3 0 77
1219 3 0 71
3336 3 0 64
1412 3 0 59
3544 3 0 51
2822 3 0 45
2350 3 0 39
79 3 0 34
1453 3 0 27
1967 3 0 23
2867 3 0 17
2835 3 0 11
214 3 0 5
36 3 2 90
1947 3 2 82
2252 3 2 77
2035 3 2 70
1316 3 2 64
666 3 2 59
98 3 2 51
2697 3 2 45
1985 3 2 39
3021 3 2 33
3659 3 2 29
2235 3 2 24
2048 3 2 19
2384 3 2 13
3801 3 2 8
594 3 2 2
3557 3 4 89
141 3 4 83
656 3 4 77
1249 3 4 70
3438 3 4 63
295 3 4 58
2111 3 4 53
1071 3 4 47
1644 3 4 41
3137 3 4 36
3845 3 4 27
1352 3 4 23
2213 3 4 17
2331 3 4 11
50 3 4 5
3478 3 6 89
2552 3 6 82
1547 3 6 77
2383 3 6 69
2155 3 6 64
417 3 6 59
3690 3 6 50
2268 3 6 45
595 3 6 39
3539 3 6 32
3320 3 6 25
2490 3 6 20
929 3 6 15
528 3 6 9
2936 3 6 5
2182 3 8 89
1971 3 8 82
3290 3 8 76
493 3 8 72
1324 3 8 66
1853 3 8 61
3533 3 8 53
342 3 8 47
702 3 8 41
923 3 8 36
3262 3 8 27
3387 3 8 22
2358 3 8 16
3005 3 8 9
1179 3 8 5
756 3 10 89
1393 3 10 82
3020 3 10 76
1114 3 10 71
2448 3 10 64
345 3 10 59
2150 3 10 50
1741 3 10 45
1800 3 10 38
3695 3 10 33
3612 3 10 29
1382 3 10 24
1667 3 10 19
1465 3 10 13
2123 3 10 8
1798 3 10 1
1783 3 11 88
3115 3 11 84
1248 3 11 78
2876 3 11 70
435 3 11 63
3831 3 11 57
2805 3 11 50
3514 3 11 44
2218 3 11 38
3558 3 11 33
2877 3 11 29
3498 3 11 23
1491 3 11 16
2711 3 11 9
1772 3 11 4
2431 3 12 87
136 3 12 83
3515 3 12 76
3694 3 12 70
163 3 12 63
217 3 12 57
3043 3 12 49
2627 3 12 44
3086 3 12 37
2804 3 12 31
3280 3 12 24
3604 3 12 18
1640 3 12 13
1876 3 12 8
755 3 12 1
1869 3 13 87
2095 3 13 82
2067 3 13 76
1792 3 13 70
2572 3 13 62
2426 3 13 55
1711 3 13 50
891 3 13 44
1508 3 13 37
1939 3 13 31
2536 3 13 24
3534 3 13 18
609 3 13 13
835 3 13 8
3234 3 13 3
561 3 15 87
1518 3 15 82
2134 3 15 75
2752 3 15 70
1108 3 15 62
1934 3 15 55
1199 3 15 50
3146 3 15 43
3168 3 15 36
2068 3 15 27
3324 3 15 22
2238 3 15 16
2443 3 15 9
1680 3 15 4
1656 3 17 86
1892 3 17 81
3483 3 17 76
1535 3 17 70
72 3 17 62
1334 3 17 55
1191 3 17 50
3036 3 17 43
2453 3 17 36
1066 3 17 27
2642 3 17 22
1975 3 17 16
1207 3 17 9
234 3 17 4
2619 3 19 85
2018 3 19 78
706 3 19 70
3715 3 19 61
3143 3 19 53
149 3 19 47
3366 3 19 40
2394 3 19 35
895 3 19 31
984 3 19 24
431 3 19 17
3793 3 19 10
303 3 19 1
3622 4 0 83
2856 4 0 76
1340 4 0 70
1107 4 0 61
2452 4 0 53
2485 4 0 46
2270 4 0 39
2497 4 0 32
2720 4 0 25
1890 4 0 20
304 4 0 15
3790 4 0 8
3179 4 0 3
2938 4 2 83
3265 4 2 74
773 4 2 69
733 4 2 64
2605 4 2 58
3282 4 2 52
135 4 2 46
1830 4 2 39
2387 4 2 32
2037 4 2 25
1490 4 2 20
3103 4 2 14
3819 4 2 7
752 4 2 3
2022 4 4 82
1588 4 4 75
2660 4 4 70
660 4 4 61
1650 4 4 53
2338 4 4 46
1821 4 4 39
939 4 4 32
765 4 4 25
1149 4 4 20
869 4 4 14
3272 4 4 7
2555 4 4 2
2728 4 6 79
3176 4 6 72
845 4 6 66
587 4 6 61
88 4 6 53
1846 4 6 46
1270 4 6 39
723 4 6 32
2077 4 6 24
2606 4 6 16
100 4 6 9
3332 4 6 3
3685 4 8 75
1059 4 8 70
602 4 8 61
837 4 8 52
57 4 8 46
819 4 8 39
18 4 8 32
1823 4 8 24
1742 4 8 16
3714 4 8 8
2008 4 8 2
1238 4 9 59
2087 4 9 50
2149 4 9 43
3753 4 9 35
22 4 9 31
643 4 9 24
1344 4 9 16
3441 4 9 8
1989 4 9 2
3119 4 10 96
1471 4 10 90
1550 4 10 82
3770 4 10 74
1197 4 10 68
1662 4 10 62
1266 4 10 55
771 4 10 50
1911 4 10 43
2000 4 10 35
3045 4 10 30
1061 4 10 27
1614 4 10 22
1886 4 10 15
3393 4 10 8
1080 4 10 1
2649 4 11 96
905 4 11 90
1185 4 11 82
2755 4 11 74
2854 4 11 66
1433 4 11 60
1801 4 11 54
1849 4 11 48
2130 4 11 42
1758 4 11 35
2761 4 11 30
3007 4 11 26
1126 4 11 19
3054 4 11 12
2999 4 11 7
904 4 11 1
1079 4 17 96
479 4 17 90
804 4 17 82
2638 4 17 74
1763 4 17 66
389 4 17 60
960 4 17 54
1247 4 17 48
1038 4 17 42
1489 4 17 35
1599 4 17 30
3456 4 17 25
3516 4 17 19
1014 4 17 12
1593 4 17 7
151 4 17 1
861 4 19 96
3627 4 19 88
394 4 19 84
3162 4 19 77
3838 4 19 68
2032 4 19 61
85 4 19 52
3781 4 19 45
137 4 19 38
3524 4 19 33
3825 4 19 28
1353 4 19 21
1991 4 19 14
2551 4 19 7
742 5 0 96
2324 5 0 88
3683 5 0 82
671 5 0 74
2300 5 0 65
1192 5 0 60
255 5 0 54
418 5 0 48
3493 5 0 41
530 5 0 36
854 5 0 27
1562 5 0 22
689 5 0 15
1724 5 0 8
3175 5 1 95
3759 5 1 90
1224 5 1 81
2600 5 1 76
2992 5 1 69
604 5 1 64
2209 5 1 58
2733 5 1 52
3121 5 1 45
3736 5 1 37
944 5 1 31
3497 5 1 23
1451 5 1 16
1555 5 1 8
2998 5 2 95
3728 5 2 90
3716 5 2 80
729 5 2 76
2799 5 2 69
10 5 2 64
829 5 2 58
2241 5 2 52
2408 5 2 45
1992 5 2 37
1898 5 2 30
3488 5 2 24
1328 5 2 16
1263 5 2 8
502 5 4 95
3233 5 4 90
3547 5 4 80
241 5 4 76
2422 5 4 69
3228 5 4 63
111 5 4 57
1545 5 4 49
3251 5 4 43
3350 5 4 34
882 5 4 27
991 5 4 22
3018 5 4 14
2025 5 4 7
2692 5 16 93
1954 5 16 87
1448 5 16 82
1973 5 16 73
2571 5 16 64
428 5 16 58
685 5 16 52
665 5 16 45
1690 5 16 37
147 5 16 30
515 5 16 24
2838 5 16 15
640 5 16 8
1350 6 2 93
1716 6 2 87
31 6 2 82
1456 6 2 73
2195 6 2 64
21 6 2 58
664 6 2 52
811 6 2 44
844 6 2 37
2511 6 2 29
636 6 2 23
1357 6 2 16
1045 6 2 8
517 6 4 93
3444 6 4 86
1301 6 4 81
2472 6 4 76
1323 6 4 69
2988 6 4 63
1769 6 4 56
384 6 4 52
2470 6 4 43
3528 6 4 33
3679 6 4 28
301 6 4 21
1177 6 4 14
1077 6 4 7
2538 6 9 92
2817 6 9 82
223 6 9 73
3733 6 9 63
1704 6 9 56
3731 6 9 51
1856 6 9 45
749 6 9 37
1410 6 9 29
2283 6 9 22
1962 6 9 14
3520 6 9 6
1687 6 10 92
2034 6 10 82
1319 6 10 72
868 6 10 65
1093 6 10 60
89 6 10 54
368 6 10 48
1073 6 10 41
3135 6 10 35
899 6 10 30
3223 6 10 23
940 6 10 16
635 6 10 8
262 6 11 92
860 6 11 82
74 6 11 72
531 6 11 65
2527 6 11 58
101 6 11 52
1290 6 11 43
3494 6 11 33
114 6 11 28
3703 6 11 20
613 6 11 13
3823 6 11 7
186 6 12 92
1637 6 12 81
2121 6 12 76
1312 6 12 69
2809 6 12 63
3615 6 12 55
210 6 12 50
3174 6 12 41
2381 6 12 35
47 6 12 30
2610 6 12 23
441 6 12 16
576 6 12 8
3850 6 14 91
2304 6 14 84
1583 6 14 77
1485 6 14 68
824 6 14 61
1771 6 14 51
747 6 14 45
726 6 14 37
1633 6 14 28
3541 6 14 20
486 6 14 13
3712 6 14 6
2464 6 15 91
104 6 15 84
720 6 15 77
476 6 15 68
3518 6 15 60
2701 6 15 53
1389 6 15 46
3003 6 15 38
3439 6 15 32
980 6 15 24
1906 6 15 15
3026 6 15 7
411 6 16 91
3416 6 16 83
2690 6 16 74
2197 6 16 65
2502 6 16 58
58 6 16 52
3648 6 16 42
1233 6 16 35
3742 6 16 29
713 6 16 22
1938 6 16 14
2206 6 16 6
3415 6 18 90
2919 6 18 80
13 6 18 76
1127 6 18 69
2198 6 18 63
3538 6 18 55
3686 6 18 49
2580 6 18 43
2328 6 18 33
3758 6 18 27
738 6 18 22
1434 6 18 14
3603 6 18 5
3335 6 19 90
2219 6 19 80
3772 6 19 75
972 6 19 70
2973 6 19 60
2313 6 19 53
3587 6 19 45
153 6 19 37
3661 6 19 27
2617 6 19 21
3605 6 19 13
763 6 19 6
2868 7 0 90
1836 7 0 79
2050 7 0 72
442 7 0 65
2347 7 0 58
2673 7 0 51
2882 7 0 44
648 7 0 37
1832 7 0 27
949 7 0 21
2029 7 0 13
336 7 0 6
2377 7 4 90
1720 7 4 79
688 7 4 72
185 7 4 65
1735 7 4 58
557 7 4 51
2724 7 4 44
205 7 4 37
1715 7 4 27
455 7 4 21
2020 7 4 13
2553 7 4 5
2122 7 6 90
878 7 6 79
452 7 6 72
2870 7 6 64
3397 7 6 57
715 7 6 49
1140 7 6 43
2138 7 6 33
3062 7 6 27
317 7 6 20
3851 7 6 12
2082 7 6 6
1154 7 7 89
779 7 7 82
3738 7 7 71
2139 7 7 64
1559 7 7 57
144 7 7 49
2890 7 7 42
1163 7 7 35
1647 7 7 29
627 7 7 22
3087 7 7 13
2311 7 7 5
880 7 9 89
2253 7 9 81
766 7 9 76
3213 7 9 68
1051 7 9 60
2931 7 9 52
1696 7 9 42
3384 7 9 34
461 7 9 27
1028 7 9 19
710 7 9 12
2080 7 9 6
3279 7 10 88
2837 7 10 82
2631 7 10 71
1430 7 10 64
2494 7 10 56
3061 7 10 51
2274 7 10 44
2769 7 10 36
2298 7 10 26
1058 7 10 19
439 7 10 12
3435 7 10 5
281 7 16 88
2800 7 16 82
2544 7 16 71
1146 7 16 64
714 7 16 56
2687 7 16 51
1732 7 16 44
2340 7 16 36
3610 7 16 25
3193 7 16 19
294 7 16 12
3413 7 16 5
157 7 17 88
1867 7 17 82
2531 7 17 71
246 7 17 64
3132 7 17 55
3270 7 17 49
2415 7 17 42
3181 7 17 34
289 7 17 27
853 7 17 19
3676 7 17 11
1165 7 17 4
3398 7 18 87
3206 7 18 81
3684 7 18 75
175 7 18 70
2899 7 18 60
2818 7 18 52
3789 7 18 41
1990 7 18 35
1368 7 18 29
360 7 18 22
2812 7 18 13
1046 7 18 5
2247 7 19 87
2723 7 19 81
2222 7 19 75
140 7 19 70
2131 7 19 60
2816 7 19 52
3768 7 19 41
1435 7 19 34
2680 7 19 26
1805 7 19 18
121 7 19 13
638 7 19 5
2647 8 0 86
3155 8 0 80
1994 8 0 75
3316 8 0 69
1689 8 0 63
746 8 0 55
1039 8 0 49
150 8 0 42
2376 8 0 34
2140 8 0 26
1184 8 0 18
3499 8 0 12
973 8 0 5
751 8 2 86
2530 8 2 80
1858 8 2 75
423 8 2 69
753 8 2 63
2404 8 2 54
3673 8 2 47
2476 8 2 40
2925 8 2 34
3479 8 2 25
1926 8 2 19
551 8 2 11
1088 8 2 4
3383 8 3 85
477 8 3 78
3310 8 3 69
1256 8 3 62
828 8 3 55
1035 8 3 49
1466 8 3 41
3688 8 3 33
3039 8 3 27
704 8 3 19
549 8 3 11
494 8 3 4
2848 8 4 85
3195 8 4 77
3084 8 4 67
3006 8 4 59
1995 8 4 50
1137 8 4 41
3445 8 4 33
3619 8 4 26
3467 8 4 17
2405 8 4 10
3729 8 4 2
3382 8 5 84
3764 8 5 76
3059 8 5 68
2770 8 5 59
717 8 5 50
412 8 5 41
2223 8 5 33
3241 8 5 26
2618 8 5 17
1775 8 5 10
2745 8 5 2
1701 8 6 84
3732 8 6 76
2097 8 6 68
2100 8 6 59
3486 8 6 49
3190 8 6 40
1527 8 6 34
3373 8 6 25
3543 8 6 18
2468 8 6 12
250 8 6 5
1657 8 7 83
2554 8 7 74
3000 8 7 64
3068 8 7 55
762 8 7 49
1416 8 7 40
1237 8 7 34
3252 8 7 25
2401 8 7 18
2390 8 7 12
159 8 7 5
3529 8 9 82
2148 8 9 71
3681 8 9 63
1810 8 9 54
3388 8 9 47
2006 8 9 40
911 8 9 34
1001 8 9 24
1512 8 9 15
2738 8 9 7
3047 8 10 80
1243 8 10 75
3704 8 10 68
1354 8 10 59
2296 8 10 49
1399 8 10 40
228 8 10 34
37 8 10 24
311 8 10 15
2033 8 10 7
296 8 11 80
2211 8 11 74
1717 8 11 64
2160 8 11 55
3800 8 11 48
108 8 11 41
2055 8 11 33
3122 8 11 26
3149 8 11 16
35 8 11 8
259 8 12 78
3123 8 12 69
3840 8 12 61
1513 8 12 51
1342 8 12 44
1477 8 12 36
2451 8 12 25
2036 8 12 18
3142 8 12 11
2356 8 12 3
1977 8 14 63
1372 8 14 54
2947 8 14 47
1230 8 14 40
3172 8 14 33
1369 8 14 26
3040 8 14 16
3577 8 14 7
639 8 16 94
874 8 16 89
2015 8 16 81
1686 8 16 75
2416 8 16 68
786 8 16 59
1653 8 16 49
1124 8 16 40
1078 8 16 33
125 8 16 26
2365 8 16 16
3531 8 16 7
1306 9 0 93
1739 9 0 85
367 9 0 77
3720 9 0 65
314 9 0 57
2060 9 0 48
2264 9 0 40
607 9 0 33
3812 9 0 25
637 9 0 18
3124 9 0 11
478 9 0 3
456 9 11 93
2885 9 11 84
3192 9 11 76
3707 9 11 67
2807 9 11 59
1639 9 11 49
421 9 11 40
1983 9 11 32
2918 9 11 23
2498 9 11 15
785 9 11 7
3680 9 14 92
1525 9 14 81
2941 9 14 74
354 9 14 64
1917 9 14 55
3031 9 14 48
669 9 14 40
1176 9 14 32
2345 9 14 23
2402 9 14 15
644 9 14 7
2629 9 16 92
444 9 16 81
937 9 16 74
43 9 16 64
1558 9 16 55
2681 9 16 47
3204 9 16 39
3108 9 16 31
1668 9 16 23
176 9 16 15
583 9 16 7
1901 9 18 92
3629 9 18 79
59 9 18 72
2675 9 18 64
1129 9 18 55
2059 9 18 47
2954 9 18 39
2860 9 18 31
2183 9 18 22
1918 9 18 13
1613 9 18 4
1895 9 19 92
3367 9 19 79
3212 9 19 71
3607 9 19 63
132 9 19 54
2292 9 19 47
2212 9 19 39
1815 9 19 31
2790 9 19 21
1812 9 19 13
1314 9 19 4
1703 10 0 92
2318 10 0 79
2951 10 0 71
2841 10 0 63
3355 10 0 53
3492 10 0 45
3254 10 0 36
2372 10 0 25
2983 10 0 17
1700 10 0 10
2043 10 0 2
1123 10 1 92
3391 10 1 78
3526 10 1 68
2946 10 1 58
129 10 1 51
1173 10 1 44
1390 10 1 36
2146 10 1 25
1872 10 1 17
1394 10 1 10
1808 10 1 2
2307 10 2 91
3114 10 2 83
2506 10 2 74
2633 10 2 63
3344 10 2 53
2659 10 2 45
2065 10 2 36
650 10 2 25
513 10 2 17
2395 10 2 9
890 10 2 2
2062 10 3 91
2243 10 3 83
1497 10 3 74
1257 10 3 63
3113 10 3 52
2607 10 3 41
1762 10 3 33
1200 10 3 25
3802 10 3 16
1202 10 3 7
1979 10 6 91
91 10 6 83
1365 10 6 74
2902 10 6 62
767 10 6 55
1294 10 6 47
3230 10 6 38
2995 10 6 32
1534 10 6 23
655 10 6 14
2765 10 6 5
1712 10 7 91
3806 10 7 82
2005 10 7 71
909 10 7 63
1978 10 7 52
1445 10 7 41
1740 10 7 33
918 10 7 25
3447 10 7 16
2417 10 7 6
3044 10 8 90
3451 10 8 78
816 10 8 68
2717 10 8 58
776 10 8 50
1781 10 8 40
3814 10 8 31
1496 10 8 21
1860 10 8 12
2475 10 8 4
1222 10 9 90
3278 10 9 78
708 10 9 68
1188 10 9 58
322 10 9 50
1442 10 9 40
3485 10 9 31
925 10 9 21
1408 10 9 12
1467 10 9 4
1217 10 10 90
2831 10 10 78
683 10 10 68
620 10 10 58
3184 10 10 49
143 10 10 40
588 10 10 31
593 10 10 21
3550 10 10 11
2196 10 10 2
841 10 11 90
3805 10 11 77
3227 10 11 65
2280 10 11 56
1784 10 11 51
1102 10 11 44
1469 10 11 35
695 10 11 29
27 10 11 22
123 10 11 13
3858 10 11 3
485 10 13 90
3051 10 13 77
858 10 13 65
2418 10 13 55
3595 10 13 46
1428 10 13 38
2564 10 13 32
3053 10 13 22
3777 10 13 12
3450 10 13 3
3345 10 14 89
1897 10 14 81
3675 10 14 73
2656 10 14 63
3782 10 14 51
3063 10 14 43
1585 10 14 33
2265 10 14 24
3614 10 14 14
3826 10 14 4
2116 10 19 89
1174 10 19 81
2107 10 19 73
1100 10 19 63
1857 10 19 51
2392 10 19 43
3489 10 19 32
2463 10 19 22
3671 10 19 11
928 10 19 2
1953 11 8 89
326 11 8 81
1969 11 8 73
624 11 8 63
1765 11 8 51
1889 11 8 43
1228 11 8 32
1982 11 8 21
3417 11 8 11
448 11 8 2
1027 11 9 89
56 11 9 81
3014 11 9 72
1908 11 9 64
903 11 9 54
203 11 9 47
1837 11 9 38
2339 11 9 32
364 11 9 21
1549 11 9 11
2545 11 9 1
109 11 10 89
2071 11 10 80
1157 11 10 74
2469 11 10 62
3088 11 10 54
2725 11 10 46
569 11 10 38
1557 11 10 32
894 11 10 20
3240 11 10 12
3318 11 10 3
1539 11 11 88
3829 11 11 81
2604 11 11 72
1671 11 11 63
3421 11 11 50
2762 11 11 39
1004 11 11 31
184 11 11 21
3821 11 11 10
679 11 11 2
1295 11 12 87
2016 11 12 81
225 11 12 72
1213 11 12 63
2053 11 12 50
346 11 12 39
2333 11 12 30
2075 11 12 23
75 11 12 14
1005 11 12 4
2849 11 13 86
2161 11 13 80
207 11 13 74
2342 11 13 62
1488 11 13 54
1628 11 13 46
1721 11 13 37
1761 11 13 26
2163 11 13 16
1420 11 13 6
1600 11 14 86
2069 11 14 80
167 11 14 74
215 11 14 61
623 11 14 51
1347 11 14 43
3532 11 14 30
1793 11 14 23
3842 11 14 12
3041 11 14 3
1111 11 15 86
691 11 15 80
2810 11 15 73
3665 11 15 61
3865 11 15 50
3185 11 15 38
956 11 15 32
709 11 15 20
2777 11 15 11
1288 11 15 1
3275 11 16 85
3856 11 16 76
2859 11 16 67
2081 11 16 59
748 11 16 49
2978 11 16 39
1171 11 16 30
584 11 16 23
1235 11 16 12
1283 11 16 3
2937 11 18 85
2706 11 18 76
589 11 18 67
133 11 18 59
646 11 18 49
2002 11 18 39
204 11 18 30
3475 11 18 22
1862 11 18 11
3672 11 18 1
2953 11 19 83
901 11 19 74
1607 11 19 60
2105 11 19 52
1339 11 19 40
3340 11 19 30
3322 11 19 22
130 11 19 11
3613 11 19 1
2363 12 0 83
25 12 0 74
434 12 0 59
2748 12 0 48
1055 12 0 39
3710 12 0 29
2378 12 0 19
1125 12 0 10
2679 12 0 1
2007 12 1 81
2613 12 1 71
846 12 1 63
1118 12 1 50
2113 12 1 38
913 12 1 32
2542 12 1 19
199 12 1 10
2281 12 1 1
3652 12 2 80
1864 12 2 73
3566 12 2 61
3426 12 2 50
1404 12 2 38
855 12 2 32
1421 12 2 19
3816 12 2 9
782 12 4 80
652 12 4 73
392 12 4 61
3099 12 4 50
559 12 4 38
3245 12 4 31
871 12 4 20
2621 12 4 11
596 12 5 78
268 12 5 68
305 12 5 58
950 12 5 49
1528 12 5 38
2225 12 5 31
2359 12 5 18
2557 12 5 11
1542 12 6 73
6 12 6 61
3701 12 6 49
798 12 6 38
2216 12 6 31
1109 12 6 18
1321 12 6 11
3037 12 7 69
3464 12 7 61
3692 12 7 49
3655 12 7 37
848 12 7 26
1844 12 7 16
884 12 7 6
2190 13 4 66
3780 13 4 58
3495 13 4 48
661 13 4 39
3106 13 4 29
1304 13 4 19
2819 13 4 9
817 13 5 66
1638 13 5 58
2768 13 5 48
3562 13 5 38
489 13 5 31
1984 13 5 17
2354 13 5 9
1776 13 6 65
1818 13 6 55
3548 13 6 46
1141 13 6 37
2437 13 6 25
64 13 6 16
2510 13 6 5
1933 13 7 64
1522 13 7 53
2009 13 7 45
1730 13 7 36
1012 13 7 24
3644 13 7 13
1531 13 7 3
883 13 8 95
2662 13 8 90
1755 13 8 77
1375 13 8 64
572 13 8 51
998 13 8 43
863 13 8 30
3112 13 8 22
2779 13 8 10
2119 13 9 94
2813 13 9 88
1677 13 9 81
1980 13 9 71
3338 13 9 62
414 13 9 54
964 13 9 46
2609 13 9 36
3564 13 9 23
3414 13 9 11
469 13 12 94
2420 13 12 88
73 13 12 81
734 13 12 71
1866 13 12 62
387 13 12 54
3632 13 12 45
3853 13 12 35
3046 13 12 28
3380 13 12 20
1604 13 12 11
2450 13 13 93
2864 13 13 84
2806 13 13 76
237 13 13 67
3608 13 13 58
2550 13 13 48
2974 13 13 38
3033 13 13 30
1904 13 13 22
3304 13 13 9
1083 13 14 93
2581 13 14 84
160 13 14 76
3744 13 14 66
807 13 14 58
3235 13 14 47
1158 13 14 38
2985 13 14 30
1551 13 14 22
2004 13 14 9
893 13 16 93
2565 13 16 84
128 13 16 76
3074 13 16 66
529 13 16 57
1655 13 16 48
2734 13 16 38
2507 13 16 30
680 13 16 22
1142 13 16 9
425 13 17 93
962 13 17 84
3775 13 17 75
3693 13 17 67
3440 13 17 58
1276 13 17 46
1065 13 17 36
3057 13 17 23
1318 13 17 11
2548 13 18 92
2458 13 18 78
3643 13 18 67
2845 13 18 58
2562 13 18 45
2905 13 18 35
736 13 18 28
1373 13 18 20
1510 13 18 11
2156 13 19 92
1652 13 19 78
3250 13 19 67
2667 13 19 58
1752 13 19 45
2789 13 19 35
315 13 19 28
658 13 19 20
750 13 19 11
1885 14 0 92
1863 14 0 77
1133 14 0 64
161 14 0 51
543 14 0 43
438 14 0 30
2217 14 0 21
3247 14 0 10
1211 14 2 92
99 14 2 77
2718 14 2 63
534 14 2 49
3080 14 2 37
1409 14 2 25
3702 14 2 15
1663 14 2 6
1175 14 4 92
2439 14 4 75
3023 14 4 67
2593 14 4 58
1260 14 4 45
1757 14 4 35
292 14 4 28
1814 14 4 19
481 14 4 9
3778 14 8 91
2727 14 8 82
1679 14 8 71
1388 14 8 62
3249 14 8 53
947 14 8 45
1459 14 8 35
526 14 8 27
3625 14 8 18
458 14 8 11
1847 14 12 91
2461 14 12 82
84 14 12 71
466 14 12 62
3050 14 12 53
376 14 12 45
2516 14 12 34
3757 14 12 23
3523 14 12 10
1691 14 13 91
2231 14 13 82
2696 14 13 69
1731 14 13 61
3321 14 13 49
445 14 13 37
3160 14 13 24
2578 14 13 13
2960 14 13 2
1678 14 18 91
1658 14 18 82
2061 14 18 68
2434 14 18 57
963 14 18 48
2323 14 18 38
86 14 18 30
1395 14 18 21
1966 14 18 10
818 14 19 91
1400 14 19 82
1566 14 19 68
2136 14 19 56
1520 14 19 51
374 14 19 43
2767 14 19 29
647 14 19 19
3358 14 19 8
2655 15 0 90
3496 15 0 76
2739 15 0 66
424 15 0 57
212 15 0 48
2971 15 0 37
775 15 0 24
1182 15 0 13
2474 15 0 2
1206 15 4 90
3078 15 4 76
1746 15 4 66
3442 15 4 56
1302 15 4 51
2334 15 4 42
2236 15 4 34
3361 15 4 23
3412 15 4 10
388 15 6 90
2785 15 6 76
690 15 6 66
2704 15 6 56
3847 15 6 50
142 15 6 38
2650 15 6 29
44 15 6 19
2896 15 6 8
243 15 7 90
1398 15 7 76
422 15 7 64
119 15 7 51
2200 15 7 42
2094 15 7 34
2266 15 7 23
3156 15 7 10
2620 15 8 89
809 15 8 80
3215 15 8 72
297 15 8 63
2869 15 8 48
1682 15 8 37
617 15 8 24
2495 15 8 12
3624 15 8 2
2471 15 9 89
3721 15 9 79
2063 15 9 71
328 15 9 62
2961 15 9 53
3645 15 9 44
897 15 9 35
3229 15 9 26
3666 15 9 15
2314 15 9 5
1840 15 11 89
2254 15 11 79
145 15 11 71
1511 15 11 61
2284 15 11 49
1881 15 11 36
463 15 11 23
2934 15 11 9
927 15 12 89
1156 15 12 79
3589 15 12 70
3571 15 12 58
573 15 12 45
1634 15 12 34
1346 15 12 23
2574 15 12 9
3222 15 15 88
2487 15 15 80
673 15 15 72
1271 15 15 62
372 15 15 53
2220 15 15 44
3154 15 15 34
1196 15 15 23
29 15 15 7
470 15 16 88
1053 15 16 80
1439 15 16 71
926 15 16 61
3727 15 16 48
1299 15 16 37
554 15 16 24
2179 15 16 12
2481 15 16 1
1683 15 17 87
1865 15 17 81
3167 15 17 70
992 15 17 58
3579 15 17 44
1949 15 17 34
1748 15 17 22
1043 15 17 9
1303 16 0 87
1162 16 0 81
2883 16 0 70
2582 16 0 57
68 16 0 47
2419 16 0 37
17 16 0 24
42 16 0 12
2103 16 0 1
788 16 1 87
1089 16 1 81
1648 16 1 70
3784 16 1 56
2184 16 1 50
2996 16 1 37
2399 16 1 23
1232 16 1 5
524 16 2 87
3027 16 2 80
2089 16 2 70
2873 16 2 56
1506 16 2 50
2142 16 2 37
82 16 2 22
952 16 2 8
2635 16 7 85
1380 16 7 74
1300 16 7 58
2341 16 7 44
722 16 7 34
1854 16 7 19
2255 16 7 8
3325 16 9 84
3687 16 9 75
1606 16 9 67
2462 16 9 58
3375 16 9 43
2732 16 9 28
3075 16 9 18
3266 16 9 10
2166 16 11 84
2153 16 11 75
3551 16 11 66
995 16 11 56
1797 16 11 49
976 16 11 36
3403 16 11 22
516 16 11 8
1194 16 12 84
781 16 12 75
955 16 12 66
2670 16 12 55
3138 16 12 46
3597 16 12 35
1879 16 12 26
1959 16 12 15
979 16 12 5
731 16 14 84
290 16 14 74
2234 16 14 57
3385 16 14 46
3796 16 14 34
1050 16 14 19
961 16 14 8
2830 16 16 83
3743 16 16 73
3697 16 16 60
1779 16 16 52
313 16 16 40
2124 16 16 30
877 16 16 21
1941 16 16 10
2628 16 17 83
3580 16 17 73
2170 16 17 60
3808 16 17 51
1838 16 17 42
1795 16 17 34
698 16 17 19
51 16 17 8
1590 16 19 83
2568 16 19 73
2250 16 19 59
3535 16 19 47
471 16 19 37
3457 16 19 21
813 16 19 10
257 17 4 80
284 17 4 70
1509 17 4 56
1223 17 4 49
579 17 4 36
2513 17 4 22
3662 17 4 7
410 17 5 78
2795 17 5 67
2180 17 5 58
3093 17 5 43
501 17 5 28
2729 17 5 18
1820 17 5 10
3682 17 7 75
235 17 7 66
3232 17 7 54
3513 17 7 45
3560 17 7 33
2602 17 7 23
3248 17 7 4
1425 17 14 68
420 17 14 56
506 17 14 48
90 17 14 37
16 17 14 21
187 17 14 10
1946 17 19 62
2698 17 19 52
2465 17 19 39
2815 17 19 29
3480 17 19 18
892 17 19 10
232 18 5 59
3182 18 5 47
3835 18 5 35
1611 18 5 26
1113 18 5 15
902 18 5 5
1827 18 7 47
2963 18 7 35
497 18 7 26
914 18 7 15
291 18 7 5
1675 18 8 26
227 18 8 15
732 18 8 4
2791 18 11 92
3095 18 11 74
3268 18 11 56
3769 18 11 47
2346 18 11 35
312 18 11 26
3092 18 11 14
889 18 11 4
2132 19 0 92
30 19 0 73
512 19 0 59
1166 19 0 47
355 19 0 35
53 19 0 26
1785 19 0 14
3596 19 0 3
1649 19 1 91
941 19 1 82
2535 19 1 67
527 19 1 58
201 19 1 43
3157 19 1 27
2287 19 1 18
341 19 1 9
667 19 2 91
3468 19 2 81
1099 19 2 69
3630 19 2 60
3807 19 2 51
2370 19 2 41
3651 19 2 32
565 19 2 19
3787 19 2 7
2766 19 3 90
2892 19 3 75
2736 19 3 65
942 19 3 55
118 19 3 46
197 19 3 34
2746 19 3 18
3691 19 3 8
2085 19 4 90
2500 19 4 74
2086 19 4 56
3633 19 4 47
1348 19 4 34
2407 19 4 18
3071 19 4 8
567 19 5 90
1041 19 5 74
2932 19 5 55
3711 19 5 45
800 19 5 33
3107 19 5 22
852 19 5 7
468 19 7 90
23 19 7 72
1764 19 7 61
3056 19 7 48
3076 19 7 36
2070 19 7 22
769 19 7 7
263 19 8 90
1139 19 8 71
2360 19 8 60
2991 19 8 51
2261 19 8 40
1576 19 8 30
1584 19 8 20
2191 19 8 10
208 19 10 90
3677 19 10 69
3598 19 10 60
2969 19 10 51
1586 19 10 40
614 19 10 30
821 19 10 19
2875 19 10 7
2887 19 11 89
397 19 11 79
3463 19 11 69
1903 19 11 60
2749 19 11 51
1082 19 11 40
15 19 11 30
2907 19 11 18
2168 19 11 8
2489 19 13 89
3530 19 13 78
1681 19 13 67
3510 19 13 57
3139 19 13 46
1341 19 13 33
797 19 13 22
1091 19 13 6
971 19 14 89
321 19 14 78
958 19 14 67
1907 19 14 57
3055 19 14 44
467 19 14 34
1227 19 14 17
2256 19 14 9
870 19 15 89
3751 19 15 77
1546 19 15 63
2623 19 15 48
2484 19 15 36
1817 19 15 22
3424 19 15 5
2894 19 16 88
2019 19 16 79
2577 19 16 69
1405 19 16 60
2277 19 16 51
3857 19 16 39
2045 19 16 29
3197 19 16 18
484 19 16 8
1594 19 17 88
988 19 17 79
3314 19 17 68
2913 19 17 54
3164 19 17 45
282 19 17 33
598 19 17 22
693 19 17 5
615 19 18 88
112 19 18 79
2072 19 18 68
1753 19 18 54
33 19 18 45
1564 19 18 32
2442 19 18 18
332 19 18 7
3448 19 19 87
1972 19 19 80
2671 19 19 69
3762 19 19 59
1136 19 19 47
3647 19 19 33
3273 19 19 21
1054 19 19 9
