2597
1962 0 0 98
3866 0 0 94
2950 0 0 92
1467 0 0 89
4508 0 0 85
3475 0 0 80
2277 0 0 77
2515 0 0 75
268 0 0 72
4123 0 0 69
850 0 0 66
522 0 0 63
3917 0 0 60
2983 0 0 57
2741 0 0 54
829 0 0 52
4058 0 0 48
1980 0 0 44
4662 0 0 41
4667 0 0 37
4538 0 0 34
1196 0 0 32
3009 0 0 29
3493 0 0 25
3435 0 0 22
3960 0 0 19
3994 0 0 16
2903 0 0 12
3669 0 0 8
4560 0 0 5
451 0 0 3
3745 0 1 97
1860 0 1 95
4449 0 1 92
754 0 1 89
4419 0 1 85
2010 0 1 80
1518 0 1 77
2364 0 1 74
104 0 1 71
4053 0 1 69
1055 0 1 65
4101 0 1 60
3121 0 1 56
633 0 1 53
3236 0 1 49
594 0 1 45
3713 0 1 41
4126 0 1 37
4410 0 1 33
3660 0 1 30
1343 0 1 26
4303 0 1 23
3272 0 1 20
4398 0 1 17
4640 0 1 13
3892 0 1 11
4379 0 1 7
4578 0 1 3
3696 0 2 97
557 0 2 93
1313 0 2 90
3971 0 2 86
4332 0 2 83
3249 0 2 80
739 0 2 77
3279 0 2 73
142 0 2 71
4544 0 2 66
4151 0 2 62
2431 0 2 59
1690 0 2 57
2146 0 2 54
698 0 2 51
2827 0 2 48
1792 0 2 44
2847 0 2 41
2516 0 2 37
2054 0 2 33
4484 0 2 29
755 0 2 25
1779 0 2 21
4267 0 2 18
4533 0 2 14
1889 0 2 12
3004 0 2 8
4150 0 2 5
4315 0 2 2
3259 0 3 97
4456 0 3 92
4054 0 3 88
235 0 3 86
3128 0 3 83
2670 0 3 80
3302 0 3 76
2738 0 3 73
4141 0 3 70
3914 0 3 67
3046 0 3 64
3684 0 3 62
825 0 3 58
1104 0 3 55
3607 0 3 53
846 0 3 49
399 0 3 44
2045 0 3 41
1644 0 3 37
1485 0 3 33
2218 0 3 29
3483 0 3 24
4039 0 3 21
2636 0 3 18
3494 0 3 14
2136 0 3 11
3445 0 3 7
3315 0 3 3
3965 0 4 96
3682 0 4 94
491 0 4 91
483 0 4 89
4132 0 4 85
2916 0 4 79
3596 0 4 77
1984 0 4 73
2474 0 4 70
3513 0 4 66
4094 0 4 62
4353 0 4 57
1523 0 4 53
1522 0 4 48
4333 0 4 43
4541 0 4 39
2855 0 4 37
4237 0 4 32
1394 0 4 28
3902 0 4 26
430 0 4 23
1768 0 4 20
3621 0 4 16
1666 0 4 12
1846 0 4 8
4097 0 4 5
3266 0 4 2
4344 0 5 95
1858 0 5 92
2486 0 5 88
1315 0 5 85
2693 0 5 79
636 0 5 76
679 0 5 73
4448 0 5 69
884 0 5 65
2546 0 5 60
1228 0 5 56
2266 0 5 52
3590 0 5 48
4089 0 5 43
3325 0 5 39
248 0 5 37
2509 0 5 32
2920 0 5 27
4025 0 5 23
912 0 5 20
1930 0 5 16
740 0 5 12
3217 0 5 7
1688 0 5 3
2135 0 6 95
3764 0 6 91
2451 0 6 88
3623 0 6 84
2139 0 6 82
4403 0 6 79
4385 0 6 75
4208 0 6 70
2867 0 6 65
574 0 6 60
2504 0 6 55
2325 0 6 50
3512 0 6 47
3284 0 6 45
3044 0 6 41
910 0 6 37
2140 0 6 32
1859 0 6 27
2437 0 6 23
3658 0 6 19
1766 0 6 16
98 0 6 12
2743 0 6 7
241 0 6 3
425 0 7 95
2706 0 7 91
2439 0 7 88
60 0 7 84
4580 0 7 81
3425 0 7 78
2652 0 7 76
4340 0 7 72
1276 0 7 68
1189 0 7 66
2190 0 7 62
2017 0 7 57
3614 0 7 52
3322 0 7 48
1741 0 7 43
2174 0 7 39
4575 0 7 36
4202 0 7 34
2951 0 7 31
3716 0 7 28
2967 0 7 26
2420 0 7 22
4658 0 7 18
3455 0 7 14
127 0 7 10
771 0 7 8
3773 0 7 5
1412 0 7 2
361 0 8 95
2443 0 8 91
4055 0 8 87
3158 0 8 85
3790 0 8 78
2103 0 8 76
4087 0 8 72
930 0 8 68
4482 0 8 64
4196 0 8 61
3605 0 8 58
3992 0 8 54
3019 0 8 50
3701 0 8 46
756 0 8 44
1033 0 8 41
876 0 8 37
4057 0 8 31
4012 0 8 27
1051 0 8 23
1675 0 8 18
283 0 8 14
4649 0 8 9
3088 0 8 7
1880 0 8 2
4572 0 9 94
4018 0 9 90
3690 0 9 86
2581 0 9 83
1733 0 9 80
3278 0 9 76
3452 0 9 72
244 0 9 68
2055 0 9 64
1559 0 9 61
4594 0 9 56
880 0 9 52
1819 0 9 48
3119 0 9 42
877 0 9 39
3538 0 9 36
3173 0 9 33
2913 0 9 28
697 0 9 26
1458 0 9 22
811 0 9 18
2833 0 9 13
4149 0 9 10
3092 0 9 7
1409 0 9 2
3094 0 10 94
3922 0 10 90
2359 0 10 86
2427 0 10 83
3692 0 10 79
713 0 10 75
3896 0 10 70
1015 0 10 65
4486 0 10 59
3263 0 10 55
772 0 10 50
1932 0 10 46
470 0 10 43
1772 0 10 39
3601 0 10 35
3831 0 10 33
2366 0 10 28
1539 0 10 25
1552 0 10 21
3276 0 10 17
4273 0 10 12
4359 0 10 6
4557 0 10 3
1650 0 11 94
2931 0 11 89
2620 0 11 85
3772 0 11 78
958 0 11 75
3530 0 11 70
890 0 11 65
2834 0 11 59
2396 0 11 55
638 0 11 50
1571 0 11 46
1177 0 11 42
1778 0 11 38
38 0 11 35
1904 0 11 32
892 0 11 27
50 0 11 23
736 0 11 18
2101 0 11 13
1747 0 11 10
3396 0 11 6
2784 0 11 2
1250 0 12 94
2775 0 12 89
1170 0 12 85
3314 0 12 78
4345 0 12 74
1751 0 12 70
813 0 12 65
2810 0 12 59
2357 0 12 55
3837 0 12 49
3541 0 12 43
1602 0 12 39
2016 0 12 35
227 0 12 32
4428 0 12 26
2388 0 12 21
3224 0 12 17
1537 0 12 12
3268 0 12 6
4423 0 12 1
682 0 13 93
2386 0 13 89
705 0 13 85
2488 0 13 78
2764 0 13 74
1129 0 13 70
4098 0 13 64
3820 0 13 60
2442 0 13 55
3446 0 13 49
3096 0 13 43
1480 0 13 39
1963 0 13 35
4256 0 13 31
2963 0 13 27
4405 0 13 22
450 0 13 18
1806 0 13 13
4553 0 13 9
1366 0 13 4
1100 0 13 2
3946 0 14 92
1482 0 14 88
4136 0 14 83
2434 0 14 79
541 0 14 75
4182 0 14 69
1862 0 14 64
2130 0 14 60
2152 0 14 55
2076 0 14 49
2478 0 14 43
622 0 14 39
4447 0 14 34
814 0 14 31
1966 0 14 27
3489 0 14 22
4579 0 14 17
1162 0 14 12
1455 0 14 6
1084 0 14 1
3195 0 15 92
3732 0 15 87
4601 0 15 84
1520 0 15 80
1501 0 15 76
3109 0 15 71
3423 0 15 66
1135 0 15 62
3406 0 15 56
3954 0 15 51
1985 0 15 48
3939 0 15 41
4534 0 15 36
2711 0 15 32
3923 0 15 26
2335 0 15 21
3063 0 15 17
1030 0 15 12
4641 0 15 5
2473 0 15 1
2452 0 16 92
2794 0 16 87
4096 0 16 84
1335 0 16 80
4516 0 16 75
3426 0 16 69
1510 0 16 64
4440 0 16 59
325 0 16 55
373 0 16 49
1825 0 16 43
2643 0 16 38
1970 0 16 34
3500 0 16 29
3171 0 16 24
3235 0 16 21
2761 0 16 17
203 0 16 12
4517 0 16 5
1907 0 16 1
1931 0 17 92
1742 0 17 87
784 0 17 84
547 0 17 78
2159 0 17 74
109 0 17 68
1334 0 17 64
2699 0 17 59
3886 0 17 54
2953 0 17 50
330 0 17 46
496 0 17 42
311 0 17 38
809 0 17 34
1868 0 17 29
595 0 17 24
4230 0 17 19
273 0 17 15
2852 0 17 12
3928 0 17 5
1725 0 17 1
1459 0 18 92
254 0 18 87
3089 0 18 83
102 0 18 79
672 0 18 74
4489 0 18 67
967 0 18 64
2932 0 18 58
3432 0 18 54
2167 0 18 50
2998 0 18 45
4100 0 18 40
533 0 18 37
1229 0 18 31
1039 0 18 27
2394 0 18 22
2342 0 18 17
3428 0 18 11
2731 0 18 6
4070 0 19 91
617 0 19 87
781 0 19 82
1817 0 19 78
1105 0 19 74
715 0 19 67
259 0 19 64
2740 0 19 58
1361 0 19 54
2161 0 19 50
2334 0 19 45
3725 0 19 40
3257 0 19 36
1654 0 19 32
3981 0 19 25
1190 0 19 21
1818 0 19 17
431 0 19 11
2422 0 19 6
3674 2 1 91
2700 2 1 85
4 2 1 78
358 2 1 74
4157 2 1 66
2914 2 1 61
4108 2 1 56
3795 2 1 51
193 2 1 48
2544 2 1 41
3342 2 1 36
3661 2 1 31
4439 2 1 26
652 2 1 21
1042 2 1 16
34 2 1 12
2993 2 1 5
3380 2 2 91
2179 2 2 85
3686 2 2 77
4074 2 2 72
4485 2 2 67
143 2 2 64
3597 2 2 57
3049 2 2 52
1566 2 2 47
3369 2 2 43
2300 2 2 38
4357 2 2 33
2033 2 2 28
4499 2 2 24
3289 2 2 19
2809 2 2 14
3067 2 2 9
1010 2 2 4
3117 2 3 91
2173 2 3 85
1277 2 3 77
2043 2 3 72
4289 2 3 67
4396 2 3 63
2283 2 3 60
3763 2 3 54
2144 2 3 50
2207 2 3 45
2663 2 3 40
1636 2 3 36
2681 2 3 31
3754 2 3 26
4350 2 3 20
1548 2 3 16
3196 2 3 11
1912 2 3 6
1291 2 4 91
1587 2 4 85
2744 2 4 76
3072 2 4 71
2627 2 4 66
2778 2 4 61
2771 2 4 56
3595 2 4 51
3609 2 4 46
4195 2 4 41
2223 2 4 36
1372 2 4 31
1397 2 4 25
3287 2 4 20
943 2 4 16
840 2 4 11
4119 2 4 5
4609 2 5 90
1986 2 5 86
3351 2 5 81
4062 2 5 77
2013 2 5 72
4061 2 5 67
3193 2 5 63
3437 2 5 59
2595 2 5 54
1034 2 5 50
1498 2 5 45
2423 2 5 40
1436 2 5 36
4605 2 5 30
1083 2 5 26
3897 2 5 20
4147 2 5 15
1271 2 5 12
2027 2 5 5
4271 2 6 90
1026 2 6 86
875 2 6 81
2999 2 6 77
4629 2 6 71
587 2 6 66
2630 2 6 61
2941 2 6 55
3553 2 6 48
3506 2 6 40
502 2 6 35
3878 2 6 31
422 2 6 25
1027 2 6 20
3207 2 6 15
4080 2 6 11
2598 2 6 5
4179 2 8 90
3908 2 8 85
2356 2 8 76
1969 2 8 71
4660 2 8 65
2683 2 8 59
493 2 8 54
4464 2 8 49
1798 2 8 43
647 2 8 38
3699 2 8 33
1126 2 8 28
2241 2 8 24
2511 2 8 19
1807 2 8 14
4041 2 8 8
3006 2 8 5
1924 2 9 90
734 2 9 85
766 2 9 76
1872 2 9 71
2350 2 9 65
2263 2 9 59
4567 2 9 53
2935 2 9 47
2120 2 9 43
208 2 9 38
961 2 9 33
130 2 9 28
1828 2 9 24
4000 2 9 18
1332 2 9 13
4519 2 9 9
3959 2 9 3
1910 2 10 90
2763 2 10 84
3783 2 10 77
4555 2 10 71
238 2 10 65
262 2 10 59
3589 2 10 53
1627 2 10 47
567 2 10 43
4239 2 10 37
3465 2 10 30
4275 2 10 25
372 2 10 20
586 2 10 15
3407 2 10 11
2387 2 10 5
1736 2 12 90
1956 2 12 84
2863 2 12 77
1782 2 12 71
156 2 12 65
4086 2 12 58
3801 2 12 53
1456 2 12 47
4634 2 12 42
495 2 12 37
3087 2 12 30
3387 2 12 25
2163 2 12 19
1172 2 12 14
2817 2 12 8
842 2 12 5
240 2 13 90
4082 2 13 83
4076 2 13 78
3501 2 13 73
4272 2 13 69
1400 2 13 64
1993 2 13 57
1563 2 13 52
908 2 13 47
4193 2 13 42
385 2 13 37
2580 2 13 30
3031 2 13 25
1071 2 13 19
113 2 13 14
1226 2 13 8
3893 2 13 4
3463 2 14 89
4223 2 14 84
2377 2 14 77
1568 2 14 71
4117 2 14 64
4368 2 14 56
836 2 14 51
2450 2 14 46
3244 2 14 41
289 2 14 36
973 2 14 30
2358 2 14 25
32 2 14 19
4380 2 14 13
4031 2 14 8
2841 2 14 4
2585 2 16 89
2947 2 16 84
1769 2 16 77
4504 2 16 70
2496 2 16 64
2782 2 16 56
4254 2 16 50
3685 2 16 44
3715 2 16 40
4463 2 16 34
3083 2 16 28
788 2 16 24
998 2 16 18
90 2 16 13
3876 2 16 8
2739 2 16 4
2188 2 17 89
2349 2 17 84
3248 2 17 76
3139 2 17 70
1164 2 17 64
19 2 17 56
2686 2 17 50
3479 2 17 44
129 2 17 39
3796 2 17 34
663 2 17 28
3845 2 17 23
1729 2 17 17
4351 2 17 10
1805 2 17 6
3079 2 18 88
3742 2 18 83
3936 2 18 78
3429 2 18 73
4212 2 18 69
2862 2 18 63
2969 2 18 59
2994 2 18 52
35 2 18 47
3524 2 18 42
3647 2 18 36
686 2 18 30
1320 2 18 25
4046 2 18 18
4620 2 18 12
1168 2 18 5
4003 2 19 87
473 2 19 81
2851 2 19 77
4365 2 19 70
662 2 19 64
1396 2 19 55
2819 2 19 48
3253 2 19 40
2943 2 19 34
4116 2 19 27
1973 2 19 22
2269 2 19 17
2484 2 19 10
965 2 19 6
3717 3 1 87
3649 3 1 80
4035 3 1 75
444 3 1 69
2293 3 1 63
646 3 1 59
2021 3 1 52
4598 3 1 46
1504 3 1 41
260 3 1 36
540 3 1 30
1268 3 1 25
3734 3 1 18
4238 3 1 12
4185 3 1 4
1942 3 2 87
2574 3 2 80
3963 3 2 75
3887 3 2 68
331 3 2 64
4338 3 2 54
3800 3 2 49
4386 3 2 42
2205 3 2 36
310 3 2 30
1232 3 2 25
3286 3 2 18
704 3 2 12
1835 3 2 4
1496 3 3 87
2224 3 3 80
1664 3 3 75
3155 3 3 68
169 3 3 64
4178 3 3 54
2820 3 3 49
3814 3 3 42
919 3 3 36
4568 3 3 29
2946 3 3 23
1280 3 3 17
1906 3 3 10
4444 3 3 5
3689 3 4 85
4006 3 4 75
1913 3 4 68
1204 3 4 63
2599 3 4 58
2097 3 4 53
4209 3 4 46
1132 3 4 41
3583 3 4 35
4469 3 4 30
3723 3 4 24
4270 3 4 17
1677 3 4 10
4413 3 4 5
2023 3 5 85
3724 3 5 75
949 3 5 68
1025 3 5 63
1111 3 5 58
214 3 5 53
3549 3 5 44
1086 3 5 38
4520 3 5 32
2395 3 5 25
1899 3 5 18
490 3 5 12
4153 3 5 3
1592 3 8 85
3293 3 8 75
865 3 8 68
982 3 8 63
2850 3 8 57
293 3 8 52
3913 3 8 46
4362 3 8 40
2462 3 8 34
3910 3 8 27
1863 3 8 21
1022 3 8 16
2024 3 8 10
2068 3 8 5
3815 3 9 84
2883 3 9 76
3208 3 9 69
4274 3 9 62
2147 3 9 56
1054 3 9 50
1239 3 9 44
1934 3 9 37
1940 3 9 30
4134 3 9 23
1178 3 9 17
1125 3 9 10
1903 3 9 5
3329 3 10 84
2248 3 10 76
2566 3 10 69
2870 3 10 62
508 3 10 56
747 3 10 50
959 3 10 44
1874 3 10 37
1379 3 10 30
826 3 10 23
3898 3 10 16
2007 3 10 10
1269 3 10 5
3180 3 12 84
1939 3 12 76
1248 3 12 68
489 3 12 63
2727 3 12 57
120 3 12 52
2239 3 12 46
2751 3 12 40
1888 3 12 34
389 3 12 27
717 3 12 21
3826 3 12 15
2973 3 12 11
410 3 12 5
1898 3 13 83
3856 3 13 78
1188 3 13 73
2095 3 13 69
1992 3 13 62
4263 3 13 54
4105 3 13 48
3130 3 13 40
1421 3 13 34
224 3 13 27
3798 3 13 20
117 3 13 15
2858 3 13 11
188 3 13 5
3305 3 14 82
3864 3 14 77
4304 3 14 70
291 3 14 64
3029 3 14 54
3762 3 14 48
1390 3 14 40
242 3 14 34
1706 3 14 26
3400 3 14 20
1222 3 14 14
676 3 14 8
1847 3 14 4
4170 4 5 80
1474 4 5 75
319 4 5 68
379 4 5 63
2217 4 5 57
2441 4 5 51
1314 4 5 46
301 4 5 40
4071 4 5 33
4500 4 5 27
3349 4 5 20
1192 4 5 14
3769 4 5 7
1145 4 5 2
3252 4 6 80
3594 4 6 74
3532 4 6 66
1856 4 6 61
1433 4 6 55
1879 4 6 48
3458 4 6 39
3581 4 6 34
140 4 6 26
3060 4 6 20
3353 4 6 13
2869 4 6 8
4512 4 6 3
2722 4 8 80
3179 4 8 74
1109 4 8 66
598 4 8 61
1300 4 8 55
785 4 8 48
2698 4 8 39
2656 4 8 34
745 4 8 25
1849 4 8 18
2701 4 8 11
3929 4 8 3
2499 4 10 80
3040 4 10 74
3999 4 10 65
3707 4 10 58
4066 4 10 52
1987 4 10 46
4044 4 10 39
2345 4 10 34
383 4 10 25
1214 4 10 18
2666 4 10 11
3821 4 10 3
2080 4 12 76
4287 4 12 66
4294 4 12 60
869 4 12 54
2975 4 12 48
382 4 12 39
986 4 12 34
4661 4 12 24
2455 4 12 17
4532 4 12 9
3074 4 12 3
1264 4 14 75
182 4 14 68
368 4 14 63
711 4 14 57
1785 4 14 51
576 4 14 46
3053 4 14 39
3444 4 14 33
3806 4 14 27
1855 4 14 20
3110 4 14 12
2535 4 14 3
1547 4 16 69
1617 4 16 62
4229 4 16 54
1802 4 16 48
4626 4 16 38
3147 4 16 32
2075 4 16 25
802 4 16 18
2219 4 16 11
1720 4 16 3
3210 4 18 98
776 4 18 94
2148 4 18 89
1108 4 18 84
653 4 18 76
3637 4 18 66
3301 4 18 60
329 4 18 54
1684 4 18 48
3940 4 18 38
2934 4 18 32
1446 4 18 25
4604 4 18 17
4346 4 18 9
2865 4 18 3
2844 5 1 97
2327 5 1 92
1831 5 1 86
693 5 1 81
4571 5 1 76
3313 5 1 66
3604 5 1 59
1683 5 1 52
977 5 1 46
1629 5 1 39
3306 5 1 33
2680 5 1 27
1281 5 1 20
2702 5 1 12
1876 5 1 3
3221 5 6 96
3417 5 6 94
1156 5 6 89
688 5 6 84
589 5 6 76
168 5 6 66
3258 5 6 59
1353 5 6 52
3116 5 6 45
2249 5 6 40
3944 5 6 33
2032 5 6 27
4565 5 6 19
3894 5 6 13
1236 5 6 8
4028 5 6 3
4383 5 8 95
1517 5 8 91
1494 5 8 85
2487 5 8 75
2494 5 8 67
2721 5 8 63
175 5 8 57
782 5 8 51
3882 5 8 45
2118 5 8 40
3880 5 8 33
1445 5 8 27
4371 5 8 19
2390 5 8 13
920 5 8 8
3073 5 8 3
3561 5 10 95
762 5 10 91
465 5 10 85
1072 5 10 75
1875 5 10 67
2206 5 10 63
3237 5 10 56
626 5 10 50
642 5 10 43
4192 5 10 37
860 5 10 30
3714 5 10 22
2187 5 10 17
3264 5 10 9
79 5 10 3
2294 5 16 95
4160 5 16 90
2289 5 16 83
2882 5 16 78
4643 5 16 72
3391 5 16 67
4269 5 16 62
3744 5 16 54
1141 5 16 48
2042 5 16 38
1822 5 16 32
4167 5 16 24
941 5 16 17
2750 5 16 9
4258 5 16 2
2046 5 18 95
3888 5 18 90
1375 5 18 83
2688 5 18 78
4023 5 18 72
2948 5 18 67
3780 5 18 62
3523 5 18 54
2747 5 18 47
2868 5 18 42
4637 5 18 35
3746 5 18 30
3102 5 18 22
536 5 18 17
1386 5 18 9
4043 5 18 2
1803 6 1 95
3879 6 1 90
1149 6 1 83
1923 6 1 78
1336 6 1 72
2556 6 1 67
2053 6 1 62
3280 6 1 54
2611 6 1 47
1103 6 1 42
4554 6 1 35
3085 6 1 30
2321 6 1 22
4437 6 1 16
3933 6 1 9
2987 6 1 2
103 6 3 95
2567 6 3 90
611 6 3 83
4490 6 3 77
4020 6 3 70
4401 6 3 63
2895 6 3 56
3644 6 3 49
3691 6 3 42
2119 6 3 35
2713 6 3 30
978 6 3 22
3925 6 3 16
3146 6 3 9
2425 6 3 2
47 6 8 95
4233 6 8 89
4465 6 8 83
2602 6 8 77
2795 6 8 70
4122 6 8 63
1422 6 8 56
2525 6 8 49
2640 6 8 42
1645 6 8 35
2186 6 8 30
4390 6 8 21
1738 6 8 15
2885 6 8 10
1253 6 8 5
3517 6 12 94
4515 6 12 88
2479 6 12 83
125 6 12 77
4603 6 12 69
1006 6 12 62
3367 6 12 53
2905 6 12 44
1468 6 12 37
328 6 12 30
3634 6 12 21
1367 6 12 15
2838 6 12 10
2282 6 12 4
1093 6 13 94
4187 6 13 87
3912 6 13 79
4457 6 13 73
1295 6 13 69
939 6 13 62
3066 6 13 53
894 6 13 44
3968 6 13 36
4243 6 13 29
2175 6 13 23
3405 6 13 16
2659 6 13 9
1823 6 13 2
834 6 15 94
2668 6 15 87
3485 6 15 79
2924 6 15 73
123 6 15 68
4656 6 15 62
1943 6 15 53
381 6 15 44
3935 6 15 36
2896 6 15 29
674 6 15 23
3229 6 15 16
1801 6 15 9
779 6 15 2
4260 6 16 93
4528 6 16 88
4487 6 16 82
3168 6 16 77
2748 6 16 69
33 6 16 62
3152 6 16 52
2380 6 16 45
3703 6 16 39
3243 6 16 33
955 6 16 27
3850 6 16 19
3774 6 16 12
1483 6 16 3
3363 6 18 93
2338 6 18 88
3525 6 18 82
3058 6 18 77
2414 6 18 69
2438 6 18 61
446 6 18 55
523 6 18 48
1306 6 18 38
765 6 18 32
1613 6 18 24
131 6 18 17
4432 6 18 8
2707 6 18 3
2320 7 1 93
475 7 1 88
3421 7 1 82
1804 7 1 77
620 7 1 69
1669 7 1 61
3457 7 1 54
2354 7 1 47
4664 7 1 41
4330 7 1 34
2664 7 1 24
4369 7 1 16
4523 7 1 8
1252 7 1 3
1871 7 2 93
2925 7 2 87
3299 7 2 79
1475 7 2 73
4628 7 2 67
1329 7 2 62
632 7 2 52
1292 7 2 45
3631 7 2 39
1352 7 2 33
478 7 2 27
3767 7 2 19
3651 7 2 12
1473 7 2 3
1091 7 3 93
2564 7 3 86
4585 7 3 80
3032 7 3 74
3816 7 3 65
1500 7 3 58
3238 7 3 52
388 7 3 45
699 7 3 39
1244 7 3 33
3328 7 3 26
2816 7 3 20
1844 7 3 12
346 7 3 3
4506 7 5 92
914 7 5 86
4360 7 5 80
2596 7 5 74
3540 7 5 65
1217 7 5 58
1371 7 5 52
190 7 5 45
3477 7 5 38
607 7 5 32
528 7 5 24
4276 7 5 16
4502 7 5 8
245 7 5 3
4497 7 6 92
448 7 6 86
2735 7 6 80
2069 7 6 74
3438 7 6 65
820 7 6 58
4137 7 6 51
2621 7 6 45
3214 7 6 38
4537 7 6 31
4574 7 6 24
3321 7 6 16
3154 7 6 8
4611 7 6 2
3739 7 8 92
407 7 8 86
1567 7 8 80
615 7 8 74
2122 7 8 65
85 7 8 58
4374 7 8 50
4373 7 8 42
906 7 8 35
832 7 8 30
2979 7 8 21
929 7 8 15
2039 7 8 10
2271 7 8 4
3622 7 11 92
3676 7 11 85
3656 7 11 74
2028 7 11 65
1321 7 11 57
197 7 11 51
2483 7 11 45
2436 7 11 38
3469 7 11 31
4412 7 11 24
2299 7 11 16
4293 7 11 7
4325 7 11 1
2864 7 12 92
2835 7 12 85
3976 7 12 73
21 7 12 67
1288 7 12 62
4663 7 12 51
2230 7 12 45
2251 7 12 38
2780 7 12 31
3619 7 12 24
2184 7 12 16
3693 7 12 7
3874 7 12 1
2329 7 13 92
1793 7 13 85
2977 7 13 73
1481 7 13 66
821 7 13 59
2155 7 13 51
2125 7 13 45
1848 7 13 38
2560 7 13 31
3331 7 13 24
1441 7 13 16
2752 7 13 7
3775 7 13 1
377 7 15 92
963 7 15 85
4313 7 15 72
2489 7 15 67
719 7 15 62
4394 7 15 51
2112 7 15 45
4451 7 15 37
3737 7 15 29
250 7 15 23
2298 7 15 16
3546 7 15 6
3759 7 16 91
3890 7 16 84
527 7 16 76
2716 7 16 65
229 7 16 57
4158 7 16 50
1845 7 16 42
339 7 16 35
449 7 16 30
2647 7 16 20
1452 7 16 12
1546 7 16 2
1867 7 18 91
3662 7 18 84
499 7 18 76
2346 7 18 65
4434 7 18 56
2502 7 18 49
2552 7 18 42
4453 7 18 34
3319 7 18 23
1800 7 18 16
1327 7 18 6
1085 7 19 91
2955 7 19 84
3296 7 19 75
1672 7 19 67
4191 7 19 61
3078 7 19 54
1299 7 19 47
3502 7 19 41
3552 7 19 34
2214 7 19 23
1136 7 19 16
559 7 19 6
3884 8 1 90
4588 8 1 82
1495 8 1 77
580 8 1 69
1154 8 1 61
2212 8 1 54
1261 8 1 47
889 8 1 41
3422 8 1 34
893 8 1 23
52 8 1 16
445 8 1 6
792 8 2 90
4168 8 2 82
3090 8 2 76
2221 8 2 65
1605 8 2 56
1508 8 2 49
1369 8 2 42
1056 8 2 34
4162 8 2 22
2480 8 2 16
84 8 2 6
538 8 3 90
1440 8 3 82
2020 8 3 76
2669 8 3 63
1243 8 3 56
466 8 3 49
592 8 3 42
691 8 3 34
3832 8 3 22
2467 8 3 16
56 8 3 6
77 8 5 90
4384 8 5 81
3410 8 5 76
2526 8 5 63
166 8 5 56
3332 8 5 48
266 8 5 38
1541 8 5 31
3291 8 5 24
1437 8 5 16
2968 8 5 5
4513 8 6 89
4342 8 6 83
3393 8 6 76
1118 8 6 63
970 8 6 55
2162 8 6 47
3539 8 6 40
3809 8 6 33
2900 8 6 26
2533 8 6 20
3460 8 6 11
3568 8 6 2
3782 8 8 89
3242 8 8 83
3371 8 8 76
2737 8 8 62
3708 8 8 51
1116 8 8 45
2256 8 8 37
3166 8 8 29
121 8 8 23
4077 8 8 15
1058 8 8 10
3560 8 8 3
2651 8 13 89
2201 8 13 83
1657 8 13 76
2978 8 13 61
2098 8 13 54
1002 8 13 47
4135 8 13 39
1078 8 13 33
2106 8 13 26
2527 8 13 20
2958 8 13 11
159 8 13 1
2247 8 19 89
423 8 19 83
1350 8 19 76
2078 8 19 61
1148 8 19 54
800 8 19 47
2123 8 19 39
468 8 19 33
4563 8 19 25
4587 8 19 17
3374 8 19 8
4415 8 19 2
1827 9 10 89
3187 9 10 82
1922 9 10 76
349 9 10 61
4399 9 10 53
3311 9 10 43
3793 9 10 37
2079 9 10 29
2866 9 10 22
2333 9 10 16
2381 9 10 5
1521 9 11 89
3000 9 11 82
334 9 11 76
2113 9 11 60
2279 9 11 53
2485 9 11 43
3384 9 11 37
564 9 11 29
1979 9 11 22
1866 9 11 16
1420 9 11 4
4309 9 12 88
1166 9 12 82
3978 9 12 75
767 9 12 67
2096 9 12 61
3675 9 12 53
390 9 12 43
1777 9 12 37
172 9 12 29
605 9 12 22
204 9 12 16
1092 9 12 4
2088 9 13 88
4652 9 13 81
2807 9 13 76
3233 9 13 59
2154 9 13 51
1322 9 13 44
2375 9 13 36
2141 9 13 29
4361 9 13 21
837 9 13 15
3770 9 13 9
3566 9 13 1
1138 9 15 88
4505 9 15 81
1037 9 15 76
4421 9 15 57
3802 9 15 50
257 9 15 42
4288 9 15 33
3153 9 15 25
3899 9 15 17
2687 9 15 8
4337 9 15 2
883 9 17 88
4115 9 17 81
555 9 17 76
2798 9 17 55
1597 9 17 47
4511 9 17 38
4281 9 17 30
2528 9 17 20
2918 9 17 11
3350 9 17 3
727 9 18 88
3467 9 18 81
4306 9 18 75
3825 9 18 66
3926 9 18 58
4078 9 18 50
4259 9 18 41
2126 9 18 34
1619 9 18 22
1414 9 18 15
2923 9 18 9
3197 9 18 1
634 9 19 87
2302 9 19 79
689 9 19 73
4083 9 19 65
824 9 19 56
3222 9 19 48
4631 9 19 37
2856 9 19 28
935 9 19 23
3859 9 19 15
1861 9 19 9
1330 9 19 1
1918 10 0 86
4597 10 0 79
428 10 0 73
3698 10 0 65
4417 10 0 55
4459 10 0 46
1115 10 0 39
347 10 0 33
2786 10 0 25
3275 10 0 17
4163 10 0 7
637 10 1 86
2988 10 1 79
4030 10 1 72
783 10 1 67
1337 10 1 61
2330 10 1 53
4266 10 1 42
3729 10 1 33
1886 10 1 25
2779 10 1 17
3990 10 1 7
3129 10 2 85
2703 10 2 72
296 10 2 67
333 10 2 61
1584 10 2 53
1829 10 2 42
1444 10 2 33
4635 10 2 24
1186 10 2 16
1301 10 2 3
2428 10 3 85
4222 10 3 68
4416 10 3 62
1073 10 3 51
3695 10 3 43
1599 10 3 37
2273 10 3 28
4461 10 3 22
874 10 3 15
1484 10 3 9
362 10 3 1
509 10 4 84
3026 10 4 75
3628 10 4 66
3811 10 4 58
2500 10 4 50
3534 10 4 41
1642 10 4 34
1460 10 4 22
4593 10 4 14
2376 10 4 7
2316 10 5 83
3012 10 5 75
2038 10 5 66
3162 10 5 58
761 10 5 50
3262 10 5 41
4125 10 5 33
3575 10 5 24
917 10 5 16
4321 10 5 2
1997 10 6 83
2590 10 6 75
1665 10 6 66
4429 10 6 57
3474 10 6 50
2591 10 6 41
2195 10 6 33
2603 10 6 24
211 10 6 16
1505 10 6 2
1538 10 7 83
2554 10 7 75
447 10 7 66
2875 10 7 57
2261 10 7 50
1722 10 7 41
1927 10 7 33
835 10 7 24
3137 10 7 15
1041 10 7 9
74 10 7 1
805 10 8 81
4234 10 8 75
429 10 8 66
1881 10 8 57
481 10 8 50
1312 10 8 41
1395 10 8 33
651 10 8 24
442 10 8 15
4354 10 8 8
4154 10 8 2
4349 10 9 80
2822 10 9 73
3368 10 9 65
4085 10 9 54
1489 10 9 46
1102 10 9 39
3846 10 9 32
4450 10 9 23
3789 10 9 15
3470 10 9 8
3822 10 9 2
3555 10 10 80
88 10 10 73
3177 10 10 65
3062 10 10 54
4591 10 10 45
1594 10 10 37
2066 10 10 28
4176 10 10 22
3805 10 10 14
1583 10 10 7
1094 10 11 79
2355 10 11 72
4470 10 11 66
4582 10 11 56
3114 10 11 48
3903 10 11 37
1974 10 11 28
3390 10 11 22
3550 10 11 14
1545 10 11 7
3673 10 12 76
2328 10 12 50
742 10 12 41
1638 10 12 32
4217 10 12 23
2773 10 12 15
4442 10 12 7
2449 10 13 76
504 10 13 44
1013 10 13 36
1843 10 13 29
4312 10 13 21
743 10 13 15
2685 10 13 7
3256 10 15 95
4014 10 15 89
2521 10 15 82
3362 10 15 75
4397 10 15 65
2826 10 15 54
4564 10 15 45
573 10 15 37
1233 10 15 28
2860 10 15 22
1238 10 15 14
810 10 15 7
3050 11 0 95
1235 11 0 89
1130 11 0 82
3962 11 0 74
1207 11 0 65
1260 11 0 54
3378 11 0 45
299 11 0 37
543 11 0 28
2220 11 0 22
609 11 0 14
217 11 0 7
2341 11 1 95
1182 11 1 89
3784 11 1 81
3316 11 1 75
4370 11 1 65
251 11 1 54
2399 11 1 45
3375 11 1 36
1215 11 1 29
1142 11 1 21
4232 11 1 14
4069 11 1 6
1713 11 2 95
1813 11 2 88
2917 11 2 81
878 11 2 75
2606 11 2 65
1882 11 2 53
3522 11 2 41
1246 11 2 32
3958 11 2 23
2753 11 2 15
4292 11 2 6
2522 11 3 94
2631 11 3 87
1948 11 3 79
2233 11 3 72
1373 11 3 66
3735 11 3 56
4262 11 3 47
4112 11 3 38
3181 11 3 30
2272 11 3 20
3372 11 3 10
3077 11 3 3
1981 11 4 94
1245 11 4 87
1582 11 4 79
746 11 4 72
741 11 4 66
3600 11 4 56
3212 11 4 47
3127 11 4 38
2831 11 4 30
661 11 4 20
2996 11 4 10
2041 11 4 3
1150 11 5 94
4666 11 5 86
2361 11 5 79
3966 11 5 71
3704 11 5 64
4052 11 5 53
3335 11 5 41
4060 11 5 31
3024 11 5 24
3836 11 5 14
3159 11 5 6
1008 11 6 94
3191 11 6 86
2332 11 6 79
3938 11 6 71
1462 11 6 64
2534 11 6 53
2674 11 6 41
2072 11 6 31
2814 11 6 24
3757 11 6 14
3156 11 6 6
3710 11 7 93
4577 11 7 85
3346 11 7 68
3385 11 7 62
4402 11 7 50
212 11 7 41
1347 11 7 31
2403 11 7 24
1531 11 7 14
1840 11 7 6
3648 11 8 93
441 11 8 85
4466 11 8 67
4227 11 8 60
1925 11 8 53
2541 11 8 41
2942 11 8 30
2009 11 8 19
2760 11 8 11
534 11 8 3
2839 11 9 93
3625 11 9 84
2447 11 9 75
1755 11 9 65
3043 11 9 52
14 11 9 45
3304 11 9 36
1203 11 9 29
791 11 9 21
4207 11 9 14
351 11 9 6
2724 11 13 93
3516 11 13 83
1721 11 13 75
1652 11 13 65
2758 11 13 52
2505 11 13 44
494 11 13 36
553 11 13 29
733 11 13 21
4056 11 13 14
3399 11 13 5
1382 11 15 93
2733 11 15 83
1405 11 15 75
440 11 15 65
1173 11 15 52
3203 11 15 43
1082 11 15 37
343 11 15 28
1990 11 15 22
4335 11 15 13
364 11 15 8
2972 11 15 2
69 11 16 93
568 11 16 83
937 11 16 75
4177 11 16 64
2372 11 16 53
1739 11 16 41
2495 11 16 29
4657 11 16 20
1199 11 16 10
424 11 16 3
17 11 17 93
209 11 17 83
488 11 17 75
4173 11 17 64
2234 11 17 53
3505 11 17 40
2607 11 17 33
300 11 17 24
4300 11 17 13
313 11 17 8
2111 11 17 2
4138 11 18 92
3205 11 18 84
1326 11 18 75
1134 11 18 64
1307 11 18 53
4111 11 18 39
2000 11 18 32
3178 11 18 23
2430 11 18 15
2881 11 18 6
3771 11 19 92
2828 11 19 84
690 11 19 75
4589 11 19 63
4558 11 19 54
2211 11 19 45
2871 11 19 36
1247 11 19 28
3013 11 19 21
3093 11 19 14
2634 11 19 5
3404 12 10 92
1057 12 10 84
4140 12 10 74
4654 12 10 63
3617 12 10 54
3431 12 10 44
3803 12 10 35
415 12 10 30
669 12 10 18
4576 12 10 10
4612 12 10 2
434 12 11 92
3490 12 11 83
571 12 11 74
4377 12 11 63
2583 12 11 54
1120 12 11 44
3683 12 11 35
3785 12 11 29
4476 12 11 20
198 12 11 10
3870 12 11 2
3838 12 13 91
2508 12 13 84
3360 12 13 74
3240 12 13 63
1491 12 13 54
1114 12 13 44
1833 12 13 35
3228 12 13 29
2003 12 13 20
4327 12 13 9
1063 12 13 2
3344 12 15 90
2730 12 15 81
297 12 15 75
4452 12 15 62
3527 12 15 49
76 12 15 42
210 12 15 33
4395 12 15 23
1735 12 15 15
2060 12 15 6
2613 12 16 90
2352 12 16 81
252 12 16 75
2371 12 16 62
3115 12 16 49
4615 12 16 40
2593 12 16 33
2360 12 16 23
195 12 16 15
1749 12 16 6
1407 12 17 90
2085 12 17 81
4034 12 17 74
2901 12 17 63
3833 12 17 53
2200 12 17 39
3014 12 17 31
1457 12 17 24
2971 12 17 13
312 12 17 8
4433 12 17 1
1219 12 18 89
2276 12 18 81
2964 12 18 74
2648 12 18 63
3136 12 18 53
3570 12 18 38
1824 12 18 30
956 12 18 16
3988 12 18 1
4206 12 19 88
649 12 19 81
2742 12 19 74
2412 12 19 63
1560 12 19 53
2138 12 19 38
731 12 19 30
2557 12 19 14
1732 12 19 5
3464 13 0 88
4228 13 0 80
4665 13 0 72
4540 13 0 65
324 13 0 52
2524 13 0 43
975 13 0 37
287 13 0 28
2909 13 0 21
2470 13 0 14
31 13 0 5
2821 13 1 88
3295 13 1 80
3106 13 1 72
3951 13 1 65
181 13 1 51
3192 13 1 43
723 13 1 37
4064 13 1 27
1525 13 1 19
2216 13 1 11
3518 13 1 2
1730 13 2 87
1117 13 2 79
2990 13 2 71
1406 13 2 64
3756 13 2 52
2337 13 2 43
4200 13 2 36
803 13 2 28
2391 13 2 21
2102 13 2 14
2165 13 2 4
4341 13 3 86
1955 13 3 79
685 13 3 71
3454 13 3 63
748 13 3 53
584 13 3 38
62 13 3 30
454 13 3 13
1750 13 3 7
4285 13 5 86
4623 13 5 78
4392 13 5 71
2285 13 5 63
146 13 5 53
145 13 5 38
26 13 5 30
2884 13 5 11
1674 13 5 2
866 13 6 86
3752 13 6 78
2907 13 6 71
1929 13 6 63
3061 13 6 52
1894 13 6 43
3947 13 6 36
360 13 6 28
1218 13 6 21
1019 13 6 14
1852 13 6 4
1227 13 7 85
3016 13 7 65
48 13 7 51
1668 13 7 43
1403 13 7 36
221 13 7 27
1470 13 7 19
1274 13 7 11
1293 13 7 2
1667 13 8 83
174 13 8 74
2280 13 8 63
1937 13 8 52
1225 13 8 43
4194 13 8 35
2087 13 8 29
972 13 8 20
2570 13 8 9
1878 13 8 1
1551 13 10 83
4319 13 10 72
4299 13 10 64
2227 13 10 52
3881 13 10 42
199 13 10 33
2323 13 10 23
4550 13 10 14
1754 13 10 4
1477 13 11 83
3728 13 11 72
2319 13 11 64
4566 13 11 50
4547 13 11 40
1511 13 11 33
3858 13 11 22
3652 13 11 13
1663 13 11 7
1348 13 13 83
3216 13 13 72
2309 13 13 64
3309 13 13 50
4148 13 13 40
457 13 13 33
2476 13 13 22
833 13 13 13
81 13 13 7
625 13 15 83
2538 13 15 72
2132 13 15 64
3107 13 15 50
2785 13 15 40
3320 13 15 32
1198 13 15 23
4326 13 15 14
1061 13 15 4
2290 14 0 82
3945 14 0 74
401 14 0 63
2469 14 0 50
2464 14 0 40
1131 14 0 32
4644 14 0 22
773 14 0 13
3875 14 0 6
2242 14 5 79
3334 14 5 70
4092 14 5 63
1562 14 5 49
2650 14 5 40
991 14 5 32
4495 14 5 22
635 14 5 13
3653 14 5 6
1404 14 11 76
2351 14 11 61
1679 14 11 52
3629 14 11 42
3486 14 11 32
3065 14 11 22
2164 14 11 12
207 14 11 2
3865 14 13 74
1561 14 13 62
2633 14 13 49
2612 14 13 40
318 14 13 32
2490 14 13 22
1781 14 13 12
2374 14 13 1
216 14 17 72
4279 14 17 63
75 14 17 49
1256 14 17 40
148 14 17 32
1410 14 17 22
616 14 17 12
1345 14 17 1
3462 14 19 69
630 14 19 61
3727 14 19 51
1604 14 19 43
4007 14 19 35
54 14 19 29
600 14 19 20
969 14 19 9
1661 14 19 1
4653 15 0 60
1059 15 0 53
2936 15 0 37
3402 15 0 27
1107 15 0 19
2194 15 0 10
1255 15 0 2
18 15 2 94
3112 15 2 86
981 15 2 78
2551 15 2 71
4522 15 2 62
4618 15 2 48
3559 15 2 37
3241 15 2 27
4387 15 2 18
3491 15 2 10
1028 15 2 2
3761 15 3 93
3608 15 3 82
3234 15 3 74
1487 15 3 62
3537 15 3 48
2848 15 3 37
2246 15 3 27
3451 15 3 18
2642 15 3 10
712 15 3 2
3548 15 5 93
3392 15 5 82
2792 15 5 74
426 15 5 62
2679 15 5 46
67 15 5 39
2691 15 5 30
1434 15 5 11
4407 15 5 1
3131 15 9 93
2981 15 9 82
2772 15 9 74
2690 15 9 61
3165 15 9 51
1075 15 9 43
1635 15 9 35
3955 15 9 28
43 15 9 21
500 15 9 14
882 15 9 4
2980 15 11 92
3149 15 11 83
1957 15 11 72
4017 15 11 63
3023 15 11 47
1812 15 11 38
3057 15 11 29
558 15 11 20
925 15 11 9
786 15 11 1
2170 15 13 92
3025 15 13 83
644 15 13 72
3547 15 13 63
794 15 13 47
3337 15 13 37
2197 15 13 27
2531 15 13 18
2523 15 13 10
4343 15 13 1
1577 15 15 92
1897 15 15 83
3324 15 15 71
4388 15 15 62
1163 15 15 46
3401 15 15 38
3409 15 15 28
3980 15 15 20
780 15 15 9
4473 15 17 91
2077 15 17 84
1283 15 17 74
2166 15 17 61
2291 15 17 51
2539 15 17 42
3333 15 17 32
725 15 17 22
412 15 17 12
3642 15 17 1
4425 16 0 91
2019 16 0 84
1098 16 0 74
863 16 0 61
2250 16 0 51
1653 16 0 42
1933 16 0 32
1415 16 0 21
3679 16 0 13
1795 16 0 6
3697 16 2 91
1471 16 2 84
3819 16 2 73
2765 16 2 65
3931 16 2 50
1938 16 2 40
2561 16 2 31
1249 16 2 24
997 16 2 12
2142 16 2 1
1950 16 3 91
3862 16 3 83
2267 16 3 71
2158 16 3 62
2919 16 3 42
2114 16 3 31
1212 16 3 24
452 16 3 12
1854 16 5 91
1836 16 5 83
1200 16 5 71
1161 16 5 62
3442 16 5 40
4389 16 5 30
819 16 5 11
1620 16 7 91
3574 16 7 81
2168 16 7 74
453 16 7 61
2049 16 7 51
1376 16 7 42
1723 16 7 31
4430 16 7 23
3706 16 7 14
356 16 7 4
3478 16 9 90
983 16 9 81
2116 16 9 74
3900 16 9 60
856 16 9 53
1588 16 9 37
480 16 9 27
2367 16 9 18
2153 16 9 10
1040 16 15 90
3379 16 15 80
1820 16 15 72
2305 16 15 63
118 16 15 47
2787 16 15 37
3433 16 15 25
2086 16 15 17
2939 16 15 7
562 16 17 90
1900 16 17 80
1533 16 17 72
317 16 17 63
4619 16 17 46
2311 16 17 38
3017 16 17 28
3952 16 17 20
336 16 17 9
258 16 18 90
1558 16 18 80
1428 16 18 72
4548 16 18 62
2672 16 18 40
2389 16 18 30
3317 16 18 9
4481 16 19 89
1593 16 19 81
3436 16 19 73
2133 16 19 65
3736 16 19 50
1151 16 19 40
1316 16 19 30
2209 16 19 7
3997 17 0 89
806 17 0 81
2898 17 0 73
306 17 0 65
695 17 0 50
255 17 0 40
526 17 0 30
3239 17 0 2
1355 17 2 89
294 17 2 81
2759 17 2 73
3564 17 2 64
2609 17 2 50
4104 17 2 39
1266 17 2 30
39 17 2 20
173 17 2 9
155 17 3 89
4551 17 3 80
987 17 3 72
3650 17 3 61
1977 17 3 51
1202 17 3 42
234 17 3 31
144 17 3 23
1853 17 3 14
3495 17 3 3
68 17 5 89
3740 17 5 80
350 17 5 72
1791 17 5 61
1770 17 5 51
867 17 5 42
2893 17 5 29
4305 17 5 19
588 17 5 10
27 17 7 89
3076 17 7 80
4197 17 7 71
176 17 7 62
1383 17 7 37
2236 17 7 25
1344 17 7 17
4455 17 7 6
3430 17 9 88
2018 17 9 80
3664 17 9 71
2877 17 9 61
1076 17 9 51
670 17 9 42
2562 17 9 29
3948 17 9 19
114 17 9 10
3443 17 10 87
812 17 10 79
2171 17 10 70
3907 17 10 63
3799 17 10 46
2050 17 10 38
2578 17 10 28
3901 17 10 20
4124 17 10 8
1873 17 11 87
4301 17 11 78
2411 17 11 71
1139 17 11 61
374 17 11 51
4244 17 11 41
1515 17 11 29
3569 17 11 19
2649 17 11 9
879 17 12 87
189 17 12 78
1224 17 12 71
354 17 12 61
4427 17 12 49
790 17 12 40
149 17 12 30
2617 17 12 19
2448 17 12 9
403 17 13 87
3677 17 13 76
4590 17 13 60
460 17 13 53
993 17 13 37
1528 17 13 25
1339 17 13 17
923 17 13 6
3504 17 15 86
4391 17 15 77
3768 17 15 68
933 17 15 62
3542 17 15 35
3747 17 15 28
2604 17 15 20
3123 17 15 8
3141 17 17 86
4316 17 17 77
3175 17 17 68
582 17 17 62
4022 17 17 31
2107 17 17 22
3840 17 17 11
3080 17 18 86
1701 17 18 77
675 17 18 68
4462 17 18 61
3182 17 18 49
222 17 18 40
3974 17 18 29
1419 17 18 19
4324 17 18 8
2695 17 19 86
459 17 19 77
597 17 19 68
1763 17 19 61
1953 17 19 49
3982 17 19 39
1147 17 19 30
369 17 19 19
3942 17 19 8
599 18 0 85
2840 18 0 64
4131 18 0 49
4181 18 0 38
2501 18 0 28
2986 18 0 19
3271 18 0 8
668 18 2 84
1309 18 2 73
3069 18 2 64
3753 18 2 49
2808 18 2 38
340 18 2 28
2035 18 2 19
1488 18 2 8
606 18 3 84
3577 18 3 72
3817 18 3 60
4479 18 3 52
3104 18 3 42
1544 18 3 29
4531 18 3 18
2124 18 3 10
3472 18 5 83
501 18 5 71
2571 18 5 60
1279 18 5 52
3075 18 5 42
3918 18 5 28
1978 18 5 19
406 18 5 8
2237 18 7 83
497 18 7 71
1660 18 7 60
815 18 7 52
1685 18 7 42
1870 18 7 28
119 18 7 19
4174 18 7 7
2393 18 10 82
4613 18 10 73
2336 18 10 64
760 18 10 49
3545 18 10 37
178 18 10 25
1193 18 10 17
4169 18 10 5
5 19 0 82
4584 19 0 73
2012 19 0 64
469 19 0 49
3340 19 0 37
167 19 0 25
560 19 0 17
3705 19 0 5
3599 19 2 81
2755 19 2 73
93 19 2 64
345 19 2 48
2025 19 2 36
2268 19 2 26
1869 19 2 20
2832 19 2 8
3035 19 3 81
2705 19 3 73
3515 19 3 63
2252 19 3 45
1036 19 3 36
1756 19 3 26
1575 19 3 20
2675 19 3 8
849 19 5 81
1891 19 5 73
3415 19 5 63
1624 19 5 45
2172 19 5 35
1391 19 5 28
4529 19 5 18
1935 19 5 10
3920 19 7 80
3068 19 7 71
3843 19 7 59
467 19 7 51
3373 19 7 41
936 19 7 29
4503 19 7 18
1542 19 7 10
2370 19 8 80
99 19 8 71
1838 19 8 59
323 19 8 49
2577 19 8 37
3668 19 8 24
3507 19 8 11
472 19 9 79
2128 19 9 70
3036 19 9 63
4159 19 9 44
279 19 9 35
2203 19 9 27
2048 19 9 18
1062 19 9 10
3318 19 10 78
464 19 10 71
479 19 10 59
4492 19 10 48
4422 19 10 35
1717 19 10 27
566 19 10 18
1048 19 10 10
2890 19 12 77
4215 19 12 66
2180 19 12 56
4211 19 12 46
1774 19 12 38
4599 19 12 27
3381 19 12 17
797 19 12 5
3786 19 13 72
1671 19 13 59
4314 19 13 48
4372 19 13 35
1699 19 13 27
2193 19 13 17
2563 19 13 4
3157 19 14 72
848 19 14 59
2930 19 14 48
2457 19 14 35
4536 19 14 26
4630 19 14 19
3777 19 14 7
1759 19 15 59
2646 19 15 48
585 19 15 34
87 19 15 22
3037 19 15 11
116 19 16 92
1611 19 16 83
276 19 16 71
4659 19 16 58
387 19 16 50
2210 19 16 38
3370 19 16 27
1724 19 16 17
1658 19 16 4
3667 19 17 91
1839 19 17 80
1799 19 17 70
1553 19 17 63
3174 19 17 44
505 19 17 34
49 19 17 21
3450 19 17 13
1432 19 17 6
2756 19 18 91
1020 19 18 80
1709 19 18 70
4291 19 18 62
3277 19 18 26
623 19 18 19
3294 19 18 7
988 19 19 91
3045 19 19 79
1416 19 19 70
4155 19 19 62
1124 19 19 49
903 19 19 37
2714 19 19 24
1728 19 19 11
