3017
4826 0 0 99
2655 0 0 97
97 0 0 95
5082 0 0 92
4596 0 0 89
2129 0 0 87
2619 0 0 83
5804 0 0 80
336 0 0 76
1918 0 0 73
493 0 0 70
3877 0 0 67
4220 0 0 65
800 0 0 62
5871 0 0 59
3445 0 0 56
2505 0 0 53
1951 0 0 51
5529 0 0 47
3908 0 0 45
749 0 0 42
3007 0 0 40
2287 0 0 37
1074 0 0 34
3562 0 0 32
4023 0 0 30
3386 0 0 27
2719 0 0 24
5816 0 0 21
4057 0 0 19
4807 0 0 17
5464 0 0 14
1991 0 0 12
4742 0 0 10
2572 0 0 7
5368 0 0 3
4232 0 0 1
5425 0 1 98
3504 0 1 95
5020 0 1 91
4290 0 1 88
5099 0 1 86
665 0 1 84
5369 0 1 80
118 0 1 76
742 0 1 73
5204 0 1 68
3310 0 1 66
286 0 1 63
4226 0 1 60
2240 0 1 57
6025 0 1 55
2243 0 1 53
4594 0 1 50
4539 0 1 47
2440 0 1 44
3365 0 1 42
1883 0 1 39
593 0 1 37
3943 0 1 33
4616 0 1 30
5435 0 1 26
4318 0 1 23
2501 0 1 20
1898 0 1 18
3496 0 1 14
3403 0 1 11
930 0 1 9
4365 0 1 7
3671 0 1 3
1428 0 2 98
2482 0 2 95
2773 0 2 91
1808 0 2 87
5533 0 2 82
2468 0 2 78
5485 0 2 74
3083 0 2 72
2853 0 2 69
5763 0 2 67
5673 0 2 64
5596 0 2 62
2844 0 2 59
4650 0 2 54
4155 0 2 50
4295 0 2 47
4449 0 2 43
5966 0 2 40
2091 0 2 37
3515 0 2 33
1738 0 2 29
2301 0 2 27
5922 0 2 23
1288 0 2 20
4511 0 2 17
2963 0 2 14
4683 0 2 10
3581 0 2 6
2988 0 2 4
3150 0 2 2
1969 0 3 97
4471 0 3 94
1897 0 3 91
1290 0 3 87
5468 0 3 82
2412 0 3 78
4323 0 3 74
814 0 3 72
1965 0 3 69
4954 0 3 66
72 0 3 63
4131 0 3 60
900 0 3 57
3743 0 3 55
3578 0 3 52
1855 0 3 50
1458 0 3 47
4165 0 3 43
5031 0 3 40
3354 0 3 36
1970 0 3 32
5130 0 3 29
438 0 3 27
5044 0 3 23
271 0 3 20
3291 0 3 17
568 0 3 14
2761 0 3 10
1149 0 3 6
4235 0 3 2
3561 0 4 96
1766 0 4 94
1010 0 4 91
4914 0 4 86
1662 0 4 83
5773 0 4 80
4764 0 4 75
5403 0 4 72
5332 0 4 68
674 0 4 66
5525 0 4 62
2253 0 4 59
3086 0 4 54
5945 0 4 49
4483 0 4 47
3114 0 4 43
4089 0 4 40
2552 0 4 36
3733 0 4 31
2654 0 4 29
4617 0 4 25
3353 0 4 22
5856 0 4 19
39 0 4 16
5680 0 4 13
4104 0 4 10
1006 0 4 6
4086 0 4 2
3433 0 5 96
5946 0 5 93
2948 0 5 90
4281 0 5 88
3893 0 5 83
2393 0 5 80
4144 0 5 75
1727 0 5 72
4781 0 5 68
276 0 5 66
4287 0 5 62
1114 0 5 59
1565 0 5 54
5911 0 5 49
4549 0 5 46
1942 0 5 44
4930 0 5 41
618 0 5 39
1453 0 5 36
1683 0 5 31
2233 0 5 27
4315 0 5 23
5002 0 5 19
5861 0 5 15
3604 0 5 12
1263 0 5 10
880 0 5 6
2731 0 5 2
2206 0 6 96
4927 0 6 93
985 0 6 90
5152 0 6 87
4767 0 6 82
5190 0 6 77
4241 0 6 74
4500 0 6 71
2992 0 6 69
4872 0 6 66
4268 0 6 62
3956 0 6 58
3982 0 6 54
2767 0 6 49
2480 0 6 46
2458 0 6 42
2441 0 6 38
3402 0 6 36
1194 0 6 31
4657 0 6 26
1339 0 6 23
4649 0 6 19
4404 0 6 15
1840 0 6 12
4473 0 6 9
2436 0 6 6
4335 0 6 1
595 0 7 96
4743 0 7 93
4979 0 7 89
2067 0 7 87
3478 0 7 82
4802 0 7 77
1298 0 7 74
3153 0 7 71
3983 0 7 68
2942 0 7 65
5077 0 7 61
5985 0 7 58
3375 0 7 53
5070 0 7 49
3149 0 7 45
5200 0 7 41
5649 0 7 38
4915 0 7 35
1384 0 7 32
4644 0 7 29
1891 0 7 25
2521 0 7 22
5266 0 7 19
4154 0 7 15
4527 0 7 11
2609 0 7 8
4033 0 7 6
4317 0 7 2
5471 0 8 95
1617 0 8 91
4816 0 8 86
3623 0 8 82
5325 0 8 76
5056 0 8 72
3548 0 8 68
2579 0 8 65
4578 0 8 61
5552 0 8 58
2997 0 8 53
5069 0 8 49
1234 0 8 45
4341 0 8 41
5095 0 8 38
3669 0 8 35
1258 0 8 32
5366 0 8 28
3138 0 8 25
1460 0 8 22
2702 0 8 19
771 0 8 15
4325 0 8 11
1975 0 8 7
2980 0 8 3
4855 0 9 95
1360 0 9 91
4234 0 9 86
3513 0 9 82
2466 0 9 76
4207 0 9 72
3381 0 9 68
3879 0 9 64
5521 0 9 61
5362 0 9 58
5821 0 9 52
4833 0 9 49
5339 0 9 44
2883 0 9 41
4581 0 9 38
4769 0 9 34
1566 0 9 31
4303 0 9 25
386 0 9 21
5259 0 9 17
3554 0 9 13
2269 0 9 10
4353 0 9 5
5730 0 9 1
2172 0 10 95
1106 0 10 91
2539 0 10 86
2799 0 10 82
2318 0 10 76
473 0 10 72
2325 0 10 68
227 0 10 64
2286 0 10 60
505 0 10 57
2936 0 10 54
2518 0 10 49
4147 0 10 44
2226 0 10 41
3453 0 10 38
3948 0 10 34
5158 0 10 30
5150 0 10 26
5344 0 10 22
1582 0 10 19
5458 0 10 14
5030 0 10 9
1764 0 10 6
4871 0 10 1
928 0 11 95
4699 0 11 90
4286 0 11 87
181 0 11 82
5270 0 11 75
1694 0 11 72
119 0 11 68
4227 0 11 63
1588 0 11 60
2242 0 11 56
1932 0 11 53
4119 0 11 49
3701 0 11 44
2174 0 11 40
699 0 11 36
1160 0 11 31
2939 0 11 25
4059 0 11 20
1701 0 11 17
3357 0 11 13
5217 0 11 9
936 0 11 6
3844 0 11 1
384 0 12 95
2500 0 12 90
394 0 12 87
4231 0 12 81
2873 0 12 78
3931 0 12 74
5113 0 12 70
1364 0 12 66
3722 0 12 62
2839 0 12 58
5007 0 12 52
3140 0 12 49
2227 0 12 44
571 0 12 40
5729 0 12 35
7 0 12 32
1669 0 12 28
2832 0 12 24
3157 0 12 21
3092 0 12 17
2097 0 12 13
2298 0 12 9
5230 0 12 5
3358 0 12 1
5364 0 13 94
513 0 13 91
1408 0 13 86
2744 0 13 81
2785 0 13 78
5004 0 13 73
4415 0 13 68
4198 0 13 63
3868 0 13 59
1368 0 13 54
1569 0 13 49
2126 0 13 44
4846 0 13 39
3429 0 13 35
2219 0 13 31
1879 0 13 25
3340 0 13 20
4406 0 13 16
658 0 13 13
2016 0 13 9
2153 0 13 5
1966 0 13 1
3524 0 14 94
922 0 14 90
5164 0 14 86
2373 0 14 81
3950 0 14 77
6028 0 14 73
3862 0 14 68
1920 0 14 63
2491 0 14 59
156 0 14 54
1326 0 14 49
1388 0 14 44
5160 0 14 38
3785 0 14 34
4751 0 14 30
4337 0 14 26
4900 0 14 22
5416 0 14 18
3248 0 14 14
4423 0 14 9
5033 0 14 4
4655 0 14 1
486 0 15 94
652 0 15 90
301 0 15 86
1938 0 15 81
3267 0 15 77
5351 0 15 73
3260 0 15 68
489 0 15 63
1606 0 15 59
5859 0 15 53
2661 0 15 49
883 0 15 44
4022 0 15 38
1464 0 15 34
4140 0 15 30
3622 0 15 26
3960 0 15 22
5146 0 15 18
2882 0 15 14
3602 0 15 9
306 0 15 4
4141 0 15 1
16 0 16 94
4478 0 16 89
281 0 16 86
1400 0 16 81
5954 0 16 76
245 0 16 72
4010 0 16 67
4569 0 16 64
2190 0 16 60
711 0 16 56
1343 0 16 53
5624 0 16 48
574 0 16 45
3315 0 16 41
2073 0 16 38
6015 0 16 33
832 0 16 29
5347 0 16 24
4495 0 16 20
973 0 16 16
4219 0 16 12
4344 0 16 9
238 0 16 4
165 0 16 1
5972 0 17 93
2620 0 17 89
3790 0 17 85
4162 0 17 82
5177 0 17 75
2410 0 17 71
4842 0 17 67
2884 0 17 64
1205 0 17 60
5451 0 17 55
2903 0 17 52
114 0 17 47
2990 0 17 43
541 0 17 39
2612 0 17 35
5086 0 17 30
3255 0 17 26
1116 0 17 22
4718 0 17 18
75 0 17 14
3576 0 17 9
5102 0 17 3
5631 0 18 93
1895 0 18 89
3056 0 18 85
3262 0 18 82
5174 0 18 75
615 0 18 71
3850 0 18 67
2121 0 18 64
5823 0 18 59
5764 0 18 53
5267 0 18 48
5502 0 18 44
3753 0 18 38
5772 0 18 33
5775 0 18 28
2376 0 18 24
3292 0 18 20
5949 0 18 15
2064 0 18 11
4066 0 18 6
4503 0 19 93
1658 0 19 89
2130 0 19 85
1574 0 19 82
3837 0 19 75
90 0 19 71
3411 0 19 67
1623 0 19 64
5719 0 19 59
4928 0 19 53
5037 0 19 48
3039 0 19 44
2083 0 19 38
5126 0 19 33
5381 0 19 28
6007 0 19 23
1366 0 19 19
5323 0 19 14
2169 0 19 9
4660 0 19 3
4248 2 0 93
4212 2 0 88
1711 2 0 83
5910 2 0 79
398 2 0 77
4529 2 0 73
3100 2 0 68
3628 2 0 62
2051 2 0 58
4880 2 0 52
5843 2 0 46
5970 2 0 41
1191 2 0 38
2262 2 0 33
5370 2 0 28
2261 2 0 23
80 2 0 19
3592 2 0 14
677 2 0 9
3996 2 0 3
570 2 1 93
3726 2 1 88
1243 2 1 83
1587 2 1 79
2510 2 1 76
5905 2 1 71
2973 2 1 67
589 2 1 64
4247 2 1 59
4461 2 1 53
4293 2 1 48
109 2 1 44
5489 2 1 37
293 2 1 33
1151 2 1 28
1983 2 1 23
5710 2 1 18
339 2 1 13
1809 2 1 9
3720 2 1 3
402 2 2 93
717 2 2 88
5178 2 2 82
2306 2 2 75
5738 2 2 70
1333 2 2 66
2152 2 2 62
3867 2 2 57
5849 2 2 53
3842 2 2 48
5983 2 2 43
5452 2 2 38
620 2 2 33
4243 2 2 27
2145 2 2 23
5465 2 2 18
4225 2 2 12
5621 2 2 8
5619 2 2 5
4725 2 3 92
1647 2 3 89
1852 2 3 85
265 2 3 82
1990 2 3 75
5519 2 3 70
4536 2 3 65
2009 2 3 61
5963 2 3 57
4013 2 3 53
5469 2 3 47
1200 2 3 43
5898 2 3 37
5449 2 3 32
1542 2 3 28
468 2 3 23
3634 2 3 18
4216 2 3 12
5373 2 3 8
5289 2 3 5
3566 2 4 92
5555 2 4 88
4873 2 4 82
882 2 4 75
5103 2 4 70
4172 2 4 65
4759 2 4 60
462 2 4 55
5377 2 4 51
5123 2 4 47
4224 2 4 42
5818 2 4 37
5101 2 4 32
234 2 4 28
5814 2 4 22
3643 2 4 18
3829 2 4 12
1999 2 4 8
5411 2 4 4
292 2 6 92
4171 2 6 88
4213 2 6 82
855 2 6 75
2871 2 6 70
3346 2 6 65
5144 2 6 59
2559 2 6 53
5335 2 6 47
3011 2 6 42
2078 2 6 37
3857 2 6 32
5355 2 6 27
4888 2 6 22
2270 2 6 18
2961 2 6 12
3350 2 6 7
690 2 6 3
4779 2 7 91
725 2 7 86
511 2 7 81
5885 2 7 76
5038 2 7 71
2397 2 7 67
5923 2 7 63
581 2 7 59
1801 2 7 53
5009 2 7 47
960 2 7 42
1698 2 7 37
3773 2 7 32
4182 2 7 27
4756 2 7 22
1383 2 7 18
310 2 7 12
3321 2 7 7
5024 2 7 2
3397 2 8 91
5420 2 8 84
3780 2 8 80
409 2 8 75
2755 2 8 70
3177 2 8 65
4773 2 8 59
1451 2 8 53
4823 2 8 47
5429 2 8 41
1104 2 8 38
5704 2 8 32
3656 2 8 27
3537 2 8 22
2498 2 8 17
828 2 8 13
4552 2 8 8
4621 2 8 4
2810 2 9 91
4164 2 9 84
3583 2 9 80
3755 2 9 74
4825 2 9 70
2401 2 9 65
4355 2 9 59
5557 2 9 52
5316 2 9 46
3692 2 9 41
359 2 9 38
5648 2 9 32
3571 2 9 27
3281 2 9 22
2105 2 9 17
267 2 9 13
1950 2 9 8
3385 2 9 4
1827 2 10 91
3892 2 10 84
425 2 10 80
1981 2 10 74
4385 2 10 70
2170 2 10 65
3778 2 10 59
5062 2 10 52
2481 2 10 46
1936 2 10 41
1807 2 10 37
3389 2 10 32
1120 2 10 27
834 2 10 22
318 2 10 17
5419 2 10 12
2747 2 10 7
4859 2 10 2
1709 2 11 91
3570 2 11 84
4507 2 11 79
2264 2 11 75
1740 2 11 70
1508 2 11 65
3664 2 11 59
1401 2 11 52
1937 2 11 46
4853 2 11 40
4186 2 11 35
3555 2 11 30
2586 2 11 26
5997 2 11 21
2437 2 11 17
5120 2 11 12
1642 2 11 7
4195 2 11 2
4904 2 12 90
3788 2 12 85
5500 2 12 81
3677 2 12 76
3997 2 12 71
5348 2 12 66
2735 2 12 61
5392 2 12 57
3134 2 12 53
1794 2 12 47
3205 2 12 41
1805 2 12 37
1100 2 12 32
5016 2 12 26
4055 2 12 21
1137 2 12 17
4043 2 12 12
1593 2 12 7
2465 2 12 2
4760 2 13 90
3776 2 13 85
4048 2 13 81
3257 2 13 76
2684 2 13 71
3719 2 13 66
2096 2 13 61
4267 2 13 57
2965 2 13 53
1718 2 13 47
2247 2 13 41
1498 2 13 37
5716 2 13 31
552 2 13 25
3072 2 13 19
3218 2 13 14
5855 2 13 8
920 2 13 4
3861 2 14 90
2835 2 14 85
3878 2 14 81
655 2 14 76
1419 2 14 71
2472 2 14 66
1259 2 14 61
2194 2 14 57
1452 2 14 53
5391 2 14 46
3293 2 14 40
3624 2 14 35
4532 2 14 29
5183 2 14 24
3290 2 14 20
5524 2 14 15
30 2 14 11
3304 2 14 6
3705 2 15 90
2652 2 15 85
3799 2 15 81
5809 2 15 75
753 2 15 70
5941 2 15 64
2563 2 15 59
871 2 15 52
280 2 15 46
2935 2 15 40
2556 2 15 35
4373 2 15 29
5116 2 15 24
1392 2 15 20
5402 2 15 15
4538 2 15 10
2678 2 15 5
3277 2 16 90
2578 2 16 85
2379 2 16 81
5227 2 16 75
649 2 16 70
4800 2 16 64
2283 2 16 59
150 2 16 52
5595 2 16 45
1868 2 16 41
4973 2 16 36
4747 2 16 30
107 2 16 26
3006 2 16 21
916 2 16 17
4024 2 16 12
196 2 16 7
174 2 16 2
2098 2 17 90
2564 2 17 85
5935 2 17 80
1387 2 17 74
4733 2 17 69
2314 2 17 65
2284 2 17 59
5073 2 17 51
3568 2 17 47
1405 2 17 41
3678 2 17 36
3182 2 17 30
5681 2 17 25
2075 2 17 19
2199 2 17 14
5447 2 17 8
876 2 17 4
5848 2 18 89
1376 2 18 85
5584 2 18 80
754 2 18 74
4071 2 18 69
1403 2 18 65
2252 2 18 59
4574 2 18 51
1223 2 18 47
5807 2 18 40
969 2 18 35
2745 2 18 29
4932 2 18 24
4221 2 18 19
639 2 18 14
5294 2 18 8
5180 2 18 3
1103 2 19 89
173 2 19 85
5453 2 19 80
3905 2 19 73
1886 2 19 68
2576 2 19 62
3575 2 19 57
5927 2 19 52
5273 2 19 45
1518 2 19 41
1390 2 19 36
2758 2 19 30
4738 2 19 25
323 2 19 19
3858 2 19 13
1873 2 19 8
2528 2 19 3
4005 3 0 88
2493 3 0 82
609 3 0 75
5806 3 0 69
15 3 0 65
1890 3 0 59
1671 3 0 51
3328 3 0 46
2496 3 0 40
567 3 0 35
5517 3 0 28
4175 3 0 22
5446 3 0 16
3959 3 0 12
4830 3 0 6
1769 3 1 88
1833 3 1 82
246 3 1 75
5666 3 1 69
4651 3 1 64
2224 3 1 59
902 3 1 51
2095 3 1 46
2343 3 1 40
54 3 1 35
3505 3 1 28
3569 3 1 22
2788 3 1 16
4497 3 1 11
1296 3 1 6
5684 3 2 87
1968 3 2 81
2762 3 2 75
4835 3 2 69
3563 3 2 64
1861 3 2 59
254 3 2 51
1987 3 2 46
856 3 2 40
53 3 2 35
830 3 2 28
3168 3 2 22
2650 3 2 16
4074 3 2 11
1099 3 2 6
3991 3 3 87
661 3 3 81
5881 3 3 74
3129 3 3 69
2547 3 3 64
1003 3 3 59
4732 3 3 50
3532 3 3 46
5017 3 3 39
6021 3 3 34
3483 3 3 30
3702 3 3 25
4255 3 3 18
5793 3 3 11
820 3 3 6
3122 3 4 87
516 3 4 81
5300 3 4 74
5841 3 4 68
1653 3 4 62
2039 3 4 57
5346 3 4 52
2886 3 4 45
1335 3 4 41
716 3 4 36
5591 3 4 29
4684 3 4 24
1410 3 4 19
2364 3 4 13
5404 3 4 7
5842 3 4 1
4453 3 6 85
4455 3 6 80
1495 3 6 73
1299 3 6 68
294 3 6 62
1130 3 6 57
978 3 6 52
5092 3 6 44
3130 3 6 37
5510 3 6 31
4520 3 6 24
1269 3 6 19
5701 3 6 12
3646 3 6 6
4094 3 7 85
3347 3 7 80
2368 3 7 72
2828 3 7 67
1878 3 7 63
122 3 7 59
4496 3 7 50
2585 3 7 45
1273 3 7 41
104 3 7 36
4028 3 7 29
4443 3 7 24
2994 3 7 18
4815 3 7 11
2663 3 7 5
5864 3 8 84
3866 3 8 79
2260 3 8 75
4135 3 8 69
1265 3 8 64
34 3 8 59
2981 3 8 50
5665 3 8 44
1450 3 8 37
3739 3 8 31
3665 3 8 24
1657 3 8 18
1643 3 8 11
2035 3 8 5
175 3 9 83
231 3 9 79
4390 3 9 74
5285 3 9 68
5322 3 9 61
646 3 9 57
5803 3 9 51
357 3 9 46
4587 3 9 39
3882 3 9 34
130 3 9 30
3021 3 9 25
4199 3 9 18
423 3 9 11
1427 3 9 5
2166 3 10 81
4971 3 10 74
4749 3 10 68
5218 3 10 61
5551 3 10 56
4862 3 10 52
4995 3 10 44
5097 3 10 36
3339 3 10 29
3811 3 10 24
1060 3 10 18
4592 3 10 10
1252 3 10 5
1804 3 11 81
3988 3 11 74
4364 3 11 68
4945 3 11 61
3419 3 11 56
4768 3 11 52
4884 3 11 44
4088 3 11 36
1716 3 11 29
3454 3 11 24
5866 3 11 17
788 3 11 12
3460 3 11 6
887 3 12 81
3631 3 12 74
3681 3 12 68
4505 3 12 61
2239 3 12 56
3809 3 12 52
4881 3 12 44
1857 3 12 36
1280 3 12 29
3309 3 12 24
5553 3 12 17
152 3 12 12
3003 3 12 6
2703 3 13 80
1629 3 13 72
1947 3 13 67
1595 3 13 63
5252 3 13 58
4427 3 13 52
1348 3 13 44
801 3 13 36
3416 3 13 28
3076 3 13 22
1342 3 13 16
2337 3 13 11
8 3 13 5
5952 3 14 79
3538 3 14 74
5744 3 14 67
1913 3 14 62
295 3 14 57
5478 3 14 51
5168 3 14 45
389 3 14 41
4346 3 14 35
4564 3 14 27
627 3 14 22
48 3 14 16
2848 3 14 10
827 3 14 5
4460 3 15 77
2811 3 15 73
1026 3 15 68
3826 3 15 61
4083 3 15 55
4615 3 15 51
4678 3 15 45
327 3 15 41
3619 3 15 35
4271 3 15 27
5193 3 15 21
197 3 15 17
2967 3 15 11
3477 3 15 4
3181 3 16 75
3645 3 16 69
1144 3 16 64
6016 3 16 58
2013 3 16 52
2952 3 16 43
5876 3 16 37
3132 3 16 31
3590 3 16 24
3152 3 16 17
2914 3 16 11
2573 3 16 4
1964 3 17 74
4748 3 17 67
1238 3 17 62
5986 3 17 56
5891 3 17 51
2026 3 17 45
3894 3 17 40
17 3 17 35
3928 3 17 27
3872 3 17 21
4565 3 17 16
1849 3 17 10
4576 3 17 4
1278 3 18 74
3986 3 18 67
6001 3 18 61
2711 3 18 55
4419 3 18 51
264 3 18 45
3937 3 18 38
5454 3 18 32
5003 3 18 26
1663 3 18 21
3567 3 18 16
1084 3 18 10
4274 3 18 4
4754 3 19 72
1409 3 19 67
5989 3 19 61
2674 3 19 55
3349 3 19 50
5008 3 19 44
5901 3 19 35
3459 3 19 27
3745 3 19 21
3464 3 19 16
891 3 19 10
3641 3 19 4
3217 4 6 71
863 4 6 66
886 4 6 61
1469 4 6 55
701 4 6 50
1829 4 6 44
5437 4 6 35
1687 4 6 27
5350 4 6 20
4308 4 6 15
2080 4 6 10
2993 4 6 4
4452 5 0 68
3185 5 0 61
4956 5 0 54
5913 5 0 48
5313 5 0 43
5717 5 0 37
2938 5 0 31
1817 5 0 24
2682 5 0 17
2850 5 0 11
1014 5 0 4
3308 5 1 68
1637 5 1 61
2545 5 1 54
4254 5 1 48
4477 5 1 43
4908 5 1 37
2724 5 1 31
5830 5 1 23
3371 5 1 18
4289 5 1 10
1548 5 1 4
953 5 2 66
3236 5 2 60
4629 5 2 54
3750 5 2 48
4040 5 2 43
3249 5 2 37
1206 5 2 31
5154 5 2 23
1821 5 2 18
2734 5 2 10
1524 5 2 4
1952 5 3 64
5018 5 3 58
997 5 3 52
2801 5 3 43
4019 5 3 36
2912 5 3 28
3068 5 3 22
3406 5 3 15
1567 5 3 10
1210 5 3 4
1721 5 4 64
4676 5 4 58
320 5 4 52
2454 5 4 43
3804 5 4 36
2840 5 4 28
2488 5 4 22
3227 5 4 15
451 5 4 10
718 5 4 4
5109 5 6 97
1370 5 6 94
349 5 6 89
6006 5 6 84
3441 5 6 79
3415 5 6 74
2339 5 6 67
5132 5 6 61
823 5 6 54
3192 5 6 48
3933 5 6 43
2833 5 6 36
741 5 6 28
2456 5 6 22
2870 5 6 15
4098 5 6 9
3279 5 6 3
3269 5 8 97
4857 5 8 93
4613 5 8 87
148 5 8 81
2296 5 8 74
1095 5 8 67
4682 5 8 61
3846 5 8 53
5052 5 8 45
2722 5 8 38
2739 5 8 32
3468 5 8 26
5019 5 8 20
1650 5 8 15
3470 5 8 9
3270 5 8 3
2834 5 9 97
3711 5 9 93
2922 5 9 87
5475 5 9 80
1627 5 9 72
1394 5 9 67
1994 5 9 61
3139 5 9 53
2336 5 9 45
2530 5 9 38
1448 5 9 32
3387 5 9 26
4016 5 9 20
999 5 9 15
3226 5 9 9
2363 5 9 3
4697 6 4 96
1318 6 4 93
5894 6 4 86
5250 6 4 80
942 6 4 72
459 6 4 67
1067 6 4 61
2645 6 4 53
5907 6 4 44
4879 6 4 35
1608 6 4 27
5253 6 4 20
5118 6 4 14
2147 6 4 8
5964 6 4 2
3045 6 6 96
5286 6 6 92
3621 6 6 88
5598 6 6 81
2127 6 6 74
141 6 6 67
504 6 6 61
2173 6 6 53
5630 6 6 44
3235 6 6 35
1170 6 6 27
5229 6 6 20
2917 6 6 14
1725 6 6 8
5832 6 6 2
2639 6 8 96
4533 6 8 92
5982 6 8 87
4843 6 8 80
691 6 8 72
5359 6 8 66
2566 6 8 60
3812 6 8 54
3111 6 8 48
429 6 8 43
1586 6 8 36
212 6 8 28
1957 6 8 22
744 6 8 15
2792 6 8 8
5597 6 8 2
3369 6 9 95
1161 6 9 90
2061 6 9 85
3009 6 9 80
2029 6 9 71
5291 6 9 65
1863 6 9 59
2851 6 9 50
430 6 9 44
3063 6 9 35
666 6 9 27
3108 6 9 20
2116 6 9 14
941 6 9 8
5380 6 9 2
5139 6 10 94
5274 6 10 88
5415 6 10 81
4611 6 10 73
5280 6 10 67
5295 6 10 60
3194 6 10 54
2995 6 10 48
6013 6 10 42
5013 6 10 36
5675 6 10 27
2395 6 10 20
1715 6 10 14
731 6 10 8
4771 6 10 2
4777 6 11 94
3031 6 11 88
5043 6 11 81
1928 6 11 73
5271 6 11 67
4425 6 11 60
1537 6 11 54
1912 6 11 48
5025 6 11 42
3586 6 11 36
3120 6 11 27
2192 6 11 20
1216 6 11 14
5513 6 11 7
2276 6 11 1
4146 6 12 94
2293 6 12 88
3186 6 12 81
1134 6 12 73
5034 6 12 67
3044 6 12 60
4304 6 12 53
4457 6 12 44
3062 6 12 35
659 6 12 27
1602 6 12 20
797 6 12 14
2949 6 12 7
2104 6 12 1
3241 6 13 94
445 6 13 88
1786 6 13 81
4368 6 13 72
5119 6 13 66
283 6 13 60
5750 6 13 52
4680 6 13 42
5771 6 13 35
270 6 13 26
5578 6 13 19
4413 6 13 12
938 6 13 6
3208 6 14 94
4688 6 14 87
3921 6 14 80
1414 6 14 71
4078 6 14 65
1605 6 14 59
2656 6 14 50
5937 6 14 43
1446 6 14 36
3119 6 14 27
1291 6 14 20
507 6 14 14
1842 6 14 7
1810 6 14 1
2854 6 15 94
4408 6 15 87
2626 6 15 80
5505 6 15 70
4475 6 15 64
4096 6 15 58
5026 6 15 51
5414 6 15 44
1919 6 15 35
5845 6 15 25
3213 6 15 18
1250 6 15 10
68 6 15 4
1393 6 16 94
3884 6 16 87
2193 6 16 80
3502 6 16 70
3633 6 16 64
3941 6 16 58
4788 6 16 51
2568 6 16 44
163 6 16 35
4142 6 16 25
2404 6 16 18
1108 6 16 10
3215 6 16 3
853 6 17 94
3863 6 17 87
983 6 17 80
2704 6 17 70
3237 6 17 64
3284 6 17 58
4442 6 17 51
2273 6 17 44
4761 6 17 34
4674 6 17 29
4118 6 17 23
1551 6 17 18
664 6 17 10
2937 6 17 3
5889 6 18 93
5498 6 18 86
1525 6 18 80
3312 6 18 69
5055 6 18 63
4614 6 18 58
4025 6 18 51
1282 6 18 44
3361 6 18 34
269 6 18 29
3364 6 18 23
1710 6 18 17
2106 6 18 11
5918 6 18 3
4291 6 19 93
4294 6 19 86
232 6 19 80
1235 6 19 68
316 6 19 61
1655 6 19 53
3467 6 19 44
2800 6 19 34
5802 6 19 28
728 6 19 22
324 6 19 15
1052 6 19 8
2955 6 19 2
4008 7 1 93
3209 7 1 86
5304 7 1 79
2897 7 1 74
6027 7 1 66
3834 7 1 59
4284 7 1 49
803 7 1 44
251 7 1 34
3742 7 1 28
509 7 1 22
3969 7 1 14
514 7 1 7
994 7 1 1
2598 7 2 93
2872 7 2 86
2902 7 2 79
2783 7 2 74
5978 7 2 66
2900 7 2 59
249 7 2 49
500 7 2 44
5378 7 2 33
1473 7 2 27
841 7 2 20
5422 7 2 13
5163 7 2 7
5128 7 3 92
5647 7 3 87
875 7 3 80
364 7 3 68
284 7 3 61
1232 7 3 53
3124 7 3 44
2297 7 3 33
5441 7 3 26
4624 7 3 19
868 7 3 12
5000 7 3 5
4969 7 4 92
1719 7 4 87
787 7 4 80
3796 7 4 67
44 7 4 60
5275 7 4 52
2069 7 4 42
5643 7 4 35
1162 7 4 25
1016 7 4 18
591 7 4 10
2857 7 4 3
3731 7 6 92
1693 7 6 87
746 7 6 80
2381 7 6 67
5182 7 6 59
5829 7 6 48
3540 7 6 42
3654 7 6 35
441 7 6 25
5450 7 6 17
2018 7 6 11
5319 7 6 3
3648 7 8 92
1293 7 8 87
5896 7 8 79
756 7 8 74
4456 7 8 66
2596 7 8 59
5617 7 8 48
2795 7 8 42
3424 7 8 35
3854 7 8 24
1603 7 8 17
4708 7 8 10
2082 7 8 3
3547 7 10 92
1256 7 10 87
5170 7 10 79
577 7 10 74
3521 7 10 66
2494 7 10 59
5594 7 10 48
4938 7 10 41
3507 7 10 35
3808 7 10 24
5148 7 10 16
4256 7 10 9
1517 7 10 3
3422 7 11 92
506 7 11 87
4599 7 11 79
4440 7 11 73
4903 7 11 67
3797 7 11 59
5240 7 11 48
4878 7 11 41
4635 7 11 34
2668 7 11 28
162 7 11 22
3679 7 11 14
233 7 11 6
3367 7 12 92
4092 7 12 86
2280 7 12 79
4261 7 12 73
3651 7 12 67
3107 7 12 59
3075 7 12 48
4736 7 12 41
3591 7 12 34
5988 7 12 27
4288 7 12 19
358 7 12 12
2443 7 12 5
2796 7 13 92
3795 7 13 86
1901 7 13 79
2765 7 13 73
3642 7 13 67
706 7 13 59
2927 7 13 48
2688 7 13 41
3204 7 13 34
3070 7 13 27
3180 7 13 19
5536 7 13 11
2041 7 13 3
1959 7 14 92
3630 7 14 86
5657 7 14 78
4864 7 14 73
2805 7 14 67
1264 7 14 58
1300 7 14 51
940 7 14 44
1803 7 14 33
3965 7 14 26
450 7 14 19
3596 7 14 11
1225 7 14 3
1917 7 15 92
2265 7 15 86
5053 7 15 78
4352 7 15 73
2764 7 15 67
5745 7 15 57
5277 7 15 51
453 7 15 44
678 7 15 33
2787 7 15 26
5976 7 15 18
437 7 15 10
5341 7 15 2
1519 7 16 92
2031 7 16 86
2414 7 16 78
3765 7 16 73
25 7 16 67
2960 7 16 57
4622 7 16 51
3530 7 16 43
5650 7 16 35
773 7 16 24
4190 7 16 16
4125 7 16 9
5561 7 16 2
634 7 17 92
656 7 17 86
1321 7 17 78
3439 7 17 73
5626 7 17 66
1726 7 17 59
762 7 17 48
2658 7 17 41
724 7 17 34
2606 7 17 27
1672 7 17 19
3465 7 17 11
1092 7 17 3
5358 7 18 91
2017 7 18 84
3335 7 18 79
2677 7 18 73
3008 7 18 66
4282 7 18 58
638 7 18 51
1791 7 18 43
5488 7 18 35
4946 7 18 23
6 7 18 17
2117 7 18 10
5080 7 18 2
4722 7 19 91
6024 7 19 83
4959 7 19 78
1555 7 19 73
2687 7 19 66
3737 7 19 58
328 7 19 51
921 7 19 43
4889 7 19 35
4555 7 19 23
4803 7 19 16
2427 7 19 9
4100 7 19 2
4072 8 1 91
4993 8 1 83
3336 8 1 78
1354 8 1 73
2550 8 1 66
3425 8 1 58
63 8 1 51
818 8 1 43
4319 8 1 35
5131 8 1 22
1867 8 1 14
5868 8 1 5
4058 8 2 91
4606 8 2 83
3067 8 2 78
262 8 2 73
2532 8 2 66
3355 8 2 58
5417 8 2 50
4643 8 2 43
3528 8 2 35
892 8 2 22
417 8 2 14
5636 8 2 5
3221 8 3 91
4603 8 3 83
329 8 3 78
4506 8 3 72
4382 8 3 66
2670 8 3 58
5236 8 3 50
3810 8 3 43
3093 8 3 35
4943 8 3 21
4712 8 3 15
614 8 3 8
2208 8 3 2
3048 8 4 91
3329 8 4 83
4350 8 4 77
5607 8 4 72
3930 8 4 66
2034 8 4 58
4987 8 4 50
3497 8 4 43
1783 8 4 35
687 8 4 20
3564 8 4 13
4609 8 4 7
2407 8 6 91
2132 8 6 83
1119 8 6 77
4887 8 6 72
2814 8 6 66
1737 8 6 58
3437 8 6 50
3005 8 6 43
648 8 6 35
3090 8 6 18
5683 8 6 9
4029 8 6 2
1992 8 8 91
585 8 8 83
5798 8 8 76
5742 8 8 70
3142 8 8 64
3103 8 8 58
3246 8 8 50
1557 8 8 43
159 8 8 35
5432 8 8 17
1837 8 8 10
3942 8 8 2
4093 8 10 90
5096 8 10 84
4672 8 10 78
4266 8 10 72
128 8 10 66
153 8 10 58
1564 8 10 50
73 8 10 43
4960 8 10 34
2512 8 10 27
5995 8 10 18
5534 8 10 9
1775 8 10 2
3832 9 1 90
4701 9 1 84
2370 9 1 78
2895 9 1 72
2567 9 1 65
1310 9 1 59
81 9 1 48
2631 9 1 41
578 9 1 34
2022 9 1 27
5481 9 1 18
4729 9 1 9
1598 9 1 2
1939 9 4 90
3368 9 4 84
2324 9 4 78
1521 9 4 72
1267 9 4 65
5136 9 4 58
598 9 4 50
5440 9 4 42
1578 9 4 35
1636 9 4 17
1697 9 4 10
3909 9 4 2
1923 9 6 90
2940 9 6 84
1198 9 6 78
1324 9 6 72
535 9 6 65
1066 9 6 58
5646 9 6 49
5944 9 6 43
4924 9 6 34
5641 9 6 26
3618 9 6 18
3613 9 6 9
1534 9 6 2
1485 9 8 90
2618 9 8 84
449 9 8 78
3752 9 8 71
3781 9 8 65
4691 9 8 57
4530 9 8 51
3471 9 8 42
3444 9 8 34
3638 9 8 26
2043 9 8 18
3442 9 8 9
5958 9 8 1
2111 9 10 89
3608 9 10 84
5407 9 10 77
3167 9 10 72
5198 9 10 64
4482 9 10 57
2131 9 10 51
2790 9 10 42
2137 9 10 34
3102 9 10 26
5125 9 10 17
1431 9 10 10
3659 9 10 2
1406 9 12 89
811 9 12 84
3534 9 12 77
757 9 12 72
2250 9 12 64
3748 9 12 57
4080 9 12 50
5318 9 12 42
1085 9 12 34
914 9 12 26
2002 9 12 17
1011 9 12 10
2580 9 12 2
288 9 13 89
562 9 13 84
2697 9 13 77
1600 9 13 71
2329 9 13 65
3553 9 13 57
1197 9 13 50
4920 9 13 42
776 9 13 34
4978 9 13 25
4009 9 13 17
240 9 13 10
897 9 13 2
5925 9 14 88
354 9 14 81
3096 9 14 72
1178 9 14 64
2230 9 14 57
1139 9 14 50
4909 9 14 42
98 9 14 34
3159 9 14 25
2028 9 14 17
139 9 14 10
5375 9 14 1
3906 9 15 88
5685 9 15 80
1816 9 15 67
2685 9 15 57
576 9 15 50
4469 9 15 42
5528 9 15 33
2408 9 15 26
1533 9 15 17
5518 9 15 9
3925 9 15 1
1910 9 16 88
1146 9 16 80
408 9 16 67
4426 9 16 56
5175 9 16 51
5281 9 16 41
370 9 16 34
2696 9 16 25
5687 9 16 16
4997 9 16 8
1501 9 16 2
1834 9 17 88
3940 9 17 79
5625 9 17 72
3323 9 17 63
3463 9 17 58
3972 9 17 49
5920 9 17 43
4187 9 17 34
1244 9 17 25
5401 9 17 16
1900 9 17 8
217 9 17 2
945 9 18 88
3183 9 18 79
5541 9 18 72
1361 9 18 63
2390 9 18 58
3870 9 18 49
4122 9 18 43
2748 9 18 34
3572 9 18 24
20 9 18 16
1763 9 18 8
5035 9 18 1
842 9 19 88
1946 9 19 79
5106 9 19 72
2771 9 19 62
5791 9 19 56
5173 9 19 51
4498 9 19 41
5691 9 19 33
2214 9 19 26
87 9 19 17
3994 9 19 9
1640 9 19 1
5321 10 1 86
1260 10 1 78
70 10 1 71
2135 10 1 65
2879 10 1 57
6023 10 1 49
1757 10 1 43
2562 10 1 34
2665 10 1 24
3716 10 1 15
61 10 1 8
4813 10 1 1
3650 10 3 86
5315 10 3 77
1117 10 3 71
2120 10 3 65
1668 10 3 57
5546 10 3 49
534 10 3 43
1454 10 3 34
767 10 3 24
3712 10 3 15
4196 10 3 7
958 10 19 86
4659 10 19 77
610 10 19 71
3322 10 19 64
893 10 19 57
5388 10 19 49
418 10 19 43
869 10 19 34
3707 10 19 23
4740 10 19 16
924 10 19 8
4263 10 19 1
947 11 1 86
4298 11 1 77
420 11 1 71
2474 11 1 64
4940 11 1 56
4926 11 1 51
4047 11 1 41
5547 11 1 33
1415 11 1 26
5951 11 1 16
758 11 1 8
2060 11 1 1
1528 11 3 83
5245 11 3 76
2651 11 3 70
2749 11 3 64
3542 11 3 56
4519 11 3 51
3640 11 3 41
5477 11 3 33
1336 11 3 26
966 11 3 16
748 11 3 8
1652 11 3 1
647 11 5 83
3446 11 5 76
1476 11 5 70
1638 11 5 64
785 11 5 56
3967 11 5 51
2779 11 5 41
764 11 5 33
21 11 5 26
5228 11 5 15
4102 11 5 7
4168 11 8 82
5651 11 8 74
3151 11 8 66
3926 11 8 57
5234 11 8 49
392 11 8 43
5714 11 8 33
4892 11 8 25
4827 11 8 16
482 11 8 8
843 11 10 82
5302 11 10 74
1660 11 10 66
3393 11 10 57
5207 11 10 49
5036 11 10 42
4328 11 10 33
3981 11 10 25
3697 11 10 16
5580 11 10 7
6003 11 12 81
2756 11 12 72
1056 11 12 62
3815 11 12 56
3593 11 12 51
1181 11 12 41
5979 11 12 32
2969 11 12 26
4652 11 12 15
4050 11 12 7
2856 11 13 81
2592 11 13 72
4405 11 13 61
5050 11 13 52
531 11 13 42
3685 11 13 33
2958 11 13 25
2565 11 13 16
5428 11 13 7
1633 11 14 79
5068 11 14 72
4120 11 14 61
4801 11 14 52
4895 11 14 41
5145 11 14 32
2862 11 14 26
3018 11 14 15
2101 11 14 7
3639 11 15 72
3525 11 15 61
4601 11 15 52
3802 11 15 41
4776 11 15 32
2772 11 15 26
1510 11 15 15
1875 11 15 7
545 11 17 72
2845 11 17 61
1105 11 17 52
2746 11 17 41
4831 11 17 31
4961 11 17 23
4641 11 17 16
4105 11 17 7
1723 11 18 69
4502 11 18 63
2346 11 18 58
2446 11 18 49
2932 11 18 42
1770 11 18 33
2044 11 18 25
2495 11 18 16
3708 11 18 7
4706 11 19 59
3 11 19 48
1461 11 19 41
3670 11 19 31
4668 11 19 23
4517 11 19 16
2975 11 19 7
3518 12 5 57
4793 12 5 49
1748 12 5 42
5012 12 5 32
2637 12 5 26
3112 12 5 14
4939 12 5 5
2385 12 8 54
1514 12 8 48
1051 12 8 41
2471 12 8 31
4239 12 8 23
2913 12 8 16
636 12 8 7
4297 12 10 96
1356 12 10 92
5129 12 10 85
2537 12 10 80
4324 12 10 66
5749 12 10 56
1179 12 10 51
1081 12 10 41
4099 12 10 30
1109 12 10 25
1872 12 10 16
180 12 10 7
1340 12 12 96
5424 12 12 91
4980 12 12 82
2486 12 12 74
5917 12 12 65
1612 12 12 57
3820 12 12 49
1607 12 12 42
1850 12 12 32
1417 12 12 26
205 12 12 14
3106 12 12 5
1068 12 13 96
5276 12 13 91
4395 12 13 82
2425 12 13 74
5262 12 13 65
1059 12 13 57
3065 12 13 49
1033 12 13 42
1030 12 13 32
304 12 13 26
3817 12 13 13
4480 12 13 7
3526 12 14 95
5379 12 14 89
343 12 14 84
1845 12 14 77
297 12 14 71
2023 12 14 64
191 12 14 56
1145 12 14 51
4665 12 14 40
5754 12 14 34
2561 12 14 23
2419 12 14 16
5457 12 14 6
2597 12 15 95
4894 12 15 89
5728 12 15 83
2341 12 15 76
1433 12 15 70
99 12 15 64
3049 12 15 55
602 12 15 50
3775 12 15 42
5715 12 15 31
3704 12 15 23
1355 12 15 16
3495 12 15 6
2167 13 0 95
1659 13 0 89
5727 13 0 83
2278 13 0 76
5778 13 0 69
4433 13 0 63
1724 13 0 58
2088 13 0 49
1004 13 0 42
4734 13 0 31
2622 13 0 23
475 13 0 16
826 13 0 6
4720 13 1 94
1365 13 1 87
4370 13 1 79
3104 13 1 72
2614 13 1 61
5299 13 1 51
258 13 1 40
5456 13 1 34
314 13 1 23
143 13 1 16
526 13 1 6
3841 13 2 94
372 13 2 87
4004 13 2 79
2445 13 2 72
2249 13 2 61
4311 13 2 51
1862 13 2 39
2982 13 2 34
5559 13 2 22
308 13 2 14
2632 13 2 5
2968 13 3 94
29 13 3 87
3395 13 3 79
1651 13 3 72
416 13 3 61
2238 13 3 51
342 13 3 39
2515 13 3 34
5166 13 3 22
3196 13 3 13
4279 13 3 7
5959 13 4 93
2351 13 4 86
2429 13 4 77
184 13 4 71
194 13 4 64
2371 13 4 55
2928 13 4 49
6002 13 4 41
3285 13 4 30
908 13 4 25
1444 13 4 16
2402 13 4 5
3410 13 5 93
2340 13 5 86
1924 13 5 77
177 13 5 71
5751 13 5 63
1509 13 5 58
1530 13 5 49
3840 13 5 41
2822 13 5 30
4313 13 5 24
1233 13 5 15
1761 13 5 7
2305 13 6 93
1814 13 6 86
1771 13 6 77
52 13 6 71
3344 13 6 63
662 13 6 58
1054 13 6 49
1163 13 6 41
622 13 6 30
3423 13 6 24
686 13 6 15
5282 13 6 6
2019 13 8 93
1720 13 8 86
1055 13 8 77
3599 13 8 70
4526 13 8 63
2640 13 8 57
2778 13 8 49
1036 13 8 41
613 13 8 30
2733 13 8 24
5916 13 8 14
2326 13 8 5
688 13 10 93
1167 13 10 86
3288 13 10 76
5171 13 10 69
2432 13 10 63
5110 13 10 56
5260 13 10 50
5820 13 10 41
3935 13 10 29
1110 13 10 23
5214 13 10 15
4356 13 10 6
5606 13 15 92
4562 13 15 85
1236 13 15 80
4097 13 15 66
5310 13 15 56
4861 13 15 50
3968 13 15 41
2714 13 15 28
5589 13 15 21
4340 13 15 15
4265 13 15 6
4117 13 16 92
2701 13 16 85
452 13 16 80
3362 13 16 66
4890 13 16 56
4778 13 16 50
1931 13 16 41
2195 13 16 28
4847 13 16 21
3224 13 16 15
3865 13 16 6
4027 13 17 92
765 13 17 85
3787 13 17 79
962 13 17 72
5610 13 17 60
3673 13 17 52
1777 13 17 41
387 13 17 28
5726 13 17 20
2769 13 17 13
3287 13 17 7
3871 13 18 92
692 13 18 85
1677 13 18 79
344 13 18 72
4661 13 18 60
2583 13 18 52
1183 13 18 41
1468 13 18 27
4012 13 18 18
2978 13 18 9
2205 13 19 92
447 13 19 85
738 13 19 79
4791 13 19 71
3064 13 19 63
4151 13 19 56
3219 13 19 50
1124 13 19 41
478 13 19 27
3451 13 19 18
2288 13 19 9
2037 14 0 92
5303 14 0 84
1344 14 0 77
2183 14 0 70
4523 14 0 63
2983 14 0 56
2976 14 0 50
5249 14 0 40
3847 14 0 34
2046 14 0 22
1743 14 0 13
2998 14 0 7
1018 14 8 92
4612 14 8 84
894 14 8 76
5021 14 8 69
1539 14 8 63
2462 14 8 56
4595 14 8 49
144 14 8 41
5433 14 8 26
3674 14 8 13
2386 14 8 7
179 14 10 92
1121 14 10 84
18 14 10 76
4402 14 10 69
1505 14 10 63
548 14 10 56
2906 14 10 49
5635 14 10 40
5800 14 10 33
1680 14 10 25
5759 14 10 15
1667 14 10 6
2323 14 11 91
4782 14 11 81
6008 14 11 71
2985 14 11 63
5799 14 11 55
2866 14 11 49
5514 14 11 40
5615 14 11 33
1430 14 11 25
5309 14 11 15
1313 14 11 6
1391 14 12 91
4156 14 12 81
5006 14 12 71
1976 14 12 63
5161 14 12 55
2660 14 12 49
4414 14 12 40
5442 14 12 33
171 14 12 25
2400 14 12 15
1113 14 12 6
5530 14 13 90
2608 14 13 84
5312 14 13 75
2535 14 13 69
606 14 13 63
4556 14 13 55
2541 14 13 49
1283 14 13 40
4056 14 13 33
3427 14 13 24
5357 14 13 14
1838 14 13 5
3417 14 14 90
2254 14 14 84
5181 14 14 75
2406 14 14 69
5774 14 14 62
1579 14 14 56
2423 14 14 49
1143 14 14 40
3889 14 14 33
2519 14 14 24
4583 14 14 14
190 14 14 5
2789 14 15 90
2003 14 15 84
4902 14 15 75
1203 14 15 69
3932 14 15 62
1472 14 15 56
5708 14 15 48
660 14 15 41
5301 14 15 26
1350 14 15 13
1478 14 15 7
1854 14 16 90
1556 14 16 84
2705 14 16 75
4257 14 16 68
5480 14 16 59
4745 14 16 47
3487 14 16 40
2571 14 16 33
2234 14 16 24
4387 14 16 14
5731 14 16 4
782 14 17 90
861 14 17 84
2450 14 17 75
5071 14 17 67
1536 14 17 56
4258 14 17 48
64 14 17 41
569 14 17 26
5367 14 17 12
291 14 17 5
3689 14 18 88
3831 14 18 78
5882 14 18 70
2874 14 18 63
951 14 18 55
1847 14 18 49
5408 14 18 39
1797 14 18 34
221 14 18 22
561 14 18 13
5208 14 18 6
2367 14 19 88
2808 14 19 78
5222 14 19 70
226 14 19 63
713 14 19 55
1097 14 19 49
4575 14 19 39
1692 14 19 34
4719 14 19 21
777 14 19 15
138 14 19 6
3231 15 0 87
2394 15 0 79
4677 15 0 71
1270 15 0 63
5765 15 0 54
1078 15 0 48
4947 15 0 40
2134 15 0 33
501 15 0 24
2307 15 0 14
5410 15 0 4
3160 15 2 87
215 15 2 79
3016 15 2 71
5349 15 2 62
1126 15 2 56
4209 15 2 48
4437 15 2 40
1435 15 2 33
4327 15 2 23
5051 15 2 15
5311 15 2 5
214 15 3 87
5813 15 3 78
4075 15 3 70
4731 15 3 62
1053 15 3 56
1477 15 3 48
3690 15 3 40
1229 15 3 33
3649 15 3 23
4632 15 3 15
4194 15 3 5
2420 15 4 86
3146 15 4 76
3835 15 4 69
2526 15 4 62
4817 15 4 55
815 15 4 49
3289 15 4 39
1596 15 4 34
6009 15 4 20
1889 15 4 13
4918 15 4 6
3243 15 5 85
4985 15 5 78
3295 15 5 70
3784 15 5 62
1954 15 5 54
209 15 5 48
2861 15 5 40
1177 15 5 33
2690 15 5 23
2444 15 5 15
3042 15 5 5
4667 15 6 84
2369 15 6 75
4783 15 6 67
5652 15 6 55
4053 15 6 48
331 15 6 40
5076 15 6 32
67 15 6 26
1496 15 6 12
4744 15 6 4
4230 15 8 84
2187 15 8 75
1911 15 8 67
4085 15 8 55
4000 15 8 48
5844 15 8 39
1251 15 8 34
3929 15 8 20
993 15 8 13
904 15 8 6
2896 16 0 84
1907 16 0 75
1459 16 0 67
3030 16 0 55
3912 16 0 48
5293 16 0 39
5862 16 0 33
1702 16 0 23
1610 16 0 15
603 16 0 3
1905 16 2 84
1349 16 2 75
2653 16 2 66
3955 16 2 56
4839 16 2 47
2524 16 2 40
3544 16 2 32
55 16 2 26
1019 16 2 12
4206 16 2 4
600 16 3 84
5883 16 3 74
4551 16 3 65
4640 16 3 56
4111 16 3 47
2490 16 3 40
2757 16 3 32
3903 16 3 25
1656 16 3 15
5261 16 3 2
5733 16 8 83
1047 16 8 76
3294 16 8 69
865 16 8 62
750 16 8 54
3082 16 8 47
5908 16 8 39
5413 16 8 33
763 16 8 23
1166 16 8 15
2084 16 8 2
2489 16 10 83
911 16 10 76
3175 16 10 69
680 16 10 62
307 16 10 54
3058 16 10 47
4242 16 10 39
2885 16 10 33
5241 16 10 22
4504 16 10 12
2742 16 10 4
2175 16 11 83
259 16 11 76
2996 16 11 69
5605 16 11 61
1249 16 11 51
5736 16 11 38
395 16 11 32
3869 16 11 25
723 16 11 15
3698 16 11 1
1214 16 12 83
123 16 12 76
4285 16 12 68
5040 16 12 59
2623 16 12 47
3131 16 12 39
1649 16 12 33
4543 16 12 22
4060 16 12 12
1614 16 12 4
925 16 13 83
5585 16 13 75
2258 16 13 66
1707 16 13 56
3902 16 13 47
2487 16 13 39
1040 16 13 33
2151 16 13 22
3976 16 13 12
219 16 13 4
476 16 14 83
3989 16 14 75
821 16 14 66
1425 16 14 56
3207 16 14 47
2021 16 14 39
479 16 14 33
4510 16 14 21
460 16 14 15
2447 16 14 1
1908 16 15 82
1363 16 15 74
2725 16 15 65
4580 16 15 56
1412 16 15 47
1535 16 15 39
74 16 15 33
2484 16 15 21
5283 16 15 14
4824 16 15 4
1713 16 16 82
1287 16 16 74
2551 16 16 65
3718 16 16 56
2457 16 16 46
4438 16 16 39
5608 16 16 32
3620 16 16 25
5570 16 16 14
4269 16 16 4
1497 16 17 81
4716 16 17 71
2112 16 17 62
142 16 17 54
2546 16 17 47
1531 16 17 39
2160 16 17 32
3545 16 17 25
4451 16 17 14
3337 16 17 4
106 16 18 81
4689 16 18 71
1065 16 18 62
3125 16 18 53
1096 16 18 44
5257 16 18 32
2251 16 18 25
3725 16 18 14
2042 16 18 4
2049 16 19 80
2977 16 19 66
946 16 19 56
2332 16 19 46
4090 16 19 39
2076 16 19 32
786 16 19 25
3360 16 19 14
1266 16 19 4
1171 17 0 80
2715 17 0 66
4159 17 0 55
2100 17 0 48
3768 17 0 39
1466 17 0 32
654 17 0 25
3474 17 0 13
195 17 0 6
223 17 2 80
1796 17 2 66
4061 17 2 55
5445 17 2 47
944 17 2 39
5581 17 2 31
1844 17 2 23
4607 17 2 14
338 17 2 4
3074 17 3 79
2693 17 3 71
5644 17 3 61
243 17 3 51
5165 17 3 38
305 17 3 32
498 17 3 25
2989 17 3 13
3676 17 3 5
470 17 5 79
2603 17 5 71
4458 17 5 61
93 17 5 51
3013 17 5 38
4605 17 5 31
4704 17 5 22
2842 17 5 12
5739 17 5 3
2774 17 6 78
3066 17 6 70
2635 17 6 62
2797 17 6 53
982 17 6 44
4546 17 6 32
463 17 6 25
4428 17 6 12
5211 17 6 3
3851 17 8 77
1486 17 8 70
2479 17 8 62
5688 17 8 52
1118 17 8 41
3394 17 8 25
4179 17 8 12
4808 17 8 3
3071 17 10 75
5780 17 10 65
1884 17 10 56
4454 17 10 45
2114 17 10 38
4073 17 10 31
3195 17 10 22
120 17 10 12
3050 17 10 3
5049 17 11 73
1745 17 11 66
3085 17 11 55
5216 17 11 47
899 17 11 39
4486 17 11 31
1182 17 11 22
5243 17 11 11
617 17 11 3
2621 17 12 57
2103 17 12 49
3079 17 12 39
2716 17 12 31
467 17 12 22
4189 17 12 11
4326 17 12 2
1441 17 13 95
1331 17 13 89
5723 17 13 83
2374 17 13 75
5067 17 13 65
809 17 13 56
2380 17 13 45
1944 17 13 38
3373 17 13 31
4869 17 13 21
4547 17 13 14
4723 17 13 3
4984 17 14 94
5850 17 14 86
2255 17 14 76
2841 17 14 68
4642 17 14 59
2907 17 14 46
2310 17 14 39
2558 17 14 31
4447 17 14 21
3813 17 14 14
4130 17 14 3
4197 17 15 94
4822 17 15 86
1696 17 15 76
2659 17 15 68
1443 17 15 59
1949 17 15 46
1729 17 15 39
508 17 15 31
2865 17 15 21
2962 17 15 14
4101 17 15 3
2729 17 16 94
3680 17 16 86
155 17 16 76
192 17 16 68
4929 17 16 58
5542 17 16 48
5305 17 16 38
1317 17 16 31
3508 17 16 20
939 17 16 13
3494 17 16 5
4713 17 17 93
5698 17 17 85
4124 17 17 78
2248 17 17 70
1276 17 17 62
2502 17 17 52
3210 17 17 40
2647 17 17 32
5509 17 17 24
2138 17 17 14
2213 17 17 3
3305 17 18 93
5104 17 18 85
3239 17 18 78
2209 17 18 70
4348 17 18 61
5550 17 18 50
3709 17 18 40
1756 17 18 32
4757 17 18 24
3895 17 18 12
2040 17 18 3
5238 17 19 92
689 17 19 83
1993 17 19 75
4358 17 19 65
4065 17 19 55
4320 17 19 47
719 17 19 39
325 17 19 31
1102 17 19 20
5137 17 19 12
3806 17 19 2
4876 18 0 92
60 18 0 83
1032 18 0 75
907 18 0 65
2920 18 0 55
2770 18 0 47
4253 18 0 38
5022 18 0 30
2382 18 0 24
1513 18 0 12
3660 18 0 2
4393 18 2 92
3777 18 2 82
5747 18 2 73
1147 18 2 66
157 18 2 55
2475 18 2 47
1316 18 2 38
3907 18 2 30
1447 18 2 24
4566 18 2 11
3757 18 2 2
3910 18 3 92
3401 18 3 82
4901 18 3 73
1115 18 3 66
3964 18 3 54
1169 18 3 47
4728 18 3 37
789 18 3 31
5462 18 3 19
2875 18 3 11
3728 18 3 2
641 18 5 92
1043 18 5 82
4300 18 5 73
483 18 5 66
1903 18 5 54
4237 18 5 46
819 18 5 39
5761 18 5 30
1247 18 5 24
3274 18 5 11
3126 18 5 2
312 18 6 92
745 18 6 82
4042 18 6 73
4970 18 6 65
5162 18 6 54
5298 18 6 45
529 18 6 38
3828 18 6 30
5828 18 6 23
1576 18 6 14
2052 18 6 3
5699 18 8 91
4051 18 8 81
4178 18 8 71
3899 18 8 61
4976 18 8 50
3234 18 8 40
1585 18 8 32
4675 18 8 24
2617 18 8 11
2662 18 8 2
4374 19 0 91
3881 19 0 81
3485 19 0 71
3898 19 0 61
4345 19 0 50
2600 19 0 40
5900 19 0 31
970 19 0 19
2212 19 0 11
2602 19 0 2
4307 19 2 91
3723 19 2 81
2038 19 2 71
1195 19 2 61
4176 19 2 50
1334 19 2 40
5693 19 2 31
605 19 2 19
1885 19 2 11
2033 19 2 2
4011 19 3 91
3077 19 3 81
1699 19 3 71
5926 19 3 60
1553 19 3 52
2641 19 3 40
3491 19 3 31
4351 19 3 18
2150 19 3 9
3904 19 5 91
2633 19 5 81
1013 19 5 71
5490 19 5 60
1254 19 5 52
2433 19 5 40
3263 19 5 31
4417 19 5 17
3963 19 5 9
3966 19 6 90
5279 19 6 83
532 19 6 75
4152 19 6 64
1881 19 6 55
2191 19 6 47
4192 19 6 37
5671 19 6 30
4273 19 6 23
794 19 6 14
200 19 6 3
5690 19 8 89
4810 19 8 83
5421 19 8 74
1927 19 8 65
4737 19 8 54
3430 19 8 45
4409 19 8 37
5155 19 8 30
2666 19 8 23
4630 19 8 13
3951 19 8 4
5583 19 9 89
4126 19 9 83
2189 19 9 74
520 19 9 65
2766 19 9 54
1831 19 9 45
4211 19 9 37
4229 19 9 30
1512 19 9 23
4204 19 9 13
1227 19 9 4
5248 19 10 89
2331 19 10 83
393 19 10 74
5523 19 10 64
1871 19 10 55
2141 19 10 47
3211 19 10 37
3169 19 10 30
5839 19 10 22
3738 19 10 11
1615 19 10 2
4334 19 11 89
2868 19 11 82
5135 19 11 72
3995 19 11 60
1064 19 11 52
1559 19 11 40
2675 19 11 31
4354 19 11 17
3864 19 11 9
544 19 12 89
1800 19 12 82
5059 19 12 72
1123 19 12 60
151 19 12 52
1209 19 12 39
3320 19 12 30
5504 19 12 22
2987 19 12 11
1338 19 12 2
3667 19 13 88
729 19 13 78
1132 19 13 70
2686 19 13 61
2824 19 13 50
1131 19 13 40
1997 19 13 31
187 19 13 17
3580 19 13 9
3647 19 14 88
5669 19 14 77
5746 19 14 69
5535 19 14 61
401 19 14 50
1021 19 14 40
5540 19 14 30
4957 19 14 22
2843 19 14 11
1275 19 14 2
3595 19 15 88
4214 19 15 77
3635 19 15 69
5385 19 15 61
2092 19 15 49
2411 19 15 39
4765 19 15 29
913 19 15 23
3897 19 15 13
4296 19 15 3
2499 19 16 88
1823 19 16 77
2349 19 16 69
5186 19 16 61
5532 19 16 48
2353 19 16 38
2177 19 16 30
4107 19 16 22
2615 19 16 11
551 19 16 2
1520 19 17 88
1129 19 17 77
1645 19 17 69
4693 19 17 61
4109 19 17 48
5593 19 17 37
2534 19 17 30
302 19 17 22
608 19 17 11
5231 19 17 1
5554 19 18 87
4252 19 18 78
1848 19 18 69
3154 19 18 61
6019 19 18 47
2846 19 18 37
5492 19 18 29
770 19 18 23
3409 19 18 13
833 19 18 3
4249 19 19 87
4133 19 19 78
898 19 19 69
2706 19 19 61
4145 19 19 47
1049 19 19 37
4330 19 19 29
537 19 19 23
4528 19 19 12
4964 19 19 1
