2978
4677 0 0 98
2638 0 0 96
1516 0 0 94
3524 0 0 90
233 0 0 87
6232 0 0 83
2616 0 0 81
3971 0 0 78
3285 0 0 75
4680 0 0 71
2418 0 0 68
5801 0 0 65
4513 0 0 61
3709 0 0 58
3013 0 0 55
82 0 0 53
745 0 0 51
5338 0 0 49
2254 0 0 47
5308 0 0 44
1412 0 0 42
1324 0 0 40
4227 0 0 38
5092 0 0 36
6034 0 0 34
4142 0 0 31
1756 0 0 28
5933 0 0 24
1661 0 0 21
2218 0 0 19
190 0 0 17
3253 0 0 15
1702 0 0 12
5790 0 0 10
4180 0 0 8
5189 0 0 5
3201 0 0 2
1534 0 1 98
1336 0 1 95
5892 0 1 92
1335 0 1 89
857 0 1 87
4049 0 1 83
574 0 1 79
6298 0 1 75
1471 0 1 71
657 0 1 68
1204 0 1 65
6041 0 1 60
4101 0 1 56
5097 0 1 53
5561 0 1 50
2641 0 1 47
4814 0 1 43
3173 0 1 41
5233 0 1 38
6199 0 1 35
1310 0 1 31
247 0 1 28
3203 0 1 24
5384 0 1 20
5898 0 1 17
4626 0 1 14
3415 0 1 11
3249 0 1 8
5691 0 1 4
4661 0 1 1
5406 0 2 97
1984 0 2 95
3139 0 2 92
255 0 2 89
196 0 2 86
3492 0 2 82
2461 0 2 80
1395 0 2 77
6083 0 2 73
6176 0 2 70
3980 0 2 67
5250 0 2 64
1372 0 2 62
4271 0 2 60
860 0 2 56
5891 0 2 52
2084 0 2 50
5133 0 2 46
5117 0 2 44
5373 0 2 41
2602 0 2 38
5603 0 2 35
4351 0 2 30
4837 0 2 27
1683 0 2 25
4058 0 2 23
5051 0 2 21
3988 0 2 18
5669 0 2 16
3195 0 2 14
296 0 2 11
2906 0 2 8
5595 0 2 4
1528 0 2 1
5157 0 3 97
6052 0 3 94
2798 0 3 90
3274 0 3 86
2909 0 3 82
897 0 3 80
600 0 3 77
5779 0 3 73
2806 0 3 70
1457 0 3 67
2528 0 3 64
5404 0 3 61
3402 0 3 58
1712 0 3 55
2991 0 3 52
5001 0 3 48
5288 0 3 45
3885 0 3 42
5380 0 3 39
5720 0 3 36
3177 0 3 32
3546 0 3 30
3599 0 3 27
4243 0 3 24
2562 0 3 20
3292 0 3 17
3927 0 3 14
6090 0 3 10
1140 0 3 7
6021 0 3 4
5314 0 3 1
4651 0 4 97
4849 0 4 94
2756 0 4 90
2935 0 4 86
1030 0 4 82
4052 0 4 79
4632 0 4 75
6211 0 4 70
227 0 4 67
909 0 4 64
777 0 4 61
3074 0 4 58
5098 0 4 54
5573 0 4 51
6075 0 4 48
86 0 4 45
3260 0 4 42
3230 0 4 39
5638 0 4 36
1244 0 4 32
799 0 4 29
5191 0 4 26
3024 0 4 24
4369 0 4 19
180 0 4 16
633 0 4 13
3585 0 4 10
5924 0 4 5
6054 0 4 1
1977 0 5 97
129 0 5 94
810 0 5 90
2889 0 5 86
717 0 5 82
3844 0 5 79
5941 0 5 74
3864 0 5 72
3667 0 5 70
6130 0 5 66
914 0 5 64
5862 0 5 60
496 0 5 56
4041 0 5 52
1564 0 5 48
2347 0 5 44
5386 0 5 40
5295 0 5 37
2022 0 5 34
5448 0 5 30
2493 0 5 27
3124 0 5 24
2875 0 5 19
4420 0 5 15
176 0 5 12
4869 0 5 9
5277 0 5 6
2499 0 5 3
739 0 6 97
5079 0 6 93
3786 0 6 91
28 0 6 89
4020 0 6 85
1353 0 6 82
2382 0 6 79
4842 0 6 74
3174 0 6 71
4829 0 6 67
5372 0 6 63
5967 0 6 60
5888 0 6 55
2672 0 6 52
5827 0 6 47
2501 0 6 43
1400 0 6 41
6095 0 6 37
1766 0 6 34
5684 0 6 29
5029 0 6 25
2835 0 6 22
4177 0 6 19
450 0 6 15
5302 0 6 11
379 0 6 8
1394 0 6 4
413 0 7 97
3967 0 7 93
2224 0 7 90
1478 0 7 86
5453 0 7 81
1899 0 7 78
1599 0 7 74
5703 0 7 69
3760 0 7 67
4859 0 7 63
5869 0 7 60
4486 0 7 55
2317 0 7 51
4352 0 7 48
1088 0 7 44
4952 0 7 40
4481 0 7 36
551 0 7 32
1901 0 7 28
3101 0 7 24
1290 0 7 19
4294 0 7 14
5040 0 7 10
4984 0 7 5
5100 0 7 1
5020 0 8 96
4385 0 8 93
272 0 8 89
3447 0 8 85
6142 0 8 81
1508 0 8 78
4496 0 8 72
469 0 8 69
2037 0 8 67
2582 0 8 63
2651 0 8 60
4450 0 8 55
5928 0 8 50
4763 0 8 46
6017 0 8 43
3538 0 8 40
3766 0 8 36
5759 0 8 31
4703 0 8 27
4877 0 8 23
3481 0 8 21
4581 0 8 17
3807 0 8 14
4307 0 8 10
3409 0 8 5
2523 0 8 1
4772 0 9 96
2297 0 9 93
4407 0 9 88
4416 0 9 86
3449 0 9 81
4384 0 9 77
4207 0 9 73
6265 0 9 69
5657 0 9 66
5645 0 9 62
5651 0 9 59
5766 0 9 56
3405 0 9 52
4754 0 9 47
1218 0 9 43
5000 0 9 39
5045 0 9 36
4483 0 9 31
4607 0 9 27
157 0 9 23
1483 0 9 21
3264 0 9 17
2684 0 9 14
3441 0 9 10
967 0 9 5
770 0 9 1
4160 0 10 96
5963 0 10 92
6284 0 10 88
9 0 10 86
5908 0 10 80
5196 0 10 76
4977 0 10 73
3051 0 10 69
4889 0 10 66
5612 0 10 62
3954 0 10 59
1523 0 10 56
1939 0 10 52
3196 0 10 47
5929 0 10 42
4809 0 10 38
2497 0 10 35
935 0 10 30
1623 0 10 27
6297 0 10 22
3822 0 10 19
3183 0 10 14
2778 0 10 10
5870 0 10 4
3776 0 11 96
5484 0 11 92
4397 0 11 87
1816 0 11 83
5532 0 11 78
3552 0 11 72
1027 0 11 68
690 0 11 65
3765 0 11 60
4063 0 11 55
2545 0 11 50
3673 0 11 46
2726 0 11 43
2517 0 11 39
4230 0 11 36
4436 0 11 31
4526 0 11 27
5858 0 11 22
1175 0 11 18
2810 0 11 15
3256 0 11 11
4290 0 11 7
5711 0 11 3
3208 0 12 96
119 0 12 92
4009 0 12 87
867 0 12 83
5204 0 12 78
3148 0 12 72
5768 0 12 67
2154 0 12 63
4845 0 12 59
542 0 12 56
5213 0 12 51
2703 0 12 47
4500 0 12 42
637 0 12 38
3621 0 12 33
3542 0 12 30
703 0 12 27
3591 0 12 22
5683 0 12 17
915 0 12 14
4747 0 12 9
4713 0 12 6
345 0 12 3
50 0 13 96
3901 0 13 91
3187 0 13 88
2241 0 13 85
2650 0 13 81
2319 0 13 77
2710 0 13 72
3888 0 13 67
5519 0 13 62
2664 0 13 59
4596 0 13 55
1462 0 13 50
2867 0 13 46
486 0 13 43
2435 0 13 39
3884 0 13 36
3769 0 13 31
4418 0 13 27
1878 0 13 22
3166 0 13 17
5942 0 13 13
2473 0 13 10
2377 0 13 4
6245 0 14 95
2936 0 14 92
2954 0 14 87
4247 0 14 82
3652 0 14 78
5805 0 14 71
1421 0 14 67
4659 0 14 62
3161 0 14 58
891 0 14 54
5447 0 14 50
976 0 14 45
6178 0 14 41
4374 0 14 37
5353 0 14 33
2178 0 14 30
6060 0 14 26
1191 0 14 24
5590 0 14 18
1032 0 14 15
4584 0 14 10
5558 0 14 3
5940 0 15 95
2783 0 15 92
2217 0 15 87
3241 0 15 82
1468 0 15 78
3257 0 15 71
1289 0 15 67
4485 0 15 62
488 0 15 58
261 0 15 54
2689 0 15 50
464 0 15 45
3025 0 15 40
3116 0 15 36
4021 0 15 30
1777 0 15 26
5326 0 15 22
1896 0 15 17
1158 0 15 13
6076 0 15 9
2735 0 15 6
2331 0 15 2
5755 0 16 95
1686 0 16 92
1875 0 16 87
2872 0 16 82
4508 0 16 77
1735 0 16 72
2436 0 16 67
4346 0 16 62
245 0 16 58
5075 0 16 53
2968 0 16 50
5744 0 16 44
3937 0 16 40
1851 0 16 36
2583 0 16 30
455 0 16 26
4016 0 16 22
1717 0 16 17
1086 0 16 13
5466 0 16 9
1606 0 16 5
5230 0 17 95
5038 0 17 91
23 0 17 88
1063 0 17 85
439 0 17 80
4046 0 17 76
6196 0 17 72
1605 0 17 66
5587 0 17 62
3663 0 17 57
4501 0 17 54
2662 0 17 50
4858 0 17 44
3921 0 17 40
1185 0 17 36
230 0 17 30
5004 0 17 25
155 0 17 22
1291 0 17 17
5061 0 17 12
2977 0 17 9
5568 0 17 4
4488 0 18 95
1121 0 18 91
21 0 18 88
5282 0 18 84
6208 0 18 81
2940 0 18 76
2841 0 18 72
1351 0 18 66
2256 0 18 62
3327 0 18 57
4941 0 18 52
2567 0 18 47
2608 0 18 42
6218 0 18 37
3121 0 18 33
1651 0 18 30
2222 0 18 25
5539 0 18 21
2985 0 18 17
4876 0 18 12
3715 0 18 8
4476 0 18 3
2781 0 19 95
4548 0 19 90
939 0 19 86
5642 0 19 80
3814 0 19 76
6189 0 19 71
3462 0 19 66
2052 0 19 62
3244 0 19 57
3165 0 19 52
5541 0 19 45
1398 0 19 40
6299 0 19 35
4716 0 19 29
1866 0 19 25
829 0 19 21
2929 0 19 17
3482 0 19 12
3681 0 19 8
3987 0 19 3
805 2 0 95
3943 2 0 90
6292 2 0 85
304 2 0 80
866 2 0 76
4923 2 0 71
4585 2 0 65
1383 2 0 60
3695 2 0 55
4244 2 0 49
5849 2 0 46
5937 2 0 42
5911 2 0 37
1652 2 0 33
5081 2 0 29
5688 2 0 24
4653 2 0 18
6152 2 0 13
1148 2 0 9
4950 2 0 4
263 2 1 95
3084 2 1 90
5842 2 1 85
5975 2 1 79
4583 2 1 74
3952 2 1 69
2366 2 1 65
6246 2 1 59
3584 2 1 54
822 2 1 50
2792 2 1 44
3655 2 1 40
5600 2 1 35
4408 2 1 29
5475 2 1 24
2822 2 1 18
5718 2 1 13
6007 2 1 8
2438 2 1 3
5822 2 2 94
5232 2 2 89
3419 2 2 85
5682 2 2 79
3771 2 2 74
1986 2 2 69
5977 2 2 64
1741 2 2 60
2577 2 2 55
4210 2 2 49
4624 2 2 46
4317 2 2 42
5866 2 2 37
467 2 2 33
4604 2 2 29
5439 2 2 24
207 2 2 18
4440 2 2 13
5396 2 2 8
1869 2 2 3
2511 2 3 94
4686 2 3 89
2665 2 3 85
5500 2 3 79
2451 2 3 74
869 2 3 69
5116 2 3 64
864 2 3 60
1732 2 3 55
4167 2 3 49
3702 2 3 46
2466 2 3 42
4947 2 3 37
5410 2 3 32
5186 2 3 27
1211 2 3 22
962 2 3 17
2452 2 3 12
3543 2 3 8
72 2 3 3
2183 2 4 94
2802 2 4 89
5113 2 4 84
5655 2 4 81
2165 2 4 76
3144 2 4 71
4362 2 4 65
5563 2 4 59
3220 2 4 54
4375 2 4 49
98 2 4 46
4238 2 4 41
1742 2 4 37
3380 2 4 32
3676 2 4 27
5846 2 4 21
2429 2 4 17
1557 2 4 12
2446 2 4 8
3137 2 4 2
708 2 5 94
2164 2 5 89
1755 2 5 84
4640 2 5 81
1849 2 5 76
2695 2 5 71
2440 2 5 65
4652 2 5 59
1105 2 5 54
2454 2 5 49
3344 2 5 45
204 2 5 40
5165 2 5 35
3788 2 5 29
3476 2 5 24
5905 2 5 17
1214 2 5 12
2423 2 5 8
2704 2 5 2
549 2 6 94
2030 2 6 89
5821 2 6 83
3535 2 6 78
2681 2 6 71
2024 2 6 65
3690 2 6 59
5976 2 6 53
654 2 6 50
2069 2 6 44
2441 2 6 40
4562 2 6 35
2542 2 6 29
3339 2 6 24
5328 2 6 17
489 2 6 12
2236 2 6 8
1626 2 6 2
5548 2 7 93
4240 2 7 88
3534 2 7 84
1771 2 7 81
1484 2 7 76
2267 2 7 71
1664 2 7 65
2963 2 7 59
5738 2 7 53
4343 2 7 49
2767 2 7 45
5467 2 7 39
3145 2 7 36
2956 2 7 29
2946 2 7 24
4162 2 7 17
5441 2 7 11
3017 2 7 7
3745 2 7 3
5303 2 8 93
1497 2 8 88
2077 2 8 84
1615 2 8 81
4062 2 8 75
2856 2 8 70
177 2 8 66
1373 2 8 62
2846 2 8 57
1938 2 8 52
5395 2 8 45
5363 2 8 39
729 2 8 36
1144 2 8 29
1968 2 8 24
4008 2 8 17
4995 2 8 11
2489 2 8 7
2706 2 8 3
4366 2 9 93
1330 2 9 88
5985 2 9 83
3324 2 9 78
2490 2 9 71
1275 2 9 65
5855 2 9 58
2300 2 9 53
3227 2 9 49
2537 2 9 45
5135 2 9 39
6205 2 9 35
2332 2 9 29
425 2 9 24
3336 2 9 17
5843 2 9 10
5208 2 9 3
2925 2 10 93
1232 2 10 88
3452 2 10 83
3299 2 10 78
1691 2 10 71
4940 2 10 64
5887 2 10 59
3365 2 10 53
2751 2 10 49
1408 2 10 45
5066 2 10 39
5496 2 10 35
1550 2 10 29
135 2 10 24
2080 2 10 17
4873 2 10 10
4275 2 10 3
2834 2 11 93
5832 2 11 87
2360 2 11 82
444 2 11 77
163 2 11 72
5621 2 11 65
5085 2 11 58
937 2 11 53
1337 2 11 49
5853 2 11 44
5795 2 11 39
3107 2 11 35
6042 2 11 28
3091 2 11 24
1036 2 11 17
4801 2 11 10
2907 2 11 3
4765 2 12 92
1728 2 12 87
718 2 12 82
96 2 12 77
41 2 12 72
5528 2 12 65
5047 2 12 58
292 2 12 53
8 2 12 49
418 2 12 44
5200 2 12 39
5313 2 12 34
2679 2 12 29
4278 2 12 23
5549 2 12 20
5231 2 12 16
568 2 12 13
4888 2 12 8
339 2 12 2
3751 2 14 92
1506 2 14 87
5951 2 14 81
3907 2 14 75
2631 2 14 70
6215 2 14 65
4605 2 14 58
5078 2 14 52
3803 2 14 45
4880 2 14 39
5118 2 14 34
343 2 14 29
3936 2 14 23
1249 2 14 20
3062 2 14 16
282 2 14 13
4780 2 14 8
327 2 14 2
3680 2 15 92
1116 2 15 87
4512 2 15 81
2383 2 15 75
1923 2 15 70
5610 2 15 65
4001 2 15 58
4489 2 15 52
3198 2 15 45
2442 2 15 39
4647 2 15 34
313 2 15 29
5449 2 15 22
358 2 15 17
4464 2 15 10
2156 2 15 3
6154 2 16 91
5771 2 16 87
4368 2 16 81
2227 2 16 75
4499 2 16 69
4676 2 16 64
5593 2 16 59
3033 2 16 53
5226 2 16 48
6012 2 16 43
785 2 16 39
3979 2 16 34
4066 2 16 28
4996 2 16 23
632 2 16 20
2601 2 16 16
5443 2 16 12
1747 2 16 8
6002 2 16 1
5522 2 17 91
5456 2 17 87
3966 2 17 81
1852 2 17 75
3651 2 17 69
749 2 17 64
5356 2 17 59
2250 2 17 53
5014 2 17 48
4872 2 17 43
4097 2 17 38
3197 2 17 33
2757 2 17 29
4662 2 17 22
5823 2 17 16
1321 2 17 12
1356 2 17 8
5731 2 17 1
4726 2 18 91
5256 2 18 87
3953 2 18 81
1294 2 18 75
2848 2 18 69
398 2 18 64
1919 2 18 59
1793 2 18 53
4261 2 18 48
1222 2 18 43
3496 2 18 38
2233 2 18 33
1320 2 18 29
3624 2 18 22
3714 2 18 16
5952 2 18 11
5246 2 18 6
5810 2 18 1
4701 2 19 91
1529 2 19 87
1475 2 19 81
1022 2 19 75
1705 2 19 69
4697 2 19 63
6046 2 19 58
3968 2 19 52
2480 2 19 45
2180 2 19 39
2823 2 19 34
2514 2 19 28
4718 2 19 23
4855 2 19 19
2976 2 19 14
2083 2 19 9
3816 2 19 4
4600 3 0 91
57 3 0 87
865 3 0 81
6030 3 0 74
815 3 0 69
3947 3 0 63
4518 3 0 58
3668 3 0 52
2455 3 0 45
1976 3 0 39
505 3 0 34
2410 3 0 28
4266 3 0 23
1142 3 0 19
2656 3 0 14
959 3 0 9
3739 3 0 4
3562 3 1 91
5893 3 1 86
4007 3 1 80
725 3 1 76
1987 3 1 71
4919 3 1 64
1296 3 1 59
1746 3 1 53
1381 3 1 48
952 3 1 43
1403 3 1 38
1361 3 1 33
221 3 1 29
2144 3 1 22
2604 3 1 16
4641 3 1 11
4179 3 1 6
4611 3 1 1
2760 3 2 91
4957 3 2 86
3192 3 2 80
660 3 2 76
1379 3 2 71
4729 3 2 64
6020 3 2 58
3035 3 2 52
4567 3 2 44
4469 3 2 39
5084 3 2 33
4844 3 2 28
3429 3 2 23
4125 3 2 18
2365 3 2 12
4372 3 2 7
1935 3 2 3
2415 3 3 91
3486 3 3 86
2820 3 3 80
3216 3 3 75
1090 3 3 69
3467 3 3 63
4359 3 3 58
2474 3 3 52
3326 3 3 44
4284 3 3 39
2540 3 3 33
4137 3 3 28
3106 3 3 23
895 3 3 18
1895 3 3 12
2648 3 3 7
1697 3 3 3
480 3 4 91
3266 3 4 86
295 3 4 80
3060 3 4 75
5024 3 4 68
2074 3 4 64
5140 3 4 58
872 3 4 52
2210 3 4 44
3411 3 4 39
1316 3 4 33
2747 3 4 28
2660 3 4 23
700 3 4 18
5374 3 4 11
3200 3 4 6
2068 3 4 1
380 3 5 91
2818 3 5 86
5819 3 5 79
2299 3 5 74
5597 3 5 68
1800 3 5 64
2177 3 5 58
6213 3 5 51
5671 3 5 46
4107 3 5 41
4491 3 5 36
6202 3 5 28
2258 3 5 23
573 3 5 18
5272 3 5 11
2707 3 5 6
6159 3 6 90
3539 3 6 85
2028 3 6 79
1685 3 6 74
5026 3 6 68
1688 3 6 63
4357 3 6 58
5281 3 6 51
5461 3 6 46
3795 3 6 41
3773 3 6 36
6000 3 6 28
776 3 6 23
377 3 6 18
3022 3 6 11
2611 3 6 6
5800 3 7 90
3243 3 7 85
1710 3 7 79
1622 3 7 74
3991 3 7 68
1157 3 7 63
3304 3 7 58
2034 3 7 51
4509 3 7 46
3622 3 7 41
1031 3 7 36
5399 3 7 28
761 3 7 23
5287 3 7 17
4060 3 7 10
5654 3 7 2
2668 3 8 90
5198 3 8 84
5850 3 8 80
2893 3 8 75
4642 3 8 68
5914 3 8 62
39 3 8 57
1002 3 8 52
1967 3 8 44
3159 3 8 39
4921 3 8 32
6233 3 8 26
2809 3 8 22
317 3 8 16
3466 3 8 11
2555 3 8 6
544 3 9 90
3407 3 9 84
3903 3 9 80
1588 3 9 75
4411 3 9 68
3263 3 9 62
4742 3 9 56
4291 3 9 51
3437 3 9 46
2944 3 9 41
5327 3 9 35
4779 3 9 28
4773 3 9 22
315 3 9 16
2736 3 9 11
2395 3 9 6
421 3 10 90
3133 3 10 84
2087 3 10 80
856 3 10 75
3963 3 10 68
2869 3 10 62
4339 3 10 56
2947 3 10 51
3189 3 10 46
1433 3 10 41
3674 3 10 35
4422 3 10 28
1908 3 10 22
3639 3 10 15
4085 3 10 10
5481 3 10 2
878 3 11 89
5804 3 11 83
5107 3 11 77
4054 3 11 71
2629 3 11 64
4816 3 11 57
3377 3 11 50
2047 3 11 44
3430 3 11 38
1162 3 11 33
2465 3 11 28
1693 3 11 22
3112 3 11 15
2477 3 11 10
5212 3 11 2
6011 3 12 88
2870 3 12 83
3779 3 12 77
3998 3 12 71
1964 3 12 64
3314 3 12 57
3341 3 12 50
5971 3 12 43
5966 3 12 37
3331 3 12 32
6124 3 12 26
984 3 12 22
2636 3 12 15
1924 3 12 10
4613 3 12 2
4371 3 19 88
5961 3 19 82
6061 3 19 76
1028 3 19 71
1826 3 19 64
1637 3 19 57
2658 3 19 50
4274 3 19 43
5844 3 19 37
2221 3 19 32
5344 3 19 26
3423 3 19 21
1981 3 19 17
2171 3 19 10
4428 3 19 2
4310 4 12 88
5451 4 12 82
5426 4 12 76
451 4 12 71
1628 4 12 64
694 4 12 57
1806 4 12 50
3465 4 12 43
5577 4 12 37
364 4 12 32
5108 4 12 26
3012 4 12 21
5472 4 12 16
541 4 12 11
793 4 12 6
2845 4 14 88
3158 4 14 82
2061 4 14 76
5491 4 14 70
3157 4 14 65
3728 4 14 58
1110 4 14 51
2659 4 14 46
1374 4 14 41
3350 4 14 35
1572 4 14 28
6133 4 14 21
5286 4 14 16
5312 4 14 10
861 4 14 2
2113 4 15 88
1418 4 15 82
1929 4 15 76
5442 4 15 70
2136 4 15 65
2286 4 15 58
980 4 15 51
1853 4 15 46
5315 4 15 40
3367 4 15 35
1318 4 15 28
6119 4 15 21
5093 4 15 16
1906 4 15 10
554 4 15 2
2025 4 17 88
6303 4 17 81
4985 4 17 74
5631 4 17 67
1874 4 17 62
2187 4 17 56
1910 4 17 51
266 4 17 46
4304 4 17 40
440 4 17 35
318 4 17 28
6093 4 17 21
4143 4 17 16
6194 4 17 9
2832 4 17 4
1734 4 19 88
5901 4 19 81
4159 4 19 74
3057 4 19 67
2460 4 19 61
83 4 19 58
112 4 19 51
4962 4 19 45
1927 4 19 39
616 4 19 32
4292 4 19 26
308 4 19 21
3843 4 19 16
5516 4 19 9
2479 4 19 4
3647 5 0 87
6122 5 0 80
3926 5 0 74
2994 5 0 67
1893 5 0 61
5792 5 0 57
6141 5 0 49
387 5 0 44
3087 5 0 38
964 5 0 33
2381 5 0 28
3408 5 0 21
1037 5 0 16
4308 5 0 9
2339 5 0 4
2957 5 1 87
4623 5 1 80
3574 5 1 74
12 5 1 67
1750 5 1 61
3432 5 1 57
6081 5 1 49
5383 5 1 43
4342 5 1 37
359 5 1 32
2813 5 1 26
1170 5 1 20
2182 5 1 16
4185 5 1 9
3146 5 1 3
1060 5 2 87
4586 5 2 80
3014 5 2 74
5385 5 2 66
780 5 2 62
1994 5 2 56
1769 5 2 51
1813 5 2 45
765 5 2 39
543 5 2 32
1781 5 2 26
1132 5 2 20
4472 5 2 15
998 5 2 10
2502 5 2 1
3114 5 3 86
5423 5 3 79
1164 5 3 74
4010 5 3 66
5859 5 3 61
2041 5 3 57
5640 5 3 49
4630 5 3 43
3891 5 3 37
5274 5 3 31
2344 5 3 27
4609 5 3 21
830 5 3 16
922 5 3 9
1189 5 3 3
2862 5 5 86
1788 5 5 79
483 5 5 74
3789 5 5 66
4595 5 5 61
4279 5 5 56
1357 5 5 51
1650 5 5 45
4920 5 5 38
532 5 5 33
1295 5 5 28
3333 5 5 21
5245 5 5 15
5529 5 5 9
1098 5 5 3
1507 5 6 86
1561 5 6 79
114 5 6 74
3379 5 6 66
3630 5 6 61
6242 5 6 55
1915 5 6 49
3820 5 6 43
1145 5 6 37
4965 5 6 31
5734 5 6 26
118 5 6 20
3254 5 6 15
5394 5 6 9
801 5 6 3
4216 5 7 85
1108 5 7 79
6051 5 7 73
2304 5 7 69
2999 5 7 63
2714 5 7 58
5803 5 7 50
2837 5 7 43
396 5 7 37
4234 5 7 31
893 5 7 26
6027 5 7 19
2308 5 7 14
208 5 7 8
5339 5 7 1
3223 5 8 85
99 5 8 79
5221 5 8 73
5589 5 8 68
2412 5 8 62
159 5 8 56
3982 5 8 50
2157 5 8 43
5973 5 8 36
4281 5 8 28
3001 5 8 21
1579 5 8 15
4356 5 8 9
4311 5 8 2
982 5 9 84
4818 5 9 79
2584 5 9 73
4951 5 9 68
404 5 9 62
5707 5 9 55
1846 5 9 49
2939 5 9 43
4954 5 9 36
5960 5 9 27
3164 5 9 21
5968 5 9 14
5010 5 9 7
186 5 9 3
2362 5 10 83
3474 5 10 77
3711 5 10 71
4868 5 10 63
599 5 10 58
4510 5 10 50
5594 5 10 42
3770 5 10 37
3506 5 10 31
5696 5 10 25
5498 5 10 20
3081 5 10 15
2838 5 10 9
3631 5 10 2
1872 5 14 83
4217 5 14 76
4093 5 14 70
1660 5 14 65
1302 5 14 58
4272 5 14 50
5028 5 14 42
3687 5 14 37
1549 5 14 31
4213 5 14 25
2586 5 14 20
1678 5 14 15
2666 5 14 9
3155 5 14 2
1208 5 15 83
3946 5 15 76
1581 5 15 70
1593 5 15 65
3079 5 15 57
4114 5 15 49
2625 5 15 43
4798 5 15 36
2941 5 15 27
6165 5 15 20
548 5 15 15
2174 5 15 9
2955 5 15 2
3882 5 17 82
1587 5 17 76
6179 5 17 69
2702 5 17 63
5195 5 17 57
629 5 17 49
5602 5 17 42
3472 5 17 37
1280 5 17 31
2126 5 17 25
1928 5 17 20
5840 5 17 14
3701 5 17 7
4423 5 17 2
2667 6 0 82
1181 6 0 76
932 6 0 69
2082 6 0 63
4696 6 0 57
4345 6 0 48
31 6 0 43
319 6 0 36
2112 6 0 27
5838 6 0 20
5179 6 0 14
2617 6 0 7
4386 6 0 2
5391 6 7 81
3615 6 7 74
2281 6 7 66
2298 6 7 61
4756 6 7 55
4542 6 7 48
4733 6 7 42
3140 6 7 37
5434 6 7 30
5604 6 7 24
4305 6 7 16
5459 6 7 8
4960 6 7 1
4565 6 8 81
1460 6 8 74
2089 6 8 66
1972 6 8 61
4003 6 8 55
2116 6 8 48
4635 6 8 42
2017 6 8 37
3566 6 8 30
4239 6 8 24
3349 6 8 16
4617 6 8 8
4746 6 8 1
2341 6 9 80
2547 6 9 74
1636 6 9 66
1520 6 9 61
3778 6 9 55
5970 6 9 47
2287 6 9 42
957 6 9 37
2307 6 9 30
2896 6 9 24
1107 6 9 16
3847 6 9 8
334 6 9 1
2663 6 10 78
5934 6 10 70
97 6 10 65
1205 6 10 57
4031 6 10 48
1708 6 10 42
607 6 10 37
1655 6 10 30
974 6 10 24
302 6 10 16
2831 6 10 8
2697 6 10 2
1569 6 11 77
3458 6 11 71
4157 6 11 63
4556 6 11 57
1884 6 11 48
122 6 11 42
4409 6 11 36
1620 6 11 27
5836 6 11 20
4539 6 11 14
1955 6 11 7
2468 6 11 2
1376 6 12 76
5402 6 12 68
4908 6 12 61
2333 6 12 55
4309 6 12 47
4132 6 12 41
2794 6 12 35
5868 6 12 27
4739 6 12 20
659 6 12 14
1137 6 12 7
1784 6 12 2
3999 6 14 75
4196 6 14 67
5534 6 14 60
1703 6 14 55
63 6 14 47
2912 6 14 41
1845 6 14 35
4823 6 14 27
3556 6 14 20
6171 6 14 13
1876 6 14 8
6186 6 14 1
1397 6 15 75
2565 6 15 67
4333 6 15 60
6270 6 15 54
649 6 15 49
5537 6 15 42
3206 6 15 36
757 6 15 27
3478 6 15 20
6082 6 15 13
5497 6 15 7
4171 6 15 1
4606 6 17 74
642 6 17 66
4449 6 17 60
5294 6 17 54
6087 6 17 48
4492 6 17 41
1228 6 17 35
4541 6 17 27
1803 6 17 20
5916 6 17 13
1963 6 17 7
3919 6 17 1
1149 6 18 74
591 6 18 66
3262 6 18 60
3872 6 18 54
5088 6 18 48
1385 6 18 41
125 6 18 35
3910 6 18 27
1306 6 18 20
5818 6 18 13
1371 6 18 7
2552 6 18 1
6217 6 19 71
3066 6 19 63
3908 6 19 57
6014 6 19 47
1639 6 19 41
5355 6 19 34
1960 6 19 28
4620 6 19 20
4187 6 19 13
1237 6 19 7
1672 6 19 1
4700 7 0 71
2595 7 0 63
3905 7 0 57
5635 7 0 47
1014 7 0 41
5137 7 0 34
5370 7 0 27
819 7 0 20
4088 7 0 13
3916 7 0 6
1248 7 2 71
1609 7 2 63
1343 7 2 57
4479 7 2 47
138 7 2 41
4523 7 2 34
3708 7 2 27
458 7 2 20
3439 7 2 13
3363 7 2 6
3540 7 3 98
6135 7 3 94
1001 7 3 89
4784 7 3 83
3214 7 3 76
4394 7 3 68
4447 7 3 61
1053 7 3 55
5293 7 3 46
3797 7 3 40
56 7 3 35
650 7 3 27
5783 7 3 19
1127 7 3 14
2853 7 3 6
4970 7 5 97
3421 7 5 93
5667 7 5 87
3210 7 5 80
1074 7 5 74
4684 7 5 65
890 7 5 57
2965 7 5 47
5143 7 5 40
5873 7 5 34
4553 7 5 26
3628 7 5 19
868 7 5 14
2249 7 5 6
4064 7 7 97
2937 7 7 93
5530 7 7 87
2983 7 7 80
1003 7 7 74
1226 7 7 65
218 7 7 57
1241 7 7 47
715 7 7 40
4373 7 7 34
3902 7 7 26
2219 7 7 19
26 7 7 14
5860 7 7 5
3040 7 12 96
3511 7 12 91
498 7 12 86
5953 7 12 78
4282 7 12 70
3532 7 12 64
5663 7 12 56
2019 7 12 50
4737 7 12 42
1983 7 12 36
2691 7 12 26
330 7 12 19
4136 7 12 13
2357 7 12 6
2072 7 14 96
4589 7 14 90
529 7 14 84
5717 7 14 78
4034 7 14 70
6031 7 14 63
1251 7 14 57
582 7 14 47
3317 7 14 39
3887 7 14 31
4778 7 14 24
6277 7 14 15
1180 7 14 9
992 7 14 2
1515 7 15 96
4459 7 15 90
5503 7 15 83
1512 7 15 76
3325 7 15 68
3446 7 15 61
6269 7 15 54
3283 7 15 48
1384 7 15 41
4383 7 15 34
3204 7 15 26
192 7 15 19
3030 7 15 13
6166 7 15 5
1083 7 17 96
3376 7 17 90
4610 7 17 83
6249 7 17 75
1738 7 17 67
3248 7 17 60
1625 7 17 54
1754 7 17 48
286 7 17 41
4327 7 17 34
3171 7 17 26
5408 7 17 18
5077 7 17 10
1970 7 17 1
316 7 18 96
3170 7 18 90
4441 7 18 83
6151 7 18 75
1172 7 18 67
1733 7 18 60
5754 7 18 53
1049 7 18 48
3792 7 18 40
4178 7 18 34
2324 7 18 26
5361 7 18 18
4406 7 18 10
1653 7 18 1
4711 7 19 95
2081 7 19 90
3868 7 19 83
5486 7 19 75
281 7 19 67
427 7 19 60
5411 7 19 53
6158 7 19 47
5362 7 19 38
4554 7 19 32
395 7 19 26
4099 7 19 18
4263 7 19 10
987 7 19 1
188 8 0 95
1236 8 0 90
3849 8 0 83
4575 8 0 75
256 8 0 67
411 8 0 60
4197 8 0 53
6098 8 0 47
1015 8 0 38
4252 8 0 32
4461 8 0 25
2883 8 0 19
2358 8 0 13
5955 8 0 5
1 8 2 95
6004 8 2 89
4722 8 2 83
3757 8 2 75
249 8 2 67
6188 8 2 59
1715 8 2 53
5419 8 2 47
5566 8 2 37
1364 8 2 30
441 8 2 24
5427 8 2 15
6235 8 2 8
1647 8 2 1
6267 8 3 94
899 8 3 89
4103 8 3 83
2117 8 3 75
5958 8 3 66
5598 8 3 59
892 8 3 53
5141 8 3 47
4732 8 3 37
124 8 3 30
6255 8 3 23
2162 8 3 17
5794 8 3 9
6250 8 3 1
4070 8 5 94
5184 8 5 88
5161 8 5 81
1203 8 5 74
5564 8 5 64
2811 8 5 56
1937 8 5 50
4490 8 5 42
788 8 5 36
709 8 5 26
3246 8 5 18
3793 8 5 10
4803 8 5 1
3871 8 8 94
4295 8 8 88
3633 8 8 81
3691 8 8 73
4896 8 8 68
2741 8 8 61
6100 8 8 54
1713 8 8 48
3504 8 8 40
1634 8 8 34
1135 8 8 26
2930 8 8 18
3067 8 8 10
2590 8 8 1
2745 8 9 94
2228 8 9 88
2789 8 9 81
3273 8 9 73
2161 8 9 68
1304 8 9 61
5902 8 9 54
940 8 9 48
2515 8 9 40
1004 8 9 34
5741 8 9 25
1844 8 9 19
1485 8 9 13
3605 8 9 5
2568 8 10 94
740 8 10 88
5145 8 10 80
3277 8 10 73
1481 8 10 68
575 8 10 61
4354 8 10 54
360 8 10 48
1196 8 10 40
828 8 10 34
5556 8 10 25
1502 8 10 19
990 8 10 13
3310 8 10 5
1548 8 12 94
6173 8 12 87
2761 8 12 80
3207 8 12 73
55 8 12 68
288 8 12 61
2447 8 12 54
6035 8 12 47
4150 8 12 37
4195 8 12 29
1252 8 12 22
54 8 12 15
4656 8 12 8
1380 8 12 1
1194 8 14 94
6062 8 14 87
4283 8 14 79
1389 8 14 73
5271 8 14 67
6128 8 14 59
442 8 14 53
4852 8 14 47
3623 8 14 37
3315 8 14 29
6063 8 14 20
3293 8 14 13
2350 8 14 5
4807 8 15 93
3609 8 15 87
3515 8 15 79
5646 8 15 72
4592 8 15 65
6084 8 15 56
760 8 15 50
2208 8 15 41
3580 8 15 34
5220 8 15 25
5867 8 15 18
42 8 15 10
622 8 15 1
2450 9 0 93
507 9 0 87
3301 9 0 79
3233 9 0 72
401 9 0 65
5763 9 0 56
481 9 0 50
2095 9 0 41
2345 9 0 34
5164 9 0 25
5814 9 0 18
6019 9 0 9
403 9 0 1
1199 9 2 93
340 9 2 87
2960 9 2 79
6123 9 2 71
1325 9 2 63
4622 9 2 56
3915 9 2 49
5249 9 2 42
298 9 2 36
6293 9 2 25
5413 9 2 18
4321 9 2 9
571 9 3 93
5291 9 3 86
3008 9 3 78
3897 9 3 70
5585 9 3 63
4202 9 3 56
1731 9 3 49
4129 9 3 42
161 9 3 36
6148 9 3 25
4981 9 3 18
3650 9 3 9
5122 9 5 92
876 9 5 87
1307 9 5 79
5773 9 5 71
405 9 5 63
3295 9 5 56
1674 9 5 49
3032 9 5 42
5871 9 5 35
5806 9 5 26
1477 9 5 18
1665 9 5 9
3222 9 6 92
6187 9 6 86
1055 9 6 78
3047 9 6 70
3028 9 6 63
2627 9 6 56
1095 9 6 49
2905 9 6 42
5658 9 6 35
4194 9 6 26
946 9 6 18
1070 9 6 9
2231 9 7 92
4854 9 7 86
5652 9 7 77
1912 9 7 71
3604 9 7 62
4681 9 7 55
4102 9 7 46
2494 9 7 40
5938 9 7 33
4824 9 7 27
4764 9 7 19
3658 9 7 12
1808 9 7 7
608 9 8 92
3370 9 8 86
4330 9 8 77
1276 9 8 71
3086 9 8 62
4573 9 8 55
2599 9 8 46
2437 9 8 40
4706 9 8 33
4166 9 8 27
4516 9 8 19
2917 9 8 12
1566 9 8 7
5686 9 10 91
4151 9 10 85
6195 9 10 78
1441 9 10 70
2203 9 10 63
2430 9 10 56
913 9 10 49
790 9 10 42
5445 9 10 35
2943 9 10 26
4175 9 10 17
4228 9 10 9
5428 9 12 91
3608 9 12 85
4988 9 12 78
638 9 12 70
1456 9 12 63
2367 9 12 56
849 9 12 49
724 9 12 42
4226 9 12 35
2911 9 12 26
3950 9 12 17
3665 9 12 9
4574 9 14 91
448 9 14 85
3567 9 14 78
5540 9 14 69
6143 9 14 62
3725 9 14 55
1925 9 14 46
697 9 14 40
4326 9 14 33
4074 9 14 27
2384 9 14 19
1177 9 14 12
1266 9 14 7
4314 9 16 91
6106 9 16 84
2551 9 16 78
3320 9 16 69
4862 9 16 62
1075 9 16 55
1378 9 16 46
4621 9 16 39
2526 9 16 31
4517 9 16 24
5050 9 16 15
3684 9 16 8
4120 9 17 91
5726 9 17 84
513 9 17 78
1611 9 17 69
4755 9 17 62
837 9 17 55
4795 9 17 45
4431 9 17 38
4119 9 17 32
4335 9 17 25
4170 9 17 18
1064 9 17 9
2012 9 18 91
5375 9 18 84
362 9 18 78
3382 9 18 68
4547 9 18 60
4081 9 18 53
4059 9 18 47
4980 9 18 36
4994 9 18 25
3232 9 18 18
540 9 18 9
6028 9 19 90
2765 9 19 83
1582 9 19 75
2407 9 19 66
5452 9 19 59
254 9 19 53
3906 9 19 47
2070 9 19 36
4094 9 19 25
3038 9 19 18
5736 9 19 8
1922 10 0 90
1413 10 0 83
5187 10 0 74
4377 10 0 64
2198 10 0 56
4986 10 0 48
5505 10 0 39
2032 10 0 31
3881 10 0 24
3829 10 0 15
2739 10 0 8
1527 10 1 90
721 10 1 83
4644 10 1 74
4086 10 1 64
133 10 1 56
3703 10 1 48
5381 10 1 39
5659 10 1 30
5747 10 1 23
6136 10 1 16
2483 10 1 8
2107 10 2 89
2863 10 2 82
1043 10 2 76
1962 10 2 68
4379 10 2 60
3940 10 2 53
3428 10 2 47
1739 10 2 36
4026 10 2 25
2587 10 2 18
4639 10 2 8
1469 10 3 89
2661 10 3 82
5397 10 3 75
1193 10 3 66
4315 10 3 59
5022 10 3 52
397 10 3 44
2389 10 3 38
5692 10 3 31
1943 10 3 24
2603 10 3 15
134 10 3 8
4660 10 4 88
2337 10 4 80
1545 10 4 73
5217 10 4 67
5298 10 4 59
4789 10 4 52
3186 10 4 43
5693 10 4 35
2621 10 4 26
2709 10 4 17
200 10 4 9
2205 10 5 88
1567 10 5 80
1474 10 5 73
4146 10 5 67
3378 10 5 59
4633 10 5 52
2878 10 5 43
4892 10 5 35
1782 10 5 26
2396 10 5 17
4566 10 5 8
1450 10 6 88
1405 10 6 80
732 10 6 73
3694 10 6 67
1546 10 6 59
4169 10 6 52
2259 10 6 43
4812 10 6 35
1727 10 6 26
1666 10 6 17
3065 10 6 8
5964 10 7 87
610 10 7 79
5613 10 7 71
1039 10 7 62
814 10 7 55
4382 10 7 45
3003 10 7 38
5332 10 7 31
470 10 7 24
2093 10 7 15
5829 10 7 7
4999 10 8 87
4933 10 8 78
3252 10 8 68
4148 10 8 60
3102 10 8 53
1311 10 8 47
5935 10 8 35
1188 10 8 26
409 10 8 17
1959 10 8 8
253 10 10 87
2445 10 10 78
2234 10 10 68
3590 10 10 60
2932 10 10 53
5538 10 10 46
1898 10 10 39
5151 10 10 30
2632 10 10 23
5997 10 10 16
5209 10 10 7
5629 10 12 86
2622 10 12 77
812 10 12 71
701 10 12 62
5515 10 12 54
5316 10 12 47
4668 10 12 35
705 10 12 26
5347 10 12 16
4810 10 12 7
5514 10 14 86
2443 10 14 77
324 10 14 71
639 10 14 62
5182 10 14 54
2987 10 14 47
4587 10 14 35
5990 10 14 25
276 10 14 18
4319 10 14 8
4682 10 16 86
2373 10 16 77
90 10 16 70
902 10 16 63
762 10 16 56
1610 10 16 48
1979 10 16 39
4757 10 16 30
1761 10 16 23
5725 10 16 16
4095 10 16 7
1124 10 17 86
2326 10 17 77
4802 10 17 69
4118 10 17 62
4276 10 17 54
2903 10 17 47
4515 10 17 35
3572 10 17 25
4695 10 17 17
1763 10 17 8
692 10 18 86
880 10 18 77
3061 10 18 69
3558 10 18 62
4069 10 18 54
1538 10 18 47
4092 10 18 35
6259 10 18 24
1147 10 18 15
5722 10 18 7
5305 10 19 84
3471 10 19 77
598 10 19 69
3395 10 19 62
1217 10 19 54
923 10 19 47
3092 10 19 35
6016 10 19 24
535 10 19 15
5260 10 19 7
3498 11 16 84
3416 11 16 77
5490 11 16 68
845 11 16 60
5811 11 16 52
300 11 16 43
2492 11 16 35
5086 11 16 24
367 11 16 15
4520 11 16 7
1584 12 1 84
1954 12 1 77
3767 12 1 68
5753 12 1 59
3406 12 1 52
6033 12 1 42
4149 12 1 35
4569 12 1 24
3930 12 1 14
5214 12 1 5
755 12 2 83
4045 12 2 74
3528 12 2 64
6149 12 2 55
3454 12 2 45
6207 12 2 37
2167 12 2 29
5781 12 2 20
3229 12 2 13
1958 12 2 5
3726 12 3 82
4402 12 3 74
3311 12 3 64
5229 12 3 55
3088 12 3 45
5147 12 3 37
2124 12 3 29
4603 12 3 20
1369 12 3 13
215 12 3 5
2014 12 4 82
3597 12 4 74
1570 12 4 64
4540 12 4 55
1146 12 4 45
3362 12 4 37
5025 12 4 28
2829 12 4 20
429 12 4 13
3727 12 4 4
2115 12 5 81
1783 12 5 73
2581 12 5 67
101 12 5 59
2064 12 5 52
4674 12 5 42
3308 12 5 35
2071 12 5 24
2578 12 5 14
3098 12 5 5
4800 12 6 79
4675 12 6 71
4568 12 6 61
1544 12 6 54
3494 12 6 46
3835 12 6 38
4458 12 6 31
5175 12 6 23
4846 12 6 16
3626 12 6 7
2626 12 8 79
3537 12 8 71
2730 12 8 61
4839 12 8 53
5058 12 8 46
3470 12 8 38
3563 12 8 31
3078 12 8 23
2226 12 8 16
1008 12 8 7
1752 12 9 79
1607 12 9 71
1492 12 9 61
6261 12 9 52
3666 12 9 42
2606 12 9 35
5508 12 9 23
2076 12 9 16
5588 12 9 6
3105 12 10 78
862 12 10 68
5702 12 10 59
2057 12 10 52
5261 12 10 41
953 12 10 34
4721 12 10 25
3812 12 10 17
4098 12 10 7
2313 12 11 78
3392 12 11 67
6137 12 11 58
3401 12 11 50
2050 12 11 41
918 12 11 34
4328 12 11 25
2723 12 11 17
2904 12 11 7
826 12 12 78
2152 12 12 67
5685 12 12 58
476 12 12 50
1680 12 12 41
85 12 12 34
4269 12 12 25
2207 12 12 17
1109 12 12 7
2147 12 13 77
1270 12 13 68
5254 12 13 59
5926 12 13 51
5559 12 13 44
2129 12 13 38
3178 12 13 31
2973 12 13 23
1989 12 13 16
4289 12 13 6
4627 12 15 71
5068 12 15 60
5008 12 15 52
5218 12 15 41
5060 12 15 33
3874 12 15 27
2334 12 15 19
165 12 15 12
1200 12 15 7
6254 12 16 70
2763 12 16 62
798 12 16 54
3163 12 16 46
2795 12 16 38
2051 12 16 31
2769 12 16 23
1780 12 16 16
3125 12 16 6
4471 12 18 70
2206 12 18 62
767 12 18 54
3083 12 18 46
2779 12 18 37
4770 12 18 28
1624 12 18 20
65 12 18 13
3640 12 18 4
234 12 19 67
4670 12 19 58
4792 12 19 49
5932 12 19 41
5012 12 19 33
3808 12 19 27
784 12 19 19
5847 12 19 11
685 12 19 6
1350 13 3 64
3862 13 3 55
699 13 3 45
1870 13 3 37
3213 13 3 28
839 13 3 20
5921 13 3 12
4857 13 3 6
4214 13 4 40
4223 13 4 33
3463 13 4 27
410 13 4 19
5360 13 4 11
6153 13 4 5
4084 13 5 96
2764 13 5 90
2359 13 5 82
3529 13 5 74
1227 13 5 64
6112 13 5 54
2871 13 5 46
5390 13 5 36
2580 13 5 25
1594 13 5 17
4914 13 5 6
3104 13 8 96
2021 13 8 90
1721 13 8 82
3369 13 8 74
3912 13 8 63
164 13 8 56
570 13 8 48
1339 13 8 39
3616 13 8 30
1319 13 8 23
5979 13 8 15
4280 13 8 7
1224 13 9 96
6175 13 9 89
1767 13 9 82
2788 13 9 74
93 13 9 63
6302 13 9 55
5750 13 9 44
4833 13 9 37
3063 13 9 28
590 13 9 20
4719 13 9 12
4767 13 9 6
4176 13 10 95
5042 13 10 89
1444 13 10 82
1139 13 10 74
6273 13 10 62
6226 13 10 53
4285 13 10 46
5159 13 10 36
5507 13 10 24
1814 13 10 14
1446 13 10 5
873 13 13 95
4886 13 13 89
1078 13 13 82
606 13 13 74
5064 13 13 62
5552 13 13 53
4036 13 13 46
3883 13 13 36
5487 13 13 24
1050 13 13 14
1176 13 13 5
60 13 15 95
3388 13 15 89
231 13 15 82
4678 13 15 73
269 13 15 67
4552 13 15 58
3398 13 15 49
5650 13 15 41
753 13 15 33
1279 13 15 27
5526 13 15 18
3191 13 15 8
6164 13 16 94
6059 13 16 87
2007 13 16 78
1836 13 16 67
3772 13 16 58
3188 13 16 49
1327 13 16 41
6103 13 16 32
4087 13 16 25
5257 13 16 16
3018 13 16 6
5478 13 18 94
5995 13 18 87
1775 13 18 78
1831 13 18 67
3686 13 18 58
5856 13 18 48
34 13 18 39
3029 13 18 30
676 13 18 23
3973 13 18 15
2190 13 18 7
2998 13 19 94
5525 13 19 87
662 13 19 78
1501 13 19 67
2325 13 19 58
4521 13 19 48
244 13 19 38
1675 13 19 31
2290 13 19 23
3738 13 19 15
1334 13 19 7
811 14 1 94
5279 14 1 87
6107 14 1 77
416 14 1 68
4353 14 1 59
5433 14 1 51
5518 14 1 44
500 14 1 36
3841 14 1 24
620 14 1 14
1134 14 1 5
5418 14 3 93
3877 14 3 86
681 14 3 77
4133 14 3 67
1424 14 3 58
3245 14 3 48
5371 14 3 37
1911 14 3 28
576 14 3 20
4246 14 3 12
4543 14 3 6
4972 14 8 93
3298 14 8 86
5701 14 8 76
1271 14 8 68
3595 14 8 59
5280 14 8 51
5170 14 8 44
167 14 8 36
2510 14 8 24
337 14 8 14
214 14 8 5
4794 14 10 93
2748 14 10 86
5111 14 10 76
1023 14 10 68
3551 14 10 59
3699 14 10 51
2170 14 10 44
87 14 10 36
5185 14 10 23
1744 14 10 15
171 14 10 7
3810 14 12 93
1272 14 12 86
4000 14 12 76
4340 14 12 67
15 14 12 58
3045 14 12 48
4926 14 12 37
1867 14 12 28
5987 14 12 19
2053 14 12 11
4866 14 12 5
3070 14 13 93
5787 14 13 85
706 14 13 78
384 14 13 67
3873 14 13 57
3221 14 13 46
3678 14 13 36
5094 14 13 23
1150 14 13 15
127 14 13 7
2463 15 1 93
604 15 1 85
4532 15 1 77
3636 15 1 67
3049 15 1 57
2644 15 1 46
995 15 1 36
3526 15 1 23
5969 15 1 14
80 15 1 5
698 15 5 93
5378 15 5 84
961 15 5 77
3928 15 5 66
3729 15 5 59
1630 15 5 51
1422 15 5 44
5412 15 5 35
3020 15 5 23
4268 15 5 14
5681 15 5 4
259 15 8 93
2966 15 8 84
475 15 8 77
2698 15 8 66
2363 15 8 59
627 15 8 51
1020 15 8 44
3099 15 8 35
1168 15 8 23
2506 15 8 14
4906 15 8 4
5690 15 10 92
2541 15 10 86
3152 15 10 76
3914 15 10 67
2295 15 10 57
109 15 10 46
5446 15 10 35
5851 15 10 22
2536 15 10 14
2123 15 10 4
5223 16 1 92
4745 16 1 85
4480 16 1 77
3732 16 1 64
4267 16 1 54
490 16 1 46
4164 16 1 35
5521 16 1 22
2200 16 1 14
883 16 1 4
4331 16 2 92
4225 16 2 85
2342 16 2 77
2613 16 2 64
1892 16 2 54
3323 16 2 45
77 16 2 37
1165 16 2 28
5719 16 2 19
1155 16 2 11
3340 16 2 5
2262 16 3 92
1602 16 3 85
1578 16 3 77
910 16 3 64
5950 16 3 53
2522 16 3 46
3853 16 3 35
3547 16 3 22
363 16 3 14
3533 16 3 3
2199 16 4 92
224 16 4 85
1309 16 4 77
553 16 4 64
5554 16 4 53
2503 16 4 46
2717 16 4 35
1823 16 4 22
5251 16 4 13
3451 16 4 4
1838 16 5 92
6228 16 5 84
203 16 5 77
2734 16 5 63
4968 16 5 55
5535 16 5 44
525 16 5 35
3180 16 5 21
5799 16 5 14
3059 16 5 3
1470 16 12 92
6069 16 12 84
5798 16 12 76
371 16 12 67
2173 16 12 57
1700 16 12 45
5574 16 12 36
2738 16 12 23
702 16 12 14
2306 16 12 3
1352 16 14 92
5733 16 14 84
5035 16 14 76
2265 16 14 66
1301 16 14 59
5834 16 14 50
930 16 14 41
6073 16 14 32
3281 16 14 25
211 16 14 16
1818 16 14 6
6198 16 15 91
1724 16 15 84
3077 16 15 76
1073 16 15 66
6241 16 15 58
6191 16 15 47
2008 16 15 35
139 16 15 21
5493 16 15 14
2245 16 15 3
5510 16 16 91
750 16 16 84
2683 16 16 76
666 16 16 66
5751 16 16 58
5158 16 16 47
1416 16 16 35
818 16 16 20
4109 16 16 12
3500 16 16 6
5152 16 17 91
332 16 17 84
2531 16 17 76
4785 16 17 65
2708 16 17 56
5495 16 17 47
5055 16 17 34
2995 16 17 25
4514 16 17 15
6049 16 17 6
5036 16 18 91
4953 16 18 83
3842 16 18 74
4867 16 18 62
4838 16 18 53
1933 16 18 46
2694 16 18 35
779 16 18 20
3813 16 18 12
2378 16 18 6
4975 16 19 91
3992 16 19 83
1961 16 19 74
4388 16 19 62
1730 16 19 53
1399 16 19 46
2652 16 19 35
2836 16 19 19
6247 16 19 10
3442 17 1 91
2101 17 1 83
6057 17 1 73
48 17 1 67
1696 17 1 57
5255 17 1 44
4245 17 1 34
635 17 1 25
4215 17 1 15
5807 17 1 6
1539 17 2 91
3290 17 2 82
1978 17 2 73
5352 17 2 66
5300 17 2 58
1659 17 2 47
4969 17 2 34
5723 17 2 24
309 17 2 14
2149 17 2 3
1151 17 3 91
2952 17 3 82
1346 17 3 73
3319 17 3 66
2134 17 3 58
1445 17 3 47
4890 17 3 34
5234 17 3 24
5310 17 3 13
3219 17 3 4
667 17 4 91
1130 17 4 82
884 17 4 73
774 17 4 66
1495 17 4 58
1029 17 4 47
4015 17 4 34
5219 17 4 24
3422 17 4 13
1822 17 4 4
2 17 5 91
628 17 5 82
618 17 5 73
5393 17 5 65
1701 17 5 56
5403 17 5 47
3048 17 5 34
5188 17 5 24
1985 17 5 13
108 17 5 4
5678 17 6 90
1458 17 6 82
38 17 6 73
5348 17 6 65
1537 17 6 56
4474 17 6 47
1583 17 6 34
220 17 6 24
1101 17 6 13
4421 17 6 3
4760 17 7 90
1396 17 7 82
5266 17 7 72
5890 17 7 64
4231 17 7 53
5954 17 7 45
5567 17 7 36
1618 17 7 23
310 17 7 14
1555 17 7 2
4538 17 8 90
731 17 8 82
3693 17 8 72
4135 17 8 64
4083 17 8 53
5607 17 8 45
4698 17 8 36
1518 17 8 23
6068 17 8 13
4391 17 8 3
2990 17 9 90
6219 17 9 81
5784 17 9 72
4130 17 9 64
2538 17 9 53
5501 17 9 45
3353 17 9 36
5222 17 9 22
5162 17 9 13
3023 17 9 3
284 17 10 90
6177 17 10 81
4434 17 10 72
4106 17 10 64
88 17 10 53
4955 17 10 45
5545 17 10 35
2635 17 10 19
5930 17 10 10
6216 17 11 89
5517 17 11 81
4403 17 11 72
3302 17 11 64
5080 17 11 52
2775 17 11 41
5917 17 11 32
3041 17 11 25
3610 17 11 15
3607 17 11 6
4826 17 12 89
4113 17 12 81
3688 17 12 72
3237 17 12 64
3995 17 12 52
1966 17 12 41
4874 17 12 32
1621 17 12 25
2986 17 12 15
2719 17 12 6
3280 17 14 89
2248 17 14 81
3156 17 14 72
1797 17 14 64
2160 17 14 52
971 17 14 41
4002 17 14 32
1128 17 14 25
1679 17 14 15
2527 17 14 6
126 17 15 89
1629 17 15 81
2403 17 15 72
145 17 15 64
257 17 15 51
4524 17 15 43
1292 17 15 35
2495 17 15 19
4588 17 15 10
6183 17 16 88
1274 17 16 80
341 17 16 73
3740 17 16 65
6263 17 16 55
3858 17 16 44
3756 17 16 34
4189 17 16 23
5637 17 16 13
2055 17 16 3
4158 17 17 88
840 17 17 80
6268 17 17 72
6203 17 17 63
4078 17 17 55
2927 17 17 44
3307 17 17 33
5275 17 17 26
4917 17 17 16
577 17 17 6
2614 17 18 88
744 17 18 80
6043 17 18 72
5910 17 18 63
2155 17 18 55
603 17 18 44
2519 17 18 33
4598 17 18 26
4344 17 18 16
4117 17 18 5
2285 17 19 88
6280 17 19 79
4591 17 19 70
1990 17 19 62
1106 17 19 53
3993 17 19 45
1160 17 19 35
457 17 19 19
3118 17 19 10
4140 19 0 86
2592 19 0 76
4265 19 0 65
2633 19 0 55
5626 19 0 43
887 19 0 35
4443 19 0 18
2137 19 0 8
2419 19 1 86
2029 19 1 76
2505 19 1 65
646 19 1 55
6091 19 1 42
1656 19 1 35
2309 19 1 18
1432 19 1 8
3641 19 2 84
786 19 2 76
2425 19 2 65
5714 19 2 54
2420 19 2 45
1114 19 2 35
1574 19 2 17
4122 19 2 6
2833 19 3 84
6192 19 3 75
624 19 3 66
949 19 3 58
120 19 3 47
684 19 3 34
1681 19 3 23
5571 19 3 13
1903 19 3 3
1401 19 4 84
3117 19 4 75
53 19 4 66
3612 19 4 57
3800 19 4 44
1498 19 4 33
4437 19 4 26
3278 19 4 16
2934 19 4 5
5228 19 5 83
2343 19 5 73
1080 19 5 65
3848 19 5 54
1257 19 5 45
1100 19 5 35
1077 19 5 16
2887 19 5 5
4963 19 6 83
938 19 6 73
5616 19 6 64
4759 19 6 50
156 19 6 41
3892 19 6 32
1019 19 6 25
1562 19 6 15
2303 19 6 6
4463 19 7 83
5096 19 7 72
5824 19 7 63
5909 19 7 54
6294 19 7 44
197 19 7 33
2609 19 7 26
1278 19 7 16
752 19 7 5
1183 19 8 83
5998 19 8 71
1490 19 8 60
2900 19 8 52
6094 19 8 40
3620 19 8 33
2108 19 8 26
3141 19 8 15
1429 19 8 6
728 19 9 83
4790 19 9 71
178 19 9 60
1242 19 9 52
5324 19 9 40
3413 19 9 33
1855 19 9 26
2188 19 9 15
1654 19 9 5
4894 19 10 81
658 19 10 72
5387 19 10 63
2386 19 10 54
5835 19 10 44
5974 19 10 32
800 19 10 25
5469 19 10 14
5460 19 10 1
2864 19 11 80
5341 19 11 72
3962 19 11 63
2356 19 11 54
5769 19 11 44
5307 19 11 32
3577 19 11 24
4306 19 11 12
1764 19 11 6
3749 19 12 79
1694 19 12 70
1641 19 12 62
468 19 12 53
842 19 12 45
736 19 12 35
2457 19 12 15
4751 19 12 4
2432 19 13 79
5262 19 13 69
795 19 13 62
289 19 13 53
193 19 13 45
71 19 13 35
3089 19 13 14
4546 19 13 1
5425 19 14 78
6172 19 14 66
2589 19 14 57
3730 19 14 44
5238 19 14 32
4037 19 14 23
4555 19 14 13
1243 19 14 3
1466 19 15 77
2417 19 15 63
1648 19 15 54
4075 19 15 44
4209 19 15 32
2674 19 15 23
3948 19 15 13
59 19 15 3
237 19 16 75
5258 19 16 65
3438 19 16 54
4018 19 16 44
3632 19 16 32
2456 19 16 23
3450 19 16 13
3755 19 16 2
1096 19 17 74
2600 19 17 62
5949 19 17 52
3294 19 17 40
3019 19 17 33
1179 19 17 26
1425 19 17 15
4720 19 17 4
5943 19 18 73
3783 19 18 64
3866 19 18 50
5252 19 18 40
651 19 18 33
885 19 18 26
855 19 18 15
3961 19 18 4
4961 19 19 72
3781 19 19 63
904 19 19 54
3899 19 19 44
3142 19 19 32
5502 19 19 22
4937 19 19 13
5878 19 19 1
