2646
4357 0 0 98
2800 0 0 95
3523 0 0 92
2560 0 0 90
1525 0 0 87
1153 0 0 84
4544 0 0 80
1236 0 0 77
463 0 0 73
4518 0 0 71
4313 0 0 68
4405 0 0 65
2052 0 0 63
3575 0 0 60
1906 0 0 58
2240 0 0 55
2361 0 0 52
308 0 0 49
4407 0 0 46
3213 0 0 44
1991 0 0 40
326 0 0 38
107 0 0 36
1616 0 0 34
4629 0 0 30
2120 0 0 27
3994 0 0 25
3238 0 0 23
3253 0 0 20
3496 0 0 17
3696 0 0 14
2482 0 0 12
3064 0 0 10
302 0 0 7
4347 0 0 4
4008 0 0 1
3133 0 1 98
4722 0 1 94
2587 0 1 92
4141 0 1 89
3738 0 1 85
1011 0 1 82
3665 0 1 79
3462 0 1 76
4448 0 1 72
657 0 1 69
2595 0 1 67
1996 0 1 65
4360 0 1 61
4466 0 1 58
4311 0 1 54
3984 0 1 52
1024 0 1 48
3929 0 1 44
2480 0 1 39
4021 0 1 36
2508 0 1 33
2653 0 1 30
698 0 1 27
3719 0 1 25
2896 0 1 22
3163 0 1 18
1095 0 1 14
3445 0 1 11
3323 0 1 8
4507 0 1 5
1404 0 1 3
8 0 1 1
2795 0 2 98
3733 0 2 94
4748 0 2 91
1556 0 2 89
3574 0 2 85
602 0 2 82
2060 0 2 79
3992 0 2 75
4433 0 2 73
4541 0 2 69
4626 0 2 64
3488 0 2 62
3549 0 2 58
3481 0 2 54
2458 0 2 51
3034 0 2 48
3326 0 2 44
2266 0 2 39
899 0 2 36
2155 0 2 33
3431 0 2 29
2408 0 2 26
4666 0 2 24
2584 0 2 21
4584 0 2 19
1344 0 2 17
1459 0 2 14
1874 0 2 11
1838 0 2 8
3775 0 2 5
1175 0 2 2
68 0 3 97
4187 0 3 94
4538 0 3 91
1636 0 3 88
3442 0 3 84
4429 0 3 78
913 0 3 75
443 0 3 72
4312 0 3 68
4295 0 3 65
2688 0 3 61
4174 0 3 57
4606 0 3 53
3126 0 3 50
3123 0 3 48
2879 0 3 44
2190 0 3 39
667 0 3 36
3873 0 3 32
498 0 3 29
554 0 3 26
2078 0 3 23
401 0 3 20
3273 0 3 16
2145 0 3 13
3204 0 3 9
3096 0 3 5
3586 0 3 1
3394 0 4 96
2491 0 4 92
1997 0 4 89
922 0 4 84
3260 0 4 78
3714 0 4 74
1893 0 4 72
2710 0 4 68
1812 0 4 65
2264 0 4 60
3951 0 4 57
4291 0 4 53
4754 0 4 49
4371 0 4 46
3385 0 4 43
433 0 4 41
3952 0 4 38
3532 0 4 34
3647 0 4 30
276 0 4 26
779 0 4 22
3956 0 4 17
1393 0 4 14
1148 0 4 11
2497 0 4 7
3082 0 4 3
3088 0 5 96
2865 0 5 91
4341 0 5 87
3079 0 5 83
3452 0 5 78
3882 0 5 73
3330 0 5 69
4161 0 5 64
4679 0 5 61
3872 0 5 57
4339 0 5 52
756 0 5 48
1012 0 5 44
1341 0 5 39
625 0 5 36
523 0 5 32
4787 0 5 28
4441 0 5 26
215 0 5 22
3962 0 5 16
649 0 5 13
2921 0 5 9
2528 0 5 5
343 0 5 1
2175 0 6 96
3412 0 6 90
4402 0 6 86
4596 0 6 83
4152 0 6 77
3847 0 6 72
1439 0 6 68
4114 0 6 64
2751 0 6 60
3560 0 6 57
3874 0 6 52
2430 0 6 47
73 0 6 44
969 0 6 39
345 0 6 36
3945 0 6 31
2862 0 6 27
3387 0 6 24
2095 0 6 20
3206 0 6 16
3547 0 6 12
3830 0 6 9
1618 0 6 5
3270 0 6 1
3936 0 7 95
3362 0 7 91
3957 0 7 87
4805 0 7 82
804 0 7 79
3544 0 7 75
3121 0 7 71
4011 0 7 67
1503 0 7 64
2099 0 7 60
2080 0 7 57
3338 0 7 52
1791 0 7 47
2788 0 7 43
1410 0 7 40
3635 0 7 36
2622 0 7 31
2588 0 7 27
2386 0 7 24
486 0 7 20
1397 0 7 16
369 0 7 12
3761 0 7 9
3701 0 7 4
955 0 8 95
3115 0 8 91
3154 0 8 87
3080 0 8 82
4818 0 8 78
1877 0 8 73
935 0 8 69
3821 0 8 64
119 0 8 60
3949 0 8 56
1191 0 8 54
1140 0 8 51
1234 0 8 48
3692 0 8 43
1741 0 8 39
3617 0 8 35
2850 0 8 31
4623 0 8 26
3991 0 8 21
3675 0 8 18
2110 0 8 13
2780 0 8 9
3181 0 8 4
273 0 9 95
3078 0 9 91
1284 0 9 87
1937 0 9 82
2399 0 9 78
696 0 9 73
2253 0 9 68
3543 0 9 64
356 0 9 59
647 0 9 56
1806 0 9 53
1885 0 9 49
36 0 9 46
4212 0 9 42
2520 0 9 39
3463 0 9 33
286 0 9 29
4476 0 9 24
3921 0 9 19
3898 0 9 15
3490 0 9 12
4765 0 9 8
3895 0 9 4
3581 0 10 94
4164 0 10 90
3349 0 10 85
2493 0 10 81
2192 0 10 79
2058 0 10 75
2201 0 10 71
3852 0 10 67
4274 0 10 63
2592 0 10 60
3336 0 10 56
1562 0 10 52
208 0 10 47
933 0 10 43
2598 0 10 38
2291 0 10 34
245 0 10 29
4157 0 10 24
3041 0 10 19
115 0 10 15
1686 0 10 12
4205 0 10 8
3634 0 10 4
509 0 11 94
3515 0 11 90
2945 0 11 85
1769 0 11 81
4468 0 11 78
4410 0 11 72
4485 0 11 67
3492 0 11 62
1269 0 11 58
3136 0 11 54
4228 0 11 50
4380 0 11 47
3594 0 11 42
907 0 11 38
3836 0 11 33
4704 0 11 28
3475 0 11 25
4440 0 11 21
1608 0 11 18
1020 0 11 13
943 0 11 9
2984 0 11 4
313 0 12 94
3209 0 12 90
2590 0 12 85
364 0 12 81
3210 0 12 76
4415 0 12 72
2421 0 12 67
1465 0 12 62
2630 0 12 57
3176 0 12 52
4492 0 12 46
1963 0 12 42
4519 0 12 37
4427 0 12 35
586 0 12 31
3939 0 12 26
4815 0 12 20
2294 0 12 15
1044 0 12 12
1723 0 12 8
2453 0 12 4
3550 0 13 93
516 0 13 90
1087 0 13 85
3623 0 13 80
923 0 13 77
2547 0 13 72
1930 0 13 67
2116 0 13 61
1899 0 13 57
2076 0 13 52
147 0 13 46
1320 0 13 42
620 0 13 37
1886 0 13 34
3498 0 13 28
3555 0 13 24
304 0 13 19
4351 0 13 14
4652 0 13 10
3271 0 13 6
2486 0 13 4
2808 0 14 93
4314 0 14 89
3700 0 14 83
4064 0 14 77
2032 0 14 72
3879 0 14 66
128 0 14 63
2552 0 14 60
1055 0 14 56
595 0 14 51
2511 0 14 47
4612 0 14 41
4233 0 14 37
1720 0 14 34
2721 0 14 28
2799 0 14 24
1820 0 14 18
4622 0 14 12
1438 0 14 8
1892 0 14 4
861 0 15 93
3657 0 15 89
4292 0 15 82
505 0 15 78
1202 0 15 72
3299 0 15 66
1331 0 15 62
1104 0 15 57
623 0 15 52
4580 0 15 45
4746 0 15 41
3046 0 15 37
1399 0 15 33
976 0 15 28
1620 0 15 24
3332 0 15 16
4098 0 15 11
2214 0 15 7
999 0 15 3
4630 0 16 92
841 0 16 88
4828 0 16 83
3693 0 16 77
2022 0 16 72
3161 0 16 66
4059 0 16 61
187 0 16 57
4680 0 16 51
2177 0 16 47
2419 0 16 41
2344 0 16 37
4657 0 16 32
4237 0 16 28
2484 0 16 23
3654 0 16 19
3950 0 16 14
4080 0 16 10
1728 0 16 6
3627 0 16 3
3378 0 17 92
4220 0 17 87
1308 0 17 82
4153 0 17 77
368 0 17 72
1337 0 17 66
530 0 17 61
4307 0 17 56
4751 0 17 50
2696 0 17 47
629 0 17 41
4527 0 17 36
2571 0 17 31
3499 0 17 26
4400 0 17 20
1651 0 17 15
325 0 17 12
1363 0 17 8
3773 0 17 3
1987 0 18 92
2103 0 18 87
4094 0 18 81
1702 0 18 76
4033 0 18 72
830 0 18 66
145 0 18 61
1775 0 18 56
4160 0 18 50
2021 0 18 47
3782 0 18 40
4611 0 18 35
4500 0 18 30
3448 0 18 25
632 0 18 21
4463 0 18 17
4699 0 18 13
3019 0 18 8
2901 0 18 3
1380 0 19 92
334 0 19 87
2325 0 19 81
1379 0 19 76
2191 0 19 72
741 0 19 66
3704 0 19 60
4315 0 19 55
3478 0 19 51
1540 0 19 47
3457 0 19 40
1315 0 19 35
189 0 19 30
3291 0 19 25
260 0 19 21
4196 0 19 17
850 0 19 13
2682 0 19 8
1059 0 19 3
724 2 0 92
4506 2 0 86
4266 2 0 83
1887 2 0 77
322 2 0 72
4354 2 0 65
475 2 0 60
957 2 0 55
2834 2 0 51
4766 2 0 46
3937 2 0 41
3029 2 0 36
2473 2 0 31
3425 2 0 26
3528 2 0 20
3851 2 0 14
3893 2 0 10
3812 2 0 5
2642 2 1 91
1984 2 1 86
2104 2 1 83
1366 2 1 77
2489 2 1 71
3999 2 1 66
2463 2 1 60
1544 2 1 54
3044 2 1 50
1824 2 1 47
439 2 1 40
843 2 1 35
4562 2 1 29
1303 2 1 24
2699 2 1 16
3985 2 1 11
1112 2 1 7
3061 2 1 2
2356 2 2 91
552 2 2 86
746 2 2 83
3507 2 2 76
1395 2 2 72
654 2 2 65
40 2 2 60
2471 2 2 53
159 2 2 49
4675 2 2 45
2968 2 2 41
1790 2 2 36
1128 2 2 31
1796 2 2 26
792 2 2 20
3599 2 2 14
2988 2 2 10
2778 2 2 4
2342 2 3 91
4811 2 3 85
3441 2 3 80
3402 2 3 76
58 2 3 72
230 2 3 65
2719 2 3 59
4568 2 3 55
4662 2 3 50
1257 2 3 47
3880 2 3 39
2994 2 3 32
3484 2 3 28
860 2 3 23
2645 2 3 19
3355 2 3 14
1612 2 3 9
2797 2 3 4
2251 2 6 91
3511 2 6 85
2904 2 6 80
258 2 6 76
2737 2 6 71
3670 2 6 66
2068 2 6 60
991 2 6 53
4793 2 6 48
3684 2 6 43
2128 2 6 38
2082 2 6 33
3666 2 6 27
938 2 6 24
2503 2 6 16
3813 2 6 11
720 2 6 7
1760 2 6 2
1802 2 7 91
3030 2 7 85
2625 2 7 80
3649 2 7 75
3741 2 7 70
3483 2 7 67
1300 2 7 61
4715 2 7 55
3683 2 7 50
28 2 7 46
3007 2 7 41
1060 2 7 36
1006 2 7 31
3436 2 7 25
4261 2 7 20
2522 2 7 14
790 2 7 9
2591 2 7 4
1265 2 8 91
2464 2 8 85
171 2 8 80
3468 2 8 75
1396 2 8 70
1589 2 8 67
1243 2 8 61
4126 2 8 55
2728 2 8 50
4760 2 8 45
2929 2 8 41
4047 2 8 35
3493 2 8 29
4392 2 8 23
1597 2 8 19
2684 2 8 14
2534 2 8 8
881 2 8 3
4382 2 10 90
76 2 10 85
3774 2 10 79
4225 2 10 74
547 2 10 71
1925 2 10 66
4707 2 10 59
2565 2 10 55
1413 2 10 50
2299 2 10 45
2384 2 10 41
4024 2 10 35
1026 2 10 29
2392 2 10 23
4547 2 10 18
2822 2 10 12
3808 2 10 7
244 2 10 2
3533 2 11 90
4639 2 11 84
2312 2 11 78
946 2 11 72
4443 2 11 64
281 2 11 59
1 2 11 55
1209 2 11 50
4616 2 11 44
423 2 11 39
3930 2 11 31
3009 2 11 25
3681 2 11 20
2302 2 11 14
1486 2 11 8
329 2 11 3
2181 2 12 90
3202 2 12 84
1407 2 12 78
3460 2 12 71
1425 2 12 66
4534 2 12 59
4072 2 12 54
2025 2 12 50
4493 2 12 44
2092 2 12 38
1928 2 12 33
3576 2 12 27
1385 2 12 23
4285 2 12 18
1727 2 12 12
3548 2 12 7
3691 2 12 1
1970 2 13 90
3201 2 13 84
1334 2 13 78
2219 2 13 71
16 2 13 66
1916 2 13 59
3128 2 13 54
1149 2 13 49
1183 2 13 45
1924 2 13 41
3135 2 13 35
223 2 13 29
1671 2 13 23
4260 2 13 18
708 2 13 12
3122 2 13 7
3013 2 13 1
1598 2 14 90
1763 2 14 84
3642 2 14 77
609 2 14 71
4708 2 14 65
4798 2 14 58
1532 2 14 54
4843 2 14 48
3159 2 14 43
722 2 14 38
1239 2 14 33
4532 2 14 26
3546 2 14 19
1490 2 14 14
3598 2 14 7
2426 2 14 1
1238 2 15 90
902 2 15 84
3637 2 15 76
1441 2 15 71
3189 2 15 65
4673 2 15 58
1165 2 15 54
4365 2 15 48
2948 2 15 43
4211 2 15 37
4035 2 15 31
2081 2 15 25
1764 2 15 20
1647 2 15 14
587 2 15 7
1969 2 15 1
700 2 18 90
50 2 18 84
2746 2 18 76
3105 2 18 70
1041 2 18 67
2664 2 18 59
1718 2 18 54
1451 2 18 48
2363 2 18 43
2792 2 18 37
3778 2 18 31
958 2 18 25
4759 2 18 19
1271 2 18 14
4564 2 18 6
4066 2 18 2
3995 2 19 89
3955 2 19 82
3214 2 19 77
4649 2 19 70
2669 2 19 66
1127 2 19 59
3636 2 19 53
3790 2 19 48
2077 2 19 43
2136 2 19 37
3092 2 19 31
916 2 19 25
4582 2 19 19
4730 2 19 13
4508 2 19 7
1591 2 19 1
2004 3 0 89
3742 3 0 82
3134 3 0 77
4627 3 0 70
539 3 0 66
4709 3 0 58
4091 3 0 52
4497 3 0 45
612 3 0 41
2790 3 0 35
4520 3 0 28
715 3 0 23
3618 3 0 18
4432 3 0 11
622 3 0 7
203 3 0 1
3899 3 6 88
2504 3 6 83
3373 3 6 76
3097 3 6 70
3434 3 6 65
3601 3 6 58
2013 3 6 52
3541 3 6 45
350 3 6 41
2783 3 6 35
4513 3 6 28
3628 3 6 22
3312 3 6 16
3553 3 6 11
3789 3 6 6
3771 3 6 2
2913 3 7 88
1240 3 7 83
3883 3 7 75
4837 3 7 69
2153 3 7 64
1803 3 7 58
677 3 7 52
3318 3 7 45
1931 3 7 40
485 3 7 35
3251 3 7 28
1609 3 7 22
1053 3 7 16
3050 3 7 11
3118 3 7 6
1083 3 7 2
3755 3 8 86
2179 3 8 82
2693 3 8 77
3932 3 8 70
1273 3 8 65
1922 3 8 58
290 3 8 52
2062 3 8 45
1815 3 8 40
2828 3 8 34
882 3 8 28
1491 3 8 22
3765 3 8 15
2632 3 8 11
2414 3 8 6
2577 3 8 1
3368 3 10 86
1600 3 10 82
1207 3 10 77
3467 3 10 70
152 3 10 64
1046 3 10 58
4747 3 10 51
4002 3 10 46
4655 3 10 40
1163 3 10 34
503 3 10 28
2 3 10 22
815 3 10 15
705 3 10 11
1754 3 10 6
656 3 10 1
927 3 11 86
1421 3 11 82
543 3 11 77
1291 3 11 70
2638 3 11 63
1488 3 11 60
389 3 11 53
3653 3 11 48
1242 3 11 43
4155 3 11 36
2315 3 11 30
2586 3 11 25
2495 3 11 19
3172 3 11 13
3358 3 11 7
1409 3 12 85
3106 3 12 79
4181 3 12 74
4767 3 12 70
2623 3 12 63
3278 3 12 59
2782 3 12 53
1378 3 12 48
2540 3 12 42
4092 3 12 36
1926 3 12 30
1909 3 12 25
1966 3 12 19
1674 3 12 13
986 3 12 7
1143 3 13 85
2231 3 13 79
2640 3 13 74
3127 3 13 70
1448 3 13 63
1868 3 13 59
2305 3 13 53
859 3 13 48
2383 3 13 42
4032 3 13 36
438 3 13 30
1150 3 13 25
1611 3 13 19
1665 3 13 13
728 3 13 7
795 3 14 85
942 3 14 79
4110 3 14 73
1901 3 14 68
1485 3 14 64
2000 3 14 57
4373 3 14 51
2952 3 14 46
4451 3 14 40
778 3 14 34
948 3 14 27
686 3 14 23
3068 3 14 18
3384 3 14 11
1298 3 14 6
3600 3 15 84
2065 3 15 76
2481 3 15 70
1206 3 15 63
3011 3 15 58
3807 3 15 51
1681 3 15 46
4286 3 15 40
259 3 15 34
867 3 15 26
3408 3 15 19
3513 3 15 12
2505 3 15 7
2038 3 18 84
1487 3 18 76
807 3 18 70
2715 3 18 62
3914 3 18 56
3529 3 18 50
3718 3 18 44
1948 3 18 38
1581 3 18 32
3246 3 18 28
4509 3 18 21
1460 3 18 17
4579 3 18 12
2063 3 18 7
4042 3 19 83
2069 3 19 75
2519 3 19 69
2594 3 19 63
1643 3 19 58
3228 3 19 51
1109 3 19 45
847 3 19 40
4689 3 19 33
4521 3 19 26
2428 3 19 19
3440 3 19 12
1689 3 19 7
4076 4 0 82
3250 4 0 76
3713 4 0 69
2478 4 0 63
7 4 0 58
1837 4 0 51
665 4 0 45
3953 4 0 39
1730 4 0 31
4439 4 0 24
2187 4 0 16
4535 4 0 10
2157 4 0 4
3396 4 2 82
2951 4 2 76
2447 4 2 69
3729 4 2 62
3086 4 2 56
1346 4 2 50
3650 4 2 44
1632 4 2 38
2658 4 2 31
4065 4 2 24
1323 4 2 16
4177 4 2 10
1029 4 2 4
2443 4 3 82
2944 4 3 76
2330 4 3 69
3664 4 3 62
545 4 3 56
719 4 3 50
2736 4 3 44
900 4 3 38
1622 4 3 31
2537 4 3 24
3039 4 3 15
1314 4 3 10
4213 4 3 3
2283 4 4 82
2030 4 4 76
1914 4 4 69
2745 4 4 62
3076 4 4 55
4229 4 4 49
4628 4 4 44
766 4 4 38
582 4 4 31
1842 4 4 24
2347 4 4 15
919 4 4 10
3393 4 4 3
38 4 10 82
1629 4 10 76
390 4 10 69
2301 4 10 62
2449 4 10 55
3564 4 10 49
1267 4 10 44
4790 4 10 37
1233 4 10 31
4185 4 10 23
1999 4 10 18
2649 4 10 11
3752 4 10 5
4780 4 15 80
2233 4 15 75
2176 4 15 69
1708 4 15 62
1938 4 15 55
3531 4 15 49
4743 4 15 43
4103 4 15 36
382 4 15 30
1036 4 15 25
3631 4 15 18
937 4 15 11
3302 4 15 5
4166 4 17 79
3435 4 17 73
3965 4 17 67
2457 4 17 59
1350 4 17 53
4663 4 17 47
3757 4 17 39
974 4 17 31
3081 4 17 23
1193 4 17 18
521 4 17 11
3199 4 17 5
221 4 18 79
2835 4 18 73
103 4 18 67
2205 4 18 59
210 4 18 53
3539 4 18 47
2130 4 18 39
814 4 18 31
2282 4 18 23
4158 4 18 17
1920 4 18 12
4399 4 18 6
3383 5 0 78
1845 5 0 71
2582 5 0 65
1768 5 0 58
816 5 0 51
97 5 0 45
3276 5 0 38
309 5 0 31
2531 5 0 22
749 5 0 15
3464 5 0 9
377 5 0 4
2088 5 2 78
599 5 2 71
569 5 2 65
965 5 2 58
332 5 2 51
4814 5 2 44
4361 5 2 37
3946 5 2 30
4619 5 2 24
1028 5 2 15
3090 5 2 9
4426 5 2 3
3829 5 3 77
4786 5 3 69
149 5 3 62
1657 5 3 55
3466 5 3 49
4557 5 3 43
4397 5 3 35
2184 5 3 28
4334 5 3 21
1076 5 3 17
2521 5 3 11
2477 5 3 5
2858 5 4 60
4740 5 4 52
2061 5 4 45
2510 5 4 38
4770 5 4 30
3720 5 4 24
4279 5 4 14
2557 5 4 6
1094 5 6 59
78 5 6 53
3285 5 6 47
1222 5 6 39
14 5 6 31
13 5 6 22
3731 5 6 14
1529 5 6 6
4526 5 7 96
3272 5 7 90
4576 5 7 83
1115 5 7 75
2168 5 7 69
3074 5 7 61
3153 5 7 55
2971 5 7 49
3354 5 7 43
4112 5 7 34
827 5 7 26
1430 5 7 19
3284 5 7 12
4335 5 7 6
4772 5 8 95
2555 5 8 91
2332 5 8 85
400 5 8 79
2600 5 8 73
1607 5 8 66
4358 5 8 58
3859 5 8 50
2633 5 8 44
3646 5 8 37
3306 5 8 30
1677 5 8 24
2553 5 8 14
1048 5 8 6
4322 5 10 94
2472 5 10 90
2687 5 10 83
4470 5 10 74
383 5 10 70
2448 5 10 62
1619 5 10 55
1547 5 10 49
3162 5 10 43
2432 5 10 34
227 5 10 26
536 5 10 19
3177 5 10 12
3335 5 10 6
4282 5 12 94
2742 5 12 89
2147 5 12 82
1482 5 12 76
3584 5 12 68
825 5 12 64
118 5 12 57
4089 5 12 51
3783 5 12 44
3470 5 12 37
2385 5 12 30
651 5 12 24
2156 5 12 14
988 5 12 6
4056 5 13 94
2161 5 13 89
812 5 13 82
4097 5 13 75
1312 5 13 69
3382 5 13 60
4198 5 13 52
3624 5 13 44
3390 5 13 37
1693 5 13 30
3411 5 13 23
1573 5 13 17
1051 5 13 11
4217 5 13 4
2933 5 17 94
1742 5 17 89
394 5 17 82
3678 5 17 75
457 5 17 69
3048 5 17 60
2171 5 17 52
3587 5 17 44
673 5 17 37
675 5 17 30
3254 5 17 23
1392 5 17 17
134 5 17 11
4123 5 17 4
2698 5 18 94
1297 5 18 89
4303 5 18 81
4070 5 18 75
294 5 18 69
1889 5 18 60
1391 5 18 52
2533 5 18 44
532 5 18 37
507 5 18 30
3131 5 18 23
1005 5 18 17
4586 5 18 10
1656 5 18 3
1290 6 0 94
1008 6 0 89
2027 6 0 81
2561 6 0 75
4829 6 0 68
3941 6 0 63
3281 6 0 57
2462 6 0 51
1960 6 0 44
3797 6 0 36
3227 6 0 29
4342 6 0 22
3102 6 0 14
3980 6 0 4
4209 6 2 93
3242 6 2 89
1879 6 2 81
1719 6 2 75
2852 6 2 68
1567 6 2 63
2650 6 2 57
797 6 2 51
1003 6 2 44
1949 6 2 36
2618 6 2 29
3960 6 2 22
588 6 2 14
3723 6 2 4
3279 6 6 93
2108 6 6 89
522 6 6 81
1610 6 6 75
1571 6 6 68
3860 6 6 62
52 6 6 55
544 6 6 49
3093 6 6 43
1690 6 6 34
4567 6 6 25
2964 6 6 18
200 6 6 11
3344 6 6 4
3923 6 8 92
1475 6 8 86
3963 6 8 81
1342 6 8 75
852 6 8 68
3053 6 8 62
4651 6 8 54
467 6 8 48
2873 6 8 41
4755 6 8 34
2202 6 8 25
1305 6 8 18
3027 6 8 10
3095 6 8 2
2941 6 17 92
3682 6 17 85
100 6 17 79
1923 6 17 73
1347 6 17 66
4050 6 17 58
3432 6 17 50
864 6 17 44
1541 6 17 36
2293 6 17 29
2422 6 17 22
4782 6 17 13
3886 6 17 6
2725 6 18 92
2975 6 18 85
4222 6 18 78
3776 6 18 70
2273 6 18 62
4465 6 18 54
3606 6 18 47
1201 6 18 39
3520 6 18 30
534 6 18 23
853 6 18 17
3626 6 18 10
4593 6 18 1
2654 7 0 92
2656 7 0 85
4190 7 0 78
3629 7 0 70
1546 7 0 62
3867 7 0 54
3395 7 0 47
748 7 0 39
2310 7 0 30
456 7 0 23
440 7 0 17
2674 7 0 10
4495 7 0 1
1543 7 1 92
1661 7 1 85
3639 7 1 78
2993 7 1 70
1432 7 1 62
4391 7 1 53
3158 7 1 47
4842 7 1 38
3319 7 1 30
1114 7 1 22
4523 7 1 13
3130 7 1 6
1074 7 2 92
1442 7 2 85
2880 7 2 78
2718 7 2 70
2756 7 2 61
2527 7 2 55
4154 7 2 48
2431 7 2 41
4561 7 2 34
1360 7 2 25
256 7 2 18
1691 7 2 10
3538 7 2 1
767 7 3 92
422 7 3 85
2023 7 3 78
2267 7 3 70
2869 7 3 60
890 7 3 52
833 7 3 44
1263 7 3 36
4641 7 3 28
3645 7 3 21
4514 7 3 16
3392 7 3 10
1810 7 3 1
4516 7 4 91
1756 7 4 85
1310 7 4 78
2141 7 4 70
2492 7 4 60
2364 7 4 51
3165 7 4 43
1129 7 4 34
1277 7 4 25
60 7 4 18
1336 7 4 10
88 7 4 1
2910 7 10 91
1351 7 10 85
1724 7 10 77
4684 7 10 69
1536 7 10 60
549 7 10 51
2210 7 10 43
26 7 10 34
335 7 10 25
4138 7 10 17
2326 7 10 10
74 7 10 1
2413 7 12 91
453 7 12 85
1662 7 12 77
3750 7 12 69
1022 7 12 60
267 7 12 51
362 7 12 43
4430 7 12 33
4417 7 12 26
3904 7 12 18
3747 7 12 9
2611 7 12 3
2126 7 13 91
1324 7 13 84
1180 7 13 76
3505 7 13 68
2124 7 13 62
4323 7 13 53
2228 7 13 47
4583 7 13 38
2556 7 13 30
2536 7 13 21
3922 7 13 16
1907 7 13 10
1664 7 13 3
1940 7 14 91
1295 7 14 84
597 7 14 76
1219 7 14 68
127 7 14 62
4259 7 14 53
1732 7 14 47
4281 7 14 38
2045 7 14 30
730 7 14 21
2254 7 14 16
4573 7 14 9
1176 7 14 3
1663 8 5 91
966 8 5 84
4464 8 5 75
406 8 5 68
3141 8 5 61
2423 8 5 55
2829 8 5 48
1684 8 5 41
2802 8 5 34
1633 8 5 24
1696 8 5 14
2574 8 5 4
2215 8 6 90
1721 8 6 83
3651 8 6 74
360 8 6 70
1147 8 6 60
4045 8 6 50
3726 8 6 43
3892 8 6 33
2803 8 6 26
1818 8 6 18
2602 8 6 9
1731 8 6 2
2113 8 7 90
278 8 7 83
2804 8 7 74
4006 8 7 69
940 8 7 60
4040 8 7 50
2887 8 7 43
1993 8 7 33
2232 8 7 26
863 8 7 18
1749 8 7 9
1103 8 7 2
1884 8 9 90
4830 8 9 82
1311 8 9 75
4718 8 9 66
3954 8 9 58
3353 8 9 50
1811 8 9 43
4512 8 9 32
4421 8 9 27
526 8 9 23
384 8 9 17
199 8 9 10
4719 8 9 1
1002 8 10 90
4820 8 10 82
420 8 10 75
4605 8 10 66
3112 8 10 58
1779 8 10 50
1786 8 10 43
2754 8 10 32
1151 8 10 27
307 8 10 23
4540 8 10 16
4234 8 10 9
3226 8 10 1
703 8 14 90
3743 8 14 82
372 8 14 75
3113 8 14 66
3098 8 14 58
1042 8 14 50
2607 8 14 42
3825 8 14 36
4208 8 14 28
2786 8 14 21
1384 8 14 16
4227 8 14 9
3410 8 14 2
562 8 15 90
3677 8 15 82
4446 8 15 74
2827 8 15 69
4316 8 15 59
4483 8 15 52
318 8 15 44
998 8 15 36
2773 8 15 28
884 8 15 21
2914 8 15 15
2907 8 15 9
3190 8 15 2
445 8 16 90
4511 8 16 81
734 8 16 75
2789 8 16 66
2937 8 16 58
2501 8 16 49
2639 8 16 43
2581 8 16 32
903 8 16 27
4819 8 16 22
3556 8 16 13
2149 8 16 6
328 8 17 90
4236 8 17 81
4717 8 17 74
2635 8 17 69
3934 8 17 59
4383 8 17 52
179 8 17 44
3685 8 17 35
693 8 17 28
207 8 17 21
2513 8 17 15
2024 8 17 9
2444 8 17 2
310 8 18 90
3916 8 18 81
3379 8 18 74
2087 8 18 69
2679 8 18 59
2668 8 18 52
4055 8 18 43
472 8 18 32
690 8 18 27
4403 8 18 22
3400 8 18 13
1766 8 18 6
4459 8 19 89
3156 8 19 80
4252 8 19 74
2006 8 19 69
1921 8 19 59
2506 8 19 52
2811 8 19 43
4771 8 19 31
1936 8 19 21
2207 8 19 15
1773 8 19 9
1929 8 19 2
3910 9 2 89
2919 9 2 80
2606 9 2 74
2278 9 2 68
2572 9 2 61
4749 9 2 54
2009 9 2 47
4015 9 2 38
3605 9 2 29
2014 9 2 22
2657 9 2 13
579 9 2 6
640 9 11 89
47 9 11 80
4659 9 11 73
428 9 11 66
2304 9 11 58
831 9 11 49
630 9 11 42
2401 9 11 36
633 9 11 28
4332 9 11 20
4783 9 11 13
4302 9 11 5
2188 9 12 88
4501 9 12 82
3974 9 12 74
1897 9 12 68
1241 9 12 61
3219 9 12 54
3739 9 12 46
4159 9 12 40
4505 9 12 33
151 9 12 26
560 9 12 18
1010 9 12 9
990 9 12 2
1510 9 13 88
4375 9 13 82
3837 9 13 74
4216 9 13 67
3192 9 13 58
255 9 13 49
4672 9 13 41
2435 9 13 34
4846 9 13 23
4173 9 13 16
4362 9 13 8
4713 9 13 1
548 9 14 88
3248 9 14 82
2874 9 14 74
2902 9 14 67
1737 9 14 58
4388 9 14 48
3116 9 14 40
3728 9 14 33
4290 9 14 25
1717 9 14 17
154 9 14 10
3561 9 14 1
3401 9 15 87
1226 9 15 81
2230 9 15 74
4599 9 15 66
1555 9 15 58
2612 9 15 48
153 9 15 40
3174 9 15 33
4289 9 15 25
1646 9 15 17
4731 9 15 9
2958 9 15 1
3334 9 16 87
624 9 16 81
1957 9 16 74
4297 9 16 66
1386 9 16 58
706 9 16 48
2012 9 16 39
1725 9 16 30
4240 9 16 20
4184 9 16 13
4148 9 16 5
1840 9 17 87
3 9 17 81
416 9 17 74
3942 9 17 66
158 9 17 58
2129 9 17 47
3430 9 17 38
2465 9 17 29
1096 9 17 22
2059 9 17 13
3524 9 17 5
4480 9 18 86
3042 9 18 81
4469 9 18 73
333 9 18 66
3846 9 18 57
4706 9 18 50
1759 9 18 42
791 9 18 36
216 9 18 28
2397 9 18 20
3722 9 18 13
2920 9 18 5
3386 9 19 86
2999 9 19 81
1552 9 19 73
4192 9 19 65
4078 9 19 57
4525 9 19 50
1670 9 19 42
4248 9 19 35
4768 9 19 27
3816 9 19 22
1995 9 19 13
46 9 19 5
2851 10 0 86
1752 10 0 81
424 10 0 73
1495 10 0 65
2976 10 0 57
4333 10 0 50
772 10 0 42
2848 10 0 35
4207 10 0 27
3389 10 0 22
1221 10 0 13
3758 10 0 2
4822 10 1 85
183 10 1 77
2086 10 1 69
1882 10 1 59
2182 10 1 52
2234 10 1 43
4725 10 1 31
869 10 1 21
1301 10 1 15
603 10 1 9
2398 10 1 1
2691 10 2 85
64 10 2 77
650 10 2 69
1102 10 2 59
1081 10 2 52
2208 10 2 43
4191 10 2 31
635 10 2 21
417 10 2 15
24 10 2 9
272 10 2 1
2123 10 4 85
2893 10 4 76
1052 10 4 68
2199 10 4 60
476 10 4 50
653 10 4 42
2445 10 4 35
3871 10 4 27
2259 10 4 22
680 10 4 13
3399 10 4 2
1524 10 8 85
1755 10 8 76
845 10 8 68
4256 10 8 59
253 10 8 52
1212 10 8 43
1654 10 8 31
3610 10 8 20
2670 10 8 13
2641 10 8 2
4685 10 10 84
4019 10 10 75
2102 10 10 66
2279 10 10 57
3367 10 10 50
178 10 10 42
1122 10 10 35
2516 10 10 27
2983 10 10 21
2678 10 10 14
2222 10 10 4
4549 10 11 83
1247 10 11 74
3351 10 11 66
2107 10 11 57
2863 10 11 50
1967 10 11 41
1283 10 11 34
4462 10 11 23
1688 10 11 16
1623 10 11 8
776 10 12 83
374 10 12 74
3191 10 12 66
2090 10 12 57
4634 10 12 49
4477 10 12 41
1751 10 12 33
2488 10 12 25
967 10 12 17
3900 10 12 9
143 10 13 83
213 10 13 74
2079 10 13 66
515 10 13 57
3863 10 13 49
3885 10 13 41
535 10 13 33
1528 10 13 25
3266 10 13 16
828 10 13 8
3754 11 0 80
3968 11 0 73
4324 11 0 64
4467 11 0 56
661 11 0 50
716 11 0 41
3003 11 0 32
1583 11 0 26
3138 11 0 16
181 11 0 8
2238 11 4 80
4732 11 4 72
3348 11 4 64
4010 11 4 56
4632 11 4 49
3582 11 4 41
1223 11 4 32
786 11 4 26
2885 11 4 16
53 11 4 8
2034 11 5 79
1359 11 5 73
2938 11 5 64
3571 11 5 56
3205 11 5 49
3200 11 5 41
4517 11 5 31
3415 11 5 20
695 11 5 13
950 11 5 2
3724 11 6 76
739 11 6 68
4218 11 6 59
34 11 6 52
3796 11 6 42
1032 11 6 35
3414 11 6 26
2702 11 6 16
4121 11 6 7
1418 11 8 76
2675 11 8 67
66 11 8 58
1535 11 8 47
3370 11 8 38
1964 11 8 29
3476 11 8 21
367 11 8 14
1023 11 8 4
3388 11 9 75
1559 11 9 66
3085 11 9 56
2775 11 9 49
2100 11 9 41
3363 11 9 31
3316 11 9 20
669 11 9 13
201 11 9 2
1383 11 13 75
1157 11 13 66
2763 11 13 56
1942 11 13 49
298 11 13 41
2198 11 13 31
2897 11 13 20
2170 11 13 12
2663 11 13 6
473 11 15 52
2217 11 15 42
747 11 15 35
3070 11 15 26
2339 11 15 16
3456 11 15 7
3110 11 17 95
1287 11 17 91
4845 11 17 83
3913 11 17 73
2779 11 17 64
3557 11 17 56
1504 11 17 49
2894 11 17 40
2002 11 17 33
1527 11 17 25
444 11 17 16
2335 11 17 7
4364 11 18 94
817 11 18 89
3208 11 18 79
648 11 18 73
1653 11 18 64
2853 11 18 56
4113 11 18 48
2816 11 18 38
1335 11 18 29
2694 11 18 21
4298 11 18 13
185 11 18 2
3896 11 19 94
4318 11 19 88
385 11 19 82
2411 11 19 74
1781 11 19 66
1894 11 19 56
3656 11 19 48
2394 11 19 38
323 11 19 29
228 11 19 21
3707 11 19 13
109 11 19 2
2212 12 0 94
3472 12 0 88
79 12 0 82
875 12 0 74
431 12 0 66
1794 12 0 54
1137 12 0 45
421 12 0 38
3708 12 0 28
1417 12 0 20
821 12 0 12
723 12 0 6
512 12 2 94
3117 12 2 88
4255 12 2 81
4735 12 2 72
2727 12 2 64
2806 12 2 56
3589 12 2 48
1520 12 2 38
3534 12 2 28
117 12 2 20
3282 12 2 11
684 12 2 4
2011 12 4 93
48 12 4 89
1113 12 4 78
4414 12 4 69
33 12 4 59
2877 12 4 51
165 12 4 43
1822 12 4 30
3988 12 4 20
3107 12 4 11
4043 12 4 3
1795 12 5 93
4058 12 5 88
4197 12 5 81
4581 12 5 72
2402 12 5 64
1846 12 5 56
1445 12 5 48
1329 12 5 38
3409 12 5 28
4135 12 5 19
2959 12 5 12
2461 12 5 5
980 12 9 93
2724 12 9 88
3891 12 9 81
2998 12 9 72
1667 12 9 64
4691 12 9 55
31 12 9 48
883 12 9 38
2089 12 9 28
4077 12 9 19
2608 12 9 12
1088 12 9 5
4556 12 11 92
4445 12 11 84
3725 12 11 75
2241 12 11 65
460 12 11 57
1545 12 11 49
1973 12 11 40
45 12 11 33
538 12 11 25
1208 12 11 15
2912 12 11 8
4546 12 12 92
1332 12 12 84
1944 12 12 75
1365 12 12 65
398 12 12 57
564 12 12 49
1169 12 12 40
4488 12 12 32
2336 12 12 25
321 12 12 15
2200 12 12 8
3791 12 13 92
3274 12 13 83
3877 12 13 73
1214 12 13 64
3119 12 13 55
2514 12 13 47
1483 12 13 38
4741 12 13 27
2094 12 13 21
1628 12 13 13
4499 12 13 1
2425 12 15 92
2836 12 15 83
3516 12 15 73
156 12 15 64
2981 12 15 55
4539 12 15 46
4129 12 15 40
2148 12 15 32
4284 12 15 24
2652 12 15 13
4473 12 15 1
1090 12 17 92
2164 12 17 83
2995 12 17 73
4720 12 17 63
161 12 17 57
4454 12 17 48
291 12 17 38
4566 12 17 27
1785 12 17 21
1588 12 17 13
2931 12 17 1
1089 12 18 92
1873 12 18 83
1849 12 18 73
4494 12 18 63
150 12 18 57
3055 12 18 48
4589 12 18 37
1635 12 18 29
983 12 18 20
2857 12 18 11
3572 12 18 3
964 12 19 92
3702 12 19 82
4034 12 19 73
3840 12 19 63
4545 12 19 56
3927 12 19 47
1307 12 19 38
2934 12 19 27
1638 12 19 21
1433 12 19 13
2010 12 19 1
4106 13 0 91
2311 13 0 83
774 13 0 73
2118 13 0 63
3735 13 0 56
3293 13 0 47
511 13 0 38
2772 13 0 27
1170 13 0 21
1034 13 0 13
1961 13 0 1
2815 13 2 91
1994 13 2 83
729 13 2 73
464 13 2 63
1280 13 2 56
2439 13 2 47
2892 13 2 37
1357 13 2 29
479 13 2 20
370 13 2 10
2526 13 5 91
4696 13 5 82
2989 13 5 73
3768 13 5 62
3537 13 5 53
758 13 5 47
2838 13 5 37
63 13 5 29
3565 13 5 19
2466 13 5 12
236 13 5 5
2046 13 7 91
3459 13 7 82
2296 13 7 73
3545 13 7 62
2798 13 7 53
4201 13 7 46
2321 13 7 40
1568 13 7 32
3217 13 7 24
91 13 7 12
101 13 7 5
1697 13 9 91
1340 13 9 82
4210 13 9 72
551 13 9 64
4609 13 9 54
751 13 9 45
4803 13 9 37
1851 13 9 28
941 13 9 19
1195 13 9 12
3924 13 9 4
319 13 11 91
32 13 11 82
3073 13 11 72
314 13 11 64
4455 13 11 54
2496 13 11 44
3508 13 11 35
2936 13 11 26
732 13 11 16
1736 13 11 7
3766 14 0 89
2814 14 0 77
4571 14 0 68
2716 14 0 59
1419 14 0 51
4235 14 0 42
214 14 0 35
3887 14 0 25
4088 14 0 14
3480 14 0 3
3168 14 2 89
1919 14 2 77
2876 14 2 68
1519 14 2 59
1126 14 2 51
489 14 2 42
4176 14 2 34
3655 14 2 23
1496 14 2 16
1669 14 2 7
4572 14 3 88
3305 14 3 81
2353 14 3 72
274 14 3 64
3907 14 3 54
885 14 3 44
2849 14 3 35
3570 14 3 25
3667 14 3 14
3443 14 3 3
4003 14 4 88
2567 14 4 81
462 14 4 72
4352 14 4 63
25 14 4 56
1476 14 4 47
1368 14 4 37
1014 14 4 28
939 14 4 19
275 14 4 12
3366 14 4 4
3803 14 5 88
1394 14 5 81
1713 14 5 71
392 14 5 65
4140 14 5 56
303 14 5 46
2247 14 5 40
1252 14 5 32
2771 14 5 24
4809 14 5 11
2287 14 5 3
3680 14 7 88
895 14 7 81
1027 14 7 71
4372 14 7 64
1745 14 7 54
3300 14 7 43
1772 14 7 30
3345 14 7 19
3632 14 7 11
2277 14 7 3
3676 14 9 88
4705 14 9 80
3262 14 9 72
2761 14 9 63
4640 14 9 55
4170 14 9 46
474 14 9 40
683 14 9 32
415 14 9 24
2500 14 9 11
1134 14 9 3
2846 14 11 88
3341 14 11 80
3140 14 11 72
2056 14 11 63
4585 14 11 55
1107 14 11 46
3801 14 11 39
1061 14 11 30
3283 14 11 19
3591 14 11 11
4456 14 11 2
917 14 13 88
3229 14 13 80
4420 14 13 71
3255 14 13 64
2366 14 13 53
3658 14 13 46
3663 14 13 39
4224 14 13 29
3289 14 13 19
2523 14 13 11
4325 14 13 2
2345 14 14 87
2660 14 14 80
3164 14 14 71
1444 14 14 64
4052 14 14 52
1959 14 14 42
3304 14 14 34
2713 14 14 23
261 14 14 15
1895 14 14 8
2019 14 15 87
1155 14 15 80
4840 14 15 70
4728 14 15 59
770 14 15 51
11 14 15 42
3100 14 15 34
2146 14 15 23
105 14 15 15
1197 14 15 8
376 14 17 87
519 14 17 80
3503 14 17 70
3983 14 17 59
2569 14 17 50
411 14 17 41
1968 14 17 31
2661 14 17 20
1804 14 17 9
243 14 18 87
347 14 18 80
2634 14 18 70
3084 14 18 59
2871 14 18 49
3583 14 18 39
777 14 18 29
2615 14 18 19
1875 14 18 11
3454 14 18 2
3917 15 0 86
1230 15 0 81
54 15 0 71
3973 15 0 63
2619 15 0 55
743 15 0 46
3249 15 0 39
502 15 0 29
2580 15 0 19
1093 15 0 11
2262 15 0 2
3832 15 1 86
1080 15 1 81
4100 15 1 70
2729 15 1 59
1184 15 1 49
3479 15 1 39
2972 15 1 28
1587 15 1 18
496 15 1 9
4847 15 2 85
297 15 2 76
2316 15 2 67
2137 15 2 57
2824 15 2 48
3762 15 2 37
906 15 2 28
1254 15 2 18
2544 15 2 8
849 15 3 85
59 15 3 76
1762 15 3 67
1734 15 3 57
2048 15 3 48
3540 15 3 37
590 15 3 28
4595 15 3 17
2825 15 3 9
4603 15 4 83
455 15 4 72
1574 15 4 63
1621 15 4 55
3359 15 4 45
4802 15 4 37
226 15 4 28
1231 15 4 17
1507 15 4 9
1505 15 5 82
2949 15 5 72
556 15 5 63
1477 15 5 55
2626 15 5 45
3352 15 5 37
397 15 5 27
750 15 5 21
824 15 5 13
39 15 5 1
1870 15 6 80
2109 15 6 70
2418 15 6 59
4178 15 6 48
3397 15 6 37
4435 15 6 26
4389 15 6 15
3826 15 6 7
1832 15 7 80
711 15 7 70
2003 15 7 59
3258 15 7 48
4340 15 7 36
4171 15 7 27
446 15 7 21
173 15 7 13
3356 15 7 4
789 15 13 80
69 15 13 70
3364 15 13 58
1142 15 13 47
108 15 13 37
3854 15 13 26
3403 15 13 15
3261 15 13 7
4833 15 17 79
388 15 17 73
3325 15 17 62
1695 15 17 53
3099 15 17 46
2518 15 17 39
2390 15 17 28
4444 15 17 16
4419 15 17 6
678 15 18 79
1809 15 18 72
386 15 18 63
2672 15 18 54
1436 15 18 43
355 15 18 30
3218 15 18 19
4625 15 18 10
541 16 9 79
454 16 9 72
3340 16 9 62
1190 16 9 53
2708 16 9 46
1281 16 9 39
627 16 9 28
1560 16 9 16
3737 16 9 6
404 16 10 79
3793 16 10 71
3509 16 10 63
1981 16 10 54
141 16 10 43
4254 16 10 28
652 16 10 16
2162 16 10 6
2529 16 11 78
2295 16 11 68
1091 16 11 59
2621 16 11 48
4099 16 11 36
3811 16 11 27
4537 16 11 20
288 16 11 9
3211 16 12 75
3500 16 12 64
3194 16 12 52
994 16 12 42
2456 16 12 34
80 16 12 23
3868 16 12 14
1031 16 12 3
718 16 13 74
4848 16 13 65
3185 16 13 56
1666 16 13 45
1986 16 13 37
2424 16 13 26
2073 16 13 15
641 16 13 7
901 16 15 72
3049 16 15 62
459 16 15 53
1978 16 15 46
3043 16 15 38
1509 16 15 27
3374 16 15 20
2676 16 15 8
2017 16 18 70
2573 16 18 58
1049 16 18 47
92 16 18 37
638 16 18 26
1799 16 18 15
412 16 18 7
4721 16 19 93
2243 16 19 88
2603 16 19 80
4800 16 19 69
4214 16 19 58
280 16 19 47
2151 16 19 36
3497 16 19 27
643 16 19 20
2133 16 19 8
3424 17 0 93
2236 17 0 88
2333 17 0 80
4661 17 0 69
4017 17 0 57
1348 17 0 48
2796 17 0 36
1890 17 0 27
1566 17 0 19
3535 17 0 10
1420 17 1 93
4560 17 1 87
4733 17 1 79
644 17 1 71
1586 17 1 63
1883 17 1 54
2826 17 1 42
2281 17 1 34
4795 17 1 22
4269 17 1 12
2091 17 1 4
1098 17 2 93
3824 17 2 87
3931 17 2 79
395 17 2 71
920 17 2 63
1196 17 2 54
3971 17 2 40
380 17 2 32
3512 17 2 23
3167 17 2 14
973 17 2 3
4779 17 3 92
1304 17 3 82
1683 17 3 72
593 17 3 62
2760 17 3 52
1131 17 3 41
1270 17 3 31
2272 17 3 20
1364 17 3 8
4251 17 4 92
3644 17 4 81
4084 17 4 70
924 17 4 58
4363 17 4 46
981 17 4 38
349 17 4 27
1354 17 4 19
1817 17 4 10
3912 17 5 92
2759 17 5 81
3712 17 5 70
561 17 5 58
2739 17 5 46
4150 17 5 37
3915 17 5 25
3552 17 5 14
949 17 5 3
3884 17 6 92
1974 17 6 81
2743 17 6 70
3220 17 6 57
876 17 6 48
2767 17 6 36
70 17 6 27
1217 17 6 19
1136 17 6 10
3129 17 7 92
359 17 7 81
96 17 7 70
4390 17 7 56
4309 17 7 44
1203 17 7 35
1952 17 7 25
2973 17 7 14
2185 17 7 2
3031 17 9 92
169 17 9 81
4452 17 9 69
1827 17 9 57
4587 17 9 47
184 17 9 36
4203 17 9 26
977 17 9 15
4724 17 9 6
2543 17 10 92
893 17 10 80
3795 17 10 69
327 17 10 57
2985 17 10 47
4016 17 10 35
1590 17 10 25
1456 17 10 14
1279 17 10 2
1726 17 11 92
733 17 11 80
2274 17 11 69
2918 17 11 55
2348 17 11 45
419 17 11 37
3744 17 11 25
4434 17 11 13
1082 17 11 4
1146 17 12 92
346 17 12 80
759 17 12 69
601 17 12 55
2268 17 12 45
4577 17 12 36
1707 17 12 26
3257 17 12 14
714 17 12 2
340 17 13 92
4648 17 13 79
271 17 13 71
897 17 13 63
2705 17 13 53
1863 17 13 46
2685 17 13 37
1172 17 13 24
631 17 13 11
1499 17 13 2
4133 17 15 91
3313 17 15 81
2400 17 15 69
2564 17 15 54
3398 17 15 40
283 17 15 32
2842 17 15 23
2864 17 15 14
594 17 15 2
4068 17 18 91
331 17 18 81
583 17 18 69
4736 17 18 53
246 17 18 46
1264 17 18 37
2252 17 18 23
3947 17 18 13
829 17 18 4
3317 17 19 91
4366 17 19 80
391 17 19 69
1843 17 19 53
4591 17 19 45
4073 17 19 36
4163 17 19 25
2570 17 19 13
4075 17 19 3
1538 18 0 91
3375 18 0 80
2704 18 0 68
4039 18 0 58
426 18 0 46
978 18 0 37
1582 18 0 23
3748 18 0 13
3447 18 0 3
1250 18 13 91
1159 18 13 80
2354 18 13 68
1912 18 13 58
4278 18 13 44
1198 18 13 35
810 18 13 25
4821 18 13 12
3150 18 13 3
975 18 15 91
3469 18 15 79
266 18 15 71
659 18 15 63
1237 18 15 53
3458 18 15 45
3889 18 15 36
691 18 15 25
3633 18 15 12
2604 18 15 3
4808 19 0 90
3756 19 0 81
2978 19 0 68
1793 19 0 58
77 19 0 44
195 19 0 35
2939 19 0 24
4379 19 0 10
4618 19 2 90
3506 19 2 81
1903 19 2 68
135 19 2 58
3224 19 2 43
2337 19 2 28
4827 19 2 15
3035 19 2 6
4107 19 3 90
3320 19 3 81
1652 19 3 68
4615 19 3 57
2551 19 3 47
910 19 3 35
2535 19 3 24
4116 19 3 10
3843 19 4 89
1658 19 4 77
744 19 4 68
3426 19 4 57
4425 19 4 46
607 19 4 37
468 19 4 23
3694 19 4 13
1261 19 4 3
3357 19 5 89
86 19 5 77
3585 19 5 67
1489 19 5 57
3987 19 5 46
3265 19 5 36
3182 19 5 24
1478 19 5 10
2263 19 6 89
3243 19 6 76
1333 19 6 67
3171 19 6 56
56 19 6 44
4046 19 6 34
3315 19 6 22
1133 19 6 12
793 19 6 3
1787 19 7 89
2381 19 7 76
4328 19 7 66
3420 19 7 53
1771 19 7 45
1584 19 7 36
2673 19 7 24
1406 19 7 10
4831 19 8 88
858 19 8 80
4376 19 8 67
3103 19 8 56
1605 19 8 43
2689 19 8 27
2406 19 8 18
4168 19 8 6
1437 19 9 88
4574 19 9 79
4 19 9 71
4384 19 9 62
1833 19 9 52
4105 19 9 40
4727 19 9 31
3001 19 9 19
241 19 9 10
1211 19 10 88
4436 19 10 79
3277 19 10 70
3235 19 10 55
1678 19 10 45
1470 19 10 36
231 19 10 24
608 19 10 10
4127 19 11 87
3569 19 11 79
2015 19 11 70
993 19 11 55
164 19 11 45
1047 19 11 36
4836 19 11 23
2376 19 11 13
2186 19 11 2
3142 19 12 87
2744 19 12 79
1353 19 12 70
4104 19 12 54
1390 19 12 40
1015 19 12 31
1188 19 12 19
3705 19 12 9
3111 19 13 87
2055 19 13 79
1249 19 13 70
2358 19 13 54
832 19 13 40
4710 19 13 30
2677 19 13 19
2593 19 13 9
2309 19 15 87
2042 19 15 79
573 19 15 70
2037 19 15 54
4682 19 15 39
3862 19 15 27
3831 19 15 17
1454 19 15 9
1523 19 16 87
1414 19 16 79
341 19 16 70
3059 19 16 52
1512 19 16 40
4245 19 16 30
1972 19 16 19
4338 19 16 8
167 19 17 87
3928 19 17 78
2005 19 17 68
2866 19 17 57
3736 19 17 46
3083 19 17 36
4247 19 17 22
866 19 17 12
1648 19 17 2
4048 19 18 86
531 19 18 81
918 19 18 68
2750 19 18 57
2404 19 18 46
1447 19 18 36
41 19 18 22
4807 19 18 11
2409 19 18 1
3215 19 19 86
3772 19 19 80
2924 19 19 66
1864 19 19 53
1362 19 19 45
636 19 19 36
4194 19 19 20
218 19 19 8
