2404
1961 0 0 98
3095 0 0 95
2600 0 0 92
3393 0 0 88
3186 0 0 86
2845 0 0 84
3410 0 0 81
1886 0 0 78
3333 0 0 74
2130 0 0 72
3537 0 0 69
1765 0 0 66
1944 0 0 63
655 0 0 59
2156 0 0 56
647 0 0 54
1338 0 0 51
971 0 0 48
1108 0 0 45
1852 0 0 43
2511 0 0 39
1567 0 0 36
1546 0 0 33
1644 0 0 29
2949 0 0 24
3101 0 0 20
640 0 0 17
836 0 0 14
2109 0 0 10
68 0 0 7
2920 0 0 5
3708 0 0 1
1272 0 1 98
3447 0 1 94
628 0 1 91
2302 0 1 88
137 0 1 86
1913 0 1 83
1569 0 1 80
3247 0 1 75
3284 0 1 73
151 0 1 71
3203 0 1 68
3448 0 1 63
3254 0 1 58
3229 0 1 54
94 0 1 51
908 0 1 48
749 0 1 44
488 0 1 41
380 0 1 38
856 0 1 36
1216 0 1 33
2379 0 1 28
2892 0 1 25
999 0 1 22
736 0 1 19
616 0 1 17
3076 0 1 13
1731 0 1 9
2449 0 1 5
1242 0 1 1
892 0 2 98
1528 0 2 94
3263 0 2 90
10 0 2 87
669 0 2 84
3061 0 2 81
2809 0 2 77
1525 0 2 75
1342 0 2 73
3787 0 2 70
838 0 2 67
1932 0 2 64
3595 0 2 62
837 0 2 58
3107 0 2 54
2393 0 2 50
1801 0 2 48
3622 0 2 43
2283 0 2 39
1440 0 2 36
3565 0 2 32
1425 0 2 28
1675 0 2 24
1754 0 2 20
510 0 2 17
1865 0 2 13
1728 0 2 9
1973 0 2 5
1389 0 2 1
1903 0 3 97
3115 0 3 93
2265 0 3 90
819 0 3 86
764 0 3 83
3318 0 3 79
414 0 3 76
672 0 3 72
2246 0 3 69
3077 0 3 65
2823 0 3 62
2637 0 3 57
2313 0 3 52
529 0 3 50
2878 0 3 46
1303 0 3 44
2634 0 3 40
2593 0 3 36
3026 0 3 32
3780 0 3 27
112 0 3 24
584 0 3 20
3770 0 3 16
355 0 3 13
283 0 3 9
1606 0 3 5
382 0 4 97
2674 0 4 92
2140 0 4 88
2697 0 4 84
3230 0 4 80
2702 0 4 75
3135 0 4 72
1114 0 4 69
542 0 4 65
3431 0 4 60
2479 0 4 57
585 0 4 51
3054 0 4 47
3615 0 4 43
3773 0 4 38
1895 0 4 34
2170 0 4 31
1714 0 4 29
203 0 4 24
403 0 4 20
3650 0 4 15
2181 0 4 12
2112 0 4 10
2713 0 4 6
2985 0 4 3
217 0 5 97
1824 0 5 92
1955 0 5 88
379 0 5 84
1826 0 5 80
691 0 5 75
586 0 5 72
3461 0 5 68
2431 0 5 63
1238 0 5 58
1326 0 5 54
2194 0 5 50
1367 0 5 46
2478 0 5 42
3594 0 5 38
1190 0 5 34
1081 0 5 31
833 0 5 29
81 0 5 24
2093 0 5 19
3530 0 5 16
1541 0 5 12
3018 0 5 9
395 0 5 5
3584 0 6 96
718 0 6 94
358 0 6 90
3328 0 6 85
2632 0 6 80
26 0 6 75
3665 0 6 70
388 0 6 67
1838 0 6 64
1509 0 6 60
1520 0 6 56
1688 0 6 52
3234 0 6 48
2226 0 6 43
56 0 6 38
3035 0 6 33
1468 0 6 28
2338 0 6 23
2145 0 6 21
2261 0 6 18
3252 0 6 16
1165 0 6 12
1174 0 6 9
3782 0 6 4
3017 0 7 96
3519 0 7 91
1423 0 7 88
3499 0 7 83
2273 0 7 78
1313 0 7 74
2164 0 7 70
3713 0 7 66
505 0 7 63
1080 0 7 58
3526 0 7 53
1908 0 7 50
370 0 7 46
2333 0 7 41
426 0 7 37
1586 0 7 33
1332 0 7 28
1538 0 7 23
3602 0 7 20
3217 0 7 15
1143 0 7 12
1278 0 7 8
3248 0 7 5
2099 0 8 96
3266 0 8 91
3066 0 8 87
3240 0 8 83
1805 0 8 78
700 0 8 74
3187 0 8 69
2896 0 8 64
408 0 8 60
862 0 8 56
1151 0 8 52
2840 0 8 48
1931 0 8 43
2705 0 8 37
387 0 8 32
3759 0 8 27
2733 0 8 23
899 0 8 19
2990 0 8 15
3506 0 8 11
3685 0 8 8
2314 0 8 5
255 0 9 96
715 0 9 91
3031 0 9 87
2225 0 9 83
673 0 9 78
675 0 9 74
2490 0 9 69
2041 0 9 64
539 0 9 59
3322 0 9 55
1039 0 9 52
1623 0 9 48
3295 0 9 42
1735 0 9 38
3111 0 9 32
2953 0 9 27
2327 0 9 23
511 0 9 19
1443 0 9 15
924 0 9 11
3429 0 9 6
1011 0 9 2
3684 0 10 95
2678 0 10 91
455 0 10 86
843 0 10 82
3340 0 10 80
1710 0 10 74
2038 0 10 69
1667 0 10 64
2721 0 10 58
2323 0 10 53
2049 0 10 49
2604 0 10 45
3134 0 10 41
3597 0 10 34
158 0 10 30
2195 0 10 27
711 0 10 23
62 0 10 19
3562 0 10 14
92 0 10 10
1750 0 10 6
3232 0 10 1
1745 0 11 95
416 0 11 91
2863 0 11 85
3668 0 11 79
717 0 11 75
1406 0 11 69
103 0 11 64
2294 0 11 58
3117 0 11 52
1252 0 11 48
2175 0 11 42
3072 0 11 37
3324 0 11 31
2907 0 11 28
2599 0 11 22
1150 0 11 18
101 0 11 15
2495 0 11 10
847 0 11 6
171 0 11 1
1028 0 12 95
106 0 12 91
1792 0 12 85
2350 0 12 79
105 0 12 75
3544 0 12 68
1950 0 12 63
632 0 12 58
2858 0 12 51
2776 0 12 47
3181 0 12 42
1978 0 12 37
617 0 12 31
2461 0 12 28
2512 0 12 22
1062 0 12 18
3774 0 12 14
3538 0 12 9
2708 0 12 4
116 0 13 95
2790 0 13 90
3196 0 13 85
1716 0 13 79
3727 0 13 74
1357 0 13 69
423 0 13 63
3657 0 13 57
3756 0 13 50
1211 0 13 45
231 0 13 41
3505 0 13 34
1409 0 13 29
3110 0 13 23
3653 0 13 18
3100 0 13 14
2459 0 13 9
2180 0 13 4
2901 0 14 94
3749 0 14 89
2002 0 14 87
2279 0 14 82
1800 0 14 79
3310 0 14 74
3469 0 14 68
2711 0 14 62
2243 0 14 57
360 0 14 50
2726 0 14 44
2326 0 14 39
3306 0 14 35
2253 0 14 33
3747 0 14 27
3194 0 14 22
289 0 14 18
2643 0 14 14
2193 0 14 9
811 0 14 4
1738 0 15 94
1901 0 15 89
1921 0 15 86
3518 0 15 81
555 0 15 77
2046 0 15 73
3191 0 15 70
1987 0 15 66
2765 0 15 62
1568 0 15 57
254 0 15 50
1570 0 15 44
2844 0 15 37
3540 0 15 30
1135 0 15 25
3630 0 15 20
2614 0 15 15
237 0 15 10
402 0 15 5
1654 0 16 94
2816 0 16 88
3425 0 16 83
24 0 16 78
2298 0 16 73
3151 0 16 70
3374 0 16 65
3601 0 16 59
748 0 16 54
2304 0 16 49
2414 0 16 45
1173 0 16 40
3723 0 16 35
2882 0 16 32
2797 0 16 27
835 0 16 22
2040 0 16 17
97 0 16 13
3487 0 16 8
3524 0 16 4
854 0 17 94
2549 0 17 88
2742 0 17 83
2688 0 17 77
1322 0 17 73
1479 0 17 70
3354 0 17 65
2758 0 17 59
179 0 17 54
2281 0 17 49
990 0 17 45
527 0 17 40
2630 0 17 35
3124 0 17 30
559 0 17 25
3389 0 17 20
1874 0 17 15
1914 0 17 9
1405 0 17 3
3746 0 18 93
2554 0 18 89
3343 0 18 85
1523 0 18 79
3158 0 18 74
1392 0 18 68
2198 0 18 62
2777 0 18 56
2344 0 18 51
1843 0 18 46
1436 0 18 41
2238 0 18 34
3068 0 18 28
2709 0 18 21
3000 0 18 17
3508 0 18 12
1224 0 18 8
514 0 18 4
2257 0 19 93
2165 0 19 89
1677 0 19 85
997 0 19 79
2821 0 19 74
1040 0 19 68
1857 0 19 62
2559 0 19 56
3701 0 19 50
1202 0 19 44
2060 0 19 37
2641 0 19 30
110 0 19 25
2626 0 19 19
3555 0 19 14
2105 0 19 9
3228 0 19 2
52 2 1 93
1762 2 1 89
737 2 1 85
768 2 1 79
1460 2 1 74
960 2 1 68
2745 2 1 61
2996 2 1 57
1933 2 1 49
264 2 1 45
476 2 1 40
2522 2 1 35
141 2 1 30
3358 2 1 24
1513 2 1 19
2413 2 1 14
666 2 1 9
1730 2 1 2
3652 2 2 92
567 2 2 88
1250 2 2 83
688 2 2 77
797 2 2 73
3088 2 2 69
2142 2 2 62
705 2 2 56
644 2 2 50
172 2 2 44
654 2 2 37
2707 2 2 29
2588 2 2 22
794 2 2 17
2092 2 2 12
615 2 2 8
2646 2 2 3
3440 2 3 91
1719 2 3 85
3624 2 3 78
1948 2 3 73
3542 2 3 68
2200 2 3 61
2725 2 3 57
1218 2 3 49
136 2 3 45
3166 2 3 39
2671 2 3 35
2654 2 3 29
424 2 3 22
1138 2 3 16
469 2 3 12
2982 2 3 7
1002 2 3 4
2424 2 4 91
893 2 4 85
2676 2 4 78
830 2 4 73
1310 2 4 68
253 2 4 61
2477 2 4 57
755 2 4 48
3475 2 4 41
637 2 4 34
2390 2 4 28
1849 2 4 21
277 2 4 17
1637 2 4 12
2380 2 4 7
941 2 4 4
1404 2 5 91
508 2 5 85
592 2 5 78
2923 2 5 72
3021 2 5 68
2779 2 5 60
196 2 5 56
2006 2 5 49
1553 2 5 44
1308 2 5 36
160 2 5 32
770 2 5 27
468 2 5 22
3681 2 5 15
3674 2 5 8
2321 2 5 3
1001 2 6 91
15 2 6 85
236 2 6 78
2585 2 6 72
2215 2 6 68
787 2 6 60
479 2 6 55
732 2 6 52
590 2 6 48
3213 2 6 41
2884 2 6 33
3699 2 6 26
2988 2 6 23
3238 2 6 18
972 2 6 14
2771 2 6 8
2097 2 6 3
3724 2 7 90
2769 2 7 85
2995 2 7 77
3313 2 7 72
1229 2 7 68
2691 2 7 59
2030 2 7 53
1259 2 7 48
2695 2 7 41
1548 2 7 33
3113 2 7 26
1672 2 7 22
2232 2 7 15
3121 2 7 8
1163 2 7 3
2329 2 8 90
1664 2 8 85
627 2 8 77
3156 2 8 71
1909 2 8 66
1642 2 8 62
420 2 8 56
1345 2 8 48
1970 2 8 41
1279 2 8 33
1649 2 8 26
2762 2 8 21
3546 2 8 16
822 2 8 11
2950 2 8 6
3645 2 10 89
77 2 10 85
2908 2 10 76
3019 2 10 71
1775 2 10 66
381 2 10 62
3765 2 10 55
2166 2 10 51
1772 2 10 46
1091 2 10 41
3509 2 10 32
3715 2 10 26
1924 2 10 21
3520 2 10 16
249 2 10 11
1329 2 10 6
1789 2 11 89
3703 2 11 84
2686 2 11 79
933 2 11 74
2469 2 11 67
3735 2 11 63
3511 2 11 57
679 2 11 48
1305 2 11 41
441 2 11 32
2562 2 11 26
3057 2 11 20
1516 2 11 15
2835 2 11 8
1084 2 11 3
1125 2 12 89
1995 2 12 84
1019 2 12 79
121 2 12 74
1554 2 12 67
3649 2 12 63
719 2 12 57
2696 2 12 47
2717 2 12 42
1647 2 12 37
3356 2 12 28
1277 2 12 21
1022 2 12 16
3049 2 12 10
2383 2 12 4
506 2 13 89
3433 2 13 83
3707 2 13 76
2245 2 13 70
2169 2 13 65
2368 2 13 59
348 2 13 53
1223 2 13 48
3160 2 13 40
490 2 13 35
64 2 13 29
1786 2 13 21
824 2 13 16
2501 2 13 10
1470 2 13 4
3617 2 14 88
782 2 14 83
1299 2 14 76
1949 2 14 70
1652 2 14 65
1880 2 14 59
3739 2 14 52
2268 2 14 47
248 2 14 42
369 2 14 37
1394 2 14 28
3636 2 14 20
3275 2 14 14
2752 2 14 8
2220 2 14 2
3070 2 16 88
114 2 16 83
1050 2 16 76
472 2 16 70
1494 2 16 65
482 2 16 59
3709 2 16 52
3706 2 16 46
73 2 16 41
25 2 16 32
694 2 16 26
2557 2 16 19
2371 2 16 14
2685 2 16 8
484 2 16 2
1715 2 17 88
50 2 17 83
3235 2 17 75
2710 2 17 68
1381 2 17 59
2751 2 17 52
2839 2 17 46
1294 2 17 40
3140 2 17 33
1276 2 17 26
1808 2 17 19
1888 2 17 14
2510 2 17 8
362 2 17 2
1117 2 18 88
2111 2 18 82
3345 2 18 78
1292 2 18 72
3260 2 18 67
1412 2 18 63
500 2 18 57
2335 2 18 47
7 2 18 42
113 2 18 37
629 2 18 28
3334 2 18 20
2370 2 18 14
2487 2 18 8
188 2 18 2
3096 2 19 86
3308 2 19 81
3335 2 19 76
3296 2 19 68
1063 2 19 59
2285 2 19 52
2136 2 19 46
2979 2 19 39
2608 2 19 35
3428 2 19 28
2336 2 19 20
1687 2 19 14
2025 2 19 7
261 2 19 4
2508 3 1 86
2320 3 1 81
3170 3 1 76
564 3 1 68
2847 3 1 58
2660 3 1 51
3599 3 1 45
1928 3 1 39
2663 3 1 34
2312 3 1 28
311 3 1 20
1106 3 1 14
1676 3 1 6
3716 3 2 85
2176 3 2 76
376 3 2 68
1185 3 2 57
601 3 2 47
1574 3 2 41
2967 3 2 31
1489 3 2 28
1254 3 2 19
162 3 2 14
951 3 2 6
2271 3 3 85
1811 3 3 76
1333 3 3 67
809 3 3 63
2258 3 3 56
1833 3 3 47
1344 3 3 41
2851 3 3 31
1484 3 3 28
1195 3 3 19
3237 3 3 13
3040 3 3 8
3118 3 3 1
1788 3 4 85
991 3 4 76
185 3 4 67
552 3 4 63
1989 3 4 56
985 3 4 47
1167 3 4 41
3177 3 4 30
3224 3 4 24
1613 3 4 18
3336 3 4 13
1994 3 4 8
2452 3 4 1
229 3 5 85
3513 3 5 75
2580 3 5 68
368 3 5 57
3631 3 5 45
741 3 5 39
1527 3 5 34
667 3 5 28
3682 3 5 18
649 3 5 13
680 3 5 8
1869 3 5 1
206 3 6 85
2613 3 6 75
2289 3 6 68
1862 3 6 56
2826 3 6 46
2579 3 6 39
1463 3 6 34
269 3 6 28
1784 3 6 18
571 3 6 13
3185 3 6 7
3004 3 6 3
1047 3 7 84
873 3 7 79
3689 3 7 73
3399 3 7 67
3640 3 7 62
3001 3 7 55
1832 3 7 51
3442 3 7 44
3671 3 7 35
2802 3 7 28
2343 3 7 17
1168 3 7 12
1439 3 7 7
2202 3 7 3
2058 3 8 80
1703 3 8 74
635 3 8 67
3596 3 8 62
2126 3 8 55
2017 3 8 50
2409 3 8 43
2500 3 8 37
84 3 8 28
1176 3 8 17
2113 3 8 11
955 3 8 6
1635 3 10 80
1507 3 10 74
2926 3 10 66
272 3 10 62
2048 3 10 55
1144 3 10 50
2853 3 10 42
3613 3 10 36
3785 3 10 31
2610 3 10 27
2714 3 10 21
618 3 10 16
2248 3 10 10
3132 3 10 3
1302 3 11 79
3577 3 11 73
2417 3 11 67
2543 3 11 62
1065 3 11 55
9 3 11 50
2016 3 11 42
2848 3 11 36
1935 3 11 31
1766 3 11 27
2612 3 11 21
3591 3 11 15
3683 3 11 7
143 3 11 2
2787 3 12 78
1346 3 12 71
2857 3 12 65
2439 3 12 58
1923 3 12 51
3331 3 12 44
560 3 12 35
1850 3 12 28
187 3 12 17
1531 3 12 11
927 3 12 6
3552 3 13 77
2850 3 13 71
2158 3 13 65
1882 3 13 58
1759 3 13 51
432 3 13 44
274 3 13 35
252 3 13 28
2270 3 13 16
3561 3 13 9
475 3 13 2
852 3 14 77
2352 3 14 71
1198 3 14 65
1077 3 14 58
1529 3 14 51
3586 3 14 43
1320 3 14 37
1841 3 14 27
1717 3 14 21
2741 3 14 15
2363 3 14 7
2376 3 14 1
739 3 16 67
2118 3 16 61
2611 3 16 56
860 3 16 46
1595 3 16 39
903 3 16 34
207 3 16 28
1891 3 16 16
3327 3 16 9
2909 3 16 1
3430 3 17 97
1295 3 17 92
2416 3 17 87
2024 3 17 82
3719 3 17 77
2192 3 17 71
1043 3 17 65
448 3 17 58
1256 3 17 51
731 3 17 43
1215 3 17 37
1132 3 17 27
996 3 17 21
1244 3 17 15
1421 3 17 7
211 3 17 1
1319 3 18 97
3403 3 18 91
3664 3 18 84
734 3 18 79
3253 3 18 73
1376 3 18 67
2081 3 18 60
347 3 18 55
1918 3 18 49
1431 3 18 44
3445 3 18 34
729 3 18 27
3427 3 18 20
2400 3 18 13
2032 3 18 7
2974 3 19 96
36 3 19 90
474 3 19 85
1559 3 19 75
2086 3 19 68
1803 3 19 56
2430 3 19 45
1756 3 19 38
2838 3 19 32
3282 3 19 25
577 3 19 19
3104 3 19 12
2489 3 19 6
1458 4 1 96
2386 4 1 89
288 4 1 83
351 4 1 75
67 4 1 68
581 4 1 56
375 4 1 45
1418 4 1 38
1239 4 1 32
3255 4 1 25
2438 4 1 18
2833 4 1 12
1506 4 1 6
257 4 10 96
1233 4 10 89
1976 4 10 82
2347 4 10 77
576 4 10 71
943 4 10 65
3632 4 10 57
1768 4 10 45
3605 4 10 37
509 4 10 27
3395 4 10 20
623 4 10 13
876 4 10 7
3648 4 16 95
2737 4 16 90
1142 4 16 84
3501 4 16 78
1248 4 16 71
591 4 16 65
2310 4 16 57
1588 4 16 45
1225 4 16 37
449 4 16 27
2983 4 16 20
551 4 16 13
524 4 16 7
1261 5 1 95
2445 5 1 90
2692 5 1 83
2987 5 1 74
2806 5 1 66
2 5 1 61
3614 5 1 55
844 5 1 49
335 5 1 44
3149 5 1 34
2384 5 1 26
2596 5 1 18
2355 5 1 12
123 5 1 6
1017 5 3 95
1490 5 3 90
2502 5 3 83
2879 5 3 74
3241 5 3 65
458 5 3 57
1232 5 3 45
243 5 3 37
3548 5 3 26
2096 5 3 18
2267 5 3 12
3743 5 3 5
3006 5 4 94
2942 5 4 87
183 5 4 82
3435 5 4 76
3150 5 4 66
3030 5 4 60
209 5 4 55
784 5 4 49
2447 5 4 43
834 5 4 37
2498 5 4 26
1632 5 4 18
2233 5 4 12
3090 5 4 5
2001 5 5 94
2732 5 5 87
53 5 5 82
773 5 5 76
979 5 5 66
2552 5 5 60
3654 5 5 54
1902 5 5 49
1162 5 5 43
3116 5 5 36
1395 5 5 31
1029 5 5 27
2763 5 5 20
3634 5 5 12
2650 5 5 5
1152 5 6 94
1771 5 6 87
3291 5 6 81
1362 5 6 76
936 5 6 66
1938 5 6 60
2331 5 6 54
3578 5 6 48
2885 5 6 40
2625 5 6 33
356 5 6 26
1631 5 6 18
1455 5 6 12
1956 5 6 4
1045 5 7 94
1659 5 7 87
2772 5 7 81
2482 5 7 75
2747 5 7 67
463 5 7 60
291 5 7 54
690 5 7 48
2722 5 7 40
2553 5 7 33
3495 5 7 25
917 5 7 18
989 5 7 12
945 5 7 4
507 5 8 94
2644 5 8 86
1937 5 8 81
2426 5 8 75
1848 5 8 67
1980 5 8 59
1076 5 8 52
3408 5 8 44
2679 5 8 33
2516 5 8 25
3420 5 8 17
1331 5 8 11
268 5 8 6
3729 5 10 93
1385 5 10 89
1008 5 10 82
3479 5 10 75
2071 5 10 66
1585 5 10 60
3608 5 10 53
2587 5 10 47
233 5 10 41
345 5 10 30
1145 5 10 24
238 5 10 18
753 5 10 12
184 5 10 4
3123 5 12 93
967 5 12 89
440 5 12 82
3037 5 12 75
1251 5 12 66
320 5 12 60
2910 5 12 53
2570 5 12 47
3159 5 12 40
1773 5 12 33
1068 5 12 25
2378 5 12 17
815 5 12 11
3397 5 12 5
2642 5 13 93
805 5 13 89
308 5 13 82
888 5 13 75
2121 5 13 65
192 5 13 57
3502 5 13 44
3207 5 13 32
2748 5 13 25
1939 5 13 17
2764 5 13 10
2356 5 13 3
2179 5 14 93
35 5 14 89
3290 5 14 81
948 5 14 75
1722 5 14 65
149 5 14 57
3052 5 14 44
1858 5 14 32
938 5 14 25
620 5 14 17
1813 5 14 10
517 5 14 3
812 5 16 93
3686 5 16 88
1201 5 16 82
698 5 16 75
262 5 16 65
3580 5 16 56
2675 5 16 44
3218 5 16 31
747 5 16 27
1448 5 16 20
3012 5 16 12
3205 5 16 3
3776 5 18 92
2028 5 18 87
1004 5 18 81
129 5 18 75
3587 5 18 64
2222 5 18 58
3551 5 18 50
761 5 18 42
2340 5 18 36
981 5 18 31
242 5 18 27
1324 5 18 20
763 5 18 12
1673 5 18 3
1282 5 19 92
1782 5 19 87
27 5 19 81
785 5 19 74
3195 5 19 65
2079 5 19 56
1126 5 19 44
1377 5 19 30
682 5 19 24
2471 5 19 17
2209 5 19 9
1051 5 19 1
145 6 1 92
1120 6 1 87
2595 6 1 80
1407 6 1 74
3139 6 1 65
1400 6 1 56
2895 6 1 43
3099 6 1 36
3178 6 1 30
1674 6 1 23
3215 6 1 18
3558 6 1 11
3065 6 1 5
3616 6 3 91
3456 6 3 84
1398 6 3 78
3482 6 3 70
2684 6 3 64
210 6 3 58
883 6 3 50
2622 6 3 41
318 6 3 29
1774 6 3 21
1049 6 3 15
1386 6 3 7
2932 6 4 91
3108 6 4 84
643 6 4 78
2951 6 4 70
2150 6 4 64
3472 6 4 57
3227 6 4 43
3014 6 4 36
3010 6 4 30
1334 6 4 23
2466 6 4 18
3365 6 4 11
3009 6 4 5
1721 6 5 91
3064 6 5 84
2391 6 5 77
2054 6 5 70
2636 6 5 63
1587 6 5 56
2090 6 5 43
1473 6 5 36
2566 6 5 30
659 6 5 23
2423 6 5 18
1991 6 5 11
2365 6 5 5
3359 6 6 90
1327 6 6 83
3449 6 6 73
1032 6 6 67
1557 6 6 59
3725 6 6 51
312 6 6 43
1005 6 6 36
1558 6 6 30
3172 6 6 22
1733 6 6 14
807 6 6 6
1226 6 7 90
902 6 7 83
1660 6 7 73
964 6 7 67
3573 6 7 58
712 6 7 50
2546 6 7 41
518 6 7 26
1401 6 7 18
1610 6 7 11
407 6 7 5
2160 6 8 89
2928 6 8 81
497 6 8 74
3074 6 8 64
906 6 8 56
294 6 8 43
532 6 8 36
1164 6 8 30
3038 6 8 22
1627 6 8 14
315 6 8 6
536 6 10 89
2843 6 10 81
3097 6 10 73
2199 6 10 66
176 6 10 60
2689 6 10 53
2103 6 10 47
2204 6 10 40
846 6 10 33
2117 6 10 24
2087 6 10 17
1732 6 10 9
1016 6 10 1
491 6 12 89
1770 6 12 81
2870 6 12 73
1753 6 12 66
3418 6 12 59
3131 6 12 51
2293 6 12 42
1683 6 12 36
1131 6 12 30
2100 6 12 22
3286 6 12 12
1547 6 12 3
2003 6 13 88
91 6 13 82
597 6 13 75
3543 6 13 64
1835 6 13 55
3628 6 13 48
662 6 13 40
2849 6 13 32
897 6 13 25
271 6 13 17
1428 6 13 9
496 6 13 1
1175 6 14 88
3321 6 14 81
1653 6 14 73
1665 6 14 66
1090 6 14 59
2931 6 14 51
904 6 14 42
3082 6 14 35
2788 6 14 27
481 6 14 20
267 6 14 12
1035 6 14 3
925 6 16 88
2749 6 16 81
2364 6 16 72
2635 6 16 67
1851 6 16 58
154 6 16 50
1734 6 16 41
504 6 16 25
3753 6 16 16
3312 6 16 9
292 6 16 1
3527 6 18 87
1729 6 18 80
3568 6 18 73
3637 6 18 65
1237 6 18 56
2866 6 18 42
3020 6 18 35
2917 6 18 26
1370 6 18 18
1112 6 18 11
190 6 18 5
454 6 19 87
1699 6 19 80
3050 6 19 73
3311 6 19 65
2203 6 19 55
2148 6 19 48
299 6 19 40
1442 6 19 32
677 6 19 25
3127 6 19 16
2044 6 19 9
929 6 19 1
453 7 1 87
3726 7 1 79
965 7 1 73
2817 7 1 65
1755 7 1 55
1325 7 1 48
2412 7 1 39
3367 7 1 32
3525 7 1 24
3251 7 1 16
3517 7 1 8
832 7 1 1
842 7 3 86
1419 7 3 80
3368 7 3 72
1830 7 3 67
1615 7 3 58
2247 7 3 49
3377 7 3 42
2704 7 3 35
2517 7 3 26
316 7 3 18
480 7 3 11
1374 7 3 4
664 7 10 86
621 7 10 80
2743 7 10 72
2291 7 10 66
2698 7 10 58
373 7 10 49
3289 7 10 42
798 7 10 35
2311 7 10 26
20 7 10 18
3443 7 10 10
102 7 10 3
2584 7 12 85
2574 7 12 74
2590 7 12 64
848 7 12 55
986 7 12 47
460 7 12 40
1441 7 12 32
1480 7 12 24
2231 7 12 16
3204 7 12 8
656 7 12 1
3474 7 14 83
935 7 14 72
1604 7 14 66
648 7 14 58
2819 7 14 48
1415 7 14 39
2655 7 14 32
2623 7 14 23
840 7 14 18
3325 7 14 10
1825 7 14 2
2571 7 16 83
894 7 16 72
744 7 16 66
3691 7 16 57
572 7 16 43
14 7 16 36
3768 7 16 29
750 7 16 21
2143 7 16 14
2946 7 16 5
2602 7 18 82
3259 7 18 74
2410 7 18 64
366 7 18 55
916 7 18 47
70 7 18 40
1027 7 18 32
132 7 18 23
831 7 18 18
1670 7 18 10
3414 7 18 1
1600 8 1 82
2727 8 1 74
1787 8 1 64
2973 8 1 54
3198 8 1 47
724 8 1 39
1543 8 1 32
75 8 1 23
225 8 1 18
1446 8 1 10
2955 8 1 1
4 8 3 82
1964 8 3 74
1628 8 3 64
1612 8 3 54
2460 8 3 47
425 8 3 39
513 8 3 32
13 8 3 23
354 8 3 17
1350 8 3 9
1887 8 5 80
2453 8 5 72
352 8 5 66
1947 8 5 57
1023 8 5 41
412 8 5 25
2555 8 5 16
2432 8 5 8
783 8 6 80
3147 8 6 71
3485 8 6 64
3141 8 6 53
2064 8 6 47
2063 8 6 38
796 8 6 32
2201 8 6 22
2577 8 6 12
11 8 6 3
2824 8 7 77
1348 8 7 70
2457 8 7 63
1379 8 7 56
3016 8 7 41
2576 8 7 24
265 8 7 16
3625 8 7 7
1031 8 8 74
1253 8 8 64
969 8 8 53
1417 8 8 47
33 8 8 38
63 8 8 32
1712 8 8 22
1179 8 8 11
3169 8 8 3
2561 8 10 72
3598 8 10 65
3080 8 10 54
244 8 10 47
3400 8 10 37
952 8 10 26
2059 8 10 17
543 8 10 9
2367 8 12 71
2652 8 12 64
1275 8 12 52
3114 8 12 43
3106 8 12 35
866 8 12 26
1535 8 12 17
1790 8 12 8
2619 8 14 54
1197 8 14 46
720 8 14 38
3779 8 14 31
131 8 14 27
2971 8 14 19
3415 8 14 11
2945 8 14 3
974 8 16 96
788 8 16 89
1060 8 16 81
1702 8 16 72
2975 8 16 65
2354 8 16 54
223 8 16 46
3422 8 16 37
544 8 16 26
1121 8 16 17
12 8 16 8
442 8 18 95
1189 8 18 90
28 8 18 83
774 8 18 71
3570 8 18 63
2341 8 18 55
603 8 18 47
2930 8 18 37
3154 8 18 25
2033 8 18 16
2278 8 18 7
3678 9 1 94
2451 9 1 86
337 9 1 80
684 9 1 71
1899 9 1 63
2305 9 1 55
2295 9 1 46
2262 9 1 37
639 9 1 25
1356 9 1 16
2256 9 1 7
1380 9 3 94
2000 9 3 85
1625 9 3 74
2015 9 3 63
1563 9 3 55
1743 9 3 46
1141 9 3 37
297 9 3 25
821 9 3 15
314 9 3 7
2830 9 5 93
3523 9 5 87
3416 9 5 79
3572 9 5 72
2786 9 5 65
1012 9 5 54
1974 9 5 45
3483 9 5 36
147 9 5 29
695 9 5 21
1576 9 5 14
2677 9 5 5
2208 9 6 93
46 9 6 87
3294 9 6 79
2919 9 6 72
2651 9 6 64
696 9 6 52
218 9 6 43
2872 9 6 35
2964 9 6 25
503 9 6 15
713 9 6 6
1707 9 7 93
3005 9 7 86
3199 9 7 79
2396 9 7 72
1037 9 7 64
2377 9 7 51
199 9 7 42
530 9 7 35
1052 9 7 25
3267 9 7 14
2662 9 7 5
3462 9 8 92
3369 9 8 85
1217 9 8 74
1781 9 8 63
693 9 8 55
683 9 8 44
1410 9 8 27
2428 9 8 19
2351 9 8 11
2108 9 8 3
2903 9 10 92
2836 9 10 85
1013 9 10 74
976 9 10 63
3588 9 10 54
980 9 10 45
3406 9 10 36
2687 9 10 28
221 9 10 16
3569 9 10 6
1942 9 12 92
1807 9 12 85
2656 9 12 73
2348 9 12 65
781 9 12 54
1693 9 12 44
445 9 12 26
54 9 12 17
1408 9 12 7
1780 9 14 92
1449 9 14 85
3274 9 14 72
3702 9 14 63
3490 9 14 54
818 9 14 44
219 9 14 25
2135 9 14 14
1487 9 14 5
545 9 16 92
1187 9 16 85
3193 9 16 72
889 9 16 62
3056 9 16 54
126 9 16 44
2249 9 16 24
3698 9 16 15
3643 9 16 5
3491 9 18 91
2053 9 18 84
1930 9 18 77
699 9 18 70
1926 9 18 63
3126 9 18 54
3556 9 18 43
1025 9 18 35
2766 9 18 24
3028 9 18 15
2568 9 18 5
1823 10 1 91
1116 10 1 84
533 10 1 77
410 10 1 70
1685 10 1 63
2728 10 1 54
2735 10 1 43
879 10 1 35
2601 10 1 24
2807 10 1 15
1666 10 1 5
378 10 3 91
2031 10 3 82
651 10 3 74
890 10 3 62
2292 10 3 54
2918 10 3 42
2957 10 3 34
1845 10 3 26
3675 10 3 16
3484 10 3 6
2122 10 5 90
2673 10 5 82
554 10 5 74
841 10 5 62
1472 10 5 54
3611 10 5 41
2110 10 5 24
150 10 5 14
674 10 5 5
3647 10 8 89
3317 10 8 80
478 10 8 71
1863 10 8 63
1663 10 8 54
3463 10 8 40
227 10 8 32
69 10 8 22
3504 10 8 10
2264 10 8 1
3223 10 10 89
282 10 10 80
361 10 10 71
3738 10 10 62
1306 10 10 54
2254 10 10 40
2532 10 10 31
3304 10 10 26
3112 10 10 15
942 10 10 4
6 10 12 89
23 10 12 80
305 10 12 71
2154 10 12 62
3571 10 12 53
467 10 12 47
1444 10 12 37
2966 10 12 24
3451 10 12 13
676 10 12 6
3256 11 1 88
2458 11 1 81
1228 11 1 72
377 11 1 62
3222 11 1 53
464 11 1 47
2980 11 1 36
2499 11 1 28
2042 11 1 15
435 11 1 4
2757 11 3 88
155 11 3 81
2358 11 3 71
189 11 3 61
2116 11 3 55
2734 11 3 43
855 11 3 35
1349 11 3 24
987 11 3 13
1391 11 3 5
1997 11 5 88
3055 11 5 80
2161 11 5 68
2526 11 5 55
1619 11 5 43
754 11 5 35
612 11 5 24
125 11 5 13
977 11 5 5
1671 11 7 88
1691 11 7 80
1565 11 7 68
2217 11 7 53
3297 11 7 46
803 11 7 37
2182 11 7 24
58 11 7 13
3023 11 7 4
1464 11 8 88
250 11 8 79
1820 11 8 72
3383 11 8 61
1283 11 8 55
1373 11 8 43
2132 11 8 34
3680 11 8 25
2005 11 8 14
930 11 8 4
495 11 10 88
142 11 10 79
3174 11 10 71
3342 11 10 60
1875 11 10 53
3079 11 10 46
307 11 10 37
1094 11 10 24
3644 11 10 12
266 11 10 2
3733 11 12 87
538 11 12 79
1486 11 12 71
2369 11 12 60
3550 11 12 52
3276 11 12 42
1661 11 12 34
3157 11 12 25
1396 11 12 14
2993 11 12 3
2374 11 14 87
78 11 14 78
2615 11 14 70
1312 11 14 63
1485 11 14 54
2241 11 14 40
2104 11 14 31
2529 11 14 26
3332 11 14 14
1812 11 14 3
613 11 15 87
1876 11 15 77
135 11 15 70
359 11 15 63
3693 11 15 53
2206 11 15 46
39 11 15 37
607 11 15 24
2864 11 15 12
178 11 15 2
80 11 16 87
3721 11 16 76
1720 11 16 64
66 11 16 51
3533 11 16 41
1316 11 16 23
3781 11 16 16
2544 11 16 6
3287 11 17 86
2989 11 17 79
2528 11 17 70
285 11 17 63
2912 11 17 53
3130 11 17 45
3394 11 17 36
1497 11 17 28
1511 11 17 15
226 11 17 4
1697 11 18 86
2011 11 18 79
2065 11 18 70
2659 11 18 62
3069 11 18 53
1383 11 18 45
2877 11 18 36
3043 11 18 27
740 11 18 19
1724 11 18 11
1885 11 18 3
1093 11 19 86
1836 11 19 79
83 11 19 70
1083 11 19 62
2394 11 19 53
865 11 19 45
2098 11 19 36
2997 11 19 27
1241 11 19 18
3119 11 19 9
3432 12 1 83
3775 12 1 70
3173 12 1 61
1104 12 1 55
1372 12 1 43
1069 12 1 34
1967 12 1 24
1723 12 1 12
2936 12 1 1
2846 12 3 83
3468 12 3 69
1057 12 3 62
1965 12 3 53
3641 12 3 44
1437 12 3 21
1493 12 3 14
3243 12 3 2
3221 12 5 82
2398 12 5 73
399 12 5 65
2300 12 5 53
2842 12 5 44
115 12 5 19
808 12 5 11
1286 12 5 3
2818 12 7 82
1739 12 7 73
346 12 7 65
3767 12 7 52
3212 12 7 42
1369 12 7 34
1818 12 7 24
858 12 7 12
1467 12 7 1
200 12 8 82
645 12 8 73
3507 12 8 64
3579 12 8 50
1624 12 8 41
2768 12 8 18
1097 12 8 9
2407 12 10 81
626 12 10 71
1397 12 10 60
3402 12 10 52
428 12 10 42
630 12 10 34
2050 12 10 23
3382 12 10 16
2124 12 10 6
710 12 12 78
547 12 12 70
1402 12 12 61
2841 12 12 54
1892 12 12 39
99 12 12 32
3025 12 12 20
2944 12 12 11
3058 12 12 2
2792 12 14 76
3388 12 14 63
1307 12 14 53
3089 12 14 43
3423 12 14 33
3161 12 14 23
344 12 14 16
1192 12 14 6
3460 13 1 71
32 13 1 60
2784 13 1 52
2603 13 1 41
1682 13 1 16
2694 13 1 5
146 13 3 71
3619 13 3 59
2068 13 3 51
2998 13 3 41
45 13 3 16
681 13 3 5
309 13 5 70
697 13 5 61
2627 13 5 54
3455 13 5 38
2366 13 5 31
970 13 5 26
1594 13 5 14
404 13 5 2
1727 13 7 65
2782 13 7 51
2503 13 7 41
1778 13 7 15
2664 13 7 2
1000 13 8 94
3337 13 8 84
3512 13 8 76
2738 13 8 63
1006 13 8 53
2342 13 8 43
3344 13 8 33
2800 13 8 23
3033 13 8 15
1998 13 8 1
1119 13 10 93
1979 13 10 86
2808 13 10 78
2573 13 10 69
756 13 10 62
1171 13 10 53
968 13 10 43
2527 13 10 33
2760 13 10 23
2999 13 10 15
1403 13 10 1
3264 13 12 92
1181 13 12 85
2586 13 12 71
2759 13 12 58
104 13 12 48
397 13 12 39
1589 13 12 31
957 13 12 26
1514 13 12 14
2774 13 12 4
522 13 14 92
799 13 14 85
2483 13 14 71
2227 13 14 57
1438 13 14 40
1288 13 14 31
2569 13 14 24
3371 13 14 11
339 13 14 2
3216 13 16 91
1927 13 16 82
3302 13 16 72
1701 13 16 60
714 13 16 52
1301 13 16 41
431 13 16 13
2322 13 16 4
1593 13 17 91
2731 13 17 81
434 13 17 71
1358 13 17 56
2778 13 17 39
1518 13 17 31
1366 13 17 24
1147 13 17 11
3741 13 17 1
1636 13 18 90
1645 13 18 82
869 13 18 72
1427 13 18 60
1550 13 18 51
2475 13 18 41
2509 13 18 12
499 13 18 1
1571 13 19 90
2223 13 19 81
2653 13 19 70
939 13 19 60
880 13 19 51
1853 13 19 41
1580 13 19 8
918 14 1 89
3190 14 1 79
2875 14 1 69
3489 14 1 61
2228 14 1 54
2572 14 1 38
1945 14 1 31
224 14 1 24
148 14 1 11
1622 14 1 1
166 14 3 89
2290 14 3 79
1662 14 3 69
3094 14 3 61
127 14 3 54
1420 14 3 37
1572 14 3 23
2961 14 3 15
2043 14 3 4
3355 14 5 88
703 14 5 78
1686 14 5 67
1159 14 5 58
1776 14 5 47
1941 14 5 36
2019 14 5 27
446 14 5 18
3262 14 5 8
2255 14 7 88
3603 14 7 77
1822 14 7 69
1873 14 7 61
3582 14 7 53
301 14 7 43
2263 14 7 33
2497 14 7 23
2887 14 7 15
1689 14 7 4
746 14 8 88
208 14 8 77
3293 14 8 68
303 14 8 53
3426 14 8 42
128 14 8 34
1681 14 8 23
1519 14 8 15
1607 14 8 4
3454 14 10 87
3236 14 10 76
1984 14 10 63
3265 14 10 52
3270 14 10 40
562 14 10 31
173 14 10 24
3257 14 10 8
2470 14 16 87
2137 14 16 76
462 14 16 63
383 14 16 51
1591 14 16 40
273 14 16 30
1552 14 16 22
3473 14 16 10
2066 14 17 87
816 14 17 76
2592 14 17 62
901 14 17 53
2389 14 17 42
3197 14 17 33
3421 14 17 22
2547 14 17 10
2275 14 18 85
1912 14 18 71
371 14 18 56
2353 14 18 38
962 14 18 31
3002 14 18 23
418 14 18 15
3697 14 18 3
1741 14 19 85
1819 14 19 70
541 14 19 60
3607 14 19 50
919 14 19 41
3712 14 19 6
2146 15 1 84
3391 15 1 76
2437 15 1 62
3384 15 1 52
2867 15 1 38
3239 15 1 30
1371 15 1 22
2174 15 1 10
1831 15 3 82
3167 15 3 71
1186 15 3 55
349 15 3 43
2029 15 3 33
3466 15 3 21
1343 15 3 14
3488 15 3 3
1614 15 5 81
1378 15 5 70
3137 15 5 59
1280 15 5 51
1170 15 5 40
3676 15 5 29
59 15 5 21
3777 15 5 13
3396 15 5 3
954 15 7 78
992 15 7 67
459 15 7 58
1517 15 7 47
1095 15 7 36
1767 15 7 27
306 15 7 18
2239 15 7 8
1044 15 8 75
3292 15 8 64
1893 15 8 50
857 15 8 41
2969 15 8 29
2633 15 8 20
2418 15 8 11
1110 15 8 1
3086 15 10 74
2463 15 10 60
3476 15 10 50
3535 15 10 40
596 15 10 29
2791 15 10 19
1746 15 10 10
3417 15 12 73
2832 15 12 64
235 15 12 49
3180 15 12 42
2922 15 12 33
3189 15 12 21
2518 15 12 13
2550 15 12 3
1846 15 14 72
1146 15 14 59
850 15 14 51
1154 15 14 40
928 15 14 28
779 15 14 15
1992 15 14 3
1182 16 1 71
2914 16 1 54
1262 16 1 37
2360 16 1 21
1946 16 1 13
1695 16 1 3
3171 16 3 60
2345 16 3 50
1214 16 3 40
205 16 3 26
3323 16 3 13
1429 16 3 3
1526 16 5 57
1073 16 5 40
1783 16 5 25
1014 16 5 14
914 16 5 3
2773 16 7 91
2224 16 7 81
1221 16 7 70
2897 16 7 59
71 16 7 51
565 16 7 39
3783 16 7 30
934 16 7 22
2811 16 7 9
2712 16 8 91
2560 16 8 80
1078 16 8 68
2589 16 8 52
2699 16 8 38
3041 16 8 30
636 16 8 22
2770 16 8 9
2661 16 10 91
2464 16 10 80
2480 16 10 67
90 16 10 58
891 16 10 47
553 16 10 36
470 16 10 27
3694 16 10 17
1271 16 10 7
2297 16 12 91
3053 16 12 79
3022 16 12 68
634 16 12 52
1704 16 12 38
2744 16 12 30
3350 16 12 21
3153 16 12 12
766 16 12 1
1638 16 14 91
2037 16 14 79
2801 16 14 68
2397 16 14 50
1194 16 14 40
1129 16 14 25
3642 16 14 12
845 16 15 91
1492 16 15 79
1128 16 15 68
2328 16 15 50
186 16 15 40
3536 16 15 24
826 16 15 7
1330 16 16 90
1705 16 16 81
3589 16 16 69
1476 16 16 61
3060 16 16 53
2141 16 16 41
281 16 16 24
3786 16 16 5
417 16 17 90
1617 16 17 81
2027 16 17 69
922 16 17 61
1447 16 17 53
40 16 17 41
1451 16 17 23
2152 16 17 14
909 16 17 3
3714 16 18 89
2468 16 18 78
2785 16 18 66
1041 16 18 57
2531 16 18 38
2221 16 18 30
2435 16 18 21
3091 16 18 12
2814 16 19 89
2280 16 19 76
327 16 19 62
3268 16 19 52
1556 16 19 38
2007 16 19 30
535 16 19 21
3029 16 19 12
2315 17 1 89
2746 17 1 72
771 17 1 59
2395 17 1 50
3303 17 1 38
2120 17 1 29
1488 17 1 19
1200 17 1 10
1123 17 3 89
2740 17 3 72
3459 17 3 57
2551 17 3 36
3385 17 3 26
444 17 3 13
853 17 3 2
1067 17 5 89
1178 17 5 72
765 17 5 57
466 17 5 26
427 17 5 13
706 17 5 2
995 17 7 89
1148 17 7 72
498 17 7 57
2151 17 7 38
578 17 7 29
2803 17 7 18
1952 17 7 7
3494 17 8 88
1751 17 8 76
333 17 8 61
1066 17 8 52
153 17 8 38
2172 17 8 28
2422 17 8 14
2958 17 8 1
2091 17 10 88
658 17 10 76
2564 17 10 58
43 17 10 47
197 17 10 36
2434 17 10 26
3606 17 10 12
2034 17 12 88
450 17 12 76
384 17 12 58
2177 17 12 46
2813 17 12 36
2178 17 12 26
1300 17 12 12
1536 17 14 88
1692 17 14 75
548 17 14 64
515 17 14 48
2736 17 14 38
1668 17 14 28
1289 17 14 14
2190 17 14 1
3452 17 15 87
604 17 15 76
1502 17 15 57
881 17 15 38
1021 17 15 28
47 17 15 12
1153 17 16 87
1898 17 16 75
343 17 16 64
2620 17 16 47
1816 17 16 35
3612 17 16 23
953 17 16 14
2084 17 16 1
111 17 17 87
1328 17 17 75
156 17 17 64
1105 17 17 47
575 17 17 35
3581 17 17 23
743 17 17 14
1890 17 17 1
2701 17 18 86
1698 17 18 78
2372 17 18 66
1870 17 18 56
3585 17 18 37
3078 17 18 20
119 17 18 11
2196 17 19 86
1257 17 19 78
1453 17 19 66
37 17 19 56
2317 17 19 37
3471 17 19 19
631 17 19 10
2123 18 1 86
2010 18 1 77
2665 18 1 68
2891 18 1 48
3176 18 1 37
663 18 1 18
3677 18 1 6
1744 18 3 86
1920 18 3 77
461 18 3 68
2441 18 3 48
1304 18 3 37
2012 18 3 14
1363 18 5 86
1579 18 5 77
2890 18 5 67
2234 18 5 56
3162 18 5 36
1393 18 5 26
1842 18 5 11
57 18 7 86
1422 18 7 77
2755 18 7 67
1491 18 7 56
2583 18 7 35
2911 18 7 23
3330 18 7 13
2820 18 8 85
605 18 8 69
829 18 8 59
2325 18 8 50
1839 18 8 38
913 18 8 28
3398 18 8 11
2616 18 10 85
1505 18 10 66
1578 18 10 55
256 18 10 41
633 18 10 23
2624 18 10 13
2301 18 12 85
2456 18 12 63
140 18 12 51
3788 18 12 38
726 18 12 27
49 18 12 17
1054 18 12 7
214 19 12 85
319 19 12 61
258 19 12 52
3563 19 12 37
886 19 12 11
3250 19 13 84
3319 19 13 76
1206 19 13 57
1459 19 13 35
1679 19 13 23
2162 19 13 13
486 19 14 83
878 19 14 69
3046 19 14 58
1354 19 14 46
2494 19 14 36
41 19 14 26
2188 19 14 7
3372 19 15 82
2388 19 15 71
1872 19 15 54
3621 19 15 36
3557 19 15 25
3574 19 15 12
926 19 16 79
3718 19 16 67
810 19 16 56
3549 19 16 31
2513 19 16 23
1640 19 16 13
109 19 17 79
3320 19 17 67
2984 19 17 55
1184 19 17 40
152 19 17 23
1231 19 17 13
3300 19 18 78
863 19 18 66
1118 19 18 54
1452 19 18 35
1471 19 18 23
3211 19 18 12
3179 19 19 78
1905 19 19 64
2883 19 19 46
2230 19 19 36
1544 19 19 25
817 19 19 12
