2506
3842 0 0 99
1602 0 0 97
3593 0 0 93
1483 0 0 91
2188 0 0 88
2703 0 0 85
640 0 0 83
3869 0 0 79
3256 0 0 76
2184 0 0 72
3488 0 0 69
1869 0 0 66
2578 0 0 63
2551 0 0 60
1039 0 0 58
705 0 0 55
393 0 0 53
1927 0 0 49
1779 0 0 47
3754 0 0 45
1882 0 0 42
569 0 0 39
3431 0 0 35
1032 0 0 31
2417 0 0 28
1914 0 0 26
1463 0 0 22
3709 0 0 19
3741 0 0 16
3866 0 0 13
2991 0 0 10
2803 0 0 6
2192 0 0 4
1552 0 0 1
3627 0 1 98
1185 0 1 95
1568 0 1 93
2829 0 1 90
3470 0 1 86
625 0 1 83
480 0 1 79
3106 0 1 76
633 0 1 72
3607 0 1 68
1023 0 1 65
2723 0 1 61
2896 0 1 57
1996 0 1 54
2766 0 1 50
2998 0 1 47
3436 0 1 45
3942 0 1 41
2367 0 1 37
1497 0 1 33
2166 0 1 30
2030 0 1 27
3268 0 1 24
3812 0 1 20
3758 0 1 17
3075 0 1 14
1309 0 1 10
842 0 1 5
2920 0 1 2
2622 0 2 98
2646 0 2 94
3347 0 2 90
2529 0 2 86
3332 0 2 82
2982 0 2 80
192 0 2 78
499 0 2 74
486 0 2 72
2860 0 2 68
742 0 2 65
809 0 2 61
1029 0 2 57
1995 0 2 53
3686 0 2 48
2517 0 2 45
226 0 2 41
422 0 2 37
3111 0 2 32
2572 0 2 30
1027 0 2 27
2035 0 2 24
2769 0 2 20
46 0 2 17
2462 0 2 13
1180 0 2 10
1110 0 2 4
1001 0 2 1
1284 0 3 98
2426 0 3 94
3637 0 3 89
1005 0 3 86
2932 0 3 81
3735 0 3 77
1283 0 3 75
3085 0 3 73
1035 0 3 71
2787 0 3 68
3771 0 3 64
1714 0 3 62
2560 0 3 59
3652 0 3 57
1360 0 3 53
2954 0 3 48
2702 0 3 43
1470 0 3 40
2631 0 3 37
2435 0 3 32
58 0 3 29
2167 0 3 27
1937 0 3 24
21 0 3 20
2189 0 3 16
1080 0 3 13
2726 0 3 9
1580 0 3 6
1681 0 3 3
3269 0 4 97
1277 0 4 93
1736 0 4 88
2000 0 4 85
3328 0 4 82
935 0 4 79
1261 0 4 76
3604 0 4 71
1287 0 4 68
3578 0 4 64
2956 0 4 59
3074 0 4 56
3803 0 4 52
676 0 4 50
1794 0 4 47
2565 0 4 43
653 0 4 40
1117 0 4 37
3920 0 4 31
3226 0 4 27
3827 0 4 23
3233 0 4 21
3166 0 4 19
1563 0 4 16
2590 0 4 12
1570 0 4 8
2836 0 4 5
1480 0 4 2
662 0 5 97
3513 0 5 92
3643 0 5 88
3303 0 5 84
2057 0 5 81
2716 0 5 77
3905 0 5 73
958 0 5 71
3694 0 5 67
1746 0 5 65
2626 0 5 60
1111 0 5 57
313 0 5 53
3912 0 5 47
2306 0 5 42
1759 0 5 38
1101 0 5 35
318 0 5 31
2548 0 5 27
3108 0 5 23
3176 0 5 20
321 0 5 16
3531 0 5 11
1330 0 5 8
1752 0 5 5
3914 0 6 96
3327 0 6 93
546 0 6 88
1951 0 6 84
2525 0 6 80
2620 0 6 77
1208 0 6 73
3535 0 6 70
2428 0 6 66
1551 0 6 63
1422 0 6 60
3951 0 6 55
330 0 6 52
3079 0 6 49
3697 0 6 45
3503 0 6 40
3527 0 6 36
3084 0 6 33
715 0 6 30
3129 0 6 26
1141 0 6 22
620 0 6 19
3234 0 6 15
3183 0 6 13
1288 0 6 8
1445 0 6 5
2979 0 7 96
2977 0 7 93
1176 0 7 87
2884 0 7 84
2745 0 7 79
357 0 7 75
2243 0 7 72
3651 0 7 67
1697 0 7 65
2463 0 7 60
3645 0 7 55
3466 0 7 51
315 0 7 47
3439 0 7 40
1366 0 7 36
3909 0 7 32
1640 0 7 28
954 0 7 25
3791 0 7 22
2396 0 7 18
1125 0 7 16
2575 0 7 11
3793 0 7 7
3006 0 7 5
2552 0 8 96
3280 0 8 92
2559 0 8 88
1800 0 8 84
2408 0 8 79
3316 0 8 74
2019 0 8 71
985 0 8 67
3957 0 8 64
1778 0 8 59
3746 0 8 55
3277 0 8 51
3013 0 8 45
2971 0 8 40
3481 0 8 34
2911 0 8 31
1799 0 8 27
2466 0 8 22
2040 0 8 18
1455 0 8 15
3949 0 8 11
3314 0 8 7
2480 0 8 3
1934 0 9 96
1713 0 9 92
3136 0 9 87
1548 0 9 83
3859 0 9 78
3478 0 9 73
1359 0 9 70
3380 0 9 65
611 0 9 60
2169 0 9 55
3440 0 9 50
3516 0 9 46
1652 0 9 42
885 0 9 38
2094 0 9 34
674 0 9 30
2276 0 9 26
3566 0 9 20
1479 0 9 15
3830 0 9 11
1770 0 9 7
2347 0 9 3
1615 0 10 96
1566 0 10 92
3070 0 10 87
50 0 10 83
3852 0 10 78
3331 0 10 73
2405 0 10 69
693 0 10 66
472 0 10 63
555 0 10 60
2101 0 10 55
3266 0 10 50
1908 0 10 46
2872 0 10 41
3353 0 10 36
3575 0 10 32
1481 0 10 28
2601 0 10 23
615 0 10 20
1819 0 10 14
3339 0 10 9
3613 0 10 5
803 0 11 96
1628 0 11 91
3565 0 11 87
3512 0 11 82
2522 0 11 78
987 0 11 72
3113 0 11 67
2962 0 11 64
1928 0 11 58
3141 0 11 54
221 0 11 50
376 0 11 46
2076 0 11 41
3187 0 11 36
2434 0 11 32
410 0 11 28
3395 0 11 22
1973 0 11 17
443 0 11 13
3843 0 11 7
3729 0 11 2
242 0 12 96
747 0 12 91
2616 0 12 87
3896 0 12 81
2478 0 12 77
263 0 12 73
1897 0 12 69
545 0 12 66
1643 0 12 61
907 0 12 57
1842 0 12 52
1594 0 12 48
3940 0 12 42
2009 0 12 37
3588 0 12 31
645 0 12 27
1827 0 12 22
1728 0 12 17
174 0 12 13
2442 0 12 7
1825 0 12 2
172 0 13 96
2217 0 13 90
1875 0 13 86
3500 0 13 80
3898 0 13 76
2760 0 13 71
3962 0 13 66
1610 0 13 61
3287 0 13 55
45 0 13 49
2931 0 13 45
2266 0 13 40
3293 0 13 34
73 0 13 30
1073 0 13 25
2630 0 13 21
3832 0 13 17
3814 0 13 12
3744 0 13 7
1512 0 13 2
3506 0 14 95
3509 0 14 91
540 0 14 87
3558 0 14 81
1254 0 14 77
1492 0 14 72
2049 0 14 67
3907 0 14 63
2495 0 14 59
3582 0 14 55
3587 0 14 48
2936 0 14 42
3377 0 14 36
2400 0 14 32
3539 0 14 27
3231 0 14 21
3432 0 14 16
1268 0 14 11
921 0 14 7
2277 0 14 1
3485 0 15 95
3447 0 15 91
3390 0 15 86
3199 0 15 80
3659 0 15 76
451 0 15 71
3027 0 15 66
3110 0 15 60
953 0 15 55
2510 0 15 48
1449 0 15 42
1701 0 15 36
1506 0 15 32
3154 0 15 27
3186 0 15 21
3386 0 15 16
773 0 15 11
2421 0 15 6
1963 0 15 2
1351 0 16 95
1803 0 16 91
1050 0 16 86
2041 0 16 80
2123 0 16 76
1957 0 16 70
3138 0 16 65
490 0 16 60
910 0 16 55
1105 0 16 48
1151 0 16 42
821 0 16 36
823 0 16 32
2776 0 16 27
3378 0 16 20
1688 0 16 14
1731 0 16 9
3248 0 16 5
1755 0 17 94
3947 0 17 88
200 0 17 83
3433 0 17 78
3333 0 17 71
2619 0 17 66
1260 0 17 60
170 0 17 55
599 0 17 48
1878 0 17 41
2526 0 17 36
466 0 17 32
1082 0 17 27
2801 0 17 20
3410 0 17 13
1364 0 17 7
1738 0 17 2
3887 0 18 93
767 0 18 87
3215 0 18 81
3862 0 18 76
336 0 18 70
1286 0 18 65
3642 0 18 59
1695 0 18 55
906 0 18 47
3162 0 18 40
2839 0 18 34
2886 0 18 29
394 0 18 26
3564 0 18 20
3672 0 18 12
3596 0 18 7
1018 0 18 2
2937 0 19 93
677 0 19 87
1693 0 19 81
3813 0 19 76
3191 0 19 69
592 0 19 65
2431 0 19 59
1196 0 19 54
2487 0 19 49
469 0 19 45
2115 0 19 40
1622 0 19 34
2609 0 19 29
1723 0 19 25
414 0 19 21
140 0 19 16
3823 0 19 10
3775 0 19 3
2825 2 1 92
606 2 1 87
383 2 1 81
3179 2 1 76
3082 2 1 69
3924 2 1 63
2137 2 1 59
2470 2 1 53
3532 2 1 47
1802 2 1 40
131 2 1 34
1725 2 1 29
183 2 1 25
2649 2 1 20
2758 2 1 12
2968 2 1 7
3780 2 1 1
2671 2 2 92
3158 2 2 86
1485 2 2 80
1585 2 2 76
3055 2 2 69
1763 2 2 63
477 2 2 59
1737 2 2 53
1592 2 2 47
291 2 2 40
3132 2 2 33
2506 2 2 29
3769 2 2 24
3409 2 2 19
473 2 2 15
1335 2 2 11
1692 2 2 6
3728 2 2 1
2663 2 3 92
781 2 3 86
3930 2 3 79
2659 2 3 74
3885 2 3 69
937 2 3 63
2036 2 3 58
3134 2 3 53
502 2 3 47
84 2 3 40
2778 2 3 33
1060 2 3 29
771 2 3 24
508 2 3 19
1881 2 3 14
614 2 3 9
2704 2 3 5
722 2 4 92
2597 2 4 85
1619 2 4 82
3605 2 4 77
799 2 4 72
1494 2 4 67
2582 2 4 63
1382 2 4 58
2502 2 4 53
2179 2 4 46
844 2 4 41
2050 2 4 36
1709 2 4 30
3014 2 4 24
387 2 4 19
1097 2 4 14
129 2 4 9
3257 2 4 4
481 2 6 92
316 2 6 85
79 2 6 82
3572 2 6 77
738 2 6 72
3318 2 6 66
1090 2 6 60
3658 2 6 54
1613 2 6 49
2943 2 6 44
1930 2 6 42
3961 2 6 35
3661 2 6 30
2512 2 6 24
2905 2 6 18
3216 2 6 14
3860 2 6 8
1150 2 6 4
551 2 7 91
3893 2 7 85
3322 2 7 80
598 2 7 76
1355 2 7 69
3555 2 7 62
3068 2 7 58
1587 2 7 53
1852 2 7 46
3948 2 7 40
1776 2 7 33
283 2 7 29
3117 2 7 23
1879 2 7 19
858 2 7 14
3285 2 7 8
421 2 7 4
471 2 8 91
2159 2 8 85
3240 2 8 80
72 2 8 76
77 2 8 69
3207 2 8 62
3417 2 8 57
1426 2 8 52
2917 2 8 47
2114 2 8 39
3313 2 8 35
3392 2 8 30
2455 2 8 24
2696 2 8 18
700 2 8 13
3204 2 8 6
2483 2 8 1
2324 2 9 90
1365 2 9 86
2398 2 9 79
2596 2 9 74
3278 2 9 69
2343 2 9 62
3094 2 9 57
398 2 9 52
2770 2 9 47
1391 2 9 39
1184 2 9 35
3056 2 9 30
2390 2 9 24
2668 2 9 18
3691 2 9 12
1135 2 9 7
2078 2 10 90
621 2 10 86
3560 2 10 78
2744 2 10 71
3845 2 10 65
1866 2 10 59
2099 2 10 52
1916 2 10 47
286 2 10 39
198 2 10 35
3249 2 10 29
917 2 10 23
1198 2 10 19
2501 2 10 13
2831 2 10 6
832 2 11 90
2861 2 11 85
2965 2 11 79
3054 2 11 73
638 2 11 69
1784 2 11 62
182 2 11 57
2857 2 11 51
2547 2 11 45
1056 2 11 40
3835 2 11 32
70 2 11 27
2187 2 11 19
166 2 11 13
2996 2 11 5
815 2 12 89
3801 2 12 85
1209 2 12 79
2018 2 12 73
505 2 12 69
1348 2 12 62
2218 2 12 53
2499 2 12 44
2253 2 12 40
2524 2 12 32
3469 2 12 26
2935 2 12 20
2658 2 12 12
770 2 12 7
413 2 13 89
1077 2 13 85
290 2 13 79
660 2 13 73
2260 2 13 68
3086 2 13 64
2727 2 13 57
2804 2 13 51
1955 2 13 45
403 2 13 40
835 2 13 32
2942 2 13 26
2652 2 13 20
817 2 13 12
756 2 13 7
3482 2 14 88
3033 2 14 82
1727 2 14 77
2981 2 14 71
1218 2 14 65
801 2 14 59
2067 2 14 52
903 2 14 46
3389 2 14 40
2966 2 14 31
1921 2 14 26
2017 2 14 20
3255 2 14 11
1444 2 14 6
1051 2 15 87
374 2 15 81
1623 2 15 76
3297 2 15 68
3035 2 15 64
2174 2 15 57
2322 2 15 51
1225 2 15 45
2515 2 15 39
3534 2 15 34
3644 2 15 28
3011 2 15 22
1454 2 15 16
1425 2 15 10
2311 2 15 3
3969 2 16 85
3541 2 16 78
1504 2 16 71
919 2 16 65
616 2 16 59
1325 2 16 52
419 2 16 46
2563 2 16 40
1838 2 16 31
1721 2 16 26
974 2 16 20
2908 2 16 11
207 2 16 5
3372 2 17 84
1947 2 17 79
1392 2 17 72
2827 2 17 66
2833 2 17 59
3850 2 17 50
3543 2 17 45
1986 2 17 39
228 2 17 34
3927 2 17 27
3103 2 17 18
3480 2 17 12
143 2 17 7
3864 2 18 83
1979 2 18 78
548 2 18 71
289 2 18 65
1824 2 18 57
2106 2 18 51
3631 2 18 44
1044 2 18 40
3089 2 18 30
1022 2 18 23
175 2 18 19
3789 2 18 12
3356 2 18 6
2155 2 19 83
1204 2 19 78
2734 2 19 70
1127 2 19 65
635 2 19 57
224 2 19 51
3498 2 19 44
1013 2 19 40
2296 2 19 30
3863 2 19 22
567 2 19 16
1291 2 19 10
1702 2 19 3
371 3 1 81
3357 3 1 75
3799 3 1 71
3360 3 1 64
733 3 1 57
3479 3 1 50
2923 3 1 45
963 3 1 39
3211 3 1 33
2459 3 1 28
2214 3 1 22
3892 3 1 15
3923 3 1 10
3321 3 1 2
2410 3 2 80
1662 3 2 75
3562 3 2 71
1618 3 2 64
3271 3 2 56
3078 3 2 52
3794 3 2 45
941 3 2 39
1434 3 2 33
2312 3 2 28
478 3 2 22
2307 3 2 15
2059 3 2 10
3090 3 2 2
3352 3 3 79
3600 3 3 71
1389 3 3 64
2612 3 3 56
3021 3 3 51
3475 3 3 44
3696 3 3 38
1769 3 3 34
2109 3 3 27
889 3 3 18
2432 3 3 12
2352 3 3 6
2145 3 4 79
1533 3 4 71
1145 3 4 64
2183 3 4 56
1555 3 4 51
779 3 4 44
1924 3 4 38
3517 3 4 32
2535 3 4 26
326 3 4 20
2902 3 4 11
2364 3 4 4
1423 3 6 79
1661 3 6 70
1026 3 6 65
3519 3 6 56
1250 3 6 50
1757 3 6 45
2913 3 6 38
3003 3 6 32
2249 3 6 26
2739 3 6 19
1677 3 6 12
43 3 6 6
1103 3 7 79
3759 3 7 69
562 3 7 62
1657 3 7 53
1612 3 7 44
1294 3 7 38
2124 3 7 32
1766 3 7 26
1887 3 7 19
3579 3 7 11
2045 3 7 4
3125 3 8 76
1418 3 8 68
1217 3 8 64
1745 3 8 56
955 3 8 50
1446 3 8 45
2454 3 8 38
3876 3 8 31
2484 3 8 25
1482 3 8 20
2881 3 8 11
2032 3 8 4
1989 3 9 75
2717 3 9 70
397 3 9 64
1292 3 9 56
404 3 9 50
597 3 9 45
1534 3 9 38
1715 3 9 31
3589 3 9 24
3456 3 9 17
2621 3 9 12
1132 3 9 5
169 3 10 63
260 3 10 58
1223 3 10 53
1153 3 10 44
66 3 10 38
946 3 10 31
3049 3 10 24
1369 3 10 17
2379 3 10 12
156 3 10 5
2969 3 11 2
1719 3 12 96
1997 3 12 90
2648 3 12 85
3053 3 12 78
2163 3 12 70
3821 3 12 63
82 3 12 58
782 3 12 53
2748 3 12 43
521 3 12 40
1066 3 12 30
2403 3 12 22
1645 3 12 15
3264 3 12 9
1323 3 12 4
3774 3 13 95
664 3 13 91
1961 3 13 85
3743 3 13 77
1038 3 13 71
3690 3 13 63
15 3 13 58
532 3 13 53
2079 3 13 43
1232 3 13 39
2472 3 13 32
325 3 13 26
1501 3 13 19
2288 3 13 11
1162 3 13 4
3585 3 14 95
3334 3 14 90
1807 3 14 85
2922 3 14 77
257 3 14 71
1370 3 14 63
1094 3 14 57
3140 3 14 50
1663 3 14 44
2181 3 14 37
3330 3 14 31
2317 3 14 24
3904 3 14 16
791 3 14 10
2926 3 14 2
3185 3 15 95
2374 3 15 90
1932 3 15 84
1010 3 15 79
2802 3 15 69
2706 3 15 61
3594 3 15 54
344 3 15 49
533 3 15 44
1203 3 15 37
2779 3 15 31
3178 3 15 23
2689 3 15 18
1974 3 15 12
81 3 15 5
1673 3 16 95
3857 3 16 88
2944 3 16 82
578 3 16 77
3854 3 16 70
3550 3 16 63
428 3 16 57
3072 3 16 50
1214 3 16 44
3737 3 16 36
1079 3 16 30
2401 3 16 22
3335 3 16 14
1313 3 16 8
3649 3 16 3
2714 3 17 94
3246 3 17 88
2527 3 17 82
402 3 17 77
590 3 17 70
850 3 17 63
230 3 17 57
2385 3 17 50
819 3 17 44
3702 3 17 36
1646 3 17 29
2852 3 17 22
909 3 17 14
2235 3 17 7
1535 3 18 94
2987 3 18 88
2342 3 18 82
3895 3 18 76
3457 3 18 67
1893 3 18 63
1263 3 18 56
3795 3 18 49
444 3 18 44
3602 3 18 36
519 3 18 29
2213 3 18 22
516 3 18 14
1200 3 18 7
1417 3 19 94
2458 3 19 88
1617 3 19 82
2894 3 19 76
3376 3 19 67
1691 3 19 63
1109 3 19 56
3663 3 19 49
2921 3 19 43
3662 3 19 38
484 3 19 30
2056 3 19 22
3639 3 19 13
2513 3 19 5
750 4 1 94
1632 4 1 88
277 4 1 82
2339 4 1 76
950 4 1 66
2618 4 1 59
3536 4 1 50
178 4 1 44
2950 4 1 36
3650 4 1 28
464 4 1 22
3897 4 1 12
2990 4 1 4
3034 4 6 93
2928 4 6 86
1711 4 6 78
1894 4 6 70
2807 4 6 62
643 4 6 53
392 4 6 43
3554 4 6 38
3570 4 6 29
1048 4 6 22
3259 4 6 12
1588 4 6 4
2848 5 1 93
952 5 1 86
1436 5 1 78
1743 5 1 70
2771 5 1 62
1853 5 1 52
3576 5 1 45
563 5 1 38
3474 5 1 29
2927 5 1 21
3073 5 1 15
1812 5 1 9
40 5 1 4
2673 5 3 93
3861 5 3 85
2697 5 3 77
2722 5 3 69
1229 5 3 61
3112 5 3 54
3343 5 3 48
871 5 3 41
1472 5 3 36
3121 5 3 28
3281 5 3 21
710 5 3 15
517 5 3 9
2104 5 3 3
690 5 4 93
3289 5 4 85
1884 5 4 77
1031 5 4 69
320 5 4 61
2234 5 4 53
272 5 4 43
1671 5 4 38
3105 5 4 29
2073 5 4 21
2316 5 4 14
2262 5 4 6
3507 5 6 92
2562 5 6 84
1694 5 6 78
3868 5 6 69
3828 5 6 60
3618 5 6 54
3041 5 6 48
667 5 6 41
27 5 6 36
541 5 6 27
807 5 6 18
1949 5 6 12
3212 5 6 3
2685 5 8 92
2191 5 8 84
864 5 8 78
3721 5 8 69
1831 5 8 60
1810 5 8 54
3031 5 8 48
492 5 8 41
3122 5 8 35
2302 5 8 29
1270 5 8 21
1216 5 8 14
1871 5 8 6
1708 5 9 92
1808 5 9 84
121 5 9 78
3648 5 9 69
1593 5 9 60
212 5 9 54
780 5 9 48
3508 5 9 40
3853 5 9 29
1212 5 9 21
1093 5 9 14
1772 5 9 6
1195 5 10 92
707 5 10 84
3964 5 10 77
1317 5 10 68
324 5 10 64
886 5 10 56
2397 5 10 49
2684 5 10 43
945 5 10 38
2868 5 10 29
3736 5 10 20
2679 5 10 11
1146 5 10 3
3738 5 11 91
1112 5 11 85
100 5 11 77
3943 5 11 67
305 5 11 63
213 5 11 56
605 5 11 49
1687 5 11 43
559 5 11 38
1706 5 11 29
813 5 11 20
2125 5 11 11
2370 5 11 2
2613 5 12 91
1055 5 12 85
2693 5 12 76
3253 5 12 65
2792 5 12 56
2975 5 12 48
3251 5 12 40
2521 5 12 29
593 5 12 20
874 5 12 11
1758 5 12 2
1960 5 13 91
3836 5 13 83
145 5 13 78
3577 5 13 69
698 5 13 60
3804 5 13 53
31 5 13 43
2199 5 13 37
2520 5 13 31
3159 5 13 23
1906 5 13 18
1279 5 13 12
2830 5 13 3
561 5 14 91
3484 5 14 83
3911 5 14 77
3819 5 14 66
2543 5 14 59
2433 5 14 50
3195 5 14 43
2165 5 14 37
2395 5 14 31
2353 5 14 23
752 5 14 18
2675 5 14 10
2752 5 14 2
287 5 15 90
1188 5 15 84
3581 5 15 77
3547 5 15 66
1573 5 15 59
1415 5 15 50
3092 5 15 43
511 5 15 37
3295 5 15 30
438 5 15 22
3042 5 15 12
2532 5 15 3
3963 5 16 89
506 5 16 85
1122 5 16 76
2764 5 16 65
2633 5 16 56
2060 5 16 48
2351 5 16 40
262 5 16 29
150 5 16 20
385 5 16 11
1456 5 16 2
3325 5 17 89
366 5 17 85
429 5 17 75
2348 5 17 70
861 5 17 62
1667 5 17 52
2882 5 17 45
3239 5 17 37
2500 5 17 30
3312 5 17 21
3292 5 17 13
1998 5 17 5
2784 5 18 88
3653 5 18 81
1525 5 18 75
1130 5 18 70
833 5 18 62
124 5 18 52
2553 5 18 45
3095 5 18 37
1129 5 18 30
2180 5 18 21
3180 5 18 13
1747 5 18 5
1686 5 19 88
2226 5 19 81
412 5 19 75
2516 5 19 69
576 5 19 59
675 5 19 50
417 5 19 43
339 5 19 37
101 5 19 30
1977 5 19 21
3097 5 19 13
1690 5 19 5
1192 6 1 88
1131 6 1 80
3291 6 1 74
1748 6 1 68
3882 6 1 63
3201 6 1 55
834 6 1 47
162 6 1 38
1441 6 1 29
3751 6 1 18
2190 6 1 10
849 6 1 2
62 6 3 88
460 6 3 80
2782 6 3 74
507 6 3 68
2645 6 3 63
1650 6 3 55
241 6 3 47
514 6 3 37
3675 6 3 29
2031 6 3 18
2627 6 3 9
1877 6 3 3
3486 6 4 87
304 6 4 81
822 6 4 74
3428 6 4 67
915 6 4 62
2064 6 4 51
1343 6 4 43
3556 6 4 36
525 6 4 27
147 6 4 18
1549 6 4 9
1845 6 4 3
1634 6 6 87
1099 6 6 80
310 6 6 74
2709 6 6 67
1006 6 6 61
2436 6 6 52
3361 6 6 44
2858 6 6 36
2674 6 6 25
3009 6 6 19
2254 6 6 11
3932 6 6 1
61 6 8 87
1379 6 8 79
2567 6 8 69
3510 6 8 58
3413 6 8 52
3047 6 8 44
2496 6 8 36
1837 6 8 25
2160 6 8 19
122 6 8 11
927 6 8 1
2605 6 9 86
957 6 9 78
2988 6 9 68
536 6 9 63
3102 6 9 54
582 6 9 48
1983 6 9 40
3181 6 9 28
3133 6 9 21
2207 6 9 13
1513 6 9 5
523 6 10 86
333 6 10 78
2304 6 10 68
2384 6 10 62
1453 6 10 51
572 6 10 43
3017 6 10 36
1230 6 10 24
1500 6 10 16
518 6 10 10
1773 6 10 1
3899 6 15 85
3889 6 15 74
2643 6 15 67
3886 6 15 60
2808 6 15 53
3275 6 15 42
3282 6 15 35
2359 6 15 28
1809 6 15 21
973 6 15 13
454 6 15 5
3152 6 16 85
3622 6 16 74
1053 6 16 67
2251 6 16 60
2793 6 16 53
2587 6 16 42
2256 6 16 35
1669 6 16 28
1275 6 16 21
745 6 16 13
2957 6 16 4
1734 6 17 85
2746 6 17 74
988 6 17 67
2038 6 17 60
2257 6 17 53
2090 6 17 42
345 6 17 35
3402 6 17 27
3966 6 17 17
1751 6 17 12
2087 6 17 3
2014 6 18 83
3200 6 18 77
3495 6 18 66
1528 6 18 59
627 6 18 50
3753 6 18 42
3739 6 18 34
754 6 18 27
689 6 18 17
1498 6 18 12
2021 6 18 3
3040 6 19 82
2223 6 19 75
2212 6 19 69
2625 6 19 58
2700 6 19 52
2602 6 19 44
2096 6 19 36
793 6 19 24
512 6 19 16
186 6 19 10
352 6 19 1
542 7 1 79
2215 7 1 69
2406 7 1 58
3934 7 1 51
3787 7 1 42
3463 7 1 34
92 7 1 27
407 7 1 17
788 7 1 12
647 7 1 3
2791 7 3 76
1489 7 3 65
2195 7 3 56
306 7 3 48
1981 7 3 40
2655 7 3 28
1095 7 3 21
603 7 3 13
3740 7 3 3
159 7 4 76
3194 7 4 64
853 7 4 56
3464 7 4 47
2924 7 4 36
1965 7 4 23
136 7 4 18
658 7 4 8
3515 7 4 3
1265 7 6 97
3222 7 6 92
2843 7 6 83
1833 7 6 77
1676 7 6 66
1238 7 6 59
296 7 6 50
717 7 6 41
1785 7 6 35
1439 7 6 27
2 7 6 17
461 7 6 12
623 7 6 3
3939 7 8 96
916 7 8 90
1177 7 8 84
3567 7 8 77
1459 7 8 66
992 7 8 59
3406 7 8 49
1139 7 8 43
2959 7 8 36
1559 7 8 23
3634 7 8 17
584 7 8 11
1726 7 8 3
2468 7 10 96
278 7 10 90
3915 7 10 83
3453 7 10 76
2595 7 10 64
3664 7 10 55
3894 7 10 46
2530 7 10 40
654 7 10 28
151 7 10 21
390 7 10 13
3093 7 10 3
1451 7 12 96
149 7 12 90
2006 7 12 83
2447 7 12 76
2157 7 12 64
3423 7 12 55
3623 7 12 46
2128 7 12 40
1918 7 12 27
1753 7 12 16
2161 7 12 9
897 7 12 3
1306 7 13 96
3788 7 13 89
206 7 13 85
1207 7 13 74
99 7 13 67
794 7 13 60
961 7 13 53
355 7 13 42
1664 7 13 34
3710 7 13 26
3750 7 13 18
293 7 13 7
389 7 14 95
3030 7 14 88
2491 7 14 79
1386 7 14 68
1793 7 14 62
1345 7 14 51
2259 7 14 42
1517 7 14 34
3676 7 14 26
3299 7 14 18
30 7 14 7
1311 7 15 94
3574 7 15 87
3524 7 15 78
1414 7 15 68
495 7 15 62
729 7 15 50
2660 7 15 40
970 7 15 27
873 7 15 16
94 7 15 9
669 7 15 3
3809 8 1 93
3219 8 1 85
415 8 1 74
60 8 1 67
3341 8 1 59
2113 8 1 49
19 8 1 43
2813 8 1 36
1447 8 1 23
3573 8 1 17
3944 8 1 10
2747 8 1 2
2664 8 3 93
2075 8 3 85
1347 8 3 73
211 8 3 68
3398 8 3 61
2300 8 3 52
2284 8 3 44
334 8 3 36
2028 8 3 21
158 8 3 13
2669 8 3 3
2068 8 4 93
699 8 4 85
1126 8 4 72
2755 8 4 66
308 8 4 59
798 8 4 49
3551 8 4 42
1076 8 4 34
3232 8 4 26
1880 8 4 18
2269 8 4 6
685 8 6 93
89 8 6 85
783 8 6 72
105 8 6 66
2135 8 6 57
1378 8 6 50
132 8 6 40
239 8 6 27
491 8 6 16
3449 8 6 8
2753 8 6 3
139 8 17 93
2540 8 17 84
3160 8 17 77
1388 8 17 66
3283 8 17 56
2873 8 17 47
2869 8 17 36
266 8 17 21
3960 8 17 12
102 8 17 3
3407 8 19 92
1913 8 19 82
2024 8 19 75
1788 8 19 69
214 8 19 58
2948 8 19 51
1699 8 19 42
1241 8 19 33
205 8 19 28
2287 8 19 20
2780 8 19 10
2694 8 19 2
1900 9 1 92
20 9 1 82
164 9 1 75
1324 9 1 69
3494 9 1 57
1300 9 1 50
1670 9 1 39
2048 9 1 32
76 9 1 26
2754 9 1 17
2863 9 1 10
2393 9 1 2
1416 9 3 92
3164 9 3 81
668 9 3 74
2588 9 3 66
1248 9 3 56
2564 9 3 47
1412 9 3 36
3224 9 3 20
2219 9 3 10
922 9 3 2
1036 9 4 92
2999 9 4 81
470 9 4 74
2110 9 4 66
3856 9 4 55
2411 9 4 46
1519 9 4 40
2086 9 4 26
384 9 4 17
877 9 4 10
588 9 4 2
356 9 6 92
3878 9 6 80
3810 9 6 73
703 9 6 67
3139 9 6 59
746 9 6 49
3448 9 6 42
696 9 6 33
3811 9 6 27
529 9 6 15
3260 9 6 8
2445 9 6 3
1304 9 9 91
1641 9 9 83
1201 9 9 76
1953 9 9 64
3036 9 9 55
3715 9 9 45
2842 9 9 37
3537 9 9 29
1999 9 9 18
1329 9 9 6
1113 9 10 91
924 9 10 83
1142 9 10 76
3024 9 10 63
1767 9 10 54
3427 9 10 47
2919 9 10 35
3571 9 10 26
2939 9 10 16
2476 9 10 8
2415 9 10 3
975 9 11 91
2973 9 11 82
891 9 11 74
95 9 11 66
3355 9 11 54
2972 9 11 47
3184 9 11 34
3001 9 11 26
1665 9 11 16
2162 9 11 8
1293 9 11 3
876 9 12 91
2534 9 12 82
2430 9 12 73
2077 9 12 66
2647 9 12 54
2844 9 12 47
3442 9 12 33
3548 9 12 27
3424 9 12 14
1639 9 12 6
714 9 13 91
2054 9 13 82
1577 9 13 73
1361 9 13 66
2194 9 13 54
3883 9 13 46
1411 9 13 40
650 9 13 26
702 9 13 16
1901 9 13 8
3677 9 13 2
524 9 15 91
949 9 15 82
1507 9 15 73
3472 9 15 65
1468 9 15 56
1336 9 15 47
2449 9 15 33
2903 9 15 25
528 9 15 19
3958 9 15 10
3124 9 15 1
3782 9 17 90
3849 9 17 82
3493 9 17 72
3636 9 17 65
364 9 17 56
3404 9 17 46
1115 9 17 40
515 9 17 26
583 9 17 16
1889 9 17 8
2835 9 17 2
2091 9 19 90
3557 9 19 82
3922 9 19 71
706 9 19 63
2156 9 19 53
343 9 19 42
2887 9 19 32
6 9 19 26
2051 9 19 15
3063 9 19 8
2152 9 19 2
1815 10 1 90
2422 10 1 82
2139 10 1 71
3358 10 1 62
395 10 1 50
704 10 1 39
2816 10 1 31
2216 10 1 23
3243 10 1 17
3959 10 1 9
1635 10 1 1
117 10 3 90
1820 10 3 82
688 10 3 71
2885 10 3 62
3954 10 3 49
2986 10 3 41
1565 10 3 35
920 10 3 26
826 10 3 15
1644 10 3 7
2175 10 4 89
1333 10 4 84
2308 10 4 77
246 10 4 66
2182 10 4 54
1938 10 4 46
859 10 4 39
2493 10 4 31
2020 10 4 23
1085 10 4 17
1522 10 4 9
665 10 4 1
610 10 6 89
347 10 6 84
3096 10 6 76
1088 10 6 63
1213 10 6 53
103 10 6 42
2486 10 6 32
3606 10 6 25
22 10 6 19
3502 10 6 10
1508 10 6 2
49 10 9 88
1620 10 9 79
2637 10 9 67
1967 10 9 58
2196 10 9 51
721 10 9 42
1420 10 9 32
2389 10 9 25
3767 10 9 18
1233 10 9 6
3114 10 10 87
2439 10 10 78
153 10 10 68
2762 10 10 61
2126 10 10 52
1000 10 10 44
1493 10 10 34
2993 10 10 26
370 10 10 15
2822 10 10 6
2876 10 11 87
1959 10 11 78
2340 10 11 66
2238 10 11 52
127 10 11 44
1271 10 11 34
2591 10 11 26
3910 10 11 14
1120 10 11 6
1926 10 12 87
1064 10 12 78
1419 10 12 66
3875 10 12 51
258 10 12 42
914 10 12 32
2121 10 12 25
2453 10 12 18
243 10 12 6
457 10 13 87
778 10 13 78
1496 10 13 64
2327 10 13 55
1078 10 13 45
2608 10 13 37
2721 10 13 29
496 10 13 18
3496 10 13 5
3065 10 15 86
319 10 15 78
1471 10 15 64
1600 10 15 55
112 10 15 45
2173 10 15 37
1432 10 15 29
3633 10 15 17
1303 10 15 9
3608 10 15 1
1431 10 17 86
3760 10 17 77
3720 10 17 65
2142 10 17 55
2371 10 17 44
2810 10 17 33
2874 10 17 25
636 10 17 18
1384 10 17 5
997 10 19 86
2615 10 19 77
1383 10 19 65
3526 10 19 54
3190 10 19 45
3680 10 19 36
2604 10 19 20
933 10 19 10
3208 10 19 1
663 11 1 86
1075 11 1 77
2940 11 1 64
3838 11 1 54
1114 11 1 45
3523 11 1 36
335 11 1 20
725 11 1 10
2640 11 1 1
1515 11 3 85
208 11 3 71
2837 11 3 62
3669 11 3 49
2713 11 3 41
893 11 3 35
51 11 3 26
3206 11 3 13
947 11 3 3
2070 11 4 84
3076 11 4 76
995 11 4 63
679 11 4 53
2840 11 4 41
601 11 4 35
1679 11 4 25
3373 11 4 17
3445 11 4 8
1765 11 4 1
32 11 6 84
1118 11 6 76
2424 11 6 62
2797 11 6 49
2335 11 6 41
3872 11 6 34
1252 11 6 26
1059 11 6 13
568 11 6 3
2725 11 13 83
2210 11 13 75
3671 11 13 68
2419 11 13 60
411 11 13 53
1851 11 13 41
666 11 13 34
1221 11 13 26
925 11 13 12
956 11 13 2
1438 11 15 83
1516 11 15 75
1980 11 15 68
1975 11 15 60
980 11 15 52
3679 11 15 42
3135 11 15 31
579 11 15 23
836 11 15 17
2097 11 15 8
802 11 15 1
530 11 17 83
1428 11 17 75
2399 11 17 67
1626 11 17 58
282 11 17 51
1768 11 17 41
399 11 17 34
1020 11 17 26
510 11 17 12
749 11 17 2
1903 11 19 79
805 11 19 67
2329 11 19 57
3640 11 19 49
2105 11 19 41
2556 11 19 33
1777 11 19 25
2093 11 19 17
1133 11 19 8
210 11 19 1
1541 12 8 78
3205 12 8 63
1155 12 8 52
3471 12 8 42
2730 12 8 31
114 12 8 23
314 12 8 17
1096 12 8 8
388 12 9 78
2711 12 9 62
1923 12 9 49
1976 12 9 41
1943 12 9 33
651 12 9 25
1915 12 9 17
432 12 9 8
238 12 10 78
2069 12 10 62
1718 12 10 49
2683 12 10 40
3400 12 10 25
1704 12 10 17
3601 12 10 7
1954 12 11 75
2205 12 11 67
1787 12 11 57
3245 12 11 49
1450 12 11 40
2583 12 11 25
3707 12 11 16
1558 12 11 8
3405 12 12 74
1435 12 12 65
1296 12 12 54
604 12 12 45
2732 12 12 36
3834 12 12 17
3020 12 12 7
1696 12 13 71
2129 12 13 62
2305 12 13 48
1186 12 13 40
3673 12 13 23
3615 12 13 16
824 12 13 8
1966 12 15 69
2286 12 15 57
3242 12 15 49
1332 12 15 40
126 12 15 23
2820 12 15 16
3540 12 15 7
1381 12 17 67
768 12 17 57
292 12 17 49
774 12 17 40
1398 12 17 21
3066 12 17 12
449 12 17 2
3037 13 0 52
3064 13 0 42
1028 13 0 31
1834 13 0 22
2677 13 0 12
2098 13 0 1
2765 13 1 51
1461 13 1 41
1047 13 1 33
3315 13 1 24
3344 13 1 15
1990 13 1 6
2197 13 2 93
2380 13 2 84
1993 13 2 75
2066 13 2 67
171 13 2 57
288 13 2 49
556 13 2 40
2158 13 2 16
3088 13 2 7
3455 13 3 92
3345 13 3 79
2994 13 3 65
928 13 3 54
2600 13 3 44
589 13 3 33
2378 13 3 24
497 13 3 15
1945 13 3 6
1907 13 4 92
2490 13 4 79
1237 13 4 65
543 13 4 54
1387 13 4 44
426 13 4 33
2063 13 4 24
3151 13 4 14
2127 13 4 5
3717 13 5 91
71 13 5 82
3773 13 5 69
1987 13 5 57
3790 13 5 48
3926 13 5 39
2132 13 5 30
1181 13 5 21
2832 13 5 12
3561 13 6 91
2088 13 6 80
3069 13 6 73
2446 13 6 65
3235 13 6 53
1240 13 6 41
494 13 6 33
3128 13 6 23
2799 13 6 16
1710 13 6 7
3156 13 7 91
3153 13 7 79
775 13 7 65
2441 13 7 53
373 13 7 41
3143 13 7 32
884 13 7 25
1970 13 7 16
1205 13 7 7
1299 13 8 91
3288 13 8 78
860 13 8 60
804 13 8 52
2892 13 8 42
942 13 8 31
3657 13 8 21
2131 13 8 12
1068 13 9 91
3262 13 9 78
3956 13 9 59
2136 13 9 48
3382 13 9 39
3294 13 9 29
1040 13 9 17
2733 13 9 7
436 13 10 91
1367 13 10 78
2475 13 10 57
3415 13 10 48
1505 13 10 39
2461 13 10 29
479 13 10 17
1607 13 10 7
452 13 11 90
1683 13 11 82
3497 13 11 69
2774 13 11 56
2366 13 11 46
3617 13 11 38
1318 13 11 29
462 13 11 17
1393 13 11 7
644 13 12 89
3077 13 12 83
1089 13 12 75
1874 13 12 67
3444 13 12 56
1339 13 12 46
1395 13 12 38
1249 13 12 29
358 13 12 17
565 13 12 7
2361 13 13 88
2252 13 13 78
1840 13 13 57
1527 13 13 48
309 13 13 39
2177 13 13 29
2001 13 13 16
3955 13 13 6
1647 13 15 88
1308 13 15 78
2537 13 15 55
2154 13 15 44
232 13 15 33
1406 13 15 23
3763 13 15 15
759 13 15 6
3768 13 17 87
44 13 17 78
195 13 17 55
2344 13 17 43
216 13 17 36
3104 13 17 17
274 13 17 7
3473 13 18 87
3609 13 18 77
2037 13 18 64
1595 13 18 54
1363 13 18 44
3501 13 18 32
2228 13 18 24
3119 13 18 14
2052 13 18 5
2955 13 19 87
2211 13 19 77
1596 13 19 64
1540 13 19 53
9 13 19 41
3008 13 19 31
3592 13 19 20
3182 13 19 9
2815 14 0 87
1836 14 0 77
1529 14 0 64
1328 14 0 53
3684 14 0 40
3306 14 0 15
3781 14 0 5
816 14 15 87
691 14 15 77
2240 14 15 63
1935 14 15 51
1518 14 15 40
2610 14 15 8
269 14 17 87
617 14 17 77
1245 14 17 63
1269 14 17 50
3051 14 17 38
3317 14 17 28
3422 14 17 19
3230 14 17 10
1352 14 18 86
1357 14 18 76
2003 14 18 62
2171 14 18 48
85 14 18 39
1124 14 18 29
3703 14 18 15
2855 14 18 5
1883 14 19 85
3126 14 19 70
1952 14 19 61
17 14 19 52
585 14 19 42
3202 14 19 30
3891 14 19 20
2750 14 19 9
1867 15 0 85
2271 15 0 69
2264 15 0 56
926 15 0 46
281 15 0 38
2336 15 0 28
2143 15 0 19
2958 15 0 10
820 15 2 85
3846 15 2 67
1346 15 2 56
2423 15 2 45
1354 15 2 36
3452 15 2 16
3363 15 2 6
2662 15 3 84
856 15 3 75
587 15 3 67
2112 15 3 55
2313 15 3 43
3598 15 3 35
1226 15 3 25
1033 15 3 16
2341 15 3 6
1509 15 4 84
420 15 4 75
3359 15 4 66
2349 15 4 50
2594 15 4 37
671 15 4 29
3666 15 4 14
934 15 4 5
1462 15 5 84
3629 15 5 74
828 15 5 65
1614 15 5 53
762 15 5 40
3272 15 5 28
1775 15 5 19
2742 15 5 10
115 15 6 84
2929 15 6 74
709 15 6 65
3925 15 6 52
467 15 6 42
2682 15 6 29
3612 15 6 14
2698 15 6 4
2756 15 7 81
386 15 7 74
3338 15 7 64
735 15 7 53
2639 15 7 38
1405 15 7 28
1402 15 7 19
2221 15 7 10
2355 15 8 81
575 15 8 73
731 15 8 65
3699 15 8 52
3296 15 8 41
1353 15 8 31
2144 15 8 20
2273 15 8 9
34 15 9 81
3414 15 9 72
2933 15 9 65
1651 15 9 52
1159 15 9 41
1338 15 9 31
1798 15 9 20
2147 15 9 9
2198 15 10 80
2786 15 10 73
2741 15 10 64
187 15 10 53
1985 15 10 38
1210 15 10 28
1344 15 10 19
1654 15 10 10
3326 15 11 79
1781 15 11 64
3274 15 11 52
3426 15 11 40
1637 15 11 28
534 15 11 19
1084 15 11 10
3196 15 12 79
1236 15 12 64
3099 15 12 52
2687 15 12 40
1058 15 12 28
2628 15 12 18
814 15 12 5
2941 15 13 79
1191 15 13 64
1896 15 13 52
1314 15 13 40
999 15 13 28
1864 15 13 18
1211 15 13 4
3459 15 15 78
2710 15 15 52
337 15 15 40
3761 15 15 27
1307 15 15 14
1956 15 15 4
2751 16 0 78
2047 16 0 48
3223 16 0 38
1675 16 0 27
972 16 0 14
1872 16 0 4
1601 16 2 78
3210 16 2 62
236 16 2 47
1199 16 2 33
3880 16 2 22
943 16 2 12
796 16 3 78
1046 16 3 62
2736 16 3 46
3270 16 3 37
600 16 3 29
2890 16 3 14
1136 16 3 4
549 16 15 77
3916 16 15 61
1342 16 15 51
2666 16 15 39
2258 16 15 27
3965 16 15 13
450 16 15 3
3189 16 16 76
586 16 16 62
3342 16 16 45
231 16 16 36
369 16 16 16
351 16 16 6
1712 16 17 76
2116 16 17 61
3388 16 17 50
1795 16 17 37
2533 16 17 28
1499 16 17 18
437 16 17 4
1511 16 18 76
1320 16 18 61
3261 16 18 50
267 16 18 37
870 16 18 28
1410 16 18 18
3061 16 18 3
1134 16 19 75
1648 16 19 66
2456 16 19 48
138 16 19 37
2983 16 19 27
948 16 19 13
2970 16 19 2
144 17 0 75
979 17 0 66
2404 17 0 48
2789 17 0 36
1148 17 0 8
3624 17 2 74
2321 17 2 64
681 17 2 51
1272 17 2 39
581 17 2 27
3595 17 2 12
3368 17 3 73
1140 17 3 64
2083 17 3 50
2058 17 3 36
3290 17 3 3
2650 17 5 73
1119 17 5 64
1289 17 5 50
3258 17 5 34
3678 17 5 25
294 17 5 16
349 17 5 6
1408 17 6 73
904 17 6 64
2005 17 6 49
527 17 6 40
87 17 6 27
2362 17 6 12
285 17 7 67
1655 17 7 53
1546 17 7 38
1605 17 7 27
1703 17 7 12
3048 17 8 63
851 17 8 50
1599 17 8 34
1166 17 8 25
2599 17 8 15
434 17 8 5
3705 17 9 45
3487 17 9 35
3307 17 9 24
1421 17 9 14
493 17 9 4
3597 17 10 91
1043 17 10 78
3228 17 10 61
2382 17 10 50
1653 17 10 33
3628 17 10 22
3098 17 10 11
3499 17 11 90
573 17 11 82
1729 17 11 69
1400 17 11 55
1098 17 11 43
2557 17 11 35
905 17 11 24
1143 17 11 14
3584 17 11 3
2331 17 12 90
2785 17 12 81
2895 17 12 72
2761 17 12 65
125 17 12 52
109 17 12 40
3521 17 12 26
331 17 12 11
1895 17 13 90
173 17 13 81
2080 17 13 72
1520 17 13 65
2100 17 13 51
453 17 13 39
3002 17 13 26
1786 17 13 8
1427 17 15 90
2498 17 15 80
2728 17 15 73
54 17 15 64
1733 17 15 48
2418 17 15 36
944 17 15 2
882 17 16 90
2443 17 16 80
2002 17 16 73
430 17 16 63
141 17 16 50
993 17 16 33
2997 17 16 22
1561 17 16 11
2012 17 17 89
2915 17 17 83
2062 17 17 74
2082 17 17 64
2900 17 17 46
2452 17 17 37
2670 17 17 26
3745 17 17 7
37 17 18 89
1629 17 18 83
1964 17 18 73
256 17 18 63
3748 17 18 49
441 17 18 40
2731 17 18 26
1258 17 18 7
3937 17 19 88
642 17 19 78
1008 17 19 61
2909 17 19 48
2310 17 19 36
2651 17 19 23
608 17 19 15
116 17 19 5
3656 18 0 88
3087 18 0 77
3569 18 0 60
3919 18 0 51
3305 18 0 38
3397 18 0 26
322 18 0 7
2644 18 2 88
2593 18 2 77
69 18 2 60
1476 18 2 51
772 18 2 38
2450 18 2 26
1219 18 2 6
2642 18 3 88
2508 18 3 77
2357 18 3 59
866 18 3 48
1950 18 3 36
2164 18 3 23
346 18 3 15
2880 18 3 4
1742 18 5 88
1012 18 5 77
264 18 5 56
2208 18 5 45
2209 18 5 35
1689 18 5 23
160 18 5 15
2692 18 5 4
776 18 6 88
2245 18 6 76
3747 18 6 60
1164 18 6 51
687 18 6 38
1624 18 6 26
3831 18 6 3
708 19 0 87
3491 19 0 76
3792 19 0 59
1633 19 0 47
1003 19 0 33
2598 19 0 22
1167 19 0 11
1575 19 2 85
1616 19 2 67
1413 19 2 51
368 19 2 38
1539 19 2 26
2278 19 2 3
468 19 3 85
3724 19 3 66
276 19 3 44
3749 19 3 31
1372 19 3 20
1621 19 3 9
1856 19 5 83
3045 19 5 72
1215 19 5 65
363 19 5 51
154 19 5 38
1194 19 5 26
2724 19 5 2
1841 19 6 83
2904 19 6 72
3632 19 6 64
3765 19 6 45
2071 19 6 35
1407 19 6 23
42 19 6 15
2092 19 6 4
375 19 8 83
3023 19 8 71
1839 19 8 62
736 19 8 45
994 19 8 35
3349 19 8 22
265 19 8 11
261 19 9 83
2427 19 9 71
2681 19 9 61
3877 19 9 47
3805 19 9 32
1826 19 9 24
3060 19 9 13
2953 19 9 2
3451 19 10 82
697 19 10 68
3563 19 10 59
1242 19 10 47
744 19 10 32
596 19 10 24
3050 19 10 13
2877 19 10 2
2960 19 11 82
2819 19 11 66
97 19 11 44
3324 19 11 31
2272 19 11 19
631 19 11 10
235 19 12 82
1424 19 12 66
3375 19 12 41
865 19 12 31
104 19 12 19
2055 19 12 9
1659 19 13 80
1848 19 13 73
5 19 13 62
3544 19 13 44
939 19 13 31
33 19 13 19
531 19 13 9
2566 19 14 79
423 19 14 64
624 19 14 44
218 19 14 31
3340 19 14 18
1337 19 14 2
1107 19 15 79
1720 19 15 63
3599 19 15 49
280 19 15 39
67 19 15 26
1409 19 15 15
3123 19 15 3
652 19 16 77
234 19 16 53
1144 19 16 38
3890 19 16 25
734 19 16 15
2976 19 16 2
1183 19 17 74
2451 19 17 63
1581 19 17 49
1724 19 17 37
1940 19 17 26
683 19 17 15
1971 19 17 2
275 19 18 74
191 19 18 63
3879 19 18 48
2150 19 18 35
1553 19 18 22
2862 19 18 10
2850 19 19 72
329 19 19 64
692 19 19 43
580 19 19 35
1321 19 19 22
2657 19 19 10
