2737
3367 0 0 99
4912 0 0 97
4091 0 0 94
1174 0 0 91
3751 0 0 87
3518 0 0 83
4929 0 0 79
4452 0 0 77
2585 0 0 72
583 0 0 70
3078 0 0 67
1366 0 0 65
4154 0 0 62
4908 0 0 58
1231 0 0 56
4376 0 0 54
718 0 0 52
1991 0 0 49
4894 0 0 46
3580 0 0 44
3121 0 0 41
3675 0 0 39
533 0 0 36
1796 0 0 33
4463 0 0 29
4672 0 0 26
3263 0 0 23
3603 0 0 20
3748 0 0 16
4459 0 0 13
97 0 0 11
2386 0 0 7
3965 0 0 4
1639 0 1 97
3711 0 1 94
449 0 1 91
2447 0 1 87
1849 0 1 83
372 0 1 79
1548 0 1 77
1443 0 1 72
795 0 1 68
360 0 1 66
3489 0 1 63
2194 0 1 61
4675 0 1 58
4349 0 1 55
2142 0 1 51
4516 0 1 48
3478 0 1 46
4665 0 1 43
4932 0 1 41
3487 0 1 38
4276 0 1 35
2498 0 1 32
3676 0 1 30
3850 0 1 28
1257 0 1 24
3563 0 1 20
3660 0 1 16
1946 0 1 13
3130 0 1 10
2814 0 1 8
541 0 1 5
45 0 1 2
774 0 2 97
4465 0 2 93
2032 0 2 91
1833 0 2 87
1687 0 2 83
791 0 2 78
3545 0 2 76
2553 0 2 73
4612 0 2 71
892 0 2 69
1862 0 2 66
2693 0 2 63
3241 0 2 60
4268 0 2 58
4201 0 2 54
2539 0 2 51
605 0 2 48
2505 0 2 46
1154 0 2 43
88 0 2 40
4515 0 2 38
3268 0 2 34
695 0 2 32
41 0 2 29
1897 0 2 26
2583 0 2 22
4702 0 2 20
1400 0 2 16
1580 0 2 13
2848 0 2 10
2146 0 2 7
1432 0 2 4
4344 0 3 96
2203 0 3 92
3696 0 3 87
1170 0 3 83
444 0 3 78
4258 0 3 75
3093 0 3 73
147 0 3 71
2102 0 3 68
4337 0 3 65
2687 0 3 61
4588 0 3 58
3777 0 3 54
3673 0 3 50
4863 0 3 46
3356 0 3 42
3723 0 3 39
3733 0 3 34
2187 0 3 31
2541 0 3 28
4107 0 3 23
2419 0 3 20
1973 0 3 15
4060 0 3 12
3712 0 3 9
2840 0 3 5
4971 0 3 1
3704 0 4 96
4753 0 4 91
1549 0 4 87
3614 0 4 82
723 0 4 80
3932 0 4 77
1292 0 4 72
4591 0 4 67
3086 0 4 64
1179 0 4 62
2337 0 4 58
1717 0 4 54
1070 0 4 50
4351 0 4 46
1199 0 4 42
3641 0 4 37
3472 0 4 35
1468 0 4 32
3265 0 4 28
3327 0 4 23
4585 0 4 19
836 0 4 16
3666 0 4 12
618 0 4 9
4623 0 4 4
2394 0 5 95
2902 0 5 92
3095 0 5 87
2402 0 5 82
3551 0 5 78
3525 0 5 75
4921 0 5 72
1162 0 5 67
2212 0 5 64
4049 0 5 61
2659 0 5 58
1787 0 5 53
74 0 5 50
4240 0 5 46
2874 0 5 40
4618 0 5 37
2956 0 5 34
542 0 5 31
3072 0 5 27
4674 0 5 25
4581 0 5 21
4708 0 5 18
540 0 5 15
4910 0 5 11
27 0 5 7
58 0 5 4
1969 0 6 95
1064 0 6 92
1535 0 6 87
1178 0 6 82
4045 0 6 77
616 0 6 72
3482 0 6 66
3207 0 6 62
2269 0 6 58
615 0 6 53
1273 0 6 49
3088 0 6 46
599 0 6 40
1805 0 6 37
2168 0 6 34
216 0 6 30
3916 0 6 26
2751 0 6 21
3497 0 6 18
991 0 6 14
2121 0 6 10
2904 0 6 6
4343 0 6 3
1453 0 7 95
4606 0 7 91
692 0 7 87
1113 0 7 82
3742 0 7 77
1654 0 7 71
1076 0 7 68
1442 0 7 65
575 0 7 61
3866 0 7 57
2414 0 7 55
3795 0 7 50
4442 0 7 45
3113 0 7 42
3607 0 7 37
2004 0 7 34
4279 0 7 29
2960 0 7 25
2367 0 7 21
1683 0 7 18
4727 0 7 13
4312 0 7 8
522 0 7 5
1628 0 7 1
561 0 8 95
3082 0 8 91
4895 0 8 86
87 0 8 84
555 0 8 80
3358 0 8 76
3701 0 8 72
3855 0 8 65
548 0 8 61
3883 0 8 56
571 0 8 53
931 0 8 49
3843 0 8 43
4871 0 8 39
1031 0 8 34
4125 0 8 29
1643 0 8 25
1626 0 8 21
1274 0 8 18
4221 0 8 13
3976 0 8 8
570 0 8 4
4293 0 9 94
79 0 9 91
3737 0 9 86
2407 0 9 83
167 0 9 78
96 0 9 75
969 0 9 72
3284 0 9 65
142 0 9 61
3161 0 9 56
4124 0 9 52
1725 0 9 49
3054 0 9 43
2060 0 9 39
1018 0 9 34
1792 0 9 29
1348 0 9 25
728 0 9 21
765 0 9 18
1067 0 9 13
3950 0 9 8
363 0 9 4
2662 0 10 94
4043 0 10 90
3301 0 10 88
3453 0 10 84
973 0 10 79
4961 0 10 76
1810 0 10 72
2478 0 10 65
4765 0 10 60
3579 0 10 56
2391 0 10 52
4473 0 10 48
957 0 10 45
4810 0 10 41
906 0 10 38
3951 0 10 33
716 0 10 29
1296 0 10 25
4794 0 10 20
1528 0 10 15
4483 0 10 11
2670 0 10 6
2204 0 10 3
1421 0 11 94
3442 0 11 89
3420 0 11 87
371 0 11 82
2055 0 11 77
4876 0 11 70
4647 0 11 66
3067 0 11 62
1649 0 11 58
486 0 11 53
4320 0 11 47
2357 0 11 44
429 0 11 40
927 0 11 37
4643 0 11 33
188 0 11 29
806 0 11 25
3106 0 11 20
1919 0 11 14
3401 0 11 9
4503 0 11 4
536 0 12 94
2661 0 12 89
3094 0 12 87
106 0 12 82
1138 0 12 77
840 0 12 70
4111 0 12 66
2870 0 12 62
4192 0 12 57
4730 0 12 54
228 0 12 50
4167 0 12 45
309 0 12 41
3949 0 12 37
3586 0 12 33
1545 0 12 28
2034 0 12 23
4287 0 12 19
319 0 12 15
2383 0 12 11
690 0 12 6
1233 0 12 3
491 0 13 94
420 0 13 89
3474 0 13 86
4244 0 13 82
1073 0 13 77
3293 0 13 69
3156 0 13 65
923 0 13 60
1284 0 13 56
1999 0 13 51
2303 0 13 47
2581 0 13 43
636 0 13 39
594 0 13 34
885 0 13 29
529 0 13 25
1896 0 13 20
1346 0 13 14
2046 0 13 9
4418 0 13 4
3147 0 14 93
3628 0 14 90
2576 0 14 87
4717 0 14 81
2519 0 14 78
4546 0 14 74
2850 0 14 71
4687 0 14 67
1287 0 14 63
1890 0 14 60
118 0 14 56
1451 0 14 51
912 0 14 47
528 0 14 43
531 0 14 39
562 0 14 34
4770 0 14 28
1376 0 14 23
3773 0 14 19
230 0 14 15
1584 0 14 11
2815 0 14 5
627 0 14 1
2157 0 15 93
2793 0 15 89
1000 0 15 86
604 0 15 82
4540 0 15 76
4870 0 15 71
939 0 15 67
1277 0 15 63
4128 0 15 59
4200 0 15 56
4084 0 15 50
3700 0 15 45
4558 0 15 40
4356 0 15 36
234 0 15 33
4677 0 15 27
1788 0 15 24
772 0 15 20
352 0 15 14
3934 0 15 8
2421 0 15 3
4261 0 16 92
864 0 16 87
4372 0 16 81
2214 0 16 78
3264 0 16 74
2028 0 16 71
1619 0 16 66
1798 0 16 62
1590 0 16 57
2985 0 16 53
4273 0 16 47
2685 0 16 42
2518 0 16 37
3043 0 16 33
4601 0 16 27
24 0 16 24
3229 0 16 19
1607 0 16 14
65 0 16 8
2181 0 16 3
3334 0 17 92
248 0 17 87
3458 0 17 81
4948 0 17 77
2605 0 17 69
2238 0 17 65
2769 0 17 59
4063 0 17 55
3646 0 17 50
1502 0 17 45
2344 0 17 40
3215 0 17 36
3840 0 17 32
183 0 17 28
4752 0 17 22
4703 0 17 19
1431 0 17 14
4469 0 17 7
3716 0 17 3
2359 0 18 92
4539 0 18 86
4052 0 18 81
4809 0 18 77
1139 0 18 69
3771 0 18 63
3212 0 18 59
3637 0 18 55
1704 0 18 50
484 0 18 45
2185 0 18 40
1680 0 18 35
2592 0 18 31
4925 0 18 26
4058 0 18 20
2544 0 18 13
3484 0 18 8
1198 0 18 3
1920 0 19 92
3769 0 19 86
3326 0 19 81
4661 0 19 77
4300 0 19 68
496 0 19 65
3844 0 19 58
64 0 19 53
2289 0 19 47
1944 0 19 42
710 0 19 36
3096 0 19 32
4885 0 19 27
3657 0 19 22
450 0 19 19
492 0 19 14
2775 0 19 7
4417 0 19 2
1413 2 0 92
1514 2 0 86
2762 2 0 81
2851 2 0 77
3045 2 0 68
452 2 0 65
1703 2 0 58
1229 2 0 52
3775 2 0 48
2225 2 0 44
128 2 0 40
498 2 0 35
1629 2 0 31
4560 2 0 25
1204 2 0 20
1419 2 0 13
1989 2 0 8
471 2 0 3
4949 2 1 91
2129 2 1 86
4594 2 1 80
2125 2 1 76
4055 2 1 71
1043 2 1 66
1085 2 1 62
427 2 1 57
2556 2 1 53
1697 2 1 47
1171 2 1 42
4744 2 1 35
4739 2 1 30
2825 2 1 26
3639 2 1 20
191 2 1 13
3967 2 1 7
4007 2 1 2
501 2 2 91
1589 2 2 86
4590 2 2 80
1821 2 2 76
1825 2 2 71
3181 2 2 65
4834 2 2 57
1489 2 2 53
1467 2 2 47
2860 2 2 41
1753 2 2 37
3632 2 2 32
4368 2 2 27
3339 2 2 22
4397 2 2 18
4541 2 2 12
2438 2 2 8
3801 2 2 2
3814 2 3 90
4402 2 3 86
3102 2 3 80
4755 2 3 75
2566 2 3 70
2964 2 3 66
233 2 3 62
1543 2 3 56
3491 2 3 50
4724 2 3 44
4692 2 3 39
3810 2 3 33
4236 2 3 27
3129 2 3 22
4364 2 3 18
3824 2 3 12
3007 2 3 7
3530 2 3 2
3248 2 4 90
3440 2 4 86
2039 2 4 80
3081 2 4 75
653 2 4 70
1371 2 4 66
2584 2 4 61
3053 2 4 56
3105 2 4 50
4508 2 4 44
2683 2 4 39
3671 2 4 33
2529 2 4 27
2018 2 4 22
4819 2 4 17
2352 2 4 13
2923 2 4 7
318 2 4 2
483 2 6 90
1845 2 6 86
1565 2 6 80
162 2 6 75
85 2 6 70
288 2 6 66
1765 2 6 61
650 2 6 56
2952 2 6 50
3118 2 6 44
285 2 6 39
733 2 6 33
4360 2 6 26
2837 2 6 20
47 2 6 13
2523 2 6 7
4940 2 6 1
4582 2 7 88
4587 2 7 83
4657 2 7 77
2873 2 7 68
4959 2 7 64
3577 2 7 60
2785 2 7 55
3871 2 7 49
2644 2 7 43
4284 2 7 38
3670 2 7 33
3231 2 7 26
2503 2 7 20
4348 2 7 12
181 2 7 7
4220 2 7 1
4406 2 8 88
4434 2 8 83
4030 2 8 77
2867 2 8 68
4888 2 8 64
2673 2 8 60
1513 2 8 55
2921 2 8 49
2466 2 8 43
2013 2 8 38
1636 2 8 33
2091 2 8 26
1039 2 8 20
4302 2 8 12
3592 2 8 6
465 2 8 3
3849 2 9 88
4294 2 9 83
1617 2 9 77
1583 2 9 68
4385 2 9 64
1099 2 9 59
4783 2 9 54
3983 2 9 49
1460 2 9 43
4938 2 9 37
2623 2 9 32
3738 2 9 27
100 2 9 22
4371 2 9 17
2148 2 9 13
419 2 9 7
3877 2 9 1
3276 2 10 88
3471 2 10 83
349 2 10 77
3251 2 10 67
4676 2 10 62
659 2 10 56
2484 2 10 50
1041 2 10 44
4565 2 10 38
4556 2 10 32
159 2 10 27
2880 2 10 21
2926 2 10 17
4821 2 10 11
2666 2 10 5
578 2 10 1
1323 2 12 88
1219 2 12 83
3087 2 12 76
879 2 12 71
2731 2 12 65
2328 2 12 57
805 2 12 53
178 2 12 47
2019 2 12 41
750 2 12 37
1962 2 12 32
68 2 12 27
1007 2 12 21
3561 2 12 15
3299 2 12 10
1165 2 12 6
3915 2 12 2
4521 2 13 86
4145 2 13 79
4816 2 13 76
4937 2 13 70
3562 2 13 65
2198 2 13 57
652 2 13 53
4383 2 13 46
4509 2 13 39
4812 2 13 32
4118 2 13 26
983 2 13 20
4093 2 13 12
2907 2 13 6
1752 2 13 2
3467 2 14 86
2271 2 14 79
1328 2 14 76
4025 2 14 70
3084 2 14 65
3190 2 14 56
1955 2 14 50
846 2 14 44
4506 2 14 38
3743 2 14 32
3588 2 14 26
601 2 14 20
3992 2 14 12
1208 2 14 6
995 2 14 2
510 2 15 86
1708 2 15 79
299 2 15 76
3651 2 15 70
2945 2 15 65
2423 2 15 56
1627 2 15 50
274 2 15 44
3800 2 15 38
1983 2 15 32
4538 2 15 25
198 2 15 20
3718 2 15 12
759 2 15 6
1681 2 15 1
2514 2 16 85
4381 2 16 82
1698 2 16 76
1098 2 16 70
242 2 16 65
1053 2 16 56
1260 2 16 50
4829 2 16 43
4893 2 16 37
1802 2 16 32
2893 2 16 25
3869 2 16 19
4897 2 16 13
127 2 16 7
1234 2 16 1
2156 2 17 85
2788 2 17 82
1182 2 17 76
1001 2 17 70
120 2 17 65
4958 2 17 55
2722 2 17 49
3937 2 17 42
4175 2 17 35
1948 2 17 30
1865 2 17 26
3974 2 17 19
3697 2 17 13
4882 2 17 6
1232 2 17 1
1718 2 18 84
4216 2 18 78
1306 2 18 74
1375 2 18 71
2044 2 18 65
1622 2 18 55
4071 2 18 48
2059 2 18 44
3527 2 18 38
2095 2 18 31
3469 2 18 25
3724 2 18 19
3001 2 18 13
4824 2 18 6
742 2 18 1
1083 2 19 84
3189 2 19 78
4218 2 19 73
3583 2 19 70
104 2 19 65
1133 2 19 55
3363 2 19 48
4953 2 19 43
4314 2 19 37
1436 2 19 32
2890 2 19 25
672 2 19 19
1582 2 19 13
3672 2 19 6
366 2 19 1
3848 3 0 83
2752 3 0 76
3554 3 0 69
2967 3 0 63
1123 3 0 59
3504 3 0 53
4170 3 0 46
4389 3 0 39
1799 3 0 32
1518 3 0 25
858 3 0 18
3278 3 0 12
544 3 0 6
1505 3 1 82
851 3 1 76
2258 3 1 69
2828 3 1 63
244 3 1 59
3398 3 1 53
3736 3 1 46
2779 3 1 39
1758 3 1 32
229 3 1 25
4714 3 1 17
4678 3 1 11
1249 3 1 5
3325 3 2 81
2654 3 2 77
2160 3 2 67
4103 3 2 62
153 3 2 56
1209 3 2 50
4132 3 2 43
1938 3 2 37
609 3 2 32
154 3 2 25
1930 3 2 17
1612 3 2 11
1141 3 2 5
2461 3 3 81
2299 3 3 76
1439 3 3 69
2298 3 3 63
4795 3 3 58
4241 3 3 51
4650 3 3 46
2579 3 3 39
35 3 3 32
4922 3 3 24
2452 3 3 19
736 3 3 13
3626 3 3 6
988 3 4 81
1050 3 4 76
4891 3 4 68
1990 3 4 64
729 3 4 59
2640 3 4 53
3574 3 4 46
589 3 4 39
4395 3 4 31
3126 3 4 25
891 3 4 17
373 3 4 11
94 3 4 5
4134 3 6 79
99 3 6 76
4697 3 6 68
4440 3 6 62
1939 3 6 54
3203 3 6 49
3517 3 6 42
3557 3 6 35
2145 3 6 29
2990 3 6 24
1510 3 6 19
4598 3 6 12
2677 3 6 5
2653 3 7 79
4211 3 7 75
4738 3 7 69
2237 3 7 63
1062 3 7 58
3770 3 7 51
2739 3 7 46
4742 3 7 38
1710 3 7 31
2810 3 7 25
832 3 7 17
148 3 7 11
4758 3 7 4
2822 3 8 78
613 3 8 73
1777 3 8 70
4578 3 8 64
3480 3 8 58
2950 3 8 51
2500 3 8 46
3981 3 8 38
4751 3 8 30
1646 3 8 26
3303 3 8 19
4419 3 8 12
1894 3 8 5
3774 3 9 74
801 3 9 70
4308 3 9 64
1811 3 9 58
1299 3 9 51
2379 3 9 46
3539 3 9 38
3683 3 9 30
967 3 9 26
2694 3 9 19
3677 3 9 12
2342 3 9 4
1261 3 10 62
857 3 10 54
1635 3 10 49
2965 3 10 42
2601 3 10 35
1742 3 10 29
2175 3 10 24
1359 3 10 19
350 3 10 11
3908 3 10 4
4688 3 12 97
3699 3 12 93
4098 3 12 88
673 3 12 83
2412 3 12 76
3625 3 12 68
3927 3 12 62
581 3 12 54
2844 3 12 48
4950 3 12 43
1250 3 12 37
73 3 12 32
4104 3 12 24
1049 3 12 19
4968 3 12 10
1311 3 12 5
1058 3 13 97
1556 3 13 93
3030 3 13 88
3894 3 13 82
448 3 13 76
2582 3 13 68
2597 3 13 62
308 3 13 54
2247 3 13 48
4533 3 13 43
4095 3 13 36
359 3 13 32
1564 3 13 24
943 3 13 19
3601 3 13 10
395 3 13 5
2611 3 14 96
4444 3 14 91
4292 3 14 85
1659 3 14 81
744 3 14 76
2268 3 14 68
2235 3 14 62
3621 3 14 53
2365 3 14 46
2568 3 14 38
3289 3 14 30
682 3 14 26
1310 3 14 19
2911 3 14 10
3661 3 14 4
1647 3 15 96
3109 3 15 91
4198 3 15 85
837 3 15 81
4874 3 15 75
2645 3 15 69
2217 3 15 63
3370 3 15 57
3942 3 15 52
412 3 15 48
3813 3 15 43
3259 3 15 36
4549 3 15 31
2158 3 15 25
642 3 15 17
3411 3 15 10
3407 3 15 4
904 3 16 96
1525 3 16 91
3437 3 16 85
776 3 16 81
3157 3 16 75
1700 3 16 69
2221 3 16 62
2507 3 16 53
466 3 16 46
1964 3 16 38
3240 3 16 30
4710 3 16 25
4289 3 16 16
2924 3 16 12
649 3 16 4
4044 3 17 94
38 3 17 89
4695 3 17 85
4257 3 17 80
2698 3 17 74
4 3 17 70
3388 3 17 64
678 3 17 58
394 3 17 51
1667 3 17 46
1061 3 17 38
2341 3 17 30
2548 3 17 25
3995 3 17 16
3186 3 17 11
3309 3 17 4
3499 3 18 94
1928 3 18 88
2675 3 18 82
91 3 18 76
1918 3 18 68
407 3 18 62
3402 3 18 52
3223 3 18 47
880 3 18 41
342 3 18 37
4715 3 18 31
2024 3 18 25
3225 3 18 16
2861 3 18 11
3237 3 18 4
1815 3 19 94
1240 3 19 88
902 3 19 82
3536 3 19 75
1529 3 19 69
849 3 19 62
1679 3 19 52
2574 3 19 47
4830 3 19 40
3148 3 19 34
2083 3 19 28
4505 3 19 22
4148 3 19 17
2468 3 19 10
3122 3 19 4
911 4 4 93
170 4 4 88
3865 4 4 81
2790 4 4 75
4609 4 4 68
2108 4 4 61
4855 4 4 55
3318 4 4 48
1446 4 4 43
2935 4 4 36
474 4 4 31
1591 4 4 25
2097 4 4 16
993 4 4 11
2914 4 4 4
4899 4 6 92
808 4 6 86
1131 4 6 79
3192 4 6 75
4511 4 6 68
345 4 6 61
4061 4 6 55
3283 4 6 48
1395 4 6 43
2424 4 6 36
3428 4 6 30
4100 4 6 24
853 4 6 19
4046 4 6 9
2879 4 6 4
3169 4 10 92
3705 4 10 85
4159 4 10 80
4757 4 10 73
2123 4 10 68
4295 4 10 60
3391 4 10 53
439 4 10 46
1059 4 10 38
2786 4 10 29
4206 4 10 23
2361 4 10 19
3998 4 10 9
2031 4 10 4
802 4 12 92
3587 4 12 85
33 4 12 80
1114 4 12 73
4884 4 12 67
2451 4 12 62
4896 4 12 51
1245 4 12 46
958 4 12 38
2287 4 12 29
4073 4 12 23
4754 4 12 18
2311 4 12 12
4255 4 12 3
4532 5 0 91
1010 5 0 85
4501 5 0 79
1474 5 0 75
3230 5 0 68
4136 5 0 60
3298 5 0 53
327 5 0 46
792 5 0 38
2003 5 0 29
320 5 0 23
3336 5 0 18
918 5 0 12
3864 5 0 3
1988 5 1 91
4693 5 1 84
1181 5 1 78
567 5 1 73
4626 5 1 67
389 5 1 62
970 5 1 51
603 5 1 46
747 5 1 38
724 5 1 29
4970 5 1 22
4234 5 1 16
959 5 1 11
1624 5 1 4
3235 5 2 90
4225 5 2 85
2838 5 2 79
4350 5 2 74
3622 5 2 69
727 5 2 62
554 5 2 51
929 5 2 45
1621 5 2 39
4264 5 2 31
3842 5 2 24
16 5 2 18
755 5 2 12
3214 5 2 3
2655 5 4 90
3764 5 4 85
2417 5 4 79
3856 5 4 74
4146 5 4 68
3812 5 4 60
2718 5 4 53
3379 5 4 45
1226 5 4 39
3558 5 4 31
2854 5 4 24
4614 5 4 17
1417 5 4 10
2715 5 4 4
2246 5 6 90
2894 5 6 85
2356 5 6 79
3508 5 6 74
3534 5 6 68
3658 5 6 60
2231 5 6 53
1574 5 6 45
756 5 6 39
3247 5 6 31
2540 5 6 24
3956 5 6 17
926 5 6 10
416 5 6 4
785 5 8 90
2184 5 8 85
4818 5 8 78
4149 5 8 72
1650 5 8 65
4764 5 8 54
1559 5 8 48
1200 5 8 43
4854 5 8 35
1658 5 8 29
3753 5 8 22
105 5 8 16
3776 5 8 10
3455 5 8 3
109 5 9 90
2086 5 9 85
4341 5 9 78
3150 5 9 72
658 5 9 65
2901 5 9 54
1317 5 9 48
796 5 9 43
4846 5 9 35
784 5 9 29
3180 5 9 22
2105 5 9 15
2859 5 9 10
3342 5 9 3
39 5 10 90
3925 5 10 84
443 5 10 78
125 5 10 72
108 5 10 65
2933 5 10 53
1504 5 10 45
479 5 10 39
2455 5 10 31
1826 5 10 24
3115 5 10 17
3645 5 10 9
1793 5 10 4
3662 5 12 89
1079 5 12 85
1115 5 12 78
4704 5 12 71
362 5 12 65
1982 5 12 53
177 5 12 45
2738 5 12 38
621 5 12 29
2898 5 12 22
687 5 12 15
2078 5 12 10
2488 5 12 3
3021 5 14 88
2765 5 14 81
2318 5 14 75
2569 5 14 68
3461 5 14 60
1739 5 14 53
4913 5 14 44
1762 5 14 38
4092 5 14 28
4152 5 14 22
185 5 14 15
37 5 14 10
1588 5 14 3
1677 5 15 88
2376 5 15 81
2313 5 15 75
2474 5 15 68
1702 5 15 60
1551 5 15 53
4520 5 15 44
1720 5 15 38
3923 5 15 28
3986 5 15 22
55 5 15 15
4504 5 15 9
137 5 15 4
1604 5 16 88
1724 5 16 81
1426 5 16 75
4945 5 16 67
296 5 16 62
2969 5 16 50
685 5 16 43
4303 5 16 35
3077 5 16 28
1331 5 16 22
2113 5 16 14
2130 5 16 7
2909 5 17 87
1211 5 17 81
4426 5 17 74
3416 5 17 68
488 5 17 60
907 5 17 53
3462 5 17 44
295 5 17 38
4070 5 17 27
963 5 17 21
3194 5 17 15
4454 5 17 9
2824 5 17 3
3432 5 18 86
3368 5 18 78
3200 5 18 71
218 5 18 65
3142 5 18 52
2347 5 18 47
3110 5 18 40
3027 5 18 34
686 5 18 28
3627 5 18 21
3149 5 18 15
3768 5 18 9
1902 5 18 3
2534 5 19 85
247 5 19 78
1863 5 19 71
1195 5 19 64
4883 5 19 57
2068 5 19 52
3818 5 19 46
423 5 19 38
3972 5 19 27
635 5 19 21
1126 5 19 15
2714 5 19 9
1676 5 19 3
2326 6 0 85
3805 6 0 77
1666 6 0 67
283 6 0 62
2586 6 0 50
4930 6 0 42
1780 6 0 35
4728 6 0 27
2476 6 0 20
2784 6 0 12
1945 6 0 3
1975 6 6 85
3707 6 6 77
451 6 6 67
4917 6 6 60
4185 6 6 52
2941 6 6 46
4087 6 6 37
4120 6 6 31
1246 6 6 24
734 6 6 17
3338 6 6 9
502 6 6 3
1609 6 8 85
535 6 8 77
2680 6 8 66
1391 6 8 61
3953 6 8 55
3076 6 8 48
787 6 8 43
4161 6 8 35
2602 6 8 27
2400 6 8 20
1368 6 8 12
115 6 8 3
4523 6 9 84
381 6 9 78
1307 6 9 71
955 6 9 64
4844 6 9 57
934 6 9 52
1838 6 9 46
2219 6 9 37
2692 6 9 31
4769 6 9 23
331 6 9 18
4412 6 9 11
81 6 9 4
3185 6 10 84
379 6 10 78
4584 6 10 70
3199 6 10 64
4775 6 10 57
3146 6 10 51
494 6 10 45
1662 6 10 38
3615 6 10 27
231 6 10 20
3013 6 10 11
3757 6 10 3
2480 6 12 84
3438 6 12 77
2612 6 12 66
4729 6 12 60
2970 6 12 52
1760 6 12 46
1601 6 12 37
1705 6 12 31
4445 6 12 22
565 6 12 14
1579 6 12 7
1033 6 19 84
2657 6 19 77
711 6 19 66
4019 6 19 60
4705 6 19 51
4499 6 19 44
3091 6 19 37
1326 6 19 31
2442 6 19 22
4624 6 19 13
1425 6 19 6
4631 7 0 82
3533 7 0 75
3831 7 0 67
4522 7 0 60
3354 7 0 51
3939 7 0 44
4886 7 0 36
2273 7 0 29
917 7 0 22
3612 7 0 13
725 7 0 6
3485 7 1 82
3057 7 1 75
2658 7 1 67
4471 7 1 60
2830 7 1 51
1095 7 1 44
3895 7 1 36
4384 7 1 28
3546 7 1 21
1096 7 1 15
2346 7 1 9
467 7 1 3
4889 7 2 80
2885 7 2 72
4002 7 2 64
4552 7 2 57
3051 7 2 51
4038 7 2 43
2436 7 2 35
582 7 2 27
1694 7 2 19
2974 7 2 9
3847 7 2 2
2057 7 3 80
2388 7 3 72
3389 7 3 64
2542 7 3 57
1597 7 3 51
1465 7 3 43
1135 7 3 35
4791 7 3 26
315 7 3 19
1872 7 3 9
3807 7 3 2
1022 7 4 79
1459 7 4 74
2676 7 4 68
1986 7 4 59
2180 7 4 53
2508 7 4 44
3808 7 4 36
4246 7 4 28
2732 7 4 21
1163 7 4 14
3786 7 4 5
4209 7 6 78
4232 7 6 70
2719 7 6 64
722 7 6 57
4617 7 6 50
3631 7 6 41
4238 7 6 36
4047 7 6 28
1189 7 6 21
683 7 6 14
3271 7 6 5
966 7 8 78
2008 7 8 70
1236 7 8 64
353 7 8 57
3188 7 8 50
2475 7 8 41
2632 7 8 36
3074 7 8 28
942 7 8 21
2746 7 8 13
4903 7 8 5
3719 7 10 77
524 7 10 66
2993 7 10 60
2656 7 10 50
1850 7 10 41
1671 7 10 36
1387 7 10 28
3890 7 10 20
1137 7 10 11
3513 7 10 3
390 7 12 72
2973 7 12 64
314 7 12 57
2834 7 12 50
3708 7 12 40
199 7 12 34
368 7 12 28
2137 7 12 20
189 7 12 11
3217 7 12 3
1611 7 14 69
523 7 14 62
873 7 14 50
3380 7 14 40
3911 7 14 33
1856 7 14 26
3922 7 14 18
4311 7 14 11
1992 7 14 3
4826 7 15 60
249 7 15 50
1190 7 15 40
1242 7 15 33
1808 7 15 26
3893 7 15 18
3756 7 15 11
3578 7 15 2
3495 7 16 53
814 7 16 44
2652 7 16 36
1322 7 16 28
3560 7 16 19
637 7 16 9
2761 7 16 2
4304 7 17 97
1225 7 17 93
4713 7 17 87
861 7 17 81
4369 7 17 74
2575 7 17 68
1905 7 17 59
1685 7 17 53
4573 7 17 43
746 7 17 35
3246 7 17 26
4076 7 17 17
2516 7 17 9
411 7 17 2
4960 7 18 96
265 7 18 91
526 7 18 84
256 7 18 77
4493 7 18 65
813 7 18 52
506 7 18 46
1374 7 18 37
898 7 18 31
2320 7 18 22
3004 7 18 13
2614 7 18 5
113 7 19 96
4801 7 19 90
472 7 19 84
3584 7 19 76
1573 7 19 68
3732 7 19 58
2427 7 19 50
1063 7 19 40
192 7 19 33
187 7 19 26
2410 7 19 17
1353 7 19 9
3409 7 19 1
4021 8 4 95
2000 8 4 91
457 8 4 84
1032 8 4 76
1429 8 4 68
3436 8 4 58
2295 8 4 50
49 8 4 40
4485 8 4 32
1466 8 4 24
4972 8 4 16
3750 8 4 10
1343 8 4 3
3395 8 6 95
1848 8 6 91
3589 8 6 83
984 8 6 76
129 8 6 68
2537 8 6 58
1575 8 6 50
3938 8 6 39
1266 8 6 31
4610 8 6 21
2459 8 6 13
2368 8 6 5
3049 8 8 95
119 8 8 90
3767 8 8 83
660 8 8 76
4604 8 8 67
4327 8 8 60
4711 8 8 49
2081 8 8 42
290 8 8 35
2798 8 8 26
4497 8 8 16
2802 8 8 10
458 8 8 3
2296 8 10 95
3653 8 10 88
2133 8 10 80
2305 8 10 72
1927 8 10 64
2966 8 10 56
1157 8 10 50
3924 8 10 39
4163 8 10 30
3897 8 10 24
3009 8 10 16
2721 8 10 10
380 8 10 3
2350 8 12 94
585 8 12 88
2049 8 12 80
3790 8 12 71
713 8 12 64
2895 8 12 56
775 8 12 50
3158 8 12 39
3364 8 12 30
1965 8 12 24
1227 8 12 16
1819 8 12 10
4247 8 12 2
768 8 14 94
1434 8 14 87
505 8 14 81
3948 8 14 74
1997 8 14 68
2173 8 14 58
1144 8 14 50
3024 8 14 39
3125 8 14 30
1748 8 14 24
4664 8 14 15
3798 8 14 8
3585 8 14 2
289 9 1 94
1106 9 1 87
1740 9 1 80
2266 9 1 71
490 9 1 64
1816 9 1 56
224 9 1 50
2339 9 1 39
3012 9 1 30
1389 9 1 24
4544 9 1 15
2464 9 1 8
2144 9 1 2
4965 9 2 93
4494 9 2 87
820 9 2 80
1834 9 2 71
2702 9 2 63
2314 9 2 57
2252 9 2 50
1320 9 2 39
3740 9 2 29
179 9 2 22
2707 9 2 13
1844 9 2 5
4575 9 3 93
4363 9 3 87
4135 9 3 79
393 9 3 74
4852 9 3 67
2241 9 3 60
3232 9 3 49
2065 9 3 42
3048 9 3 34
2841 9 3 27
334 9 3 19
3811 9 3 8
1517 9 3 2
2358 9 4 93
3885 9 4 87
3920 9 4 79
4880 9 4 73
3470 9 4 67
2159 9 4 60
586 9 4 49
3305 9 4 41
848 9 4 36
1122 9 4 28
1931 9 4 19
3573 9 4 8
3785 9 4 1
1837 9 6 93
3659 9 6 87
3300 9 6 79
3825 9 6 73
3439 9 6 67
705 9 6 60
513 9 6 49
2590 9 6 41
2723 9 6 35
4451 9 6 25
629 9 6 16
1254 9 6 10
3635 9 6 2
1641 9 8 93
2550 9 8 87
2912 9 8 79
2992 9 8 73
2747 9 8 67
4827 9 8 59
1014 9 8 53
3331 9 8 43
312 9 8 35
4355 9 8 25
4579 9 8 15
1215 9 8 8
2182 9 8 1
2381 9 10 92
3197 9 10 85
261 9 10 77
3725 9 10 65
4701 9 10 51
4718 9 10 42
2171 9 10 34
2463 9 10 27
155 9 10 19
3544 9 10 8
207 9 10 1
1781 9 12 92
2971 9 12 85
136 9 12 77
3392 9 12 65
4480 9 12 51
4597 9 12 42
1522 9 12 34
2236 9 12 27
57 9 12 19
1486 9 12 8
976 9 14 92
2064 9 14 85
4593 9 14 76
1759 9 14 67
4242 9 14 59
1 9 14 53
2312 9 14 41
4817 9 14 34
1491 9 14 27
340 9 14 18
4706 9 14 10
2471 9 14 2
202 9 16 92
990 9 16 85
3191 9 16 76
1552 9 16 67
4113 9 16 59
2708 9 16 52
4951 9 16 45
4849 9 16 37
3412 9 16 30
4408 9 16 23
126 9 16 18
4067 9 16 10
2138 9 16 2
4740 9 17 91
2929 9 17 83
3834 9 17 75
1462 9 17 67
2704 9 17 59
2119 9 17 52
3990 9 17 45
4804 9 17 37
4332 9 17 29
3912 9 17 21
933 9 17 13
989 9 17 5
3435 9 18 91
3369 9 18 82
2989 9 18 75
1241 9 18 67
2571 9 18 59
651 9 18 52
3791 9 18 45
4518 9 18 37
3735 9 18 29
3502 9 18 21
335 9 18 13
845 9 18 5
2491 9 19 91
3104 9 19 82
1127 9 19 75
4911 9 19 66
1550 9 19 60
3174 9 19 45
4342 9 19 37
3413 9 19 29
2995 9 19 21
276 9 19 13
310 9 19 5
2473 10 1 91
1441 10 1 82
930 10 1 75
3295 10 1 66
903 10 1 60
2179 10 1 45
2533 10 1 37
2635 10 1 29
2839 10 1 21
226 10 1 13
4915 10 1 4
1405 10 2 91
945 10 2 82
4875 10 2 74
4808 10 2 67
1857 10 2 59
4799 10 2 51
3685 10 2 42
405 10 2 34
1315 10 2 27
3921 10 2 17
1087 10 2 9
2748 10 2 1
1313 10 3 91
4041 10 3 81
2020 10 3 74
3307 10 3 67
4252 10 3 58
4942 10 3 49
480 10 3 41
3667 10 3 34
1207 10 3 27
1430 10 3 17
4210 10 3 8
748 10 4 91
2093 10 4 81
1778 10 4 74
2387 10 4 67
670 10 4 58
208 10 4 49
3528 10 4 40
4352 10 4 32
4722 10 4 23
3345 10 4 17
3873 10 4 8
4574 10 6 90
3062 10 6 83
3829 10 6 75
3011 10 6 66
209 10 6 60
3341 10 6 44
1401 10 6 36
346 10 6 28
1410 10 6 19
2836 10 6 7
3120 10 8 90
2994 10 8 83
1052 10 8 75
720 10 8 66
3802 10 8 59
4222 10 8 51
3377 10 8 42
237 10 8 34
3548 10 8 26
1950 10 8 16
680 10 8 10
1952 10 8 2
3014 10 10 90
2717 10 10 83
574 10 10 75
2955 10 10 65
1913 10 10 51
2621 10 10 42
204 10 10 34
3322 10 10 26
1642 10 10 16
93 10 10 10
1875 10 10 2
1981 10 12 90
2416 10 12 83
14 10 12 75
2943 10 12 65
803 10 12 51
2306 10 12 42
4254 10 12 33
4194 10 12 25
4075 10 12 15
197 10 12 8
163 10 14 90
141 10 14 83
3642 10 14 74
438 10 14 67
124 10 14 58
4436 10 14 48
2369 10 14 42
869 10 14 33
3731 10 14 25
1830 10 14 15
70 10 14 8
4851 10 16 89
3640 10 16 84
826 10 16 76
95 10 16 67
19 10 16 58
2631 10 16 48
704 10 16 42
568 10 16 33
2987 10 16 25
4280 10 16 14
3107 10 16 5
1987 10 17 89
1399 10 17 84
758 10 17 76
4464 10 17 66
3665 10 17 59
2243 10 17 51
1553 10 17 42
3085 10 17 32
4529 10 17 23
3038 10 17 17
1244 10 17 8
4410 10 18 88
1978 10 18 80
620 10 18 71
1269 10 18 63
1766 10 18 57
1818 10 18 50
2846 10 18 38
3450 10 18 27
339 10 18 17
706 10 18 8
3994 10 19 88
981 10 19 80
133 10 19 71
3310 10 19 62
4015 10 19 49
3405 10 19 40
2887 10 19 32
3112 10 19 23
1393 10 19 17
2753 10 19 7
3022 11 6 88
580 11 6 80
18 11 6 71
2842 11 6 62
3005 11 6 49
1534 11 6 40
2151 11 6 32
2457 11 6 23
3993 11 6 16
4374 11 6 9
870 11 6 1
1789 12 1 88
4105 12 1 79
3727 12 1 72
4648 12 1 63
790 12 1 57
1791 12 1 50
2005 12 1 38
2781 12 1 27
4527 12 1 16
2215 12 1 9
143 12 1 1
10 12 3 88
1541 12 3 79
3202 12 3 72
4642 12 3 63
358 12 3 57
4467 12 3 49
607 12 3 40
971 12 3 32
2152 12 3 23
294 12 3 16
370 12 3 9
2124 12 8 87
2353 12 8 79
1801 12 8 72
4457 12 8 63
262 12 8 57
3492 12 8 49
2932 12 8 39
3694 12 8 29
2511 12 8 21
4526 12 8 12
3722 12 8 2
2006 12 10 87
4906 12 10 78
4735 12 10 69
4375 12 10 61
146 12 10 55
2502 12 10 48
4217 12 10 41
2691 12 10 34
2517 12 10 26
1475 12 10 16
61 12 10 9
1487 12 12 87
4054 12 12 78
3481 12 12 69
3515 12 12 61
4028 12 12 54
1093 12 12 48
3262 12 12 41
932 12 12 34
4378 12 12 25
4190 12 12 14
2281 12 12 5
4382 12 13 86
4967 12 13 77
1578 12 13 65
3154 12 13 50
3378 12 13 37
597 12 13 29
1598 12 13 21
4267 12 13 12
3408 12 13 2
3028 12 14 86
4433 12 14 77
4787 12 14 64
1221 12 14 56
3853 12 14 49
1907 12 14 39
3330 12 14 29
872 12 14 21
3306 12 14 12
656 12 14 2
2958 12 15 86
2812 12 15 77
2174 12 15 64
1159 12 15 56
3434 12 15 49
43 12 15 39
2944 12 15 29
693 12 15 21
3031 12 15 12
518 12 15 2
4890 12 16 85
3137 12 16 76
4212 12 16 66
2167 12 16 59
1560 12 16 51
2627 12 16 41
800 12 16 34
3624 12 16 25
1932 12 16 14
850 12 16 5
4802 12 17 85
3073 12 17 76
3488 12 17 66
886 12 17 59
985 12 17 51
3033 12 17 40
623 12 17 32
4904 12 17 22
2696 12 17 13
4437 12 17 4
4231 12 18 85
3046 12 18 76
1959 12 18 66
4229 12 18 58
1876 12 18 48
2307 12 18 41
4470 12 18 33
2856 12 18 25
1103 12 18 14
4902 12 18 4
1696 12 19 85
1440 12 19 76
150 12 19 66
4164 12 19 58
1281 12 19 48
2202 12 19 41
3940 12 19 32
3387 12 19 22
2222 12 19 13
4204 12 19 4
888 13 1 85
789 13 1 76
82 13 1 66
4014 13 1 58
3221 13 1 47
1853 13 1 40
2603 13 1 31
3443 13 1 21
2794 13 1 12
3424 13 1 1
731 13 3 85
4636 13 3 75
2563 13 3 65
1820 13 3 50
2883 13 3 37
232 13 3 29
3690 13 3 20
3506 13 3 10
470 13 3 2
4914 13 4 84
459 13 4 76
4182 13 4 65
347 13 4 50
2501 13 4 37
4400 13 4 28
4379 13 4 18
4017 13 4 10
4879 13 4 1
3124 13 5 84
4782 13 5 75
1797 13 5 65
103 13 5 50
838 13 5 36
3521 13 5 27
2625 13 5 16
60 13 5 9
1756 13 6 82
2330 13 6 74
4270 13 6 66
2051 13 6 58
3060 13 6 47
1092 13 6 40
1485 13 6 31
3145 13 6 21
1904 13 6 12
2940 13 6 1
4528 13 8 81
1177 13 8 74
4141 13 8 66
4689 13 8 57
2996 13 8 49
511 13 8 38
4747 13 8 26
1272 13 8 16
3978 13 8 8
3359 13 10 81
4513 13 10 73
1814 13 10 67
4811 13 10 57
1180 13 10 49
4517 13 10 37
4324 13 10 28
910 13 10 18
2679 13 10 10
4655 13 10 1
1554 13 11 80
4832 13 11 70
174 13 11 64
63 13 11 56
3328 13 11 49
3889 13 11 37
987 13 11 28
2972 13 11 17
1963 13 11 7
4803 13 12 79
1967 13 12 71
913 13 12 62
169 13 12 48
2136 13 12 41
3460 13 12 32
2515 13 12 22
2025 13 12 13
3926 13 12 4
1871 13 13 73
953 13 13 67
3279 13 13 57
4172 13 13 48
4144 13 13 40
4031 13 13 29
1224 13 13 20
2764 13 13 10
3144 13 13 1
2616 13 14 71
3059 13 14 61
3572 13 14 54
4545 13 14 47
269 13 14 40
2700 13 14 29
519 13 14 20
2384 13 14 10
3075 13 14 1
2522 13 15 66
3400 13 15 57
2250 13 15 48
2639 13 15 40
2420 13 15 29
4845 13 15 19
284 13 15 7
4009 13 16 95
3381 13 16 88
387 13 16 79
1836 13 16 71
1956 13 16 61
3308 13 16 54
4448 13 16 47
4138 13 16 39
1926 13 16 29
3531 13 16 19
4873 13 16 6
1100 13 17 95
2711 13 17 88
1055 13 17 78
3384 13 17 69
2997 13 17 61
2465 13 17 54
3870 13 17 47
3286 13 17 39
1581 13 17 29
3138 13 17 19
4815 13 17 6
2857 13 18 94
3933 13 18 86
2799 13 18 77
4150 13 18 63
3493 13 18 56
3133 13 18 49
2426 13 18 37
622 13 18 28
1887 13 18 17
681 13 18 7
2216 13 19 94
3540 13 19 86
2729 13 19 77
2440 13 19 63
2096 13 19 56
2816 13 19 49
1835 13 19 37
3290 13 19 27
2329 13 19 16
2930 13 19 8
1303 14 1 94
3426 14 1 86
2284 14 1 77
4310 14 1 62
3594 14 1 47
2302 14 1 39
2587 14 1 28
3720 14 1 16
2619 14 1 8
634 14 3 94
3178 14 3 86
547 14 3 77
4189 14 3 62
2112 14 3 47
546 14 3 39
1484 14 3 28
3477 14 3 16
3876 14 3 7
3449 14 4 93
2172 14 4 87
3681 14 4 78
1900 14 4 69
2773 14 4 61
1949 14 4 54
1396 14 4 47
4353 14 4 38
1110 14 4 26
4555 14 4 15
2758 14 4 7
3108 14 5 93
977 14 5 87
2865 14 5 78
3535 14 5 68
1408 14 5 58
2110 14 5 47
3337 14 5 38
978 14 5 26
3823 14 5 15
4411 14 5 6
4789 14 6 92
525 14 6 85
3023 14 6 75
799 14 6 65
3509 14 6 49
2077 14 6 35
3543 14 6 25
4943 14 6 13
2617 14 6 4
3906 14 8 92
139 14 8 85
1881 14 8 75
3668 14 8 64
4230 14 8 55
2116 14 8 48
1737 14 8 40
2322 14 8 29
3047 14 8 19
4596 14 8 6
3643 14 10 92
4068 14 10 84
4227 14 10 74
928 14 10 66
3187 14 10 57
1603 14 10 48
1605 14 10 40
1495 14 10 29
4187 14 10 18
328 14 10 10
1166 14 10 1
2980 14 11 92
1003 14 11 84
3311 14 11 74
587 14 11 66
2862 14 11 57
824 14 11 48
1398 14 11 40
4495 14 11 28
2285 14 11 16
3090 14 11 7
2720 15 1 92
844 15 1 84
186 15 1 74
2411 15 1 65
4719 15 1 48
1107 15 1 40
3253 15 1 28
385 15 1 16
3963 15 1 6
4386 15 8 91
1706 15 8 81
3447 15 8 73
430 15 8 67
2432 15 8 57
770 15 8 48
639 15 8 40
313 15 8 28
3706 15 8 15
3648 15 8 6
1155 16 1 91
1169 16 1 81
3423 16 1 73
4354 16 1 66
4429 16 1 56
2699 16 1 49
951 16 1 35
2297 16 1 25
1012 16 1 13
2170 16 1 4
4825 16 2 90
3688 16 2 82
2309 16 2 74
2098 16 2 65
4468 16 2 48
4947 16 2 39
26 16 2 28
3510 16 2 15
3139 16 2 6
4635 16 3 90
1630 16 3 82
4184 16 3 73
1669 16 3 66
1785 16 3 56
3140 16 3 48
3714 16 3 39
3611 16 3 27
1903 16 3 16
2166 16 3 6
4392 16 4 90
1577 16 4 82
3414 16 4 73
925 16 4 65
2061 16 4 48
1025 16 4 39
3430 16 4 27
4260 16 4 15
2983 16 4 6
3366 16 5 90
384 16 5 82
1118 16 5 73
264 16 5 65
4401 16 5 47
3166 16 5 38
514 16 5 26
1602 16 5 15
665 16 5 6
3196 16 6 90
3041 16 6 81
3097 16 6 73
3709 16 6 64
4037 16 6 55
1735 16 6 48
4176 16 6 38
2925 16 6 25
668 16 6 13
2080 16 6 4
2348 16 8 90
2649 16 8 81
2149 16 8 73
2768 16 8 64
3796 16 8 55
937 16 8 48
2127 16 8 38
2422 16 8 25
205 16 8 13
278 16 8 4
1536 16 9 90
2560 16 9 81
4780 16 9 72
4430 16 9 63
1238 16 9 56
1344 16 9 48
2073 16 9 38
4181 16 9 24
3445 16 9 15
4835 16 9 5
3989 16 10 89
596 16 10 84
4900 16 10 73
4806 16 10 63
730 16 10 56
4836 16 10 47
1795 16 10 37
1832 16 10 27
1390 16 10 15
2038 16 10 5
3896 16 11 89
4629 16 11 83
3332 16 11 74
1275 16 11 65
2213 16 11 47
3393 16 11 36
2027 16 11 27
1116 16 11 15
1914 16 11 5
595 16 12 89
4428 16 12 83
1769 16 12 74
40 16 12 65
2801 16 12 46
4455 16 12 36
1638 16 12 27
1634 16 12 14
3982 16 12 4
3171 16 13 88
297 16 13 78
3198 16 13 68
1228 16 13 58
4638 16 13 46
4275 16 13 36
1202 16 13 27
4682 16 13 12
2242 16 13 1
2681 16 14 88
3780 16 14 77
3222 16 14 62
3597 16 14 44
4653 16 14 35
2163 16 14 25
4358 16 14 12
895 16 14 1
2141 16 15 88
646 16 15 77
2772 16 15 62
3098 16 15 43
1167 16 15 34
1527 16 15 25
1015 16 15 12
8 16 15 1
1747 16 16 88
4510 16 16 76
2504 16 16 65
3979 16 16 44
3433 16 16 35
1544 16 16 25
2177 16 16 11
2226 16 16 2
4955 16 17 87
2122 16 17 78
2240 16 17 68
4245 16 17 57
396 16 17 48
2033 16 17 37
1823 16 17 27
1297 16 17 12
4923 16 17 1
1438 16 18 87
2050 16 18 78
1726 16 18 68
3349 16 18 57
3878 16 18 47
3329 16 18 36
882 16 18 27
36 16 18 12
699 16 18 1
4535 16 19 86
3315 16 19 76
1976 16 19 65
1385 16 19 44
1806 16 19 35
2 16 19 25
3860 16 19 10
545 16 19 1
3219 17 1 86
1594 17 1 76
3239 17 1 64
3556 17 1 55
764 17 1 48
1412 17 1 37
1755 17 1 27
3841 17 1 10
2931 17 2 85
1450 17 2 75
1298 17 2 64
3172 17 2 55
3209 17 2 47
2918 17 2 36
84 17 2 27
996 17 2 10
1030 17 3 85
4536 17 3 74
4561 17 3 64
2047 17 3 55
2811 17 3 47
1360 17 3 36
4233 17 3 26
588 17 3 15
418 17 3 5
708 17 4 84
1237 17 4 73
3281 17 4 63
4010 17 4 55
1895 17 4 47
1047 17 4 36
4123 17 4 26
117 17 4 15
206 17 4 5
223 17 5 84
4633 17 5 72
1357 17 5 63
2936 17 5 55
1691 17 5 47
3015 17 5 35
4525 17 5 24
4931 17 5 14
3868 17 5 4
3456 17 6 83
4954 17 6 73
3182 17 6 63
1291 17 6 55
1253 17 6 47
677 17 6 35
2366 17 6 24
3003 17 6 14
3516 17 6 4
1746 17 8 83
3454 17 8 73
2015 17 8 62
2446 17 8 43
602 17 8 34
1006 17 8 25
2843 17 8 10
4572 17 9 82
4973 17 9 72
4226 17 9 62
66 17 9 43
4680 17 9 33
1847 17 9 25
1382 17 9 10
2040 17 10 82
3032 17 10 72
3099 17 10 62
2646 17 10 41
3314 17 10 32
671 17 10 22
1800 17 10 13
4142 17 10 3
1214 17 11 80
3613 17 11 70
2479 17 11 63
1222 17 11 55
773 17 11 47
2524 17 11 34
894 17 11 25
696 17 11 10
15 17 12 80
1500 17 12 70
1951 17 12 63
4441 17 12 54
4850 17 12 46
2891 17 12 36
3822 17 12 26
2755 17 12 14
2207 17 12 3
2710 17 13 79
1415 17 13 71
612 17 13 61
1779 17 13 54
4622 17 13 46
2852 17 13 36
538 17 13 26
1335 17 13 14
982 17 13 3
29 17 14 79
348 17 14 71
4725 17 14 60
2695 17 14 44
1428 17 14 35
1373 17 14 24
947 17 14 14
241 17 14 3
1384 17 15 77
1877 17 15 62
376 17 15 40
4477 17 15 27
4377 17 15 9
3984 17 16 76
2600 17 16 63
1149 17 16 54
4065 17 16 46
856 17 16 36
2293 17 16 25
203 17 16 9
4481 17 17 75
31 17 17 64
1333 17 17 55
4491 17 17 46
5 17 17 36
1125 17 17 25
3745 17 17 8
2916 17 18 75
1367 17 18 63
374 17 18 54
2196 17 18 46
1858 17 18 35
1279 17 18 24
3794 17 18 13
4130 17 18 3
303 17 19 75
252 17 19 63
3170 17 19 53
2134 17 19 41
675 17 19 32
534 17 19 22
1197 17 19 13
1065 17 19 2
3357 19 0 71
2147 19 0 60
2390 19 0 44
293 19 0 35
253 19 0 23
4847 19 0 15
101 19 0 5
566 19 1 68
952 19 1 57
2169 19 1 47
1044 19 1 34
282 19 1 25
4654 19 1 7
3687 19 2 63
2787 19 2 53
1314 19 2 41
2301 19 2 31
2494 19 2 21
1420 19 2 12
865 19 3 49
2770 19 3 34
200 19 3 25
4432 19 3 7
4944 19 4 92
633 19 4 84
4627 19 4 72
2780 19 4 62
3881 19 4 39
3272 19 4 27
4681 19 4 7
3103 19 5 92
378 19 5 84
1713 19 5 72
2351 19 5 62
4814 19 5 38
4048 19 5 24
2624 19 5 13
4613 19 5 1
507 19 6 92
3347 19 6 83
2905 19 6 73
2009 19 6 62
4838 19 6 37
1655 19 6 27
3410 19 6 7
176 19 7 92
1152 19 7 83
1773 19 7 73
1345 19 7 62
4011 19 7 37
4090 19 7 26
1153 19 7 14
4656 19 7 2
3650 19 8 91
630 19 8 81
3302 19 8 72
2254 19 8 62
707 19 8 36
1077 19 8 24
1822 19 8 13
3935 19 8 1
3617 19 9 91
302 19 9 81
847 19 9 72
4106 19 9 61
1722 19 9 54
135 19 9 46
1140 19 9 34
4013 19 9 24
260 19 9 13
3875 19 9 1
2076 19 10 91
3569 19 10 80
391 19 10 70
1912 19 10 63
2577 19 10 53
3988 19 10 40
1692 19 10 27
1330 19 10 6
1490 19 11 91
2087 19 11 80
4762 19 11 69
1915 19 11 61
1707 19 11 54
130 19 11 46
3907 19 11 33
1251 19 11 25
2497 19 11 5
1301 19 12 91
1476 19 12 80
4557 19 12 69
2949 19 12 60
2286 19 12 44
2349 19 12 34
3787 19 12 24
3747 19 12 12
804 19 13 91
463 19 13 80
3947 19 13 69
1282 19 13 60
4772 19 13 42
2819 19 13 32
4398 19 13 21
669 19 13 12
4934 19 14 90
950 19 14 81
611 19 14 71
4461 19 14 59
447 19 14 51
2975 19 14 40
867 19 14 27
1175 19 14 6
4329 19 15 90
626 19 15 81
3987 19 15 70
1893 19 15 63
878 19 15 53
336 19 15 40
3542 19 15 26
1148 19 15 14
4224 19 15 2
4036 19 16 90
323 19 16 81
1614 19 16 69
4081 19 16 59
4699 19 16 50
2900 19 16 35
2724 19 16 22
4420 19 16 12
3245 19 17 90
2150 19 17 80
3761 19 17 69
2011 19 17 59
2660 19 17 50
4620 19 17 34
2878 19 17 24
1880 19 17 12
2953 19 18 90
487 19 18 80
956 19 18 69
1761 19 18 59
1203 19 18 50
1205 19 18 34
1183 19 18 24
573 19 18 12
2668 19 19 90
52 19 19 80
1653 19 19 68
4919 19 19 56
3228 19 19 47
4438 19 19 33
4476 19 19 24
4282 19 19 11
