3063
2081 0 0 99
5162 0 0 96
1265 0 0 93
3842 0 0 91
4527 0 0 88
5290 0 0 86
5682 0 0 84
5544 0 0 81
5941 0 0 79
4127 0 0 76
2332 0 0 74
4102 0 0 71
731 0 0 69
5017 0 0 65
5558 0 0 61
6096 0 0 58
6361 0 0 56
6322 0 0 53
2317 0 0 49
1956 0 0 46
3960 0 0 43
5312 0 0 41
5855 0 0 39
5776 0 0 37
3404 0 0 35
6191 0 0 33
734 0 0 31
6230 0 0 29
421 0 0 27
1834 0 0 25
4949 0 0 22
6135 0 0 20
6182 0 0 18
2615 0 0 16
4992 0 0 13
5215 0 0 10
2698 0 0 7
4789 0 0 3
3438 0 0 1
359 0 1 99
2659 0 1 96
188 0 1 93
444 0 1 91
2668 0 1 88
5124 0 1 85
4823 0 1 82
4234 0 1 79
2164 0 1 76
2892 0 1 73
2441 0 1 70
4521 0 1 66
5068 0 1 63
6152 0 1 60
50 0 1 57
2397 0 1 54
1051 0 1 51
1631 0 1 48
5553 0 1 45
2515 0 1 42
4935 0 1 39
5181 0 1 37
1546 0 1 34
3906 0 1 31
5974 0 1 29
1697 0 1 26
4748 0 1 24
3028 0 1 21
2838 0 1 18
3652 0 1 15
6416 0 1 12
5023 0 1 8
4030 0 1 5
5708 0 1 1
6300 0 2 97
3549 0 2 94
2612 0 2 92
6320 0 2 88
4255 0 2 84
5314 0 2 81
864 0 2 78
4856 0 2 75
3221 0 2 72
4121 0 2 70
3522 0 2 66
4286 0 2 63
4669 0 2 60
1622 0 2 56
2937 0 2 53
1400 0 2 49
6256 0 2 45
6143 0 2 41
5233 0 2 38
4043 0 2 35
6195 0 2 32
3317 0 2 29
1092 0 2 26
3641 0 2 24
2143 0 2 20
4292 0 2 18
5507 0 2 14
3889 0 2 10
705 0 2 7
4757 0 2 3
882 0 3 97
5165 0 3 93
3517 0 3 90
5163 0 3 87
5425 0 3 85
1913 0 3 82
2922 0 3 79
6297 0 3 75
3072 0 3 72
3625 0 3 69
4747 0 3 65
373 0 3 61
4072 0 3 58
2953 0 3 55
6180 0 3 51
5937 0 3 47
153 0 3 45
2596 0 3 41
2602 0 3 37
5299 0 3 33
4006 0 3 30
1168 0 3 28
1425 0 3 24
6136 0 3 19
5479 0 3 15
5692 0 3 12
3619 0 3 8
1253 0 3 5
4695 0 3 1
827 0 4 97
3821 0 4 93
578 0 4 90
5639 0 4 86
5593 0 4 84
800 0 4 80
1290 0 4 78
523 0 4 75
3188 0 4 71
2411 0 4 68
3263 0 4 65
6218 0 4 60
5847 0 4 55
6089 0 4 51
2096 0 4 47
4410 0 4 44
1431 0 4 42
2517 0 4 39
6024 0 4 36
5269 0 4 33
3091 0 4 29
442 0 4 26
5265 0 4 23
6032 0 4 20
3422 0 4 18
4206 0 4 14
1889 0 4 10
627 0 4 7
1830 0 4 3
4603 0 5 96
6493 0 5 92
6221 0 5 88
3817 0 5 84
5115 0 5 79
1759 0 5 74
2839 0 5 70
2993 0 5 66
3953 0 5 63
4168 0 5 60
5500 0 5 55
5915 0 5 51
1441 0 5 47
967 0 5 44
4450 0 5 41
1727 0 5 37
1089 0 5 33
581 0 5 28
1315 0 5 24
2196 0 5 19
4426 0 5 15
4897 0 5 11
4862 0 5 8
5864 0 5 4
5920 0 5 1
3514 0 6 96
2460 0 6 92
5536 0 6 88
3728 0 6 84
5076 0 6 79
1281 0 6 74
2383 0 6 70
2314 0 6 66
2555 0 6 63
3257 0 6 60
1263 0 6 55
5723 0 6 51
4595 0 6 46
3510 0 6 43
2047 0 6 41
1391 0 6 37
6150 0 6 32
3832 0 6 28
1239 0 6 23
323 0 6 20
753 0 6 17
2459 0 6 14
5511 0 6 9
4171 0 6 7
892 0 6 3
3019 0 7 96
2248 0 7 92
4412 0 7 88
2728 0 7 84
314 0 7 79
185 0 7 74
152 0 7 70
1894 0 7 66
35 0 7 63
6447 0 7 59
2524 0 7 56
1801 0 7 53
5577 0 7 48
3258 0 7 45
949 0 7 41
5250 0 7 36
1499 0 7 33
5981 0 7 27
27 0 7 24
1605 0 7 19
3541 0 7 15
909 0 7 11
3836 0 7 7
5565 0 7 2
2842 0 8 96
6181 0 8 91
2511 0 8 88
1152 0 8 84
5260 0 8 78
5796 0 8 74
4381 0 8 69
4630 0 8 65
1717 0 8 60
6025 0 8 54
6405 0 8 50
2166 0 8 48
5552 0 8 44
3232 0 8 41
5058 0 8 36
5350 0 8 32
3630 0 8 28
507 0 8 23
2251 0 8 19
2430 0 8 15
5207 0 8 10
6385 0 8 6
3454 0 8 4
3661 0 8 1
5914 0 9 95
4613 0 9 93
2750 0 9 89
2244 0 9 86
1749 0 9 83
6280 0 9 80
1746 0 9 77
406 0 9 74
2955 0 9 69
4179 0 9 65
229 0 9 60
3691 0 9 54
6390 0 9 50
5853 0 9 47
3128 0 9 43
4690 0 9 40
5128 0 9 36
3104 0 9 32
573 0 9 28
5085 0 9 22
2817 0 9 19
1287 0 9 15
3614 0 9 10
910 0 9 6
3081 0 9 4
2947 0 9 1
5601 0 10 95
4016 0 10 93
2173 0 10 89
6200 0 10 85
488 0 10 82
6041 0 10 78
3542 0 10 74
2131 0 10 69
2692 0 10 65
4649 0 10 59
5137 0 10 55
3610 0 10 51
4221 0 10 46
21 0 10 43
3668 0 10 40
3516 0 10 36
3003 0 10 32
6053 0 10 27
5056 0 10 23
5720 0 10 18
3553 0 10 14
723 0 10 9
5132 0 10 6
1594 0 10 3
5582 0 11 95
217 0 11 93
1831 0 11 89
5297 0 11 85
5028 0 11 81
6270 0 11 77
6240 0 11 73
3613 0 11 69
131 0 11 65
3360 0 11 58
4067 0 11 54
2345 0 11 50
1550 0 11 47
2830 0 11 43
5916 0 11 39
71 0 11 36
1158 0 11 32
5909 0 11 27
2349 0 11 23
5025 0 11 18
3392 0 11 14
6393 0 11 8
5441 0 11 4
4926 0 12 95
2679 0 12 92
4328 0 12 88
1987 0 12 83
2288 0 12 80
5771 0 12 76
4634 0 12 72
6038 0 12 68
438 0 12 64
4285 0 12 62
4571 0 12 60
3676 0 12 54
400 0 12 50
1206 0 12 47
5739 0 12 42
1332 0 12 39
6205 0 12 35
3345 0 12 32
5687 0 12 27
6199 0 12 22
2319 0 12 19
457 0 12 15
3440 0 12 10
3450 0 12 5
636 0 12 1
4632 0 13 95
1102 0 13 92
3518 0 13 88
1529 0 13 83
5982 0 13 79
4875 0 13 73
2171 0 13 69
63 0 13 65
3007 0 13 58
1948 0 13 54
5122 0 13 49
5089 0 13 45
6326 0 13 40
3016 0 13 36
11 0 13 32
5437 0 13 27
5515 0 13 22
1944 0 13 18
2684 0 13 14
5791 0 13 8
3736 0 13 4
3593 0 14 95
4919 0 14 91
6410 0 14 87
2880 0 14 84
4567 0 14 78
6354 0 14 73
59 0 14 69
5006 0 14 64
5765 0 14 61
4373 0 14 57
5400 0 14 53
3406 0 14 48
1785 0 14 44
206 0 14 41
5018 0 14 36
6398 0 14 31
6363 0 14 27
4488 0 14 22
6350 0 14 17
6347 0 14 13
4093 0 14 10
6379 0 14 4
3288 0 15 95
1874 0 15 91
5813 0 15 86
6394 0 15 82
5964 0 15 78
3899 0 15 73
5564 0 15 68
6210 0 15 63
3988 0 15 59
3350 0 15 55
5091 0 15 50
5997 0 15 46
5032 0 15 42
759 0 15 39
4922 0 15 35
1882 0 15 32
5356 0 15 27
4175 0 15 22
2405 0 15 17
4807 0 15 13
1961 0 15 10
5609 0 15 3
2923 0 16 95
1659 0 16 91
5641 0 16 86
520 0 16 82
4130 0 16 78
3550 0 16 73
4536 0 16 68
4365 0 16 63
3460 0 16 59
6491 0 16 54
5052 0 16 49
5040 0 16 45
4230 0 16 40
2312 0 16 36
5664 0 16 31
5407 0 16 27
4017 0 16 22
5642 0 16 16
4832 0 16 13
1884 0 16 10
3584 0 16 3
2610 0 17 95
5950 0 17 90
4465 0 17 86
3879 0 17 81
2006 0 17 77
6219 0 17 73
3903 0 17 68
3808 0 17 63
3411 0 17 59
5591 0 17 54
3735 0 17 49
2899 0 17 45
3261 0 17 40
6402 0 17 35
1666 0 17 31
3496 0 17 27
3637 0 17 22
5288 0 17 16
3194 0 17 12
2771 0 17 8
2302 0 17 4
2348 0 18 95
5800 0 18 90
1450 0 18 86
3394 0 18 81
659 0 18 77
4844 0 18 73
3952 0 18 67
4214 0 18 64
3456 0 18 61
4068 0 18 57
3160 0 18 53
140 0 18 48
1747 0 18 44
4826 0 18 40
6008 0 18 35
98 0 18 31
3376 0 18 26
2100 0 18 23
4778 0 18 18
2537 0 18 14
3163 0 18 8
6114 0 18 3
1572 0 19 95
4443 0 19 90
5728 0 19 85
2578 0 19 81
6404 0 19 76
1108 0 19 72
4213 0 19 68
777 0 19 63
470 0 19 59
5338 0 19 54
3660 0 19 49
1517 0 19 45
3138 0 19 40
5630 0 19 35
6272 0 19 30
5015 0 19 27
3182 0 19 22
4929 0 19 16
2815 0 19 12
6468 0 19 7
3859 0 19 2
866 2 1 95
3921 2 1 90
4614 2 1 85
737 2 1 81
5826 2 1 76
6411 2 1 71
4406 2 1 67
1554 2 1 63
5235 2 1 58
435 2 1 54
1709 2 1 49
4946 2 1 44
1070 2 1 40
2670 2 1 35
6134 2 1 30
221 2 1 27
2717 2 1 22
4821 2 1 16
333 2 1 12
5139 2 1 7
755 2 1 2
77 2 2 95
1104 2 2 90
3697 2 2 85
6050 2 2 80
5662 2 2 76
5454 2 2 71
4037 2 2 67
6044 2 2 62
4565 2 2 60
3073 2 2 54
1610 2 2 49
4721 2 2 44
4641 2 2 39
4395 2 2 35
5522 2 2 30
6229 2 2 26
925 2 2 22
3008 2 2 16
5294 2 2 11
2756 2 2 7
6312 2 2 1
4773 2 3 94
6489 2 3 91
5324 2 3 86
3334 2 3 81
5217 2 3 76
3943 2 3 71
3387 2 3 67
4955 2 3 62
672 2 3 60
2202 2 3 54
858 2 3 49
2012 2 3 44
3604 2 3 39
3727 2 3 35
5078 2 3 30
4518 2 3 26
6413 2 3 21
5261 2 3 17
5361 2 3 12
4784 2 3 7
6234 2 3 1
2167 2 4 94
1236 2 4 91
3801 2 4 86
2558 2 4 81
4871 2 4 76
2562 2 4 71
2672 2 4 67
3563 2 4 62
1052 2 4 59
5220 2 4 54
31 2 4 49
1387 2 4 44
2623 2 4 39
2550 2 4 35
3775 2 4 30
3571 2 4 26
5887 2 4 21
3260 2 4 17
4880 2 4 12
2307 2 4 7
4853 2 4 1
123 2 5 94
5396 2 5 90
3292 2 5 85
4357 2 5 80
4879 2 5 76
1814 2 5 71
724 2 5 67
2461 2 5 62
4495 2 5 58
269 2 5 54
1624 2 5 48
710 2 5 44
6211 2 5 38
3530 2 5 35
3587 2 5 30
1028 2 5 26
1245 2 5 21
6248 2 5 16
4503 2 5 11
2193 2 5 7
4392 2 5 1
5838 2 6 93
1403 2 6 89
995 2 6 85
4176 2 6 80
3298 2 6 76
535 2 6 71
718 2 6 67
1146 2 6 62
3750 2 6 58
3502 2 6 53
5993 2 6 47
4666 2 6 42
331 2 6 39
1031 2 6 35
3545 2 6 30
6007 2 6 25
590 2 6 22
2868 2 6 16
4475 2 6 11
6047 2 6 6
5732 2 6 2
5598 2 7 93
6448 2 7 88
4566 2 7 82
4109 2 7 78
3525 2 7 73
2506 2 7 67
5652 2 7 61
3878 2 7 57
2977 2 7 53
5375 2 7 47
5827 2 7 41
4715 2 7 36
4825 2 7 31
2687 2 7 26
1949 2 7 20
2988 2 7 16
1221 2 7 11
5194 2 7 6
5389 2 7 2
4813 2 8 93
2807 2 8 88
4049 2 8 82
2863 2 8 78
1563 2 8 73
6118 2 8 66
2705 2 8 62
2729 2 8 58
2836 2 8 53
4691 2 8 47
4846 2 8 41
2978 2 8 36
2217 2 8 31
240 2 8 26
1526 2 8 20
2966 2 8 16
980 2 8 11
604 2 8 6
2071 2 8 2
4489 2 9 93
2153 2 9 88
4013 2 9 82
5946 2 9 77
4655 2 9 73
5405 2 9 66
2111 2 9 62
1456 2 9 58
1677 2 9 53
3040 2 9 47
3409 2 9 41
2363 2 9 36
927 2 9 31
745 2 9 25
4914 2 9 21
6012 2 9 16
6479 2 9 10
5868 2 9 2
2140 2 10 93
1997 2 10 88
3931 2 10 82
5439 2 10 77
4621 2 10 73
4553 2 10 66
6462 2 10 61
1985 2 10 57
2507 2 10 53
1914 2 10 47
3094 2 10 41
2175 2 10 36
6296 2 10 30
3642 2 10 25
2479 2 10 21
4103 2 10 16
6464 2 10 10
5862 2 10 2
1040 2 11 93
1724 2 11 88
3308 2 11 82
1645 2 11 77
3973 2 11 73
3965 2 11 66
5865 2 11 61
6421 2 11 56
3925 2 11 52
3220 2 11 49
1301 2 11 44
5700 2 11 38
1507 2 11 35
3106 2 11 30
288 2 11 25
1763 2 11 21
3236 2 11 16
5995 2 11 10
4576 2 11 2
5597 2 12 92
1931 2 12 88
3110 2 12 82
187 2 12 77
2419 2 12 73
3430 2 12 66
4903 2 12 61
5327 2 12 56
3671 2 12 52
1428 2 12 49
5516 2 12 43
1033 2 12 39
943 2 12 35
2439 2 12 30
5144 2 12 24
4776 2 12 18
4008 2 12 13
4631 2 12 9
3417 2 12 5
3706 2 13 92
6294 2 13 87
6188 2 13 83
3937 2 13 79
4796 2 13 73
2572 2 13 66
4602 2 13 61
4434 2 13 56
1017 2 13 52
1249 2 13 49
2025 2 13 43
202 2 13 39
56 2 13 35
1026 2 13 30
4650 2 13 24
4005 2 13 18
2858 2 13 13
6249 2 13 8
5867 2 13 3
2021 2 14 92
5940 2 14 87
1735 2 14 83
3278 2 14 79
2663 2 14 73
986 2 14 66
3305 2 14 61
3353 2 14 56
4101 2 14 51
3418 2 14 46
4502 2 14 42
88 2 14 39
4986 2 14 34
2688 2 14 31
5788 2 14 24
3985 2 14 18
1492 2 14 13
5416 2 14 8
5846 2 14 3
1328 2 15 92
3290 2 15 87
1447 2 15 83
3050 2 15 79
2632 2 15 73
5402 2 15 65
1880 2 15 58
4883 2 15 52
3634 2 15 48
5685 2 15 43
3675 2 15 38
6238 2 15 34
887 2 15 31
4427 2 15 24
3130 2 15 18
3 2 15 13
4954 2 15 8
3401 2 15 3
6045 2 16 91
2532 2 16 86
2031 2 16 81
4325 2 16 76
5620 2 16 70
1330 2 16 66
2301 2 16 61
2906 2 16 56
1117 2 16 51
1442 2 16 46
2740 2 16 42
5886 2 16 38
5839 2 16 34
828 2 16 31
4273 2 16 24
2190 2 16 18
5373 2 16 12
1806 2 16 7
4061 2 16 1
5648 2 17 91
142 2 17 86
5081 2 17 80
2412 2 17 76
5545 2 17 70
1154 2 17 66
945 2 17 61
5490 2 17 55
4764 2 17 50
5711 2 17 46
5789 2 17 41
1731 2 17 36
5953 2 17 30
1965 2 17 24
962 2 17 18
4835 2 17 12
965 2 17 7
2478 2 17 1
4537 2 18 91
3724 2 18 85
3982 2 18 80
1998 2 18 76
5191 2 18 70
1113 2 18 66
6420 2 18 60
1910 2 18 54
726 2 18 48
4151 2 18 43
3089 2 18 38
5225 2 18 34
37 2 18 31
3443 2 18 24
5587 2 18 17
2731 2 18 12
597 2 18 7
2329 2 18 1
4069 2 19 91
3304 2 19 85
3380 2 19 80
1782 2 19 75
2917 2 19 71
5904 2 19 66
6395 2 19 60
1809 2 19 54
653 2 19 48
3640 2 19 43
2759 2 19 38
4845 2 19 34
5837 2 19 30
5812 2 19 23
4136 2 19 18
3127 2 19 12
90 2 19 7
2083 2 19 1
2754 3 1 91
2416 3 1 85
3015 3 1 80
512 3 1 75
1714 3 1 71
13 3 1 66
5161 3 1 60
1667 3 1 54
4605 3 1 47
1473 3 1 41
1382 3 1 36
4893 3 1 30
2531 3 1 23
3223 3 1 18
2701 3 1 12
4976 3 1 6
1753 3 1 2
5478 3 2 90
762 3 2 85
2914 3 2 80
5794 3 2 74
1860 3 2 69
4287 3 2 64
6281 3 2 60
820 3 2 54
3037 3 2 47
213 3 2 41
1214 3 2 36
4342 3 2 30
3647 3 2 22
2601 3 2 16
4928 3 2 10
3948 3 2 1
6308 3 3 89
5004 3 3 84
3946 3 3 78
2896 3 3 72
695 3 3 68
242 3 3 63
3488 3 3 58
4472 3 3 52
904 3 3 48
766 3 3 43
2310 3 3 38
3809 3 3 34
4021 3 3 29
6321 3 3 25
1284 3 3 21
2964 3 3 16
4905 3 3 10
2909 3 3 1
5755 3 19 89
4404 3 19 84
3662 3 19 78
5614 3 19 71
2768 3 19 65
1652 3 19 58
3237 3 19 52
283 3 19 48
2560 3 19 42
3751 3 19 38
1193 3 19 34
3098 3 19 29
5806 3 19 25
198 3 19 21
598 3 19 16
3428 3 19 10
2882 3 19 1
5607 4 5 89
3044 4 5 84
2442 4 5 78
5596 4 5 71
2067 4 5 65
1318 4 5 58
2147 4 5 52
4149 4 5 47
5253 4 5 40
1723 4 5 35
120 4 5 30
1899 4 5 22
6149 4 5 15
3198 4 5 10
2777 4 5 1
4055 4 7 89
2542 4 7 84
647 4 7 78
3271 4 7 71
1018 4 7 65
467 4 7 58
1662 4 7 52
3725 4 7 47
4233 4 7 40
176 4 7 35
5116 4 7 29
1996 4 7 25
4516 4 7 20
2240 4 7 16
2855 4 7 10
1557 4 7 5
1581 4 9 89
2464 4 9 84
48 4 9 78
3125 4 9 71
494 4 9 65
6461 4 9 57
1224 4 9 53
1739 4 9 47
3426 4 9 40
6444 4 9 34
583 4 9 29
443 4 9 25
1355 4 9 20
5579 4 9 15
2443 4 9 10
276 4 9 5
29 4 11 89
1114 4 11 84
6127 4 11 77
1027 4 11 73
2376 4 11 65
5016 4 11 57
472 4 11 53
1171 4 11 47
2851 4 11 40
4579 4 11 34
5466 4 11 28
4324 4 11 22
6146 4 11 15
2069 4 11 10
5944 4 11 3
6220 4 13 88
3047 4 13 82
4898 4 13 76
4619 4 13 70
711 4 13 66
4374 4 13 60
565 4 13 54
1684 4 13 47
2630 4 13 40
4208 4 13 34
4601 4 13 28
3313 4 13 22
5762 4 13 15
1777 4 13 10
3166 4 13 3
4313 4 14 88
2798 4 14 82
3179 4 14 76
2099 4 14 70
493 4 14 66
2849 4 14 60
5546 4 14 53
66 4 14 47
2569 4 14 40
2983 4 14 34
1682 4 14 28
2491 4 14 22
4983 4 14 15
182 4 14 10
2350 4 14 3
2938 4 15 88
1386 4 15 82
2512 4 15 76
1513 4 15 70
4152 4 15 65
4788 4 15 57
5594 4 15 52
3316 4 15 47
1009 4 15 40
5065 4 15 33
5874 4 15 27
1394 4 15 22
3398 4 15 15
4768 4 15 9
4356 4 15 2
2862 4 16 88
147 4 16 82
1811 4 16 76
717 4 16 70
2634 4 16 65
4441 4 16 57
5243 4 16 52
3006 4 16 47
5072 4 16 39
3964 4 16 34
1254 4 16 28
787 4 16 22
4994 4 16 14
334 4 16 8
348 4 16 3
5734 4 17 87
5949 4 17 82
158 4 17 76
557 4 17 70
1584 4 17 65
3987 4 17 57
3977 4 17 52
2865 4 17 47
3000 4 17 39
3598 4 17 34
490 4 17 28
292 4 17 22
4692 4 17 14
219 4 17 8
243 4 17 3
22 4 18 87
4942 4 18 82
5385 4 18 75
5753 4 18 70
474 4 18 65
2925 4 18 57
1341 4 18 52
5352 4 18 46
2378 4 18 41
1081 4 18 36
4333 4 18 30
1575 4 18 22
1974 4 18 14
4598 4 18 7
1544 4 18 1
5328 4 19 86
4978 4 19 80
5413 4 19 74
1292 4 19 69
3355 4 19 64
5758 4 19 60
3926 4 19 53
5774 4 19 46
2257 4 19 41
620 4 19 36
3654 4 19 30
1339 4 19 22
1046 4 19 14
4485 4 19 7
408 4 19 1
4491 5 0 86
2281 5 0 80
5347 5 0 74
386 5 0 69
1467 5 0 64
3294 5 0 60
3633 5 0 53
5204 5 0 46
1722 5 0 41
439 5 0 36
2902 5 0 30
1118 5 0 22
585 5 0 14
3616 5 0 7
3978 5 0 1
3529 5 1 86
2274 5 1 80
4317 5 1 74
6482 5 1 68
6293 5 1 62
6302 5 1 57
6483 5 1 51
564 5 1 46
4162 5 1 40
3142 5 1 33
5256 5 1 27
735 5 1 22
5824 5 1 13
4155 5 1 8
6373 5 1 2
2930 5 2 86
2186 5 2 80
2683 5 2 74
3862 5 2 68
6062 5 2 62
6169 5 2 57
6120 5 2 51
5649 5 2 45
2026 5 2 40
2127 5 2 33
4304 5 2 27
75 5 2 22
4753 5 2 13
3217 5 2 8
5602 5 2 2
2392 5 3 86
1774 5 3 80
2118 5 3 74
3800 5 3 68
5184 5 3 62
5550 5 3 57
2730 5 3 51
5447 5 3 45
2002 5 3 40
4577 5 3 32
5213 5 3 27
5043 5 3 21
5707 5 3 15
1244 5 3 9
3792 5 3 2
4172 5 4 85
6233 5 4 79
2095 5 4 73
2145 5 4 65
1266 5 4 57
6101 5 4 50
3159 5 4 46
3580 5 4 40
4490 5 4 32
2825 5 4 27
3824 5 4 21
4588 5 4 15
776 5 4 9
2525 5 4 2
3410 5 5 84
3568 5 5 77
1470 5 5 72
461 5 5 68
5053 5 5 62
4840 5 5 57
5467 5 5 50
4943 5 5 45
1084 5 5 40
3791 5 5 32
1646 5 5 27
2424 5 5 21
1902 5 5 15
515 5 5 9
1007 5 5 2
1353 5 7 83
2761 5 7 79
6265 5 7 72
4540 5 7 67
5316 5 7 61
5080 5 7 55
2721 5 7 50
3246 5 7 45
3700 5 7 39
3287 5 7 34
394 5 7 28
5300 5 7 21
253 5 7 15
459 5 7 9
25 5 7 2
950 5 9 83
2191 5 9 79
5678 5 9 72
3379 5 9 67
5173 5 9 61
4015 5 9 55
294 5 9 50
1650 5 9 45
2901 5 9 39
860 5 9 34
74 5 9 28
4509 5 9 21
6434 5 9 14
1477 5 9 7
2671 5 9 1
485 5 11 82
4432 5 11 75
3974 5 11 70
5160 5 11 64
3230 5 11 60
3451 5 11 53
4662 5 11 46
3547 5 11 40
1909 5 11 32
6490 5 11 26
1371 5 11 20
4307 5 11 15
4785 5 11 8
5129 5 11 2
2867 6 0 80
1195 6 0 74
3099 6 0 68
4709 6 0 62
4311 6 0 57
3872 6 0 50
1126 6 0 45
4790 6 0 38
310 6 0 34
6067 6 0 27
2157 6 0 21
5272 6 0 14
795 6 0 7
2432 6 0 1
5883 6 7 79
5381 6 7 72
908 6 7 67
3716 6 7 61
3815 6 7 55
6259 6 7 49
5645 6 7 42
2747 6 7 38
3979 6 7 33
4237 6 7 27
1601 6 7 21
4842 6 7 14
6316 6 7 6
67 6 7 1
814 6 9 79
5289 6 9 72
805 6 9 67
6456 6 9 60
3343 6 9 53
4435 6 9 46
785 6 9 40
855 6 9 32
4686 6 9 26
329 6 9 20
4124 6 9 15
3463 6 9 8
4802 6 9 2
2802 6 11 78
2758 6 11 71
4218 6 11 64
1783 6 11 60
3169 6 11 53
4429 6 11 46
6452 6 11 39
308 6 11 34
5897 6 11 27
1468 6 11 21
3311 6 11 14
3378 6 11 6
947 6 12 77
274 6 12 72
5529 6 12 66
886 6 12 60
1509 6 12 53
4099 6 12 46
5714 6 12 39
5379 6 12 33
6170 6 12 26
6003 6 12 19
4411 6 12 14
1061 6 12 6
286 6 13 77
129 6 13 72
3818 6 13 66
4629 6 13 59
4799 6 13 54
1338 6 13 47
1821 6 13 39
4529 6 13 33
4724 6 13 26
5201 6 13 19
2746 6 13 14
257 6 13 6
1097 6 14 76
6469 6 14 69
6407 6 14 63
3185 6 14 58
1129 6 14 52
5174 6 14 46
5367 6 14 39
2654 6 14 33
3961 6 14 26
5049 6 14 19
1335 6 14 14
101 6 14 6
156 6 15 76
4848 6 15 69
4973 6 15 63
1680 6 15 58
994 6 15 52
4797 6 15 46
4323 6 15 39
1737 6 15 33
3649 6 15 26
1658 6 15 19
64 6 15 14
6406 6 15 5
3714 6 16 74
6428 6 16 67
5929 6 16 60
412 6 16 53
3054 6 16 46
445 6 16 39
2536 6 16 32
4628 6 16 26
1551 6 16 19
3395 6 16 13
2238 6 16 8
1105 6 16 2
6455 6 17 69
5239 6 17 62
4108 6 17 57
2593 6 17 50
6492 6 17 44
4608 6 17 38
6430 6 17 32
2605 6 17 26
486 6 17 19
679 6 17 13
6222 6 17 7
3090 6 18 68
4585 6 18 62
1289 6 18 57
1616 6 18 50
5878 6 18 44
4354 6 18 38
6115 6 18 32
2559 6 18 26
5566 6 18 18
2651 6 18 12
4054 6 18 6
5745 6 19 60
4606 6 19 52
4478 6 19 46
209 6 19 39
1618 6 19 32
2064 6 19 26
5171 6 19 18
1946 6 19 12
2513 6 19 6
4385 7 0 54
893 7 0 47
5491 7 0 38
5257 7 0 32
1927 7 0 26
5103 7 0 18
1223 7 0 12
3883 7 0 5
5730 7 2 53
2809 7 2 46
5749 7 2 38
3887 7 2 32
589 7 2 26
4818 7 2 18
351 7 2 12
3429 7 2 5
5510 7 3 97
3375 7 3 93
115 7 3 88
5921 7 3 81
1813 7 3 76
4019 7 3 69
5020 7 3 62
4178 7 3 56
5660 7 3 50
4736 7 3 44
3573 7 3 38
3346 7 3 32
460 7 3 26
1629 7 3 18
5519 7 3 11
60 7 3 6
3789 7 4 97
6304 7 4 92
1768 7 4 87
4772 7 4 82
4081 7 4 75
5989 7 4 69
4939 7 4 62
4148 7 4 56
4189 7 4 50
1938 7 4 44
6160 7 4 37
2224 7 4 32
6216 7 4 25
834 7 4 20
2010 7 4 15
2844 7 4 8
6223 7 4 1
6351 7 5 96
4059 7 5 91
1502 7 5 85
5845 7 5 79
4047 7 5 72
2526 7 5 66
3002 7 5 59
3124 7 5 54
4594 7 5 46
4123 7 5 38
3086 7 5 32
4668 7 5 25
6009 7 5 19
3030 7 5 12
1045 7 5 5
3408 7 7 96
2172 7 7 91
1309 7 7 85
5819 7 7 79
3303 7 7 72
424 7 7 66
4638 7 7 58
5186 7 7 51
5339 7 7 45
2275 7 7 38
2635 7 7 32
3805 7 7 25
3938 7 7 19
1751 7 7 12
733 7 7 5
935 7 9 96
5427 7 9 90
313 7 9 85
5263 7 9 79
2965 7 9 72
6441 7 9 65
618 7 9 57
568 7 9 50
1495 7 9 44
3273 7 9 37
4279 7 9 31
3067 7 9 24
3362 7 9 17
5966 7 9 11
5715 7 9 5
697 7 11 96
5209 7 11 90
133 7 11 85
5234 7 11 79
2219 7 11 72
5520 7 11 65
183 7 11 57
499 7 11 50
6139 7 11 43
988 7 11 38
372 7 11 32
4941 7 11 24
2286 7 11 17
4981 7 11 11
4684 7 11 5
526 7 12 96
4719 7 12 90
4048 7 12 84
2840 7 12 77
5843 7 12 71
3253 7 12 64
4332 7 12 59
810 7 12 54
4512 7 12 46
3984 7 12 38
2546 7 12 31
2990 7 12 24
4940 7 12 16
2642 7 12 10
5394 7 12 1
5908 7 13 95
261 7 13 90
2576 7 13 84
2188 7 13 77
5468 7 13 71
2999 7 13 64
2178 7 13 59
5741 7 13 52
3578 7 13 46
1623 7 13 38
1393 7 13 31
2466 7 13 24
4771 7 13 16
2242 7 13 10
5236 7 13 1
301 7 14 95
6311 7 14 89
5625 7 14 83
1521 7 14 79
769 7 14 72
5249 7 14 65
6154 7 14 56
3528 7 14 50
4258 7 14 43
804 7 14 38
1308 7 14 31
6473 7 14 23
2553 7 14 18
3939 7 14 11
4349 7 14 5
6140 7 15 94
542 7 15 90
2556 7 15 84
280 7 15 77
5176 7 15 71
764 7 15 64
1573 7 15 59
5307 7 15 52
3565 7 15 46
53 7 15 38
4895 7 15 30
3347 7 15 21
3269 7 15 14
6397 7 15 5
5262 7 16 94
3766 7 16 89
3772 7 16 83
5117 7 16 78
2222 7 16 71
519 7 16 64
574 7 16 59
3992 7 16 52
534 7 16 46
6072 7 16 37
3486 7 16 31
6436 7 16 23
2058 7 16 18
1558 7 16 11
2767 7 16 5
1984 7 17 94
3594 7 17 89
822 7 17 83
1336 7 17 78
2137 7 17 71
5808 7 17 63
3762 7 17 57
179 7 17 50
3321 7 17 43
6285 7 17 37
1578 7 17 31
6317 7 17 23
52 7 17 18
1271 7 17 11
1520 7 17 5
79 7 18 94
3134 7 18 89
6465 7 18 82
2989 7 18 75
5612 7 18 69
4326 7 18 62
1877 7 18 56
5229 7 18 49
4439 7 18 42
6214 7 18 37
496 7 18 31
5051 7 18 23
5282 7 18 17
4623 7 18 11
495 7 18 5
6020 7 19 93
5900 7 19 87
3782 7 19 82
2804 7 19 75
3779 7 19 69
2762 7 19 62
92 7 19 56
3864 7 19 49
1582 7 19 42
3909 7 19 37
5157 7 19 30
2136 7 19 21
2981 7 19 14
4759 7 19 5
3896 8 0 92
1757 8 0 87
2382 8 0 82
2691 8 0 75
3150 8 0 69
1503 8 0 62
3497 8 0 55
5925 8 0 49
1278 8 0 42
3908 8 0 37
4867 8 0 30
6481 8 0 20
1847 8 0 15
1924 8 0 8
4781 8 0 1
3835 8 2 92
144 8 2 87
989 8 2 82
1264 8 2 75
2883 8 2 69
694 8 2 62
3452 8 2 55
5074 8 2 49
832 8 2 42
1555 8 2 37
4706 8 2 30
6471 8 2 20
1407 8 2 15
1378 8 2 8
2417 8 2 1
3035 8 3 92
78 8 3 87
699 8 3 82
6298 8 3 74
5326 8 3 67
5561 8 3 60
3717 8 3 52
393 8 3 46
4861 8 3 37
4135 8 3 30
5747 8 3 20
1288 8 3 15
1357 8 3 8
2117 8 3 1
509 8 7 92
6022 8 7 86
1110 8 7 80
422 8 7 74
5199 8 7 67
5183 8 7 60
2976 8 7 52
15 8 7 46
236 8 7 37
2850 8 7 30
4376 8 7 20
539 8 7 15
729 8 7 8
706 8 7 1
70 8 9 92
5087 8 9 86
798 8 9 80
382 8 9 74
2165 8 9 67
3136 8 9 60
1853 8 9 52
5474 8 9 45
1148 8 9 38
3509 8 9 30
4224 8 9 20
3051 8 9 14
3151 8 9 5
6194 9 0 91
212 9 0 85
5149 9 0 79
5871 9 0 71
5699 9 0 63
3603 9 0 57
18 9 0 50
2393 9 0 43
4741 9 0 37
688 9 0 30
2843 9 0 20
2819 9 0 14
1668 9 0 5
4960 9 2 91
6151 9 2 84
6117 9 2 76
2772 9 2 69
6474 9 2 61
3205 9 2 55
3733 9 2 49
216 9 2 42
6111 9 2 36
1926 9 2 30
2640 9 2 20
2465 9 2 14
670 9 2 5
4560 9 3 91
5452 9 3 84
2141 9 3 76
2163 9 3 69
3942 9 3 61
1347 9 3 55
3309 9 3 49
5534 9 3 41
6478 9 3 35
2547 9 3 29
4916 9 3 24
4609 9 3 16
685 9 3 10
559 9 3 1
3520 9 5 91
2656 9 5 84
2019 9 5 76
1703 9 5 69
3636 9 5 61
3400 9 5 54
2101 9 5 46
6086 9 5 36
1173 9 5 30
2425 9 5 20
2089 9 5 14
137 9 5 5
2652 9 7 91
572 9 7 84
1065 9 7 76
890 9 7 69
3366 9 7 61
6034 9 7 53
2473 9 7 46
4557 9 7 36
2607 9 7 29
4791 9 7 24
4260 9 7 16
640 9 7 10
214 9 7 1
956 9 9 91
2371 9 9 83
1134 9 9 78
1607 9 9 71
5457 9 9 63
3558 9 9 57
5203 9 9 49
5187 9 9 41
4343 9 9 35
1733 9 9 29
4675 9 9 24
2585 9 9 16
136 9 9 10
6175 9 11 90
2372 9 11 84
306 9 11 76
4837 9 11 68
2676 9 11 62
3121 9 11 55
2148 9 11 49
4617 9 11 41
2334 9 11 35
1064 9 11 29
4363 9 11 24
2338 9 11 16
5653 9 11 9
5798 9 13 90
1549 9 13 84
6091 9 13 75
2631 9 13 69
648 9 13 61
5790 9 13 53
6235 9 13 45
5842 9 13 37
6442 9 13 29
3962 9 13 24
1845 9 13 16
5514 9 13 9
4145 9 14 90
6083 9 14 83
944 9 14 78
1583 9 14 71
4394 9 14 63
2360 9 14 57
5133 9 14 49
3483 9 14 41
5576 9 14 34
3753 9 14 27
1368 9 14 21
959 9 14 14
6271 9 14 4
4057 9 15 90
4647 9 15 83
6212 9 15 77
1871 9 15 71
4010 9 15 63
105 9 15 57
5110 9 15 49
2563 9 15 41
5123 9 15 34
3012 9 15 27
5097 9 15 20
4901 9 15 13
4658 9 15 7
2480 9 16 90
3419 9 16 83
5378 9 16 77
1161 9 16 71
3187 9 16 63
6262 9 16 56
2745 9 16 49
2356 9 16 41
5088 9 16 34
1994 9 16 27
2347 9 16 20
4548 9 16 13
3681 9 16 7
2109 9 17 90
2905 9 17 83
2395 9 17 77
256 9 17 71
1466 9 17 63
5948 9 17 56
1030 9 17 49
2107 9 17 41
4750 9 17 34
504 9 17 27
2114 9 17 20
4358 9 17 13
985 9 17 7
1585 9 18 90
2961 9 18 82
5922 9 18 74
2020 9 18 67
3046 9 18 60
1642 9 18 52
4513 9 18 45
5555 9 18 37
5349 9 18 29
3453 9 18 24
1354 9 18 16
4197 9 18 9
637 9 19 90
1790 9 19 82
5636 9 19 74
6090 9 19 66
3319 9 19 58
5180 9 19 51
5241 9 19 45
2866 9 19 37
4885 9 19 29
622 9 19 24
1047 9 19 16
4056 9 19 9
3754 10 0 89
6176 10 0 82
4533 10 0 74
5417 10 0 66
2818 10 0 58
4970 10 0 51
1107 10 0 45
2590 10 0 37
4858 10 0 29
3841 10 0 23
2365 10 0 17
2256 10 0 11
5503 10 0 4
1848 10 2 89
5583 10 2 82
3877 10 2 73
5219 10 2 64
2786 10 2 58
4878 10 2 51
4734 10 2 44
2933 10 2 37
4281 10 2 29
3539 10 2 23
2057 10 2 17
1398 10 2 11
4769 10 2 4
545 10 3 89
4169 10 3 82
3802 10 3 73
1893 10 3 64
2548 10 3 58
4440 10 3 51
4039 10 3 44
2913 10 3 37
3599 10 3 29
3268 10 3 23
1779 10 3 17
1001 10 3 11
4379 10 3 4
403 10 5 89
4126 10 5 82
3576 10 5 73
6357 10 5 63
4937 10 5 56
978 10 5 49
1010 10 5 41
4549 10 5 33
2998 10 5 26
1225 10 5 18
1122 10 5 11
3730 10 5 4
245 10 7 89
3192 10 7 82
2808 10 7 73
3929 10 7 63
4704 10 7 56
4117 10 7 48
1891 10 7 42
5833 10 7 36
2158 10 7 29
2300 10 7 23
1073 10 7 17
6495 10 7 10
220 10 9 89
3129 10 9 82
1011 10 9 73
3341 10 9 63
3710 10 9 56
4053 10 9 48
247 10 9 42
5816 10 9 36
5725 10 9 28
4482 10 9 21
6382 10 9 13
5398 10 9 6
6273 10 11 88
2726 10 11 81
5618 10 11 75
1883 10 11 69
5894 10 11 60
1361 10 11 52
3485 10 11 45
2048 10 11 37
3564 10 11 29
1015 10 11 23
836 10 11 17
6078 10 11 10
6049 10 13 88
1672 10 13 81
4544 10 13 75
801 10 13 69
4760 10 13 60
407 10 13 52
2252 10 13 45
1439 10 13 37
514 10 13 29
615 10 13 23
208 10 13 17
3075 10 13 10
4211 10 14 88
1175 10 14 81
271 10 14 75
6123 10 14 68
819 10 14 62
1016 10 14 55
891 10 14 49
4894 10 14 40
6463 10 14 31
4620 10 14 23
6237 10 14 16
3790 10 14 9
3816 10 15 88
345 10 15 81
6192 10 15 74
4437 10 15 66
2489 10 15 58
2826 10 15 51
3686 10 15 44
1881 10 15 37
5704 10 15 28
3481 10 15 21
5663 10 15 13
5274 10 15 6
6138 10 16 87
6100 10 16 81
6162 10 16 74
4199 10 16 66
1329 10 16 58
2469 10 16 51
1069 10 16 44
5527 10 16 36
5172 10 16 28
2968 10 16 21
5631 10 16 13
4300 10 16 6
3391 10 17 87
3010 10 17 81
6005 10 17 74
3431 10 17 66
1096 10 17 58
2337 10 17 51
1023 10 17 44
4648 10 17 36
4167 10 17 28
1901 10 17 21
4857 10 17 13
4000 10 17 6
4378 10 18 86
5329 10 18 79
4473 10 18 71
772 10 18 63
3489 10 18 56
3022 10 18 48
4890 10 18 41
3922 10 18 33
2450 10 18 26
899 10 18 18
979 10 18 11
1147 10 18 4
2708 10 19 86
1728 10 19 79
2346 10 19 71
5255 10 19 62
1008 10 19 55
5690 10 19 48
3857 10 19 41
2890 10 19 33
1960 10 19 26
6185 10 19 17
2637 10 19 10
340 11 0 86
451 11 0 79
446 11 0 71
5106 11 0 62
983 11 0 55
5279 11 0 48
2142 11 0 41
2484 11 0 33
2574 11 0 25
4927 11 0 18
299 11 0 11
181 11 0 4
5742 11 2 85
3780 11 2 79
5906 11 2 70
2084 11 2 63
3447 11 2 56
2773 11 2 48
5456 11 2 40
3755 11 2 31
3796 11 2 23
6207 11 2 16
3224 11 2 9
471 11 3 85
6236 11 3 78
1553 11 3 71
3369 11 3 62
387 11 3 55
3282 11 3 48
4644 11 3 40
4751 11 3 30
1592 11 3 20
4184 11 3 13
3323 11 3 6
5434 11 5 84
2285 11 5 75
1295 11 5 68
5828 11 5 61
5674 11 5 53
6097 11 5 45
1025 11 5 37
5346 11 5 28
6246 11 5 20
3851 11 5 13
2794 11 5 6
5101 11 7 84
1681 11 7 75
6375 11 7 67
1300 11 7 60
5655 11 7 51
249 11 7 44
2400 11 7 36
2718 11 7 28
5902 11 7 20
2358 11 7 13
2570 11 7 6
4499 11 9 84
6267 11 9 74
3126 11 9 66
998 11 9 58
2323 11 9 51
5105 11 9 43
4486 11 9 37
4278 11 9 28
5057 11 9 20
1654 11 9 13
2366 11 9 6
3414 11 11 84
5498 11 11 74
1711 11 11 66
5876 11 11 57
4971 11 11 49
2606 11 11 40
4714 11 11 30
5570 11 11 19
1410 11 11 12
6121 11 11 4
2342 11 13 84
6355 11 13 73
916 11 13 63
3207 11 13 56
1131 11 13 48
3132 11 13 40
4431 11 13 30
5541 11 13 19
1228 11 13 12
5823 11 13 4
1866 12 0 84
5670 12 0 73
5901 12 0 62
5426 12 0 54
2066 12 0 46
4526 12 0 36
2462 12 0 28
5009 12 0 20
5934 12 0 12
5047 12 0 4
1799 12 2 83
1514 12 2 77
232 12 2 71
3338 12 2 62
3331 12 2 54
458 12 2 46
4277 12 2 36
1973 12 2 28
4876 12 2 20
5852 12 2 12
3695 12 2 4
119 12 3 83
1569 12 3 76
4451 12 3 68
3607 12 3 61
5177 12 3 53
5835 12 3 45
5635 12 3 36
6429 12 3 27
1493 12 3 20
5246 12 3 12
3559 12 3 4
3954 12 5 82
5508 12 5 72
3469 12 5 65
5955 12 5 56
3208 12 5 47
5182 12 5 38
1111 12 5 30
3152 12 5 19
1178 12 5 12
3199 12 5 4
3555 12 7 82
5435 12 7 72
2835 12 7 65
3526 12 7 56
2385 12 7 47
5170 12 7 38
601 12 7 30
2812 12 7 19
669 12 7 12
1257 12 7 4
3190 12 9 82
4727 12 9 72
1786 12 9 65
3983 12 9 55
3227 12 9 48
2339 12 9 40
4041 12 9 30
2055 12 9 19
5705 12 9 11
5384 12 9 3
993 12 11 82
3763 12 11 72
531 12 11 65
3831 12 11 55
596 12 11 48
1787 12 11 40
2426 12 11 30
3201 12 11 18
16 12 11 11
4082 12 11 3
1279 12 13 81
3784 12 13 74
603 12 13 66
5875 12 13 57
4673 12 13 49
2065 12 13 40
2333 12 13 30
1775 12 13 18
6158 12 13 10
1596 12 15 80
5729 12 15 73
5488 12 15 62
2603 12 15 54
6186 12 15 45
4696 12 15 36
6368 12 15 27
4247 12 15 19
4810 12 15 11
3164 12 15 3
2658 12 16 79
5168 12 16 70
143 12 16 63
2982 12 16 56
2180 12 16 47
4843 12 16 38
5014 12 16 29
4869 12 16 22
4212 12 16 13
851 12 16 6
839 12 17 73
3911 12 17 62
2373 12 17 54
6095 12 17 45
3186 12 17 36
5905 12 17 27
3229 12 17 19
4076 12 17 11
2939 12 17 3
639 12 18 60
4249 12 18 51
4762 12 18 43
2803 12 18 37
3534 12 18 28
4384 12 18 20
4436 12 18 12
4185 12 18 3
5811 12 19 55
473 12 19 48
1087 12 19 40
1969 12 19 30
1589 12 19 18
5968 12 19 10
877 13 0 96
3991 13 0 90
5069 13 0 81
5983 13 0 73
3193 13 0 62
1603 13 0 54
5082 13 0 45
1854 13 0 36
5746 13 0 27
3203 13 0 19
3927 13 0 11
2655 13 0 3
1458 13 7 95
5945 13 7 89
1535 13 7 82
3533 13 7 72
500 13 7 65
2073 13 7 55
5190 13 7 47
4780 13 7 38
3933 13 7 29
4552 13 7 22
3981 13 7 13
540 13 7 6
765 13 9 95
4711 13 9 89
5061 13 9 81
5418 13 9 73
2293 13 9 62
1408 13 9 54
4474 13 9 45
108 13 9 36
5276 13 9 27
2929 13 9 19
3651 13 9 11
1496 13 9 3
747 13 10 95
1310 13 10 89
1971 13 10 81
4793 13 10 73
1037 13 10 61
3639 13 10 53
4672 13 10 45
4703 13 10 35
5067 13 10 28
3999 13 10 20
4098 13 10 12
4020 13 10 3
1235 13 11 94
2797 13 11 89
1136 13 11 81
3131 13 11 73
816 13 11 61
3562 13 11 53
4058 13 11 45
3252 13 11 35
1929 13 11 28
3797 13 11 20
3583 13 11 12
2375 13 11 3
370 13 13 94
4626 13 13 88
5493 13 13 80
5716 13 13 73
491 13 13 61
2266 13 13 53
3682 13 13 45
1995 13 13 35
311 13 13 28
441 13 13 20
1700 13 13 12
1312 13 13 3
5756 13 15 93
5802 13 15 87
1636 13 15 81
1688 13 15 73
479 13 15 61
780 13 15 53
3180 13 15 45
3389 13 15 34
6068 13 15 26
1505 13 15 17
316 13 15 10
4722 13 16 93
5382 13 16 87
1286 13 16 81
279 13 16 73
5581 13 16 60
2931 13 16 51
4519 13 16 43
2436 13 16 37
612 13 16 28
5543 13 16 19
3567 13 16 11
681 13 16 3
2995 13 17 93
4575 13 17 87
6042 13 17 80
5472 13 17 73
973 13 17 60
1534 13 17 51
4421 13 17 43
1704 13 17 37
4232 13 17 27
1342 13 17 19
2340 13 17 11
5506 13 17 2
749 13 18 93
237 13 18 87
5673 13 18 80
2344 13 18 73
5268 13 18 59
3449 13 18 52
46 13 18 45
2852 13 18 34
2893 13 18 26
1464 13 18 17
6466 13 18 9
566 13 19 93
6082 13 19 86
5933 13 19 78
1471 13 19 71
874 13 19 62
1359 13 19 54
3694 13 19 45
228 13 19 34
2881 13 19 26
425 13 19 17
6080 13 19 9
1527 14 0 92
5063 14 0 86
5440 14 0 78
6105 14 0 70
6387 14 0 62
1012 14 0 54
3585 14 0 45
6198 14 0 33
1446 14 0 25
4678 14 0 18
5782 14 0 10
530 14 2 92
4881 14 2 86
5152 14 2 78
4452 14 2 70
5938 14 2 62
605 14 2 54
3560 14 2 45
6171 14 2 33
263 14 2 25
4204 14 2 18
4936 14 2 10
4132 14 3 91
2265 14 3 83
1404 14 3 76
4119 14 3 68
2216 14 3 61
6426 14 3 52
5780 14 3 44
1478 14 3 36
5154 14 3 27
3606 14 3 18
4345 14 3 10
3234 14 4 91
2050 14 4 83
146 14 4 76
1364 14 4 68
2128 14 4 61
4467 14 4 52
4657 14 4 44
600 14 4 36
3966 14 4 27
2785 14 4 18
3781 14 4 10
2678 14 5 91
1781 14 5 83
2231 14 5 75
4045 14 5 67
6253 14 5 59
2927 14 5 52
3077 14 5 44
6193 14 5 35
6254 14 5 27
2255 14 5 18
2994 14 5 10
2598 14 7 91
1451 14 7 83
396 14 7 75
3332 14 7 67
5856 14 7 59
2549 14 7 52
300 14 7 44
4089 14 7 35
4371 14 7 27
5449 14 7 17
4359 14 7 9
1076 14 9 91
4511 14 9 82
3359 14 9 72
6310 14 9 64
786 14 9 58
366 14 9 51
3743 14 9 43
5763 14 9 36
761 14 9 27
5230 14 9 17
3718 14 9 9
715 14 10 91
4238 14 10 82
3301 14 10 72
5801 14 10 64
5336 14 10 57
3850 14 10 49
2051 14 10 40
3793 14 10 29
3830 14 10 22
2699 14 10 13
5077 14 10 5
365 14 11 91
4033 14 11 82
2552 14 11 72
5724 14 11 64
5283 14 11 57
3629 14 11 49
6017 14 11 39
781 14 11 32
3928 14 11 24
915 14 11 16
5302 14 11 8
5021 14 13 90
4420 14 13 81
4716 14 13 72
5136 14 13 64
3441 14 13 57
2954 14 13 49
3212 14 13 39
6438 14 13 31
1280 14 13 23
5744 14 13 16
4742 14 13 8
5013 14 15 90
3804 14 15 81
4506 14 15 72
4763 14 15 64
5480 14 15 56
2059 14 15 47
1729 14 15 38
3834 14 15 29
3703 14 15 22
1085 14 15 13
3339 14 15 5
4966 15 0 90
3747 15 0 81
2298 15 0 72
4274 15 0 64
4777 15 0 56
610 15 0 47
20 15 0 37
6408 15 0 26
398 15 0 17
2675 15 0 9
522 15 2 90
3521 15 2 81
1906 15 2 72
2290 15 2 64
2806 15 2 56
5476 15 2 46
3500 15 2 36
6261 15 2 26
1547 15 2 16
4430 15 2 8
174 15 3 90
5281 15 3 80
1651 15 3 73
3299 15 3 59
2014 15 3 52
167 15 3 44
2974 15 3 35
4144 15 3 27
4870 15 3 17
818 15 3 9
5572 15 7 89
2017 15 7 80
4480 15 7 72
2280 15 7 64
2744 15 7 56
4752 15 7 46
2567 15 7 36
2952 15 7 26
1444 15 7 16
2408 15 7 8
4717 16 0 89
1429 16 0 80
3340 16 0 72
6155 16 0 63
307 16 0 56
1186 16 0 46
2367 16 0 36
2897 16 0 26
6157 16 0 15
727 16 0 8
3696 16 2 89
4740 16 2 79
4261 16 2 70
4225 16 2 62
6412 16 2 53
2239 16 2 45
3971 16 2 33
5323 16 2 24
683 16 2 16
1730 16 2 8
2941 16 3 89
4159 16 3 79
6128 16 3 69
4731 16 3 60
671 16 3 51
2110 16 3 43
3286 16 3 36
2788 16 3 26
6019 16 3 15
285 16 3 8
2502 16 5 89
3435 16 5 79
4291 16 5 69
2724 16 5 60
324 16 5 51
929 16 5 43
3085 16 5 36
1088 16 5 26
4228 16 5 15
6247 16 5 7
1074 16 7 89
608 16 7 79
6370 16 7 68
5972 16 7 60
4114 16 7 50
1842 16 7 43
552 16 7 36
6257 16 7 25
3403 16 7 18
2973 16 7 10
6239 16 8 88
5035 16 8 80
2068 16 8 72
3848 16 8 63
4496 16 8 55
4322 16 8 47
19 16 8 37
5844 16 8 26
4051 16 8 15
6043 16 8 7
6132 16 9 88
4538 16 9 80
1694 16 9 72
1383 16 9 63
3742 16 9 55
4040 16 9 47
2841 16 9 36
2056 16 9 25
3248 16 9 18
2653 16 9 10
1903 16 10 88
4306 16 10 80
1381 16 10 72
1094 16 10 63
1205 16 10 55
2104 16 10 47
1869 16 10 36
1508 16 10 25
963 16 10 18
5494 16 10 9
716 16 11 88
4174 16 11 80
6290 16 11 71
830 16 11 62
4635 16 11 53
2174 16 11 45
3402 16 11 33
2509 16 11 24
613 16 11 16
487 16 11 8
5374 16 12 87
4387 16 12 80
3737 16 12 71
5975 16 12 61
2170 16 12 52
5633 16 12 43
28 16 12 36
2268 16 12 24
569 16 12 16
6319 16 12 7
4396 16 13 87
4133 16 13 80
100 16 13 71
5959 16 13 61
1716 16 13 52
4402 16 13 43
4315 16 13 35
3892 16 13 27
4618 16 13 17
2589 16 13 8
4246 16 14 86
5062 16 14 78
2044 16 14 70
529 16 14 62
1846 16 14 53
2074 16 14 45
2697 16 14 33
1656 16 14 24
423 16 14 16
4855 16 14 7
6087 16 15 85
3149 16 15 78
1988 16 15 70
291 16 15 62
1212 16 15 53
1524 16 15 45
2259 16 15 33
4924 16 15 23
1638 16 15 16
1483 16 15 7
5340 16 16 85
2907 16 16 78
948 16 16 70
5706 16 16 61
831 16 16 52
2 16 16 43
2734 16 16 35
3264 16 16 27
3812 16 16 17
883 16 16 8
1321 16 17 85
1841 16 17 78
5134 16 17 69
2246 16 17 60
3467 16 17 50
6183 16 17 42
3524 16 17 36
6324 16 17 23
547 16 17 16
536 16 17 7
977 16 18 85
1673 16 18 78
4044 16 18 69
1776 16 18 60
3363 16 18 50
4181 16 18 42
4965 16 18 35
2719 16 18 27
1145 16 18 17
9 16 18 8
4713 16 19 84
5135 16 19 73
2869 16 19 59
254 16 19 52
6013 16 19 42
4568 16 19 35
2686 16 19 27
3685 16 19 16
5767 16 19 6
4581 17 0 84
5026 17 0 73
1829 17 0 59
5002 17 0 51
117 17 0 43
953 17 0 35
1792 17 0 27
3219 17 0 16
5153 17 0 6
1937 17 2 84
4591 17 2 73
5228 17 2 58
203 17 2 51
5331 17 2 42
2398 17 2 35
652 17 2 27
368 17 2 16
4442 17 2 6
5237 17 3 83
5873 17 3 74
492 17 3 66
5650 17 3 57
1462 17 3 49
1103 17 3 39
5825 17 3 31
1075 17 3 23
385 17 3 16
2657 17 3 6
4921 17 5 83
5736 17 5 74
47 17 5 66
4744 17 5 57
192 17 5 49
662 17 5 39
5644 17 5 31
4792 17 5 22
5998 17 5 12
1302 17 5 3
3415 17 7 83
3277 17 7 74
6439 17 7 65
730 17 7 55
1294 17 7 47
1634 17 7 36
5321 17 7 23
83 17 7 16
2422 17 7 6
3181 17 8 83
3004 17 8 74
5814 17 8 65
660 17 8 55
1005 17 8 47
5680 17 8 35
628 17 8 27
4720 17 8 15
4912 17 8 7
3936 17 9 82
5359 17 9 71
3998 17 9 61
645 17 9 52
4918 17 9 42
1419 17 9 35
6467 17 9 26
3993 17 9 15
3045 17 9 7
1738 17 10 82
3168 17 10 71
2996 17 10 61
5654 17 10 51
2112 17 10 42
148 17 10 35
3910 17 10 26
3748 17 10 15
1346 17 10 7
3511 17 11 81
6283 17 11 71
2666 17 11 61
4071 17 11 51
10 17 11 42
4923 17 11 34
2121 17 11 26
3689 17 11 15
4587 17 11 6
3556 17 12 80
6449 17 12 70
4535 17 12 61
3557 17 12 51
4092 17 12 41
1858 17 12 33
5919 17 12 22
5008 17 12 12
6376 17 12 2
2875 17 13 80
1159 17 13 70
2113 17 13 61
3459 17 13 51
2497 17 13 41
4945 17 13 32
907 17 13 24
2987 17 13 15
4375 17 13 6
698 17 14 79
6103 17 14 68
1423 17 14 60
2528 17 14 50
3597 17 14 42
4730 17 14 34
5231 17 14 25
5469 17 14 17
6126 17 14 7
5412 17 15 78
2027 17 15 69
1762 17 15 60
1856 17 15 50
1397 17 15 42
4438 17 15 34
1532 17 15 25
4308 17 15 17
309 17 15 7
5393 17 16 78
281 17 16 69
466 17 16 60
1804 17 16 50
1311 17 16 42
3295 17 16 34
712 17 16 25
3963 17 16 17
5793 17 16 6
2539 17 17 78
4539 17 17 68
296 17 17 60
806 17 17 50
1192 17 17 42
2911 17 17 34
2854 17 17 24
2720 17 17 15
4116 17 17 6
4231 17 18 77
3327 17 18 70
241 17 18 61
2674 17 18 51
668 17 18 41
1116 17 18 32
4959 17 18 23
5665 17 18 15
3393 17 18 6
4765 17 19 76
533 17 19 68
65 17 19 60
343 17 19 50
638 17 19 42
2848 17 19 34
2093 17 19 24
6159 17 19 14
4380 17 19 4
5060 18 0 75
1769 18 0 67
5787 18 0 59
3989 18 0 51
6282 18 0 40
1377 18 0 29
1476 18 0 22
4836 18 0 12
4616 18 0 2
6228 18 2 74
5064 18 2 64
2289 18 2 56
24 18 2 46
433 18 2 36
5102 18 2 23
4563 18 2 15
3066 18 2 6
3293 18 3 73
1734 18 3 58
5896 18 3 50
6288 18 3 41
799 18 3 32
4477 18 3 23
4301 18 3 15
2078 18 3 6
5451 18 5 70
6122 18 5 60
4483 18 5 49
6307 18 5 38
3572 18 5 29
6484 18 5 21
2374 18 5 13
2956 18 5 5
6074 19 0 69
2895 19 0 59
1438 19 0 51
1242 19 0 40
5388 19 0 28
2063 19 0 19
901 19 0 11
3955 19 0 2
754 19 2 67
5071 19 2 59
478 19 2 51
184 19 2 40
4685 19 2 28
1789 19 2 19
3902 19 2 10
5605 19 3 66
2727 19 3 57
5022 19 3 48
942 19 3 40
3623 19 3 28
1039 19 3 19
2857 19 3 10
3499 19 5 43
5303 19 5 34
4833 19 5 23
4220 19 5 15
719 19 5 6
3336 19 6 96
275 19 6 90
4913 19 6 80
330 19 6 70
5927 19 6 60
4110 19 6 49
5973 19 6 38
3833 19 6 28
4596 19 6 18
2870 19 6 9
2713 19 7 95
2032 19 7 88
4097 19 7 80
5951 19 7 69
2079 19 7 59
165 19 7 51
5481 19 7 39
5030 19 7 31
5766 19 7 21
2077 19 7 13
2368 19 7 5
2693 19 8 95
1872 19 8 88
3468 19 8 79
4355 19 8 68
6345 19 8 59
3732 19 8 50
5218 19 8 41
409 19 8 32
4062 19 8 23
4182 19 8 15
591 19 8 6
1822 19 9 95
6215 19 9 87
3413 19 9 80
4297 19 9 69
3726 19 9 58
5615 19 9 50
4756 19 9 41
6400 19 9 31
5432 19 9 21
3884 19 9 12
634 19 9 2
5111 19 10 94
4321 19 10 88
2667 19 10 79
4210 19 10 68
6213 19 10 59
2296 19 10 50
4336 19 10 41
4961 19 10 31
2884 19 10 21
2837 19 10 12
6224 19 10 1
3882 19 11 94
3491 19 11 88
1566 19 11 79
1819 19 11 68
6006 19 11 59
2249 19 11 50
3250 19 11 41
3013 19 11 31
588 19 11 21
1510 19 11 12
5606 19 11 1
1237 19 12 94
6085 19 12 87
3310 19 12 80
3920 19 12 69
3477 19 12 58
5248 19 12 50
2132 19 12 41
821 19 12 31
6417 19 12 20
1319 19 12 12
3358 19 12 1
896 19 13 94
5976 19 13 87
5994 19 13 79
2380 19 13 67
4508 19 13 59
1964 19 13 50
1591 19 13 41
5588 19 13 30
1169 19 13 18
2075 19 13 9
6437 19 14 93
4783 19 14 86
4944 19 14 78
3631 19 14 68
4705 19 14 59
6365 19 14 49
4500 19 14 38
3063 19 14 28
1484 19 14 18
1825 19 14 9
5369 19 15 93
1771 19 15 86
4209 19 15 78
2264 19 15 68
4654 19 15 59
4712 19 15 49
293 19 15 38
895 19 15 28
954 19 15 18
1247 19 15 9
4290 19 16 92
3827 19 16 86
3472 19 16 78
1299 19 16 68
3934 19 16 59
4331 19 16 49
6241 19 16 37
5757 19 16 26
1248 19 16 15
6057 19 16 5
2821 19 17 92
2908 19 17 86
2023 19 17 78
6360 19 17 67
2090 19 17 59
3437 19 17 49
3975 19 17 37
5075 19 17 26
1068 19 17 15
5463 19 17 5
2495 19 18 92
6337 19 18 85
1564 19 18 78
2519 19 18 67
107 19 18 59
3068 19 18 49
4522 19 18 36
4180 19 18 23
2322 19 18 15
4815 19 18 5
5460 19 19 91
6445 19 19 81
5446 19 19 71
211 19 19 61
6403 19 19 50
1314 19 19 41
5484 19 19 30
154 19 19 18
700 19 19 9
