2671
4066 0 3 98
3872 0 3 95
4670 0 3 92
406 0 3 89
1970 0 3 87
2713 0 3 85
3697 0 3 82
3956 0 3 79
2806 0 3 75
3568 0 3 73
4746 0 3 70
4253 0 3 67
2647 0 3 64
2920 0 3 61
4128 0 3 57
88 0 3 54
3976 0 3 51
4487 0 3 48
3682 0 3 45
3981 0 3 42
4761 0 3 39
3962 0 3 36
1468 0 3 33
1783 0 3 30
3079 0 3 28
580 0 3 25
3161 0 3 22
4590 0 3 18
3584 0 3 16
2385 0 3 12
4343 0 3 8
4731 0 3 6
3330 0 3 3
3773 0 4 98
3585 0 4 95
755 0 4 92
1988 0 4 88
4011 0 4 85
3418 0 4 82
56 0 4 79
1905 0 4 75
2504 0 4 73
4570 0 4 68
3422 0 4 66
4640 0 4 63
1646 0 4 59
569 0 4 56
4477 0 4 52
3303 0 4 48
4685 0 4 44
3527 0 4 42
4651 0 4 39
2483 0 4 35
1939 0 4 33
1449 0 4 30
441 0 4 28
1336 0 4 24
3636 0 4 21
2732 0 4 18
4775 0 4 15
1345 0 4 12
1390 0 4 8
1611 0 4 5
3123 0 4 2
748 0 5 96
3780 0 5 92
704 0 5 88
3264 0 5 84
1885 0 5 82
4145 0 5 78
3349 0 5 76
4789 0 5 74
1018 0 5 71
3658 0 5 69
1261 0 5 66
2906 0 5 62
2599 0 5 60
3269 0 5 58
2396 0 5 55
618 0 5 52
1694 0 5 48
4597 0 5 44
4754 0 5 40
1447 0 5 37
2690 0 5 33
4298 0 5 29
2039 0 5 26
2762 0 5 22
2820 0 5 18
4036 0 5 14
1629 0 5 11
4277 0 5 7
4652 0 5 3
1744 0 6 95
174 0 6 91
4592 0 6 88
1920 0 6 84
4351 0 6 79
664 0 6 75
3668 0 6 71
4057 0 6 67
4251 0 6 63
1506 0 6 59
3285 0 6 55
549 0 6 52
926 0 6 48
4232 0 6 44
3703 0 6 40
588 0 6 37
1810 0 6 33
2828 0 6 29
482 0 6 26
840 0 6 22
1976 0 6 18
1719 0 6 14
908 0 6 10
3995 0 6 7
4580 0 6 3
1135 0 7 95
4693 0 7 90
4304 0 7 87
607 0 7 85
4755 0 7 81
3206 0 7 78
626 0 7 76
1000 0 7 74
998 0 7 70
3538 0 7 66
3665 0 7 61
2405 0 7 57
4386 0 7 53
3155 0 7 49
1759 0 7 46
1402 0 7 43
3717 0 7 40
213 0 7 37
4001 0 7 32
4427 0 7 29
4074 0 7 25
4221 0 7 21
4704 0 7 16
1321 0 7 12
4776 0 7 7
3122 0 7 3
4049 0 8 94
3618 0 8 91
3041 0 8 88
4703 0 8 83
4424 0 8 79
511 0 8 74
4108 0 8 69
3784 0 8 65
3705 0 8 62
769 0 8 59
2028 0 8 55
4010 0 8 51
3546 0 8 47
4258 0 8 45
1344 0 8 42
3196 0 8 39
26 0 8 35
3777 0 8 31
1964 0 8 28
1067 0 8 24
4215 0 8 20
3110 0 8 18
1712 0 8 14
3950 0 8 9
962 0 8 7
1504 0 8 3
3253 0 9 94
636 0 9 91
460 0 9 87
3559 0 9 83
3985 0 9 79
3536 0 9 73
4228 0 9 68
3606 0 9 65
2062 0 9 62
2566 0 9 58
4356 0 9 54
3275 0 9 51
3135 0 9 47
4767 0 9 44
3107 0 9 40
84 0 9 37
3406 0 9 32
3437 0 9 29
2613 0 9 24
3954 0 9 20
1093 0 9 17
3964 0 9 15
3576 0 9 11
2186 0 9 7
125 0 9 3
2073 0 10 94
1516 0 10 90
2611 0 10 87
2157 0 10 83
1803 0 10 78
4501 0 10 75
3635 0 10 71
3134 0 10 67
3498 0 10 63
86 0 10 59
87 0 10 55
3237 0 10 51
1278 0 10 47
4607 0 10 44
1471 0 10 40
4266 0 10 35
4444 0 10 30
3185 0 10 27
2915 0 10 24
3327 0 10 20
1070 0 10 17
72 0 10 14
3504 0 10 9
2675 0 10 6
358 0 10 3
2016 0 11 94
4320 0 11 89
3841 0 11 86
3915 0 11 83
1626 0 11 78
1374 0 11 75
3515 0 11 71
2790 0 11 67
3365 0 11 63
3401 0 11 58
3265 0 11 54
2635 0 11 50
159 0 11 47
292 0 11 44
3148 0 11 39
3405 0 11 34
4316 0 11 32
3441 0 11 28
3403 0 11 23
3858 0 11 20
185 0 11 17
3070 0 11 13
189 0 11 11
801 0 11 7
378 0 11 2
1335 0 12 94
297 0 12 89
2823 0 12 85
2036 0 12 81
1724 0 12 78
4299 0 12 74
2830 0 12 69
2416 0 12 65
420 0 12 62
715 0 12 58
3060 0 12 54
3913 0 12 49
2812 0 12 44
2177 0 12 39
3376 0 12 34
2556 0 12 31
3514 0 12 26
4532 0 12 21
2604 0 12 16
4261 0 12 11
4633 0 12 6
4225 0 12 2
4801 0 13 93
4753 0 13 90
2296 0 13 86
3997 0 13 82
3289 0 13 78
2638 0 13 74
2951 0 13 68
2255 0 13 64
4558 0 13 60
25 0 13 58
2219 0 13 54
3270 0 13 48
1032 0 13 44
1571 0 13 39
2224 0 13 34
161 0 13 31
2355 0 13 26
869 0 13 21
2099 0 13 16
2333 0 13 11
4491 0 13 6
3888 0 13 2
1203 0 14 93
1265 0 14 90
1440 0 14 86
3859 0 14 82
1774 0 14 78
1343 0 14 74
2777 0 14 68
4263 0 14 63
2494 0 14 58
4648 0 14 53
3144 0 14 48
621 0 14 44
1033 0 14 39
3671 0 14 33
2119 0 14 29
2500 0 14 24
3245 0 14 20
4040 0 14 16
1038 0 14 11
3765 0 14 6
3266 0 14 2
1155 0 15 93
4560 0 15 89
386 0 15 85
600 0 15 81
598 0 15 78
1153 0 15 73
4194 0 15 68
1139 0 15 63
3609 0 15 57
4134 0 15 53
139 0 15 48
64 0 15 44
518 0 15 39
3306 0 15 33
688 0 15 29
4489 0 15 22
902 0 15 18
1091 0 15 14
2977 0 15 9
3045 0 15 5
3540 0 15 1
1017 0 16 93
1244 0 16 89
2979 0 16 84
791 0 16 79
2146 0 16 73
2850 0 16 68
279 0 16 63
3050 0 16 57
1636 0 16 52
384 0 16 48
3227 0 16 43
3150 0 16 40
2286 0 16 35
3831 0 16 30
254 0 16 27
2776 0 16 24
784 0 16 20
1737 0 16 15
3173 0 16 11
2509 0 16 6
4411 0 16 1
875 0 17 93
3990 0 17 88
4549 0 17 83
4817 0 17 77
4675 0 17 75
2038 0 17 71
2032 0 17 67
2404 0 17 62
3876 0 17 57
1314 0 17 52
3674 0 17 47
2349 0 17 43
3140 0 17 40
1168 0 17 35
3829 0 17 30
4468 0 17 25
2406 0 17 21
1464 0 17 16
3597 0 17 10
3598 0 17 7
4618 0 17 1
3891 0 18 92
4562 0 18 87
1232 0 18 83
14 0 18 77
3339 0 18 74
2531 0 18 68
4156 0 18 62
3800 0 18 57
1204 0 18 52
1580 0 18 47
725 0 18 43
3056 0 18 40
3517 0 18 34
3977 0 18 30
3486 0 18 25
208 0 18 21
1301 0 18 16
1897 0 18 10
3028 0 18 7
4150 0 18 1
3883 0 19 92
1359 0 19 87
4679 0 19 82
255 0 19 78
684 0 19 73
1932 0 19 68
1817 0 19 62
1452 0 19 57
4534 0 19 51
690 0 19 47
4355 0 19 42
3137 0 19 38
2600 0 19 35
1866 0 19 30
1760 0 19 25
4130 0 19 20
4163 0 19 14
1501 0 19 9
2342 0 19 5
497 0 19 1
2511 1 1 92
3358 1 1 86
3650 1 1 82
74 1 1 78
3801 1 1 72
4276 1 1 70
1690 1 1 66
3233 1 1 61
317 1 1 57
2848 1 1 51
2960 1 1 46
1332 1 1 43
2986 1 1 40
3019 1 1 34
318 1 1 30
4051 1 1 24
513 1 1 20
2672 1 1 14
896 1 1 9
2060 1 1 5
1876 1 3 92
3198 1 3 86
3643 1 3 82
4071 1 3 77
3078 1 3 74
4785 1 3 67
1713 1 3 62
691 1 3 57
2751 1 3 51
2199 1 3 46
3073 1 3 42
2513 1 3 38
1317 1 3 35
945 1 3 30
2818 1 3 24
99 1 3 20
2104 1 3 13
3738 1 3 9
4234 1 3 4
1812 2 1 92
1508 2 1 86
950 2 1 82
818 2 1 77
1428 2 1 74
3291 2 1 67
4677 2 1 61
4499 2 1 56
3141 2 1 52
4707 2 1 46
843 2 1 42
1640 2 1 38
3416 2 1 34
4636 2 1 29
2847 2 1 22
3942 2 1 17
2588 2 1 13
3092 2 1 9
4005 2 1 4
1799 2 3 92
1387 2 3 86
3481 2 3 81
94 2 3 78
2143 2 3 72
3195 2 3 70
530 2 3 66
2118 2 3 61
4025 2 3 56
2066 2 3 52
4591 2 3 46
102 2 3 42
1213 2 3 38
3311 2 3 34
746 2 3 29
2225 2 3 22
3649 2 3 17
1967 2 3 13
2482 2 3 9
453 2 3 4
1328 2 5 92
1333 2 5 86
2145 2 5 81
2453 2 5 76
4581 2 5 72
4737 2 5 69
2766 2 5 64
4321 2 5 60
3853 2 5 57
1828 2 5 51
4614 2 5 45
4207 2 5 41
4357 2 5 38
1943 2 5 33
2067 2 5 28
2535 2 5 23
1222 2 5 20
3686 2 5 12
3691 2 5 7
3855 2 5 1
1192 2 6 92
1273 2 6 86
2319 2 6 80
3851 2 6 77
783 2 6 74
3255 2 6 67
4421 2 6 61
2532 2 6 56
1386 2 6 52
3986 2 6 46
4350 2 6 41
428 2 6 38
3586 2 6 32
1302 2 6 28
2313 2 6 23
507 2 6 19
2683 2 6 15
525 2 6 11
359 2 6 6
3662 2 6 1
495 2 7 92
592 2 7 86
1045 2 7 80
701 2 7 77
93 2 7 74
3190 2 7 67
3975 2 7 61
2481 2 7 56
395 2 7 52
871 2 7 46
1206 2 7 41
4787 2 7 37
2249 2 7 32
3300 2 7 27
3104 2 7 23
4240 2 7 18
2228 2 7 13
2091 2 7 8
1430 2 7 5
470 2 8 92
58 2 8 86
3704 2 8 79
3583 2 8 72
467 2 8 69
2610 2 8 64
1617 2 8 60
527 2 8 56
237 2 8 52
2994 2 8 45
1836 2 8 41
1286 2 8 36
1277 2 8 33
1752 2 8 28
1721 2 8 23
1348 2 8 18
1971 2 8 13
1736 2 8 8
3086 2 8 4
3496 2 9 91
4117 2 9 86
3541 2 9 79
2949 2 9 72
1718 2 9 68
2160 2 9 61
2048 2 9 56
4708 2 9 51
3188 2 9 45
1775 2 9 41
4453 2 9 35
4741 2 9 29
2005 2 9 22
727 2 9 17
4307 2 9 12
1022 2 9 7
2930 2 9 1
3449 2 10 91
2650 2 10 86
3427 2 10 79
2293 2 10 72
858 2 10 68
1787 2 10 61
336 2 10 56
4698 2 10 51
3023 2 10 45
1115 2 10 41
3342 2 10 35
1407 2 10 29
1537 2 10 22
4138 2 10 16
1612 2 10 10
23 2 10 7
2469 2 10 1
3066 2 11 91
898 2 11 86
2651 2 11 79
1847 2 11 72
2029 2 11 67
3783 2 11 61
59 2 11 56
3666 2 11 51
1669 2 11 45
153 2 11 41
2452 2 11 35
239 2 11 29
168 2 11 22
4103 2 11 16
1401 2 11 10
1564 2 11 6
2401 2 11 1
2905 2 12 91
2149 2 12 85
3791 2 12 80
436 2 12 77
339 2 12 73
1526 2 12 67
3701 2 12 61
4625 2 12 55
2686 2 12 51
4 2 12 45
4144 2 12 40
1441 2 12 34
4390 2 12 28
1324 2 12 23
1296 2 12 18
261 2 12 13
91 2 12 8
4790 2 12 3
2520 2 13 91
714 2 13 85
2204 2 13 80
4806 2 13 76
4201 2 13 72
4541 2 13 66
4440 2 13 60
176 2 13 56
585 2 13 51
4765 2 13 44
2579 2 13 38
2897 2 13 32
1648 2 13 27
4166 2 13 22
4052 2 13 16
1362 2 13 10
1245 2 13 6
584 2 13 1
1307 2 14 91
559 2 14 85
4773 2 14 79
1773 2 14 72
3163 2 14 66
1533 2 14 60
3804 2 14 55
2432 2 14 51
3187 2 14 44
3217 2 14 37
1550 2 14 32
3113 2 14 26
4557 2 14 20
2621 2 14 12
865 2 14 7
1797 2 14 1
514 2 15 91
143 2 15 85
3160 2 15 79
1188 2 15 72
2768 2 15 66
793 2 15 60
3570 2 15 55
856 2 15 51
694 2 15 44
2752 2 15 37
3074 2 15 31
1008 2 15 26
4054 2 15 20
2169 2 15 12
423 2 15 7
89 2 15 1
937 2 16 90
4626 2 16 85
2934 2 16 79
3125 2 16 71
2020 2 16 67
2152 2 16 61
3075 2 16 55
586 2 16 51
3939 2 16 43
2125 2 16 39
1601 2 16 33
152 2 16 28
1178 2 16 23
3805 2 16 17
4121 2 16 12
2990 2 16 6
581 2 16 1
97 2 17 90
214 2 17 85
4752 2 17 78
1570 2 17 72
273 2 17 66
2232 2 17 59
4600 2 17 54
1807 2 17 48
2273 2 17 43
2684 2 17 38
2476 2 17 32
2567 2 17 26
3596 2 17 20
1785 2 17 12
2321 2 17 6
986 2 18 89
258 2 18 84
506 2 18 79
1831 2 18 71
3457 2 18 66
1582 2 18 59
3715 2 18 54
1368 2 18 48
1940 2 18 43
1077 2 18 38
2340 2 18 32
4792 2 18 25
1950 2 18 20
3136 2 18 11
304 2 18 6
593 2 19 89
996 2 19 83
4377 2 19 76
3220 2 19 72
3372 2 19 65
4518 2 19 61
2409 2 19 55
211 2 19 51
2479 2 19 43
853 2 19 38
1730 2 19 32
3877 2 19 25
1478 2 19 20
2234 2 19 11
1109 2 19 5
1947 3 1 88
696 3 1 83
3871 3 1 76
2015 3 1 72
3084 3 1 65
2536 3 1 61
2395 3 1 55
7 3 1 51
1437 3 1 43
666 3 1 38
510 3 1 32
3267 3 1 25
1193 3 1 20
2137 3 1 11
683 3 1 5
880 3 3 88
3491 3 3 82
3048 3 3 76
169 3 3 72
2797 3 3 65
4528 3 3 60
583 3 3 55
3497 3 3 49
4770 3 3 43
3054 3 3 37
2808 3 3 31
995 3 3 26
3007 3 3 20
1491 3 3 11
3488 3 3 4
667 3 5 88
2471 3 5 82
2344 3 5 76
461 3 5 71
2901 3 5 66
4813 3 5 58
2183 3 5 53
1078 3 5 47
2266 3 5 42
4694 3 5 37
3502 3 5 30
1892 3 5 24
3969 3 5 19
1997 3 5 15
4656 3 5 10
1108 3 5 6
3436 3 6 87
4414 3 6 82
1716 3 6 76
1432 3 6 70
4328 3 6 65
2179 3 6 60
4449 3 6 54
365 3 6 48
1052 3 6 43
1475 3 6 37
3277 3 6 30
328 3 6 24
3194 3 6 19
1130 3 6 15
3963 3 6 10
631 3 6 6
3230 3 7 87
3834 3 7 82
1020 3 7 76
2792 3 7 69
2399 3 7 64
4522 3 7 59
2414 3 7 54
1581 3 7 47
4118 3 7 41
2164 3 7 35
3288 3 7 28
4233 3 7 22
3861 3 7 16
4563 3 7 9
3752 3 7 3
2068 3 8 87
3470 3 8 82
4529 3 8 75
1562 3 8 71
2491 3 8 66
4029 3 8 58
917 3 8 53
590 3 8 47
3848 3 8 41
1681 3 8 35
1383 3 8 28
4180 3 8 22
2000 3 8 16
4024 3 8 9
2043 3 8 3
276 3 9 87
3391 3 9 82
1886 3 9 75
1455 3 9 71
2040 3 9 66
3887 3 9 58
4391 3 9 52
2614 3 9 45
1662 3 9 40
3203 3 9 33
2525 3 9 27
2723 3 9 22
1916 3 9 16
3511 3 9 9
1485 3 9 3
2335 3 10 86
2473 3 10 79
1500 3 10 71
1035 3 10 66
2688 3 10 58
4236 3 10 52
988 3 10 45
976 3 10 39
2400 3 10 32
2010 3 10 25
3251 3 10 19
850 3 10 15
3118 3 10 10
1972 3 10 5
2126 3 11 86
2227 3 11 79
1205 3 11 71
140 3 11 66
2107 3 11 58
2928 3 11 52
4596 3 11 44
2575 3 11 37
2862 3 11 30
2374 3 11 23
3103 3 11 17
3827 3 11 12
2220 3 11 6
558 3 12 86
863 3 12 79
4185 3 12 70
679 3 12 65
2112 3 12 60
2815 3 12 54
1304 3 12 47
2911 3 12 41
4273 3 12 34
4332 3 12 28
3397 3 12 22
1211 3 12 16
2731 3 12 9
335 3 12 3
1494 3 13 85
4403 3 13 78
121 3 13 72
1728 3 13 65
458 3 13 60
4808 3 13 53
4162 3 13 46
4082 3 13 40
3105 3 13 33
2292 3 13 27
1074 3 13 22
3867 3 13 15
560 3 13 10
1272 3 13 5
4667 3 14 84
439 3 14 79
3875 3 14 70
31 3 14 65
3373 3 14 59
1899 3 14 54
4288 3 14 46
4065 3 14 40
1852 3 14 33
1711 3 14 27
4748 3 14 20
67 3 14 11
3465 3 14 4
4047 3 15 83
3629 3 15 76
1382 3 15 69
1495 3 15 64
3466 3 15 59
409 3 15 54
4006 3 15 46
3696 3 15 40
4696 3 15 32
1473 3 15 25
1119 3 15 19
3004 3 15 14
3298 3 15 8
4676 3 15 3
1953 3 16 83
3111 3 16 76
1239 3 16 69
4346 3 16 63
2687 3 16 57
4649 3 16 50
3524 3 16 46
2676 3 16 40
4027 3 16 32
954 3 16 25
4122 3 16 18
4018 3 16 12
2108 3 16 6
1615 3 17 83
2922 3 17 76
519 3 17 69
2019 3 17 63
2089 3 17 57
4650 3 17 49
3991 3 17 43
1569 3 17 36
2410 3 17 31
4429 3 17 25
2211 3 17 18
3713 3 17 12
1833 3 17 6
1050 3 18 83
2314 3 18 76
4092 3 18 68
1767 3 18 61
1510 3 18 55
2356 3 18 49
3463 3 18 43
910 3 18 36
2384 3 18 31
4393 3 18 25
1944 3 18 18
3341 3 18 12
552 3 18 6
4619 3 19 77
4147 3 19 72
602 3 19 65
2558 3 19 59
4340 3 19 53
3507 3 19 46
2315 3 19 40
4002 3 19 32
4312 3 19 24
2508 3 19 19
1870 3 19 14
2216 3 19 8
2488 3 19 3
4565 4 1 74
2947 4 1 67
1856 4 1 61
1371 4 1 55
1942 4 1 49
3087 4 1 43
3209 4 1 35
3398 4 1 27
4469 4 1 20
2246 4 1 10
674 4 1 5
1849 5 1 71
4758 5 1 65
1397 5 1 59
3577 5 1 53
3102 5 1 46
2253 5 1 40
3849 5 1 32
1983 5 1 24
693 5 1 19
516 5 1 14
1396 5 1 8
4751 5 1 2
3512 5 3 67
1414 5 3 61
1293 5 3 55
901 5 3 49
426 5 3 43
2925 5 3 35
944 5 3 27
3223 5 3 20
4361 5 3 9
3480 5 3 2
434 5 5 67
4623 5 5 60
4325 5 5 53
2475 5 5 46
2035 5 5 40
2242 5 5 32
4507 5 5 23
2886 5 5 17
2585 5 5 12
4738 5 5 5
4654 5 10 60
4226 5 10 53
596 5 10 46
4341 5 10 39
2235 5 10 32
2542 5 10 23
1928 5 10 17
1527 5 10 12
4208 5 10 5
1338 5 16 60
2381 5 16 53
10 5 16 46
2955 5 16 39
700 5 16 32
3162 5 16 22
3685 5 16 15
4216 5 16 9
3371 5 16 2
3930 5 18 97
2932 5 18 95
3889 5 18 90
4671 5 18 84
4777 5 18 78
3299 5 18 71
4712 5 18 65
931 5 18 59
2983 5 18 53
3225 5 18 45
4514 5 18 38
282 5 18 32
2461 5 18 22
3425 5 18 15
2287 5 18 9
348 5 18 2
4078 6 1 96
1257 6 1 92
28 6 1 86
432 6 1 79
2548 6 1 70
2869 6 1 64
3250 6 1 59
2844 6 1 53
3063 6 1 45
2667 6 1 38
3608 6 1 31
3810 6 1 25
1505 6 1 18
2534 6 1 12
377 6 1 4
2351 6 3 96
985 6 3 92
1365 6 3 85
3364 6 3 78
1453 6 3 71
3984 6 3 65
411 6 3 59
2158 6 3 53
1231 6 3 45
2363 6 3 38
2226 6 3 31
3727 6 3 25
4148 6 3 17
9 6 3 12
3946 6 3 3
1137 6 5 96
3733 6 5 91
3428 6 5 84
2594 6 5 78
4020 6 5 70
3593 6 5 63
4732 6 5 56
4705 6 5 50
1005 6 5 46
935 6 5 39
4756 6 5 31
4283 6 5 24
648 6 5 19
46 6 5 14
1132 6 5 8
3660 6 5 2
2942 6 6 94
3510 6 6 88
1126 6 6 82
1813 6 6 75
1149 6 6 71
1439 6 6 65
4129 6 6 58
4611 6 6 51
51 6 6 43
2553 6 6 35
541 6 6 27
2572 6 6 20
3932 6 6 9
114 6 6 2
2748 6 7 94
1912 6 7 88
780 6 7 82
796 6 7 75
278 6 7 71
4664 6 7 64
3145 6 7 59
502 6 7 53
4317 6 7 44
1561 6 7 37
2182 6 7 30
83 6 7 23
4647 6 7 16
2725 6 7 9
2236 6 7 1
2603 6 8 94
4255 6 8 87
3204 6 8 82
4412 6 8 74
1816 6 8 67
4404 6 8 60
2103 6 8 53
3380 6 8 44
154 6 8 37
762 6 8 30
1462 6 8 22
2580 6 8 15
1535 6 8 9
2075 6 8 1
776 6 9 94
4387 6 9 86
3260 6 9 78
3389 6 9 70
3575 6 9 63
4540 6 9 56
4582 6 9 50
257 6 9 46
4523 6 9 38
1090 6 9 31
3278 6 9 24
3043 6 9 18
2304 6 9 12
3803 6 9 3
645 6 10 94
2633 6 10 86
2451 6 10 78
2984 6 10 70
2876 6 10 63
3503 6 10 56
2189 6 10 50
180 6 10 46
4106 6 10 38
4331 6 10 30
1425 6 10 22
2190 6 10 15
4613 6 10 8
2714 6 10 2
3181 6 12 93
3799 6 12 88
3304 6 12 81
2197 6 12 76
3572 6 12 68
4616 6 12 60
2053 6 12 53
1586 6 12 44
4246 6 12 36
2316 6 12 31
1264 6 12 24
1460 6 12 18
889 6 12 12
3762 6 12 3
4178 6 13 92
4577 6 13 84
2454 6 13 78
2670 6 13 70
2705 6 13 63
1062 6 13 56
1782 6 13 50
3642 6 13 45
1465 6 13 38
3826 6 13 30
4644 6 13 21
692 6 13 16
2592 6 13 9
2008 6 13 1
3345 6 14 92
4296 6 14 84
928 6 14 78
2132 6 14 70
938 6 14 63
1053 6 14 56
1682 6 14 50
2106 6 14 45
1104 6 14 38
3447 6 14 30
1670 6 14 21
400 6 14 16
1826 6 14 9
1303 6 14 1
2719 6 16 92
3736 6 16 84
665 6 16 78
1140 6 16 70
2307 6 16 62
4780 6 16 56
1608 6 16 50
1756 6 16 45
1081 6 16 38
1240 6 16 30
859 6 16 21
1965 6 16 15
3319 6 16 8
1369 6 16 2
1350 6 18 92
1710 6 18 84
289 6 18 78
942 6 18 70
1655 6 18 62
4657 6 18 56
285 6 18 50
1142 6 18 45
554 6 18 38
941 6 18 30
2939 6 18 20
2208 6 18 9
955 6 18 2
4574 7 1 91
2873 7 1 84
3742 7 1 77
3806 7 1 72
243 7 1 65
3998 7 1 58
3580 7 1 51
38 7 1 43
2463 7 1 35
2937 7 1 26
2921 7 1 20
1859 7 1 9
899 7 1 2
3748 7 3 91
2696 7 3 84
2644 7 3 77
2838 7 3 72
4064 7 3 64
2829 7 3 59
270 7 3 53
2661 7 3 43
1673 7 3 35
2515 7 3 25
3226 7 3 17
3729 7 3 11
1722 7 3 4
799 7 9 91
425 7 9 84
1539 7 9 77
4706 7 9 71
4080 7 9 64
2685 7 9 59
2382 7 9 52
4435 7 9 44
3065 7 9 35
2331 7 9 25
2607 7 9 17
2957 7 9 11
4556 7 9 3
266 7 10 91
2445 7 10 83
612 7 10 76
2138 7 10 68
2722 7 10 60
557 7 10 53
2576 7 10 43
1622 7 10 35
681 7 10 25
723 7 10 17
2737 7 10 11
3067 7 10 3
3921 7 12 90
4087 7 12 84
490 7 12 77
4365 7 12 71
2247 7 12 64
2330 7 12 59
1481 7 12 52
3769 7 12 44
2620 7 12 35
5 7 12 25
1941 7 12 16
757 7 12 9
4373 7 12 1
2023 7 13 90
3605 7 13 84
3621 7 13 76
501 7 13 68
1152 7 13 60
80 7 13 53
2168 7 13 43
191 7 13 35
4684 7 13 24
305 7 13 18
419 7 13 12
3693 7 13 3
1224 7 16 90
2360 7 16 84
2931 7 16 76
4220 7 16 67
3908 7 16 60
3460 7 16 52
3139 7 16 44
1285 7 16 35
4112 7 16 24
225 7 16 18
4293 7 16 11
1691 7 16 3
3254 7 18 89
464 7 18 83
2749 7 18 75
4794 7 18 70
1588 7 18 62
4105 7 18 56
4810 7 18 49
1068 7 18 42
3124 7 18 37
4599 7 18 29
3815 7 18 21
1882 7 18 15
1573 7 18 8
3857 7 18 1
3164 7 19 89
4559 7 19 82
4402 7 19 74
1706 7 19 67
3578 7 19 60
566 7 19 52
1534 7 19 44
964 7 19 35
3973 7 19 24
4586 7 19 17
4561 7 19 10
4061 7 19 4
2264 8 1 89
3630 8 1 82
1388 8 1 74
4272 8 1 66
1860 8 1 58
2730 8 1 51
3532 8 1 42
2657 8 1 37
2853 8 1 29
2835 8 1 21
2131 8 1 14
362 8 1 8
2241 8 1 1
1753 8 2 89
3467 8 2 82
761 8 2 74
4109 8 2 66
1514 8 2 58
2003 8 2 51
3430 8 2 42
2371 8 2 37
2584 8 2 29
1592 8 2 21
272 8 2 14
4480 8 2 7
4401 8 3 88
2375 8 3 81
1543 8 3 76
3620 8 3 67
2261 8 3 60
4605 8 3 51
2985 8 3 42
1502 8 3 37
1786 8 3 29
925 8 3 21
4733 8 3 13
37 8 3 8
360 8 3 1
4271 8 5 88
1946 8 5 81
3673 8 5 75
4113 8 5 70
914 8 5 62
3741 8 5 56
3489 8 5 49
256 8 5 42
953 8 5 37
820 8 5 29
1036 8 5 20
658 8 5 9
3295 8 7 88
1554 8 7 81
3090 8 7 75
4439 8 7 69
1023 8 7 63
445 8 7 56
1607 8 7 49
40 8 7 42
1843 8 7 36
3244 8 7 30
1529 8 7 20
847 8 7 8
2347 8 9 88
1422 8 9 81
2827 8 9 75
907 8 9 69
3862 8 9 62
2640 8 9 56
1010 8 9 49
3241 8 9 41
1910 8 9 34
3634 8 9 28
172 8 9 22
1966 8 9 15
1288 8 9 8
1312 8 10 88
1322 8 10 81
2819 8 10 75
707 8 10 69
2784 8 10 62
1200 8 10 56
668 8 10 49
2393 8 10 41
1745 8 10 34
1385 8 10 28
4093 8 10 21
4620 8 10 13
4681 8 10 7
1297 8 12 88
6 8 12 81
2769 8 12 75
249 8 12 69
3494 8 12 61
4520 8 12 54
2497 8 12 46
4076 8 12 38
2554 8 12 29
830 8 12 20
1073 8 12 7
671 8 13 88
3182 8 13 80
4669 8 13 76
2757 8 13 67
1026 8 13 60
4013 8 13 51
3845 8 13 41
729 8 13 34
291 8 13 28
3688 8 13 21
4019 8 13 13
2244 8 13 7
379 8 16 88
4663 8 16 79
271 8 16 70
429 8 16 62
1189 8 16 56
3396 8 16 48
3983 8 16 42
2139 8 16 35
3438 8 16 24
3651 8 16 17
4416 8 16 10
3312 8 16 4
4370 8 18 87
2821 8 18 82
4762 8 18 73
1194 8 18 67
860 8 18 60
3442 8 18 51
4363 8 18 40
212 8 18 32
4347 8 18 21
3778 8 18 13
1930 8 18 7
3439 8 19 87
151 8 19 82
3384 8 19 73
1086 8 19 67
123 8 19 60
3412 8 19 51
3911 8 19 40
4270 8 19 31
1233 8 19 24
3547 8 19 17
3707 8 19 10
2574 8 19 4
3268 9 1 87
551 9 1 81
615 9 1 75
2288 9 1 68
3798 9 1 59
3408 9 1 51
3002 9 1 40
1686 9 1 31
877 9 1 24
3475 9 1 17
2506 9 1 10
540 9 1 4
2887 9 2 87
462 9 2 81
3999 9 2 74
3747 9 2 66
4132 9 2 57
4297 9 2 49
1097 9 2 41
1250 9 2 33
742 9 2 27
2252 9 2 20
1136 9 2 6
2098 9 3 86
1956 9 3 78
821 9 3 70
4598 9 3 61
3534 9 3 54
4127 9 3 45
54 9 3 38
2372 9 3 29
2210 9 3 19
4546 9 3 13
1781 9 3 7
1161 9 5 86
610 9 5 78
609 9 5 70
3445 9 5 61
3368 9 5 54
3949 9 5 45
2130 9 5 37
3240 9 5 28
1880 9 5 21
3625 9 5 13
1482 9 5 7
1047 9 7 86
315 9 7 78
520 9 7 70
3414 9 7 61
1187 9 7 54
2187 9 7 45
446 9 7 37
1784 9 7 28
1627 9 7 21
3335 9 7 13
311 9 7 7
2027 9 10 85
1618 9 10 78
146 9 10 70
2780 9 10 61
3411 9 10 53
1469 9 10 43
3837 9 10 34
4564 9 10 27
1963 9 10 20
705 9 10 6
4212 9 12 84
1366 9 12 76
2428 9 12 67
4521 9 12 59
2968 9 12 51
2935 9 12 39
3399 9 12 31
2619 9 12 23
3811 9 12 16
627 9 12 9
2665 9 13 84
242 9 13 76
4318 9 13 66
932 9 13 57
4081 9 13 48
2087 9 13 42
1154 9 13 35
3186 9 13 24
2545 9 13 17
759 9 13 10
3117 9 13 3
2570 9 14 84
141 9 14 76
1467 9 14 66
308 9 14 57
3903 9 14 48
1225 9 14 42
1084 9 14 35
2843 9 14 24
1565 9 14 17
2403 9 14 9
1583 9 16 84
21 9 16 76
4617 9 16 65
3098 9 16 58
1672 9 16 51
4700 9 16 38
2358 9 16 29
562 9 16 19
2135 9 16 13
4388 9 16 6
1472 10 3 84
4308 10 3 75
974 10 3 68
3208 10 3 59
2305 10 3 51
2832 10 3 38
1418 10 3 29
4631 10 3 18
1883 10 3 11
466 10 3 3
800 10 5 83
1443 10 5 75
135 10 5 68
2744 10 5 59
1893 10 5 51
2498 10 5 38
1146 10 5 29
2518 10 5 18
756 10 5 11
3036 10 5 2
2724 10 7 82
3001 10 7 73
4053 10 7 66
3706 10 7 56
2346 10 7 47
2058 10 7 41
4426 10 7 32
1749 10 7 21
2912 10 7 13
3590 10 7 6
2295 10 8 82
1143 10 8 73
2626 10 8 66
3235 10 8 56
4168 10 8 46
1743 10 8 38
734 10 8 29
4281 10 8 17
722 10 8 9
3631 10 9 81
1413 10 9 74
3129 10 9 66
2868 10 9 56
3699 10 9 46
967 10 9 38
4458 10 9 28
2205 10 9 20
682 10 9 6
2392 10 10 79
3119 10 10 69
1748 10 10 61
3317 10 10 53
4119 10 10 42
2188 10 10 34
4536 10 10 27
3710 10 10 19
1424 10 10 13
2533 10 10 6
4190 10 12 75
4448 10 12 67
4014 10 12 59
186 10 12 51
1878 10 12 38
3723 10 12 28
1658 10 12 20
3352 10 12 5
2505 10 16 73
1591 10 16 66
835 10 16 56
3273 10 16 46
4451 10 16 37
1411 10 16 28
605 10 16 20
2517 10 16 5
1740 10 17 72
3922 10 17 63
4609 10 17 55
4736 10 17 48
290 10 17 42
2007 10 17 34
4077 10 17 27
3506 10 17 19
4815 10 17 12
1961 10 17 3
331 10 18 72
3832 10 18 63
4400 10 18 55
4710 10 18 48
3692 10 18 41
3293 10 18 32
991 10 18 21
2788 10 18 13
2030 10 18 6
2071 10 19 71
1993 10 19 64
1921 10 19 59
3234 10 19 50
825 10 19 45
3334 10 19 36
3331 10 19 29
2586 10 19 17
408 10 19 9
848 11 0 63
4070 11 0 55
4395 11 0 48
3544 11 0 41
1863 11 0 32
622 11 0 21
2715 11 0 13
1692 11 0 6
3350 11 1 60
3458 11 1 50
3446 11 1 44
3012 11 1 34
4812 11 1 26
2163 11 1 20
1290 11 1 5
3896 11 2 95
3356 11 2 90
1451 11 2 84
4634 11 2 74
2408 11 2 66
81 11 2 56
2233 11 2 46
2888 11 2 37
24 11 2 28
536 11 2 20
1123 11 2 5
3404 11 3 95
192 11 3 90
1196 11 3 84
3835 11 3 74
1379 11 3 65
2716 11 3 58
744 11 3 51
1016 11 3 38
2771 11 3 28
3924 11 3 19
3132 11 3 12
1738 11 3 3
3042 11 5 95
171 11 5 90
4275 11 5 83
4073 11 5 74
1094 11 5 65
2630 11 5 58
644 11 5 51
407 11 5 38
836 11 5 28
3870 11 5 19
2072 11 5 12
1019 11 5 3
1652 11 7 95
703 11 7 89
1750 11 7 82
157 11 7 73
659 11 7 66
4686 11 7 55
2890 11 7 48
1308 11 7 41
803 11 7 32
1809 11 7 20
4701 11 7 2
1517 11 8 95
4198 11 8 88
39 11 8 79
2229 11 8 69
1251 11 8 61
2764 11 8 53
4513 11 8 41
57 11 8 32
4072 11 8 19
810 11 8 12
4641 11 8 2
929 11 9 95
4009 11 9 88
3362 11 9 78
3664 11 9 69
3558 11 9 60
3353 11 9 50
2948 11 9 44
2641 11 9 34
4313 11 9 26
1819 11 9 20
3526 11 9 1
179 11 10 95
2281 11 10 88
3008 11 10 78
2206 11 10 69
4004 11 10 59
1723 11 10 50
2523 11 10 44
2221 11 10 34
3852 11 10 26
1726 11 10 20
3937 11 10 11
3016 11 10 2
2563 11 12 94
2161 11 12 86
2470 11 12 77
3779 11 12 71
1915 11 12 64
1602 11 12 59
2680 11 12 49
904 11 12 41
4176 11 12 31
1209 11 12 23
3407 11 12 16
3191 11 12 8
4757 11 14 93
2874 11 14 88
1399 11 14 78
3941 11 14 68
1329 11 14 59
2368 11 14 49
4330 11 14 40
1667 11 14 31
3948 11 14 22
1113 11 14 15
997 11 14 8
4717 11 15 93
1556 11 15 88
2338 11 15 77
3348 11 15 71
1361 11 15 64
1357 11 15 59
1334 11 15 49
3894 11 15 40
1559 11 15 31
3215 11 15 22
3790 11 15 14
3695 11 15 7
4407 11 16 93
2472 11 16 87
3440 11 16 80
391 11 16 76
4126 11 16 65
1326 11 16 58
3823 11 16 50
2425 11 16 44
1405 11 16 34
3591 11 16 26
4315 11 16 19
3392 11 16 11
2884 11 16 2
4217 11 17 93
390 11 17 87
2980 11 17 80
4237 11 17 75
3513 11 17 67
2909 11 17 59
2927 11 17 48
643 11 17 40
822 11 17 31
797 11 17 22
3138 11 17 14
2501 11 17 7
3574 11 18 93
2616 11 18 86
1904 11 18 77
1574 11 18 71
617 11 18 64
977 11 18 59
2389 11 18 48
4160 11 18 39
3169 11 18 31
3933 11 18 21
2449 11 18 13
4095 11 18 5
1513 11 19 93
473 11 19 86
2627 11 19 75
2926 11 19 67
2514 11 19 59
1106 11 19 48
3167 11 19 38
4096 11 19 27
2617 11 19 19
1585 11 19 11
2474 11 19 2
1431 12 0 93
90 12 0 86
2598 12 0 75
2502 12 0 67
456 12 0 59
4380 12 0 47
599 12 0 41
3944 12 0 31
2814 12 0 21
1316 12 0 13
2858 12 0 5
314 12 5 93
4186 12 5 85
760 12 5 78
16 12 5 68
517 12 5 59
3807 12 5 47
126 12 5 41
3850 12 5 31
1323 12 5 21
486 12 5 13
2322 12 5 5
175 12 10 93
3256 12 10 85
4378 12 10 77
1004 12 10 71
3947 12 10 63
3910 12 10 55
1419 12 10 48
3064 12 10 38
3029 12 10 27
4589 12 10 18
3603 12 10 10
2865 12 10 3
2662 12 12 92
1291 12 12 84
2490 12 12 74
1076 12 12 65
1217 12 12 58
60 12 12 50
2214 12 12 44
4692 12 12 33
4673 12 12 26
3509 12 12 19
708 12 12 11
553 12 12 2
1945 13 0 92
119 13 0 84
1700 13 0 74
2238 13 0 64
210 13 0 59
2605 13 0 47
4358 13 0 40
1212 13 0 30
4769 13 0 19
3360 13 0 10
1989 13 0 3
1057 13 2 92
3611 13 2 83
4042 13 2 74
1766 13 2 64
4490 13 2 58
3959 13 2 49
3274 13 2 40
313 13 2 30
1680 13 2 19
842 13 2 10
1129 13 2 3
571 13 3 92
2370 13 3 83
3982 13 3 74
1739 13 3 64
4174 13 3 58
2218 13 3 49
3077 13 3 40
3817 13 3 29
975 13 3 17
3840 13 3 8
142 13 5 92
1957 13 5 83
4724 13 5 73
3792 13 5 65
539 13 5 58
2181 13 5 49
815 13 5 40
1435 13 5 29
1998 13 5 15
881 13 5 8
3822 13 6 91
2303 13 6 83
2781 13 6 73
3749 13 6 65
3567 13 6 57
2677 13 6 48
1822 13 6 38
2981 13 6 27
3893 13 6 17
2459 13 6 8
2560 13 7 91
1488 13 7 82
117 13 7 73
3076 13 7 65
2913 13 7 57
2628 13 7 48
952 13 7 38
147 13 7 26
3337 13 7 19
4483 13 7 9
2260 13 8 91
1406 13 8 82
3176 13 8 72
2704 13 8 63
3417 13 8 55
832 13 8 48
1919 13 8 37
3051 13 8 27
2113 13 8 17
2439 13 8 8
421 13 9 91
4431 13 9 81
4722 13 9 73
1657 13 9 65
2155 13 9 57
1190 13 9 48
120 13 9 37
3034 13 9 27
1835 13 9 17
1262 13 9 8
3971 13 10 90
3758 13 10 83
2061 13 10 73
1978 13 10 64
4154 13 10 58
754 13 10 49
738 13 10 40
2571 13 10 28
3338 13 10 19
3588 13 10 9
3310 13 12 90
3062 13 12 83
392 13 12 73
1176 13 12 64
3753 13 12 58
1986 13 12 48
3912 13 12 36
1598 13 12 29
1165 13 12 15
2077 13 12 7
2402 13 15 90
1755 13 15 83
3755 13 15 72
19 13 15 63
2485 13 15 55
111 13 15 48
1895 13 15 36
1305 13 15 29
578 13 15 15
1980 13 15 7
1375 13 16 90
4627 13 16 82
2809 13 16 72
3681 13 16 62
477 13 16 56
1679 13 16 46
2191 13 16 37
2284 13 16 27
885 13 16 17
1201 13 16 8
437 13 17 90
4610 13 17 82
1412 13 17 72
3232 13 17 62
4466 13 17 55
3292 13 17 47
4100 13 17 40
1179 13 17 28
2879 13 17 19
2944 13 17 9
3183 13 18 89
1282 13 18 82
201 13 18 72
1907 13 18 62
3694 13 18 55
1346 13 18 47
3838 13 18 40
3766 13 18 27
4140 13 18 16
1903 13 18 8
939 13 19 89
1158 13 19 82
1528 13 19 71
3929 13 19 63
2380 13 19 55
1048 13 19 47
2666 13 19 40
3644 13 19 27
1741 13 19 16
403 13 19 8
579 14 0 89
4799 14 0 81
3388 14 0 73
739 14 0 64
2057 14 0 58
2805 14 0 47
1802 14 0 40
3218 14 0 27
2166 14 0 15
1780 14 0 7
8 14 2 89
4423 14 2 81
857 14 2 73
4502 14 2 63
316 14 2 55
244 14 2 47
1790 14 2 40
2308 14 2 26
1391 14 2 19
2006 14 2 9
2239 14 3 88
376 14 3 77
4527 14 3 70
1003 14 3 61
2083 14 3 53
3812 14 3 41
2639 14 3 31
3537 14 3 20
1771 14 3 9
353 14 7 88
1575 14 7 76
3677 14 7 65
886 14 7 56
1434 14 7 46
375 14 7 37
4235 14 7 26
484 14 7 19
1511 14 7 9
4459 14 8 87
2799 14 8 80
1492 14 8 75
2269 14 8 67
3960 14 8 58
2282 14 8 47
1515 14 8 40
1715 14 8 26
4245 14 8 18
1851 14 8 10
732 14 8 3
2194 14 9 87
2094 14 9 80
387 14 9 75
2052 14 9 67
3869 14 9 58
2708 14 9 46
1990 14 9 36
1082 14 9 29
3088 14 9 14
1984 14 9 7
1801 14 10 87
1929 14 10 80
150 14 10 75
753 14 10 67
2547 14 10 58
1355 14 10 46
1765 14 10 36
624 14 10 29
303 14 10 14
903 14 10 7
1151 14 12 87
1546 14 12 80
4219 14 12 74
768 14 12 63
2720 14 12 54
812 14 12 45
2458 14 12 35
2237 14 12 24
463 14 12 17
4575 14 12 7
504 14 19 87
3844 14 19 79
1661 14 19 69
3866 14 19 59
4450 14 19 46
2860 14 19 35
816 14 19 24
4543 14 19 16
334 14 19 8
252 15 0 87
3049 15 0 79
1595 15 0 69
2546 15 0 59
4153 15 0 46
2278 15 0 35
361 15 0 24
2695 15 0 16
3759 15 0 7
2965 15 2 86
1746 15 2 75
4428 15 2 66
3297 15 2 55
4146 15 2 46
2045 15 2 34
3259 15 2 26
2907 15 2 18
388 15 2 10
4587 15 2 2
2069 15 5 86
1696 15 5 75
3443 15 5 66
3030 15 5 55
2283 15 5 46
4509 15 5 33
3432 15 5 26
2529 15 5 18
4555 15 5 9
2012 15 10 86
1567 15 10 75
2478 15 10 66
1731 15 10 55
1276 15 10 46
3525 15 10 33
1260 15 10 26
340 15 10 18
3884 15 10 9
1299 15 12 86
1216 15 12 75
1884 15 12 66
1363 15 12 55
4796 15 12 45
733 15 12 35
1476 15 12 23
4284 15 12 15
1121 15 12 7
4604 15 14 85
2950 15 14 77
2446 15 14 70
4566 15 14 60
1720 15 14 50
3315 15 14 43
1605 15 14 34
1448 15 14 26
173 15 14 18
2495 15 14 9
368 15 17 85
2893 15 17 77
2336 15 17 70
3286 15 17 60
4192 15 17 49
178 15 17 40
3563 15 17 25
1725 15 17 16
2088 15 17 7
4718 16 0 84
635 16 0 74
4406 16 0 62
3604 16 0 55
4413 16 0 45
4719 16 0 34
1127 16 0 26
70 16 0 18
2422 16 0 9
4481 16 2 84
3221 16 2 73
2618 16 2 63
2658 16 2 54
675 16 2 45
2718 16 2 34
670 16 2 26
4300 16 2 17
3252 16 2 7
4239 16 5 84
4383 16 5 72
829 16 5 62
3529 16 5 55
4392 16 5 45
1114 16 5 34
3646 16 5 25
1056 16 5 16
4397 16 5 6
1850 16 6 84
2637 16 6 72
498 16 6 61
1522 16 6 53
3212 16 6 41
2519 16 6 31
1974 16 6 20
1380 16 6 9
3280 16 7 83
3520 16 7 72
4645 16 7 60
3965 16 7 49
4553 16 7 39
2055 16 7 31
148 16 7 20
3080 16 7 8
167 16 8 83
2285 16 8 72
2775 16 8 60
3957 16 8 49
4488 16 8 39
521 16 8 30
4164 16 8 18
1184 16 8 9
4335 16 9 80
3370 16 9 74
2721 16 9 62
2424 16 9 55
3819 16 9 45
969 16 9 34
3453 16 9 25
3709 16 9 15
1099 16 9 7
3700 16 10 76
1869 16 10 65
770 16 10 56
3116 16 10 45
4306 16 10 33
1202 16 10 26
2669 16 10 17
2738 16 10 7
195 16 12 74
4496 16 12 61
1169 16 12 53
2689 16 12 41
1103 16 12 31
448 16 12 19
2899 16 12 8
3423 16 14 68
505 16 14 59
3039 16 14 46
1069 16 14 33
1027 16 14 26
96 16 14 16
4227 16 14 6
2074 16 15 59
2041 16 15 46
3879 16 15 32
4048 16 15 19
2436 16 15 8
3557 16 17 94
4243 16 17 85
3381 16 17 76
570 16 17 65
3833 16 17 55
3553 16 17 45
4223 16 17 33
1503 16 17 25
1656 16 17 15
982 16 17 7
2460 16 18 94
3865 16 18 85
3323 16 18 76
2394 16 18 64
1900 16 18 58
1306 16 18 46
1226 16 18 32
2361 16 18 19
1699 16 18 8
3881 16 19 93
2962 16 19 85
3151 16 19 76
499 16 19 64
1252 16 19 58
1270 16 19 46
1144 16 19 32
1353 16 19 19
288 16 19 8
3789 17 0 93
2728 17 0 85
1519 17 0 76
27 17 0 64
3787 17 0 57
1092 17 0 48
1436 17 0 36
483 17 0 29
356 17 0 13
1547 17 0 5
2435 17 2 93
1879 17 2 85
785 17 2 76
3678 17 2 63
2274 17 2 54
4125 17 2 44
3493 17 2 33
864 17 2 24
2251 17 2 16
2891 17 2 6
1156 17 5 93
1160 17 5 85
221 17 5 76
2180 17 5 63
2258 17 5 54
1906 17 5 44
3170 17 5 33
4206 17 5 23
2804 17 5 15
979 17 5 7
2810 17 6 92
247 17 6 83
1751 17 6 72
2097 17 6 60
3763 17 6 49
2919 17 6 39
1734 17 6 29
3938 17 6 12
4637 17 6 2
2587 17 7 92
3152 17 7 82
798 17 7 71
3782 17 7 63
724 17 7 54
346 17 7 44
1936 17 7 33
2783 17 7 23
2624 17 7 15
69 17 7 7
1197 17 8 92
2953 17 8 81
394 17 8 73
2793 17 8 62
1555 17 8 55
3395 17 8 45
3734 17 8 33
450 17 8 23
2496 17 8 15
4814 17 8 6
452 17 9 92
2419 17 9 81
4573 17 9 72
4760 17 9 59
1776 17 9 45
3722 17 9 33
234 17 9 23
1934 17 9 15
4768 17 9 6
3031 17 10 90
3978 17 10 82
12 17 10 71
2870 17 10 63
108 17 10 54
22 17 10 44
215 17 10 33
4099 17 10 22
2782 17 10 14
4576 17 10 6
2767 17 12 90
3945 17 12 82
890 17 12 70
3089 17 12 60
343 17 12 49
4033 17 12 38
3283 17 12 25
673 17 12 15
3917 17 12 6
1977 17 14 90
3647 17 14 82
3905 17 14 69
4462 17 14 58
808 17 14 46
912 17 14 32
3675 17 14 18
663 17 14 9
1509 17 15 90
3521 17 15 82
1830 17 15 69
4418 17 15 58
1881 17 15 45
3627 17 15 33
4003 17 15 20
164 17 15 8
1483 17 17 90
2681 17 17 82
3951 17 17 67
990 17 17 58
895 17 17 45
3560 17 17 33
2996 17 17 20
4478 17 17 7
1219 17 18 90
3794 17 18 81
4244 17 18 72
927 17 18 59
1676 17 18 44
1587 17 18 32
2817 17 18 18
472 17 18 9
1180 17 19 90
3740 17 19 81
4167 17 19 72
4552 17 19 58
2841 17 19 44
455 17 19 31
3421 17 19 18
4256 17 19 8
924 18 0 90
3613 18 0 81
3600 18 0 72
3210 18 0 58
4151 18 0 43
1459 18 0 34
1992 18 0 25
4045 18 0 14
3420 18 0 6
3714 18 2 89
4193 18 2 81
2167 18 2 72
2203 18 2 58
2209 18 2 43
4734 18 2 33
2709 18 2 20
4265 18 2 7
2825 18 10 89
2995 18 10 81
4763 18 10 71
2310 18 10 63
50 18 10 54
4697 18 10 43
4044 18 10 33
2623 18 10 20
412 18 10 7
2420 18 12 89
2964 18 12 81
2773 18 12 71
4709 18 12 62
4720 18 12 54
3916 18 12 43
3386 18 12 33
575 18 12 20
402 18 12 7
687 19 0 89
481 19 0 81
2170 19 0 71
2864 19 0 62
3158 19 0 54
3375 19 0 43
2734 19 0 33
401 19 0 20
2578 19 0 6
389 19 2 89
457 19 2 81
1541 19 2 71
2417 19 2 62
3081 19 2 54
728 19 2 43
2377 19 2 33
158 19 2 20
4058 19 2 5
4729 19 3 88
1051 19 3 76
383 19 3 63
2807 19 3 53
1186 19 3 41
3322 19 3 30
561 19 3 17
828 19 3 6
547 19 4 88
4624 19 4 75
1128 19 4 66
956 19 4 55
1861 19 4 45
532 19 4 33
4205 19 4 19
2743 19 4 4
2147 19 5 87
2908 19 5 79
1228 19 5 69
1320 19 5 58
920 19 5 43
2350 19 5 33
3687 19 5 19
2270 19 5 4
4537 19 6 86
567 19 6 75
745 19 6 66
3988 19 6 54
669 19 6 43
2076 19 6 33
2426 19 6 19
3670 19 6 3
3654 19 7 86
310 19 7 75
4389 19 7 65
2883 19 7 55
1563 19 7 45
34 19 7 33
4683 19 7 17
806 19 7 6
1874 19 8 86
2774 19 8 74
2369 19 8 61
940 19 8 53
3011 19 8 40
2300 19 8 25
1846 19 8 14
1818 19 8 6
203 19 9 86
4037 19 9 73
4230 19 9 61
765 19 9 53
854 19 9 40
1055 19 9 25
332 19 9 14
1340 19 9 6
1791 19 10 85
1410 19 10 75
3906 19 10 65
2217 19 10 55
110 19 10 45
646 19 10 31
3005 19 10 18
1548 19 10 8
720 19 12 85
545 19 12 75
2880 19 12 65
1122 19 12 55
2178 19 12 44
68 19 12 31
4314 19 12 17
79 19 12 6
2185 19 13 84
424 19 13 72
3316 19 13 57
841 19 13 48
1337 19 13 36
3952 19 13 28
2597 19 13 19
2636 19 13 3
4417 19 14 83
1702 19 14 72
3106 19 14 56
2462 19 14 45
268 19 14 31
1757 19 14 17
35 19 14 6
4379 19 15 83
2863 19 15 71
1098 19 15 62
2250 19 15 54
4034 19 15 42
4231 19 15 33
4371 19 15 17
3680 19 15 5
3554 19 16 82
3926 19 16 67
543 19 16 58
718 19 16 43
1599 19 16 33
1125 19 16 16
2492 19 16 6
3022 19 17 82
2173 19 17 67
4569 19 17 57
366 19 17 48
535 19 17 36
2552 19 17 28
1426 19 17 19
49 19 17 3
4445 19 18 81
4544 19 18 70
4689 19 18 59
1557 19 18 44
731 19 18 30
2643 19 18 16
2441 19 18 6
4267 19 19 81
4291 19 19 70
2539 19 19 59
1512 19 19 44
2654 19 19 29
1637 19 19 12
3920 19 19 2
