3025
3999 0 0 99
3216 0 0 96
5943 0 0 93
4569 0 0 90
3473 0 0 88
5200 0 0 86
5656 0 0 84
4320 0 0 82
1011 0 0 79
4696 0 0 77
5111 0 0 74
4966 0 0 71
4465 0 0 68
776 0 0 66
5942 0 0 63
4019 0 0 59
5966 0 0 56
4020 0 0 54
4151 0 0 51
2533 0 0 48
4427 0 0 46
318 0 0 44
5680 0 0 42
3841 0 0 39
567 0 0 36
14 0 0 34
1374 0 0 31
5274 0 0 28
4337 0 0 25
1928 0 0 23
5604 0 0 20
2489 0 0 18
215 0 0 16
1276 0 0 14
4944 0 0 11
5236 0 0 8
2409 0 0 6
1427 0 0 3
2003 0 0 1
792 0 1 99
817 0 1 96
5031 0 1 93
4360 0 1 89
4581 0 1 86
1855 0 1 84
2494 0 1 82
5736 0 1 78
4306 0 1 75
4766 0 1 73
5491 0 1 69
5961 0 1 66
6042 0 1 62
1641 0 1 60
993 0 1 58
1474 0 1 54
3728 0 1 49
3795 0 1 46
3880 0 1 43
4166 0 1 40
6154 0 1 37
342 0 1 35
2083 0 1 33
4143 0 1 30
909 0 1 28
2257 0 1 25
4483 0 1 22
5155 0 1 20
3433 0 1 17
20 0 1 14
4291 0 1 11
5013 0 1 8
5169 0 1 4
3294 0 1 2
4865 0 2 98
4948 0 2 95
5133 0 2 93
3953 0 2 89
4379 0 2 86
444 0 2 83
6233 0 2 80
1924 0 2 77
4981 0 2 74
3225 0 2 71
3704 0 2 68
4855 0 2 65
5546 0 2 62
1397 0 2 59
3042 0 2 55
3671 0 2 53
4917 0 2 50
75 0 2 48
3916 0 2 45
5639 0 2 43
5554 0 2 39
519 0 2 36
6140 0 2 33
3727 0 2 30
6116 0 2 26
3629 0 2 23
3928 0 2 20
6252 0 2 16
4918 0 2 13
795 0 2 10
2339 0 2 8
1725 0 2 4
5782 0 2 1
5578 0 3 97
5152 0 3 95
1140 0 3 93
2643 0 3 89
4747 0 3 85
371 0 3 82
5556 0 3 78
4016 0 3 75
4922 0 3 72
4576 0 3 70
6017 0 3 67
5345 0 3 63
2547 0 3 59
1125 0 3 55
6175 0 3 52
2757 0 3 49
2315 0 3 46
3605 0 3 42
3513 0 3 39
5197 0 3 35
1277 0 3 32
61 0 3 29
6258 0 3 25
5595 0 3 21
4263 0 3 18
4125 0 3 15
2303 0 3 12
3044 0 3 9
1198 0 3 5
4812 0 3 2
3921 0 4 97
2161 0 4 95
6256 0 4 92
692 0 4 89
4668 0 4 85
5954 0 4 81
3832 0 4 78
3015 0 4 75
3426 0 4 71
2305 0 4 67
3784 0 4 63
2248 0 4 59
4915 0 4 54
496 0 4 49
4315 0 4 45
68 0 4 43
4905 0 4 39
4675 0 4 35
774 0 4 32
5805 0 4 28
4309 0 4 24
3543 0 4 21
4027 0 4 18
3424 0 4 15
5946 0 4 11
214 0 4 8
5034 0 4 3
1885 0 5 97
6190 0 5 93
5216 0 5 88
4556 0 5 85
2243 0 5 81
2479 0 5 78
5828 0 5 74
1824 0 5 71
457 0 5 67
4488 0 5 62
877 0 5 59
4369 0 5 54
178 0 5 49
3890 0 5 45
5831 0 5 42
2959 0 5 39
4299 0 5 35
3493 0 5 31
3729 0 5 28
3560 0 5 24
1111 0 5 21
3842 0 5 18
6077 0 5 14
2855 0 5 11
4534 0 5 7
534 0 5 5
4003 0 5 2
330 0 6 97
4128 0 6 93
3788 0 6 88
2737 0 6 85
3893 0 6 80
2425 0 6 76
2711 0 6 73
5099 0 6 69
6000 0 6 65
4960 0 6 62
5132 0 6 58
5647 0 6 53
5648 0 6 48
1435 0 6 45
4174 0 6 41
3511 0 6 38
2873 0 6 35
3038 0 6 31
1595 0 6 27
3297 0 6 24
319 0 6 20
5686 0 6 16
448 0 6 13
1553 0 6 9
5276 0 6 4
5330 0 6 1
6248 0 7 96
3544 0 7 93
3659 0 7 88
2232 0 7 85
3583 0 7 80
5004 0 7 75
819 0 7 71
2765 0 7 66
5446 0 7 62
4972 0 7 58
3226 0 7 53
5588 0 7 48
6074 0 7 44
4684 0 7 42
5208 0 7 38
1664 0 7 35
2562 0 7 31
5714 0 7 26
3585 0 7 23
2583 0 7 20
5369 0 7 16
5621 0 7 12
2801 0 7 9
4123 0 7 4
1674 0 7 1
5887 0 8 96
1993 0 8 93
2163 0 8 88
1362 0 8 85
1800 0 8 80
4161 0 8 75
3553 0 8 70
5948 0 8 67
4451 0 8 62
3233 0 8 58
1720 0 8 53
2491 0 8 48
2713 0 8 44
1061 0 8 41
2002 0 8 38
4815 0 8 34
5484 0 8 30
3484 0 8 26
6271 0 8 22
5209 0 8 18
2043 0 8 14
1320 0 8 11
639 0 8 7
5766 0 8 4
5789 0 9 96
5999 0 9 92
414 0 9 89
858 0 9 85
1535 0 9 80
2214 0 9 75
1848 0 9 70
1862 0 9 67
4441 0 9 62
933 0 9 58
611 0 9 53
6120 0 9 47
5313 0 9 43
3148 0 9 39
1692 0 9 35
6222 0 9 30
4287 0 9 25
959 0 9 21
854 0 9 18
878 0 9 14
4421 0 9 10
3086 0 9 7
3584 0 9 3
4744 0 10 96
286 0 10 92
4897 0 10 88
1103 0 10 84
3763 0 10 80
672 0 10 75
1829 0 10 70
5798 0 10 66
4054 0 10 62
4113 0 10 57
4955 0 10 55
1274 0 10 51
5751 0 10 47
4712 0 10 43
2700 0 10 39
5033 0 10 34
2918 0 10 30
853 0 10 25
592 0 10 21
4590 0 10 17
3214 0 10 13
1154 0 10 9
3082 0 10 4
4293 0 11 96
4876 0 11 91
3843 0 11 89
455 0 11 85
6225 0 11 79
4400 0 11 77
4725 0 11 74
5499 0 11 70
5207 0 11 66
3835 0 11 62
3674 0 11 57
2375 0 11 54
3418 0 11 48
2464 0 11 44
470 0 11 41
1793 0 11 38
3066 0 11 34
1911 0 11 30
497 0 11 25
3960 0 11 20
3976 0 11 16
4869 0 11 12
4933 0 11 8
4985 0 11 3
2940 0 12 96
4335 0 12 91
6113 0 12 88
4619 0 12 83
4067 0 12 80
624 0 12 75
1043 0 12 70
2969 0 12 66
3756 0 12 62
2942 0 12 57
2157 0 12 54
2888 0 12 48
3660 0 12 43
2236 0 12 39
2848 0 12 34
1613 0 12 30
5331 0 12 24
6105 0 12 19
3906 0 12 16
3105 0 12 12
4845 0 12 8
4463 0 12 3
794 0 13 96
4066 0 13 91
2675 0 13 88
3365 0 13 83
472 0 13 80
4604 0 13 74
915 0 13 70
1527 0 13 66
2368 0 13 62
430 0 13 57
5706 0 13 53
4365 0 13 47
4425 0 13 43
1977 0 13 39
2477 0 13 34
5729 0 13 29
3405 0 13 25
2734 0 13 20
1921 0 13 16
1544 0 13 12
221 0 13 8
2875 0 13 3
739 0 14 96
3410 0 14 91
1301 0 14 88
668 0 14 83
3891 0 14 79
3284 0 14 76
1486 0 14 73
4538 0 14 69
1051 0 14 65
3564 0 14 62
5469 0 14 56
4527 0 14 53
4217 0 14 47
828 0 14 43
3972 0 14 38
6205 0 14 33
1830 0 14 30
3166 0 14 24
4526 0 14 19
2885 0 14 16
1457 0 14 12
4942 0 14 7
3441 0 14 3
350 0 15 96
2062 0 15 91
6115 0 15 87
2357 0 15 84
1105 0 15 80
4256 0 15 74
64 0 15 70
5971 0 15 64
5937 0 15 60
1104 0 15 57
3662 0 15 53
4080 0 15 47
5104 0 15 42
4219 0 15 38
3472 0 15 33
4642 0 15 29
2825 0 15 25
1920 0 15 20
1293 0 15 16
4667 0 15 11
5857 0 15 6
5602 0 15 2
5929 0 16 95
2335 0 16 91
5334 0 16 87
1254 0 16 84
4677 0 16 79
2864 0 16 76
5625 0 16 72
2996 0 16 69
5760 0 16 64
1343 0 16 60
445 0 16 57
6009 0 16 52
1952 0 16 49
3622 0 16 45
3676 0 16 41
300 0 16 38
3127 0 16 33
4564 0 16 29
4610 0 16 24
2831 0 16 19
2337 0 16 16
1624 0 16 11
5306 0 16 6
4303 0 16 2
5711 0 17 95
5501 0 17 90
2924 0 17 87
6283 0 17 83
2769 0 17 79
5885 0 17 75
482 0 17 70
5833 0 17 64
4810 0 17 59
3828 0 17 54
1978 0 17 48
1880 0 17 43
2960 0 17 38
2607 0 17 33
4114 0 17 29
2807 0 17 24
2259 0 17 19
5515 0 17 15
5011 0 17 11
1207 0 17 6
3913 0 17 2
3816 0 18 95
5198 0 18 90
1255 0 18 86
6003 0 18 82
4326 0 18 78
5354 0 18 74
5098 0 18 69
2703 0 18 64
4721 0 18 59
3358 0 18 54
1953 0 18 48
768 0 18 43
713 0 18 38
1205 0 18 33
3789 0 18 29
1780 0 18 24
2233 0 18 19
4286 0 18 15
4448 0 18 11
5661 0 18 5
1677 0 18 2
3589 0 19 95
2384 0 19 90
134 0 19 86
3824 0 19 82
4664 0 19 77
566 0 19 74
4126 0 19 69
2553 0 19 64
3003 0 19 59
2053 0 19 54
6084 0 19 47
4937 0 19 42
1108 0 19 38
5902 0 19 32
5593 0 19 28
665 0 19 24
1335 0 19 19
3690 0 19 15
3485 0 19 11
5040 0 19 5
4999 0 19 1
1100 2 1 95
754 2 1 90
6263 2 1 85
5531 2 1 79
5385 2 1 75
164 2 1 70
2493 2 1 64
2712 2 1 59
1892 2 1 54
4941 2 1 47
4449 2 1 42
6289 2 1 37
5796 2 1 34
3801 2 1 29
1237 2 1 24
1004 2 1 19
3551 2 1 15
2044 2 1 11
4570 2 1 5
3615 2 1 1
5909 2 2 94
5724 2 2 91
2026 2 2 87
3796 2 2 83
1556 2 2 79
4460 2 2 75
3223 2 2 69
885 2 2 64
5699 2 2 58
5911 2 2 52
175 2 2 49
3186 2 2 45
1394 2 2 41
5537 2 2 37
5868 2 2 33
710 2 2 29
1020 2 2 24
144 2 2 19
2830 2 2 15
5587 2 2 10
5644 2 2 6
6050 2 2 1
4106 2 3 94
5160 2 3 91
1958 2 3 87
5733 2 3 82
3872 2 3 77
4095 2 3 73
2143 2 3 69
660 2 3 64
4620 2 3 58
4880 2 3 52
5327 2 3 48
324 2 3 43
548 2 3 38
5770 2 3 32
4756 2 3 28
415 2 3 24
5967 2 3 18
151 2 3 14
2374 2 3 10
4436 2 3 6
4199 2 3 1
3895 2 4 94
4042 2 4 91
602 2 4 87
4236 2 4 82
3132 2 4 77
4879 2 4 72
1962 2 4 69
4563 2 4 63
1196 2 4 59
5102 2 4 53
3986 2 4 47
3077 2 4 42
5763 2 4 37
4601 2 4 33
5164 2 4 28
4493 2 4 23
6232 2 4 19
1636 2 4 15
5342 2 4 10
5924 2 4 5
505 2 4 1
3398 2 5 94
431 2 5 91
3116 2 5 86
2916 2 5 82
1448 2 5 77
2794 2 5 72
1443 2 5 69
4304 2 5 63
3301 2 5 58
3471 2 5 52
4370 2 5 48
6166 2 5 42
5510 2 5 37
3710 2 5 33
4257 2 5 28
4239 2 5 23
3296 2 5 19
6211 2 5 14
2076 2 5 10
5088 2 5 5
129 2 5 1
1462 2 6 94
5691 2 6 90
6032 2 6 85
5153 2 6 79
2521 2 6 75
2361 2 6 69
3696 2 6 63
1976 2 6 58
1569 2 6 52
3205 2 6 48
5689 2 6 42
5495 2 6 36
5044 2 6 33
4242 2 6 28
3521 2 6 23
2365 2 6 19
5700 2 6 14
5758 2 6 9
2085 2 6 4
1247 2 7 94
979 2 7 90
4824 2 7 85
3886 2 7 79
1912 2 7 75
1400 2 7 69
3686 2 7 63
1905 2 7 58
721 2 7 52
256 2 7 48
5382 2 7 42
4906 2 7 36
6269 2 7 32
2040 2 7 28
3048 2 7 23
1005 2 7 19
4285 2 7 14
4682 2 7 9
1581 2 7 4
5955 2 8 93
1935 2 8 88
609 2 8 83
5960 2 8 78
4555 2 8 74
374 2 8 69
2723 2 8 63
5235 2 8 57
5985 2 8 52
6219 2 8 47
2976 2 8 42
4760 2 8 36
5206 2 8 32
654 2 8 28
1944 2 8 23
558 2 8 19
3183 2 8 14
1769 2 8 9
170 2 8 4
1417 2 10 93
1733 2 10 88
180 2 10 83
3517 2 10 78
3173 2 10 74
283 2 10 69
544 2 10 63
4622 2 10 57
4587 2 10 52
3990 2 10 47
863 2 10 42
3253 2 10 36
2432 2 10 32
192 2 10 28
5054 2 10 22
4598 2 10 18
4647 2 10 13
356 2 10 9
5745 2 10 3
1042 2 11 93
546 2 11 88
5482 2 11 82
1405 2 11 77
2134 2 11 72
3022 2 11 68
1598 2 11 65
2738 2 11 62
4649 2 11 56
3961 2 11 53
2829 2 11 47
3678 2 11 41
5321 2 11 37
1378 2 11 33
2244 2 11 28
3776 2 11 22
1667 2 11 18
4085 2 11 13
5513 2 11 8
577 2 11 3
5003 2 12 92
2430 2 12 88
5284 2 12 82
522 2 12 77
1200 2 12 72
4681 2 12 67
2819 2 12 62
3847 2 12 56
3428 2 12 52
3370 2 12 47
2412 2 12 41
4069 2 12 37
1079 2 12 33
2028 2 12 28
3366 2 12 22
5500 2 12 17
4732 2 12 12
785 2 12 7
2615 2 12 3
3745 2 13 92
1380 2 13 88
4846 2 13 82
69 2 13 77
1107 2 13 72
3558 2 13 67
2345 2 13 62
288 2 13 56
2407 2 13 52
2949 2 13 47
1554 2 13 41
2286 2 13 37
5920 2 13 32
5120 2 13 27
1772 2 13 24
5397 2 13 18
2872 2 13 13
3693 2 13 8
17 2 13 3
3002 2 14 92
5591 2 14 87
3645 2 14 82
5223 2 14 76
3987 2 14 72
2812 2 14 67
6288 2 14 61
3809 2 14 58
5807 2 14 51
5462 2 14 46
392 2 14 42
1062 2 14 36
5698 2 14 31
3910 2 14 26
5950 2 14 21
4510 2 14 17
4142 2 14 12
532 2 14 7
1485 2 14 3
1973 2 15 92
5078 2 15 87
2588 2 15 82
4629 2 15 76
1406 2 15 72
9 2 15 67
3935 2 15 61
728 2 15 58
3866 2 15 51
5408 2 15 46
4618 2 15 41
1787 2 15 37
2130 2 15 32
4733 2 15 27
4267 2 15 23
209 2 15 19
2955 2 15 14
5846 2 15 8
5737 2 15 2
1798 2 16 92
4571 2 16 87
1073 2 16 82
4550 2 16 76
2970 2 16 71
2378 2 16 66
5529 2 16 61
6135 2 16 57
1887 2 16 52
2359 2 16 47
5540 2 16 40
3995 2 16 37
966 2 16 32
363 2 16 27
2540 2 16 23
4183 2 16 18
2256 2 16 13
2068 2 16 8
5445 2 16 1
4995 2 17 91
970 2 17 86
1913 2 17 82
4094 2 17 76
2405 2 17 71
6059 2 17 65
4718 2 17 61
2560 2 17 57
573 2 17 52
5685 2 17 46
3085 2 17 41
1627 2 17 36
4902 2 17 31
3826 2 17 26
2278 2 17 21
3627 2 17 17
2906 2 17 12
202 2 17 7
1324 2 17 3
4893 2 18 91
81 2 18 86
397 2 18 82
2874 2 18 76
1795 2 18 71
4273 2 18 65
3208 2 18 61
4426 2 18 56
2162 2 18 51
3210 2 18 46
4424 2 18 40
3855 2 18 37
224 2 18 32
1842 2 18 26
2261 2 18 21
846 2 18 17
1168 2 18 12
2145 2 18 6
3699 2 18 1
4401 2 19 91
5682 2 19 85
6015 2 19 78
2307 2 19 74
5264 2 19 68
4659 2 19 64
4388 2 19 58
3159 2 19 51
2096 2 19 46
3026 2 19 40
1429 2 19 37
4727 2 19 31
3537 2 19 26
1121 2 19 21
2744 2 19 16
5053 2 19 10
4963 2 19 5
3196 3 1 91
3846 3 1 85
5933 3 1 78
4858 3 1 73
5997 3 1 68
1181 3 1 64
3989 3 1 58
1694 3 1 51
1732 3 1 46
2725 3 1 40
1269 3 1 37
3356 3 1 31
2834 3 1 26
994 3 1 21
1368 3 1 16
4065 3 1 10
4724 3 1 5
6215 3 2 90
4339 3 2 85
5666 3 2 78
1286 3 2 73
3357 3 2 68
811 3 2 64
2667 3 2 58
355 3 2 51
5252 3 2 45
2722 3 2 40
6167 3 2 36
4714 3 2 31
2395 3 2 26
531 3 2 21
5596 3 2 15
4770 3 2 10
3845 3 2 5
5067 3 3 90
3904 3 3 85
5390 3 3 78
701 3 3 73
2851 3 3 68
478 3 3 64
1040 3 3 58
239 3 3 51
5052 3 3 45
571 3 3 40
5674 3 3 36
4354 3 3 30
2898 3 3 24
4959 3 3 18
2102 3 3 13
5299 3 3 7
1084 3 3 3
4929 3 4 90
3292 3 4 85
5182 3 4 78
382 3 4 73
2515 3 4 68
2698 3 4 63
3779 3 4 57
3648 3 4 51
2654 3 4 45
372 3 4 40
2810 3 4 36
2296 3 4 30
1947 3 4 24
4158 3 4 18
1223 3 4 13
4692 3 4 7
707 3 4 3
4549 3 5 90
2826 3 5 84
4364 3 5 79
4723 3 5 74
1025 3 5 68
333 3 5 63
2082 3 5 57
2919 3 5 51
171 3 5 45
2943 3 5 39
5480 3 5 33
6007 3 5 27
1262 3 5 23
3614 3 5 18
41 3 5 13
3732 3 5 7
2063 3 5 2
3035 3 6 90
651 3 6 84
3324 3 6 79
3581 3 6 74
5620 3 6 67
1204 3 6 61
4043 3 6 56
2005 3 6 51
6194 3 6 44
433 3 6 41
3139 3 6 35
5988 3 6 30
3326 3 6 23
2613 3 6 18
5880 3 6 12
343 3 6 6
3651 3 6 1
2423 3 7 90
3899 3 7 83
2941 3 7 78
5119 3 7 72
5973 3 7 66
3453 3 7 61
4024 3 7 56
1009 3 7 51
5848 3 7 44
5288 3 7 40
2292 3 7 36
1371 3 7 30
3016 3 7 23
334 3 7 18
5109 3 7 12
339 3 7 6
3630 3 7 1
2266 3 8 90
1714 3 8 83
3421 3 8 77
4939 3 8 71
956 3 8 65
3150 3 8 61
2541 3 8 56
623 3 8 51
4809 3 8 44
5113 3 8 40
1297 3 8 36
2952 3 8 29
83 3 8 24
4052 3 8 18
3705 3 8 12
4713 3 8 5
1424 3 10 90
1386 3 10 83
1678 3 10 77
4881 3 10 71
5897 3 10 64
6018 3 10 57
5411 3 10 50
5224 3 10 47
5309 3 10 40
65 3 10 36
2306 3 10 29
4745 3 10 23
5086 3 10 17
5727 3 10 11
3759 3 10 5
682 3 11 90
280 3 11 83
1109 3 11 77
4670 3 11 71
1471 3 11 64
4241 3 11 57
2772 3 11 50
5238 3 11 46
2070 3 11 40
3954 3 11 35
4336 3 11 30
4110 3 11 22
2056 3 11 17
5371 3 11 11
3078 3 11 5
5263 3 12 89
4269 3 12 84
724 3 12 79
3491 3 12 74
4557 3 12 67
4544 3 12 60
1506 3 12 56
576 3 12 51
4490 3 12 44
3021 3 12 40
3526 3 12 35
3734 3 12 30
2393 3 12 22
629 3 12 17
4521 3 12 11
1083 3 12 5
4060 3 13 89
3368 3 13 84
575 3 13 79
2877 3 13 74
3992 3 13 67
3514 3 13 60
866 3 13 56
284 3 13 51
3968 3 13 44
331 3 13 40
3475 3 13 35
2478 3 13 30
1655 3 13 22
5320 3 13 16
2967 3 13 10
3432 3 13 5
3506 3 14 89
6122 3 14 83
4803 3 14 76
1452 3 14 71
5460 3 14 63
463 3 14 57
894 3 14 50
4979 3 14 46
563 3 14 40
3080 3 14 35
6028 3 14 29
3487 3 14 23
4518 3 14 17
2600 3 14 11
743 3 14 5
3371 3 15 89
4914 3 15 83
2720 3 15 76
491 3 15 71
4137 3 15 63
5750 3 15 56
6148 3 15 50
3683 3 15 46
5293 3 15 39
5478 3 15 33
5756 3 15 27
4614 3 15 22
5108 3 15 16
1886 3 15 10
2045 3 15 5
2715 3 16 89
4740 3 16 83
1112 3 16 76
5168 3 16 70
1282 3 16 64
3147 3 16 57
5765 3 16 49
1845 3 16 45
1493 3 16 39
4791 3 16 33
5123 3 16 27
4504 3 16 22
3746 3 16 16
157 3 16 10
267 3 16 5
2566 3 17 89
4597 3 17 83
5131 3 17 75
1358 3 17 69
84 3 17 63
3679 3 17 56
4533 3 17 50
2860 3 17 46
2009 3 17 39
3554 3 17 33
1972 3 17 27
3892 3 17 22
3522 3 17 16
3191 3 17 9
4634 3 17 3
1746 3 18 89
4437 3 18 83
4787 3 18 75
1351 3 18 69
5592 3 18 62
244 3 18 56
4056 3 18 50
2108 3 18 46
449 3 18 39
2386 3 18 33
390 3 18 27
2896 3 18 22
2281 3 18 16
6053 3 18 8
3580 3 18 1
5652 3 19 88
3965 3 19 82
2582 3 19 76
3706 3 19 70
925 3 19 64
543 3 19 57
4461 3 19 49
194 3 19 45
4074 3 19 38
5508 3 19 32
1534 3 19 26
4386 3 19 20
1037 3 19 16
5665 3 19 8
1016 3 19 1
3962 4 1 88
1699 4 1 82
2319 4 1 76
3607 4 1 70
614 4 1 64
200 4 1 57
4405 4 1 49
2833 4 1 44
78 4 1 40
2276 4 1 35
4991 4 1 29
2174 4 1 23
4289 4 1 17
1908 4 1 11
4317 4 1 4
3595 4 10 87
711 4 10 82
5990 4 10 75
650 4 10 69
4135 4 10 62
5038 4 10 55
673 4 10 51
3601 4 10 44
4698 4 10 39
2036 4 10 33
5753 4 10 26
2577 4 10 20
322 4 10 16
3896 4 10 8
753 4 10 1
702 5 1 87
6138 5 1 81
2123 5 1 78
4567 5 1 72
4179 5 1 66
3349 5 1 61
1933 5 1 56
3819 5 1 50
1684 5 1 46
6114 5 1 38
3100 5 1 32
1251 5 1 26
1661 5 1 20
2421 5 1 15
3450 5 1 10
6031 5 1 4
193 5 3 87
5827 5 3 81
2260 5 3 77
1742 5 3 71
3955 5 3 63
3505 5 3 56
2290 5 3 50
4734 5 3 45
2666 5 3 38
2420 5 3 32
1159 5 3 26
235 5 3 20
1041 5 3 15
1688 5 3 10
4584 5 3 4
5020 5 4 86
5964 5 4 81
2146 5 4 77
1509 5 4 71
2745 5 4 63
3338 5 4 56
2135 5 4 49
5781 5 4 43
6192 5 4 37
3279 5 4 31
5261 5 4 25
581 5 4 20
5693 5 4 14
4213 5 4 8
161 5 4 2
1776 5 5 86
5558 5 5 81
3883 5 5 76
3245 5 5 70
176 5 5 64
4235 5 5 56
5444 5 5 48
90 5 5 42
4685 5 5 35
3322 5 5 29
664 5 5 23
506 5 5 17
545 5 5 11
2608 5 5 4
3251 5 6 85
4575 5 6 78
4245 5 6 72
2084 5 6 66
2502 5 6 61
704 5 6 56
3924 5 6 48
4243 5 6 41
1937 5 6 35
4204 5 6 28
2792 5 6 22
964 5 6 16
2674 5 6 8
5467 5 6 1
2160 5 7 85
4357 5 7 78
4206 5 7 72
1574 5 7 66
1927 5 7 61
185 5 7 56
5696 5 7 47
3055 5 7 40
3459 5 7 34
830 5 7 29
5991 5 7 22
5818 5 7 15
1135 5 7 10
2910 5 7 4
767 5 8 85
4176 5 8 78
3049 5 8 72
5432 5 8 65
3120 5 8 61
3204 5 8 55
590 5 8 51
1271 5 8 44
4627 5 8 39
5643 5 8 32
5893 5 8 25
5215 5 8 19
2022 5 8 14
1865 5 8 8
4051 5 8 1
2604 5 10 84
4542 5 10 78
870 5 10 72
814 5 10 65
2576 5 10 61
1874 5 10 55
4061 5 10 50
2728 5 10 45
2127 5 10 38
1412 5 10 32
5316 5 10 25
4435 5 10 19
4537 5 10 13
3367 5 10 7
3435 5 10 1
5594 5 12 83
5066 5 12 74
3549 5 12 67
752 5 12 60
4343 5 12 55
3917 5 12 50
1178 5 12 45
1685 5 12 38
5240 5 12 31
686 5 12 25
3958 5 12 19
4428 5 12 13
3030 5 12 7
2549 5 12 1
3833 5 13 83
4579 5 13 74
2777 5 13 67
6060 5 13 59
3810 5 13 53
6061 5 13 46
5603 5 13 38
4233 5 13 31
511 5 13 25
3852 5 13 19
3260 5 13 13
2997 5 13 7
2052 5 13 1
705 5 14 83
4058 5 14 74
1876 5 14 67
5738 5 14 59
332 5 14 53
5978 5 14 46
5392 5 14 38
4210 5 14 31
6128 5 14 24
2450 5 14 18
3494 5 14 12
4593 5 14 5
2856 5 15 82
5932 5 15 75
4124 5 15 68
4925 5 15 62
4274 5 15 55
1747 5 15 50
261 5 15 45
681 5 15 38
3128 5 15 31
5285 5 15 24
6265 5 15 17
5196 5 15 10
2845 5 15 4
262 5 16 82
5569 5 16 75
3423 5 16 68
2656 5 16 62
2476 5 16 55
1490 5 16 50
3451 5 16 44
3870 5 16 39
5049 5 16 32
4678 5 16 25
3403 5 16 19
1496 5 16 13
2661 5 16 7
2006 5 16 1
1808 5 17 81
2504 5 17 76
1637 5 17 70
116 5 17 64
4006 5 17 56
5543 5 17 47
2852 5 17 40
3442 5 17 34
6111 5 17 28
2632 5 17 22
5010 5 17 15
1097 5 17 10
2526 5 17 4
5754 5 18 80
2605 5 18 74
844 5 18 67
5384 5 18 59
139 5 18 53
4943 5 18 46
4808 5 18 38
2394 5 18 31
5126 5 18 24
5614 5 18 17
4117 5 18 10
1932 5 18 4
655 5 19 80
1023 5 19 74
6010 5 19 65
2392 5 19 61
1036 5 19 55
942 5 19 50
1715 5 19 44
1818 5 19 39
3376 5 19 32
4312 5 19 25
3200 5 19 19
1190 5 19 13
2482 5 19 7
179 5 19 1
604 6 1 79
2747 6 1 74
4866 6 1 65
1813 6 1 61
498 6 1 55
307 6 1 50
1115 6 1 44
6109 6 1 38
2166 6 1 31
4752 6 1 24
5426 6 1 17
383 6 1 10
723 6 1 4
4160 6 3 78
291 6 3 72
540 6 3 65
1177 6 3 61
5817 6 3 54
3757 6 3 47
2215 6 3 40
1455 6 3 34
5792 6 3 28
1423 6 3 22
4705 6 3 15
669 6 3 10
634 6 3 4
2726 6 4 78
6123 6 4 71
2635 6 4 63
1063 6 4 56
5456 6 4 47
4952 6 4 39
2246 6 4 32
3643 6 4 25
3192 6 4 19
3821 6 4 12
3241 6 4 5
3975 6 5 77
6272 6 5 70
3527 6 5 63
4203 6 5 55
4017 6 5 49
2349 6 5 43
1796 6 5 37
2147 6 5 31
4159 6 5 24
4507 6 5 17
5258 6 5 9
4582 6 5 3
3185 6 6 77
5368 6 6 70
1155 6 6 63
3864 6 6 55
3932 6 6 49
900 6 6 43
1441 6 6 37
1707 6 6 31
3439 6 6 24
4275 6 6 17
4515 6 6 9
3902 6 6 3
5148 6 7 75
2016 6 7 68
1858 6 7 62
2110 6 7 55
3524 6 7 49
347 6 7 43
122 6 7 37
727 6 7 31
3352 6 7 24
3479 6 7 17
2443 6 7 9
2275 6 7 3
4737 6 8 75
1687 6 8 68
916 6 8 62
1087 6 8 55
3799 6 8 48
588 6 8 41
924 6 8 35
4047 6 8 28
1363 6 8 22
4572 6 8 15
5590 6 8 9
1659 6 8 3
6143 6 10 73
903 6 10 68
325 6 10 62
101 6 10 55
3445 6 10 48
6186 6 10 40
6056 6 10 33
4857 6 10 26
163 6 10 20
5135 6 10 14
772 6 10 8
3121 6 10 1
4961 6 12 68
5888 6 12 61
5336 6 12 54
1612 6 12 47
4595 6 12 39
6072 6 12 31
2340 6 12 24
2570 6 12 17
1967 6 12 9
1001 6 12 3
167 6 19 98
2413 6 19 95
652 6 19 90
120 6 19 83
6206 6 19 73
886 6 19 68
5455 6 19 61
2424 6 19 54
4562 6 19 46
1826 6 19 38
1454 6 19 31
5503 6 19 23
438 6 19 17
1839 6 19 9
5633 6 19 2
4988 7 8 97
536 7 8 93
33 7 8 88
1589 7 8 82
5161 7 8 75
6264 7 8 67
5029 7 8 59
125 7 8 53
4096 7 8 46
232 7 8 38
1376 7 8 31
5225 7 8 23
5634 7 8 16
2474 7 8 8
1367 7 8 1
4921 7 10 97
5688 7 10 92
4229 7 10 87
4969 7 10 81
2225 7 10 76
1600 7 10 70
421 7 10 63
3778 7 10 55
6220 7 10 47
4491 7 10 39
4606 7 10 31
5021 7 10 23
5179 7 10 16
2183 7 10 8
4100 7 12 96
24 7 12 91
3604 7 12 85
4053 7 12 78
5186 7 12 71
1389 7 12 63
3274 7 12 55
5162 7 12 47
2438 7 12 39
4545 7 12 31
2329 7 12 23
4980 7 12 16
408 7 12 8
1784 7 15 96
4197 7 15 90
5094 7 15 82
4431 7 15 75
5721 7 15 67
3903 7 15 58
5174 7 15 50
892 7 15 44
4559 7 15 38
168 7 15 31
1963 7 15 23
4715 7 15 16
5995 7 15 7
1217 7 17 96
3720 7 17 90
4390 7 17 82
2235 7 17 75
5610 7 17 67
2350 7 17 58
4996 7 17 50
6278 7 17 43
4484 7 17 36
801 7 17 29
4316 7 17 22
884 7 17 15
4378 7 17 9
4282 7 17 2
5875 7 19 95
5303 7 19 88
1281 7 19 82
1743 7 19 75
5035 7 19 67
2060 7 19 58
3332 7 19 50
6196 7 19 43
4205 7 19 36
551 7 19 29
3825 7 19 22
782 7 19 15
4000 7 19 9
1635 7 19 2
3449 8 1 95
4181 8 1 88
777 8 1 82
1141 8 1 75
2827 8 1 67
254 8 1 58
2592 8 1 50
6051 8 1 43
3109 8 1 36
3309 8 1 28
493 8 1 22
273 8 1 15
3056 8 1 9
4265 8 1 1
1757 8 3 95
3724 8 3 88
5809 8 3 81
1712 8 3 76
1322 8 3 70
4871 8 3 62
4628 8 3 54
2789 8 3 46
74 8 3 38
6223 8 3 30
895 8 3 22
5839 8 3 14
736 8 3 8
1675 8 5 95
2995 8 5 88
4878 8 5 81
1573 8 5 76
1298 8 5 70
4820 8 5 62
4583 8 5 54
2008 8 5 46
51 8 5 38
3211 8 5 30
5518 8 5 21
5565 8 5 15
3040 8 5 9
2841 8 5 1
5505 8 15 94
5785 8 15 89
3331 8 15 83
1856 8 15 73
5645 8 15 67
4615 8 15 57
3222 8 15 49
5459 8 15 42
4076 8 15 35
2503 8 15 28
153 8 15 22
5527 8 15 14
4976 8 15 7
4792 8 17 94
3298 8 17 89
1994 8 17 83
1571 8 17 73
1244 8 17 67
3997 8 17 57
1649 8 17 49
4262 8 17 42
2098 8 17 35
1985 8 17 28
6234 8 17 21
4616 8 17 15
714 8 17 9
2346 8 17 1
4506 8 19 94
3217 8 19 89
1632 8 19 83
56 8 19 73
315 8 19 67
3258 8 19 57
55 8 19 49
3271 8 19 42
5547 8 19 34
3804 8 19 28
3541 8 19 21
4530 8 19 15
685 8 19 9
2639 9 1 94
1811 9 1 89
5024 9 1 82
698 9 1 75
1537 9 1 67
1381 9 1 57
11 9 1 49
2203 9 1 42
5477 9 1 34
2470 9 1 28
2799 9 1 21
4200 9 1 15
4722 9 1 8
2254 9 3 94
5705 9 3 88
4585 9 3 81
1066 9 3 76
6092 9 3 69
3465 9 3 62
3087 9 3 54
1002 9 3 46
5815 9 3 37
689 9 3 31
398 9 3 23
268 9 3 16
5466 9 3 7
1328 9 5 94
5683 9 5 88
2330 9 5 81
5586 9 5 75
199 9 5 67
821 9 5 57
5060 9 5 48
5074 9 5 40
5692 9 5 33
3438 9 5 26
5520 9 5 19
3178 9 5 12
2379 9 5 5
4385 9 6 93
4838 9 6 87
3457 9 6 81
4064 9 6 75
4313 9 6 66
3908 9 6 60
3480 9 6 55
5150 9 6 47
1777 9 6 39
1900 9 6 31
320 9 6 23
5528 9 6 15
4075 9 6 8
2267 9 7 93
4830 9 7 87
3165 9 7 81
2234 9 7 75
2418 9 7 66
3058 9 7 60
3394 9 7 55
2125 9 7 47
1768 9 7 39
1533 9 7 31
110 9 7 23
4406 9 7 15
2798 9 7 8
1988 9 8 93
4477 9 8 87
661 9 8 81
1265 9 8 75
1682 9 8 66
1514 9 8 60
2963 9 8 55
1758 9 8 47
1075 9 8 39
1444 9 8 31
12 9 8 22
3043 9 8 14
3639 9 8 7
908 9 9 93
4249 9 9 87
155 9 9 81
5195 9 9 74
4281 9 9 65
584 9 9 61
1604 9 9 54
901 9 9 46
5287 9 9 37
453 9 9 31
5984 9 9 21
3610 9 9 15
2751 9 9 8
605 9 10 93
4216 9 10 87
6012 9 10 80
160 9 10 74
3187 9 10 65
5159 9 10 60
2770 9 10 55
1445 9 10 47
4411 9 10 38
121 9 10 30
5107 9 10 21
2964 9 10 15
405 9 10 8
4953 9 11 92
1528 9 11 87
5712 9 11 80
3977 9 11 73
272 9 11 67
5974 9 11 56
4102 9 11 47
512 9 11 38
5270 9 11 29
3738 9 11 22
1385 9 11 14
2767 9 11 7
4617 9 12 92
583 9 12 87
5443 9 12 80
2440 9 12 73
3091 9 12 66
6217 9 12 59
5364 9 12 52
3385 9 12 46
4930 9 12 37
1703 9 12 30
5071 9 12 21
764 9 12 15
4167 9 12 7
3344 9 13 92
5867 9 13 86
2682 9 13 81
1702 9 13 74
3071 9 13 65
4949 9 13 60
1754 9 13 55
6022 9 13 46
4009 9 13 37
513 9 13 30
4163 9 13 21
4276 9 13 14
1508 9 13 7
1810 9 15 92
5178 9 15 86
6227 9 15 80
1597 9 15 73
1164 9 15 66
6014 9 15 59
5242 9 15 52
2854 9 15 46
2793 9 15 37
6137 9 15 29
2865 9 15 22
793 9 15 14
1029 9 15 7
5075 9 17 91
632 9 17 85
3882 9 17 78
4496 9 17 71
5151 9 17 62
2912 9 17 54
5979 9 17 45
2211 9 17 37
2021 9 17 29
2437 9 17 22
306 9 17 14
6103 9 17 6
3600 9 19 91
290 9 19 85
3858 9 19 78
2531 9 19 71
3024 9 19 62
824 9 19 54
1915 9 19 45
425 9 19 37
712 9 19 29
2391 9 19 22
6100 9 19 13
2342 9 19 7
3202 10 1 91
85 10 1 85
3477 10 1 78
1891 10 1 71
2351 10 1 62
648 10 1 54
580 10 1 45
140 10 1 37
338 10 1 29
1736 10 1 22
5980 10 1 13
1984 10 1 7
2968 10 3 91
5553 10 3 84
4531 10 3 78
1713 10 3 71
1563 10 3 62
502 10 3 54
5188 10 3 44
1945 10 3 38
2895 10 3 29
1592 10 3 22
5260 10 3 13
198 10 3 7
786 10 5 91
4771 10 5 84
3829 10 5 78
1387 10 5 71
407 10 5 62
357 10 5 54
4049 10 5 44
1469 10 5 38
1393 10 5 29
1584 10 5 22
4324 10 5 13
6180 10 5 6
6284 10 6 90
3915 10 6 82
6244 10 6 74
2363 10 6 65
3500 10 6 60
5859 10 6 54
3256 10 6 44
115 10 6 38
218 10 6 29
1468 10 6 22
4288 10 6 13
5158 10 6 6
3467 10 15 90
1186 10 15 82
6126 10 15 74
2027 10 15 65
2338 10 15 60
5669 10 15 54
4827 10 15 43
417 10 15 36
2823 10 15 28
3117 10 15 20
4645 10 15 14
5429 10 15 6
1195 10 17 90
5516 10 17 81
1676 10 17 74
1884 10 17 65
4338 10 17 59
3336 10 17 52
2573 10 17 46
2129 10 17 37
5048 10 17 28
2962 10 17 20
4073 10 17 14
5322 10 17 6
131 10 19 90
1748 10 19 81
1337 10 19 74
3272 10 19 64
1396 10 19 56
2224 10 19 47
2586 10 19 37
3377 10 19 28
542 10 19 20
1197 10 19 14
5081 10 19 6
2644 11 1 89
4577 11 1 82
3739 11 1 74
2914 11 1 64
2619 11 1 55
2752 11 1 46
1819 11 1 37
2594 11 1 28
6241 11 1 19
3143 11 1 12
1132 11 1 5
2167 11 3 89
3470 11 3 82
3288 11 3 74
2385 11 3 64
10 11 3 55
1771 11 3 46
1142 11 3 37
2509 11 3 28
4772 11 3 19
2753 11 3 12
919 11 3 5
1786 11 5 89
3250 11 5 82
1671 11 5 74
949 11 5 64
3197 11 5 54
4498 11 5 43
5804 11 5 35
1919 11 5 28
762 11 5 19
2121 11 5 12
6057 11 5 4
1110 11 6 89
3051 11 6 82
1336 11 6 74
136 11 6 64
2883 11 6 54
4008 11 6 43
4742 11 6 35
1578 11 6 28
277 11 6 19
1755 11 6 12
5601 11 6 4
1013 11 8 89
1411 11 8 82
5996 11 8 73
5093 11 8 65
3052 11 8 59
2710 11 8 52
1942 11 8 46
4168 11 8 36
1821 11 8 28
205 11 8 19
1318 11 8 12
294 11 8 4
6176 11 9 88
1716 11 9 81
594 11 9 74
4612 11 9 63
6005 11 9 54
3098 11 9 43
4594 11 9 35
1252 11 9 28
5420 11 9 18
2525 11 9 12
557 11 9 3
6170 11 10 88
5970 11 10 80
5759 11 10 72
5144 11 10 64
461 11 10 54
1956 11 10 43
3885 11 10 35
883 11 10 28
4505 11 10 18
73 11 10 12
3952 11 10 2
6035 11 11 88
5386 11 11 80
5275 11 11 72
3448 11 11 64
442 11 11 54
950 11 11 43
3815 11 11 35
313 11 11 28
4383 11 11 18
5096 11 11 11
1662 11 11 4
5552 11 12 88
5130 11 12 80
4380 11 12 72
5413 11 12 63
4755 11 12 54
98 11 12 43
1517 11 12 35
29 11 12 28
4147 11 12 18
4278 11 12 11
243 11 12 4
4508 11 13 88
3800 11 13 80
2988 11 13 72
4013 11 13 63
4609 11 13 54
4332 11 13 42
5307 11 13 34
773 11 13 28
2209 11 13 18
4099 11 13 11
6179 11 13 3
3341 11 15 88
3230 11 15 80
2051 11 15 72
3153 11 15 63
4489 11 15 54
4214 11 15 42
4240 11 15 34
5351 11 15 27
2093 11 15 22
4077 11 15 13
4398 11 15 6
4860 11 17 87
2371 11 17 80
1499 11 17 72
2436 11 17 63
3782 11 17 54
3334 11 17 42
3362 11 17 34
1975 11 17 27
1234 11 17 22
4050 11 17 13
2836 11 17 6
3822 11 19 87
1666 11 19 80
5740 11 19 71
182 11 19 62
3634 11 19 53
3466 11 19 46
3865 11 19 36
1616 11 19 28
2208 11 19 18
2046 11 19 11
5826 11 19 3
5695 12 1 86
4246 12 1 80
5653 12 1 71
5622 12 1 61
1523 12 1 54
1229 12 1 42
2037 12 1 34
6251 12 1 26
4376 12 1 19
5677 12 1 11
5752 12 1 3
5289 12 3 86
3456 12 3 80
3624 12 3 71
5400 12 3 61
1218 12 3 54
3093 12 3 41
6177 12 3 34
5338 12 3 26
1705 12 3 19
4631 12 3 11
3070 12 3 3
4654 12 8 86
3112 12 8 80
2931 12 8 71
5016 12 8 61
778 12 8 54
3025 12 8 41
5230 12 8 34
4965 12 8 26
1650 12 8 19
1721 12 8 11
2740 12 8 3
3443 12 15 86
2388 12 15 80
1357 12 15 71
3434 12 15 61
4039 12 15 53
2151 12 15 46
4419 12 15 35
3723 12 15 27
344 12 15 22
2634 12 15 13
1391 12 15 6
3373 12 17 86
1756 12 17 80
643 12 17 71
6118 12 17 60
5061 12 17 54
1350 12 17 41
4109 12 17 34
3232 12 17 26
1621 12 17 19
1306 12 17 11
2617 12 17 3
1875 13 1 86
1711 13 1 80
107 13 1 71
2398 13 1 60
4178 13 1 54
366 13 1 41
4093 13 1 34
3212 13 1 26
5748 13 1 18
927 13 1 11
1192 13 1 3
1564 13 3 86
1253 13 3 80
5801 13 3 70
4741 13 3 62
3460 13 3 53
708 13 3 46
3289 13 3 35
3677 13 3 27
5191 13 3 21
3497 13 3 14
2298 13 3 6
5675 13 4 85
2809 13 4 78
441 13 4 71
2264 13 4 60
2946 13 4 54
1027 13 4 40
2857 13 4 33
2684 13 4 26
2100 13 4 18
658 13 4 11
6156 13 4 2
1849 13 5 85
2250 13 5 78
6039 13 5 70
4399 13 5 62
3084 13 5 53
5609 13 5 45
6165 13 5 36
676 13 5 28
1402 13 5 18
3482 13 5 10
137 13 5 4
939 13 6 85
1997 13 6 78
3925 13 6 70
2042 13 6 62
2805 13 6 53
1802 13 6 45
4957 13 6 36
5280 13 6 27
3047 13 6 21
3273 13 6 14
2095 13 6 6
3923 13 7 83
3887 13 7 72
1295 13 7 63
3755 13 7 54
465 13 7 40
976 13 7 33
2263 13 7 26
1456 13 7 18
1622 13 7 10
5992 13 7 3
2936 13 8 82
5241 13 8 73
2838 13 8 65
2579 13 8 59
2427 13 8 52
1691 13 8 46
1901 13 8 35
3633 13 8 27
87 13 8 21
2953 13 8 14
1211 13 8 6
1059 13 10 82
3565 13 10 73
2485 13 10 65
1555 13 10 59
1353 13 10 52
1072 13 10 46
395 13 10 35
2954 13 10 27
6119 13 10 20
960 13 10 14
16 13 10 6
5544 13 11 81
365 13 11 74
2641 13 11 63
3360 13 11 54
3884 13 11 39
297 13 11 31
4422 13 11 21
1330 13 11 14
6065 13 11 5
4780 13 12 81
4761 13 12 73
2133 13 12 65
5838 13 12 58
2220 13 12 50
3039 13 12 43
537 13 12 35
1603 13 12 27
5394 13 12 20
5564 13 12 13
1133 13 12 6
3008 13 13 81
6162 13 13 72
5910 13 13 62
1463 13 13 53
1329 13 13 45
2842 13 13 36
4323 13 13 27
5291 13 13 20
5064 13 13 13
5166 13 13 5
2701 13 15 81
4218 13 15 72
5637 13 15 62
1303 13 15 53
582 13 15 45
2341 13 15 36
1899 13 15 27
4695 13 15 20
4648 13 15 13
3838 13 15 5
2529 13 17 81
3033 13 17 72
4923 13 17 62
599 13 17 53
4453 13 17 44
1292 13 17 37
1333 13 17 28
1352 13 17 18
130 13 17 10
5356 13 17 3
369 13 18 80
4746 13 18 70
968 13 18 62
2706 13 18 52
670 13 18 46
6025 13 18 34
2065 13 18 26
530 13 18 18
82 13 18 10
2561 13 18 3
4381 13 19 79
2172 13 19 74
2 13 19 63
2987 13 19 54
1815 13 19 39
162 13 19 31
3715 13 19 21
6157 13 19 13
2787 13 19 5
3535 14 1 79
820 14 1 74
4171 14 1 62
6108 14 1 51
5506 14 1 43
6286 14 1 34
1654 14 1 26
2131 14 1 17
975 14 1 9
5389 14 3 78
3361 14 3 70
845 14 3 62
5106 14 3 51
4512 14 3 43
5116 14 3 34
913 14 3 26
1792 14 3 17
5059 14 3 8
3609 14 4 78
2702 14 4 70
479 14 4 62
4146 14 4 51
3409 14 4 43
4762 14 4 34
6151 14 4 25
2602 14 4 19
744 14 4 11
5522 14 4 2
2122 14 5 78
2265 14 5 70
474 14 5 62
5584 14 5 50
2343 14 5 43
4547 14 5 34
5649 14 5 25
2229 14 5 19
4121 14 5 10
1770 14 5 3
1940 14 6 77
3587 14 6 70
5203 14 6 61
1082 14 6 53
4367 14 6 44
5938 14 6 36
1611 14 6 27
4362 14 6 20
3146 14 6 13
2185 14 6 5
951 14 7 77
3379 14 7 70
5146 14 7 61
1034 14 7 53
2188 14 7 44
5730 14 7 36
1482 14 7 27
4344 14 7 20
1909 14 7 13
1718 14 7 5
456 14 8 77
1934 14 8 70
5068 14 8 61
5524 14 8 52
5137 14 8 45
5783 14 8 35
769 14 8 27
3302 14 8 20
1809 14 8 13
556 14 8 5
1910 14 10 76
5941 14 10 69
2983 14 10 62
4138 14 10 50
1846 14 10 43
2511 14 10 34
4573 14 10 25
2217 14 10 19
2804 14 10 10
1176 14 10 3
4473 14 11 64
6110 14 11 53
781 14 11 44
5298 14 11 36
5047 14 11 26
4890 14 11 16
5281 14 11 7
3411 14 15 60
2196 14 15 54
5062 14 15 38
4565 14 15 28
1309 14 15 18
3097 14 15 9
1576 14 17 59
873 14 17 52
4198 14 17 44
2761 14 17 36
3154 14 17 26
3949 14 17 16
4968 14 17 7
5339 14 18 95
2155 14 18 88
1224 14 18 80
3733 14 18 70
4439 14 18 61
4005 14 18 52
4148 14 18 44
1881 14 18 36
2844 14 18 26
1549 14 18 16
2429 14 18 7
3834 14 19 95
1050 14 19 88
649 14 19 80
2471 14 19 70
3974 14 19 61
2192 14 19 52
3592 14 19 44
1019 14 19 36
2550 14 19 26
1283 14 19 16
2417 14 19 7
3262 15 1 94
4690 15 1 88
4250 15 1 79
5103 15 1 73
2074 15 1 65
4986 15 1 58
2099 15 1 50
965 15 1 43
2288 15 1 34
4452 15 1 25
2018 15 1 19
105 15 1 10
6063 15 1 2
434 15 8 94
2178 15 8 88
3469 15 8 79
4835 15 8 73
6287 15 8 64
5773 15 8 53
391 15 8 44
741 15 8 36
757 15 8 26
1219 15 8 16
1651 15 8 7
5771 15 10 93
2510 15 10 87
1566 15 10 80
4656 15 10 69
1871 15 10 62
3243 15 10 50
5079 15 10 42
1102 15 10 34
4328 15 10 25
1966 15 10 19
2903 15 10 9
5365 15 11 93
1215 15 11 87
1543 15 11 80
2879 15 11 69
733 15 11 62
196 15 11 50
2611 15 11 42
207 15 11 34
4270 15 11 25
1088 15 11 19
2484 15 11 9
5172 15 13 93
6030 15 13 86
5879 15 13 79
3979 15 13 73
5784 15 13 64
4799 15 13 53
226 15 13 44
6153 15 13 35
5007 15 13 26
5566 15 13 15
4083 15 13 7
1961 15 15 93
5803 15 15 86
5539 15 15 79
2821 15 15 73
5607 15 15 64
3754 15 15 53
3468 15 15 43
4900 15 15 33
922 15 15 26
5502 15 15 15
3340 15 15 7
1092 16 1 93
5001 16 1 86
5254 16 1 79
1652 16 1 73
4738 16 1 64
2227 16 1 53
3354 16 1 43
3304 16 1 33
812 16 1 26
3415 16 1 15
1615 16 1 7
871 16 2 93
4157 16 2 86
1278 16 2 79
663 16 2 73
5561 16 2 63
5697 16 2 53
4366 16 2 42
5300 16 2 33
666 16 2 26
1327 16 2 15
1372 16 2 7
564 16 3 93
2839 16 3 86
495 16 3 79
5884 16 3 72
4048 16 3 62
3856 16 3 49
412 16 3 42
4416 16 3 33
5812 16 3 25
978 16 3 19
1647 16 3 9
5987 16 4 92
2816 16 4 86
6262 16 4 78
1834 16 4 70
2795 16 4 61
2173 16 4 52
3481 16 4 44
5969 16 4 35
4558 16 4 26
5739 16 4 14
3588 16 4 5
5492 16 5 92
2344 16 5 86
3653 16 5 78
1558 16 5 70
1946 16 5 61
1605 16 5 52
2648 16 5 44
5454 16 5 35
2651 16 5 26
5023 16 5 14
2463 16 5 5
4884 16 6 92
1955 16 6 86
3440 16 6 78
5112 16 6 69
5396 16 6 61
1446 16 6 52
1045 16 6 44
4901 16 6 35
1340 16 6 26
4038 16 6 14
1345 16 6 5
4863 16 7 92
6101 16 7 85
1501 16 7 78
4729 16 7 69
4671 16 7 61
973 16 7 52
6087 16 7 43
3280 16 7 33
5600 16 7 25
748 16 7 19
1360 16 7 9
4662 16 8 92
5246 16 8 85
63 16 8 78
4660 16 8 69
4325 16 8 61
5922 16 8 51
2781 16 8 43
4127 16 8 32
691 16 8 25
747 16 8 19
76 16 8 9
4266 16 10 92
3578 16 10 85
3646 16 10 77
1185 16 10 70
1599 16 10 61
5806 16 10 51
432 16 10 43
3156 16 10 32
5348 16 10 24
2360 16 10 17
2364 16 10 8
3483 16 11 92
2625 16 11 85
2683 16 11 77
2523 16 11 69
3461 16 11 61
5778 16 11 51
5891 16 11 42
2980 16 11 33
5183 16 11 25
4665 16 11 18
2004 16 11 9
2408 16 13 92
2112 16 13 85
1765 16 13 76
4327 16 13 69
2193 16 13 61
3766 16 13 51
5611 16 13 42
5255 16 13 32
5089 16 13 24
5314 16 13 16
40 16 13 7
1342 16 15 92
5296 16 15 84
3575 16 15 78
4021 16 15 69
1586 16 15 61
2784 16 15 51
5580 16 15 42
1080 16 15 32
2778 16 15 24
4910 16 15 16
5862 16 15 6
4767 16 16 91
4136 16 16 84
2642 16 16 78
1536 16 16 69
5269 16 16 60
1157 16 16 54
4870 16 16 38
3642 16 16 28
5779 16 16 17
2333 16 16 8
4554 16 17 91
3652 16 17 84
2453 16 17 78
401 16 17 69
4532 16 17 60
440 16 17 54
1261 16 17 38
3562 16 17 28
5523 16 17 17
2120 16 17 8
3027 16 18 91
2238 16 18 83
3228 16 18 72
2733 16 18 62
3436 16 18 49
303 16 18 42
6187 16 18 31
3343 16 18 21
5834 16 18 13
5302 16 18 4
1643 16 19 91
1272 16 19 83
3131 16 19 72
2693 16 19 62
2595 16 19 49
4932 16 19 41
3771 16 19 34
3088 16 19 25
4118 16 19 18
6158 16 19 8
1017 17 1 91
1248 17 1 83
1987 17 1 72
2075 17 1 62
2282 17 1 49
4394 17 1 41
2908 17 1 34
2283 17 1 25
4068 17 1 18
5977 17 1 8
524 17 2 91
1065 17 2 83
4517 17 2 71
798 17 2 60
419 17 2 54
2153 17 2 36
5820 17 2 25
2681 17 2 18
3927 17 2 8
5562 17 3 90
1039 17 3 81
1541 17 3 72
818 17 3 62
518 17 3 49
5077 17 3 40
961 17 3 33
4950 17 3 25
1359 17 3 18
2662 17 3 8
5344 17 4 90
210 17 4 81
4131 17 4 71
389 17 4 60
4625 17 4 53
2370 17 4 42
6160 17 4 31
2928 17 4 21
5533 17 4 13
5082 17 4 4
4669 17 5 90
893 17 5 80
1906 17 5 69
3665 17 5 60
4187 17 5 53
1046 17 5 42
5870 17 5 31
2719 17 5 21
5422 17 5 13
4807 17 5 4
1451 17 6 89
6099 17 6 81
3075 17 6 71
5772 17 6 59
796 17 6 52
5747 17 6 43
1764 17 6 32
6106 17 6 23
3355 17 6 15
616 17 6 7
6078 17 7 88
2668 17 7 79
5265 17 7 72
5461 17 7 61
2649 17 7 51
5464 17 7 42
3218 17 7 31
1525 17 7 21
3818 17 7 13
1275 17 7 4
4936 17 8 88
376 17 8 79
4057 17 8 72
5218 17 8 61
5585 17 8 50
2516 17 8 42
6034 17 8 30
3566 17 8 21
3444 17 8 13
399 17 8 4
4234 17 10 88
5906 17 10 78
201 17 10 69
3599 17 10 60
1346 17 10 53
5953 17 10 41
6029 17 10 33
667 17 10 25
834 17 10 18
1339 17 10 8
4153 17 11 88
5525 17 11 78
6209 17 11 68
3447 17 11 61
1434 17 11 50
1144 17 11 42
5381 17 11 30
3182 17 11 21
2572 17 11 13
6107 17 11 3
3701 17 13 88
4310 17 13 78
2139 17 13 68
3413 17 13 61
316 17 13 50
5853 17 13 41
5114 17 13 33
3555 17 13 24
3496 17 13 16
4349 17 13 6
3174 17 15 88
4195 17 15 78
3811 17 15 67
5864 17 15 56
1287 17 15 47
1660 17 15 37
5069 17 15 27
2066 17 15 20
1232 17 15 13
2673 17 15 3
3041 17 16 88
4149 17 16 78
3542 17 16 67
2059 17 16 56
5968 17 16 46
3167 17 16 34
1370 17 16 25
352 17 16 18
5481 17 16 7
6164 17 17 87
6281 17 17 79
3603 17 17 72
5041 17 17 61
5670 17 17 49
5873 17 17 39
28 17 17 31
1124 17 17 21
1968 17 17 13
2508 17 17 3
5808 17 18 87
5542 17 18 79
1686 17 18 72
2262 17 18 61
4230 17 18 49
5774 17 18 39
4945 17 18 30
1982 17 18 21
1513 17 18 13
1760 17 18 3
4888 17 19 87
4172 17 19 79
1481 17 19 72
589 17 19 61
3988 17 19 49
3998 17 19 39
969 17 19 30
1638 17 19 21
508 17 19 13
1567 17 19 3
3984 18 8 87
2543 18 8 79
387 18 8 72
5412 18 8 60
3878 18 8 52
3012 18 8 43
4753 18 8 31
5418 18 8 20
6250 18 8 12
2033 18 8 2
1300 18 10 87
1473 18 10 79
3790 18 10 71
4486 18 10 59
6127 18 10 51
4828 18 10 42
1745 18 10 30
1015 18 10 21
5383 18 10 12
54 18 10 2
875 18 11 87
360 18 11 79
5555 18 11 70
1151 18 11 61
3606 18 11 49
1775 18 11 39
944 18 11 30
5723 18 11 20
5849 18 11 12
4984 18 11 1
4997 18 13 86
2785 18 13 78
1575 18 13 67
5267 18 13 55
1266 18 13 46
3083 18 13 34
62 18 13 25
4115 18 13 17
4140 18 13 7
3351 19 0 86
1532 19 0 78
1467 19 0 67
4739 19 0 55
3005 19 0 45
4970 19 0 35
211 19 0 26
3863 19 0 14
640 19 0 5
3320 19 1 86
1375 19 1 78
1242 19 1 67
890 19 1 55
2686 19 1 45
4726 19 1 35
5797 19 1 25
3561 19 1 17
2866 19 1 7
3286 19 2 86
1147 19 2 78
937 19 2 67
34 19 2 55
1540 19 2 45
4701 19 2 35
5205 19 2 25
3239 19 2 17
1118 19 2 7
2309 19 3 86
1116 19 3 78
621 19 3 67
6021 19 3 54
1833 19 3 36
5087 19 3 25
2614 19 3 17
4221 19 3 6
771 19 4 86
5536 19 4 77
2054 19 4 69
2905 19 4 60
3502 19 4 52
1478 19 4 43
4841 19 4 30
4227 19 4 20
5741 19 4 12
3817 19 4 1
148 19 5 86
3619 19 5 77
1614 19 5 69
2680 19 5 60
3094 19 5 52
1162 19 5 43
735 19 5 30
738 19 5 20
5671 19 5 12
1263 19 5 1
5507 19 6 85
1590 19 6 76
3769 19 6 69
1766 19 6 60
1797 19 6 52
1081 19 6 43
47 19 6 30
627 19 6 20
5457 19 6 12
450 19 6 1
4190 19 7 85
1268 19 7 76
2149 19 7 69
1741 19 7 60
876 19 7 52
990 19 7 43
5672 19 7 29
5956 19 7 21
4839 19 7 12
5025 19 7 2
5405 19 8 84
2324 19 8 78
501 19 8 67
4129 19 8 54
126 19 8 36
4927 19 8 25
1774 19 8 17
3325 19 8 6
638 19 10 84
2103 19 10 78
4708 19 10 66
4680 19 10 59
5635 19 10 51
4673 19 10 42
1369 19 10 30
5375 19 10 19
6055 19 10 8
2901 19 11 83
4446 19 11 71
1461 19 11 59
5337 19 11 51
1914 19 11 42
4639 19 11 29
4983 19 11 21
3947 19 11 12
4551 19 11 2
321 19 13 83
2716 19 13 71
3476 19 13 58
730 19 13 50
5211 19 13 41
4653 19 13 33
1895 19 13 24
2580 19 13 16
1859 19 13 6
2621 19 14 82
3050 19 14 73
4813 19 14 63
4155 19 14 53
2743 19 14 41
4352 19 14 33
1577 19 14 24
1998 19 14 16
5819 19 14 5
147 19 15 81
2242 19 15 71
2411 19 15 58
2646 19 15 49
1696 19 15 39
2920 19 15 29
4290 19 15 21
3533 19 15 12
3689 19 15 2
5786 19 16 80
5358 19 16 68
3006 19 16 61
2871 19 16 49
626 19 16 39
5583 19 16 28
4423 19 16 17
2818 19 16 6
6243 19 17 79
4294 19 17 70
746 19 17 61
5629 19 17 48
4706 19 17 40
5957 19 17 32
4377 19 17 23
1267 19 17 15
514 19 17 7
1239 19 18 79
2301 19 18 70
2539 19 18 60
238 19 18 52
891 19 18 43
5277 19 18 29
3963 19 18 21
6041 19 18 11
3254 19 18 2
6150 19 19 78
3530 19 19 66
1518 19 19 59
5055 19 19 51
1044 19 19 42
3329 19 19 29
3907 19 19 21
5494 19 19 11
3234 19 19 2
