2847
389 0 0 99
195 0 0 96
4595 0 0 94
4196 0 0 91
4808 0 0 88
1604 0 0 86
5043 0 0 83
5003 0 0 80
3109 0 0 77
3313 0 0 75
2166 0 0 73
3320 0 0 71
5231 0 0 69
3480 0 0 66
5170 0 0 63
4853 0 0 60
4968 0 0 58
5325 0 0 56
4408 0 0 54
1150 0 0 51
5457 0 0 47
4046 0 0 43
1329 0 0 40
2745 0 0 37
3688 0 0 34
4885 0 0 31
3998 0 0 27
2251 0 0 25
4744 0 0 23
4977 0 0 20
5207 0 0 16
1840 0 0 13
3922 0 0 9
3014 0 0 7
5007 0 0 4
3675 0 0 2
4697 0 1 98
2176 0 1 95
4784 0 1 91
3945 0 1 88
4365 0 1 84
4349 0 1 80
834 0 1 77
3630 0 1 74
3078 0 1 71
991 0 1 68
2402 0 1 65
3052 0 1 63
5205 0 1 59
4627 0 1 56
1689 0 1 53
3862 0 1 51
3224 0 1 47
3680 0 1 43
282 0 1 40
4540 0 1 36
4640 0 1 33
379 0 1 29
2791 0 1 26
3868 0 1 23
4160 0 1 20
643 0 1 16
3522 0 1 12
3942 0 1 9
4834 0 1 4
1554 0 1 1
3534 0 2 98
1829 0 2 95
113 0 2 91
2020 0 2 88
1038 0 2 84
3654 0 2 80
4370 0 2 76
5042 0 2 74
5049 0 2 69
174 0 2 66
872 0 2 63
3898 0 2 59
3622 0 2 56
5464 0 2 52
2039 0 2 49
2450 0 2 46
1841 0 2 43
4895 0 2 39
100 0 2 37
5223 0 2 33
4506 0 2 28
5282 0 2 25
4151 0 2 23
2482 0 2 20
165 0 2 16
2025 0 2 12
3494 0 2 9
3201 0 2 4
1243 0 3 98
2793 0 3 94
2499 0 3 90
4794 0 3 87
1945 0 3 85
5480 0 3 82
3759 0 3 79
2982 0 3 76
5309 0 3 73
3741 0 3 70
3180 0 3 67
1124 0 3 64
1590 0 3 62
1071 0 3 60
4552 0 3 55
1935 0 3 52
983 0 3 49
1967 0 3 45
4206 0 3 41
3246 0 3 38
4442 0 3 36
5380 0 3 32
5219 0 3 30
3379 0 3 27
434 0 3 24
3579 0 3 21
3737 0 3 19
3231 0 3 17
2596 0 3 14
2600 0 3 11
4318 0 3 8
2779 0 3 5
4680 0 3 2
3129 0 4 97
2038 0 4 95
5033 0 4 90
4057 0 4 86
2367 0 4 83
1255 0 4 80
3840 0 4 76
3735 0 4 73
2513 0 4 68
5101 0 4 64
5059 0 4 61
2536 0 4 58
2101 0 4 56
3698 0 4 52
5116 0 4 48
1197 0 4 46
369 0 4 43
4207 0 4 39
607 0 4 35
4456 0 4 31
3565 0 4 27
4656 0 4 23
2108 0 4 20
128 0 4 16
5035 0 4 11
3530 0 4 8
385 0 4 5
3802 0 4 2
1631 0 5 97
4823 0 5 92
4667 0 5 89
4476 0 5 86
737 0 5 83
5322 0 5 79
2726 0 5 76
2865 0 5 73
1167 0 5 68
4840 0 5 64
2715 0 5 61
596 0 5 58
1633 0 5 56
3456 0 5 52
3016 0 5 48
4188 0 5 45
1980 0 5 41
3986 0 5 36
4350 0 5 31
198 0 5 27
3886 0 5 23
1263 0 5 20
2434 0 5 15
891 0 5 13
3728 0 5 9
2232 0 5 4
112 0 6 97
4736 0 6 92
4148 0 6 89
4289 0 6 86
5006 0 6 82
2599 0 6 78
1874 0 6 75
5014 0 6 72
3883 0 6 69
3439 0 6 65
5079 0 6 62
394 0 6 59
4986 0 6 55
1921 0 6 51
2685 0 6 47
2697 0 6 43
2112 0 6 39
326 0 6 35
3831 0 6 31
4313 0 6 26
3024 0 6 23
3667 0 6 19
4167 0 6 16
4686 0 6 11
2741 0 6 8
5366 0 6 4
4677 0 7 96
3567 0 7 93
245 0 7 91
164 0 7 88
47 0 7 84
4962 0 7 79
4081 0 7 75
5304 0 7 70
2561 0 7 67
3324 0 7 63
2192 0 7 59
3266 0 7 55
5355 0 7 50
5252 0 7 46
4985 0 7 41
1866 0 7 36
4163 0 7 31
2505 0 7 26
654 0 7 23
2135 0 7 19
1797 0 7 16
2036 0 7 11
4960 0 7 7
4115 0 7 4
4324 0 8 96
253 0 8 93
946 0 8 90
1447 0 8 86
1442 0 8 82
811 0 8 78
2758 0 8 74
3211 0 8 69
3349 0 8 65
3755 0 8 62
3836 0 8 58
4764 0 8 54
5142 0 8 50
950 0 8 46
2951 0 8 41
1693 0 8 36
845 0 8 31
1651 0 8 26
3516 0 8 21
5310 0 8 17
2136 0 8 14
2179 0 8 11
4006 0 8 7
4770 0 8 3
1775 0 9 96
4475 0 9 92
3508 0 9 89
2770 0 9 86
5441 0 9 81
2683 0 9 78
1318 0 9 74
2808 0 9 69
2302 0 9 65
1534 0 9 62
3353 0 9 58
3656 0 9 54
4489 0 9 50
5408 0 9 45
1355 0 9 41
1411 0 9 36
3230 0 9 30
4243 0 9 26
1884 0 9 21
4448 0 9 16
4645 0 9 10
3734 0 9 7
4032 0 9 3
2266 0 10 95
3234 0 10 90
824 0 10 86
3539 0 10 81
2942 0 10 77
2828 0 10 73
2867 0 10 67
3679 0 10 62
2475 0 10 58
3599 0 10 54
2072 0 10 50
5134 0 10 45
146 0 10 41
722 0 10 36
3127 0 10 30
1009 0 10 26
1626 0 10 21
3958 0 10 16
2826 0 10 10
2216 0 10 6
4925 0 10 3
436 0 11 95
2700 0 11 90
5346 0 11 85
3893 0 11 82
4094 0 11 77
1316 0 11 73
1432 0 11 67
3663 0 11 62
2143 0 11 58
3022 0 11 54
2061 0 11 50
4980 0 11 45
4741 0 11 40
2071 0 11 36
455 0 11 30
3449 0 11 25
3854 0 11 22
5039 0 11 19
1131 0 11 16
2710 0 11 10
386 0 11 6
1899 0 11 3
111 0 12 95
4002 0 12 89
3947 0 12 85
2067 0 12 82
3822 0 12 77
5156 0 12 72
1665 0 12 69
883 0 12 65
3307 0 12 61
5351 0 12 57
2732 0 12 54
5093 0 12 49
273 0 12 45
3438 0 12 40
190 0 12 36
367 0 12 30
2698 0 12 25
3723 0 12 22
2565 0 12 19
2959 0 12 15
676 0 12 12
3149 0 12 8
5315 0 12 4
4874 0 13 94
2052 0 13 89
426 0 13 85
1698 0 13 82
297 0 13 77
5075 0 13 72
668 0 13 68
84 0 13 64
5044 0 13 59
2941 0 13 55
4726 0 13 50
4852 0 13 45
2531 0 13 40
4818 0 13 35
1342 0 13 31
4153 0 13 25
2155 0 13 22
3884 0 13 18
5213 0 13 14
2157 0 13 11
3598 0 13 7
582 0 13 3
3554 0 14 94
109 0 14 89
4331 0 14 84
590 0 14 79
3972 0 14 75
5222 0 14 70
4176 0 14 66
5458 0 14 62
4858 0 14 57
1452 0 14 53
1824 0 14 51
2546 0 14 47
2165 0 14 43
893 0 14 39
4922 0 14 34
3545 0 14 31
965 0 14 25
4901 0 14 21
2614 0 14 15
5375 0 14 11
2057 0 14 7
4804 0 14 2
2322 0 15 94
3957 0 15 88
5055 0 15 83
2601 0 15 79
1504 0 15 74
167 0 15 69
4709 0 15 64
4172 0 15 59
4471 0 15 54
4920 0 15 49
5333 0 15 44
2091 0 15 41
5397 0 15 35
338 0 15 31
331 0 15 25
2934 0 15 21
652 0 15 15
1683 0 15 11
958 0 15 7
2994 0 15 2
1951 0 16 94
3738 0 16 88
3812 0 16 83
542 0 16 79
82 0 16 74
3311 0 16 68
5353 0 16 63
659 0 16 59
3764 0 16 54
1003 0 16 49
5135 0 16 44
1871 0 16 40
2925 0 16 35
36 0 16 31
15 0 16 25
2778 0 16 21
513 0 16 15
5393 0 16 10
2905 0 16 5
317 0 16 2
4740 0 17 93
5257 0 17 89
5328 0 17 83
4921 0 17 78
5379 0 17 73
5 0 17 67
3228 0 17 62
2621 0 17 57
801 0 17 53
4956 0 17 50
4761 0 17 45
1704 0 17 40
2885 0 17 35
4813 0 17 30
1646 0 17 25
4666 0 17 20
1424 0 17 15
5104 0 17 10
2669 0 17 5
1434 0 17 1
4647 0 18 93
4753 0 18 89
5064 0 18 83
3726 0 18 78
4439 0 18 73
5330 0 18 66
2065 0 18 62
1761 0 18 57
1087 0 18 52
2854 0 18 48
2209 0 18 45
1378 0 18 39
847 0 18 34
1636 0 18 31
5421 0 18 24
3325 0 18 21
5225 0 18 14
746 0 18 11
400 0 18 6
1862 0 18 3
3859 0 19 93
2833 0 19 89
4244 0 19 83
2239 0 19 78
3788 0 19 73
4903 0 19 66
603 0 19 62
4226 0 19 56
3030 0 19 52
361 0 19 48
4240 0 19 44
56 0 19 40
4759 0 19 34
4414 0 19 30
1239 0 19 25
3964 0 19 20
4833 0 19 14
2764 0 19 10
1490 0 19 5
1421 0 19 1
3237 2 1 93
4256 2 1 88
3335 2 1 83
2939 2 1 77
4437 2 1 72
638 2 1 68
4850 2 1 63
3263 2 1 58
774 2 1 54
674 2 1 49
3805 2 1 44
5283 2 1 39
490 2 1 34
2973 2 1 30
511 2 1 25
2853 2 1 20
3754 2 1 14
1022 2 1 10
1105 2 1 5
686 2 1 1
350 2 2 93
2180 2 2 88
3235 2 2 83
1766 2 2 77
3901 2 2 72
139 2 2 68
3334 2 2 63
1414 2 2 58
3602 2 2 53
2628 2 2 50
735 2 2 45
1315 2 2 39
5295 2 2 33
3411 2 2 28
4231 2 2 25
2573 2 2 20
2208 2 2 14
904 2 2 10
4076 2 2 4
4462 2 3 92
1351 2 3 89
3670 2 3 83
796 2 3 77
5264 2 3 71
4955 2 3 66
4924 2 3 61
4705 2 3 57
707 2 3 52
5409 2 3 47
814 2 3 43
4018 2 3 38
3262 2 3 35
4339 2 3 30
5214 2 3 24
1881 2 3 21
4710 2 3 14
827 2 3 10
1270 2 3 4
3543 2 4 92
2797 2 4 88
2825 2 4 83
88 2 4 77
1371 2 4 71
3850 2 4 66
4422 2 4 61
2512 2 4 57
3468 2 4 51
862 2 4 47
265 2 4 43
3282 2 4 38
1986 2 4 35
2219 2 4 30
3164 2 4 24
1796 2 4 21
3682 2 4 14
2794 2 4 9
2116 2 4 4
3141 2 5 92
2796 2 5 88
2752 2 5 83
74 2 5 77
5194 2 5 70
2912 2 5 66
1933 2 5 61
2196 2 5 57
2163 2 5 51
406 2 5 47
5199 2 5 42
3604 2 5 40
4012 2 5 34
2648 2 5 30
1678 2 5 24
4395 2 5 20
2111 2 5 13
3057 2 5 9
5452 2 5 3
1007 2 6 92
1345 2 6 88
4731 2 6 82
5171 2 6 76
2332 2 6 73
4892 2 6 66
1891 2 6 61
2892 2 6 56
1895 2 6 52
5237 2 6 47
1557 2 6 42
1469 2 6 40
3069 2 6 34
1098 2 6 30
1518 2 6 24
295 2 6 20
1063 2 6 13
646 2 6 9
4917 2 6 3
4263 2 7 91
4518 2 7 87
3978 2 7 83
4419 2 7 76
4906 2 7 72
2676 2 7 67
1212 2 7 62
4132 2 7 56
1564 2 7 52
4757 2 7 47
1188 2 7 42
4107 2 7 39
5196 2 7 33
2956 2 7 28
4828 2 7 24
1182 2 7 18
4718 2 7 14
2514 2 7 9
4433 2 7 3
3005 2 8 91
3609 2 8 87
2692 2 8 83
4410 2 8 76
4022 2 8 72
1496 2 8 67
5074 2 8 61
2883 2 8 56
469 2 8 52
3666 2 8 47
5303 2 8 41
4574 2 8 35
1065 2 8 30
3416 2 8 22
2046 2 8 18
4208 2 8 14
1930 2 8 9
3008 2 8 3
2371 2 10 91
3546 2 10 85
183 2 10 82
3916 2 10 76
3952 2 10 72
1023 2 10 67
3639 2 10 61
1960 2 10 56
3678 2 10 51
359 2 10 47
2638 2 10 41
993 2 10 35
205 2 10 30
1585 2 10 22
3177 2 10 17
4191 2 10 13
4287 2 10 8
1485 2 10 4
1886 2 11 91
3410 2 11 85
3949 2 11 81
2445 2 11 77
4971 2 11 70
2891 2 11 66
1568 2 11 61
593 2 11 56
1086 2 11 51
3413 2 11 46
2605 2 11 41
25 2 11 35
4355 2 11 29
3867 2 11 25
4601 2 11 19
2092 2 11 15
4678 2 11 10
1056 2 11 4
1477 2 12 91
2419 2 12 85
3064 2 12 81
2224 2 12 77
3074 2 12 70
2414 2 12 66
429 2 12 61
4493 2 12 55
4494 2 12 50
3474 2 12 44
3102 2 12 39
4982 2 12 33
528 2 12 28
5461 2 12 23
900 2 12 18
3691 2 12 14
443 2 12 9
2315 2 12 3
278 2 13 91
2123 2 13 85
2845 2 13 81
2200 2 13 77
1285 2 13 69
4086 2 13 64
2950 2 13 59
3611 2 13 53
4737 2 13 49
3081 2 13 44
2032 2 13 39
3269 2 13 33
3080 2 13 27
3093 2 13 23
5389 2 13 17
3721 2 13 13
3756 2 13 8
2190 2 13 3
4441 2 14 90
4174 2 14 85
2185 2 14 81
5390 2 14 75
5138 2 14 70
708 2 14 66
4908 2 14 60
2893 2 14 55
3489 2 14 50
3051 2 14 44
425 2 14 39
4071 2 14 32
5203 2 14 29
3809 2 14 25
4329 2 14 19
286 2 14 15
2300 2 14 10
2624 2 14 3
2365 2 16 90
3846 2 16 85
1274 2 16 81
4092 2 16 75
222 2 16 70
387 2 16 66
4035 2 16 60
233 2 16 55
2823 2 16 50
2161 2 16 44
5220 2 16 38
5274 2 16 34
753 2 16 30
1119 2 16 22
3156 2 16 17
5338 2 16 12
833 2 16 8
1999 2 16 3
1822 2 17 90
534 2 17 85
65 2 17 81
3521 2 17 75
4803 2 17 69
3524 2 17 64
546 2 17 59
2667 2 17 53
4330 2 17 49
2568 2 17 44
4970 2 17 38
4871 2 17 34
5089 2 17 29
959 2 17 25
2748 2 17 19
280 2 17 15
1975 2 17 10
1217 2 17 3
1743 2 18 90
123 2 18 85
5402 2 18 80
3570 2 18 76
2821 2 18 72
53 2 18 67
2775 2 18 61
3874 2 18 55
2169 2 18 50
1555 2 18 44
1926 2 18 38
3285 2 18 34
4658 2 18 29
3444 2 18 24
927 2 18 18
3583 2 18 14
398 2 18 9
1524 2 18 3
547 2 19 90
4725 2 19 84
570 2 19 79
17 2 19 74
3184 2 19 68
2635 2 19 63
4941 2 19 57
1538 2 19 51
3247 2 19 46
1695 2 19 41
2658 2 19 34
3775 2 19 29
1882 2 19 24
5244 2 19 17
2763 2 19 12
4067 2 19 7
1804 2 19 2
5348 3 1 89
5418 3 1 82
3620 3 1 76
972 3 1 72
5290 3 1 66
3692 3 1 60
4893 3 1 54
457 3 1 49
1985 3 1 44
1586 3 1 38
3033 3 1 34
3607 3 1 29
888 3 1 24
4175 3 1 17
1818 3 1 12
3936 3 1 7
1405 3 1 2
3135 3 2 89
3299 3 2 82
2397 3 2 76
31 3 2 72
5126 3 2 66
2487 3 2 60
4285 3 2 54
5449 3 2 48
5025 3 2 43
1686 3 2 38
1410 3 2 34
2178 3 2 29
370 3 2 24
3900 3 2 17
1559 3 2 12
3671 3 2 7
1044 3 2 2
2777 3 3 89
3151 3 3 82
2372 3 3 76
3924 3 3 71
3070 3 3 66
1715 3 3 60
3861 3 3 54
2520 3 3 48
3062 3 3 43
4069 3 3 37
4059 3 3 33
2352 3 3 27
2993 3 3 23
4650 3 3 17
3367 3 3 11
3492 3 3 5
3361 3 4 88
118 3 4 82
822 3 4 76
3310 3 4 71
1384 3 4 66
1508 3 4 60
2213 3 4 54
1856 3 4 48
2894 3 4 43
2680 3 4 37
3843 3 4 33
1596 3 4 27
5444 3 4 22
591 3 4 17
3366 3 4 11
2411 3 4 5
3065 3 5 88
4372 3 5 81
3255 3 5 75
4789 3 5 69
4369 3 5 63
2454 3 5 57
4295 3 5 50
5103 3 5 43
2158 3 5 37
3625 3 5 33
1189 3 5 27
3004 3 5 22
5128 3 5 16
2887 3 5 9
2673 3 5 2
1470 3 6 88
4192 3 6 81
2591 3 6 75
4298 3 6 69
5357 3 6 62
2844 3 6 56
427 3 6 51
1211 3 6 46
850 3 6 41
2198 3 6 34
1336 3 6 29
4875 3 6 23
3787 3 6 17
3331 3 6 11
3751 3 6 4
2792 3 7 87
655 3 7 83
2462 3 7 76
679 3 7 71
712 3 7 66
4276 3 7 59
5023 3 7 52
3162 3 7 47
1785 3 7 41
2533 3 7 33
5459 3 7 26
1262 3 7 21
2461 3 7 14
342 3 7 9
2010 3 7 2
2014 3 8 87
3563 3 8 82
209 3 8 76
3245 3 8 70
4670 3 8 65
2717 3 8 61
2766 3 8 55
1632 3 8 50
2842 3 8 43
5129 3 8 36
4896 3 8 29
964 3 8 23
1991 3 8 17
2730 3 8 11
1825 3 8 4
1277 3 10 87
3238 3 10 82
4212 3 10 75
3866 3 10 69
4327 3 10 62
29 3 10 56
4588 3 10 50
2501 3 10 43
3155 3 10 36
4805 3 10 29
552 3 10 23
2481 3 10 16
3375 3 10 8
846 3 10 3
776 3 11 87
3206 3 11 82
4815 3 11 74
2610 3 11 68
2227 3 11 63
2364 3 11 57
809 3 11 50
509 3 11 43
1779 3 11 36
3384 3 11 29
129 3 11 23
963 3 11 16
1535 3 11 8
428 3 11 3
4889 3 12 86
3204 3 12 81
1019 3 12 75
3400 3 12 69
2316 3 12 62
5258 3 12 55
1366 3 12 50
4187 3 12 42
3106 3 12 39
2911 3 12 32
1208 3 12 29
5066 3 12 22
3965 3 12 16
1237 3 12 8
5216 3 12 2
4363 3 13 86
2643 3 13 81
1002 3 13 75
3133 3 13 69
2024 3 13 62
5110 3 13 55
618 3 13 50
1667 3 13 42
5061 3 13 38
852 3 13 34
671 3 13 29
3664 3 13 22
3703 3 13 16
1160 3 13 8
3395 3 13 2
303 3 14 86
4683 3 14 80
3250 3 14 76
137 3 14 70
2110 3 14 65
2622 3 14 61
2028 3 14 55
5317 3 14 49
1123 3 14 44
644 3 14 38
213 3 14 34
5065 3 14 28
4158 3 14 23
4421 3 14 15
614 3 14 10
4665 3 14 2
5215 3 16 85
1907 3 16 80
1059 3 16 76
5391 3 16 69
46 3 16 62
2694 3 16 55
4698 3 16 49
521 3 16 44
616 3 16 38
3797 3 16 33
5427 3 16 26
820 3 16 21
1271 3 16 14
5436 3 16 8
2847 3 16 2
5124 3 17 85
214 3 17 80
695 3 17 76
5187 3 17 69
5306 3 17 61
1954 3 17 55
4412 3 17 49
5098 3 17 43
343 3 17 36
1707 3 17 29
2992 3 17 22
3323 3 17 16
4380 3 17 7
204 3 17 2
757 3 18 85
5350 3 18 79
5179 3 18 73
4882 3 18 66
2944 3 18 59
4246 3 18 52
2936 3 18 47
1701 3 18 41
943 3 18 33
2421 3 18 26
4209 3 18 20
705 3 18 13
1276 3 18 8
2785 3 18 2
2378 3 19 82
2129 3 19 74
2289 3 19 68
1739 3 19 63
4950 3 19 56
3034 3 19 50
1339 3 19 42
2691 3 19 38
419 3 19 33
2348 3 19 26
3394 3 19 20
27 3 19 13
4280 3 19 7
3695 3 19 1
2368 4 1 81
839 4 1 75
961 4 1 69
5174 4 1 61
1298 4 1 55
4254 4 1 49
2975 4 1 43
4567 4 1 35
3597 4 1 29
2837 4 1 22
3281 4 1 16
4291 4 1 7
2739 4 1 1
2261 5 3 81
3920 5 3 74
1920 5 3 68
1341 5 3 63
4730 5 3 56
1149 5 3 50
992 5 3 42
150 5 3 38
3475 5 3 32
3045 5 3 28
3115 5 3 23
2771 5 3 15
257 5 3 10
4473 5 3 2
1591 5 4 81
451 5 4 74
1172 5 4 68
1040 5 4 63
3158 5 4 56
4367 5 4 49
2729 5 4 43
3095 5 4 35
1615 5 4 29
5469 5 4 21
5395 5 4 13
3749 5 4 7
2005 5 4 1
3348 5 5 80
1202 5 5 75
769 5 5 69
4811 5 5 61
1180 5 5 55
2790 5 5 49
2659 5 5 43
1666 5 5 35
1001 5 5 29
3382 5 5 21
4430 5 5 13
2971 5 5 7
4054 5 5 2
589 5 7 80
4793 5 7 74
4507 5 7 67
4743 5 7 60
1261 5 7 54
1363 5 7 48
725 5 7 43
1589 5 7 35
5429 5 7 28
4474 5 7 22
3137 5 7 16
1765 5 7 7
3647 5 7 2
3844 5 8 79
4577 5 8 73
4792 5 8 66
2228 5 8 59
4152 5 8 52
2369 5 8 47
1365 5 8 41
4655 5 8 32
38 5 8 28
3707 5 8 22
588 5 8 16
874 5 8 7
2059 5 8 2
2080 5 9 79
3267 5 9 73
3908 5 9 66
4021 5 9 58
5036 5 9 52
2173 5 9 47
1076 5 9 41
4988 5 9 31
4593 5 9 24
3864 5 9 17
1973 5 9 11
1655 5 9 4
2899 5 11 78
3461 5 11 73
3897 5 11 66
2995 5 11 58
4358 5 11 52
202 5 11 47
601 5 11 41
2537 5 11 31
2564 5 11 24
2296 5 11 17
1969 5 11 11
664 5 11 4
4143 5 12 75
544 5 12 69
4674 5 12 61
3564 5 12 54
4646 5 12 47
95 5 12 41
3997 5 12 30
918 5 12 22
272 5 12 16
730 5 12 7
178 5 12 2
3336 5 13 63
3046 5 13 56
2458 5 13 49
1732 5 13 43
749 5 13 35
5181 5 13 28
3509 5 13 22
4886 5 13 15
4398 5 13 9
3657 5 13 1
1061 5 14 61
2762 5 14 54
4309 5 14 47
5430 5 14 40
5250 5 14 33
5140 5 14 25
5248 5 14 18
3459 5 14 13
2075 5 14 7
2619 5 14 1
2470 5 16 98
2632 5 16 94
3555 5 16 88
2334 5 16 81
3729 5 16 73
3009 5 16 66
1340 5 16 58
2728 5 16 52
3104 5 16 46
4891 5 16 40
4664 5 16 33
4024 5 16 25
5204 5 16 18
3198 5 16 13
1782 5 16 7
383 5 16 1
1439 5 18 97
3713 5 18 92
5060 5 18 87
2873 5 18 82
4810 5 18 73
2943 5 18 66
1081 5 18 58
2653 5 18 52
3027 5 18 46
4098 5 18 40
2117 5 18 33
3988 5 18 25
4073 5 18 18
2053 5 18 13
1476 5 18 7
574 6 1 97
3265 6 1 92
4825 6 1 87
5056 6 1 81
2115 6 1 73
1989 6 1 66
23 6 1 58
1757 6 1 52
4768 6 1 45
1072 6 1 39
2679 6 1 32
2839 6 1 27
2974 6 1 22
3406 6 1 15
1527 6 1 9
788 6 1 2
1435 6 2 96
4033 6 2 92
2984 6 2 87
2968 6 2 81
1845 6 2 73
1706 6 2 66
2901 6 2 57
479 6 2 50
875 6 2 42
4898 6 2 37
1246 6 2 33
3316 6 2 25
3665 6 2 18
880 6 2 13
4566 6 2 6
760 6 3 96
3504 6 3 92
2294 6 3 87
1816 6 3 81
921 6 3 73
293 6 3 66
120 6 3 57
11 6 3 50
415 6 3 42
3771 6 3 37
5374 6 3 32
1978 6 3 27
2105 6 3 22
2910 6 3 14
4401 6 3 8
4845 6 3 1
714 6 4 96
2225 6 4 92
2495 6 4 86
4652 6 4 80
2633 6 4 74
2361 6 4 67
1204 6 4 60
2373 6 4 53
4299 6 4 49
1379 6 4 43
30 6 4 35
4752 6 4 28
3066 6 4 22
4068 6 4 13
4099 6 4 6
3490 6 5 95
3089 6 5 89
1764 6 5 82
3354 6 5 73
4023 6 5 65
495 6 5 61
1312 6 5 54
3402 6 5 47
5271 6 5 40
1450 6 5 33
3171 6 5 25
2768 6 5 18
608 6 5 13
2556 6 5 6
3380 6 7 95
2884 6 7 89
1425 6 7 82
3068 6 7 73
3257 6 7 65
4008 6 7 59
1793 6 7 52
4338 6 7 45
5410 6 7 38
2508 6 7 32
988 6 7 27
41 6 7 22
1696 6 7 13
4802 6 7 5
3175 6 8 95
1962 6 8 89
898 6 8 82
2177 6 8 73
2724 6 8 65
3483 6 8 59
1138 6 8 52
4294 6 8 45
4603 6 8 38
4972 6 8 31
1826 6 8 24
1648 6 8 17
1721 6 8 11
4007 6 8 3
2478 6 9 95
1669 6 9 89
5465 6 9 81
238 6 9 73
2387 6 9 65
1552 6 9 59
2650 6 9 51
4245 6 9 45
4141 6 9 38
1869 6 9 31
1593 6 9 24
1533 6 9 17
5420 6 9 10
3977 6 9 2
4547 6 14 94
4089 6 14 87
1643 6 14 81
212 6 14 73
1929 6 14 65
792 6 14 59
584 6 14 51
3537 6 14 45
4103 6 14 38
1858 6 14 31
1190 6 14 24
701 6 14 17
5096 6 14 10
3591 6 14 2
4110 6 16 94
4047 6 16 87
740 6 16 81
5479 6 16 72
4949 6 16 66
2579 6 16 56
1729 6 16 49
1028 6 16 43
4308 6 16 34
4739 6 16 28
2651 6 16 22
1353 6 16 13
4100 6 16 5
3878 6 18 94
3425 6 18 87
470 6 18 81
4554 6 18 72
4717 6 18 66
1664 6 18 56
1231 6 18 49
855 6 18 43
3347 6 18 34
2309 6 18 28
2292 6 18 22
502 6 18 13
1936 6 18 5
3595 7 9 94
2786 7 9 87
3914 7 9 80
3538 7 9 73
5123 7 9 64
144 7 9 59
4644 7 9 50
5078 7 9 41
2856 7 9 30
691 7 9 22
3511 7 9 12
2787 7 9 7
2530 7 10 94
1006 7 10 87
3791 7 10 80
2439 7 10 73
1609 7 10 64
2949 7 10 58
4618 7 10 51
3283 7 10 45
3584 7 10 38
1461 7 10 31
5291 7 10 23
441 7 10 15
3328 7 10 8
4579 7 10 1
2457 7 11 94
549 7 11 87
1546 7 11 80
4942 7 11 72
4514 7 11 66
886 7 11 56
677 7 11 49
76 7 11 43
2749 7 11 34
4411 7 11 27
4480 7 11 21
3418 7 11 13
1864 7 11 5
1475 7 12 94
4846 7 12 86
2812 7 12 80
4626 7 12 72
3714 7 12 66
5407 7 12 55
2388 7 12 49
4727 7 12 42
503 7 12 37
4621 7 12 32
188 7 12 27
4431 7 12 21
5296 7 12 12
2323 7 12 7
867 7 14 94
3031 7 14 86
310 7 14 80
4492 7 14 72
3082 7 14 66
5312 7 14 55
1377 7 14 49
2346 7 14 42
147 7 14 37
2554 7 14 32
4668 7 14 26
2849 7 14 20
4428 7 14 12
858 7 14 7
550 7 16 94
3431 7 16 85
5094 7 16 79
1995 7 16 73
456 7 16 64
1468 7 16 58
3966 7 16 51
2206 7 16 45
1583 7 16 38
3217 7 16 30
391 7 16 22
3448 7 16 12
5313 7 16 6
2048 7 18 93
1209 7 18 88
2162 7 18 81
3892 7 18 72
10 7 18 66
5288 7 18 55
917 7 18 49
1020 7 18 42
3452 7 18 36
3013 7 18 28
3536 7 18 21
5099 7 18 12
4827 7 18 6
186 8 0 93
4149 8 0 87
1360 8 0 80
3700 8 0 72
4237 8 0 65
324 8 0 59
4620 8 0 50
3084 8 0 41
540 8 0 30
3835 8 0 21
4880 8 0 12
4455 8 0 6
3967 8 1 92
1714 8 1 86
5118 8 1 79
1942 8 1 73
358 8 1 64
1015 8 1 58
3424 8 1 51
4551 8 1 44
4582 8 1 37
1705 8 1 32
1042 8 1 26
1013 8 1 20
4087 8 1 12
4189 8 1 6
2615 8 2 92
4545 8 2 85
4944 8 2 79
1662 8 2 73
4472 8 2 63
2562 8 2 56
1267 8 2 48
131 8 2 43
1473 8 2 34
4131 8 2 27
4173 8 2 21
4390 8 2 12
3329 8 2 6
5378 8 3 91
5002 8 3 84
463 8 3 79
790 8 3 73
2141 8 3 63
1733 8 3 56
892 8 3 48
4732 8 3 42
2109 8 3 36
2850 8 3 28
597 8 3 21
1950 8 3 12
745 8 3 6
3747 8 4 91
3830 8 4 84
80 8 4 79
5173 8 4 72
1964 8 4 65
4391 8 4 58
3404 8 4 51
3401 8 4 44
3408 8 4 37
837 8 4 32
5046 8 4 25
1691 8 4 18
62 8 4 13
826 8 4 5
3658 8 5 91
3420 8 5 84
4193 8 5 78
3134 8 5 73
5071 8 5 62
1115 8 5 55
3460 8 5 48
2121 8 5 42
1849 8 5 36
859 8 5 28
4124 8 5 20
3811 8 5 12
119 8 5 6
1539 8 6 91
2384 8 6 84
3291 8 6 78
2702 8 6 73
3981 8 6 62
944 8 6 55
3182 8 6 48
1778 8 6 42
1106 8 6 36
767 8 6 28
3985 8 6 20
3533 8 6 12
3161 8 6 5
2810 8 7 90
4590 8 7 84
4663 8 7 77
4051 8 7 68
818 8 7 63
535 8 7 56
5467 8 7 47
1472 8 7 40
4987 8 7 32
4155 8 7 25
4817 8 7 17
3806 8 7 10
3021 8 7 2
2584 8 8 90
3493 8 8 84
994 8 8 76
4014 8 8 69
3160 8 8 61
58 8 8 54
3341 8 8 47
1307 8 8 40
4866 8 8 32
2889 8 8 25
4576 8 8 17
2877 8 8 10
2353 8 8 2
1659 8 9 90
1311 8 9 84
449 8 9 76
3458 8 9 69
2914 8 9 61
5446 8 9 53
690 8 9 49
650 8 9 42
1091 8 9 36
2526 8 9 27
3523 8 9 21
890 8 9 12
1532 8 9 5
1029 8 10 90
771 8 10 84
438 8 10 76
2682 8 10 69
1346 8 10 61
3834 8 10 53
1191 8 10 48
1014 8 10 42
4863 8 10 35
4614 8 10 28
622 8 10 20
1728 8 10 12
1253 8 10 5
571 8 11 90
5404 8 11 83
333 8 11 76
1906 8 11 69
3363 8 11 60
1441 8 11 53
5115 8 11 47
750 8 11 40
4356 8 11 32
2836 8 11 25
968 8 11 16
246 8 11 7
5245 8 12 89
5167 8 12 81
1438 8 12 72
1927 8 12 65
1126 8 12 58
2525 8 12 51
1914 8 12 44
1974 8 12 37
42 8 12 32
2781 8 12 25
97 8 12 16
4900 8 12 6
2860 8 14 89
4048 8 14 81
649 8 14 72
1663 8 14 65
583 8 14 58
2485 8 14 51
411 8 14 44
1406 8 14 37
5262 8 14 31
5251 8 14 23
3623 8 14 14
3153 8 14 8
3911 8 14 1
2432 8 16 89
2324 8 16 81
171 8 16 72
1332 8 16 65
5468 8 16 57
5354 8 16 49
3819 8 16 41
4031 8 16 29
2900 8 16 21
807 8 16 12
141 8 16 5
4105 8 18 88
1833 8 18 81
4202 8 18 71
3242 8 18 65
4301 8 18 57
5175 8 18 49
4887 8 18 40
3624 8 18 32
1913 8 18 25
5403 8 18 15
5080 8 18 7
2979 8 19 87
1025 8 19 80
2731 8 19 72
5137 8 19 64
244 8 19 58
4712 8 19 50
2271 8 19 41
3987 8 19 29
2585 8 19 21
4128 8 19 11
4948 8 19 2
1320 9 0 87
617 9 0 80
2374 9 0 72
3858 9 0 64
124 9 0 58
4314 9 0 50
2212 9 0 41
3814 9 0 29
1877 9 0 21
3518 9 0 11
3725 9 0 2
402 9 14 87
5432 9 14 79
4186 9 14 72
3842 9 14 64
5273 9 14 57
4691 9 14 49
4724 9 14 40
3252 9 14 32
1752 9 14 25
4781 9 14 15
4814 9 14 7
5120 9 16 86
4702 9 16 79
3919 9 16 72
2895 9 16 64
4585 9 16 57
4053 9 16 49
2930 9 16 40
2809 9 16 32
1031 9 16 25
3879 9 16 15
4253 9 16 7
2921 9 18 86
3042 9 18 79
3889 9 18 72
2548 9 18 64
3072 9 18 57
3501 9 18 49
1324 9 18 40
1923 9 18 32
2250 9 18 24
197 9 18 17
2042 9 18 10
1781 9 18 2
2695 9 19 86
1330 9 19 79
3733 9 19 72
4734 9 19 63
3778 9 19 55
2201 9 19 48
5281 9 19 41
2690 9 19 29
761 9 19 21
3440 9 19 11
2401 9 19 2
1278 10 0 86
1218 10 0 79
3110 10 0 72
4281 10 0 63
3488 10 0 55
1252 10 0 48
4510 10 0 41
40 10 0 29
5478 10 0 20
1506 10 0 12
5259 10 0 4
1008 10 2 85
836 10 2 79
1769 10 2 72
4041 10 2 63
3241 10 2 55
3918 10 2 47
45 10 2 40
157 10 2 32
947 10 2 24
3208 10 2 16
2663 10 2 6
322 10 3 85
3092 10 3 78
2541 10 3 73
3631 10 3 62
446 10 3 55
3385 10 3 47
5394 10 3 39
2245 10 3 32
5334 10 3 23
3372 10 3 14
1395 10 3 8
1304 10 3 1
4806 10 4 84
1645 10 4 75
3209 10 4 68
395 10 4 63
5383 10 4 54
2740 10 4 47
5256 10 4 39
5411 10 4 31
4967 10 4 23
3168 10 4 14
789 10 4 8
653 10 4 1
4156 10 5 84
922 10 5 75
3054 10 5 68
4199 10 5 62
3270 10 5 54
1268 10 5 47
5218 10 5 39
4868 10 5 31
1099 10 5 23
2063 10 5 14
758 10 5 8
175 10 5 1
2567 10 6 84
897 10 6 75
2843 10 6 68
3196 10 6 62
3163 10 6 54
840 10 6 47
5158 10 6 39
4138 10 6 31
276 10 6 23
2026 10 6 14
2915 10 6 7
2050 10 7 84
3286 10 7 74
2243 10 7 67
5376 10 7 59
4435 10 7 50
1512 10 7 41
3188 10 7 28
3710 10 7 19
3207 10 7 14
1254 10 7 7
473 10 8 84
2001 10 8 74
1269 10 8 67
2552 10 8 59
3558 10 8 50
1174 10 8 41
1879 10 8 28
2872 10 8 19
1614 10 8 14
842 10 8 7
1125 10 9 83
4879 10 9 75
2757 10 9 68
882 10 9 62
1605 10 9 53
3996 10 9 47
5151 10 9 39
3644 10 9 31
4213 10 9 22
2357 10 9 12
5084 10 9 4
492 10 10 83
2929 10 10 75
3646 10 10 67
2301 10 10 59
2647 10 10 50
615 10 10 41
1621 10 10 28
2326 10 10 19
3745 10 10 13
390 10 10 5
1919 10 11 82
1383 10 11 73
3491 10 11 62
4247 10 11 52
2355 10 11 45
454 10 11 38
2754 10 11 30
1850 10 11 21
2095 10 11 11
2187 10 11 2
4927 10 12 80
2125 10 12 72
3953 10 12 63
4516 10 12 54
160 10 12 47
4675 10 12 39
3060 10 12 31
3405 10 12 22
1165 10 12 12
3199 10 12 4
3569 10 14 80
2077 10 14 72
984 10 14 63
3466 10 14 54
2381 10 14 46
4079 10 14 40
69 10 14 32
5284 10 14 23
559 10 14 14
3653 10 14 6
1611 10 16 80
1784 10 16 72
823 10 16 63
2665 10 16 54
1474 10 16 46
2148 10 16 40
4611 10 16 31
2799 10 16 22
407 10 16 12
2888 10 16 4
5365 11 0 79
1308 11 0 72
328 11 0 63
2282 11 0 54
104 11 0 46
1467 11 0 40
3173 11 0 31
221 11 0 22
4337 11 0 11
1466 11 0 2
1082 11 2 79
586 11 2 72
2340 11 2 62
2404 11 2 52
4981 11 2 44
881 11 2 37
3590 11 2 31
4443 11 2 21
1723 11 2 11
2725 11 2 1
906 11 3 78
1484 11 3 73
1426 11 3 62
1232 11 3 52
4482 11 3 44
216 11 3 37
3346 11 3 31
3482 11 3 21
4693 11 3 10
981 11 3 2
5211 11 14 76
1051 11 14 69
4457 11 14 59
1607 11 14 50
4147 11 14 40
2932 11 14 31
3185 11 14 21
153 11 14 10
933 11 14 2
3913 11 16 72
1453 11 16 62
4862 11 16 51
94 11 16 44
4159 11 16 36
1600 11 16 27
3165 11 16 21
4714 11 16 9
775 11 17 53
2103 11 17 47
4394 11 17 39
2560 11 17 31
1141 11 17 21
4503 11 17 9
3485 11 18 95
1335 11 18 89
1055 11 18 81
3097 11 18 71
3041 11 18 65
3389 11 18 57
1005 11 18 49
505 11 18 40
693 11 18 31
423 11 18 21
2832 11 18 9
1257 11 19 95
1284 11 19 89
869 11 19 81
1205 11 19 71
2497 11 19 65
3167 11 19 57
980 11 19 49
145 11 19 40
4821 11 19 30
1178 11 19 21
1802 11 19 9
3 12 0 95
5335 12 0 88
5082 12 0 80
1068 12 0 72
736 12 0 62
3643 12 0 51
5272 12 0 43
516 12 0 34
4001 12 0 27
2990 12 0 21
1162 12 0 9
4591 12 2 94
3019 12 2 84
416 12 2 74
4136 12 2 66
2904 12 2 54
4487 12 2 45
203 12 2 38
2707 12 2 30
1018 12 2 21
724 12 2 9
1660 12 3 94
49 12 3 84
182 12 3 74
3566 12 3 66
2829 12 3 54
4102 12 3 45
4602 12 3 37
3132 12 3 31
155 12 3 21
5275 12 3 8
1376 12 5 94
5345 12 5 83
2515 12 5 75
2957 12 5 67
1367 12 5 59
412 12 5 50
3648 12 5 40
1111 12 5 29
4183 12 5 20
2382 12 5 11
998 12 5 1
1236 12 6 94
4184 12 6 82
1282 12 6 73
697 12 6 62
2686 12 6 51
5090 12 6 43
44 12 6 34
3391 12 6 27
2969 12 6 21
3592 12 6 8
520 12 7 94
2325 12 7 82
309 12 7 73
4699 12 7 61
3071 12 7 53
1560 12 7 47
3552 12 7 39
4974 12 7 30
4839 12 7 20
663 12 7 11
140 12 7 1
3801 12 8 93
3727 12 8 87
4958 12 8 79
330 12 8 72
2954 12 8 61
2074 12 8 53
5165 12 8 46
723 12 8 40
5088 12 8 28
1359 12 8 19
2761 12 8 13
5069 12 8 4
2743 12 9 93
3704 12 9 87
4632 12 9 79
2870 12 9 71
1501 12 9 65
2627 12 9 57
879 12 9 49
99 12 9 40
4500 12 9 27
1052 12 9 21
1096 12 9 8
2737 12 10 93
4511 12 10 86
805 12 10 79
2100 12 10 71
422 12 10 65
4754 12 10 56
5184 12 10 47
2803 12 10 39
4672 12 10 30
4533 12 10 20
4729 12 10 10
905 12 10 2
1885 12 11 93
3829 12 11 86
472 12 11 79
5280 12 11 70
1703 12 11 65
4195 12 11 56
3467 12 11 47
844 12 11 39
3803 12 11 30
4362 12 11 20
4575 12 11 10
5329 12 11 1
255 12 12 93
2522 12 12 86
5086 12 12 78
5431 12 12 72
1337 12 12 61
1372 12 12 53
4755 12 12 46
575 12 12 40
4278 12 12 27
692 12 12 21
3432 12 12 7
5249 12 14 92
4194 12 14 85
2428 12 14 78
4180 12 14 72
3170 12 14 60
962 12 14 53
4581 12 14 46
5326 12 14 39
3047 12 14 30
4038 12 14 20
4354 12 14 10
4399 12 14 1
4870 12 15 92
3138 12 15 85
1807 12 15 78
3101 12 15 72
2504 12 15 60
657 12 15 53
4469 12 15 46
5113 12 15 39
1674 12 15 30
3744 12 15 20
4251 12 15 9
4483 12 16 92
532 12 16 85
4996 12 16 77
3120 12 16 68
149 12 16 62
1955 12 16 51
3832 12 16 43
2031 12 16 33
1313 12 16 25
2963 12 16 15
3808 12 16 7
4140 12 17 92
5150 12 17 84
4701 12 17 73
2493 12 17 61
934 12 17 52
2140 12 17 44
3742 12 17 36
450 12 17 27
5145 12 17 20
3810 12 17 9
3187 12 18 92
5077 12 18 84
3731 12 18 73
2016 12 18 61
225 12 18 52
2441 12 18 43
4403 12 18 32
3865 12 18 23
4144 12 18 13
4306 12 18 4
2634 12 19 92
4190 12 19 84
3426 12 19 73
1391 12 19 61
4899 12 19 51
2574 12 19 43
3087 12 19 32
3709 12 19 23
2463 12 19 13
1516 12 19 4
2164 13 0 92
3951 13 0 84
2857 13 0 73
5190 13 0 59
332 13 0 50
3476 13 0 40
3059 13 0 27
4798 13 0 20
1755 13 0 9
1016 13 2 92
3828 13 2 84
2097 13 2 73
4890 13 2 59
2788 13 2 49
3923 13 2 39
5041 13 2 29
4154 13 2 20
1250 13 2 9
3125 13 3 91
1857 13 3 84
1681 13 3 73
3790 13 3 59
2056 13 3 49
1993 13 3 39
4911 13 3 28
5474 13 3 18
4979 13 3 12
1430 13 3 4
685 13 8 91
876 13 8 84
3921 13 8 72
2263 13 8 60
4649 13 8 52
2183 13 8 43
2817 13 8 32
1795 13 8 23
4553 13 8 12
5010 13 8 3
170 13 9 91
5412 13 9 83
2430 13 9 75
2746 13 9 67
1343 13 9 59
1321 13 9 49
4735 13 9 38
2098 13 9 30
1827 13 9 20
227 13 9 9
2699 13 15 90
2256 13 15 83
1628 13 15 75
2543 13 15 67
689 13 15 59
2474 13 15 48
3499 13 15 41
5424 13 15 27
4392 13 15 20
1102 13 15 8
605 14 0 90
1902 14 0 83
1612 14 0 75
1798 14 0 67
459 14 0 59
558 14 0 48
2550 14 0 41
4952 14 0 27
4034 14 0 20
1097 14 0 8
4777 14 2 89
5385 14 2 80
353 14 2 72
4346 14 2 59
133 14 2 48
1875 14 2 41
3925 14 2 27
3332 14 2 20
279 14 2 8
4178 14 3 89
4745 14 3 80
4763 14 3 71
4229 14 3 64
2254 14 3 57
3652 14 3 48
1791 14 3 41
3574 14 3 27
3079 14 3 20
1878 14 3 7
4164 14 5 89
4114 14 5 80
5298 14 5 70
73 14 5 65
3103 14 5 56
3212 14 5 47
476 14 5 39
4536 14 5 28
4548 14 5 18
4486 14 5 12
2750 14 5 3
3145 14 6 89
1157 14 6 80
4878 14 6 70
3073 14 6 64
1888 14 6 57
2822 14 6 48
16 14 6 41
3124 14 6 25
2186 14 6 15
2307 14 6 7
2127 14 8 89
1083 14 8 80
4466 14 8 70
4565 14 8 63
1264 14 8 54
645 14 8 45
2780 14 8 37
2288 14 8 31
4239 14 8 20
1748 14 8 7
1722 14 9 89
752 14 9 80
2490 14 9 70
3510 14 9 63
1179 14 9 54
4323 14 9 44
3362 14 9 36
5206 14 9 26
445 14 9 20
1668 14 9 7
525 14 15 89
4957 14 15 79
4749 14 15 70
2997 14 15 63
803 14 15 54
3724 14 15 44
2558 14 15 36
2802 14 15 26
5076 14 15 19
2341 14 15 13
1292 14 15 4
325 14 17 89
4938 14 17 79
1806 14 17 70
4383 14 17 62
101 14 17 51
1690 14 17 43
2210 14 17 32
1159 14 17 23
4146 14 17 12
1987 14 17 3
5419 14 18 88
3596 14 18 80
1896 14 18 70
4027 14 18 62
5180 14 18 50
3150 14 18 40
599 14 18 27
3076 14 18 20
1114 14 18 7
4123 14 19 88
2657 14 19 80
1166 14 19 70
3917 14 19 62
4918 14 19 50
3121 14 19 40
67 14 19 27
1545 14 19 20
507 14 19 7
1943 15 0 88
1771 15 0 80
320 15 0 70
3433 15 0 62
37 15 0 50
1338 15 0 40
3025 15 0 26
4220 15 0 19
5229 15 0 12
1385 15 0 3
4897 15 2 87
4505 15 2 79
1078 15 2 70
2989 15 2 62
5269 15 2 49
4504 15 2 38
1417 15 2 30
951 15 2 20
4748 15 2 5
4750 15 3 87
4413 15 3 79
4723 15 3 69
3699 15 3 59
3147 15 3 47
291 15 3 39
3317 15 3 28
4377 15 3 18
3941 15 3 12
1248 15 3 3
3642 15 6 87
3215 15 6 79
2874 15 6 69
990 15 6 59
1883 15 6 47
20 15 6 39
1266 15 6 28
768 15 6 18
2946 15 6 11
1859 15 9 87
979 15 9 79
2719 15 9 69
4248 15 9 58
3268 15 9 50
557 15 9 40
2753 15 9 26
4491 15 9 18
2907 15 9 11
683 15 11 87
318 15 11 79
313 15 11 69
3572 15 11 58
1808 15 11 50
4429 15 11 39
4404 15 11 27
5445 15 11 19
4844 15 11 12
940 15 11 3
5302 15 12 86
3943 15 12 78
1897 15 12 72
1915 15 12 59
1354 15 12 47
3441 15 12 38
4108 15 12 29
3818 15 12 20
1458 15 12 5
4964 15 13 86
1386 15 13 78
1093 15 13 72
1230 15 13 59
1181 15 13 47
2947 15 13 38
57 15 13 29
1224 15 13 20
5038 15 13 3
3796 15 15 86
187 15 15 78
522 15 15 72
4406 15 15 58
1622 15 15 50
2202 15 15 39
4083 15 15 27
5401 15 15 19
4201 15 15 12
393 15 15 3
5477 15 17 85
4597 15 17 77
710 15 17 68
5048 15 17 61
4000 15 17 51
108 15 17 43
526 15 17 32
1032 15 17 23
3451 15 17 12
166 15 17 3
3660 15 18 85
3940 15 18 77
3239 15 18 67
304 15 18 59
5054 15 18 46
5024 15 18 39
4043 15 18 27
3719 15 18 19
1767 15 18 12
2518 15 18 2
2606 15 19 85
475 15 19 77
2801 15 19 67
211 15 19 59
4384 15 19 46
3635 15 19 39
433 15 19 27
3618 15 19 19
1194 15 19 12
2217 15 19 2
3990 16 0 84
3890 16 0 72
1996 16 0 58
1492 16 0 50
1515 16 0 39
4883 16 0 26
2964 16 0 18
2835 16 0 11
1876 16 2 84
3176 16 2 72
974 16 2 58
914 16 2 50
5386 16 2 38
4497 16 2 28
4580 16 2 17
4704 16 2 9
636 16 3 84
1047 16 3 72
5377 16 3 57
2755 16 3 48
4082 16 3 40
1839 16 3 26
1163 16 3 18
1279 16 3 11
1855 16 6 83
895 16 6 75
732 16 6 67
4537 16 6 58
308 16 6 50
3824 16 6 38
3276 16 6 28
3227 16 6 17
4388 16 6 9
1594 16 7 83
5447 16 7 74
142 16 7 66
2582 16 7 54
2437 16 7 44
2438 16 7 36
1381 16 7 26
236 16 7 18
1035 16 7 11
305 16 8 83
2153 16 8 74
4816 16 8 65
1226 16 8 56
4807 16 8 46
2328 16 8 38
2684 16 8 28
2027 16 8 17
3295 16 8 9
2609 16 9 82
81 16 9 73
3154 16 9 58
5415 16 9 49
2293 16 9 38
2532 16 9 28
518 16 9 17
3225 16 9 9
4760 16 11 81
669 16 11 71
2830 16 11 64
1831 16 11 57
3557 16 11 47
1838 16 11 38
2491 16 11 28
5358 16 11 16
2444 16 11 6
1401 16 12 81
3614 16 12 70
4351 16 12 61
3294 16 12 51
4746 16 12 42
4719 16 12 35
3144 16 12 28
3804 16 12 16
863 16 12 6
713 17 0 81
3303 17 0 70
2773 17 0 61
3200 17 0 51
4463 17 0 42
976 17 0 35
3136 17 0 28
2608 17 0 16
3885 17 0 5
2816 17 2 80
2708 17 2 69
163 17 2 58
4512 17 2 49
1187 17 2 38
2393 17 2 28
1918 17 2 16
1811 17 2 5
2783 17 3 80
1623 17 3 69
1846 17 3 57
2015 17 3 47
1198 17 3 38
1652 17 3 28
1708 17 3 16
1148 17 3 5
2358 17 6 80
1463 17 6 69
1638 17 6 57
945 17 6 47
1046 17 6 38
1624 17 6 28
1085 17 6 16
252 17 6 5
3870 17 7 79
4225 17 7 68
4819 17 7 61
3049 17 7 51
4290 17 7 42
794 17 7 34
2581 17 7 27
2848 17 7 19
1122 17 7 12
5443 17 7 1
1154 17 8 77
1373 17 8 67
3994 17 8 58
4017 17 8 49
1156 17 8 38
1000 17 8 28
4676 17 8 15
3520 17 8 6
2385 17 9 72
2890 17 9 57
2886 17 9 46
2154 17 9 38
4063 17 9 27
2229 17 9 19
739 17 9 12
4780 17 9 1
985 17 11 72
5037 17 11 56
4424 17 11 46
1219 17 11 38
2009 17 11 27
2195 17 11 19
611 17 11 12
2664 17 11 1
4343 17 12 71
2747 17 12 64
3422 17 12 56
3462 17 12 46
1088 17 12 38
354 17 12 27
24 17 12 19
4973 17 12 11
3370 17 14 69
543 17 14 57
1770 17 14 46
5362 17 14 37
514 17 14 31
4117 17 14 20
4928 17 14 2
5300 17 16 68
4454 17 16 61
2150 17 16 51
3783 17 16 42
658 17 16 34
1787 17 16 27
5217 17 16 18
3427 17 16 10
2652 17 17 52
1984 17 17 43
2516 17 17 31
1970 17 17 20
4779 17 17 2
1327 17 18 94
1393 17 18 82
5153 17 18 72
384 17 18 56
2640 17 18 46
4931 17 18 37
497 17 18 31
4877 17 18 19
1325 17 18 11
812 17 19 94
610 17 19 82
4348 17 19 72
4628 17 19 55
2406 17 19 47
5384 17 19 37
465 17 19 31
2407 17 19 19
4769 17 19 10
5266 18 0 93
2060 18 0 86
3852 18 0 77
4995 18 0 66
706 18 0 54
2436 18 0 44
594 18 0 36
424 18 0 26
232 18 0 18
3236 18 0 10
5040 18 2 93
1537 18 2 86
51 18 2 77
4954 18 2 66
4679 18 2 53
3882 18 2 46
3293 18 2 37
256 18 2 31
1333 18 2 19
4528 18 2 10
4065 18 3 93
1200 18 3 86
4933 18 3 76
853 18 3 69
93 18 3 57
1702 18 3 46
2234 18 3 37
3454 18 3 30
4535 18 3 19
3891 18 3 10
3701 18 9 93
763 18 9 86
4030 18 9 76
478 18 9 69
4325 18 9 56
1281 18 9 46
2078 18 9 37
2587 18 9 30
4230 18 9 19
1398 18 9 10
3694 18 11 93
634 18 11 86
1617 18 11 76
323 18 11 69
2275 18 11 56
2670 18 11 45
2133 18 11 37
2008 18 11 30
3869 18 11 19
355 18 11 10
1152 18 12 93
26 18 12 86
1048 18 12 76
1834 18 12 68
4427 18 12 61
474 18 12 51
3099 18 12 42
176 18 12 34
1741 18 12 27
4713 18 12 18
2093 18 12 10
612 18 14 93
5324 18 14 85
110 18 14 77
4637 18 14 66
2576 18 14 53
3455 18 14 46
1526 18 14 36
237 18 14 26
4530 18 14 17
2597 18 14 9
378 19 0 93
3083 19 0 85
2908 19 0 76
1132 19 0 68
4418 19 0 61
1819 19 0 50
1941 19 0 38
181 19 0 26
4352 19 0 17
1563 19 0 9
296 19 2 92
2868 19 2 84
899 19 2 72
3260 19 2 55
1601 19 2 47
4438 19 2 37
887 19 2 30
5454 19 2 18
1629 19 2 10
5227 19 3 91
3982 19 3 83
1725 19 3 74
3541 19 3 65
2909 19 3 55
1012 19 3 47
3888 19 3 37
861 19 3 30
3344 19 3 18
1314 19 3 10
5188 19 5 91
971 19 5 83
1528 19 5 74
3478 19 5 65
2716 19 5 55
5164 19 5 46
5476 19 5 35
2267 19 5 28
5307 19 5 14
2852 19 5 6
5176 19 6 91
199 19 6 83
1498 19 6 74
2356 19 6 65
2563 19 6 54
4446 19 6 43
1932 19 6 31
3091 19 6 18
1058 19 6 10
2132 19 7 91
5105 19 7 82
3954 19 7 72
2500 19 7 55
2603 19 7 46
5241 19 7 35
5414 19 7 27
3300 19 7 18
5005 19 7 9
773 19 8 91
1751 19 8 82
2314 19 8 72
1922 19 8 55
2175 19 8 46
1747 19 8 35
3948 19 8 27
2625 19 8 18
3143 19 8 9
452 19 9 91
5316 19 9 81
3205 19 9 70
765 19 9 61
1768 19 9 50
813 19 9 38
4715 19 9 25
2086 19 9 15
2443 19 9 6
179 19 11 91
4501 19 11 81
2362 19 11 70
89 19 11 61
1397 19 11 50
512 19 11 38
2248 19 11 25
1109 19 11 15
2405 19 11 6
4865 19 12 90
1084 19 12 83
4788 19 12 73
2902 19 12 58
3029 19 12 49
4267 19 12 37
667 19 12 30
1738 19 12 18
1256 19 12 9
4026 19 14 90
413 19 14 83
4706 19 14 73
4036 19 14 57
4532 19 14 45
1419 19 14 37
106 19 14 30
1136 19 14 18
648 19 14 9
3715 19 15 90
5162 19 15 82
168 19 15 72
264 19 15 54
4341 19 15 43
48 19 15 31
1247 19 15 18
3915 19 15 8
2922 19 16 90
4093 19 16 82
5428 19 16 71
2557 19 16 64
718 19 16 56
804 19 16 45
3716 19 16 36
5372 19 16 25
569 19 16 15
5034 19 16 5
2064 19 17 90
4005 19 17 82
4975 19 17 71
2339 19 17 64
5168 19 17 55
3578 19 17 45
3386 19 17 36
3939 19 17 25
5224 19 17 14
2363 19 17 6
1630 19 18 90
3417 19 18 82
4542 19 18 71
2281 19 18 64
2896 19 18 55
1216 19 18 45
2661 19 18 36
1221 19 18 25
999 19 18 14
1867 19 18 6
1454 19 19 90
2124 19 19 82
2967 19 19 71
2258 19 19 64
2247 19 19 55
3055 19 19 44
3661 19 19 35
3789 19 19 27
292 19 19 18
2128 19 19 8
