18649
371501
307001
146401
56501
452001
22201
117201
249085
40001
322001
225501
451549
216001
238377
293501
714001
119251
282865
569501
297703
205601
266001
260001
456001
250501
71263
248751
161685
182001
149185
388001
67593
1042001
0
54001
623165
199001
106339
0
360001
97681
343501
343925
119001
232501
136001
0
182801
326341
133001
509491
152721
436001
120001
266001
184601
562741
243025
218449
0
0
344001
247673
509201
78601
530001
56801
120701
362001
90305
137863
140001
126001
793601
0
0
334001
147501
436231
119001
155001
602913
103897
0
331669
758001
59601
115201
238001
0
171201
236801
87913
669201
537177
106751
85657
351001
380401
18649
371501
307001
146401
56501
452001
22201
117201
249085
40001
322001
225501
451549
216001
18649
371501
307001
146401
56501
452001
22201
117201
