2613
2431 0 0 98
4576 0 0 94
360 0 0 91
2393 0 0 89
4493 0 0 87
2861 0 0 83
3160 0 0 80
4948 0 0 76
4792 0 0 72
540 0 0 69
2184 0 0 67
2582 0 0 62
462 0 0 59
799 0 0 57
3301 0 0 54
1859 0 0 52
4344 0 0 49
4550 0 0 46
4535 0 0 42
1871 0 0 39
4918 0 0 37
4279 0 0 34
1550 0 0 31
4683 0 0 29
767 0 0 26
3130 0 0 24
809 0 0 20
2577 0 0 18
4069 0 0 15
3498 0 0 12
4496 0 0 9
357 0 0 6
2634 0 0 3
4326 0 1 97
3953 0 1 94
3898 0 1 90
4437 0 1 88
2095 0 1 86
3300 0 1 84
4532 0 1 82
4938 0 1 79
3307 0 1 76
4675 0 1 72
4557 0 1 68
4411 0 1 65
2332 0 1 63
3420 0 1 59
4573 0 1 56
2990 0 1 51
2234 0 1 49
4434 0 1 46
3335 0 1 42
4661 0 1 38
1914 0 1 35
3262 0 1 32
1218 0 1 29
2278 0 1 25
4898 0 1 21
4725 0 1 17
53 0 1 14
2958 0 1 11
2042 0 1 8
3604 0 1 5
1520 0 1 2
4080 0 2 97
3284 0 2 93
3962 0 2 90
2182 0 2 88
2534 0 2 85
4564 0 2 81
2821 0 2 79
1096 0 2 76
3031 0 2 72
3810 0 2 68
182 0 2 65
405 0 2 63
2595 0 2 59
1559 0 2 56
2569 0 2 51
2381 0 2 48
4586 0 2 45
1466 0 2 43
2888 0 2 40
727 0 2 38
3617 0 2 34
430 0 2 31
3442 0 2 29
1450 0 2 25
2435 0 2 21
3748 0 2 17
4406 0 2 13
3762 0 2 10
2215 0 2 8
2734 0 2 5
3004 0 2 1
1083 0 3 97
1726 0 3 93
728 0 3 90
4889 0 3 87
2136 0 3 83
3696 0 3 79
301 0 3 76
2481 0 3 72
1921 0 3 68
4484 0 3 64
2292 0 3 62
2491 0 3 58
2664 0 3 55
3366 0 3 52
134 0 3 49
3767 0 3 45
675 0 3 42
4925 0 3 37
2358 0 3 34
4418 0 3 29
3227 0 3 24
500 0 3 20
4892 0 3 17
1898 0 3 13
2260 0 3 9
3576 0 3 5
3216 0 3 1
820 0 4 97
290 0 4 93
556 0 4 90
1694 0 4 87
1782 0 4 83
1258 0 4 79
2563 0 4 75
526 0 4 72
1120 0 4 68
789 0 4 64
3050 0 4 61
3365 0 4 59
1532 0 4 56
807 0 4 51
4690 0 4 47
3434 0 4 45
3900 0 4 41
1381 0 4 39
3732 0 4 37
3825 0 4 33
3032 0 4 31
4631 0 4 27
3708 0 4 24
232 0 4 20
2612 0 4 17
1416 0 4 13
1979 0 4 9
2764 0 4 5
3201 0 4 1
4400 0 5 96
2112 0 5 93
3984 0 5 89
4785 0 5 86
550 0 5 83
905 0 5 79
1379 0 5 75
4976 0 5 71
2735 0 5 69
4790 0 5 66
3080 0 5 64
3003 0 5 61
3699 0 5 58
1766 0 5 54
3765 0 5 51
3782 0 5 47
3419 0 5 45
2508 0 5 41
1210 0 5 37
3597 0 5 33
1032 0 5 30
4562 0 5 27
3294 0 5 24
2807 0 5 19
2077 0 5 17
1092 0 5 13
1781 0 5 9
4916 0 5 4
4290 0 6 96
1626 0 6 93
2436 0 6 89
1070 0 6 84
4010 0 6 82
175 0 6 79
484 0 6 75
4888 0 6 71
1931 0 6 69
4305 0 6 66
4531 0 6 63
2252 0 6 59
497 0 6 56
271 0 6 51
4629 0 6 46
2108 0 6 42
2084 0 6 37
1630 0 6 33
4500 0 6 29
2088 0 6 24
2082 0 6 19
3213 0 6 16
4314 0 6 13
4844 0 6 8
1843 0 6 5
3520 0 7 96
503 0 7 92
1291 0 7 89
434 0 7 84
3505 0 7 80
4357 0 7 76
1970 0 7 72
3258 0 7 67
2565 0 7 62
139 0 7 58
4355 0 7 53
3861 0 7 51
4401 0 7 46
1794 0 7 42
2024 0 7 37
1202 0 7 33
4295 0 7 29
1927 0 7 24
1195 0 7 19
4499 0 7 15
3240 0 7 12
3095 0 7 9
4821 0 7 4
2319 0 8 96
3279 0 8 91
625 0 8 87
1684 0 8 83
4370 0 8 78
4864 0 8 76
4214 0 8 71
1785 0 8 68
684 0 8 64
2578 0 8 61
2717 0 8 58
2894 0 8 53
3011 0 8 51
4169 0 8 46
1699 0 8 42
1464 0 8 37
311 0 8 33
4026 0 8 28
3482 0 8 26
2976 0 8 24
4722 0 8 18
1391 0 8 14
937 0 8 11
4774 0 8 6
3351 0 8 2
857 0 9 96
2049 0 9 91
1502 0 9 85
2361 0 9 81
1458 0 9 79
4657 0 9 74
4849 0 9 71
1575 0 9 68
2223 0 9 63
1447 0 9 59
4246 0 9 55
4210 0 9 50
3027 0 9 48
198 0 9 45
306 0 9 41
1233 0 9 36
1968 0 9 34
2380 0 9 29
1368 0 9 24
4615 0 9 18
567 0 9 14
3915 0 9 10
4694 0 9 7
2110 0 9 5
177 0 10 96
1107 0 10 91
634 0 10 85
717 0 10 80
3994 0 10 75
4628 0 10 71
3016 0 10 67
4923 0 10 61
2970 0 10 57
2502 0 10 54
1055 0 10 50
2254 0 10 47
2281 0 10 44
1952 0 10 41
3007 0 10 35
366 0 10 32
2268 0 10 27
1175 0 10 24
4612 0 10 18
523 0 10 14
1775 0 10 10
4639 0 10 6
2210 0 10 1
26 0 11 96
4614 0 11 90
3974 0 11 86
17 0 11 83
4049 0 11 78
3967 0 11 75
3963 0 11 71
712 0 11 67
2398 0 11 61
2038 0 11 57
126 0 11 54
3091 0 11 49
3575 0 11 45
162 0 11 41
718 0 11 35
4444 0 11 31
2399 0 11 27
3710 0 11 23
3497 0 11 20
4589 0 11 16
3621 0 11 12
3516 0 11 8
1222 0 11 5
20 0 12 96
2293 0 12 90
854 0 12 86
1514 0 12 82
2315 0 12 78
761 0 12 75
2776 0 12 71
4686 0 12 66
2063 0 12 63
1119 0 12 59
3592 0 12 55
4030 0 12 49
3546 0 12 45
3759 0 12 40
2144 0 12 36
1525 0 12 34
1554 0 12 29
2697 0 12 23
1892 0 12 20
3439 0 12 16
2671 0 12 12
1764 0 12 8
2869 0 12 4
4115 0 13 95
1758 0 13 93
4157 0 13 87
1438 0 13 83
2413 0 13 78
4859 0 13 74
88 0 13 71
3542 0 13 66
4764 0 13 62
4385 0 13 57
4255 0 13 53
602 0 13 50
113 0 13 47
1215 0 13 44
915 0 13 41
235 0 13 35
4439 0 13 31
1085 0 13 27
2451 0 13 23
4773 0 13 18
280 0 13 14
420 0 13 10
4431 0 13 6
1568 0 13 1
2379 0 14 95
1254 0 14 92
2342 0 14 88
4568 0 14 84
300 0 14 80
3025 0 14 75
2611 0 14 71
3293 0 14 66
3460 0 14 62
4063 0 14 57
2772 0 14 53
1332 0 14 49
3081 0 14 45
3370 0 14 40
4453 0 14 34
1130 0 14 29
893 0 14 23
3985 0 14 18
60 0 14 13
3545 0 14 8
1922 0 14 4
4287 0 15 94
1250 0 15 90
354 0 15 86
984 0 15 82
4744 0 15 77
3791 0 15 74
38 0 15 70
4711 0 15 68
2019 0 15 63
3008 0 15 58
2603 0 15 52
3959 0 15 48
802 0 15 43
164 0 15 40
3239 0 15 34
4605 0 15 28
986 0 15 24
3485 0 15 18
2097 0 15 12
4882 0 15 7
3798 0 15 4
3886 0 16 94
4781 0 16 89
3761 0 16 83
1599 0 16 78
2511 0 16 74
3850 0 16 69
2998 0 16 66
1101 0 16 62
4042 0 16 57
701 0 16 53
460 0 16 49
355 0 16 45
2809 0 16 40
2284 0 16 34
3314 0 16 28
765 0 16 24
2682 0 16 18
1581 0 16 12
3639 0 16 7
4272 0 16 3
2871 0 17 94
3792 0 17 89
3171 0 17 83
1476 0 17 78
3512 0 17 73
531 0 17 70
2718 0 17 67
1303 0 17 61
1670 0 17 57
538 0 17 53
4288 0 17 48
542 0 17 43
4652 0 17 38
3057 0 17 34
3205 0 17 28
4174 0 17 23
2090 0 17 18
4092 0 17 11
4770 0 17 6
474 0 17 1
1903 0 18 94
2359 0 18 89
4885 0 18 82
4120 0 18 77
4581 0 18 73
2674 0 18 69
2202 0 18 66
4510 0 18 61
1573 0 18 57
4228 0 18 52
1171 0 18 48
55 0 18 43
2877 0 18 38
1025 0 18 34
3045 0 18 28
249 0 18 23
1934 0 18 17
4229 0 18 12
2696 0 18 7
3362 0 18 3
623 0 19 94
1241 0 19 89
4240 0 19 82
3783 0 19 77
3776 0 19 73
783 0 19 69
936 0 19 66
4180 0 19 61
1209 0 19 57
1822 0 19 52
476 0 19 48
4308 0 19 42
4724 0 19 36
4342 0 19 33
3544 0 19 28
4575 0 19 22
4684 0 19 19
1856 0 19 15
2649 0 19 12
2535 0 19 7
4602 0 19 2
363 2 0 94
4302 2 0 88
4468 2 0 84
3134 2 0 79
3924 2 0 74
2148 2 0 69
1595 2 0 65
3802 2 0 61
3037 2 0 56
128 2 0 51
3627 2 0 46
4965 2 0 41
3229 2 0 34
2299 2 0 28
4343 2 0 22
4360 2 0 19
1737 2 0 15
1238 2 0 12
1908 2 0 7
3657 2 0 2
4599 2 1 93
3356 2 1 87
340 2 1 83
2160 2 1 77
3661 2 1 73
277 2 1 69
536 2 1 65
1802 2 1 61
2384 2 1 56
4926 2 1 50
4668 2 1 46
4622 2 1 41
2872 2 1 34
722 2 1 28
3678 2 1 22
2981 2 1 18
3131 2 1 11
4742 2 1 6
1946 2 2 93
3116 2 2 87
209 2 2 83
1642 2 2 77
2032 2 2 72
4642 2 2 66
3565 2 2 61
2133 2 2 56
4354 2 2 50
3839 2 2 46
3199 2 2 41
2147 2 2 34
3773 2 2 27
1214 2 2 23
1088 2 2 17
3376 2 2 12
1876 2 2 7
2356 2 2 2
2039 2 4 91
2875 2 4 84
2151 2 4 79
3572 2 4 74
1346 2 4 69
4165 2 4 64
564 2 4 60
4939 2 4 56
3784 2 4 50
248 2 4 46
2973 2 4 41
1915 2 4 34
1592 2 4 26
3424 2 4 23
246 2 4 17
709 2 4 12
2823 2 4 6
1720 2 5 91
2407 2 5 84
1078 2 5 79
1265 2 5 73
1402 2 5 68
4266 2 5 62
2230 2 5 57
956 2 5 52
4219 2 5 47
3899 2 5 43
2557 2 5 38
766 2 5 34
3418 2 5 25
2320 2 5 21
2725 2 5 17
3450 2 5 11
3188 2 5 6
1190 2 7 91
1657 2 7 84
4466 2 7 78
3461 2 7 73
4015 2 7 67
4607 2 7 60
2572 2 7 56
3186 2 7 50
4956 2 7 45
4546 2 7 39
2653 2 7 37
4383 2 7 32
948 2 7 27
131 2 7 23
3976 2 7 16
2523 2 7 12
1280 2 7 6
3835 2 8 90
4895 2 8 85
4095 2 8 79
3822 2 8 72
1998 2 8 66
2748 2 8 61
147 2 8 56
2812 2 8 50
3261 2 8 45
4301 2 8 39
211 2 8 36
3326 2 8 33
2273 2 8 28
2590 2 8 22
1988 2 8 18
2608 2 8 11
3121 2 8 6
3113 2 9 90
3044 2 9 85
3888 2 9 79
4795 2 9 71
3087 2 9 66
667 2 9 61
1498 2 9 55
1878 2 9 49
4943 2 9 44
4247 2 9 40
1873 2 9 34
2743 2 9 25
784 2 9 21
2468 2 9 17
480 2 9 11
579 2 9 6
1963 2 14 90
4054 2 14 84
2425 2 14 78
1846 2 14 73
2040 2 14 67
3187 2 14 60
4167 2 14 55
1436 2 14 49
2450 2 14 44
2727 2 14 40
1174 2 14 33
1293 2 14 28
1255 2 14 22
4726 2 14 17
4261 2 14 10
3611 2 14 6
1806 2 15 90
4040 2 15 84
1165 2 15 78
4658 2 15 72
1558 2 15 66
521 2 15 61
39 2 15 55
2751 2 15 48
3845 2 15 42
4353 2 15 36
3195 2 15 33
513 2 15 28
1062 2 15 22
4487 2 15 17
1433 2 15 10
3593 2 15 6
463 2 16 89
3933 2 16 82
2069 2 16 77
1154 2 16 72
56 2 16 66
1407 2 16 60
3579 2 16 55
1176 2 16 48
3514 2 16 42
3920 2 16 36
4755 2 16 32
3930 2 16 26
2116 2 16 23
4162 2 16 15
999 2 16 12
641 2 16 6
3226 2 17 88
3381 2 17 84
2316 2 17 77
4825 2 17 71
1323 2 17 66
900 2 17 60
3299 2 17 55
208 2 17 48
3283 2 17 42
939 2 17 36
4968 2 17 31
4636 2 17 26
4156 2 17 22
4277 2 17 17
3380 2 17 9
3531 2 17 4
2745 2 18 88
2813 2 18 84
4278 2 18 76
3960 2 18 71
4390 2 18 65
1393 2 18 61
4625 2 18 54
2023 2 18 49
1443 2 18 44
3355 2 18 39
4306 2 18 35
1398 2 18 31
4626 2 18 26
3517 2 18 22
396 2 18 17
3072 2 18 9
2689 2 18 4
1 2 19 88
737 2 19 84
2621 2 19 76
81 2 19 71
3470 2 19 65
1365 2 19 61
3100 2 19 54
1014 2 19 49
4558 2 19 43
2146 2 19 38
92 2 19 34
2374 2 19 25
4543 2 19 20
2406 2 19 16
1611 2 19 12
638 2 19 6
3883 3 8 87
1319 3 8 82
4528 3 8 76
2237 3 8 70
3177 3 8 66
4763 3 8 59
2561 3 8 55
4901 3 8 47
2453 3 8 43
1739 3 8 38
4449 3 8 33
4461 3 8 27
4664 3 8 22
4645 3 8 16
582 3 8 12
2917 3 8 5
3837 3 9 87
1147 3 9 82
4181 3 9 76
1287 3 9 70
2068 3 9 66
4077 3 9 59
1278 3 9 55
4525 3 9 47
1978 3 9 43
289 3 9 38
3063 3 9 33
3927 3 9 27
3950 3 9 22
4171 3 9 16
4182 3 9 11
269 3 9 6
456 3 11 87
479 3 11 82
3332 3 11 76
1028 3 11 70
4480 3 11 65
504 3 11 61
2449 3 11 54
4786 3 11 48
3043 3 11 42
695 3 11 36
1997 3 11 31
882 3 11 26
2589 3 11 22
4096 3 11 16
4160 3 11 11
4953 3 11 5
3965 3 12 86
140 3 12 82
78 3 12 76
4600 3 12 69
4110 3 12 64
4743 3 12 59
174 3 12 55
4463 3 12 47
1478 3 12 43
2985 3 12 37
4079 3 12 32
3706 3 12 26
605 3 12 22
3349 3 12 16
3069 3 12 11
4488 3 12 5
4927 3 15 85
3036 3 15 79
4159 3 15 71
3446 3 15 65
3695 3 15 60
2228 3 15 55
2780 3 15 47
4495 3 15 42
679 3 15 36
1138 3 15 31
826 3 15 26
4371 3 15 21
1789 3 15 17
2687 3 15 9
2220 3 15 4
2191 3 16 85
1548 3 16 79
1733 3 16 71
2290 3 16 65
1990 3 16 60
1408 3 16 55
2404 3 16 47
876 3 16 42
3430 3 16 35
4610 3 16 30
735 3 16 27
1730 3 16 22
1444 3 16 16
2963 3 16 11
3640 3 16 5
2629 3 17 84
2227 3 17 76
2506 3 17 68
1382 3 17 62
1972 3 17 57
387 3 17 52
4195 3 17 47
4544 3 17 41
572 3 17 34
1648 3 17 25
2552 3 17 20
4640 3 17 14
4630 3 17 9
1828 3 17 4
3013 4 0 83
3906 4 0 76
380 4 0 68
1378 4 0 62
4075 4 0 56
514 4 0 50
2795 4 0 45
185 4 0 39
2043 4 0 35
4572 4 0 30
318 4 0 27
184 4 0 22
861 4 0 16
2883 4 0 11
877 4 0 5
2663 4 1 83
3634 4 1 76
3344 4 1 67
2075 4 1 60
652 4 1 55
2129 4 1 47
2165 4 1 41
4954 4 1 33
3925 4 1 27
4404 4 1 21
1193 4 1 17
2376 4 1 9
932 4 1 4
25 4 3 83
3522 4 3 76
2348 4 3 67
3890 4 3 59
4273 4 3 54
3646 4 3 48
2504 4 3 42
1974 4 3 35
3701 4 3 30
4335 4 3 26
3396 4 3 20
4435 4 3 14
3602 4 3 9
148 4 3 4
3919 4 5 82
4660 4 5 75
4975 4 5 70
4199 4 5 65
1841 4 5 60
3755 4 5 54
1272 4 5 48
1901 4 5 42
3948 4 5 34
1412 4 5 25
2961 4 5 19
949 4 5 15
4055 4 5 11
4155 4 5 4
266 4 6 82
4121 4 6 75
4262 4 6 70
3851 4 6 65
1650 4 6 60
3235 4 6 54
1200 4 6 48
1363 4 6 42
3613 4 6 33
704 4 6 27
3992 4 6 21
4392 4 6 16
96 4 6 11
3777 4 6 4
4478 4 8 81
4422 4 8 78
3957 4 8 72
947 4 8 65
3697 4 8 59
2720 4 8 54
4903 4 8 47
930 4 8 40
435 4 8 33
3231 4 8 26
3079 4 8 20
3451 4 8 14
3330 4 8 9
4060 4 8 3
4433 4 9 81
4223 4 9 78
3073 4 9 72
449 4 9 65
1400 4 9 59
2708 4 9 54
2705 4 9 47
562 4 9 40
4902 4 9 32
3686 4 9 26
1271 4 9 20
2805 4 9 14
3180 4 9 9
2936 4 9 3
2340 4 11 81
1777 4 11 78
2633 4 11 72
51 4 11 65
4682 4 11 58
719 4 11 52
3034 4 11 47
276 4 11 40
3988 4 11 32
3128 4 11 26
671 4 11 20
2087 4 11 14
2477 4 11 9
2607 4 11 3
70 4 12 80
2896 4 12 75
4037 4 12 70
2134 4 12 65
3559 4 12 58
4420 4 12 51
3395 4 12 46
2120 4 12 41
2291 4 12 33
3202 4 12 26
3021 4 12 19
618 4 12 15
3737 4 12 11
3624 4 12 4
1205 4 14 79
1632 4 14 71
2920 4 14 64
4509 4 14 59
1566 4 14 54
1681 4 14 47
4651 4 14 39
3609 4 14 34
346 4 14 25
2701 4 14 19
230 4 14 14
1804 4 14 9
2503 4 14 3
2521 4 15 76
1451 4 15 67
2280 4 15 59
1204 4 15 54
1030 4 15 47
2141 4 15 39
3481 4 15 34
2927 4 15 24
2512 4 15 18
2018 4 15 11
3610 4 15 4
1939 5 0 71
1089 5 0 64
3041 5 0 59
1090 5 0 54
589 5 0 46
1020 5 0 41
2270 5 0 33
1259 5 0 26
1534 5 0 19
2476 5 0 13
1453 5 0 8
816 5 0 4
2979 5 3 52
1791 5 3 47
4760 5 3 38
2314 5 3 33
569 5 3 26
376 5 3 19
1864 5 3 13
787 5 3 8
171 5 3 4
1351 5 5 47
4238 5 5 38
4834 5 5 32
1774 5 5 26
4942 5 5 18
1182 5 5 11
356 5 5 4
4654 5 6 98
3844 5 6 94
2632 5 6 88
383 5 6 84
1854 5 6 76
4498 5 6 66
3105 5 6 59
2904 5 6 53
2704 5 6 48
457 5 6 42
3429 5 6 33
216 5 6 26
386 5 6 18
1117 5 6 11
4448 5 6 3
4716 5 8 97
4365 5 8 92
2176 5 8 87
3269 5 8 81
1388 5 8 78
1279 5 8 72
338 5 8 64
2175 5 8 59
2791 5 8 53
568 5 8 48
1620 5 8 41
4977 5 8 32
4707 5 8 25
1693 5 8 19
1353 5 8 13
115 5 8 8
4932 5 8 3
1708 5 9 97
4268 5 9 92
4847 5 9 86
4320 5 9 81
1023 5 9 78
853 5 9 72
4388 5 9 63
2402 5 9 58
4419 5 9 51
2676 5 9 46
3281 5 9 40
3136 5 9 32
4178 5 9 25
1614 5 9 19
4421 5 9 12
837 5 9 5
322 5 14 97
4050 5 14 92
4534 5 14 86
1002 5 14 81
61 5 14 78
607 5 14 72
2790 5 14 63
1659 5 14 58
2897 5 14 51
1756 5 14 46
1164 5 14 40
2731 5 14 32
4020 5 14 25
1113 5 14 19
4151 5 14 12
389 5 14 5
4952 5 15 96
1944 5 15 90
3649 5 15 84
1545 5 15 76
4489 5 15 66
2817 5 15 59
2229 5 15 53
3553 5 15 47
3862 5 15 38
4672 5 15 32
4007 5 15 25
4910 5 15 18
450 5 15 11
3840 5 15 3
3510 5 17 96
1875 5 17 90
2395 5 17 84
1105 5 17 76
3249 5 17 66
2386 5 17 59
1286 5 17 53
2272 5 17 47
3859 5 17 38
4512 5 17 32
3438 5 17 25
4805 5 17 18
4506 5 17 10
1347 5 17 6
3234 5 18 96
776 5 18 90
2218 5 18 84
924 5 18 76
2994 5 18 66
1748 5 18 59
373 5 18 53
1718 5 18 47
1011 5 18 38
4226 5 18 32
2680 5 18 25
2838 5 18 18
2785 5 18 10
1912 5 18 5
2762 5 19 94
677 5 19 88
2965 5 19 83
3389 5 19 76
2142 5 19 66
1723 5 19 59
227 5 19 53
1507 5 19 47
563 5 19 38
3590 5 19 32
1440 5 19 25
2140 5 19 18
1612 5 19 10
1813 5 19 5
2081 6 0 94
349 6 0 88
945 6 0 83
2370 6 0 76
2056 6 0 66
1142 6 0 59
4728 6 0 52
3445 6 0 46
683 6 0 40
1796 6 0 32
4641 6 0 24
1469 6 0 18
588 6 0 10
2811 6 0 4
4221 6 1 93
2991 6 1 87
3292 6 1 80
1125 6 1 74
2411 6 1 68
225 6 1 62
3506 6 1 56
4189 6 1 49
4483 6 1 43
1344 6 1 37
3393 6 1 32
3148 6 1 24
1311 6 1 18
2778 6 1 9
1686 6 1 3
4197 6 2 93
2651 6 2 87
2128 6 2 80
444 6 2 74
2207 6 2 68
4166 6 2 61
1728 6 2 54
4826 6 2 45
4005 6 2 38
2638 6 2 32
2788 6 2 24
775 6 2 18
624 6 2 9
1350 6 2 3
3939 6 3 93
2274 6 3 87
1289 6 3 80
907 6 3 73
4718 6 3 66
482 6 3 59
4336 6 3 52
2742 6 3 46
708 6 3 39
1622 6 3 34
2831 6 3 24
4659 6 3 17
2277 6 3 9
433 6 3 3
3574 6 5 93
1044 6 5 87
287 6 5 80
3377 6 5 72
1037 6 5 63
4899 6 5 56
3052 6 5 49
1604 6 5 43
1334 6 5 37
2906 6 5 32
4018 6 5 23
3889 6 5 15
3484 6 5 11
2288 6 5 3
1816 6 6 93
454 6 6 87
3219 6 6 79
897 6 6 71
790 6 6 64
626 6 6 59
3315 6 6 52
2715 6 6 46
291 6 6 39
611 6 6 34
2156 6 6 24
3305 6 6 17
1589 6 6 9
4311 6 6 2
1580 6 8 93
4674 6 8 86
194 6 8 81
4853 6 8 77
3570 6 8 71
4358 6 8 63
4339 6 8 56
2930 6 8 49
1439 6 8 43
864 6 8 37
2524 6 8 32
3336 6 8 23
3867 6 8 15
4144 6 8 10
2766 6 8 4
598 6 9 93
2710 6 9 86
4458 6 9 80
2789 6 9 72
916 6 9 63
3580 6 9 56
1938 6 9 49
768 6 9 43
2055 6 9 36
48 6 9 31
97 6 9 26
319 6 9 18
335 6 9 9
3090 6 9 2
3257 6 11 92
690 6 11 86
3916 6 11 80
2137 6 11 71
3868 6 11 63
3334 6 11 56
1930 6 11 49
66 6 11 43
1223 6 11 36
3996 6 11 30
3409 6 11 26
4393 6 11 17
1168 6 11 9
1827 6 11 2
2770 6 12 92
3605 6 12 85
1510 6 12 79
797 6 12 71
2566 6 12 63
1094 6 12 56
976 6 12 49
4818 6 12 42
2852 6 12 33
4930 6 12 25
1460 6 12 18
4723 6 12 8
4704 6 12 3
541 6 17 92
2322 6 17 85
328 6 17 79
4789 6 17 70
1649 6 17 65
3386 6 17 58
1711 6 17 51
2545 6 17 45
2623 6 17 38
1902 6 17 32
3071 6 17 23
3265 6 17 15
3422 6 17 10
2166 6 17 4
1895 6 18 91
1198 6 18 84
4143 6 18 75
3350 6 18 70
664 6 18 65
2787 6 18 58
848 6 18 51
1676 6 18 45
2448 6 18 38
1343 6 18 32
2844 6 18 23
3145 6 18 15
3280 6 18 10
2017 6 18 4
398 6 19 91
4296 6 19 83
4914 6 19 75
686 6 19 70
4946 6 19 63
748 6 19 56
4893 6 19 48
4394 6 19 40
1530 6 19 32
2474 6 19 23
3035 6 19 15
3200 6 19 10
4323 6 19 3
3902 7 3 90
486 7 3 84
2420 7 3 75
603 7 3 70
4183 7 3 63
4384 7 3 55
1621 7 3 47
4749 7 3 37
1243 7 3 32
1937 7 3 23
2768 7 3 15
1074 7 3 10
4299 7 3 3
1911 7 5 90
4436 7 5 83
3739 7 5 75
4693 7 5 69
3107 7 5 64
238 7 5 59
3179 7 5 52
1936 7 5 46
179 7 5 39
2201 7 5 33
4553 7 5 25
1156 7 5 18
3601 7 5 8
4601 7 5 3
1396 7 6 90
3426 7 6 83
1945 7 6 75
4529 7 6 69
2330 7 6 63
1248 7 6 55
703 7 6 47
3320 7 6 37
4128 7 6 31
2233 7 6 25
887 7 6 18
3317 7 6 8
4456 7 6 3
324 7 8 90
2364 7 8 83
1372 7 8 75
3903 7 8 69
4044 7 8 62
1151 7 8 56
2326 7 8 48
3712 7 8 40
1299 7 8 32
1000 7 8 23
4737 7 8 14
715 7 8 9
1750 7 8 2
4372 7 9 89
1506 7 9 82
2016 7 9 75
2022 7 9 69
3650 7 9 62
566 7 9 56
220 7 9 48
2351 7 9 40
782 7 9 32
4759 7 9 22
4662 7 9 15
242 7 9 10
3023 7 9 3
4220 7 11 89
1220 7 11 82
1759 7 11 75
1821 7 11 69
2135 7 11 62
4699 7 11 55
685 7 11 47
3060 7 11 37
4100 7 11 31
1297 7 11 25
4473 7 11 17
191 7 11 9
4706 7 11 1
2681 7 12 89
554 7 12 82
716 7 12 75
4245 7 12 68
3811 7 12 61
1547 7 12 54
507 7 12 45
2371 7 12 38
341 7 12 32
2462 7 12 22
223 7 12 15
4705 7 12 9
4530 7 12 1
1528 7 13 89
236 7 13 82
294 7 13 75
2818 7 13 68
413 7 13 61
4846 7 13 53
1017 7 13 47
527 7 13 37
3781 7 13 31
3413 7 13 24
734 7 13 16
4872 7 13 10
2879 7 13 3
714 7 14 89
169 7 14 82
4129 7 14 74
600 7 14 68
4799 7 14 60
1565 7 14 54
4490 7 14 44
2895 7 14 39
362 7 14 33
4459 7 14 25
2161 7 14 17
1729 7 14 8
3625 7 14 3
2155 7 15 88
263 7 15 83
4876 7 15 74
77 7 15 68
3112 7 15 60
3047 7 15 53
199 7 15 47
436 7 15 37
2935 7 15 31
2615 7 15 24
165 7 15 16
4416 7 15 10
2083 7 15 3
957 7 17 88
3412 7 17 82
2804 7 17 74
4929 7 17 67
1409 7 17 59
2225 7 17 52
1197 7 17 46
4878 7 17 38
4185 7 17 31
1457 7 17 24
4345 7 17 15
3700 7 17 9
4526 7 17 1
4906 8 0 87
1527 8 0 79
4588 8 0 70
3583 8 0 63
2855 8 0 54
4243 8 0 44
2575 8 0 39
3768 8 0 32
2295 8 0 21
2328 8 0 16
3805 8 0 10
1751 8 0 3
2598 8 1 87
1149 8 1 79
3474 8 1 70
3276 8 1 63
481 8 1 53
2197 8 1 46
2389 8 1 38
2079 8 1 31
1102 8 1 24
2579 8 1 15
3509 8 1 9
3981 8 1 1
1633 8 5 87
136 8 5 79
2498 8 5 70
3139 8 5 63
1252 8 5 52
4476 8 5 45
1163 8 5 38
4132 8 5 29
4922 8 5 22
4812 8 5 14
268 8 5 9
3772 8 5 1
1127 8 6 87
3435 8 6 78
3077 8 6 71
2408 8 6 63
307 8 6 52
4227 8 6 45
3410 8 6 37
2518 8 6 31
1022 8 6 24
1385 8 6 15
3076 8 6 9
2989 8 6 1
149 8 8 86
3876 8 8 80
841 8 8 71
2139 8 8 63
4521 8 8 51
5 8 8 45
3803 8 8 36
2445 8 8 30
808 8 8 26
3494 8 8 17
1479 8 8 8
1935 8 8 3
4329 8 9 85
4341 8 9 78
1641 8 9 71
1874 8 9 63
4190 8 9 51
3020 8 9 44
2065 8 9 39
2801 8 9 32
1128 8 9 21
792 8 9 15
1216 8 9 9
2909 8 9 1
1357 8 10 85
3872 8 10 78
202 8 10 71
979 8 10 63
3744 8 10 51
2737 8 10 44
1228 8 10 39
2758 8 10 32
469 8 10 21
4862 8 10 14
4474 8 10 8
3937 8 10 2
4205 8 11 84
2014 8 11 75
2802 8 11 68
2114 8 11 60
1496 8 11 53
757 8 11 46
4880 8 11 37
1462 8 11 31
557 8 11 24
977 8 11 14
4224 8 11 8
1395 8 11 2
3502 8 19 84
4267 8 19 74
2670 8 19 67
779 8 19 59
831 8 19 52
3917 8 19 45
3692 8 19 36
1012 8 19 30
262 8 19 26
2639 8 19 17
1087 8 19 8
1153 8 19 2
2265 9 0 84
3987 9 0 74
1161 9 0 67
75 9 0 59
2723 9 0 51
4445 9 0 43
3797 9 0 35
3568 9 0 30
214 9 0 25
1076 9 0 17
352 9 0 8
101 9 0 2
379 9 1 84
2591 9 1 74
938 9 1 67
1139 9 1 58
404 9 1 51
4045 9 1 43
3492 9 1 35
4865 9 1 29
3993 9 1 22
4757 9 1 14
4201 9 1 8
4076 9 1 1
3980 9 3 83
1281 9 3 74
2960 9 3 66
4919 9 3 58
399 9 3 51
3029 9 3 43
1283 9 3 35
4099 9 3 29
3873 9 3 22
3812 9 3 14
4188 9 3 8
3831 9 3 1
3437 9 4 83
4072 9 4 73
4548 9 4 65
2400 9 4 58
7 9 4 51
2610 9 4 43
4225 9 4 34
672 9 4 24
3287 9 4 13
4350 9 4 7
4920 9 4 1
3357 9 5 83
3608 9 5 73
3681 9 5 65
1675 9 5 58
4492 9 5 50
1808 9 5 45
3209 9 5 36
323 9 5 30
3390 9 5 24
1618 9 5 13
3373 9 5 7
2939 9 5 1
1249 9 14 82
2803 9 14 74
2856 9 14 66
3729 9 14 58
3245 9 14 50
4669 9 14 44
663 9 14 39
2414 9 14 32
431 9 14 21
2794 9 14 14
3970 9 14 8
3788 9 14 1
2204 10 3 81
4552 10 3 77
2929 10 3 71
295 10 3 63
3313 10 3 51
1960 10 3 43
4003 10 3 34
666 10 3 24
4041 10 3 12
4633 10 3 4
4670 10 5 79
2465 10 5 70
2746 10 5 63
2487 10 5 51
1761 10 5 43
3149 10 5 34
4065 10 5 23
4356 10 5 14
3911 10 5 8
3660 10 5 1
3756 10 7 79
2213 10 7 70
1889 10 7 63
1740 10 7 51
1008 10 7 43
2307 10 7 34
1966 10 7 23
4284 10 7 14
3067 10 7 8
1607 10 7 1
3303 10 14 79
1415 10 14 70
1419 10 14 63
1061 10 14 51
2604 10 14 42
2505 10 14 33
1109 10 14 25
3904 10 14 16
2793 10 14 10
665 10 14 3
2061 10 16 79
1005 10 16 70
1406 10 16 63
828 10 16 51
1941 10 16 42
2324 10 16 33
4788 10 16 24
2347 10 16 12
2119 10 16 4
2954 10 17 77
2843 10 17 71
4382 10 17 62
4597 10 17 55
4758 10 17 46
1844 10 17 37
1305 10 17 31
4913 10 17 23
3648 10 17 14
2955 10 17 8
2759 10 17 1
1778 10 18 77
1473 10 18 71
4057 10 18 62
3607 10 18 55
4443 10 18 46
1321 10 18 37
781 10 18 31
4413 10 18 23
1905 10 18 14
975 10 18 8
28 10 18 1
3823 10 19 74
576 10 19 66
2840 10 19 58
2622 10 19 50
3774 10 19 44
4746 10 19 38
4083 10 19 29
3674 10 19 22
3120 10 19 14
218 10 19 8
1183 11 5 73
2350 11 5 65
1316 11 5 58
2581 11 5 50
3345 11 5 44
1495 11 5 38
1792 11 5 29
3466 11 5 22
732 11 5 14
4832 11 5 7
4033 11 7 68
1763 11 7 60
4264 11 7 52
1026 11 7 45
2560 11 7 36
3830 11 7 29
3364 11 7 22
3972 11 7 13
2235 11 7 7
297 11 9 60
4001 11 9 52
3685 11 9 44
315 11 9 38
1786 11 9 29
2571 11 9 22
3854 11 9 13
1264 11 9 7
1492 11 10 59
2294 11 10 51
1596 11 10 42
49 11 10 33
4727 11 10 24
4136 11 10 11
4824 11 10 2
2847 11 11 58
2574 11 11 50
2860 11 11 44
320 11 11 37
4281 11 11 30
1483 11 11 24
2437 11 11 11
1257 11 11 2
4753 11 12 96
650 11 12 90
1866 11 12 83
2957 11 12 73
1658 11 12 65
982 11 12 58
2251 11 12 50
2815 11 12 44
54 11 12 37
3908 11 12 30
670 11 12 24
3508 11 12 9
2642 11 12 1
3143 11 13 95
3730 11 13 91
3399 11 13 83
2329 11 13 73
3942 11 13 64
4256 11 13 58
2169 11 13 50
2739 11 13 44
4691 11 13 36
3310 11 13 29
4517 11 13 21
2044 11 13 14
4101 11 13 7
1891 11 14 95
2105 11 14 91
1982 11 14 83
1331 11 14 73
3635 11 14 64
4161 11 14 58
74 11 14 50
2409 11 14 44
4518 11 14 36
2899 11 14 29
2520 11 14 21
1342 11 14 14
1048 11 14 7
688 11 19 95
1212 11 19 91
1563 11 19 83
1211 11 19 73
3150 11 19 64
3763 11 19 58
3118 11 19 49
4249 11 19 42
4921 11 19 32
3391 11 19 20
1328 11 19 14
4274 11 19 6
4635 12 0 94
3519 12 0 87
4720 12 0 77
130 12 0 71
2522 12 0 62
3215 12 0 55
3353 12 0 46
1285 12 0 37
3882 12 0 30
4316 12 0 23
1434 12 0 14
4145 12 0 6
3852 12 1 94
4685 12 1 86
3385 12 1 80
4303 12 1 70
1267 12 1 63
4796 12 1 50
2302 12 1 44
4186 12 1 36
2755 12 1 29
2236 12 1 21
1231 12 1 14
2145 12 1 6
2529 12 2 94
4087 12 2 86
3771 12 2 79
415 12 2 70
343 12 2 63
2627 12 2 50
758 12 2 44
3880 12 2 36
2516 12 2 29
865 12 2 21
2631 12 2 13
4776 12 2 6
2279 12 3 94
3629 12 3 85
3536 12 3 78
4366 12 3 70
2866 12 3 62
3046 12 3 55
751 12 3 46
45 12 3 37
3814 12 3 30
3824 12 3 23
4147 12 3 13
1284 12 3 6
561 12 4 94
1075 12 4 85
3454 12 4 78
4217 12 4 70
2771 12 4 62
2863 12 4 55
3372 12 4 45
1427 12 4 36
1885 12 4 29
239 12 4 21
1185 12 4 13
744 12 4 6
3190 12 5 93
2366 12 5 86
221 12 5 79
264 12 5 70
2738 12 5 62
2269 12 5 55
2546 12 5 45
846 12 5 36
3463 12 5 28
4881 12 5 21
388 12 5 13
847 12 5 5
2699 12 6 93
58 12 6 86
4263 12 6 78
3352 12 6 70
2469 12 6 62
1636 12 6 55
1894 12 6 45
3417 12 6 35
3055 12 6 29
4513 12 6 20
465 12 6 14
2716 12 6 5
1929 12 7 93
4520 12 7 85
2933 12 7 78
3106 12 7 70
3951 12 7 61
3742 12 7 53
610 12 7 46
3000 12 7 36
2537 12 7 28
4432 12 7 21
4503 12 7 12
2086 12 7 4
22 12 12 93
3082 12 12 85
4838 12 12 77
3679 12 12 70
3225 12 12 61
2782 12 12 53
458 12 12 46
1521 12 12 36
710 12 12 28
1738 12 12 21
2346 12 12 12
219 12 12 4
4071 12 13 92
2221 12 13 85
3612 12 13 77
3246 12 13 70
3172 12 13 61
2026 12 13 52
3675 12 13 44
3218 12 13 36
4502 12 13 27
2993 12 13 21
1603 12 13 12
4164 12 13 3
2925 12 18 92
834 12 18 85
3406 12 18 77
3233 12 18 70
3740 12 18 60
3968 12 18 52
2555 12 18 44
2355 12 18 36
2163 12 18 27
1712 12 18 21
1585 12 18 12
2749 12 18 3
4347 12 19 91
575 12 19 83
839 12 19 73
1964 12 19 64
3028 12 19 58
2652 12 19 49
1704 12 19 42
2959 12 19 32
3142 12 19 20
37 12 19 14
1539 12 19 5
2556 13 0 91
2829 13 0 82
2031 13 0 74
298 13 0 66
1943 13 0 58
4367 13 0 48
2041 13 0 40
370 13 0 32
3030 13 0 20
4555 13 0 13
4523 13 0 4
2118 13 1 91
2753 13 1 82
1513 13 1 74
3266 13 1 65
4241 13 1 57
4972 13 1 51
478 13 1 42
284 13 1 32
1598 13 1 19
3928 13 1 12
1950 13 1 3
2995 13 2 90
800 13 2 83
4002 13 2 72
1337 13 2 62
875 13 2 55
4869 13 2 44
1235 13 2 36
1394 13 2 27
1500 13 2 21
1261 13 2 12
1187 13 2 3
1452 13 3 90
4423 13 3 82
832 13 3 74
4643 13 3 64
1432 13 3 58
3596 13 3 48
1330 13 3 40
4839 13 3 31
4237 13 3 23
3338 13 3 13
4125 13 3 4
1063 13 4 90
3973 13 4 82
726 13 4 74
3766 13 4 64
1159 13 4 58
3594 13 4 48
34 13 4 40
3039 13 4 31
1170 13 4 23
2443 13 4 13
3684 13 4 4
1047 13 9 90
3524 13 9 82
723 13 9 74
3483 13 9 64
1629 13 9 57
4231 13 9 51
4192 13 9 41
4863 13 9 32
1152 13 9 19
3847 13 9 12
874 13 9 3
4481 13 11 89
3054 13 11 81
1703 13 11 77
2247 13 11 70
2098 13 11 60
3794 13 11 52
2533 13 11 44
4613 13 11 35
4752 13 11 28
1306 13 11 21
630 13 11 12
292 13 11 3
2403 13 12 89
2513 13 12 81
3322 13 12 76
111 13 12 66
1654 13 12 58
2850 13 12 48
4089 13 12 39
2048 13 12 32
856 13 12 19
3676 13 12 12
3586 13 12 2
1652 14 6 88
629 14 6 82
614 14 6 74
3897 14 6 63
1823 14 6 50
3769 14 6 43
2029 14 6 34
697 14 6 23
863 14 6 13
4131 14 6 3
886 14 7 88
4857 14 7 81
3019 14 7 76
3415 14 7 65
2583 14 7 57
3983 14 7 51
3275 14 7 41
4196 14 7 32
2585 14 7 18
2792 14 7 8
3746 14 8 87
4116 14 8 77
2232 14 8 70
1819 14 8 60
2391 14 8 52
1404 14 8 44
3717 14 8 35
3905 14 8 28
1207 14 8 21
2865 14 8 11
3760 14 8 1
2810 14 9 87
3723 14 9 77
970 14 9 70
871 14 9 60
1538 14 9 52
811 14 9 44
2822 14 9 35
3577 14 9 28
1734 14 9 20
1833 14 9 13
3534 14 9 3
3289 14 11 86
3821 14 11 78
1679 14 11 70
3521 14 11 59
241 14 11 51
3770 14 11 40
2952 14 11 31
867 14 11 23
4446 14 11 12
2660 14 11 2
2784 14 12 86
1169 14 12 78
267 14 12 70
1924 14 12 59
3455 14 12 50
2941 14 12 43
178 14 12 34
317 14 12 23
2028 14 12 12
3667 14 12 1
1320 14 16 86
581 14 16 78
3398 14 16 69
1369 14 16 62
402 14 16 55
4000 14 16 44
2127 14 16 35
3552 14 16 28
1715 14 16 20
1383 14 16 13
2349 14 16 3
4827 14 17 85
2730 14 17 77
260 14 17 70
3358 14 17 58
1667 14 17 48
3511 14 17 39
1493 14 17 32
2074 14 17 18
2700 14 17 8
4656 14 18 85
2542 14 18 77
258 14 18 70
4809 14 18 57
1292 14 18 51
3538 14 18 40
1485 14 18 31
786 14 18 23
604 14 18 12
2966 14 18 1
3731 14 19 85
2336 14 19 77
110 14 19 70
2249 14 19 57
4804 14 19 50
2422 14 19 43
3132 14 19 33
4608 14 19 24
3491 14 19 9
1536 14 19 1
2000 15 0 85
1853 15 0 77
4648 15 0 69
1196 15 0 62
42 15 0 55
1160 15 0 44
968 15 0 35
2306 15 0 28
1084 15 0 20
4052 15 0 12
2025 15 0 1
2602 15 1 82
4594 15 1 73
1001 15 1 64
490 15 1 57
3780 15 1 50
3115 15 1 42
4951 15 1 31
747 15 1 23
3074 15 1 11
3535 15 1 1
1058 15 8 82
3631 15 8 73
842 15 8 64
4533 15 8 56
108 15 8 48
2962 15 8 39
1240 15 8 32
4398 15 8 17
2683 15 8 7
4374 15 11 80
3111 15 11 69
1036 15 11 62
4676 15 11 54
1093 15 11 44
700 15 11 35
1754 15 11 28
959 15 11 20
3523 15 11 12
1508 15 11 1
4960 15 12 76
2661 15 12 65
1969 15 12 57
2297 15 12 50
2433 15 12 42
3977 15 12 31
73 15 12 23
3813 15 12 10
204 15 12 3
4851 15 14 76
705 15 14 65
1745 15 14 57
1574 15 14 50
2036 15 14 42
2726 15 14 31
4908 15 14 22
3662 15 14 13
1132 15 14 3
1392 15 16 76
4688 15 16 64
4494 15 16 56
4403 15 16 47
4233 15 16 36
1356 15 16 27
1003 15 16 21
533 15 16 11
4114 15 16 2
1232 15 17 94
156 15 17 85
4787 15 17 76
2984 15 17 64
4333 15 17 56
4043 15 17 47
286 15 17 36
593 15 17 27
4117 15 17 20
3248 15 17 12
3966 15 17 2
3383 15 18 93
2967 15 18 85
4469 15 18 76
2752 15 18 64
3495 15 18 56
1480 15 18 47
901 15 18 34
2262 15 18 22
1256 15 18 13
1100 15 18 3
529 15 19 93
2887 15 19 85
3282 15 19 76
1106 15 19 64
2519 15 19 56
3224 15 19 46
746 15 19 36
446 15 19 27
4319 15 19 19
1103 15 19 12
2783 15 19 2
4141 16 0 92
4911 16 0 84
1809 16 0 74
3286 16 0 63
419 16 0 50
176 16 0 42
4139 16 0 30
627 16 0 23
3487 16 0 10
1114 16 0 2
3208 16 3 92
4854 16 3 84
1760 16 3 74
3117 16 3 63
4750 16 3 49
257 16 3 41
3306 16 3 32
962 16 3 17
2150 16 3 7
2463 16 4 92
4276 16 4 84
3486 16 4 73
4340 16 4 63
3548 16 4 49
2948 16 4 40
4949 16 4 30
3807 16 4 22
1186 16 4 13
3704 16 4 2
967 16 8 92
1541 16 8 84
850 16 8 73
1904 16 8 63
1296 16 8 49
2188 16 8 40
4855 16 8 30
4133 16 8 21
4430 16 8 10
4207 16 8 1
3879 16 12 91
1797 16 12 82
2158 16 12 73
1497 16 12 63
1242 16 12 49
760 16 12 40
3875 16 12 30
923 16 12 21
2500 16 12 10
3456 16 12 1
3469 16 14 91
505 16 14 82
2001 16 14 73
3537 16 14 62
4251 16 14 54
4890 16 14 43
36 16 14 33
2392 16 14 24
3270 16 14 9
1471 16 14 1
1707 16 16 91
4945 16 16 81
228 16 16 76
157 16 16 64
2471 16 16 56
2053 16 16 46
4650 16 16 35
4777 16 16 27
2741 16 16 19
4966 16 16 11
2647 16 16 1
601 17 0 91
4698 17 0 81
2426 17 0 75
1298 17 0 68
4969 17 0 59
2526 17 0 50
4542 17 0 41
3189 17 0 32
43 17 0 17
1820 17 0 7
471 17 2 91
4112 17 2 81
508 17 2 75
917 17 2 68
3414 17 2 59
1282 17 2 50
4485 17 2 41
3501 17 2 31
3157 17 2 22
1184 17 2 13
245 17 2 2
3832 17 3 90
3141 17 3 82
691 17 3 73
2870 17 3 62
1831 17 3 54
3573 17 3 43
4491 17 3 32
2263 17 3 16
2321 17 3 10
2062 17 3 1
3818 17 6 90
4023 17 6 81
4837 17 6 74
2975 17 6 63
870 17 6 49
4105 17 6 39
2550 17 6 31
798 17 6 22
1660 17 6 11
943 17 6 1
2248 17 8 90
3892 17 8 81
3169 17 8 74
4609 17 8 62
3022 17 8 53
3809 17 8 45
2837 17 8 35
4619 17 8 27
2441 17 8 19
4791 17 8 11
1448 17 9 90
3496 17 9 81
2942 17 9 74
3192 17 9 62
2323 17 9 53
2949 17 9 44
368 17 9 35
4538 17 9 27
1189 17 9 19
4106 17 9 11
3644 17 10 89
1881 17 10 81
4056 17 10 73
32 17 10 62
4845 17 10 52
730 17 10 44
244 17 10 35
4172 17 10 27
1118 17 10 19
2416 17 10 11
2923 17 11 89
103 17 11 81
2774 17 11 73
2740 17 11 61
1886 17 11 52
544 17 11 44
3778 17 11 34
2072 17 11 22
2363 17 11 10
2515 17 12 89
1129 17 12 80
1627 17 12 69
4830 17 12 61
1635 17 12 52
3982 17 12 43
3582 17 12 32
591 17 12 16
2239 17 12 10
4514 17 13 88
4802 17 13 81
1842 17 13 73
1655 17 13 61
4328 17 13 51
2532 17 13 40
2934 17 13 30
3817 17 13 20
2091 17 13 12
3786 17 14 88
2455 17 14 81
3477 17 14 72
470 17 14 62
3375 17 14 52
3528 17 14 43
1051 17 14 31
200 17 14 22
183 17 14 10
2289 17 16 88
1499 17 16 81
186 17 16 72
3085 17 16 61
3228 17 16 51
4810 17 16 39
2080 17 16 31
3260 17 16 21
4933 17 16 9
656 17 19 88
4858 17 19 80
304 17 19 69
4623 17 19 61
3059 17 19 51
4331 17 19 39
3943 17 19 30
3751 17 19 20
1317 17 19 12
2396 18 0 87
2126 18 0 77
2974 18 0 69
4216 18 0 61
2625 18 0 51
4124 18 0 39
3123 18 0 30
2313 18 0 20
998 18 0 12
969 18 2 87
2011 18 2 77
2070 18 2 69
4073 18 2 61
2551 18 2 51
4887 18 2 38
3689 18 2 28
4617 18 2 19
1698 18 2 11
619 18 3 87
4904 18 3 76
4840 18 3 63
3154 18 3 48
2797 18 3 39
2892 18 3 29
4866 18 3 19
1463 18 3 11
4592 18 11 86
3539 18 11 77
1389 18 11 69
3912 18 11 61
1788 18 11 51
3018 18 11 38
117 18 11 28
941 18 11 19
2417 18 11 10
4191 19 0 86
2945 19 0 77
4559 19 0 68
2183 19 0 59
681 19 0 50
3103 19 0 41
1961 19 0 31
2873 19 0 21
3407 19 0 8
2078 19 2 86
1710 19 2 77
2846 19 2 68
1313 19 2 59
331 19 2 50
2908 19 2 41
921 19 2 31
2673 19 2 21
1991 19 2 8
1923 19 3 86
1584 19 3 77
740 19 3 68
2655 19 3 58
884 19 3 48
2744 19 3 38
4697 19 3 27
2466 19 3 18
2115 19 3 8
1217 19 5 86
85 19 5 77
313 19 5 68
756 19 5 58
843 19 5 48
1784 19 5 38
3066 19 5 27
4304 19 5 17
1348 19 5 7
3124 19 6 85
3156 19 6 76
3223 19 6 63
2027 19 6 48
1811 19 6 37
3804 19 6 30
3155 19 6 19
2179 19 6 10
1865 19 7 85
2459 19 7 76
3432 19 7 62
3255 19 7 52
4462 19 7 42
3945 19 7 30
2971 19 7 19
1605 19 7 10
127 19 8 84
47 19 8 73
3316 19 8 60
1386 19 8 52
2620 19 8 42
2554 19 8 30
3874 19 8 18
229 19 8 8
3979 19 9 83
2549 19 9 72
2066 19 9 61
4852 19 9 50
2216 19 9 41
3615 19 9 30
2761 19 9 18
1475 19 9 7
3440 19 10 82
3387 19 10 72
1349 19 10 61
4545 19 10 50
1909 19 10 41
2059 19 10 30
1086 19 10 18
699 19 10 7
4029 19 11 80
4292 19 11 68
3665 19 11 57
1461 19 11 50
1326 19 11 41
4800 19 11 29
4687 19 11 19
161 19 11 10
3843 19 13 80
3626 19 13 68
2457 19 13 57
1041 19 13 50
3719 19 13 40
2684 19 13 30
702 19 13 18
520 19 13 7
1465 19 14 79
4935 19 14 69
1425 19 14 61
2679 19 14 50
2447 19 14 40
1983 19 14 30
4571 19 14 17
3323 19 14 6
620 19 15 72
3026 19 15 60
1024 19 15 52
1587 19 15 42
2327 19 15 30
2317 19 15 17
4334 19 15 5
334 19 16 72
1390 19 16 60
123 19 16 52
1577 19 16 42
2020 19 16 30
1673 19 16 17
3526 19 16 5
3204 19 17 66
988 19 17 58
281 19 17 48
838 19 17 37
2525 19 17 30
1564 19 17 17
144 19 17 5
851 19 18 59
4457 19 18 49
2943 19 18 39
1959 19 18 29
2539 19 18 19
3946 19 18 9
3532 19 19 92
1173 19 19 84
4712 19 19 72
1033 19 19 60
4604 19 19 51
237 19 19 38
4638 19 19 26
1266 19 19 17
2905 19 19 4
