2706
4973 0 0 98
2825 0 0 95
5105 0 0 93
3932 0 0 91
4305 0 0 87
5668 0 0 84
2725 0 0 81
3276 0 0 78
886 0 0 76
3070 0 0 73
5112 0 0 71
3826 0 0 68
3697 0 0 64
4674 0 0 62
5077 0 0 58
2438 0 0 55
2109 0 0 51
4846 0 0 48
5471 0 0 46
3127 0 0 44
5439 0 0 41
4328 0 0 38
3987 0 0 36
24 0 0 33
3050 0 0 30
4024 0 0 28
739 0 0 25
2867 0 0 22
109 0 0 19
3896 0 0 16
950 0 0 13
3358 0 0 10
5081 0 0 7
3425 0 0 5
1860 0 0 1
5494 0 1 97
5073 0 1 94
4687 0 1 92
5294 0 1 88
4472 0 1 85
3689 0 1 83
4303 0 1 81
957 0 1 78
4311 0 1 75
2738 0 1 73
5067 0 1 70
3675 0 1 67
4739 0 1 65
4679 0 1 62
3644 0 1 58
1937 0 1 55
495 0 1 51
3447 0 1 48
4680 0 1 45
5523 0 1 42
3879 0 1 39
3488 0 1 36
3426 0 1 32
1099 0 1 29
5525 0 1 25
2162 0 1 22
5778 0 1 18
1527 0 1 15
5871 0 1 12
4479 0 1 9
2402 0 1 6
5002 0 1 2
5142 0 2 97
3880 0 2 94
4333 0 2 91
4074 0 2 87
5305 0 2 83
1249 0 2 80
2273 0 2 77
3984 0 2 74
2611 0 2 71
5781 0 2 67
5807 0 2 64
4278 0 2 62
5298 0 2 57
31 0 2 54
5110 0 2 52
5655 0 2 48
2126 0 2 45
3963 0 2 42
2827 0 2 39
1225 0 2 36
2349 0 2 32
5547 0 2 28
4501 0 2 24
5044 0 2 21
2758 0 2 18
5319 0 2 14
606 0 2 12
4295 0 2 9
2030 0 2 5
3353 0 2 1
5009 0 3 97
5223 0 3 93
4336 0 3 90
3707 0 3 86
5806 0 3 83
82 0 3 80
5850 0 3 76
2469 0 3 72
5779 0 3 68
2983 0 3 64
5452 0 3 61
5834 0 3 59
4627 0 3 56
4039 0 3 52
3032 0 3 48
3732 0 3 44
4815 0 3 41
2419 0 3 37
3160 0 3 34
690 0 3 32
4721 0 3 28
3515 0 3 23
2948 0 3 20
4938 0 3 17
5690 0 3 14
1291 0 3 11
5135 0 3 8
5022 0 3 6
671 0 3 2
3327 0 4 97
2638 0 4 93
2384 0 4 90
2322 0 4 86
3189 0 4 83
4362 0 4 79
1187 0 4 77
2318 0 4 74
2382 0 4 70
5275 0 4 66
5194 0 4 63
5174 0 4 59
449 0 4 56
1193 0 4 52
611 0 4 48
1167 0 4 44
574 0 4 41
631 0 4 37
4402 0 4 33
691 0 4 29
5203 0 4 25
5492 0 4 21
1420 0 4 18
2173 0 4 14
4909 0 4 10
4439 0 4 6
1287 0 4 1
2513 0 5 97
2289 0 5 93
4469 0 5 89
4012 0 5 86
445 0 5 83
2417 0 5 79
728 0 5 77
1072 0 5 74
5698 0 5 69
4519 0 5 65
3135 0 5 62
1994 0 5 57
2150 0 5 53
4568 0 5 51
867 0 5 48
284 0 5 44
467 0 5 41
4990 0 5 36
639 0 5 32
1243 0 5 28
3268 0 5 23
2098 0 5 19
2747 0 5 16
268 0 5 13
1157 0 5 10
729 0 5 6
929 0 5 1
1877 0 6 97
1776 0 6 93
4448 0 6 88
1806 0 6 85
2840 0 6 82
5839 0 6 78
3965 0 6 73
4804 0 6 70
786 0 6 66
4969 0 6 63
3152 0 6 59
4783 0 6 55
5565 0 6 50
4671 0 6 46
5325 0 6 43
5175 0 6 40
718 0 6 38
5683 0 6 34
4312 0 6 31
558 0 6 28
2049 0 6 23
4377 0 6 18
3865 0 6 13
3563 0 6 9
264 0 6 5
3012 0 6 1
764 0 7 97
4913 0 7 92
4636 0 7 88
1345 0 7 85
2704 0 7 82
4185 0 7 78
2207 0 7 73
863 0 7 70
2520 0 7 65
2914 0 7 61
4904 0 7 58
5415 0 7 54
4489 0 7 51
3634 0 7 47
2051 0 7 44
4258 0 7 39
4175 0 7 35
1553 0 7 33
3974 0 7 28
1741 0 7 23
960 0 7 18
2414 0 7 13
3356 0 7 9
5679 0 7 4
3941 0 7 1
154 0 8 97
2427 0 8 92
4298 0 8 88
1265 0 8 85
5865 0 8 81
5725 0 8 77
925 0 8 74
2977 0 8 69
5710 0 8 64
5144 0 8 61
2400 0 8 57
5795 0 8 52
3414 0 8 47
5752 0 8 43
4316 0 8 40
5083 0 8 37
4215 0 8 33
373 0 8 28
1674 0 8 23
5128 0 8 17
186 0 8 14
4667 0 8 10
260 0 8 6
719 0 8 1
5601 0 9 96
5302 0 9 93
1033 0 9 88
5792 0 9 84
346 0 9 81
5441 0 9 77
710 0 9 74
1063 0 9 69
3931 0 9 64
5289 0 9 60
5801 0 9 57
4655 0 9 52
2280 0 9 47
3800 0 9 43
1453 0 9 39
3535 0 9 35
1449 0 9 33
3943 0 9 27
3615 0 9 25
1359 0 9 21
708 0 9 18
1698 0 9 13
2676 0 9 9
5570 0 9 4
17 0 9 1
2691 0 10 96
4948 0 10 93
3996 0 10 87
1285 0 10 83
427 0 10 79
3887 0 10 76
956 0 10 72
1188 0 10 68
1859 0 10 64
4994 0 10 60
2789 0 10 56
750 0 10 52
633 0 10 47
5122 0 10 42
1802 0 10 39
2198 0 10 35
196 0 10 32
1228 0 10 28
4251 0 10 22
5400 0 10 18
4055 0 10 11
197 0 10 8
1894 0 10 4
2494 0 11 96
333 0 11 93
3789 0 11 87
2147 0 11 81
3154 0 11 77
2454 0 11 73
5830 0 11 69
3597 0 11 63
2482 0 11 59
4753 0 11 55
4186 0 11 50
3635 0 11 46
5089 0 11 43
1159 0 11 39
5364 0 11 34
5392 0 11 30
5094 0 11 25
4184 0 11 20
2644 0 11 16
4939 0 11 12
3586 0 11 9
4466 0 11 4
2466 0 12 96
5797 0 12 92
3840 0 12 88
5693 0 12 83
5681 0 12 78
2185 0 12 73
4987 0 12 69
3207 0 12 63
1936 0 12 59
4430 0 12 55
3150 0 12 50
2795 0 12 46
1561 0 12 43
641 0 12 39
4893 0 12 34
4396 0 12 30
4166 0 12 25
3802 0 12 20
2426 0 12 16
4540 0 12 12
479 0 12 9
5329 0 12 3
1701 0 13 96
5446 0 13 92
3245 0 13 88
5345 0 13 83
4261 0 13 78
1604 0 13 73
4464 0 13 69
1699 0 13 63
5826 0 13 58
5756 0 13 53
4956 0 13 50
1150 0 13 46
1548 0 13 43
3740 0 13 38
4277 0 13 34
3363 0 13 30
1962 0 13 25
3659 0 13 20
2924 0 13 15
2270 0 13 12
2059 0 13 8
96 0 13 4
1450 0 14 96
5267 0 14 92
2353 0 14 88
5162 0 14 83
3186 0 14 78
1555 0 14 73
4115 0 14 69
5584 0 14 62
1610 0 14 57
3489 0 14 52
545 0 14 47
3808 0 14 42
5286 0 14 38
1521 0 14 33
3745 0 14 27
5281 0 14 23
3475 0 14 17
3106 0 14 13
921 0 14 9
4718 0 14 3
203 0 15 96
4689 0 15 92
3674 0 15 87
1258 0 15 81
1817 0 15 77
1222 0 15 73
3365 0 15 69
5093 0 15 62
1080 0 15 57
1432 0 15 52
87 0 15 47
3544 0 15 42
4972 0 15 38
5706 0 15 32
3008 0 15 27
3240 0 15 23
3405 0 15 17
5095 0 15 12
3921 0 15 7
3413 0 15 4
4080 0 16 95
5833 0 16 91
2843 0 16 86
49 0 16 83
3064 0 16 77
895 0 16 73
2886 0 16 69
2778 0 16 62
1013 0 16 57
5340 0 16 51
3080 0 16 47
3370 0 16 42
2351 0 16 38
5580 0 16 32
1274 0 16 27
4282 0 16 22
3330 0 16 18
2484 0 16 11
4129 0 16 7
2908 0 16 4
3225 0 17 95
4548 0 17 91
970 0 17 86
4228 0 17 82
1734 0 17 78
1418 0 17 73
4747 0 17 68
5390 0 17 63
2796 0 17 58
3305 0 17 53
1829 0 17 49
1010 0 17 47
2012 0 17 42
3782 0 17 37
2957 0 17 33
3422 0 17 27
4142 0 17 22
5237 0 17 17
3540 0 17 12
3479 0 17 7
717 0 17 4
332 0 18 95
4273 0 18 91
4237 0 18 85
4662 0 18 81
5631 0 18 76
4497 0 18 71
2245 0 18 67
5614 0 18 64
4508 0 18 60
2441 0 18 56
5790 0 18 51
5437 0 18 46
4715 0 18 42
3250 0 18 37
1301 0 18 33
2222 0 18 27
1925 0 18 22
5101 0 18 17
1330 0 18 12
3316 0 18 6
2518 0 19 94
3140 0 19 91
4028 0 19 85
669 0 19 81
4462 0 19 76
2973 0 19 71
659 0 19 67
1682 0 19 63
1697 0 19 58
2362 0 19 53
1638 0 19 49
4788 0 19 46
4706 0 19 42
2523 0 19 37
1271 0 19 32
113 0 19 27
722 0 19 22
4276 0 19 17
4876 0 19 11
2613 0 19 7
378 0 19 4
2237 2 0 94
2138 2 0 91
2498 2 0 85
3384 2 0 80
5717 2 0 76
1415 2 0 71
433 2 0 67
163 2 0 63
253 2 0 58
1510 2 0 53
370 2 0 49
1645 2 0 46
4023 2 0 42
1569 2 0 37
1153 2 0 32
4771 2 0 26
435 2 0 24
2860 2 0 21
5246 2 0 17
4062 2 0 11
1668 2 0 7
4042 2 0 3
5401 2 1 93
2219 2 1 87
1192 2 1 81
4102 2 1 76
1409 2 1 71
5771 2 1 66
3115 2 1 63
4512 2 1 57
4084 2 1 51
3664 2 1 46
3619 2 1 42
805 2 1 37
1032 2 1 32
1777 2 1 26
5221 2 1 21
2324 2 1 16
4367 2 1 12
3213 2 1 6
4769 2 2 93
1928 2 2 87
38 2 2 81
1904 2 2 76
389 2 2 71
4828 2 2 66
5647 2 2 62
821 2 2 57
3298 2 2 51
4590 2 2 45
2907 2 2 41
4830 2 2 36
4907 2 2 31
4243 2 2 27
170 2 2 22
3790 2 2 17
2481 2 2 11
4395 2 2 6
4112 2 4 93
5384 2 4 86
580 2 4 82
4714 2 4 77
453 2 4 73
4064 2 4 68
5382 2 4 63
3192 2 4 57
1751 2 4 51
548 2 4 45
2693 2 4 41
4052 2 4 36
4030 2 4 31
4154 2 4 27
2460 2 4 21
1361 2 4 16
2457 2 4 12
1999 2 4 6
3037 2 6 93
1987 2 6 86
4022 2 6 81
3839 2 6 75
488 2 6 72
1041 2 6 68
4446 2 6 63
1399 2 6 57
1473 2 6 51
5776 2 6 44
1368 2 6 39
4528 2 6 34
3057 2 6 30
1919 2 6 25
2998 2 6 20
2857 2 6 15
1216 2 6 12
1244 2 6 6
625 2 7 93
5459 2 7 85
1910 2 7 80
3688 2 7 76
5704 2 7 70
2204 2 7 65
5412 2 7 60
4821 2 7 55
3065 2 7 50
4043 2 7 45
1276 2 7 41
3750 2 7 36
3798 2 7 31
4820 2 7 26
4207 2 7 21
550 2 7 16
1761 2 7 12
4107 2 7 5
5622 2 8 92
3522 2 8 87
5583 2 8 80
3408 2 8 76
4020 2 8 70
738 2 8 65
5344 2 8 60
4138 2 8 55
2809 2 8 50
2849 2 8 45
1036 2 8 41
2060 2 8 36
3005 2 8 31
1971 2 8 26
3913 2 8 21
294 2 8 16
1196 2 8 12
3545 2 8 5
5465 2 9 92
2680 2 9 87
5495 2 9 80
485 2 9 76
3049 2 9 70
645 2 9 65
4108 2 9 60
3436 2 9 55
4006 2 9 49
4214 2 9 45
4955 2 9 40
2665 2 9 37
585 2 9 32
1397 2 9 26
1089 2 9 21
4482 2 9 15
5444 2 9 11
1100 2 9 6
4961 2 10 92
2671 2 10 87
5137 2 10 80
4836 2 10 75
177 2 10 72
405 2 10 68
2728 2 10 63
3361 2 10 56
5573 2 10 51
4985 2 10 44
1337 2 10 39
4027 2 10 34
591 2 10 30
900 2 10 25
1874 2 10 20
1639 2 10 15
3183 2 10 11
5432 2 10 5
4863 2 12 92
1534 2 12 87
3468 2 12 80
3895 2 12 75
517 2 12 71
1324 2 12 66
4725 2 12 62
4200 2 12 56
3197 2 12 51
936 2 12 44
217 2 12 39
3924 2 12 34
4438 2 12 29
5084 2 12 25
1428 2 12 20
3542 2 12 14
2221 2 12 10
5684 2 12 5
4746 2 13 92
4049 2 13 86
3198 2 13 81
3593 2 13 75
4962 2 13 70
547 2 13 65
2885 2 13 60
2429 2 13 55
2854 2 13 49
2920 2 13 45
4121 2 13 40
4413 2 13 34
3946 2 13 29
4609 2 13 25
1075 2 13 20
3397 2 13 14
2153 2 13 10
5416 2 13 5
2226 2 14 92
779 2 14 86
1584 2 14 81
5013 2 14 74
4490 2 14 68
5845 2 14 62
3759 2 14 56
2144 2 14 51
5587 2 14 43
1169 2 14 38
5353 2 14 32
4152 2 14 25
587 2 14 20
3205 2 14 14
2085 2 14 10
4754 2 14 5
1981 2 15 92
5643 2 15 85
4959 2 15 79
2659 2 15 76
4344 2 15 69
2708 2 15 62
1419 2 15 56
1882 2 15 51
4285 2 15 43
5399 2 15 37
4478 2 15 31
4928 2 15 25
5637 2 15 19
1147 2 15 16
454 2 15 12
2916 2 15 5
1026 2 16 92
5131 2 16 85
4275 2 16 79
1043 2 16 76
3875 2 16 69
2440 2 16 62
1352 2 16 56
1362 2 16 51
2836 2 16 43
3357 2 16 37
4468 2 16 31
3362 2 16 25
4704 2 16 19
881 2 16 16
2572 2 16 11
3834 2 16 5
135 2 18 92
5038 2 18 85
4247 2 18 79
4942 2 18 75
3971 2 18 70
476 2 18 65
1880 2 18 60
1792 2 18 55
2464 2 18 49
1933 2 18 45
2421 2 18 40
932 2 18 34
3124 2 18 29
3411 2 18 25
4437 2 18 19
3877 2 18 14
1091 2 18 10
4427 2 18 5
131 2 19 92
4480 2 19 85
3944 2 19 79
4817 2 19 75
1468 2 19 70
105 2 19 65
1385 2 19 60
1711 2 19 55
5764 2 19 48
114 2 19 44
2826 2 19 38
4124 2 19 32
3699 2 19 25
2156 2 19 19
2946 2 19 14
2794 2 19 9
4294 2 19 3
3400 3 0 91
2190 3 0 85
3918 3 0 79
4429 3 0 75
5701 3 0 69
2087 3 0 62
21 3 0 56
777 3 0 51
1973 3 0 43
1575 3 0 37
4245 3 0 31
2323 3 0 25
1563 3 0 19
1705 3 0 14
2305 3 0 9
2227 3 0 3
3252 3 4 91
1103 3 4 85
2568 3 4 79
3690 3 4 75
5680 3 4 69
5869 3 4 61
1263 3 4 57
246 3 4 51
885 3 4 43
1143 3 4 36
1230 3 4 31
1002 3 4 25
1088 3 4 19
1704 3 4 14
5157 3 4 8
4525 3 4 3
838 3 6 91
181 3 6 85
2161 3 6 79
1325 3 6 75
5182 3 6 69
5349 3 6 61
463 3 6 57
230 3 6 51
882 3 6 43
14 3 6 36
3902 3 6 30
5472 3 6 24
958 3 6 21
3303 3 6 15
2847 3 6 11
5822 3 6 4
4974 3 7 90
993 3 7 86
953 3 7 81
4813 3 7 74
2476 3 7 68
1484 3 7 62
4385 3 7 55
5476 3 7 48
5449 3 7 43
5393 3 7 35
5098 3 7 31
5057 3 7 24
955 3 7 21
3093 3 7 15
5254 3 7 10
4233 3 7 5
2106 3 8 90
153 3 8 86
658 3 8 81
3832 3 8 74
2346 3 8 68
1439 3 8 62
3224 3 8 55
5140 3 8 48
5049 3 8 43
3504 3 8 35
3437 3 8 31
4600 3 8 24
209 3 8 21
1952 3 8 15
5015 3 8 10
3823 3 8 5
1750 3 9 90
5515 3 9 85
1763 3 9 79
3248 3 9 74
1708 3 9 68
4364 3 9 61
5804 3 9 56
5676 3 9 50
5461 3 9 44
1840 3 9 38
1857 3 9 32
3292 3 9 25
4669 3 9 18
2463 3 9 11
1350 3 9 4
1181 3 10 90
3085 3 10 85
1712 3 10 79
709 3 10 74
4852 3 10 67
4617 3 10 62
2294 3 10 55
3402 3 10 48
4625 3 10 43
3091 3 10 35
36 3 10 31
3784 3 10 24
5750 3 10 20
2714 3 10 14
3176 3 10 8
2406 3 10 3
907 3 12 90
317 3 12 85
136 3 12 79
4940 3 12 73
3908 3 12 68
3915 3 12 61
5759 3 12 56
3478 3 12 50
4782 3 12 44
733 3 12 38
1174 3 12 32
795 3 12 25
1191 3 12 18
1231 3 12 10
2674 3 12 5
2495 3 13 89
4004 3 13 85
5529 3 13 78
54 3 13 73
1942 3 13 68
3314 3 13 61
3903 3 13 56
2320 3 13 50
2424 3 13 44
5809 3 13 37
3030 3 13 31
2490 3 13 24
4656 3 13 20
2672 3 13 14
2753 3 13 8
988 3 13 3
1485 3 14 89
3901 3 14 85
4872 3 14 78
5153 3 14 72
5278 3 14 67
2214 3 14 61
2966 3 14 56
2208 3 14 50
5288 3 14 43
93 3 14 35
1182 3 14 30
4081 3 14 24
961 3 14 20
2547 3 14 14
5463 3 14 7
3999 3 14 3
5295 3 18 88
5068 3 18 83
1715 3 18 77
64 3 18 73
5507 3 18 67
1466 3 18 61
2215 3 18 56
2143 3 18 50
3612 3 18 43
5599 3 18 34
1060 3 18 29
3144 3 18 25
1057 3 18 18
1050 3 18 10
4506 3 18 4
3283 3 19 88
247 3 19 83
5651 3 19 76
8 3 19 69
5322 3 19 61
2188 3 19 56
793 3 19 50
3155 3 19 43
4581 3 19 34
5788 3 19 28
2355 3 19 22
1839 3 19 17
700 3 19 11
5854 3 19 3
1774 4 0 88
108 4 0 83
2006 4 0 76
5405 4 0 68
2871 4 0 61
4297 4 0 55
1110 4 0 48
4286 4 0 43
3992 4 0 34
4445 4 0 28
2017 4 0 22
1738 4 0 17
4613 4 0 10
3960 4 0 4
807 4 1 88
3720 4 1 82
3247 4 1 77
5519 4 1 72
4038 4 1 67
799 4 1 61
3772 4 1 55
3769 4 1 47
5832 4 1 41
1946 4 1 36
3018 4 1 30
2956 4 1 24
3929 4 1 19
404 4 1 14
2891 4 1 7
3723 4 1 3
3 4 2 88
1810 4 2 82
3541 4 2 76
5324 4 2 68
1545 4 2 61
2052 4 2 55
2356 4 2 47
5430 4 2 41
4041 4 2 35
846 4 2 30
1591 4 2 24
2282 4 2 19
366 4 2 14
2621 4 2 7
2744 4 2 3
4399 4 4 87
3403 4 4 80
3781 4 4 75
5085 4 4 69
4650 4 4 61
76 4 4 55
1868 4 4 47
4809 4 4 41
3520 4 4 35
4498 4 4 29
2404 4 4 25
150 4 4 18
672 4 4 10
3818 4 4 4
977 4 6 87
2525 4 6 80
1328 4 6 75
4529 4 6 69
3917 4 6 61
4146 4 6 54
4343 4 6 51
69 4 6 43
3429 4 6 34
3863 4 6 28
1895 4 6 22
1476 4 6 17
3666 4 6 10
1821 4 6 4
4009 4 12 86
171 4 12 81
3804 4 12 74
680 4 12 67
5183 4 12 60
1492 4 12 55
5794 4 12 46
1044 4 12 42
182 4 12 37
2569 4 12 31
1767 4 12 24
4914 4 12 18
4685 4 12 9
235 4 12 3
2071 4 14 85
4795 4 14 78
4814 4 14 72
4025 4 14 67
3329 4 14 60
4188 4 14 54
2285 4 14 51
5475 4 14 42
5347 4 14 36
5188 4 14 29
1562 4 14 25
5568 4 14 17
2717 4 14 10
1567 4 14 4
5831 4 15 83
1185 4 15 76
4786 4 15 68
1343 4 15 61
1773 4 15 54
1481 4 15 50
1290 4 15 43
1383 4 15 34
3640 4 15 28
4833 4 15 21
1427 4 15 15
4902 4 15 10
1279 4 15 4
3910 4 16 83
934 4 16 76
4666 4 16 68
5861 4 16 60
4088 4 16 54
1186 4 16 50
122 4 16 43
159 4 16 34
2687 4 16 28
516 4 16 21
3785 4 16 14
582 4 16 7
5522 4 16 2
4691 4 18 82
3112 4 18 76
1410 4 18 68
5086 4 18 60
2766 4 18 54
192 4 18 50
4007 4 18 42
3075 4 18 36
4602 4 18 29
537 4 18 25
4324 4 18 17
2580 4 18 10
792 4 18 4
2576 5 2 82
2879 5 2 76
785 5 2 68
4347 5 2 60
4217 5 2 53
62 5 2 49
1783 5 2 45
808 5 2 40
5486 5 2 33
2048 5 2 27
48 5 2 21
1897 5 2 14
5751 5 2 6
375 5 4 82
2478 5 4 76
468 5 4 68
2584 5 4 60
3729 5 4 53
5860 5 4 48
3470 5 4 43
4730 5 4 33
1923 5 4 27
46 5 4 21
1723 5 4 14
5713 5 4 6
2559 5 6 80
158 5 6 75
4220 5 6 69
3100 5 6 61
5691 5 6 53
2748 5 6 48
1725 5 6 43
4134 5 6 33
480 5 6 27
5374 5 6 20
1475 5 6 14
4824 5 6 6
2230 5 8 79
4099 5 8 73
4839 5 8 67
1018 5 8 60
450 5 8 53
140 5 8 48
822 5 8 43
3382 5 8 33
118 5 8 27
5367 5 8 20
3698 5 8 13
976 5 8 8
4571 5 8 2
1335 5 9 79
3351 5 9 73
3966 5 9 67
329 5 9 60
5760 5 9 52
13 5 9 47
4403 5 9 41
3317 5 9 35
1653 5 9 29
3026 5 9 24
4629 5 9 18
2164 5 9 9
95 5 9 3
3459 5 10 76
432 5 10 68
1932 5 10 60
5178 5 10 52
3710 5 10 46
4178 5 10 41
2682 5 10 35
3244 5 10 28
4798 5 10 20
3355 5 10 13
869 5 10 8
4172 5 10 2
2130 5 12 71
637 5 12 66
3886 5 12 62
1004 5 12 55
5167 5 12 46
1720 5 12 41
1528 5 12 35
2379 5 12 28
3685 5 12 20
2288 5 12 13
4808 5 12 7
5195 5 12 2
2422 5 16 69
2918 5 16 61
1881 5 16 53
3702 5 16 47
4299 5 16 41
5139 5 16 34
1727 5 16 28
1997 5 16 20
1499 5 16 13
3377 5 16 7
5169 5 16 2
351 5 18 44
5448 5 18 37
2409 5 18 31
43 5 18 24
5842 5 18 17
1536 5 18 10
5872 5 18 3
5836 6 10 27
4812 6 10 20
4660 6 10 12
4832 6 10 4
4619 6 12 22
1007 6 12 17
1052 6 12 10
5817 6 12 3
357 6 15 98
2271 6 15 95
3683 6 15 91
4686 6 15 84
5372 6 15 80
3747 6 15 74
4334 6 15 66
489 6 15 62
293 6 15 55
4582 6 15 46
899 6 15 41
4358 6 15 34
1114 6 15 28
947 6 15 20
4397 6 15 12
4554 6 15 4
5464 6 16 96
2218 6 16 92
3193 6 16 85
3318 6 16 78
4193 6 16 72
3469 6 16 67
5600 6 16 59
3539 6 16 54
5108 6 16 49
1260 6 16 45
5849 6 16 39
3821 6 16 34
814 6 16 27
3203 6 16 20
4071 6 16 12
4197 6 16 4
1502 6 18 96
348 6 18 92
1581 6 18 85
924 6 18 78
2652 6 18 72
5479 6 18 66
5603 6 18 61
1779 6 18 53
2673 6 18 47
2933 6 18 41
2483 6 18 34
306 6 18 27
715 6 18 20
3604 6 18 12
3529 6 18 4
4283 7 1 95
3620 7 1 91
3558 7 1 84
4063 7 1 80
1756 7 1 74
4195 7 1 66
656 7 1 61
1491 7 1 53
2499 7 1 47
2308 7 1 41
1506 7 1 34
5827 7 1 26
5181 7 1 20
1238 7 1 12
3512 7 1 4
2727 7 2 95
2472 7 2 91
2784 7 2 84
1106 7 2 80
978 7 2 73
3217 7 2 67
3860 7 2 59
875 7 2 54
3599 7 2 49
5008 7 2 44
5136 7 2 37
2189 7 2 31
5072 7 2 23
3269 7 2 17
524 7 2 10
5644 7 2 3
1658 7 6 95
1663 7 6 91
2554 7 6 84
3199 7 6 79
1951 7 6 73
1164 7 6 67
2783 7 6 59
51 7 6 54
3242 7 6 49
3883 7 6 44
3451 7 6 37
18 7 6 31
4760 7 6 23
2949 7 6 17
3783 7 6 9
5197 7 6 2
1498 7 7 95
1107 7 7 91
1297 7 7 84
2901 7 7 79
5626 7 7 72
3836 7 7 66
1474 7 7 60
4317 7 7 52
2944 7 7 46
546 7 7 41
1123 7 7 34
4917 7 7 26
5133 7 7 20
5610 7 7 11
5309 7 7 3
80 7 9 95
4749 7 9 90
5636 7 9 84
835 7 9 79
2752 7 9 72
3383 7 9 66
1402 7 9 60
3958 7 9 52
2344 7 9 46
270 7 9 41
704 7 9 33
4133 7 9 26
3934 7 9 20
4976 7 9 11
4610 7 9 3
5055 7 10 94
2999 7 10 90
5538 7 10 84
5453 7 10 78
1463 7 10 72
1544 7 10 66
290 7 10 60
3760 7 10 52
1076 7 10 46
2734 7 10 40
5359 7 10 33
3817 7 10 26
2781 7 10 20
3020 7 10 11
3293 7 10 3
4194 7 12 94
1855 7 12 90
5300 7 12 84
2696 7 12 78
1378 7 12 72
1 7 12 66
5863 7 12 59
5613 7 12 53
1311 7 12 47
1915 7 12 41
5813 7 12 32
5758 7 12 24
3045 7 12 17
3450 7 12 9
4320 7 12 2
4014 7 15 94
424 7 15 90
4765 7 15 84
1245 7 15 78
762 7 15 72
5099 7 15 65
802 7 15 60
225 7 15 52
969 7 15 46
2159 7 15 40
5266 7 15 33
3498 7 15 25
3626 7 15 17
3297 7 15 9
3148 7 15 2
2974 8 1 94
4239 8 1 89
1404 8 1 85
5594 8 1 77
3257 8 1 72
4682 8 1 65
789 8 1 60
5236 8 1 51
5064 8 1 42
577 8 1 36
4573 8 1 29
2590 8 1 24
2757 8 1 17
1508 8 1 9
1472 8 1 2
1862 8 2 94
3648 8 2 89
1305 8 2 85
4644 8 2 77
5168 8 2 71
412 8 2 66
4880 8 2 59
5224 8 2 53
813 8 2 47
1326 8 2 41
4648 8 2 32
3843 8 2 24
1983 8 2 17
1448 8 2 9
974 8 2 2
4779 8 4 93
2507 8 4 85
3935 8 4 77
4639 8 4 71
2512 8 4 65
5264 8 4 59
3682 8 4 53
3796 8 4 46
986 8 4 40
5021 8 4 33
2732 8 4 25
2930 8 4 17
576 8 4 9
4796 8 4 1
3572 8 7 93
1739 8 7 85
3083 8 7 77
3385 8 7 71
2333 8 7 65
4684 8 7 59
3557 8 7 53
3393 8 7 46
3926 8 7 39
2780 8 7 34
4734 8 7 26
2293 8 7 20
1905 8 7 11
166 8 7 3
2326 8 9 93
4630 8 9 84
5165 8 9 77
1637 8 9 71
2036 8 9 65
3738 8 9 59
2423 8 9 53
2816 8 9 46
2229 8 9 39
2742 8 9 34
3380 8 9 26
996 8 9 20
687 8 9 11
5510 8 9 2
532 8 17 93
4513 8 17 84
4457 8 17 77
844 8 17 71
5211 8 17 64
4488 8 17 60
4702 8 17 51
4867 8 17 42
565 8 17 36
4420 8 17 29
2062 8 17 24
1851 8 17 17
303 8 17 9
4418 8 17 1
33 8 18 93
4494 8 18 84
3846 8 18 77
4284 8 18 70
1760 8 18 64
3142 8 18 60
4515 8 18 51
4486 8 18 42
5692 8 18 35
2306 8 18 28
877 8 18 20
176 8 18 11
4775 8 18 2
4654 8 19 92
1509 8 19 85
1334 8 19 77
4059 8 19 70
3827 8 19 63
2317 8 19 56
654 8 19 50
3534 8 19 42
4716 8 19 35
1503 8 19 28
2541 8 19 19
5032 8 19 13
3331 8 19 7
4159 8 19 2
4564 9 1 92
1086 9 1 85
583 9 1 77
3680 9 1 70
3513 9 1 63
1056 9 1 56
4756 9 1 49
2187 9 1 44
2184 9 1 37
5337 9 1 30
1572 9 1 24
496 9 1 17
280 9 1 9
2536 9 1 1
3741 9 2 92
676 9 2 85
5576 9 2 76
104 9 2 68
1495 9 2 60
3134 9 2 51
4274 9 2 42
4165 9 2 35
1437 9 2 28
1686 9 2 19
598 9 2 13
3282 9 2 7
2343 9 2 2
3139 9 4 92
5791 9 4 84
752 9 4 77
2054 9 4 70
2583 9 4 63
843 9 4 56
2723 9 4 49
111 9 4 44
2152 9 4 37
5190 9 4 30
1327 9 4 24
5427 9 4 16
2203 9 4 11
4507 9 4 2
2511 9 7 92
2065 9 7 84
195 9 7 77
1606 9 7 70
2076 9 7 63
5873 9 7 55
1852 9 7 46
2086 9 7 39
3202 9 7 33
1446 9 7 25
1554 9 7 17
5728 9 7 8
4164 9 7 2
490 9 9 92
1217 9 9 84
4883 9 9 76
5191 9 9 67
2117 9 9 59
5843 9 9 52
5870 9 9 45
3728 9 9 39
2368 9 9 33
5737 9 9 24
4853 9 9 16
142 9 9 11
4451 9 9 2
242 9 11 92
5247 9 11 83
909 9 11 76
4422 9 11 67
765 9 11 59
2157 9 11 52
3819 9 11 45
2763 9 11 39
1731 9 11 33
4742 9 11 24
4371 9 11 16
4481 9 11 10
4700 9 11 3
11 9 13 92
5063 9 13 83
553 9 13 76
4005 9 13 67
503 9 13 59
1685 9 13 52
3387 9 13 45
3417 9 13 38
179 9 13 32
3609 9 13 24
4255 9 13 16
4101 9 13 10
3726 9 13 3
5397 9 15 91
663 9 15 84
2650 9 15 76
3835 9 15 67
3766 9 15 58
4622 9 15 52
2371 9 15 45
3341 9 15 38
112 9 15 32
3034 9 15 24
3227 9 15 16
2915 9 15 10
3684 9 15 3
3125 9 16 91
2893 9 16 83
5616 9 16 75
2103 9 16 69
1077 9 16 61
908 9 16 53
771 9 16 46
239 9 16 38
5117 9 16 31
2719 9 16 23
2528 9 16 17
4946 9 16 8
3763 9 16 2
1416 10 1 91
1128 10 1 83
2831 10 1 75
5840 10 1 68
5419 10 1 59
1671 10 1 52
1926 10 1 45
3141 10 1 38
4931 10 1 31
697 10 1 23
1646 10 1 17
4843 10 1 8
3647 10 1 2
188 10 2 91
673 10 2 83
367 10 2 75
5080 10 2 68
4382 10 2 59
1211 10 2 52
1854 10 2 45
3028 10 2 38
3722 10 2 31
3101 10 2 22
868 10 2 17
4789 10 2 8
3102 10 2 2
4889 10 4 90
3862 10 4 84
1487 10 4 76
3494 10 4 67
2740 10 4 58
4151 10 4 52
1425 10 4 45
2312 10 4 38
2935 10 4 31
2300 10 4 22
107 10 4 17
4381 10 4 8
2791 10 4 2
4230 10 11 90
2703 10 11 84
1293 10 11 76
3002 10 11 67
5186 10 11 57
5722 10 11 50
3079 10 11 42
1970 10 11 35
1241 10 11 28
1146 10 11 19
339 10 11 13
2268 10 11 7
1993 10 11 2
2428 10 13 90
2661 10 13 84
5282 10 13 75
4657 10 13 68
3994 10 13 59
621 10 13 52
1317 10 13 45
1717 10 13 38
696 10 13 31
1893 10 13 22
5650 10 13 16
1081 10 13 10
720 10 13 3
4929 10 18 89
5404 10 18 84
5114 10 18 75
4474 10 18 68
3938 10 18 59
531 10 18 52
1079 10 18 45
1369 10 18 38
4079 10 18 30
1062 10 18 24
1074 10 18 16
4467 10 18 9
1585 10 18 1
3439 10 19 89
5257 10 19 84
5092 10 19 75
3474 10 19 68
2337 10 19 59
477 10 19 52
851 10 19 45
1275 10 19 38
3922 10 19 30
626 10 19 24
1001 10 19 16
4417 10 19 9
650 10 19 1
2148 11 4 89
3780 11 4 84
4877 11 4 75
778 11 4 68
1614 11 4 58
3596 11 4 52
3518 11 4 44
1020 11 4 37
5164 11 4 30
3017 11 4 23
512 11 4 17
3824 11 4 8
2593 11 4 2
965 11 6 89
3344 11 6 84
2788 11 6 75
5697 11 6 67
3560 11 6 57
4421 11 6 50
1941 11 6 42
5754 11 6 34
2683 11 6 26
2870 11 6 19
5537 11 6 12
2535 11 6 4
334 11 10 89
682 11 10 84
1375 11 10 75
5436 11 10 67
3419 11 10 57
3423 11 10 50
758 11 10 42
4147 11 10 34
1200 11 10 26
1289 11 10 19
5527 11 10 12
2470 11 10 4
862 11 11 88
5256 11 11 81
3133 11 11 74
1984 11 11 66
4075 11 11 59
4935 11 11 51
3713 11 11 42
2298 11 11 34
1194 11 11 26
5307 11 11 18
124 11 11 9
5070 11 11 1
3602 11 15 87
347 11 15 80
968 11 15 73
304 11 15 67
3043 11 15 57
2981 11 15 50
155 11 15 42
261 11 15 34
940 11 15 26
4471 11 15 18
5333 11 15 8
3095 11 15 1
126 11 16 87
5520 11 16 79
1560 11 16 72
4060 11 16 65
3009 11 16 59
2942 11 16 51
1098 11 16 42
4916 11 16 33
2722 11 16 24
2050 11 16 15
3554 11 16 10
249 11 16 3
5838 11 18 86
5609 11 18 80
466 11 18 73
151 11 18 67
2654 11 18 57
1856 11 18 50
4191 11 18 41
4337 11 18 32
2894 11 18 24
1900 11 18 15
1530 11 18 10
5311 11 18 2
4903 11 19 86
5511 11 19 80
3511 11 19 72
2053 11 19 65
2176 11 19 59
2381 11 19 51
721 11 19 42
4288 11 19 33
2630 11 19 24
1891 11 19 15
353 11 19 10
5225 11 19 2
4309 12 0 86
4778 12 0 80
2315 12 0 72
1576 12 0 65
2089 12 0 59
3973 12 0 50
3975 12 0 41
3339 12 0 32
4741 12 0 23
5774 12 0 16
4111 12 0 9
2104 12 0 1
2394 12 1 86
3809 12 1 80
2131 12 1 72
3981 12 1 64
3123 12 1 60
2863 12 1 51
4091 12 1 41
3310 12 1 32
3719 12 1 23
5493 12 1 16
2233 12 1 9
521 12 1 1
2096 12 2 86
3381 12 2 80
1665 12 2 72
2350 12 2 64
2970 12 2 60
2835 12 2 51
578 12 2 41
2967 12 2 32
3661 12 2 23
3516 12 2 16
4868 12 2 8
299 12 2 1
605 12 4 86
2975 12 4 80
362 12 4 72
4793 12 4 63
5828 12 4 55
448 12 4 46
5313 12 4 37
5031 12 4 30
4366 12 4 22
5321 12 4 16
5531 12 4 7
755 12 4 2
5387 12 6 85
3473 12 6 76
2127 12 6 67
2653 12 6 57
447 12 6 50
296 12 6 41
2878 12 6 32
3168 12 6 23
265 12 6 16
3961 12 6 7
5700 12 6 1
5743 12 8 84
20 12 8 75
2027 12 8 67
2013 12 8 57
5490 12 8 49
5661 12 8 43
2912 12 8 33
1125 12 8 24
3893 12 8 14
4205 12 8 6
4705 12 9 84
4941 12 9 74
1752 12 9 66
2828 12 9 59
2275 12 9 50
287 12 9 41
2279 12 9 32
1550 12 9 23
5202 12 9 15
322 12 9 10
3898 12 9 2
4034 12 10 83
60 12 10 75
1218 12 10 67
1799 12 10 57
3445 12 10 49
5147 12 10 43
4780 12 10 32
1412 12 10 23
4861 12 10 15
26 12 10 10
2213 12 10 2
4599 12 11 80
161 12 11 72
3457 12 11 63
3571 12 11 55
5662 12 11 45
416 12 11 38
3116 12 11 30
3136 12 11 22
3767 12 11 16
3768 12 11 7
5423 12 11 1
327 12 13 80
4849 12 13 71
3506 12 13 64
2718 12 13 60
888 12 13 51
311 12 13 40
4345 12 13 33
915 12 13 24
3455 12 13 14
1370 12 13 6
1431 12 15 79
1092 12 15 72
3255 12 15 63
1667 12 15 55
5533 12 15 45
5783 12 15 37
3231 12 15 30
4790 12 15 21
1677 12 15 14
497 12 15 6
4443 12 16 78
655 12 16 72
1843 12 16 63
4618 12 16 54
165 12 16 49
4432 12 16 43
73 12 16 32
4026 12 16 22
3485 12 16 16
2803 12 16 7
2829 12 16 1
668 13 0 78
601 13 0 72
873 13 0 63
4163 13 0 54
5383 13 0 48
713 13 0 43
4210 13 0 31
266 13 0 22
2958 13 0 16
2775 13 0 7
1909 13 0 1
5709 13 4 76
1176 13 4 67
1541 13 4 57
1764 13 4 49
3394 13 4 43
1459 13 4 31
236 13 4 22
1384 13 4 16
2200 13 4 7
1398 13 4 1
4755 13 6 70
1795 13 6 63
5518 13 6 53
744 13 6 46
5172 13 6 37
3175 13 6 30
4663 13 6 21
1255 13 6 14
173 13 6 6
2242 13 11 68
896 13 11 58
3415 13 11 52
1633 13 11 44
97 13 11 37
2677 13 11 30
4259 13 11 21
1142 13 11 14
3605 13 11 5
4356 13 13 97
541 13 13 92
4898 13 13 83
4699 13 13 74
664 13 13 66
2234 13 13 59
2257 13 13 50
5555 13 13 40
4253 13 13 33
3551 13 13 23
3056 13 13 15
5777 13 13 9
415 13 13 1
5283 13 17 96
4763 13 17 91
3803 13 17 82
5363 13 17 75
946 13 17 67
138 13 17 57
5689 13 17 48
5876 13 17 42
3667 13 17 33
2731 13 17 23
2504 13 17 15
5775 13 17 9
240 13 17 1
5014 13 18 96
4408 13 18 91
3212 13 18 82
3322 13 18 75
313 13 18 67
128 13 18 57
5152 13 18 48
5853 13 18 42
5611 13 18 32
3120 13 18 22
1318 13 18 16
1603 13 18 7
7 13 18 1
4816 13 19 96
1430 13 19 91
5421 13 19 81
2287 13 19 74
5279 13 19 65
1082 13 19 59
379 13 19 50
5499 13 19 40
3103 13 19 33
1132 13 19 23
2260 13 19 15
4208 13 19 9
4703 14 0 95
3986 14 0 90
2186 14 0 84
3868 14 0 74
2866 14 0 65
613 14 0 59
3977 14 0 49
754 14 0 43
5468 14 0 30
4097 14 0 21
1121 14 0 14
3338 14 0 5
4141 14 2 95
3312 14 2 90
1700 14 2 84
2517 14 2 74
2081 14 2 65
72 14 2 59
3968 14 2 49
232 14 2 43
2411 14 2 30
1643 14 2 21
5816 14 2 13
1729 14 2 7
4770 14 4 94
2643 14 4 89
5686 14 4 83
4143 14 4 74
4520 14 4 64
1085 14 4 60
4797 14 4 50
5233 14 4 40
1866 14 4 33
922 14 4 23
1673 14 4 15
3159 14 4 9
4523 14 6 94
2492 14 6 89
4912 14 6 83
1213 14 6 74
3793 14 6 64
368 14 6 60
4292 14 6 50
4401 14 6 40
880 14 6 33
685 14 6 23
1517 14 6 15
1323 14 6 9
4306 14 7 94
5620 14 7 88
4085 14 7 81
1922 14 7 74
3467 14 7 64
4953 14 7 59
3022 14 7 49
5350 14 7 42
3412 14 7 32
116 14 7 22
997 14 7 16
1532 14 7 7
3372 14 8 94
5043 14 8 88
4016 14 8 81
1316 14 8 74
2960 14 8 64
2685 14 8 59
2296 14 8 49
4614 14 8 42
1949 14 8 32
3326 14 8 21
5209 14 8 13
2 14 8 7
2578 14 9 94
4250 14 9 88
2556 14 9 81
443 14 9 74
2443 14 9 64
901 14 9 59
678 14 9 49
4257 14 9 42
1411 14 9 32
796 14 9 21
4997 14 9 13
5566 14 9 6
5299 14 10 93
1735 14 10 84
2068 14 10 74
2080 14 10 64
5242 14 10 58
1831 14 10 52
1945 14 10 43
1531 14 10 30
870 14 10 21
3936 14 10 13
5238 14 10 6
5078 14 11 93
694 14 11 84
554 14 11 74
1442 14 11 64
2877 14 11 58
4944 14 11 51
5731 14 11 39
2625 14 11 32
452 14 11 21
3308 14 11 13
5218 14 11 6
2141 14 12 93
5041 14 12 83
4926 14 12 73
4743 14 12 66
1620 14 12 59
3295 14 12 48
5235 14 12 42
1366 14 12 32
2902 14 12 20
5685 14 12 10
5338 14 12 1
1190 14 13 93
3108 14 13 83
4330 14 13 73
4580 14 13 66
742 14 13 59
2586 14 13 48
3947 14 13 42
3983 14 13 31
4606 14 13 21
5825 14 13 12
3196 14 13 3
194 14 15 93
2194 14 15 83
4169 14 15 73
2533 14 15 66
271 14 15 59
918 14 15 48
3757 14 15 42
3122 14 15 31
1955 14 15 21
5478 14 15 12
3166 14 15 3
10 14 17 93
1629 14 17 83
4123 14 17 73
1872 14 17 66
5030 14 17 58
3368 14 17 51
4834 14 17 39
1048 14 17 32
2664 14 17 20
5304 14 17 10
4807 14 17 1
3616 14 18 92
3465 14 18 83
2373 14 18 73
1655 14 18 66
2792 14 18 58
2534 14 18 51
3858 14 18 39
308 14 18 32
2501 14 18 20
4331 14 18 10
2980 14 18 1
3253 14 19 92
1413 14 19 83
1966 14 19 73
1589 14 19 66
1924 14 19 58
1360 14 19 51
5456 14 19 38
2220 14 19 30
817 14 19 21
4850 14 19 12
321 14 19 3
1992 15 0 92
12 15 0 83
1434 15 0 73
679 15 0 66
1845 15 0 58
455 15 0 51
5252 15 0 38
4594 15 0 29
3660 15 0 23
768 15 0 15
943 15 0 9
985 15 2 92
5784 15 2 82
4967 15 2 74
5805 15 2 63
4890 15 2 53
204 15 2 46
4547 15 2 37
1022 15 2 30
630 15 2 21
3954 15 2 12
4840 15 2 2
9 15 4 92
3201 15 4 82
4595 15 4 74
4719 15 4 63
4459 15 4 53
3988 15 4 45
5634 15 4 37
5074 15 4 29
3427 15 4 23
514 15 4 15
4047 15 4 8
5796 15 10 91
5306 15 10 81
372 15 10 74
4565 15 10 63
4095 15 10 53
3565 15 10 45
5454 15 10 37
4265 15 10 29
2646 15 10 23
5103 15 10 14
1825 15 10 5
5158 15 15 91
1889 15 15 81
5184 15 15 73
474 15 15 66
1616 15 15 58
4073 15 15 50
2393 15 15 40
646 15 15 33
5269 15 15 22
5591 15 15 15
199 15 15 8
4496 16 0 90
1470 16 0 84
5578 16 0 73
4924 16 0 65
5727 16 0 58
3053 16 0 50
824 16 0 40
2199 16 0 32
2125 16 0 20
2021 16 0 10
2064 16 0 1
3953 16 2 90
732 16 2 84
3121 16 2 73
4341 16 2 65
4632 16 2 58
2352 16 2 50
5477 16 2 38
3940 16 2 29
2316 16 2 23
4919 16 2 14
401 16 2 5
1055 16 5 90
3731 16 5 83
759 16 5 73
2341 16 5 65
4117 16 5 58
1613 16 5 50
5258 16 5 38
2813 16 5 29
1122 16 5 23
3677 16 5 14
5702 16 5 4
2538 16 6 89
4216 16 6 83
5815 16 6 72
552 16 6 63
3927 16 6 53
3082 16 6 45
2875 16 6 37
3191 16 6 29
816 16 6 23
1796 16 6 14
4405 16 6 4
1219 16 7 89
2785 16 7 83
5592 16 7 72
399 16 7 63
1374 16 7 53
2567 16 7 45
2531 16 7 37
937 16 7 29
784 16 7 23
2415 16 7 13
3471 16 7 6
133 16 8 89
2290 16 8 83
5517 16 8 72
4979 16 8 62
5605 16 8 54
5062 16 8 48
2679 16 8 42
689 16 8 31
1676 16 8 21
3670 16 8 12
4549 16 8 2
5222 16 9 88
4856 16 9 80
3939 16 9 71
4503 16 9 63
1177 16 9 53
3375 16 9 44
5251 16 9 36
3366 16 9 29
5426 16 9 22
5365 16 9 15
106 16 9 8
4536 16 10 88
4731 16 10 80
3806 16 10 71
3538 16 10 63
55 16 10 53
1403 16 10 44
462 16 10 36
3031 16 10 29
4522 16 10 22
4587 16 10 15
2993 16 10 7
4394 16 12 88
3390 16 12 80
1307 16 12 71
2706 16 12 63
2768 16 12 52
1617 16 12 43
5508 16 12 29
4033 16 12 22
2934 16 12 15
2545 16 12 7
3519 16 15 88
820 16 15 80
536 16 15 71
1898 16 15 63
402 16 15 52
79 16 15 43
5409 16 15 29
3581 16 15 22
2134 16 15 15
1876 16 15 7
3461 16 16 88
168 16 16 80
457 16 16 71
1454 16 16 63
5339 16 16 51
3600 16 16 38
1710 16 16 29
3561 16 16 22
1239 16 16 15
5554 16 16 6
3204 16 18 88
81 16 18 80
4475 16 18 70
4032 16 18 62
5498 16 18 54
4271 16 18 48
2066 16 18 41
1791 16 18 32
2042 16 18 20
1479 16 18 10
2166 16 19 88
4781 16 19 79
5656 16 19 71
1392 16 19 63
5323 16 19 51
3443 16 19 38
982 16 19 29
2387 16 19 22
861 16 19 15
4236 16 19 6
4314 17 0 87
4444 17 0 79
5413 17 0 71
549 17 0 63
4878 17 0 51
272 17 0 38
801 17 0 29
2057 17 0 22
4998 17 0 14
4291 17 0 4
2008 17 2 87
3040 17 2 79
4157 17 2 71
355 17 2 63
4226 17 2 51
3319 17 2 37
98 17 2 29
635 17 2 22
3536 17 2 14
3337 17 2 4
4002 17 5 86
2772 17 5 80
2950 17 5 70
4177 17 5 61
4697 17 5 52
5665 17 5 42
600 17 5 31
774 17 5 21
2635 17 5 12
4201 17 5 2
3837 17 6 86
1388 17 6 80
848 17 6 70
5360 17 6 60
3645 17 6 50
4442 17 6 38
4837 17 6 28
5024 17 6 18
5019 17 6 8
3272 17 7 86
5786 17 7 79
3807 17 7 71
1363 17 7 62
4342 17 7 54
3109 17 7 48
760 17 7 41
782 17 7 32
648 17 7 20
1281 17 7 10
3251 17 8 86
5694 17 8 79
3105 17 8 71
923 17 8 62
2372 17 8 54
2107 17 8 48
3905 17 8 40
1873 17 8 32
400 17 8 20
1009 17 8 10
2730 17 9 86
4901 17 9 79
2311 17 9 71
828 17 9 62
1564 17 9 54
596 17 9 48
5273 17 9 39
5417 17 9 31
636 17 9 21
628 17 9 12
2549 17 9 2
2636 17 10 86
238 17 10 79
826 17 10 71
88 17 10 62
825 17 10 54
567 17 10 48
4447 17 10 39
4892 17 10 31
1596 17 10 20
32 17 10 10
3299 17 12 85
2898 17 12 76
1097 17 12 67
5354 17 12 56
2475 17 12 49
2256 17 12 42
5513 17 12 30
2681 17 12 20
2991 17 12 9
1732 17 15 85
2380 17 15 76
919 17 15 67
3754 17 15 56
1688 17 15 49
1518 17 15 42
2922 17 15 30
1743 17 15 20
1436 17 15 9
3493 17 16 84
2720 17 16 73
1488 17 16 65
1586 17 16 58
68 17 16 50
2862 17 16 38
4740 17 16 28
4393 17 16 18
4526 17 16 8
681 17 18 84
1832 17 18 73
1477 17 18 65
800 17 18 58
4701 17 18 49
522 17 18 42
1958 17 18 30
1149 17 18 20
731 17 18 9
2174 17 19 83
5379 17 19 72
4128 17 19 62
220 17 19 54
3812 17 19 47
857 17 19 41
478 17 19 32
5391 17 19 19
5138 17 19 12
2390 17 19 2
2015 18 0 83
2009 18 0 72
2779 18 0 62
119 18 0 54
2633 18 0 47
100 18 0 41
2367 18 0 31
523 18 0 20
3709 18 0 8
5111 18 2 82
1623 18 2 74
1559 18 2 63
3271 18 2 51
2304 18 2 37
5445 18 2 28
3291 18 2 18
4068 18 2 8
3641 18 10 82
40 18 10 74
1540 18 10 63
1516 18 10 51
4425 18 10 36
451 18 10 29
5753 18 10 21
4569 18 10 11
3900 18 10 2
2632 18 12 82
4450 18 12 73
4866 18 12 64
2433 18 12 58
4454 18 12 49
94 18 12 42
1259 18 12 30
4910 18 12 19
4899 18 12 12
363 18 12 2
1769 19 0 82
1755 19 0 73
316 19 0 64
1678 19 0 58
3230 19 0 49
2627 19 0 41
1847 19 0 31
5234 19 0 19
4651 19 0 12
2746 19 0 1
3755 19 2 81
5127 19 2 73
5040 19 2 63
847 19 2 51
2577 19 2 36
5762 19 2 28
1930 19 2 18
2872 19 2 8
3188 19 3 81
4434 19 3 73
4556 19 3 63
3058 19 3 50
2663 19 3 38
3882 19 3 28
1109 19 3 18
2697 19 3 8
2101 19 4 81
3703 19 4 73
3128 19 4 63
377 19 4 50
1659 19 4 38
3845 19 4 28
866 19 4 18
1068 19 4 8
561 19 5 81
2581 19 5 73
2821 19 5 63
115 19 5 50
1087 19 5 38
3220 19 5 28
507 19 5 18
5824 19 5 7
4224 19 6 80
3799 19 6 69
790 19 6 61
4267 19 6 52
5528 19 6 42
4943 19 6 29
5619 19 6 21
3098 19 6 11
3499 19 6 2
1988 19 7 80
2084 19 7 69
3842 19 7 60
3041 19 7 50
746 19 7 38
2037 19 7 28
2560 19 7 17
3643 19 7 8
3533 19 8 78
5612 19 8 71
5271 19 8 61
3651 19 8 52
5310 19 8 42
2839 19 8 29
4428 19 8 21
2205 19 8 11
1414 19 8 2
2599 19 9 78
5460 19 9 71
4871 19 9 61
2600 19 9 52
5303 19 9 42
1406 19 9 29
3302 19 9 21
1733 19 9 11
634 19 9 2
360 19 10 74
456 19 10 63
4616 19 10 49
2261 19 10 41
1519 19 10 31
4695 19 10 19
3639 19 10 12
2516 19 10 1
1254 19 12 70
4281 19 12 60
2906 19 12 50
59 19 12 38
281 19 12 28
980 19 12 17
783 19 12 8
229 19 13 1
4844 19 14 94
1846 19 14 88
4449 19 14 79
191 19 14 71
4829 19 14 61
1807 19 14 52
4920 19 14 42
3497 19 14 28
395 19 14 17
421 19 14 8
1721 19 15 94
5120 19 15 87
2170 19 15 79
189 19 15 71
3181 19 15 61
1364 19 15 52
3407 19 15 42
3169 19 15 28
3652 19 15 16
458 19 15 7
1331 19 16 94
5090 19 16 87
5239 19 16 78
5255 19 16 71
2191 19 16 61
539 19 16 52
2407 19 16 42
2675 19 16 28
3432 19 16 16
257 19 16 7
5855 19 17 93
285 19 17 83
1834 19 17 72
459 19 17 62
5574 19 17 53
3570 19 17 43
4431 19 17 29
2354 19 17 21
5150 19 17 10
954 19 18 93
4711 19 18 82
5385 19 18 72
4810 19 18 61
85 19 18 52
3444 19 18 41
1386 19 18 31
3373 19 18 19
3287 19 18 12
492 19 18 1
3849 19 19 92
2596 19 19 82
4550 19 19 72
2582 19 19 61
5808 19 19 51
101 19 19 36
4882 19 19 28
3118 19 19 16
5688 19 19 6
