2824
4161 0 0 97
5262 0 0 94
4125 0 0 91
3584 0 0 88
4865 0 0 85
14 0 0 83
4755 0 0 80
4394 0 0 77
4775 0 0 74
2565 0 0 72
623 0 0 70
4112 0 0 68
3886 0 0 65
3799 0 0 62
3262 0 0 60
1864 0 0 58
4526 0 0 54
1605 0 0 51
5166 0 0 47
2445 0 0 45
3388 0 0 42
1172 0 0 40
4222 0 0 37
2737 0 0 34
1666 0 0 31
3412 0 0 29
2034 0 0 26
2873 0 0 23
5201 0 0 20
4415 0 0 17
1154 0 0 15
2349 0 0 12
5096 0 0 9
5135 0 0 6
3314 0 0 4
1650 0 0 1
5266 0 1 96
184 0 1 94
258 0 1 91
3264 0 1 87
3207 0 1 85
2686 0 1 82
3156 0 1 79
4181 0 1 77
4435 0 1 74
4066 0 1 71
4946 0 1 69
2884 0 1 66
5103 0 1 63
2226 0 1 61
4385 0 1 58
2820 0 1 54
1557 0 1 51
4227 0 1 47
4744 0 1 43
1731 0 1 40
2845 0 1 36
4336 0 1 34
4910 0 1 30
4255 0 1 26
1429 0 1 23
283 0 1 20
4001 0 1 17
627 0 1 14
235 0 1 12
3110 0 1 9
4856 0 1 6
482 0 1 3
3931 0 2 96
4288 0 2 93
2602 0 2 91
2439 0 2 87
1102 0 2 85
1255 0 2 82
2733 0 2 79
5351 0 2 76
2777 0 2 74
4030 0 2 70
4928 0 2 67
5156 0 2 64
3943 0 2 60
1895 0 2 57
4436 0 2 54
3348 0 2 50
2276 0 2 48
34 0 2 46
740 0 2 44
256 0 2 41
4835 0 2 38
3781 0 2 35
2605 0 2 31
2888 0 2 29
3884 0 2 25
4270 0 2 22
4880 0 2 19
1462 0 2 17
4123 0 2 13
4953 0 2 10
3922 0 2 6
5527 0 2 2
3684 0 3 96
2112 0 3 93
4106 0 3 90
42 0 3 88
1804 0 3 85
1738 0 3 81
4737 0 3 77
615 0 3 74
3929 0 3 70
187 0 3 67
1847 0 3 64
2516 0 3 60
1831 0 3 56
2716 0 3 53
4407 0 3 50
1030 0 3 47
4739 0 3 43
59 0 3 40
1496 0 3 36
4220 0 3 32
3764 0 3 28
4087 0 3 26
5179 0 3 22
3771 0 3 19
3005 0 3 16
3523 0 3 13
880 0 3 10
3817 0 3 6
4013 0 3 2
899 0 4 96
5061 0 4 92
641 0 4 89
344 0 4 87
3383 0 4 84
5284 0 4 80
1698 0 4 77
5077 0 4 73
4938 0 4 70
4872 0 4 66
2989 0 4 63
777 0 4 61
2170 0 4 58
2181 0 4 53
1991 0 4 50
4109 0 4 46
3789 0 4 42
2040 0 4 39
3841 0 4 35
1987 0 4 31
2517 0 4 28
4033 0 4 25
4555 0 4 21
1240 0 4 19
3393 0 4 14
2549 0 4 11
3215 0 4 8
2659 0 4 5
3550 0 4 2
311 0 5 96
3849 0 5 92
2600 0 5 88
1319 0 5 85
1021 0 5 81
3195 0 5 76
4613 0 5 72
4861 0 5 69
1824 0 5 66
5087 0 5 62
4943 0 5 59
1765 0 5 56
3892 0 5 52
3559 0 5 49
4170 0 5 46
3705 0 5 42
1113 0 5 39
3529 0 5 35
4904 0 5 30
4446 0 5 25
2652 0 5 21
4062 0 5 18
4573 0 5 14
2490 0 5 11
388 0 5 8
1702 0 5 4
3676 0 6 95
4997 0 6 92
4300 0 6 87
3094 0 6 84
4542 0 6 80
56 0 6 77
3654 0 6 73
919 0 6 69
1250 0 6 66
3542 0 6 62
3133 0 6 59
1716 0 6 55
3933 0 6 52
2828 0 6 48
5451 0 6 45
5143 0 6 41
4504 0 6 38
64 0 6 34
2336 0 6 30
1894 0 6 25
1599 0 6 21
2093 0 6 18
4038 0 6 14
5051 0 6 10
3564 0 6 6
1878 0 6 2
2927 0 7 95
4644 0 7 92
2780 0 7 87
179 0 7 84
3353 0 7 80
5050 0 7 76
3578 0 7 72
4241 0 7 69
1146 0 7 66
2270 0 7 62
4267 0 7 58
4686 0 7 52
1453 0 7 48
2729 0 7 44
947 0 7 40
825 0 7 35
4372 0 7 30
668 0 7 25
5339 0 7 20
1451 0 7 16
162 0 7 13
4719 0 7 9
4599 0 7 5
555 0 7 2
1775 0 8 95
5065 0 8 90
5250 0 8 87
4376 0 8 83
1523 0 8 79
2296 0 8 75
3774 0 8 71
4072 0 8 69
1072 0 8 66
1576 0 8 62
3074 0 8 58
4598 0 8 52
4134 0 8 47
4616 0 8 43
3858 0 8 38
5323 0 8 33
1534 0 8 30
469 0 8 25
4093 0 8 20
443 0 8 16
4485 0 8 12
1336 0 8 9
1880 0 8 5
3491 0 8 1
1640 0 9 95
1349 0 9 89
2449 0 9 86
2745 0 9 84
2574 0 9 79
1740 0 9 75
3710 0 9 71
4609 0 9 67
486 0 9 64
962 0 9 60
1380 0 9 56
3010 0 9 52
392 0 9 47
4530 0 9 43
3646 0 9 38
2583 0 9 33
3759 0 9 29
2477 0 9 25
3315 0 9 20
4670 0 9 15
360 0 9 12
48 0 9 9
4817 0 9 4
1883 0 10 94
30 0 10 90
4076 0 10 86
2479 0 10 83
5400 0 10 78
2623 0 10 75
3478 0 10 71
2044 0 10 67
4695 0 10 63
537 0 10 61
2984 0 10 57
2051 0 10 54
1909 0 10 50
3228 0 10 45
2008 0 10 41
600 0 10 38
2509 0 10 33
2870 0 10 29
1530 0 10 25
2771 0 10 20
4205 0 10 15
4012 0 10 11
3410 0 10 7
1795 0 10 4
939 0 11 94
3700 0 11 89
1195 0 11 86
2929 0 11 82
2613 0 11 79
5460 0 11 74
793 0 11 70
3875 0 11 66
3057 0 11 61
1411 0 11 57
1667 0 11 54
5473 0 11 49
1249 0 11 46
3167 0 11 42
239 0 11 39
3420 0 11 35
3557 0 11 30
3942 0 11 24
5355 0 11 21
5437 0 11 17
1173 0 11 13
4465 0 11 9
4702 0 11 4
695 0 12 94
2010 0 12 89
1618 0 12 85
3596 0 12 80
4922 0 12 76
1694 0 12 72
2014 0 12 69
756 0 12 66
2705 0 12 61
4114 0 12 56
685 0 12 52
356 0 12 47
3079 0 12 43
2762 0 12 38
2322 0 12 33
4745 0 12 28
2030 0 12 25
2711 0 12 20
4192 0 12 15
3082 0 12 10
3047 0 12 6
589 0 12 2
163 0 13 94
1781 0 13 89
1179 0 13 85
3521 0 13 80
4398 0 13 76
967 0 13 72
1158 0 13 69
4494 0 13 65
5347 0 13 61
512 0 13 56
4838 0 13 51
538 0 13 47
1438 0 13 43
2157 0 13 38
586 0 13 33
322 0 13 28
4556 0 13 24
222 0 13 21
1822 0 13 17
5304 0 13 11
1491 0 13 7
1628 0 13 4
4908 0 14 93
2234 0 14 90
2248 0 14 86
1940 0 14 82
1423 0 14 79
4628 0 14 74
4703 0 14 69
1098 0 14 65
4090 0 14 61
39 0 14 56
4391 0 14 51
5507 0 14 46
5428 0 14 41
291 0 14 38
4958 0 14 32
3500 0 14 28
2965 0 14 24
3867 0 14 20
2335 0 14 15
897 0 14 10
925 0 14 6
4937 0 14 1
4279 0 15 93
4317 0 15 89
3768 0 15 84
87 0 15 79
3753 0 15 74
1683 0 15 68
1678 0 15 65
1923 0 15 61
5053 0 15 55
3352 0 15 52
65 0 15 47
335 0 15 43
1641 0 15 38
1890 0 15 32
2702 0 15 28
11 0 15 24
2111 0 15 20
2172 0 15 15
3349 0 15 9
3237 0 15 4
4186 0 16 93
1842 0 16 89
3378 0 16 84
3726 0 16 78
3178 0 16 74
1010 0 16 67
4624 0 16 63
3744 0 16 59
1311 0 16 55
2558 0 16 51
4924 0 16 46
4978 0 16 41
2889 0 16 37
2006 0 16 34
5045 0 16 29
439 0 16 25
2503 0 16 20
1614 0 16 15
1707 0 16 9
362 0 16 4
2348 0 17 93
75 0 17 89
1790 0 17 84
2694 0 17 78
2781 0 17 74
556 0 17 67
3605 0 17 63
3698 0 17 59
1064 0 17 55
2099 0 17 51
2497 0 17 46
1798 0 17 41
2422 0 17 37
5518 0 17 33
88 0 17 28
5247 0 17 23
3115 0 17 19
3209 0 17 14
3505 0 17 10
4765 0 17 5
2880 0 17 1
1568 0 18 93
5170 0 18 88
655 0 18 85
2179 0 18 80
1346 0 18 76
400 0 18 72
4369 0 18 68
4233 0 18 63
3219 0 18 59
814 0 18 55
10 0 18 51
1468 0 18 46
1184 0 18 41
4716 0 18 36
3780 0 18 32
1338 0 18 28
3106 0 18 23
505 0 18 19
554 0 18 14
336 0 18 10
1998 0 18 5
1968 0 18 1
918 0 19 93
2991 0 19 88
5022 0 19 84
2223 0 19 78
1317 0 19 74
4591 0 19 66
2618 0 19 61
5029 0 19 55
4290 0 19 50
2673 0 19 45
585 0 19 41
4618 0 19 36
1675 0 19 32
858 0 19 28
2979 0 19 23
1107 0 19 18
1917 0 19 14
3611 0 19 9
5054 0 19 3
730 2 1 93
2109 2 1 88
3902 2 1 84
2047 2 1 78
1252 2 1 74
4328 2 1 66
1620 2 1 61
4260 2 1 55
2149 2 1 50
417 2 1 45
4552 2 1 40
673 2 1 35
2680 2 1 30
2708 2 1 24
1850 2 1 19
5055 2 1 13
3157 2 1 9
4717 2 1 3
669 2 2 93
1686 2 2 88
3100 2 2 84
1409 2 2 78
3518 2 2 73
4787 2 2 68
1995 2 2 63
3153 2 2 59
4538 2 2 54
4828 2 2 49
2802 2 2 45
3443 2 2 40
5385 2 2 34
3060 2 2 28
120 2 2 23
4642 2 2 17
3366 2 2 11
544 2 2 7
1426 2 2 4
3612 2 3 92
2624 2 3 87
3980 2 3 83
3967 2 3 78
2760 2 3 73
4357 2 3 68
1280 2 3 63
2999 2 3 59
4252 2 3 54
4040 2 3 49
3534 2 3 44
51 2 3 40
2693 2 3 34
2221 2 3 28
5288 2 3 22
1754 2 3 19
5024 2 3 13
4162 2 3 8
5108 2 3 3
3028 2 4 92
2277 2 4 87
3913 2 4 83
4563 2 4 77
3040 2 4 73
2754 2 4 68
5427 2 4 62
2542 2 4 58
3897 2 4 52
5498 2 4 46
491 2 4 41
4511 2 4 36
5359 2 4 31
2900 2 4 27
4082 2 4 23
3342 2 4 17
2130 2 4 11
5221 2 4 6
2488 2 5 92
1307 2 5 87
1269 2 5 83
1569 2 5 77
1766 2 5 73
2279 2 5 68
4240 2 5 62
2474 2 5 58
461 2 5 52
2552 2 5 46
233 2 5 41
4411 2 5 36
5316 2 5 31
328 2 5 27
5480 2 5 22
1131 2 5 18
636 2 5 14
5129 2 5 8
3325 2 5 3
2268 2 6 92
4077 2 6 86
1843 2 6 82
5505 2 6 78
2057 2 6 73
1390 2 6 68
4284 2 6 61
2906 2 6 55
2108 2 6 50
4866 2 6 44
5441 2 6 39
2987 2 6 35
2332 2 6 30
2529 2 6 24
1084 2 6 19
1227 2 6 13
3606 2 6 8
2735 2 6 3
1310 2 7 92
2551 2 7 86
1183 2 7 82
5228 2 7 78
1059 2 7 73
1297 2 7 68
4207 2 7 61
2140 2 7 55
1074 2 7 49
3459 2 7 44
5013 2 7 39
1135 2 7 35
1884 2 7 30
2113 2 7 24
870 2 7 19
642 2 7 13
1393 2 7 8
2534 2 7 3
1000 2 8 92
190 2 8 86
662 2 8 82
3812 2 8 78
3643 2 8 72
1147 2 8 68
4084 2 8 61
4545 2 8 54
1616 2 8 49
4957 2 8 43
4621 2 8 37
5411 2 8 33
4645 2 8 27
552 2 8 22
1097 2 8 18
5196 2 8 13
189 2 8 8
1406 2 8 3
771 2 9 91
1771 2 9 85
1969 2 9 80
5112 2 9 75
3056 2 9 71
1168 2 9 67
1805 2 9 63
2731 2 9 59
2746 2 9 54
1101 2 9 49
3218 2 9 43
3452 2 9 37
4419 2 9 33
2740 2 9 27
375 2 9 22
2337 2 9 17
1090 2 9 11
4451 2 9 6
731 2 11 91
553 2 11 85
1870 2 11 80
3494 2 11 75
1833 2 11 71
2480 2 11 66
4217 2 11 60
790 2 11 56
2974 2 11 51
1463 2 11 46
4567 2 11 40
435 2 11 34
1321 2 11 28
4569 2 11 22
2126 2 11 17
5511 2 11 10
1852 2 11 5
611 2 12 91
423 2 12 85
1160 2 12 80
372 2 12 75
4226 2 12 70
2229 2 12 66
3951 2 12 60
4773 2 12 55
936 2 12 49
1836 2 12 43
1900 2 12 37
1749 2 12 33
5214 2 12 26
5165 2 12 22
1926 2 12 17
4575 2 12 10
1691 2 12 5
4650 2 13 90
3659 2 13 85
4854 2 13 79
1410 2 13 74
2289 2 13 66
2630 2 13 60
4668 2 13 55
625 2 13 49
628 2 13 43
4810 2 13 36
1556 2 13 31
4679 2 13 26
5145 2 13 22
1849 2 13 17
4009 2 13 10
1324 2 13 5
4364 2 14 90
2976 2 14 85
4675 2 14 79
1225 2 14 74
1879 2 14 66
2063 2 14 60
3761 2 14 55
4064 2 14 48
857 2 14 44
4781 2 14 39
4895 2 14 34
693 2 14 28
4073 2 14 22
1061 2 14 17
3824 2 14 10
4428 2 14 4
3320 2 15 90
1294 2 15 85
2541 2 15 79
1009 2 15 74
352 2 15 66
1188 2 15 60
228 2 15 55
1816 2 15 48
4421 2 15 43
499 2 15 36
1067 2 15 31
1138 2 15 26
2803 2 15 22
810 2 15 17
3807 2 15 10
4214 2 15 4
2957 2 17 90
1180 2 17 85
2421 2 17 79
4974 2 17 73
1296 2 17 68
2853 2 17 61
964 2 17 54
4763 2 17 48
3012 2 17 43
5415 2 17 35
1832 2 17 30
1161 2 17 24
329 2 17 19
5151 2 17 12
5107 2 17 8
1238 2 17 3
1863 2 18 90
942 2 18 85
2290 2 18 79
4935 2 18 73
5098 2 18 67
1656 2 18 63
4712 2 18 58
5082 2 18 51
386 2 18 46
2094 2 18 40
3298 2 18 33
5203 2 18 26
2670 2 18 22
5517 2 18 16
3328 2 18 12
4681 2 18 8
326 2 18 3
1502 2 19 90
5270 2 19 84
1335 2 19 78
1797 2 19 72
4358 2 19 67
1646 2 19 63
4559 2 19 57
4286 2 19 53
5422 2 19 49
4477 2 19 42
5522 2 19 38
1309 2 19 32
4984 2 19 27
301 2 19 22
181 2 19 16
331 2 19 12
3335 2 19 8
3917 2 19 2
5539 3 1 89
1528 3 1 84
1328 3 1 78
57 3 1 72
4129 3 1 67
4060 3 1 62
2083 3 1 58
4036 3 1 51
22 3 1 46
652 3 1 40
2608 3 1 33
4316 3 1 26
2147 3 1 21
4148 3 1 16
4983 3 1 11
2772 3 1 6
3633 3 2 89
217 3 2 84
726 3 2 78
3166 3 2 71
1035 3 2 66
4548 3 2 59
1705 3 2 54
4353 3 2 48
2892 3 2 43
2783 3 2 35
4289 3 2 29
4470 3 2 24
89 3 2 19
4900 3 2 12
2924 3 2 8
1762 3 2 2
3561 3 3 89
113 3 3 84
722 3 3 78
1191 3 3 71
460 3 3 66
3620 3 3 59
1610 3 3 54
3125 3 3 48
2261 3 3 43
1869 3 3 35
4238 3 3 29
1241 3 3 24
4680 3 3 18
4437 3 3 13
5163 3 3 6
422 3 4 89
5216 3 4 83
182 3 4 77
5109 3 4 72
3326 3 4 67
3696 3 4 62
381 3 4 58
3445 3 4 51
4748 3 4 45
3434 3 4 40
5532 3 4 32
4104 3 4 27
5408 3 4 21
4117 3 4 16
4418 3 4 11
2215 3 4 6
2801 3 5 87
3604 3 5 82
3539 3 5 78
1169 3 5 71
4602 3 5 65
1582 3 5 61
472 3 5 54
2897 3 5 48
2160 3 5 43
5345 3 5 34
5531 3 5 27
3482 3 5 21
2399 3 5 16
4414 3 5 11
1670 3 5 6
704 3 6 86
324 3 6 82
2862 3 6 78
5471 3 6 70
997 3 6 66
1857 3 6 59
1447 3 6 54
1443 3 6 48
1045 3 6 43
5126 3 6 34
4218 3 6 27
3180 3 6 21
2380 3 6 16
1170 3 6 11
1664 3 6 6
2470 3 7 85
368 3 7 79
3641 3 7 73
4875 3 7 67
3334 3 7 62
4730 3 7 57
2350 3 7 53
2485 3 7 49
3906 3 7 42
3164 3 7 38
1305 3 7 32
3468 3 7 27
2084 3 7 21
2129 3 7 16
4164 3 7 10
1810 3 7 4
2199 3 8 85
3582 3 8 78
5242 3 8 70
979 3 8 66
791 3 8 59
5334 3 8 53
2052 3 8 49
2500 3 8 42
3009 3 8 38
1115 3 8 32
2793 3 8 27
1398 3 8 21
1993 3 8 16
3497 3 8 10
1395 3 8 4
480 3 9 85
2821 3 9 78
4515 3 9 70
5387 3 9 65
1339 3 9 61
4898 3 9 53
1159 3 9 49
1959 3 9 42
5239 3 9 37
3982 3 9 32
592 3 9 26
1908 3 9 21
1830 3 9 16
1882 3 9 10
1186 3 9 4
119 3 11 85
5353 3 11 77
2785 3 11 72
2914 3 11 67
2492 3 11 62
4646 3 11 57
244 3 11 53
477 3 11 49
1559 3 11 42
4302 3 11 37
3831 3 11 32
371 3 11 26
508 3 11 21
4722 3 11 15
5229 3 11 8
1182 3 11 2
3289 3 12 84
4749 3 12 77
481 3 12 72
348 3 12 67
1284 3 12 62
4026 3 12 57
4683 3 12 52
2512 3 12 46
290 3 12 40
4362 3 12 32
5146 3 12 25
1401 3 12 20
632 3 12 15
4794 3 12 8
3673 3 12 1
4973 3 13 83
4325 3 13 76
2931 3 13 71
3695 3 13 65
138 3 13 61
4842 3 13 53
5377 3 13 48
176 3 13 43
3313 3 13 34
3755 3 13 27
1312 3 13 21
4236 3 13 15
2663 3 13 8
3132 3 13 1
933 3 14 83
3714 3 14 76
1163 3 14 71
2811 3 14 65
4576 3 14 60
3788 3 14 54
4253 3 14 47
4277 3 14 42
4258 3 14 37
3306 3 14 32
4137 3 14 25
3573 3 14 19
4464 3 14 12
2487 3 14 8
4806 3 14 2
4829 3 15 82
2191 3 15 78
4490 3 15 70
4963 3 15 65
3971 3 15 60
3099 3 15 54
2952 3 15 47
3939 3 15 42
4074 3 15 37
3255 3 15 32
4071 3 15 25
3063 3 15 19
4307 3 15 12
1735 3 15 8
3777 3 15 2
3950 3 17 80
5331 3 17 74
4196 3 17 65
3785 3 17 60
1769 3 17 54
677 3 17 47
3461 3 17 42
3819 3 17 37
390 3 17 32
3517 3 17 25
232 3 17 19
1730 3 17 12
4786 3 17 7
3077 3 17 2
2950 3 18 79
3078 3 18 73
2280 3 18 67
271 3 18 62
3067 3 18 57
1712 3 18 52
620 3 18 46
4992 3 18 39
3658 3 18 34
272 3 18 27
608 3 18 21
3379 3 18 15
562 3 18 8
3065 3 18 2
2498 3 19 79
1609 3 19 73
1547 3 19 67
2391 3 19 61
3998 3 19 53
4960 3 19 48
1229 3 19 42
2615 3 19 37
5064 3 19 31
1053 3 19 26
2504 3 19 20
5154 3 19 14
3278 3 19 8
66 3 19 2
5479 4 1 77
5011 4 1 71
300 4 1 65
3414 4 1 60
1690 4 1 54
4149 4 1 46
4338 4 1 39
3597 4 1 34
4480 4 1 26
341 4 1 20
4999 4 1 14
2703 4 1 8
5062 4 1 1
4776 4 9 76
4857 4 9 70
4085 4 9 65
3363 4 9 60
209 4 9 54
2481 4 9 46
2697 4 9 39
2069 4 9 34
2894 4 9 26
3498 4 9 19
1112 4 9 12
4429 4 9 7
2243 4 9 1
5121 4 17 75
1427 4 17 70
1619 4 17 65
4301 4 17 59
4608 4 17 53
3111 4 17 48
823 4 17 42
2575 4 17 37
4876 4 17 31
2213 4 17 25
5279 4 17 18
3293 4 17 13
1692 4 17 6
903 5 1 74
3735 5 1 65
1499 5 1 59
4489 5 1 53
1887 5 1 48
5383 5 1 41
3548 5 1 36
5501 5 1 30
1156 5 1 24
4195 5 1 18
2717 5 1 13
1152 5 1 6
5445 5 3 73
926 5 3 67
1420 5 3 61
1867 5 3 53
5081 5 3 47
3122 5 3 42
1949 5 3 37
4439 5 3 31
576 5 3 25
4014 5 3 18
1118 5 3 13
285 5 3 6
2324 5 4 71
3113 5 4 64
4844 5 4 59
2774 5 4 53
5079 5 4 47
2219 5 4 42
1562 5 4 37
4193 5 4 31
5496 5 4 24
3752 5 4 18
838 5 4 13
80 5 4 6
4333 5 5 97
2787 5 5 94
840 5 5 89
4877 5 5 83
3221 5 5 76
4553 5 5 70
1232 5 5 65
4823 5 5 58
2295 5 5 51
4660 5 5 45
3274 5 5 40
2807 5 5 32
3341 5 5 25
2908 5 5 18
490 5 5 13
3436 5 5 5
2696 5 6 97
3957 5 6 93
927 5 6 88
859 5 6 84
4704 5 6 77
4633 5 6 71
1448 5 6 64
2637 5 6 59
2530 5 6 53
3747 5 6 47
4460 5 6 41
1674 5 6 36
4664 5 6 30
1192 5 6 23
2007 5 6 17
3159 5 6 10
149 5 6 4
5117 5 7 96
2301 5 7 92
4547 5 7 85
4988 5 7 77
4518 5 7 71
960 5 7 64
4920 5 7 58
2196 5 7 51
3152 5 7 45
2773 5 7 40
266 5 7 32
3186 5 7 25
894 5 7 18
5187 5 7 12
2496 5 7 7
4759 5 9 96
5490 5 9 91
5465 5 9 84
4292 5 9 77
2810 5 9 71
106 5 9 64
2342 5 9 58
2137 5 9 51
5326 5 9 44
2519 5 9 39
4335 5 9 33
2586 5 9 26
3189 5 9 19
5402 5 9 11
835 5 9 6
4216 5 11 96
4858 5 11 91
4942 5 11 84
3974 5 11 77
2537 5 11 71
5206 5 11 63
2420 5 11 57
1203 5 11 52
4881 5 11 45
2376 5 11 40
3485 5 11 31
4550 5 11 24
3580 5 11 18
4789 5 11 12
2362 5 11 7
3661 5 12 95
688 5 12 89
3150 5 12 83
1493 5 12 76
1295 5 12 70
404 5 12 65
3707 5 12 58
4378 5 12 50
4830 5 12 44
1964 5 12 39
4278 5 12 33
2021 5 12 26
3008 5 12 19
4127 5 12 11
752 5 12 6
3607 5 13 95
5424 5 13 88
5213 5 13 83
1382 5 13 76
980 5 13 70
5454 5 13 64
3338 5 13 57
383 5 13 52
3803 5 13 45
1608 5 13 40
3470 5 13 31
3407 5 13 24
3507 5 13 18
3569 5 13 12
795 5 13 7
3103 5 14 95
122 5 14 88
4720 5 14 83
5283 5 14 75
5257 5 14 69
107 5 14 65
3650 5 14 58
4348 5 14 50
3001 5 14 44
1780 5 14 39
4096 5 14 33
1633 5 14 26
2403 5 14 19
4116 5 14 11
1715 5 14 5
5524 5 15 94
3450 5 15 88
4697 5 15 83
4822 5 15 75
4607 5 15 69
5457 5 15 64
458 5 15 57
4654 5 15 51
5159 5 15 44
560 5 15 39
3030 5 15 33
5389 5 15 25
548 5 15 18
3234 5 15 12
5344 5 15 6
3914 5 17 94
2664 5 17 88
4046 5 17 83
2961 5 17 75
4377 5 17 69
3043 5 17 64
5528 5 17 56
2320 5 17 51
2375 5 17 44
1585 5 17 38
910 5 17 32
1292 5 17 25
4584 5 17 17
2719 5 17 10
4632 5 17 3
2203 5 19 94
1199 5 19 88
3141 5 19 83
527 5 19 75
3723 5 19 69
2721 5 19 64
4379 5 19 56
1587 5 19 51
2360 5 19 44
557 5 19 38
4725 5 19 31
2679 5 19 24
1916 5 19 18
1418 5 19 12
5111 5 19 6
5401 6 9 93
492 6 9 88
2757 6 9 83
15 6 9 75
672 6 9 69
2263 6 9 64
3541 6 9 56
757 6 9 51
4438 6 9 43
2096 6 9 34
2667 6 9 26
1572 6 9 19
2622 6 9 11
4334 6 9 4
3748 6 11 93
4501 6 11 87
3438 6 11 82
1287 6 11 78
4393 6 11 70
4901 6 11 64
2507 6 11 56
466 6 11 51
2996 6 11 43
1903 6 11 34
832 6 11 26
970 6 11 19
4373 6 11 10
963 6 11 3
3664 6 17 93
3737 6 17 87
4601 6 17 81
2869 6 17 76
5492 6 17 69
1055 6 17 64
2079 6 17 56
118 6 17 51
2856 6 17 43
274 6 17 34
54 6 17 26
5030 6 17 18
1275 6 17 12
5105 6 17 6
3130 6 19 93
3599 6 19 87
3451 6 19 81
2501 6 19 76
4873 6 19 69
5252 6 19 63
1533 6 19 57
656 6 19 51
2800 6 19 43
71 6 19 34
16 6 19 26
2938 6 19 18
4792 6 19 11
2576 6 19 4
2453 7 1 93
3474 7 1 87
3102 7 1 81
4903 7 1 75
3973 7 1 68
1215 7 1 61
5091 7 1 52
3766 7 1 45
681 7 1 40
2522 7 1 31
1413 7 1 24
1638 7 1 18
1714 7 1 11
1828 7 1 4
1197 7 3 93
3214 7 3 87
1679 7 3 81
4657 7 3 75
3600 7 3 68
5015 7 3 60
3282 7 3 53
3692 7 3 47
3247 7 3 41
1355 7 3 36
3851 7 3 30
893 7 3 23
1868 7 3 17
2352 7 3 10
3430 7 3 2
5256 7 5 92
4078 7 5 85
4791 7 5 77
1194 7 5 71
3124 7 5 63
1222 7 5 57
225 7 5 51
2460 7 5 43
4081 7 5 33
4461 7 5 25
3587 7 5 17
288 7 5 10
879 7 5 2
4809 7 7 92
2631 7 7 85
4256 7 7 77
4434 7 7 70
4564 7 7 64
1786 7 7 56
3730 7 7 50
5253 7 7 43
3739 7 7 33
3148 7 7 25
3375 7 7 17
255 7 7 10
4275 7 7 1
4457 7 9 92
924 7 9 85
3741 7 9 77
1672 7 9 70
3874 7 9 64
215 7 9 56
3511 7 9 50
2695 7 9 43
3225 7 9 33
2562 7 9 25
2919 7 9 17
4131 7 9 9
4305 7 9 3
2804 7 11 92
325 7 11 85
2119 7 11 77
984 7 11 70
1783 7 11 64
5346 7 11 55
1437 7 11 48
3490 7 11 41
1078 7 11 36
1980 7 11 30
238 7 11 23
1801 7 11 17
3820 7 11 9
2896 7 11 3
207 7 13 92
4930 7 13 84
3890 7 13 77
755 7 13 70
4677 7 13 63
3068 7 13 56
2688 7 13 50
1954 7 13 43
2185 7 13 33
4029 7 13 24
637 7 13 18
896 7 13 11
1711 7 13 4
5443 7 14 91
2838 7 14 84
2982 7 14 77
574 7 14 70
3786 7 14 63
1637 7 14 56
2401 7 14 50
1124 7 14 43
267 7 14 33
1514 7 14 24
261 7 14 18
639 7 14 11
847 7 14 4
4815 7 15 91
1724 7 15 84
2676 7 15 77
70 7 15 70
3784 7 15 63
920 7 15 56
1087 7 15 50
501 7 15 43
3165 7 15 32
829 7 15 25
1381 7 15 17
3532 7 15 9
2334 7 15 3
4468 7 17 91
401 7 17 84
2437 7 17 77
4032 7 17 69
3935 7 17 63
868 7 17 56
357 7 17 50
58 7 17 43
2536 7 17 32
449 7 17 25
1100 7 17 17
2001 7 17 9
1922 7 17 3
3694 7 19 90
3473 7 19 84
5509 7 19 76
4499 7 19 69
2958 7 19 63
761 7 19 56
192 7 19 50
5317 7 19 42
5040 7 19 36
1056 7 19 30
2550 7 19 22
5204 7 19 15
4836 7 19 7
3484 8 1 90
1517 8 1 84
5280 8 1 76
4481 8 1 69
1607 8 1 63
4851 8 1 55
5292 8 1 47
1506 8 1 41
110 8 1 36
883 8 1 30
1235 8 1 22
5488 8 1 14
2428 8 1 8
690 8 3 90
1237 8 3 84
4488 8 3 75
3524 8 3 68
4508 8 3 60
2528 8 3 53
2883 8 3 47
1466 8 3 41
4617 8 3 35
4043 8 3 29
314 8 3 24
5089 8 3 17
3727 8 3 8
60 8 4 90
1140 8 4 84
3185 8 4 75
3763 8 4 67
1210 8 4 61
4764 8 4 52
2426 8 4 45
1185 8 4 39
2806 8 4 33
1304 8 4 24
4080 8 4 17
2180 8 4 8
5140 8 5 89
1251 8 5 83
5020 8 5 74
3435 8 5 65
3007 8 5 58
4146 8 5 50
5158 8 5 42
4450 8 5 36
125 8 5 30
4400 8 5 21
3075 8 5 15
1956 8 5 7
1761 8 7 89
3361 8 7 82
5318 8 7 77
2840 8 7 69
4484 8 7 62
1247 8 7 57
5470 8 7 50
3428 8 7 42
4441 8 7 36
5271 8 7 29
5298 8 7 23
1685 8 7 17
4120 8 7 7
1710 8 9 89
2995 8 9 82
4808 8 9 77
1583 8 9 69
4246 8 9 62
3665 8 9 56
4332 8 9 49
959 8 9 42
4145 8 9 36
5186 8 9 29
5225 8 9 21
2222 8 9 15
1671 8 9 7
5251 8 11 88
393 8 11 83
4648 8 11 74
4778 8 11 64
4486 8 11 55
3846 8 11 47
733 8 11 41
3323 8 11 35
2595 8 11 29
4701 8 11 21
2104 8 11 15
610 8 11 7
4689 8 13 88
4350 8 13 82
3571 8 13 77
1555 8 13 69
90 8 13 62
3327 8 13 56
3838 8 13 49
630 8 13 42
2238 8 13 36
3019 8 13 29
4427 8 13 21
1342 8 13 15
5025 8 13 6
2097 8 14 87
1459 8 14 81
4314 8 14 75
3621 8 14 67
1033 8 14 61
3805 8 14 52
1644 8 14 45
570 8 14 39
1157 8 14 33
958 8 14 24
3537 8 14 17
3044 8 14 7
1036 8 15 87
1058 8 15 81
2848 8 15 75
3155 8 15 67
687 8 15 61
3418 8 15 52
350 8 15 45
4321 8 15 38
3387 8 15 31
582 8 15 24
3046 8 15 17
779 8 15 7
885 8 17 87
4732 8 17 80
3956 8 17 74
1560 8 17 64
2227 8 17 55
3358 8 17 47
674 8 17 41
2752 8 17 35
2267 8 17 29
3993 8 17 21
4091 8 17 14
2053 8 17 8
4051 8 19 85
2081 8 19 77
4947 8 19 68
2790 8 19 60
148 8 19 53
2381 8 19 47
4594 8 19 40
1044 8 19 31
2928 8 19 23
1231 8 19 17
5390 8 19 6
3990 9 1 85
882 9 1 77
4141 9 1 68
5272 9 1 59
2451 9 1 53
1657 9 1 47
2173 9 1 40
799 9 1 31
534 9 1 23
275 9 1 17
4083 9 1 6
1177 9 3 85
764 9 3 77
4055 9 3 68
2312 9 3 59
1590 9 3 53
1207 9 3 47
4893 9 3 39
607 9 3 33
457 9 3 24
2611 9 3 17
3184 9 3 6
3254 9 4 84
2829 9 4 75
725 9 4 67
115 9 4 61
2640 9 4 52
146 9 4 45
3029 9 4 38
867 9 4 31
4094 9 4 22
5455 9 4 14
1726 9 4 8
854 9 5 83
4118 9 5 74
3873 9 5 63
4653 9 5 55
3114 9 5 47
4839 9 5 39
156 9 5 33
265 9 5 24
425 9 5 17
1648 9 5 6
5364 9 7 81
1782 9 7 75
5215 9 7 66
237 9 7 59
1402 9 7 53
494 9 7 47
4027 9 7 39
85 9 7 33
5057 9 7 23
250 9 7 17
3847 9 7 5
1546 9 9 79
1361 9 9 73
198 9 9 67
1457 9 9 60
4356 9 9 52
5467 9 9 44
3563 9 9 37
3197 9 9 31
3903 9 9 22
5410 9 9 14
990 9 9 8
3615 9 11 75
4882 9 11 66
132 9 11 59
3081 9 11 52
5120 9 11 44
2985 9 11 37
3080 9 11 31
2294 9 11 22
3880 9 11 14
4771 9 11 7
498 9 15 71
3118 9 15 63
774 9 15 55
1123 9 15 47
3453 9 15 39
5076 9 15 32
175 9 15 25
957 9 15 17
3441 9 15 5
5157 9 17 70
2792 9 17 63
5537 9 17 54
2125 9 17 46
1220 9 17 39
2325 9 17 32
170 9 17 25
930 9 17 17
1526 9 17 5
4304 9 19 69
46 9 19 62
1137 9 19 56
2827 9 19 49
5526 9 19 41
3733 9 19 34
4035 9 19 25
4249 9 19 16
1877 9 19 10
3859 9 19 1
2886 10 1 66
92 10 1 59
1661 10 1 52
4536 10 1 44
2174 10 1 37
1802 10 1 31
1539 10 1 21
2677 10 1 14
4544 10 1 7
318 10 5 65
2942 10 5 58
2994 10 5 50
3034 10 5 42
1719 10 5 36
1592 10 5 29
3466 10 5 21
675 10 5 14
4237 10 5 7
1729 10 7 38
571 10 7 31
4528 10 7 20
2557 10 7 14
3545 10 7 7
5060 10 9 96
3356 10 9 91
2850 10 9 83
3538 10 9 74
3830 10 9 63
5265 10 9 54
1737 10 9 46
629 10 9 39
1419 10 9 32
5458 10 9 24
343 10 9 17
1073 10 9 5
3140 10 11 96
5294 10 11 90
164 10 11 84
2017 10 11 75
4359 10 11 66
1814 10 11 58
5468 10 11 49
4313 10 11 41
3049 10 11 34
874 10 11 25
3054 10 11 16
1414 10 11 10
3745 10 11 1
4752 10 14 95
5124 10 14 87
4342 10 14 80
3193 10 14 74
455 10 14 63
2298 10 14 54
1434 10 14 46
559 10 14 39
3576 10 14 31
1407 10 14 20
2082 10 14 14
3504 10 14 7
2148 10 15 95
4636 10 15 87
3091 10 15 80
140 10 15 74
5438 10 15 62
4144 10 15 55
312 10 15 47
3149 10 15 39
2755 10 15 31
520 10 15 20
18 10 15 14
3493 10 15 7
1696 10 17 95
4276 10 17 87
2473 10 17 80
5483 10 17 73
5036 10 17 66
1027 10 17 58
4037 10 17 49
4113 10 17 41
4239 10 17 33
4926 10 17 23
154 10 17 17
3064 10 17 3
1308 10 19 94
212 10 19 88
3731 10 19 82
3433 10 19 77
3798 10 19 68
5379 10 19 58
3206 10 19 49
3457 10 19 41
1933 10 19 33
4047 10 19 23
5439 10 19 16
1392 10 19 10
3265 10 19 1
759 11 1 94
584 11 1 87
1066 11 1 80
2872 11 1 73
4532 11 1 66
4523 11 1 57
5241 11 1 50
1271 11 1 42
1665 11 1 36
845 11 1 29
2814 11 1 21
5274 11 1 13
2369 11 1 5
4540 11 2 93
3098 11 2 87
3623 11 2 79
565 11 2 73
2560 11 2 66
4474 11 2 57
4167 11 2 50
20 11 2 42
1495 11 2 36
633 11 2 29
2012 11 2 21
3357 11 2 13
2177 11 2 5
3969 11 3 93
2318 11 3 87
566 11 3 79
4463 11 3 72
133 11 3 67
645 11 3 60
3270 11 3 52
4213 11 3 44
1774 11 3 37
754 11 3 31
260 11 3 20
5413 11 3 13
310 11 3 5
3565 11 4 93
1776 11 4 87
483 11 4 79
4331 11 4 72
5431 11 4 66
4262 11 4 57
3754 11 4 50
5489 11 4 41
456 11 4 33
3725 11 4 23
5426 11 4 16
660 11 4 10
2036 11 4 1
2095 11 5 93
1476 11 5 87
5223 11 5 78
3260 11 5 70
1854 11 5 63
1953 11 5 54
1086 11 5 46
531 11 5 39
5296 11 5 30
2911 11 5 21
3229 11 5 13
4265 11 5 4
694 11 7 93
1431 11 7 87
3220 11 7 78
3134 11 7 70
701 11 7 63
4206 11 7 53
4243 11 7 46
4753 11 7 38
330 11 7 31
5049 11 7 19
1313 11 7 10
1475 11 7 1
558 11 11 93
1256 11 11 87
2121 11 11 78
1008 11 11 70
424 11 11 63
1728 11 11 53
2887 11 11 46
4483 11 11 38
259 11 11 31
969 11 11 19
5222 11 11 9
1037 11 11 3
4627 11 14 92
3365 11 14 84
2090 11 14 74
4606 11 14 62
2779 11 14 55
2596 11 14 46
4152 11 14 38
197 11 14 31
4370 11 14 18
4531 11 14 10
837 11 14 1
2890 11 15 92
1996 11 15 84
886 11 15 74
3232 11 15 62
2275 11 15 55
826 11 15 46
36 11 15 38
4580 11 15 30
2531 11 15 21
1981 11 15 13
3776 11 15 4
1806 11 17 92
1104 11 17 84
3589 11 17 73
2204 11 17 66
3852 11 17 57
1872 11 17 50
3712 11 17 41
319 11 17 33
3396 11 17 23
5191 11 17 16
5002 11 17 9
3536 11 17 2
3678 11 19 91
2791 11 19 83
2944 11 19 74
2427 11 19 62
1344 11 19 55
407 11 19 46
5210 11 19 37
4396 11 19 30
2211 11 19 21
143 11 19 13
3370 11 19 4
2651 12 1 91
2592 12 1 83
257 12 1 74
3568 12 1 61
4509 12 1 51
2068 12 1 43
2469 12 1 32
4649 12 1 24
249 12 1 17
2061 12 1 3
2620 12 2 91
2390 12 2 83
166 12 2 74
1133 12 2 61
4025 12 2 51
1261 12 2 43
231 12 2 32
2450 12 2 24
5337 12 2 16
4934 12 2 9
2262 12 2 2
2123 12 3 91
2374 12 3 83
4479 12 3 73
2116 12 3 66
2115 12 3 57
1796 12 3 50
3227 12 3 41
5231 12 3 32
848 12 3 24
3793 12 3 16
2730 12 3 9
1643 12 3 2
4950 12 4 90
4912 12 4 83
5301 12 4 72
4907 12 4 66
5041 12 4 56
842 12 4 49
2577 12 4 41
2230 12 4 32
5299 12 4 23
5102 12 4 16
2161 12 4 9
1394 12 4 2
2916 12 5 90
4890 12 5 83
4115 12 5 72
2091 12 5 66
1974 12 5 56
789 12 5 49
2553 12 5 41
1330 12 5 32
2067 12 5 22
2183 12 5 14
3415 12 5 7
1983 12 11 90
3663 12 11 83
2489 12 11 72
5374 12 11 65
2395 12 11 58
1358 12 11 49
831 12 11 41
2588 12 11 31
1446 12 11 18
3273 12 11 10
965 12 11 2
715 12 13 90
2527 12 13 83
716 12 13 72
4777 12 13 65
72 12 13 58
1243 12 13 49
5308 12 13 40
4715 12 13 30
4678 12 13 20
4245 12 13 13
3061 12 13 4
5396 12 14 89
2387 12 14 82
3202 12 14 77
3286 12 14 68
3668 12 14 58
727 12 14 49
2939 12 14 40
4647 12 14 30
4549 12 14 20
3962 12 14 13
2514 12 14 4
5325 12 15 89
2363 12 15 82
2286 12 15 77
3024 12 15 68
3319 12 15 58
123 12 15 49
1011 12 15 40
3834 12 15 30
1595 12 15 20
2857 12 15 13
380 12 15 4
4015 12 17 89
1967 12 17 82
1127 12 17 77
2998 12 17 68
904 12 17 58
3749 12 17 48
3322 12 17 41
2141 12 17 31
38 12 17 18
1741 12 17 10
602 12 17 2
3467 12 19 89
794 12 19 82
5134 12 19 76
2993 12 19 69
5004 12 19 61
3983 12 19 51
844 12 19 43
5052 12 19 31
1701 12 19 17
442 12 19 3
385 13 6 89
1893 13 6 81
1570 13 6 75
2895 13 6 66
420 13 6 56
4658 13 6 48
3244 13 6 41
1178 13 6 31
5230 13 6 16
1957 13 6 9
2661 13 6 1
4784 13 8 88
2878 13 8 82
4000 13 8 76
1676 13 8 69
4108 13 8 61
3742 13 8 51
647 13 8 43
4228 13 8 31
4643 13 8 16
1494 13 8 9
506 13 8 1
4318 14 0 88
4610 14 0 81
1116 14 0 75
2682 14 0 66
3277 14 0 55
337 14 0 46
2385 14 0 37
3648 14 0 30
5369 14 0 19
5155 14 0 9
338 14 0 1
3674 14 1 88
2472 14 1 81
5090 14 1 74
241 14 1 61
2698 14 1 51
3540 14 1 42
828 14 1 36
4635 14 1 28
3881 14 1 22
944 14 1 14
2948 14 1 7
3496 14 2 88
2321 14 2 81
3997 14 2 74
2168 14 2 60
3032 14 2 52
3339 14 2 44
5073 14 2 36
4363 14 2 28
3628 14 2 22
4513 14 2 13
1435 14 2 3
2314 14 3 88
2073 14 3 81
2964 14 3 74
2154 14 3 60
391 14 3 52
3055 14 3 44
4812 14 3 36
2476 14 3 28
2851 14 3 22
3765 14 3 13
935 14 3 3
185 14 4 88
2025 14 4 81
712 14 4 74
1874 14 4 60
203 14 4 52
1291 14 4 44
3051 14 4 36
2431 14 4 28
1129 14 4 22
2419 14 4 13
230 14 4 3
5217 14 5 87
1322 14 5 78
4426 14 5 69
2867 14 5 61
1524 14 5 51
1432 14 5 42
5202 14 5 35
1695 14 5 29
1433 14 5 21
13 14 5 13
4970 14 5 1
4595 14 6 87
770 14 6 78
4251 14 6 69
1861 14 6 61
839 14 6 51
52 14 6 42
5033 14 6 35
1554 14 6 29
5373 14 6 20
2194 14 6 13
4879 14 6 1
3758 14 8 87
728 14 8 78
3717 14 8 69
802 14 8 61
4931 14 8 50
3161 14 8 41
689 14 8 31
3464 14 8 16
4140 14 8 8
2836 14 10 87
403 14 10 78
3039 14 10 69
434 14 10 61
1164 14 10 50
2584 14 10 41
5362 14 10 30
5137 14 10 19
2364 14 10 9
2308 14 11 87
3868 14 11 77
2968 14 11 68
4154 14 11 57
1722 14 11 50
4399 14 11 40
3716 14 11 30
3795 14 11 19
2153 14 11 9
5141 14 12 86
2184 14 12 81
242 14 12 74
748 14 12 60
5075 14 12 51
5486 14 12 41
4221 14 12 30
2138 14 12 19
1575 14 12 9
3242 14 14 86
887 14 14 81
5472 14 14 73
262 14 14 66
1350 14 14 55
4020 14 14 45
2178 14 14 38
3382 14 14 30
109 14 14 19
622 14 14 9
2726 14 15 86
358 14 15 81
5234 14 15 73
5463 14 15 65
62 14 15 58
2797 14 15 48
1906 14 15 41
2763 14 15 30
2629 14 15 18
809 14 15 10
890 14 16 86
5444 14 16 80
216 14 16 73
4171 14 16 65
4135 14 16 57
1149 14 16 50
3863 14 16 40
2587 14 16 30
5310 14 16 17
4041 14 16 2
851 14 17 86
4166 14 17 80
5267 14 17 72
4155 14 17 65
3893 14 17 57
1821 14 17 49
5226 14 17 39
2830 14 17 30
2761 14 17 17
5138 14 17 1
204 14 18 86
2933 14 18 80
3811 14 18 72
4143 14 18 65
2854 14 18 57
1187 14 18 49
1477 14 18 39
972 14 18 29
5071 14 18 20
2758 14 18 12
3835 14 18 6
158 14 19 86
2855 14 19 80
3736 14 19 72
1452 14 19 65
206 14 19 57
4433 14 19 48
1092 14 19 41
2247 14 19 30
2671 14 19 17
4423 14 19 1
5386 15 0 85
4751 15 0 76
299 15 0 69
2107 15 0 60
4337 15 0 51
4380 15 0 41
1532 15 0 30
2970 15 0 16
3592 15 0 8
3787 15 1 85
2388 15 1 76
5447 15 1 68
2436 15 1 57
2865 15 1 48
524 15 1 41
4718 15 1 29
2877 15 1 20
783 15 1 12
1584 15 1 6
3120 15 2 84
3031 15 2 73
4065 15 2 65
4272 15 2 56
3660 15 2 48
4818 15 2 40
467 15 2 30
178 15 2 16
2482 15 2 8
2960 15 3 84
2980 15 3 73
3182 15 3 65
2616 15 3 56
2962 15 3 48
2683 15 3 40
355 15 3 30
5429 15 3 15
4769 15 3 6
2742 15 4 84
1236 15 4 73
683 15 4 65
2259 15 4 56
1827 15 4 48
4543 15 4 39
516 15 4 29
2495 15 4 20
3355 15 4 11
4031 15 4 3
1846 15 5 84
5219 15 5 72
4714 15 5 64
2103 15 5 55
1627 15 5 45
1960 15 5 38
721 15 5 30
2441 15 5 15
3806 15 5 6
1571 15 6 84
3895 15 6 72
4306 15 6 64
1767 15 6 55
1598 15 6 45
763 15 6 38
4825 15 6 29
2418 15 6 20
2533 15 6 11
3256 15 6 3
3703 15 8 83
32 15 8 72
2447 15 8 64
359 15 8 55
981 15 8 45
541 15 8 38
4640 15 8 29
2175 15 8 20
1994 15 8 11
1924 15 8 3
3653 15 12 83
4517 15 12 71
2808 15 12 63
1063 15 12 53
2463 15 12 46
2190 15 12 37
3360 15 12 30
1913 15 12 15
3224 15 12 6
3201 16 8 83
2743 16 8 71
934 16 8 63
5182 16 8 52
523 16 8 44
2478 16 8 36
2317 16 8 28
4183 16 8 21
5388 16 8 12
948 16 8 6
580 16 9 83
5264 16 9 70
1807 16 9 62
5484 16 9 54
3305 16 9 45
1897 16 9 37
2617 16 9 30
3127 16 9 14
2941 16 9 7
5008 16 10 80
349 16 10 72
2055 16 10 64
4274 16 10 54
2293 16 10 45
792 16 10 37
2254 16 10 30
2078 16 10 13
1951 16 10 1
1281 16 12 79
4191 16 12 72
697 16 12 64
4159 16 12 54
3246 16 12 44
2209 16 12 36
2132 16 12 28
4165 16 12 21
3198 16 12 12
3614 16 12 5
2433 16 13 76
4951 16 13 68
152 16 13 57
914 16 13 48
3662 16 13 39
102 16 13 29
5534 16 13 19
4088 16 13 8
2609 16 14 75
4257 16 14 65
1989 16 14 56
1700 16 14 48
3515 16 14 39
2493 16 14 28
3183 16 14 21
2997 16 14 12
2155 16 14 5
346 16 15 75
2071 16 15 65
1591 16 15 56
1677 16 15 48
3425 16 15 39
2272 16 15 28
2635 16 15 21
1932 16 15 12
1201 16 15 5
3058 16 16 74
12 16 16 60
4294 16 16 51
606 16 16 41
3985 16 16 29
4176 16 16 19
2946 16 16 8
1286 16 17 74
5183 16 17 59
1484 16 17 52
5282 16 17 43
3205 16 17 31
2038 16 17 16
2062 16 17 8
4586 16 18 72
4476 16 18 63
3821 16 18 52
2866 16 18 43
3885 16 18 30
4172 16 18 11
1594 16 18 3
1654 16 19 72
3809 16 19 63
2809 16 19 52
1301 16 19 43
2798 16 19 30
1910 16 19 10
3720 17 0 64
3212 17 0 54
2353 17 0 44
1751 17 0 36
1680 17 0 28
996 17 0 21
1622 17 0 12
1004 17 0 5
5171 17 1 96
2972 17 1 90
4798 17 1 82
3526 17 1 76
4869 17 1 68
4726 17 1 56
168 17 1 48
2594 17 1 39
327 17 1 28
961 17 1 21
1347 17 1 12
940 17 1 5
3598 17 2 95
3479 17 2 87
2037 17 2 77
2366 17 2 68
3472 17 2 55
3123 17 2 44
898 17 2 36
1031 17 2 28
413 17 2 21
1331 17 2 12
313 17 2 5
3014 17 3 95
2910 17 3 87
989 17 3 77
4916 17 3 67
171 17 3 60
4266 17 3 51
409 17 3 41
3927 17 3 29
3861 17 3 19
1596 17 3 8
1902 17 4 95
1522 17 4 87
2871 17 4 76
4188 17 4 68
2143 17 4 55
2411 17 4 44
676 17 4 36
155 17 4 28
4079 17 4 20
1481 17 4 11
1518 17 4 3
4620 17 5 94
3984 17 5 86
2329 17 5 80
278 17 5 72
3520 17 5 63
1757 17 5 52
473 17 5 43
1577 17 5 30
2868 17 5 9
1060 17 6 94
2826 17 6 86
1578 17 6 80
5380 17 6 71
1 17 6 63
1606 17 6 52
405 17 6 43
395 17 6 30
653 17 6 9
333 17 8 94
1871 17 8 86
1456 17 8 80
1155 17 8 71
3936 17 8 62
5240 17 8 54
2281 17 8 44
517 17 8 36
5136 17 8 27
412 17 8 21
5012 17 8 11
743 17 8 3
4868 17 9 92
2891 17 9 83
4913 17 9 70
1234 17 9 62
2361 17 9 54
1588 17 9 44
210 17 9 36
4961 17 9 27
5198 17 9 20
5354 17 9 10
4128 17 10 92
1283 17 10 83
4682 17 10 70
5335 17 10 61
5119 17 10 49
27 17 10 39
105 17 10 28
3112 17 10 20
5329 17 10 10
4042 17 12 92
3978 17 12 82
2966 17 12 75
3836 17 12 64
3126 17 12 54
1563 17 12 44
4315 17 12 35
468 17 12 29
1602 17 12 19
4299 17 12 7
3938 17 13 92
1032 17 13 82
2727 17 13 75
3096 17 13 64
2169 17 13 54
5248 17 13 43
1153 17 13 29
1263 17 13 19
4045 17 13 7
3629 17 14 92
4949 17 14 81
4343 17 14 73
2307 17 14 64
1935 17 14 54
1748 17 14 43
408 17 14 29
5236 17 14 18
778 17 14 10
3020 17 15 92
4605 17 15 81
3959 17 15 73
1424 17 15 64
1611 17 15 54
1505 17 15 43
3243 17 15 28
1012 17 15 20
3053 17 15 10
2110 17 16 92
2013 17 16 81
3416 17 16 73
650 17 16 64
928 17 16 54
1208 17 16 43
2299 17 16 28
2415 17 16 19
3567 17 16 7
1574 17 17 92
4281 17 17 80
1106 17 17 71
3364 17 17 62
1792 17 17 54
21 17 17 43
339 17 17 28
974 17 17 19
2718 17 17 7
711 17 18 92
3870 17 18 80
2515 17 18 70
3823 17 18 61
4075 17 18 49
5504 17 18 38
4102 17 18 29
5074 17 18 18
3945 17 18 9
4150 17 19 91
739 17 19 83
1497 17 19 70
3535 17 19 61
3866 17 19 49
3679 17 19 38
3924 17 19 29
3656 17 19 18
2949 17 19 9
3843 18 0 91
398 18 0 83
4002 18 0 68
2066 18 0 55
1985 18 0 43
539 18 0 27
4923 18 0 20
4662 18 0 9
3084 19 0 91
4019 19 0 82
2666 19 0 75
713 19 0 64
911 19 0 54
3999 19 0 42
5007 19 0 35
5475 19 0 28
3041 19 0 18
2291 19 0 9
2789 19 2 91
3907 19 2 82
1984 19 2 75
678 19 2 64
737 19 2 54
1148 19 2 41
3804 19 2 29
2685 19 2 18
1282 19 2 9
2448 19 3 91
3109 19 3 81
3369 19 3 73
142 19 3 64
5456 19 3 53
4634 19 3 45
591 19 3 37
309 19 3 30
3543 19 3 7
1099 19 4 91
3027 19 4 81
651 19 4 73
5261 19 4 63
1521 19 4 52
294 19 4 43
5356 19 4 26
2467 19 4 18
745 19 4 9
888 19 5 91
1876 19 5 81
374 19 5 73
5099 19 5 63
4069 19 5 51
4431 19 5 40
4056 19 5 29
4989 19 5 17
3965 19 5 1
543 19 6 91
5115 19 6 80
2315 19 6 70
1128 19 6 61
3699 19 6 49
3456 19 6 38
3876 19 6 29
4921 19 6 17
3955 19 6 1
4728 19 7 90
4766 19 7 82
1132 19 7 75
305 19 7 64
5037 19 7 53
532 19 7 45
3471 19 7 36
4721 19 7 27
3210 19 7 20
245 19 7 9
3230 19 8 90
4175 19 8 82
1024 19 8 75
4382 19 8 63
3566 19 8 51
3506 19 8 40
3991 19 8 29
3187 19 8 17
479 19 8 8
5207 19 9 89
1198 19 9 81
4510 19 9 72
3422 19 9 63
3179 19 9 51
5361 19 9 39
1999 19 9 27
2674 19 9 20
4887 19 9 8
4570 19 10 89
1151 19 10 81
4368 19 10 72
2521 19 10 63
1085 19 10 51
4813 19 10 39
1553 19 10 27
1126 19 10 20
2060 19 10 8
1789 19 11 89
973 19 11 81
2510 19 11 72
1845 19 11 63
635 19 11 50
3657 19 11 40
2304 19 11 28
1023 19 11 18
131 19 11 9
5540 19 12 88
2022 19 12 81
2241 19 12 72
35 19 12 63
316 19 12 50
2554 19 12 40
1464 19 12 28
760 19 12 18
4466 19 12 8
5435 19 13 88
909 19 13 81
5023 19 13 71
2707 19 13 62
2417 19 13 53
5303 19 13 44
3240 19 13 35
5381 19 13 28
3796 19 13 17
2188 19 13 7
3199 19 14 88
4168 19 14 80
1978 19 14 70
268 19 14 61
4622 19 14 47
3104 19 14 39
4952 19 14 26
2316 19 14 18
4492 19 14 7
1929 19 15 88
2124 19 15 80
1567 19 15 70
4057 19 15 60
2563 19 15 51
4487 19 15 39
4891 19 15 25
2776 19 15 16
2186 19 15 7
4996 19 16 87
2628 19 16 76
2603 19 16 68
4445 19 16 54
5028 19 16 40
941 19 16 28
1642 19 16 17
1961 19 16 7
3033 19 17 87
4122 19 17 75
1943 19 17 63
4688 19 17 49
3036 19 17 38
2643 19 17 29
2612 19 17 17
4909 19 17 6
2573 19 18 86
1366 19 18 80
1095 19 18 70
3904 19 18 60
581 19 18 51
3889 19 18 39
4147 19 18 25
5516 19 18 15
2206 19 18 6
862 19 19 86
772 19 19 80
741 19 19 70
649 19 19 60
3963 19 19 50
1911 19 19 39
912 19 19 25
4142 19 19 15
4004 19 19 5
