2955
5269 0 0 98
5106 0 0 95
4534 0 0 92
4708 0 0 90
4271 0 0 87
3067 0 0 84
4710 0 0 81
2875 0 0 79
3212 0 0 76
2293 0 0 74
1864 0 0 72
490 0 0 69
3887 0 0 66
4945 0 0 63
4845 0 0 61
3011 0 0 59
4309 0 0 56
4607 0 0 53
5232 0 0 50
2702 0 0 47
3538 0 0 45
4712 0 0 42
1220 0 0 39
3469 0 0 36
4746 0 0 34
5074 0 0 31
5391 0 0 28
4822 0 0 26
4590 0 0 23
2377 0 0 21
1913 0 0 19
2253 0 0 16
3999 0 0 13
4422 0 0 9
3609 0 0 6
4289 0 0 4
3517 0 0 1
1616 0 1 98
2705 0 1 95
1878 0 1 91
3645 0 1 89
3622 0 1 85
4568 0 1 83
5437 0 1 79
1543 0 1 75
2559 0 1 72
6 0 1 69
2179 0 1 66
3940 0 1 63
4295 0 1 61
3043 0 1 58
1195 0 1 56
4688 0 1 52
2760 0 1 49
1733 0 1 47
3617 0 1 44
5262 0 1 41
3561 0 1 38
2626 0 1 35
145 0 1 32
3904 0 1 28
2695 0 1 26
1356 0 1 23
5379 0 1 20
5402 0 1 16
4896 0 1 12
1178 0 1 10
4949 0 1 7
2075 0 1 5
3585 0 1 2
5526 0 2 96
5029 0 2 93
3742 0 2 91
5087 0 2 88
1797 0 2 85
1556 0 2 83
5182 0 2 79
4697 0 2 74
4450 0 2 70
3347 0 2 66
2479 0 2 63
3068 0 2 60
2541 0 2 57
4944 0 2 55
4922 0 2 53
1782 0 2 49
2206 0 2 46
4979 0 2 44
1964 0 2 41
1318 0 2 37
4622 0 2 33
4817 0 2 29
4921 0 2 25
4489 0 2 22
3715 0 2 19
1414 0 2 16
4653 0 2 12
610 0 2 9
2191 0 2 6
1916 0 2 3
4849 0 3 96
3142 0 3 92
2849 0 3 89
1771 0 3 85
1510 0 3 83
2939 0 3 79
4226 0 3 74
1755 0 3 70
5239 0 3 65
4389 0 3 62
859 0 3 59
802 0 3 56
3360 0 3 52
1408 0 3 48
4999 0 3 45
3030 0 3 42
188 0 3 39
2398 0 3 35
4303 0 3 31
1299 0 3 28
5064 0 3 25
2135 0 3 22
856 0 3 18
5322 0 3 16
3395 0 3 12
385 0 3 9
4821 0 3 5
19 0 3 2
4755 0 4 96
2809 0 4 92
2704 0 4 89
1024 0 4 85
5238 0 4 82
5476 0 4 79
3638 0 4 74
181 0 4 70
4740 0 4 65
1671 0 4 62
3197 0 4 58
5124 0 4 55
2399 0 4 53
205 0 4 49
551 0 4 46
1570 0 4 43
1362 0 4 40
4125 0 4 37
4837 0 4 32
2694 0 4 28
3795 0 4 24
4365 0 4 22
479 0 4 18
4777 0 4 15
4466 0 4 12
1752 0 4 8
3298 0 4 6
240 0 4 2
4123 0 5 96
1526 0 5 92
3889 0 5 88
4410 0 5 84
5236 0 5 80
789 0 5 77
213 0 5 74
5013 0 5 69
4782 0 5 65
1157 0 5 62
2994 0 5 58
3956 0 5 55
414 0 5 52
4867 0 5 47
3299 0 5 44
4423 0 5 40
5384 0 5 36
515 0 5 34
3168 0 5 31
2294 0 5 27
4899 0 5 23
4081 0 5 20
5027 0 5 16
1479 0 5 12
1324 0 5 8
5003 0 5 4
2879 0 5 1
3961 0 6 96
2507 0 6 91
4335 0 6 88
2406 0 6 84
5199 0 6 80
505 0 6 77
5500 0 6 73
4381 0 6 70
2025 0 6 65
4278 0 6 61
2052 0 6 58
2519 0 6 55
5316 0 6 51
5010 0 6 48
3252 0 6 44
4161 0 6 40
4511 0 6 36
4019 0 6 31
1432 0 6 27
2812 0 6 23
1036 0 6 20
4833 0 6 16
5210 0 6 11
4936 0 6 8
2015 0 6 4
1776 0 7 96
4990 0 7 90
1760 0 7 87
2628 0 7 84
3556 0 7 80
77 0 7 77
4994 0 7 72
5529 0 7 68
3156 0 7 65
4185 0 7 61
200 0 7 58
4703 0 7 54
1444 0 7 51
4769 0 7 48
3070 0 7 44
2746 0 7 40
3445 0 7 36
3639 0 7 31
5237 0 7 26
3526 0 7 22
2933 0 7 17
481 0 7 15
4257 0 7 12
655 0 7 8
1005 0 7 4
341 0 8 96
4577 0 8 90
5276 0 8 86
2548 0 8 84
4870 0 8 79
3026 0 8 74
4362 0 8 69
732 0 8 65
3674 0 8 61
4886 0 8 57
3994 0 8 53
4408 0 8 48
2416 0 8 44
791 0 8 40
2494 0 8 36
2822 0 8 31
1370 0 8 26
2228 0 8 22
4169 0 8 16
4950 0 8 11
3224 0 8 7
2683 0 8 4
4330 0 9 95
3237 0 9 90
4515 0 9 86
927 0 9 83
1741 0 9 79
2104 0 9 74
4160 0 9 69
4030 0 9 64
4570 0 9 61
3619 0 9 57
5432 0 9 52
3927 0 9 47
658 0 9 44
5443 0 9 39
4348 0 9 34
1887 0 9 31
1289 0 9 26
3592 0 9 21
919 0 9 19
3061 0 9 15
4339 0 9 11
3271 0 9 6
5175 0 9 1
2715 0 10 95
1715 0 10 90
2043 0 10 86
3165 0 10 82
5037 0 10 79
1298 0 10 74
2283 0 10 69
3702 0 10 64
1907 0 10 61
860 0 10 57
4701 0 10 52
819 0 10 47
4711 0 10 43
1354 0 10 40
1706 0 10 36
2151 0 10 31
1140 0 10 26
3162 0 10 21
1700 0 10 18
4674 0 10 15
3177 0 10 11
2514 0 10 6
1055 0 10 1
2478 0 11 95
1547 0 11 90
1301 0 11 86
3016 0 11 82
2094 0 11 79
554 0 11 74
3117 0 11 68
5527 0 11 64
369 0 11 61
5214 0 11 56
2839 0 11 52
475 0 11 47
4000 0 11 43
5171 0 11 39
3871 0 11 34
1826 0 11 31
400 0 11 26
2589 0 11 21
3393 0 11 17
2720 0 11 14
846 0 11 12
5380 0 11 7
2706 0 11 3
1525 0 12 95
5395 0 12 89
56 0 12 85
3932 0 12 82
3654 0 12 78
2887 0 12 74
2018 0 12 68
867 0 12 64
4479 0 12 60
5307 0 12 56
1053 0 12 52
295 0 12 47
4723 0 12 42
3748 0 12 37
4805 0 12 32
1417 0 12 28
1019 0 12 24
4299 0 12 21
2892 0 12 17
1699 0 12 13
1304 0 12 9
466 0 12 5
4924 0 12 1
473 0 13 95
4934 0 13 89
2643 0 13 84
3838 0 13 79
4682 0 13 73
1825 0 13 69
3173 0 13 64
5152 0 13 59
4523 0 13 55
2807 0 13 51
5554 0 13 47
2688 0 13 42
3694 0 13 37
529 0 13 32
4304 0 13 27
1944 0 13 23
5546 0 13 19
2722 0 13 15
2881 0 13 11
1277 0 13 6
15 0 13 1
3782 0 14 94
2938 0 14 91
4359 0 14 87
3245 0 14 83
228 0 14 79
5534 0 14 72
2493 0 14 68
1623 0 14 63
2947 0 14 60
970 0 14 56
725 0 14 52
4261 0 14 46
821 0 14 43
4969 0 14 39
3657 0 14 34
4162 0 14 30
132 0 14 28
985 0 14 24
3079 0 14 21
2558 0 14 17
5374 0 14 12
3529 0 14 7
4848 0 14 2
2435 0 15 94
2516 0 15 91
4142 0 15 87
5143 0 15 82
448 0 15 78
1129 0 15 74
1424 0 15 68
1554 0 15 63
4761 0 15 59
4432 0 15 55
1899 0 15 51
3779 0 15 47
1795 0 15 42
2490 0 15 37
499 0 15 32
4188 0 15 27
4655 0 15 22
3159 0 15 16
567 0 15 11
805 0 15 6
4839 0 15 1
2178 0 16 94
102 0 16 91
2438 0 16 87
4058 0 16 82
5069 0 16 77
3466 0 16 72
1808 0 16 67
5394 0 16 64
1847 0 16 59
1333 0 16 55
4532 0 16 50
740 0 16 47
170 0 16 42
1018 0 16 37
5341 0 16 31
103 0 16 26
2391 0 16 21
560 0 16 17
3512 0 16 12
2460 0 16 7
1608 0 16 2
748 0 17 94
449 0 17 90
898 0 17 86
4049 0 17 81
1250 0 17 79
5299 0 17 72
1100 0 17 67
3488 0 17 64
1121 0 17 59
5250 0 17 54
5403 0 17 50
3951 0 17 46
3704 0 17 41
426 0 17 37
4286 0 17 31
5186 0 17 25
2990 0 17 21
5566 0 17 16
681 0 17 10
3243 0 17 7
4807 0 17 1
546 0 18 94
185 0 18 90
90 0 18 86
1772 0 18 81
5112 0 18 78
3148 0 18 73
3832 0 18 67
1537 0 18 64
1060 0 18 59
3912 0 18 54
868 0 18 50
3634 0 18 46
3291 0 18 41
5172 0 18 36
3979 0 18 30
4948 0 18 27
4099 0 18 22
2388 0 18 16
5249 0 18 9
4815 0 18 3
4706 0 19 93
4280 0 19 89
1361 0 19 84
577 0 19 79
4799 0 19 72
3750 0 19 66
3532 0 19 62
2315 0 19 58
3725 0 19 54
2257 0 19 49
4810 0 19 45
2433 0 19 42
1437 0 19 36
3726 0 19 30
3033 0 19 27
3942 0 19 22
945 0 19 16
4395 0 19 9
2888 0 19 3
2379 2 0 93
1801 2 0 89
322 2 0 84
4686 2 0 78
2468 2 0 72
3588 2 0 66
3102 2 0 62
2718 2 0 57
4310 2 0 52
3861 2 0 46
2698 2 0 41
5137 2 0 36
3128 2 0 30
1296 2 0 27
3843 2 0 22
563 2 0 16
3699 2 0 9
287 2 0 3
2243 2 1 93
301 2 1 89
2360 2 1 83
3407 2 1 78
871 2 1 72
2779 2 1 66
1672 2 1 62
3835 2 1 56
1895 2 1 51
3670 2 1 47
115 2 1 42
1130 2 1 36
2373 2 1 30
3495 2 1 26
848 2 1 21
5204 2 1 16
3357 2 1 9
4093 2 1 2
1862 2 2 93
3507 2 2 88
495 2 2 84
3376 2 2 78
5115 2 2 71
5448 2 2 68
586 2 2 63
2008 2 2 59
3906 2 2 54
1709 2 2 49
1385 2 2 45
4709 2 2 41
4914 2 2 36
1676 2 2 30
3460 2 2 26
4956 2 2 20
4333 2 2 16
2566 2 2 9
3668 2 2 2
1395 2 3 93
3453 2 3 88
420 2 3 84
2564 2 3 78
4588 2 3 71
3758 2 3 68
3522 2 3 62
3287 2 3 56
1880 2 3 51
2403 2 3 47
5519 2 3 41
4367 2 3 36
1261 2 3 30
5176 2 3 25
1721 2 3 21
4098 2 3 16
1551 2 3 9
2693 2 3 2
2712 2 4 92
3441 2 4 88
3896 2 4 83
2525 2 4 78
3363 2 4 71
3656 2 4 68
1416 2 4 62
2314 2 4 56
168 2 4 51
4780 2 4 46
1402 2 4 41
3664 2 4 36
1078 2 4 30
3598 2 4 25
1662 2 4 21
2754 2 4 16
1312 2 4 9
144 2 4 2
2393 2 5 92
2959 2 5 88
3764 2 5 83
2127 2 5 78
2423 2 5 71
1981 2 5 68
1208 2 5 62
2290 2 5 56
5254 2 5 49
439 2 5 45
1770 2 5 41
952 2 5 36
4879 2 5 29
4873 2 5 25
5086 2 5 20
1640 2 5 16
220 2 5 9
4521 2 5 1
1141 2 7 92
372 2 7 88
3232 2 7 83
2091 2 7 78
1492 2 7 71
4960 2 7 67
111 2 7 64
4823 2 7 58
47 2 7 54
437 2 7 49
4623 2 7 44
4671 2 7 39
3472 2 7 34
3408 2 7 30
1194 2 7 25
3701 2 7 20
926 2 7 16
4764 2 7 8
3855 2 7 3
765 2 8 92
5149 2 8 87
3848 2 8 82
4625 2 8 77
3200 2 8 72
2624 2 8 66
995 2 8 62
4150 2 8 55
4168 2 8 50
2138 2 8 45
1152 2 8 41
717 2 8 36
3770 2 8 29
4192 2 8 25
5473 2 8 19
1690 2 8 15
3304 2 8 10
2803 2 8 7
4476 2 8 1
4406 2 9 91
782 2 9 87
3841 2 9 82
1886 2 9 77
2846 2 9 72
1026 2 9 66
5453 2 9 61
4915 2 9 56
2347 2 9 49
4285 2 9 44
2861 2 9 39
2169 2 9 34
2857 2 9 30
606 2 9 25
3359 2 9 19
1142 2 9 15
2268 2 9 10
2277 2 9 7
3939 2 9 1
2065 2 10 91
5405 2 10 86
1739 2 10 80
4250 2 10 76
1945 2 10 73
3004 2 10 67
5018 2 10 63
1702 2 10 59
1225 2 10 54
234 2 10 49
4072 2 10 44
2120 2 10 39
5445 2 10 33
2410 2 10 29
2533 2 10 25
2653 2 10 19
4400 2 10 14
5093 2 10 10
2195 2 10 6
3143 2 10 1
4388 2 11 90
4820 2 11 85
3808 2 11 82
5292 2 11 76
591 2 11 73
2813 2 11 67
4086 2 11 63
1701 2 11 59
5387 2 11 53
1834 2 11 48
5450 2 11 43
4566 2 11 39
4929 2 11 33
5479 2 11 28
2568 2 11 23
987 2 11 19
3612 2 11 14
4341 2 11 10
5348 2 11 5
1480 2 11 1
3760 2 12 90
4737 2 12 85
1306 2 12 82
3899 2 12 76
5128 2 12 72
428 2 12 66
4524 2 12 61
3888 2 12 56
2217 2 12 49
1881 2 12 44
4964 2 12 38
969 2 12 34
1998 2 12 29
2443 2 12 25
1284 2 12 19
4555 2 12 13
527 2 12 9
4220 2 12 1
3716 2 13 90
2776 2 13 85
4387 2 13 80
1144 2 13 76
1448 2 13 72
5438 2 13 65
2804 2 13 61
3418 2 13 56
4237 2 13 48
4766 2 13 43
3275 2 13 39
1977 2 13 33
4391 2 13 28
1931 2 13 23
5327 2 13 18
2877 2 13 15
1322 2 13 10
4644 2 13 5
857 2 13 1
2689 2 15 90
5313 2 15 84
309 2 15 78
350 2 15 71
1851 2 15 67
2623 2 15 63
1226 2 15 59
4729 2 15 53
5559 2 15 47
3826 2 15 41
447 2 15 36
641 2 15 29
1186 2 15 25
4291 2 15 18
3572 2 15 14
1500 2 15 10
2272 2 15 5
221 2 15 1
1440 2 16 90
4931 2 16 83
733 2 16 78
2079 2 16 70
5544 2 16 64
4550 2 16 58
5261 2 16 53
5127 2 16 47
2934 2 16 41
429 2 16 36
2647 2 16 28
783 2 16 23
5023 2 16 18
3320 2 16 14
4887 2 16 9
4006 2 16 1
5515 2 17 89
4525 2 17 82
3131 2 17 76
3886 2 17 70
5021 2 17 64
3667 2 17 58
5209 2 17 53
4352 2 17 47
1332 2 17 41
5421 2 17 35
2598 2 17 31
5085 2 17 25
2117 2 17 18
2942 2 17 14
4834 2 17 9
1835 2 17 1
5120 2 18 89
3766 2 18 82
2767 2 18 76
2886 2 18 70
1993 2 18 64
3650 2 18 58
4581 2 18 53
3984 2 18 47
4255 2 18 40
4143 2 18 35
1573 2 18 31
2988 2 18 25
618 2 18 18
371 2 18 14
3491 2 18 9
2993 2 18 3
4284 2 19 89
2792 2 19 82
598 2 19 76
264 2 19 70
1496 2 19 64
2818 2 19 58
4402 2 19 53
617 2 19 47
3345 2 19 40
3326 2 19 35
5516 2 19 30
4052 2 19 24
2749 2 19 21
2913 2 19 15
1580 2 19 9
1396 2 19 3
3905 3 0 89
2021 3 0 82
4877 3 0 75
1399 3 0 72
3185 3 0 65
1182 3 0 61
2821 3 0 56
1882 3 0 48
2740 3 0 43
772 3 0 39
680 3 0 33
626 3 0 28
2020 3 0 22
9 3 0 16
4175 3 0 8
506 3 0 3
1001 3 1 89
1791 3 1 82
2090 3 1 75
4542 3 1 71
4687 3 1 66
2078 3 1 61
1576 3 1 56
1708 3 1 48
2176 3 1 43
703 3 1 39
338 3 1 33
521 3 1 28
5375 3 1 21
2901 3 1 15
1257 3 1 9
5052 3 1 2
4881 3 2 88
2733 3 2 83
164 3 2 78
1971 3 2 70
5498 3 2 63
189 3 2 59
4184 3 2 53
538 3 2 47
2971 3 2 40
2430 3 2 35
4357 3 2 30
3017 3 2 24
1730 3 2 21
1759 3 2 15
4910 3 2 8
3081 3 2 2
1351 3 3 87
3094 3 3 82
1634 3 3 75
2487 3 3 71
2364 3 3 66
1363 3 3 61
1501 3 3 56
774 3 3 48
365 3 3 43
4245 3 3 38
1151 3 3 33
5553 3 3 27
3290 3 3 22
4038 3 3 15
2160 3 3 8
558 3 3 2
3624 3 4 86
1729 3 4 80
4893 3 4 75
2448 3 4 71
5308 3 4 65
5280 3 4 60
3990 3 4 55
3485 3 4 50
737 3 4 45
4482 3 4 40
1562 3 4 35
3174 3 4 30
1133 3 4 24
4928 3 4 20
1807 3 4 15
2026 3 4 8
425 3 4 2
4364 3 5 85
4023 3 5 80
2119 3 5 75
5309 3 5 70
5266 3 5 63
5504 3 5 58
3514 3 5 53
4850 3 5 46
929 3 5 40
1516 3 5 35
2908 3 5 30
4462 3 5 23
5006 3 5 18
3153 3 5 13
4803 3 5 8
5569 3 5 1
1269 3 7 84
4705 3 7 77
1876 3 7 72
2532 3 7 65
4334 3 7 60
3390 3 7 55
489 3 7 50
273 3 7 45
3816 3 7 40
643 3 7 35
2783 3 7 30
1214 3 7 23
4200 3 7 18
2275 3 7 13
4121 3 7 8
4628 3 7 1
4417 3 8 82
1626 3 8 75
3294 3 8 70
4959 3 8 63
4028 3 8 58
1227 3 8 53
3536 3 8 46
196 3 8 40
531 3 8 35
4513 3 8 29
5407 3 8 24
4876 3 8 20
465 3 8 15
4633 3 8 7
2763 3 8 1
3454 3 9 82
1041 3 9 75
1819 3 9 70
3802 3 9 63
3325 3 9 58
243 3 9 53
3523 3 9 46
4859 3 9 39
5099 3 9 32
3563 3 9 27
1447 3 9 22
3806 3 9 15
3049 3 9 7
2130 3 9 1
2183 3 10 81
4268 3 10 77
72 3 10 72
4025 3 10 64
2022 3 10 58
4768 3 10 52
3048 3 10 46
741 3 10 39
5066 3 10 32
3002 3 10 27
4274 3 10 21
1313 3 10 15
1505 3 10 7
23 3 10 1
562 3 11 80
4984 3 11 74
1032 3 11 68
3700 3 11 61
472 3 11 56
526 3 11 48
4485 3 11 42
347 3 11 36
2254 3 11 28
4210 3 11 21
749 3 11 15
5295 3 11 6
5494 3 12 77
5015 3 12 71
5193 3 12 65
1394 3 12 60
2751 3 12 55
323 3 12 50
5439 3 12 44
4194 3 12 38
1068 3 12 33
5263 3 12 27
4146 3 12 21
4916 3 12 14
2547 3 12 9
4191 3 12 1
3621 3 13 77
3897 3 13 71
2527 3 13 65
418 3 13 60
5369 3 13 54
4748 3 13 48
4375 3 13 42
8 3 13 36
1200 3 13 28
1294 3 13 21
4520 3 13 14
97 3 13 9
2538 3 13 1
1905 3 15 76
224 3 15 70
3388 3 15 63
4545 3 15 57
3854 3 15 52
776 3 15 46
4860 3 15 38
5430 3 15 32
2581 3 15 27
2714 3 15 21
3711 3 15 14
5411 3 15 8
2344 3 15 1
4551 3 16 97
3988 3 16 95
3190 3 16 89
4830 3 16 81
1390 3 16 76
4997 3 16 69
319 3 16 64
2016 3 16 58
4173 3 16 52
3714 3 16 45
3680 3 16 40
4908 3 16 34
1541 3 16 29
4412 3 16 24
5525 3 16 19
3450 3 16 13
3690 3 16 7
3266 3 17 96
2030 3 17 90
4553 3 17 83
1317 3 17 77
3379 3 17 71
1339 3 17 65
4533 3 17 59
3333 3 17 53
2099 3 17 46
3565 3 17 38
5378 3 17 32
1939 3 17 27
1493 3 17 21
823 3 17 14
1996 3 17 8
2137 3 17 1
1852 3 18 96
1353 3 18 90
3724 3 18 83
70 3 18 77
3133 3 18 71
838 3 18 65
3914 3 18 59
1742 3 18 53
1503 3 18 46
3204 3 18 38
3706 3 18 32
1588 3 18 27
4558 3 18 20
152 3 18 15
2677 3 18 6
1665 3 19 96
2481 3 19 89
3468 3 19 81
4970 3 19 75
4262 3 19 69
5332 3 19 63
3625 3 19 57
3364 3 19 52
3009 3 19 45
2280 3 19 40
3066 3 19 34
1092 3 19 29
4397 3 19 24
5298 3 19 19
2535 3 19 13
3273 3 19 7
2986 4 5 95
2573 4 5 89
2817 4 5 81
3771 4 5 75
3322 4 5 69
3535 4 5 63
3121 4 5 57
3343 4 5 52
1376 4 5 45
2102 4 5 40
2885 4 5 34
1063 4 5 29
5288 4 5 23
4151 4 5 18
1644 4 5 13
3019 4 5 7
2963 4 7 95
2082 4 7 89
2729 4 7 81
3387 4 7 75
5486 4 7 68
3223 4 7 61
307 4 7 56
348 4 7 48
2692 4 7 42
4363 4 7 35
3948 4 7 29
4980 4 7 23
2112 4 7 18
1288 4 7 13
3005 4 7 7
2923 4 13 95
32 4 13 89
2466 4 13 81
2587 4 13 75
5325 4 13 68
5491 4 13 60
4451 4 13 54
4693 4 13 48
1527 4 13 42
4042 4 13 35
3489 4 13 29
2216 4 13 23
1922 4 13 18
4972 4 13 12
261 4 13 7
4987 4 15 94
141 4 15 90
1858 4 15 83
3944 4 15 76
4317 4 15 69
2865 4 15 63
1611 4 15 57
1867 4 15 52
5565 4 15 44
2476 4 15 38
3235 4 15 32
4266 4 15 26
4325 4 15 20
4172 4 15 14
1643 4 15 8
2001 4 15 1
2869 5 0 94
936 5 0 89
2422 5 0 81
1548 5 0 75
4798 5 0 68
5041 5 0 59
812 5 0 53
380 5 0 46
3110 5 0 38
5105 5 0 31
2158 5 0 25
4919 5 0 17
5397 5 0 11
357 5 0 6
2168 5 1 94
3756 5 1 88
2247 5 1 83
3414 5 1 76
1454 5 1 69
1378 5 1 63
5173 5 1 56
3505 5 1 47
2480 5 1 40
1517 5 1 34
242 5 1 29
5259 5 1 22
3729 5 1 15
2221 5 1 6
1494 5 2 94
1726 5 2 88
5463 5 2 82
5017 5 2 74
208 5 2 68
4444 5 2 59
3473 5 2 52
5221 5 2 44
584 5 2 38
3908 5 2 31
5528 5 2 24
4338 5 2 19
1936 5 2 13
2856 5 2 7
659 5 3 94
4507 5 3 87
2781 5 3 82
3116 5 3 74
3898 5 3 67
2614 5 3 63
4229 5 3 56
3282 5 3 47
5517 5 3 39
4580 5 3 32
2498 5 3 26
4084 5 3 20
3265 5 3 14
1345 5 3 8
1987 5 3 1
321 5 5 94
266 5 5 87
2540 5 5 82
2128 5 5 74
1174 5 5 67
4724 5 5 62
3809 5 5 55
39 5 5 50
5189 5 5 44
31 5 5 38
3852 5 5 31
2731 5 5 24
2769 5 5 19
1828 5 5 13
1461 5 5 7
298 5 7 94
5458 5 7 86
5360 5 7 79
4384 5 7 72
2201 5 7 64
1811 5 7 58
2762 5 7 52
4065 5 7 44
4358 5 7 37
1491 5 7 31
2552 5 7 24
2590 5 7 19
3687 5 7 12
3583 5 7 6
5511 5 9 93
4312 5 9 87
2166 5 9 82
5454 5 9 73
1763 5 9 67
1502 5 9 62
2962 5 9 55
3812 5 9 49
767 5 9 44
4329 5 9 37
1427 5 9 31
1750 5 9 24
3642 5 9 18
4620 5 9 12
2586 5 9 6
4216 5 10 93
966 5 10 87
1976 5 10 82
4647 5 10 73
5540 5 10 66
759 5 10 61
2118 5 10 55
2483 5 10 49
5418 5 10 43
4034 5 10 38
3679 5 10 31
992 5 10 24
3057 5 10 18
4204 5 10 12
1215 5 10 6
3722 5 11 93
5058 5 11 86
4733 5 11 79
4156 5 11 72
1326 5 11 64
1485 5 11 58
2190 5 11 52
2983 5 11 44
4214 5 11 37
211 5 11 31
136 5 11 24
2604 5 11 18
915 5 11 12
5524 5 11 5
2040 5 13 93
4517 5 13 86
2372 5 13 79
3659 5 13 72
1099 5 13 64
5340 5 13 57
4795 5 13 51
4470 5 13 46
714 5 13 38
1995 5 13 31
4469 5 13 23
2909 5 13 17
5073 5 13 11
4741 5 13 5
708 5 15 93
4308 5 15 86
754 5 15 79
3244 5 15 72
121 5 15 64
5318 5 15 57
4222 5 15 51
4040 5 15 46
3822 5 15 37
4614 5 15 30
5505 5 15 22
3134 5 15 15
458 5 15 6
644 5 17 93
1482 5 17 86
5302 5 17 78
1724 5 17 70
977 5 17 63
3794 5 17 56
2461 5 17 47
4530 5 17 39
4392 5 17 32
1589 5 17 26
3671 5 17 20
2063 5 17 14
935 5 17 8
1139 5 17 1
556 5 18 93
1300 5 18 86
4508 5 18 78
1224 5 18 70
4324 5 18 62
2949 5 18 55
5350 5 18 48
464 5 18 42
3773 5 18 35
3251 5 18 29
5133 5 18 22
2193 5 18 15
5026 5 18 5
2826 5 19 92
597 5 19 87
3987 5 19 81
3202 5 19 74
3778 5 19 66
5188 5 19 60
3840 5 19 54
3573 5 19 48
5552 5 19 41
1792 5 19 35
3000 5 19 29
3688 5 19 22
1794 5 19 15
4640 5 19 5
1197 6 0 92
3618 6 0 86
4246 6 0 78
1147 6 0 70
3470 6 0 62
1799 6 0 55
4572 6 0 48
4424 6 0 40
1380 6 0 34
5510 6 0 28
967 6 0 21
673 6 0 14
5404 6 0 7
4903 6 1 91
3486 6 1 86
3109 6 1 78
1045 6 1 70
3458 6 1 62
5349 6 1 54
3352 6 1 48
3013 6 1 40
1184 6 1 34
4305 6 1 28
4898 6 1 20
1059 6 1 14
4314 6 1 7
4809 6 2 91
3127 6 2 86
3014 6 2 78
4587 6 2 69
4265 6 2 62
3673 6 2 54
2742 6 2 48
2415 6 2 40
1049 6 2 34
4249 6 2 28
4639 6 2 20
2425 6 2 13
1031 6 2 7
3767 6 3 91
1802 6 3 86
2164 6 3 78
4008 6 3 69
3845 6 3 62
2701 6 3 54
2132 6 3 48
2261 6 3 40
5035 6 3 33
5016 6 3 27
2110 6 3 20
363 6 3 13
203 6 3 7
1474 6 5 91
1498 6 5 86
587 6 5 78
2357 6 5 69
895 6 5 62
2411 6 5 54
147 6 5 48
2192 6 5 40
3972 6 5 33
4195 6 5 27
1664 6 5 20
3636 6 5 12
3947 6 5 5
5522 6 7 90
1218 6 7 83
2832 6 7 76
1109 6 7 69
343 6 7 62
2033 6 7 54
4965 6 7 47
2455 6 7 39
4141 6 7 32
5114 6 7 25
4331 6 7 17
3417 6 7 11
4447 6 7 5
5310 6 9 90
911 6 9 83
2669 6 9 76
581 6 9 69
3438 6 9 61
4871 6 9 54
4747 6 9 47
1820 6 9 39
2848 6 9 32
4259 6 9 25
3496 6 9 17
3211 6 9 11
4070 6 9 5
4829 6 15 90
4527 6 15 82
4619 6 15 73
4573 6 15 66
5000 6 15 60
3280 6 15 54
4512 6 15 47
312 6 15 39
2136 6 15 32
3991 6 15 25
3378 6 15 17
1555 6 15 11
3382 6 15 5
4014 6 17 90
2748 6 17 82
3865 6 17 73
3853 6 17 66
4753 6 17 60
3018 6 17 54
4441 6 17 47
5285 6 17 38
1743 6 17 31
3995 6 17 23
1711 6 17 17
5377 6 17 10
1793 6 17 5
3737 6 18 90
2271 6 18 82
3389 6 18 73
3564 6 18 66
4732 6 18 60
3890 6 18 53
12 6 18 46
1291 6 18 37
4471 6 18 30
4361 6 18 22
4135 6 18 14
3978 6 18 7
572 6 19 90
1969 6 19 82
5396 6 19 72
5338 6 19 63
3248 6 19 56
1845 6 19 47
3537 6 19 38
3949 6 19 30
4031 6 19 22
3878 6 19 14
3090 6 19 7
438 7 3 90
5070 7 3 81
2508 7 3 74
3198 7 3 66
3487 7 3 60
3207 7 3 53
4208 7 3 45
4258 7 3 39
1006 7 3 32
1357 7 3 25
3093 7 3 17
5123 7 3 10
750 7 3 5
283 7 5 90
4171 7 5 81
2341 7 5 74
2970 7 5 66
5139 7 5 59
1102 7 5 52
2497 7 5 44
3960 7 5 37
3400 7 5 30
3297 7 5 22
2248 7 5 14
2096 7 5 7
5480 7 7 89
1449 7 7 81
627 7 7 74
2369 7 7 66
5549 7 7 58
1331 7 7 52
1603 7 7 44
2528 7 7 37
1073 7 7 30
2772 7 7 22
1553 7 7 14
1418 7 7 7
5457 7 9 89
1084 7 9 81
65 7 9 74
1244 7 9 66
4902 7 9 58
5267 7 9 51
2278 7 9 46
306 7 9 37
721 7 9 30
5007 7 9 21
5160 7 9 13
4224 7 9 6
4404 7 10 89
512 7 10 81
4743 7 10 73
3344 7 10 66
4297 7 10 58
3952 7 10 51
645 7 10 46
153 7 10 37
4787 7 10 29
2828 7 10 22
355 7 10 14
1138 7 10 7
4045 7 11 89
3210 7 11 80
3258 7 11 74
1192 7 11 66
1723 7 11 58
3125 7 11 51
5344 7 11 45
3755 7 11 39
806 7 11 32
3281 7 11 24
2340 7 11 18
875 7 11 12
3412 7 11 5
3528 7 12 89
3021 7 12 80
1463 7 12 74
938 7 12 66
862 7 12 58
2520 7 12 51
4608 7 12 45
3302 7 12 39
4145 7 12 31
3225 7 12 23
813 7 12 17
3157 7 12 10
5352 7 12 4
2310 7 13 89
2392 7 13 80
1272 7 13 74
670 7 13 66
172 7 13 58
975 7 13 51
4035 7 13 45
2518 7 13 39
2089 7 13 31
1784 7 13 23
5317 7 13 16
2154 7 13 8
820 7 13 1
3365 7 15 88
5125 7 15 82
3983 7 15 72
1883 7 15 63
965 7 15 56
855 7 15 47
1854 7 15 38
3739 7 15 30
4526 7 15 21
4029 7 15 13
3206 7 15 6
2829 7 17 88
4374 7 17 82
3478 7 17 72
1490 7 17 63
249 7 17 56
557 7 17 47
1025 7 17 37
3747 7 17 29
1484 7 17 22
223 7 17 14
5190 7 17 6
4453 8 0 87
674 8 0 81
3975 8 0 73
2663 8 0 66
45 8 0 58
746 8 0 51
3607 8 0 45
2322 8 0 39
1823 8 0 31
1316 8 0 23
2761 8 0 16
1898 8 0 8
555 8 0 1
4189 8 1 86
4021 8 1 77
2578 8 1 71
4541 8 1 64
5256 8 1 56
397 8 1 47
29 8 1 36
984 8 1 28
3305 8 1 20
3449 8 1 12
3024 8 1 5
3108 8 3 86
2359 8 3 77
2484 8 3 71
3934 8 3 64
4241 8 3 56
195 8 3 47
4529 8 3 35
2785 8 3 29
4165 8 3 21
3098 8 3 13
2620 8 3 6
2723 8 5 86
724 8 5 77
4351 8 5 70
1465 8 5 62
628 8 5 54
1698 8 5 47
2019 8 5 35
2115 8 5 29
3963 8 5 21
1933 8 5 13
1911 8 5 6
3860 8 7 85
3741 8 7 80
1110 8 7 74
5464 8 7 65
3328 8 7 59
91 8 7 52
368 8 7 44
1328 8 7 37
3623 8 7 29
3837 8 7 21
4228 8 7 12
951 8 7 5
3346 8 9 85
2659 8 9 80
1014 8 9 74
5203 8 9 65
1928 8 9 59
4716 8 9 51
2964 8 9 45
2095 8 9 39
4497 8 9 30
4500 8 9 21
2380 8 9 12
883 8 9 5
2965 8 13 85
672 8 13 80
378 8 13 74
3527 8 13 65
790 8 13 59
2404 8 13 51
2907 8 13 45
3933 8 13 38
3457 8 13 30
2996 8 13 21
1202 8 13 12
864 8 13 5
1903 8 15 85
3230 8 15 79
2220 8 15 72
381 8 15 63
3610 8 15 55
1610 8 15 48
2071 8 15 40
1409 8 15 33
3501 8 15 27
2999 8 15 19
713 8 15 12
310 8 15 5
677 8 17 85
2031 8 17 79
2219 8 17 72
4356 8 17 62
444 8 17 54
1436 8 17 47
1912 8 17 35
373 8 17 29
3433 8 17 21
275 8 17 12
4968 8 17 4
35 8 19 85
1669 8 19 79
482 8 19 72
3092 8 19 62
1900 8 19 53
2560 8 19 45
3348 8 19 38
2685 8 19 30
2087 8 19 21
272 8 19 12
4883 8 19 4
452 9 0 83
2002 9 0 76
109 9 0 69
2582 9 0 61
1925 9 0 54
4986 9 0 46
4318 9 0 36
1167 9 0 27
2816 9 0 19
486 9 0 12
2488 9 0 4
2159 9 1 82
2980 9 1 72
1567 9 1 61
3996 9 1 53
601 9 1 45
2868 9 1 38
2603 9 1 30
565 9 1 21
198 9 1 12
874 9 1 4
2946 9 3 81
2006 9 3 73
1070 9 3 66
4454 9 3 57
3712 9 3 51
2811 9 3 45
664 9 3 38
1941 9 3 30
4252 9 3 20
2390 9 3 12
809 9 3 4
4906 9 5 79
269 9 5 72
1387 9 5 61
535 9 5 53
71 9 5 45
5177 9 5 37
3550 9 5 29
3138 9 5 21
4663 9 5 11
2984 9 5 5
4578 9 7 79
131 9 7 72
3533 9 7 60
1083 9 7 53
3335 9 7 44
325 9 7 37
3295 9 7 29
1719 9 7 21
3428 9 7 11
2759 9 7 5
689 9 9 79
4320 9 9 71
3422 9 9 64
2337 9 9 56
101 9 9 47
2029 9 9 34
3900 9 9 28
2202 9 9 20
2048 9 9 12
3192 9 9 3
990 9 11 77
2601 9 11 70
1314 9 11 62
1404 9 11 53
2473 9 11 44
43 9 11 37
2915 9 11 29
4983 9 11 20
1926 9 11 12
1950 9 11 3
366 9 12 76
3787 9 12 68
4215 9 12 59
616 9 12 51
2645 9 12 45
4996 9 12 37
1685 9 12 29
4738 9 12 20
1477 9 12 12
593 9 12 3
5444 9 13 66
3103 9 13 57
2258 9 13 51
1286 9 13 45
4437 9 13 37
534 9 13 29
3119 9 13 20
1464 9 13 12
3910 9 13 2
5111 9 15 65
5410 9 15 58
4699 9 15 50
3746 9 15 44
5532 9 15 36
667 9 15 27
2515 9 15 19
82 9 15 12
3909 9 15 2
4751 9 17 61
2734 9 17 52
4874 9 17 43
2225 9 17 38
1918 9 17 30
3652 9 17 20
257 9 17 12
3692 9 17 2
1980 9 19 43
1450 9 19 38
1590 9 19 30
1023 9 19 20
218 9 19 12
2342 9 19 2
5452 10 7 96
1923 10 7 89
2109 10 7 80
3831 10 7 73
956 10 7 66
2116 10 7 57
1632 10 7 51
469 10 7 45
3277 10 7 37
5328 10 7 28
1873 10 7 20
1531 10 7 11
2697 10 7 5
4892 10 9 96
1806 10 9 89
1959 10 9 80
3763 10 9 73
18 10 9 66
1924 10 9 57
445 10 9 51
194 10 9 45
2469 10 9 37
4107 10 9 28
1372 10 9 20
41 10 9 11
1468 10 9 5
4069 10 11 96
1785 10 11 89
388 10 11 80
3594 10 11 73
4629 10 11 65
3751 10 11 58
3176 10 11 50
3640 10 11 44
3962 10 11 36
390 10 11 27
2185 10 11 19
4457 10 11 11
117 10 11 5
1411 10 12 96
5499 10 12 88
3289 10 12 82
2864 10 12 72
2265 10 12 59
38 10 12 51
5161 10 12 44
3713 10 12 36
3920 10 12 26
3666 10 12 20
5441 10 12 10
4942 10 12 4
5043 10 13 95
5474 10 13 88
3028 10 13 82
671 10 13 72
566 10 13 59
4487 10 13 50
3228 10 13 44
1684 10 13 36
3558 10 13 26
3616 10 13 20
4895 10 13 10
4714 10 13 4
4464 10 15 95
3544 10 15 88
1914 10 15 82
3834 10 15 71
2231 10 15 64
2142 10 15 56
4565 10 15 46
3037 10 15 36
2842 10 15 26
3218 10 15 20
4051 10 15 10
3339 10 15 4
930 10 17 95
2428 10 17 88
676 10 17 82
2209 10 17 71
1237 10 17 64
1734 10 17 56
3317 10 17 46
4841 10 17 35
5368 10 17 28
5014 10 17 19
3464 10 17 11
4806 10 17 4
5226 10 19 94
4828 10 19 86
3509 10 19 76
5097 10 19 67
660 10 19 62
982 10 19 53
2334 10 19 44
1183 10 19 36
2326 10 19 26
2083 10 19 20
5366 10 19 9
5217 11 0 94
2295 11 0 86
1013 11 0 76
3193 11 0 67
5466 11 0 61
2328 11 0 52
3437 11 0 43
4912 11 0 37
3813 11 0 28
4641 11 0 18
4722 11 0 11
4802 11 0 4
5081 11 1 94
1587 11 1 86
4720 11 1 75
4009 11 1 68
4020 11 1 59
4302 11 1 50
2499 11 1 44
4660 11 1 35
792 11 1 28
4449 11 1 18
1520 11 1 11
896 11 1 4
3286 11 2 94
1457 11 2 86
716 11 2 75
3253 11 2 68
4013 11 2 59
3815 11 2 50
1255 11 2 44
1683 11 2 35
589 11 2 28
4373 11 2 18
574 11 2 11
4654 11 2 3
2521 11 3 94
5277 11 3 85
1252 11 3 79
3254 11 3 71
294 11 3 64
1595 11 3 56
3226 11 3 46
4675 11 3 35
5365 11 3 27
944 11 3 19
2224 11 3 11
4380 11 3 3
1836 11 4 94
4977 11 4 85
588 11 4 79
1974 11 4 71
201 11 4 64
923 11 4 56
3132 11 4 46
2591 11 4 35
4812 11 4 27
912 11 4 19
5335 11 4 10
2462 11 4 4
1716 11 5 94
3669 11 5 85
4057 11 5 78
148 11 5 69
2368 11 5 61
2005 11 5 52
866 11 5 43
4205 11 5 37
2700 11 5 28
3873 11 5 18
316 11 5 11
2282 11 5 3
647 11 7 94
600 11 7 85
1145 11 7 78
5482 11 7 68
3663 11 7 59
3513 11 7 50
4574 11 7 43
3151 11 7 37
2352 11 7 28
3549 11 7 18
5219 11 7 10
1080 11 7 4
5009 11 9 93
4668 11 9 85
3313 11 9 77
5376 11 9 69
2131 11 9 61
1558 11 9 52
258 11 9 43
64 11 9 37
949 11 9 28
3239 11 9 18
4791 11 9 10
2126 11 9 3
4138 11 11 93
3499 11 11 85
2607 11 11 77
5146 11 11 69
1081 11 11 61
5129 11 11 51
4174 11 11 43
5134 11 11 36
1524 11 11 26
1009 11 11 20
2042 11 11 9
2543 11 13 93
5570 11 13 84
2526 11 13 77
3973 11 13 69
4182 11 13 60
48 11 13 53
2123 11 13 44
1523 11 13 35
4531 11 13 27
5413 11 13 18
4783 11 13 10
461 11 13 3
2148 11 15 93
3314 11 15 84
1787 11 15 77
2354 11 15 69
3885 11 15 60
4792 11 15 52
5420 11 15 42
3479 11 15 35
2873 11 15 27
4946 11 15 18
4270 11 15 10
212 11 15 3
1984 11 17 93
3262 11 17 84
1692 11 17 77
4609 11 17 68
2784 11 17 59
2845 11 17 50
2012 11 17 43
5033 11 17 36
1512 11 17 26
4506 11 17 19
3035 11 17 10
62 11 17 3
1768 11 19 93
878 11 19 84
1037 11 19 77
4236 11 19 68
1542 11 19 59
231 11 19 50
1113 11 19 43
4869 11 19 36
4385 11 19 25
2305 11 19 17
2617 11 19 10
5451 11 19 2
1745 12 19 93
870 12 19 84
4941 12 19 76
1122 12 19 67
4130 12 19 61
2627 12 19 51
2893 12 19 43
3416 12 19 36
4209 12 19 25
5242 12 19 16
1732 12 19 8
844 13 1 93
2898 13 1 83
1533 13 1 76
1003 13 1 67
3980 13 1 61
1287 13 1 51
2241 13 1 43
1758 13 1 36
1635 13 1 25
4377 13 1 16
1438 13 1 8
636 13 3 93
450 13 3 83
1232 13 3 76
328 13 3 67
3582 13 3 61
1231 13 3 51
1746 13 3 43
615 13 3 36
576 13 3 25
2890 13 3 16
906 13 3 8
404 13 4 93
14 13 4 83
361 13 4 76
4223 13 4 66
1857 13 4 57
2374 13 4 50
1966 13 4 42
2414 13 4 35
2866 13 4 27
3901 13 4 18
2833 13 4 9
3792 13 5 92
1748 13 5 86
4332 13 5 74
2997 13 5 65
2989 13 5 58
4726 13 5 49
5132 13 5 43
5040 13 5 35
2837 13 5 27
3627 13 5 18
3797 13 5 8
3071 13 6 92
1607 13 6 86
633 13 6 74
4368 13 6 64
679 13 6 56
894 13 6 46
2446 13 6 35
2732 13 6 27
3601 13 6 18
2820 13 6 8
2950 13 7 92
1366 13 7 86
3786 13 7 73
3260 13 7 65
2000 13 7 58
4434 13 7 49
4109 13 7 43
4866 13 7 35
2631 13 7 26
3868 13 7 19
2072 13 7 10
5315 13 7 2
2738 13 8 92
793 13 8 86
4976 13 8 72
2452 13 8 58
1638 13 8 49
2542 13 8 43
1375 13 8 35
2027 13 8 26
3568 13 8 19
1965 13 8 10
4054 13 8 2
1264 13 9 92
4514 13 9 85
2470 13 9 77
2648 13 9 68
1358 13 9 59
1206 13 9 49
1020 13 9 43
292 13 9 35
1532 13 9 26
3085 13 9 19
4954 13 9 9
3884 13 10 91
1079 13 10 86
1921 13 10 71
3974 13 10 63
2735 13 10 55
3203 13 10 47
1016 13 10 33
3120 13 10 27
1105 13 10 18
2296 13 10 8
3626 13 11 91
5401 13 11 85
1681 13 11 77
657 13 11 68
1168 13 11 59
905 13 11 49
3867 13 11 42
1817 13 11 35
661 13 11 26
2544 13 11 19
4095 13 11 9
2840 13 12 91
5071 13 12 85
20 13 12 77
496 13 12 68
712 13 12 59
351 13 12 49
3567 13 12 42
963 13 12 35
4978 13 12 25
1028 13 12 16
3311 13 12 7
2049 13 13 91
3749 13 13 85
5382 13 13 76
2450 13 13 66
1591 13 13 57
2051 13 13 50
1388 13 13 42
5246 13 13 34
3196 13 13 28
5091 13 13 17
751 13 13 10
4012 13 13 2
1104 13 14 91
3368 13 14 85
5180 13 14 76
1159 13 14 66
5294 13 14 56
4272 13 14 45
1869 13 14 37
395 13 14 28
4522 13 14 17
54 13 14 10
3482 13 14 2
4779 13 15 90
3997 13 15 81
3050 13 15 72
1540 13 15 58
1247 13 15 49
282 13 15 42
4814 13 15 34
2786 13 15 28
3375 13 15 17
5536 13 15 8
4760 13 16 90
2453 13 16 81
2805 13 16 72
1035 13 16 58
138 13 16 49
5481 13 16 41
1552 13 16 35
4767 13 16 25
5187 13 16 15
1085 13 16 5
2181 13 17 90
2140 13 17 81
2251 13 17 72
638 13 17 58
5005 13 17 48
1885 13 17 40
1613 13 17 32
3077 13 17 24
1814 13 17 18
5431 13 17 7
4342 13 18 89
3675 13 18 79
1599 13 18 71
1338 13 18 63
2616 13 18 55
2773 13 18 47
5291 13 18 32
1604 13 18 24
5234 13 18 17
1143 13 18 8
3810 13 19 89
293 13 19 79
704 13 19 71
973 13 19 63
1504 13 19 55
2719 13 19 47
2226 13 19 32
1064 13 19 24
3170 13 19 17
5470 13 19 7
1824 14 1 89
1115 14 1 78
5564 14 1 67
1374 14 1 61
5485 14 1 50
1190 14 1 42
3817 14 1 34
1978 14 1 28
1368 14 1 17
4638 14 1 7
4537 14 3 88
3968 14 3 81
1127 14 3 72
329 14 3 58
4935 14 3 48
814 14 3 40
742 14 3 32
5456 14 3 23
1747 14 3 16
3097 14 3 7
4230 14 4 87
327 14 4 81
891 14 4 72
3881 14 4 57
1653 14 4 50
843 14 4 42
972 14 4 34
3836 14 4 27
278 14 4 18
3074 14 4 7
2918 14 5 87
154 14 5 81
536 14 5 72
2825 14 5 57
1594 14 5 50
58 14 5 42
5539 14 5 33
654 14 5 27
180 14 5 18
1586 14 5 7
2680 14 6 87
5434 14 6 80
3392 14 6 73
2682 14 6 65
1406 14 6 58
2502 14 6 48
630 14 6 40
5521 14 6 31
1090 14 6 23
971 14 6 16
2057 14 6 7
1666 14 7 87
1279 14 7 80
2580 14 7 73
2475 14 7 65
918 14 7 58
1879 14 7 48
5523 14 7 39
4094 14 7 30
263 14 7 20
184 14 7 9
5144 14 8 86
1274 14 8 71
4243 14 8 62
270 14 8 53
1781 14 8 44
1323 14 8 35
3651 14 8 25
4409 14 8 15
1002 14 8 5
4734 14 9 86
4670 14 9 70
5126 14 9 61
1796 14 9 50
280 14 9 41
477 14 9 34
2554 14 9 27
5568 14 9 17
3217 14 9 7
976 14 10 86
2028 14 10 70
3443 14 10 61
1678 14 10 50
3350 14 10 40
4786 14 10 31
442 14 10 23
887 14 10 16
858 14 10 7
3790 14 11 85
4486 14 11 76
4585 14 11 65
3578 14 11 57
1265 14 11 50
2491 14 11 40
4690 14 11 31
5550 14 11 22
5104 14 11 13
979 14 11 6
2658 14 12 85
4247 14 12 76
946 14 12 65
625 14 12 57
1075 14 12 50
3 14 12 40
573 14 12 31
4648 14 12 22
4211 14 12 13
4298 14 12 5
807 14 13 85
1022 14 13 76
5371 14 13 64
5390 14 13 55
2599 14 13 47
5381 14 13 31
4528 14 13 22
2974 14 13 13
2230 14 13 5
3723 15 1 84
4344 15 1 76
2605 15 1 64
4032 15 1 55
281 15 1 47
5164 15 1 31
4238 15 1 22
651 15 1 13
850 15 1 5
688 16 1 84
3415 16 1 76
2121 16 1 64
279 16 1 55
2966 16 1 46
1891 16 1 35
1561 16 1 25
4010 16 1 15
5475 16 1 4
4415 16 2 83
5561 16 2 75
2300 16 2 68
620 16 2 59
5075 16 2 48
4835 16 2 39
3821 16 2 30
2207 16 2 19
268 16 2 9
1712 16 3 83
4661 16 3 75
1798 16 3 68
5556 16 3 58
52 16 3 48
1087 16 3 39
2474 16 3 30
1767 16 3 19
4546 16 3 8
3029 16 4 82
2060 16 4 71
3083 16 4 62
5512 16 4 52
5406 16 4 42
4073 16 4 33
4430 16 4 26
332 16 4 19
2930 16 4 8
1654 16 5 82
374 16 5 71
2976 16 5 62
1815 16 5 52
5271 16 5 42
4846 16 5 32
5192 16 5 23
3474 16 5 15
4594 16 5 4
798 16 6 82
2855 16 6 70
1906 16 6 61
662 16 6 50
5323 16 6 39
2086 16 6 30
542 16 6 19
1892 16 6 8
403 16 7 82
2799 16 7 70
3788 16 7 60
3401 16 7 52
4196 16 7 42
4739 16 7 32
4988 16 7 23
2093 16 7 15
1572 16 7 4
5169 16 8 79
501 16 8 71
2878 16 8 62
244 16 8 52
3278 16 8 42
4419 16 8 32
3842 16 8 23
5191 16 8 14
1369 16 8 6
370 16 9 77
304 16 9 68
5198 16 9 58
4811 16 9 47
236 16 9 31
3859 16 9 22
785 16 9 12
2073 16 9 2
3941 16 10 75
1405 16 10 68
5109 16 10 58
4643 16 10 47
57 16 10 30
4825 16 10 18
4775 16 10 6
1423 16 11 73
2464 16 11 65
4650 16 11 56
3603 16 11 45
1267 16 11 37
5548 16 11 27
5425 16 11 17
1097 16 11 7
1230 16 12 66
3918 16 12 56
1756 16 12 45
165 16 12 37
5286 16 12 27
3620 16 12 17
5319 16 12 6
4611 16 13 54
4967 16 13 46
1513 16 13 35
1146 16 13 25
2943 16 13 15
1033 16 13 4
1172 16 14 13
694 16 14 5
5393 16 15 94
3945 16 15 84
2841 16 15 76
126 16 15 64
239 16 15 55
210 16 15 46
668 16 15 35
5363 16 15 24
2716 16 15 17
1545 16 15 6
4634 16 16 94
2836 16 16 84
436 16 16 76
3600 16 16 63
1114 16 16 55
3566 16 16 45
3396 16 16 36
5094 16 16 24
1636 16 16 17
5423 16 16 5
2777 16 17 94
2789 16 17 84
318 16 17 76
3546 16 17 63
3540 16 17 54
4407 16 17 46
354 16 17 35
5255 16 17 24
822 16 17 17
5002 16 17 5
2768 16 18 94
2267 16 18 84
214 16 18 76
17 16 18 63
2696 16 18 54
3735 16 18 46
2189 16 18 34
1488 16 18 27
1866 16 18 17
4939 16 18 5
882 16 19 94
1583 16 19 84
2287 16 19 75
5135 16 19 67
44 16 19 61
5508 16 19 49
3804 16 19 41
4269 16 19 33
4290 16 19 26
2345 16 19 18
2745 16 19 6
5008 17 1 93
4104 17 1 82
1240 17 1 70
847 17 1 60
1602 17 1 52
4263 17 1 41
3784 17 1 33
3648 17 1 26
1325 17 1 18
1093 17 1 6
2945 17 2 93
1727 17 2 82
5 17 2 70
3930 17 2 59
3329 17 2 48
947 17 2 39
921 17 2 30
4582 17 2 18
3249 17 2 5
2332 17 3 93
5311 17 3 81
5100 17 3 71
1319 17 3 62
4642 17 3 51
5487 17 3 42
4080 17 3 32
2954 17 3 23
4637 17 3 14
300 17 3 6
2237 17 4 93
4360 17 4 81
3946 17 4 71
157 17 4 62
3402 17 4 51
3530 17 4 42
3866 17 4 32
1659 17 4 23
4624 17 4 14
24 17 4 6
358 17 5 93
3406 17 5 81
3263 17 5 71
4993 17 5 61
2417 17 5 49
3371 17 5 41
3025 17 5 33
3337 17 5 26
1098 17 5 18
3082 17 5 5
4673 17 6 92
3698 17 6 85
2671 17 6 75
3114 17 6 67
5088 17 6 60
1413 17 6 52
302 17 6 41
2035 17 6 33
3038 17 6 26
4744 17 6 17
4353 17 6 5
3919 17 7 92
3579 17 7 85
2646 17 7 75
1983 17 7 67
1812 17 7 60
998 17 7 52
920 17 7 40
3140 17 7 30
1647 17 7 18
2405 17 7 5
2882 17 8 92
2335 17 8 85
2500 17 8 75
841 17 8 67
1443 17 8 60
5320 17 8 51
2046 17 8 41
770 17 8 33
2675 17 8 26
4963 17 8 16
4495 17 8 6
2245 17 9 92
2097 17 9 85
1499 17 9 75
5289 17 9 66
2204 17 9 56
5165 17 9 44
897 17 9 35
4958 17 9 24
525 17 9 17
2903 17 9 5
1830 17 10 92
1949 17 10 85
4519 17 10 74
2232 17 10 64
229 17 10 55
3144 17 10 45
2309 17 10 36
5046 17 10 24
4316 17 10 16
3937 17 10 6
1282 17 11 92
1877 17 11 85
2815 17 11 74
1308 17 11 64
143 17 11 55
2824 17 11 45
1651 17 11 36
2222 17 11 24
3164 17 11 16
3293 17 11 6
1199 17 12 92
950 17 12 85
1774 17 12 74
508 17 12 64
5427 17 12 54
3696 17 12 46
3525 17 12 33
2047 17 12 26
4865 17 12 16
3118 17 12 6
794 17 13 92
4982 17 13 84
2260 17 13 75
5028 17 13 66
1057 17 13 56
3031 17 13 44
1410 17 13 34
334 17 13 27
1223 17 13 17
5506 17 13 4
3267 17 14 91
3349 17 14 85
1170 17 14 74
5334 17 14 63
1065 17 14 54
3444 17 14 46
3354 17 14 32
1355 17 14 23
3959 17 14 14
1970 17 14 5
1919 17 15 91
968 17 15 85
1004 17 15 74
4630 17 15 63
948 17 15 54
3051 17 15 46
3112 17 15 32
4307 17 15 22
3181 17 15 11
1999 17 15 3
1010 17 16 91
383 17 16 85
5036 17 16 73
2139 17 16 65
634 17 16 56
5567 17 16 43
3789 17 16 34
87 17 16 27
230 17 16 17
2655 17 16 4
993 17 17 91
4884 17 17 84
386 17 17 75
5518 17 17 65
4148 17 17 55
2782 17 17 45
324 17 17 36
22 17 17 24
1754 17 17 16
2325 17 17 6
797 17 18 91
4431 17 18 84
4735 17 18 74
4393 17 18 63
663 17 18 54
1401 17 18 46
2584 17 18 32
3596 17 18 21
3404 17 18 11
1203 17 18 3
747 17 19 91
2530 17 19 84
4490 17 19 74
961 17 19 63
5509 17 19 53
5503 17 19 43
2667 17 19 34
4483 17 19 26
4061 17 19 16
2152 17 19 6
308 19 0 91
2356 19 0 84
2562 19 0 74
5400 19 0 62
3166 19 0 51
893 19 0 41
5257 19 0 32
3446 19 0 21
2306 19 0 11
408 19 0 3
5163 19 1 90
1803 19 1 81
2972 19 1 71
2929 19 1 61
81 19 1 49
3180 19 1 41
539 19 1 32
1307 19 1 21
2213 19 1 11
4752 19 1 2
3374 19 2 90
1213 19 2 81
685 19 2 71
1343 19 2 61
4862 19 2 48
3721 19 2 38
1072 19 2 30
1403 19 2 18
4102 19 2 4
2872 19 3 90
199 19 3 81
578 19 3 71
2736 19 3 60
4702 19 3 51
320 19 3 41
5119 19 3 31
3534 19 3 22
2884 19 3 11
4505 19 3 2
509 19 4 90
160 19 4 81
179 19 4 71
2313 19 4 60
2449 19 4 51
4750 19 4 40
3902 19 4 29
2457 19 4 20
5197 19 4 7
182 19 5 90
3435 19 5 80
1601 19 5 73
1757 19 5 65
3484 19 5 55
2058 19 5 45
4853 19 5 35
4796 19 5 24
1434 19 5 16
2303 19 5 5
4926 19 6 89
5488 19 6 77
178 19 6 68
4715 19 6 58
3462 19 6 47
3555 19 6 28
522 19 6 17
1631 19 6 4
1660 19 7 89
4813 19 7 77
3630 19 7 67
5185 19 7 59
1648 19 7 48
3434 19 7 38
701 19 7 30
986 19 7 18
1246 19 7 2
454 19 8 89
3075 19 8 77
2862 19 8 67
2531 19 8 59
1571 19 8 48
2371 19 8 38
5220 19 8 29
2353 19 8 20
4652 19 8 7
4301 19 9 88
2172 19 9 81
4681 19 9 70
2928 19 9 59
632 19 9 48
4610 19 9 37
5113 19 9 27
5359 19 9 16
996 19 9 5
3069 19 10 88
1295 19 10 81
2111 19 10 70
1840 19 10 59
5245 19 10 47
763 19 10 28
4757 19 10 16
120 19 10 5
528 19 11 88
777 19 11 81
1697 19 11 70
142 19 11 59
5145 19 11 47
1619 19 11 26
4048 19 11 16
89 19 11 5
5471 19 12 87
958 19 12 80
781 19 12 73
1209 19 12 65
3269 19 12 55
4438 19 12 44
488 19 12 34
4154 19 12 26
2955 19 12 16
4696 19 12 4
2409 19 13 87
908 19 13 80
133 19 13 73
4547 19 13 64
1348 19 13 54
226 19 13 46
253 19 13 32
5118 19 13 20
3877 19 13 7
1278 19 14 87
235 19 14 80
5513 19 14 72
446 19 14 57
5346 19 14 49
21 19 14 41
5060 19 14 31
4248 19 14 21
483 19 14 11
3780 19 14 2
344 19 15 87
4713 19 15 79
393 19 15 71
532 19 15 60
1530 19 15 51
4458 19 15 40
1546 19 15 29
796 19 15 20
2851 19 15 7
3332 19 16 86
1439 19 16 70
3827 19 16 58
3039 19 16 47
4416 19 16 25
2758 19 16 15
608 19 16 4
2512 19 17 86
5547 19 17 69
2932 19 17 60
2925 19 17 50
4971 19 17 39
251 19 17 30
1303 19 17 17
4050 19 17 3
1473 19 18 86
335 19 18 69
2843 19 18 60
778 19 18 50
209 19 18 39
4662 19 18 29
571 19 18 20
2129 19 18 7
4418 19 19 85
3851 19 19 73
3830 19 19 64
2 19 19 54
5333 19 19 45
4509 19 19 35
2889 19 19 24
1228 19 19 16
4101 19 19 4
