3063
3973 0 0 98
1630 0 0 96
1669 0 0 94
6096 0 0 91
1326 0 0 89
3277 0 0 86
5838 0 0 82
4602 0 0 80
2754 0 0 76
4150 0 0 73
4368 0 0 69
4957 0 0 67
5008 0 0 65
2623 0 0 63
5911 0 0 60
5021 0 0 57
5620 0 0 55
5050 0 0 52
3661 0 0 50
3880 0 0 47
733 0 0 45
5337 0 0 42
6378 0 0 38
3349 0 0 35
1153 0 0 32
4413 0 0 29
2498 0 0 27
6077 0 0 25
2558 0 0 22
4352 0 0 19
5740 0 0 16
5375 0 0 13
5373 0 0 10
3958 0 0 7
3163 0 0 3
4428 0 1 97
5298 0 1 94
4609 0 1 91
6434 0 1 88
6200 0 1 85
210 0 1 83
2379 0 1 80
1820 0 1 76
285 0 1 73
4747 0 1 68
4648 0 1 65
2522 0 1 63
4821 0 1 60
4242 0 1 57
3816 0 1 54
997 0 1 52
2388 0 1 50
2386 0 1 47
4066 0 1 44
4896 0 1 41
518 0 1 38
3235 0 1 35
5075 0 1 31
2008 0 1 28
2717 0 1 26
106 0 1 24
6293 0 1 22
1837 0 1 19
3761 0 1 16
4740 0 1 13
1848 0 1 10
1577 0 1 6
2220 0 1 4
2057 0 1 1
5927 0 2 96
3266 0 2 92
4475 0 2 90
5043 0 2 88
5966 0 2 85
2628 0 2 81
185 0 2 78
3851 0 2 75
6150 0 2 71
4439 0 2 68
4141 0 2 65
2046 0 2 62
6294 0 2 59
120 0 2 56
3247 0 2 53
858 0 2 51
3272 0 2 48
898 0 2 46
5846 0 2 43
5949 0 2 41
3433 0 2 37
5550 0 2 35
4576 0 2 31
1623 0 2 28
2113 0 2 26
6019 0 2 23
1581 0 2 21
4327 0 2 18
3282 0 2 15
3262 0 2 13
24 0 2 10
298 0 2 6
5205 0 2 2
4171 0 3 96
2810 0 3 92
3778 0 3 89
5809 0 3 85
89 0 3 81
2093 0 3 77
6288 0 3 73
2507 0 3 68
3992 0 3 65
3312 0 3 61
142 0 3 58
2053 0 3 56
1412 0 3 53
6424 0 3 50
5371 0 3 46
5481 0 3 42
3457 0 3 38
1244 0 3 35
3858 0 3 31
188 0 3 28
6315 0 3 25
4633 0 3 21
1715 0 3 18
6332 0 3 14
2104 0 3 11
3689 0 3 9
2532 0 3 7
3108 0 3 3
2244 0 4 96
2443 0 4 92
3608 0 4 89
5216 0 4 85
5586 0 4 80
1465 0 4 76
2857 0 4 72
4518 0 4 70
5922 0 4 67
2048 0 4 65
2891 0 4 61
3924 0 4 57
4849 0 4 53
6411 0 4 50
4665 0 4 46
5212 0 4 42
2492 0 4 38
141 0 4 35
1835 0 4 31
5792 0 4 27
6194 0 4 24
4596 0 4 22
5847 0 4 18
1962 0 4 14
5110 0 4 10
5959 0 4 5
1679 0 4 2
581 0 5 96
2109 0 5 92
3278 0 5 89
3294 0 5 85
4911 0 5 80
5 0 5 76
2652 0 5 72
3367 0 5 70
1112 0 5 67
402 0 5 65
574 0 5 61
3609 0 5 57
3850 0 5 53
2012 0 5 49
4476 0 5 46
1405 0 5 42
6336 0 5 37
4079 0 5 35
509 0 5 31
4542 0 5 27
5054 0 5 24
5783 0 5 21
266 0 5 18
5903 0 5 13
5658 0 5 9
5484 0 5 6
4910 0 5 2
1 0 6 96
2417 0 6 91
614 0 6 88
2680 0 6 84
1694 0 6 82
876 0 6 78
6219 0 6 74
4322 0 6 71
5646 0 6 67
4546 0 6 64
5181 0 6 61
2783 0 6 57
2761 0 6 52
2167 0 6 48
6397 0 6 44
4122 0 6 41
653 0 6 37
6438 0 6 34
5192 0 6 30
3838 0 6 28
2974 0 6 25
2500 0 6 21
4873 0 6 17
441 0 6 15
6377 0 6 11
5501 0 6 8
6405 0 6 6
4613 0 6 2
5738 0 7 95
4782 0 7 92
1122 0 7 89
2323 0 7 85
4728 0 7 80
1201 0 7 75
4380 0 7 71
5418 0 7 67
4113 0 7 64
5092 0 7 60
5381 0 7 56
730 0 7 53
1422 0 7 49
4035 0 7 46
668 0 7 42
5482 0 7 37
198 0 7 33
843 0 7 30
2180 0 7 27
3238 0 7 24
4316 0 7 21
3495 0 7 17
5613 0 7 14
2429 0 7 10
5947 0 7 5
6060 0 7 1
4759 0 8 95
4864 0 8 91
5474 0 8 87
4357 0 8 85
4489 0 8 80
4632 0 8 74
1783 0 8 70
735 0 8 67
2238 0 8 64
3772 0 8 60
4560 0 8 56
174 0 8 53
6140 0 8 48
4153 0 8 44
3150 0 8 41
5603 0 8 36
1691 0 8 34
4108 0 8 30
6003 0 8 26
4224 0 8 23
5824 0 8 20
1318 0 8 18
4915 0 8 13
5632 0 8 9
3813 0 8 6
1857 0 8 2
4367 0 9 95
4022 0 9 91
2937 0 9 87
1066 0 9 85
2250 0 9 80
4882 0 9 73
6042 0 9 67
3480 0 9 63
2550 0 9 60
4055 0 9 56
6056 0 9 52
1063 0 9 48
4070 0 9 44
2019 0 9 41
3646 0 9 36
5346 0 9 33
429 0 9 30
1852 0 9 26
4119 0 9 23
186 0 9 20
2919 0 9 17
6010 0 9 13
3939 0 9 9
625 0 9 6
572 0 9 2
3829 0 10 95
3545 0 10 91
2065 0 10 87
4936 0 10 84
5697 0 10 81
1779 0 10 77
1901 0 10 73
5877 0 10 67
873 0 10 63
1610 0 10 60
230 0 10 56
4139 0 10 52
5954 0 10 47
5956 0 10 43
5858 0 10 40
5700 0 10 37
6111 0 10 32
4379 0 10 28
2740 0 10 25
2938 0 10 20
6144 0 10 16
3819 0 10 13
693 0 10 9
4526 0 10 5
5320 0 10 1
5305 0 11 94
3492 0 11 91
1061 0 11 87
4028 0 11 84
3101 0 11 81
553 0 11 77
289 0 11 73
5775 0 11 67
3867 0 11 62
6403 0 11 58
6284 0 11 54
4883 0 11 51
2512 0 11 48
2782 0 11 44
5064 0 11 40
3398 0 11 37
6007 0 11 32
4375 0 11 28
3558 0 11 24
6266 0 11 20
5914 0 11 16
2735 0 11 13
6414 0 11 8
2604 0 11 6
387 0 11 2
4481 0 12 94
5485 0 12 90
3945 0 12 86
5385 0 12 82
3317 0 12 76
1249 0 12 72
4824 0 12 69
5876 0 12 65
5156 0 12 60
6075 0 12 55
4213 0 12 52
2790 0 12 47
2986 0 12 43
3099 0 12 39
6043 0 12 37
5812 0 12 32
4076 0 12 28
5635 0 12 23
6310 0 12 19
3602 0 12 16
5710 0 12 12
3687 0 12 9
3256 0 12 5
1104 0 12 1
1245 0 13 94
3357 0 13 90
2856 0 13 86
4966 0 13 82
2615 0 13 76
1947 0 13 71
5107 0 13 67
3630 0 13 62
4502 0 13 58
5691 0 13 54
1116 0 13 51
1522 0 13 48
3706 0 13 43
2969 0 13 39
3459 0 13 36
4257 0 13 33
6024 0 13 29
5639 0 13 25
5862 0 13 19
5416 0 13 15
5606 0 13 11
712 0 13 7
737 0 13 3
111 0 14 94
2590 0 14 90
290 0 14 86
2876 0 14 82
1675 0 14 76
5005 0 14 70
4601 0 14 66
5979 0 14 63
6345 0 14 58
4921 0 14 54
4912 0 14 49
1287 0 14 46
6021 0 14 41
6177 0 14 35
4690 0 14 30
1177 0 14 26
6208 0 14 22
5133 0 14 18
4914 0 14 13
6388 0 14 8
3093 0 14 5
3 0 15 94
1755 0 15 90
5426 0 15 85
930 0 15 80
4199 0 15 73
3640 0 15 67
3283 0 15 62
1673 0 15 58
166 0 15 54
1515 0 15 49
6348 0 15 45
862 0 15 42
4666 0 15 37
5674 0 15 32
2378 0 15 28
4157 0 15 23
949 0 15 19
3273 0 15 15
5208 0 15 11
6436 0 15 6
1693 0 15 1
5703 0 16 93
4049 0 16 91
148 0 16 87
1910 0 16 84
2800 0 16 81
460 0 16 77
6168 0 16 72
971 0 16 69
3198 0 16 65
4832 0 16 60
5508 0 16 55
3827 0 16 52
2505 0 16 46
680 0 16 41
6027 0 16 35
3125 0 16 30
6129 0 16 25
5616 0 16 19
2869 0 16 15
1506 0 16 11
4001 0 16 6
1554 0 16 1
5370 0 17 93
4909 0 17 90
2675 0 17 85
634 0 17 80
4007 0 17 73
2678 0 17 67
87 0 17 62
845 0 17 58
6143 0 17 53
5114 0 17 48
5733 0 17 42
4581 0 17 37
3419 0 17 32
1113 0 17 28
4116 0 17 23
5546 0 17 18
3515 0 17 13
3834 0 17 8
6179 0 17 4
4355 0 18 93
3013 0 18 90
2514 0 18 85
205 0 18 80
3439 0 18 73
2313 0 18 67
6260 0 18 61
1040 0 18 57
2553 0 18 52
1605 0 18 46
5607 0 18 40
659 0 18 37
2530 0 18 32
4764 0 18 27
2346 0 18 24
4005 0 18 20
4013 0 18 16
3362 0 18 12
5066 0 18 8
4078 0 18 4
3251 0 19 93
1265 0 19 90
5716 0 19 84
5448 0 19 80
3158 0 19 73
585 0 19 67
4272 0 19 61
961 0 19 57
2267 0 19 52
5362 0 19 45
4584 0 19 41
4455 0 19 35
1878 0 19 30
183 0 19 25
4275 0 19 19
2486 0 19 15
5483 0 19 10
4258 0 19 5
1968 2 0 93
816 2 0 90
5278 2 0 84
5289 2 0 80
2877 2 0 73
6158 2 0 66
6067 2 0 62
502 2 0 58
4735 2 0 53
2333 2 0 48
4734 2 0 42
4541 2 0 37
1796 2 0 32
1716 2 0 27
1723 2 0 24
677 2 0 20
1972 2 0 16
1891 2 0 12
1797 2 0 8
2753 2 0 4
6379 2 1 92
4248 2 1 88
2321 2 1 84
3686 2 1 80
2153 2 1 73
824 2 1 66
3670 2 1 62
3170 2 1 57
1709 2 1 52
4977 2 1 45
4535 2 1 41
4107 2 1 35
4193 2 1 29
5277 2 1 25
2413 2 1 19
694 2 1 15
4699 2 1 10
2789 2 1 5
6250 2 2 92
3849 2 2 88
1720 2 2 84
3156 2 2 80
1949 2 2 73
6272 2 2 65
3351 2 2 60
3579 2 2 55
3796 2 2 51
4587 2 2 47
1087 2 2 43
4984 2 2 38
4345 2 2 34
3270 2 2 30
6442 2 2 24
3679 2 2 19
6099 2 2 14
454 2 2 10
2311 2 2 5
5461 2 3 92
1046 2 3 88
1607 2 3 84
287 2 3 80
1528 2 3 73
6231 2 3 65
1597 2 3 60
2651 2 3 55
1403 2 3 51
2098 2 3 47
6159 2 3 42
3363 2 3 37
1354 2 3 32
697 2 3 27
6146 2 3 23
5214 2 3 18
129 2 3 13
2914 2 3 8
1308 2 3 4
4962 2 4 92
558 2 4 88
1058 2 4 84
164 2 4 80
1170 2 4 73
5594 2 4 65
709 2 4 60
2355 2 4 55
127 2 4 51
2027 2 4 47
5678 2 4 42
4918 2 4 36
3952 2 4 33
3434 2 4 29
3142 2 4 25
1909 2 4 19
5887 2 4 14
5122 2 4 9
2006 2 4 5
2070 2 6 92
154 2 6 88
775 2 6 84
5157 2 6 79
1960 2 6 77
4500 2 6 72
5445 2 6 68
2579 2 6 65
645 2 6 60
814 2 6 55
5490 2 6 50
2242 2 6 46
4183 2 6 40
5274 2 6 36
2934 2 6 32
3854 2 6 26
5465 2 6 22
4843 2 6 18
5111 2 6 12
5081 2 6 7
5898 2 6 2
1660 2 7 92
5916 2 7 87
366 2 7 83
1911 2 7 80
499 2 7 73
4738 2 7 65
6062 2 7 59
4392 2 7 55
6037 2 7 49
3028 2 7 45
4448 2 7 41
2705 2 7 35
2817 2 7 29
2431 2 7 25
768 2 7 19
3011 2 7 14
5101 2 7 9
6133 2 7 4
940 2 8 92
5563 2 8 87
2541 2 8 82
728 2 8 76
3668 2 8 70
4989 2 8 65
5974 2 8 59
3663 2 8 55
3852 2 8 49
2681 2 8 45
3963 2 8 41
1636 2 8 35
257 2 8 29
4444 2 8 24
3327 2 8 19
1483 2 8 14
3403 2 8 9
4917 2 8 4
6107 2 9 91
5699 2 9 86
2803 2 9 82
5957 2 9 75
3938 2 9 71
3489 2 9 67
3315 2 9 61
5549 2 9 56
599 2 9 52
4945 2 9 45
1088 2 9 41
1555 2 9 35
12 2 9 29
2175 2 9 24
3323 2 9 19
527 2 9 14
1190 2 9 9
1588 2 9 4
5462 2 10 91
1956 2 10 86
1936 2 10 82
5511 2 10 75
3239 2 10 71
2571 2 10 67
110 2 10 61
2908 2 10 56
3815 2 10 51
4687 2 10 46
3876 2 10 40
4273 2 10 36
2689 2 10 32
3571 2 10 26
6263 2 10 21
3380 2 10 17
5439 2 10 13
1792 2 10 8
770 2 10 4
6327 2 11 90
4904 2 11 84
5042 2 11 79
5266 2 11 76
3540 2 11 70
3240 2 11 65
3139 2 11 59
2422 2 11 55
3627 2 11 49
1189 2 11 45
2192 2 11 40
3067 2 11 36
2501 2 11 32
2767 2 11 26
3299 2 11 21
3020 2 11 17
5194 2 11 13
891 2 11 8
2531 2 11 3
5557 2 12 90
3435 2 12 84
3971 2 12 79
2787 2 12 75
2161 2 12 71
1544 2 12 67
62 2 12 61
491 2 12 56
3295 2 12 51
1289 2 12 46
3389 2 12 40
1018 2 12 36
1417 2 12 32
871 2 12 26
2353 2 12 21
5804 2 12 16
774 2 12 12
3990 2 12 7
3271 2 12 2
4730 2 13 90
3169 2 13 84
3563 2 13 79
6139 2 13 74
102 2 13 70
2900 2 13 65
1866 2 13 59
6408 2 13 54
1473 2 13 49
976 2 13 45
5166 2 13 39
2666 2 13 36
5976 2 13 31
3591 2 13 27
6141 2 13 23
4083 2 13 18
4424 2 13 12
6216 2 13 6
2004 2 14 90
1969 2 14 84
2577 2 14 79
4691 2 14 74
5147 2 14 69
983 2 14 65
1617 2 14 59
5694 2 14 54
194 2 14 49
753 2 14 45
4626 2 14 39
950 2 14 35
4 2 14 29
2079 2 14 24
2162 2 14 19
214 2 14 14
7 2 14 9
6432 2 14 3
1365 2 15 90
1768 2 15 84
2506 2 15 79
3014 2 15 74
4395 2 15 69
383 2 15 65
1408 2 15 59
4960 2 15 54
5753 2 15 48
3148 2 15 42
1130 2 15 36
3395 2 15 31
2415 2 15 27
3882 2 15 23
3823 2 15 18
4319 2 15 12
5303 2 15 6
331 2 16 90
1459 2 16 84
1967 2 16 79
1948 2 16 74
5918 2 16 68
5851 2 16 64
394 2 16 60
18 2 16 55
3303 2 16 49
1065 2 16 44
943 2 16 40
902 2 16 36
3051 2 16 31
2083 2 16 26
2326 2 16 21
5692 2 16 16
5345 2 16 11
3209 2 16 6
1833 2 17 89
1328 2 17 85
132 2 17 80
5720 2 17 72
5438 2 17 68
5106 2 17 64
6001 2 17 59
2631 2 17 54
5588 2 17 48
2920 2 17 42
6312 2 17 35
4702 2 17 28
3094 2 17 23
3690 2 17 18
517 2 17 12
4675 2 17 6
5894 2 18 88
5383 2 18 83
1348 2 18 80
4446 2 18 72
2946 2 18 68
4950 2 18 64
3140 2 18 59
736 2 18 54
4269 2 18 48
2009 2 18 42
5591 2 18 35
3614 2 18 28
3053 2 18 22
3082 2 18 18
354 2 18 12
4631 2 18 6
5537 2 19 88
5182 2 19 83
4190 2 19 79
5209 2 19 73
4117 2 19 65
372 2 19 59
652 2 19 54
2069 2 19 48
1979 2 19 42
4844 2 19 35
3607 2 19 28
2928 2 19 22
2228 2 19 18
6011 2 19 11
2352 2 19 6
5322 3 0 88
4865 3 0 83
3253 3 0 79
3171 3 0 73
3406 3 0 65
6287 3 0 58
2066 3 0 53
1031 3 0 48
1456 3 0 42
4435 3 0 35
5718 3 0 27
281 3 0 23
170 3 0 18
5695 3 0 11
134 3 0 6
5267 3 1 88
4744 3 1 83
2264 3 1 79
5904 3 1 72
2866 3 1 68
4939 3 1 64
2813 3 1 59
6401 3 1 53
243 3 1 48
1263 3 1 42
766 3 1 35
4942 3 1 27
6166 3 1 22
1750 3 1 18
3026 3 1 11
4622 3 1 5
4169 3 2 88
4727 3 2 83
1247 3 2 79
4757 3 2 72
2788 3 2 68
3305 3 2 64
2682 3 2 59
5902 3 2 53
5463 3 2 47
1683 3 2 42
6328 3 2 34
5961 3 2 29
1440 3 2 24
1339 3 2 19
5287 3 2 13
5037 3 2 7
376 3 2 2
3885 3 3 88
1045 3 3 83
5525 3 3 78
6104 3 3 74
5488 3 3 68
1815 3 3 64
2021 3 3 59
5859 3 3 53
5342 3 3 47
1298 3 3 42
3774 3 3 34
4556 3 3 29
565 3 3 24
837 3 3 19
3703 3 3 13
4773 3 3 7
5513 3 3 1
3229 3 4 88
6022 3 4 82
2552 3 4 75
1945 3 4 71
1390 3 4 67
5751 3 4 60
5146 3 4 54
1805 3 4 48
342 3 4 42
3684 3 4 34
3995 3 4 29
248 3 4 24
5727 3 4 18
719 3 4 11
3649 3 4 5
1628 3 6 88
5793 3 6 82
4286 3 6 74
2363 3 6 68
3539 3 6 63
3132 3 6 58
1666 3 6 53
3897 3 6 47
920 3 6 42
131 3 6 34
1955 3 6 29
178 3 6 24
4931 3 6 18
5577 3 6 10
1330 3 6 5
586 3 7 88
4044 3 7 82
3669 3 7 74
272 3 7 68
5068 3 7 62
4765 3 7 56
163 3 7 51
649 3 7 46
2909 3 7 40
5933 3 7 35
3582 3 7 27
5534 3 7 22
643 3 7 18
4105 3 7 10
969 3 7 5
5059 3 8 87
6184 3 8 81
6172 3 8 76
855 3 8 70
2384 3 8 65
5758 3 8 58
306 3 8 53
1600 3 8 47
5239 3 8 41
4946 3 8 34
1754 3 8 29
4544 3 8 23
5085 3 8 17
2103 3 8 13
3524 3 8 7
4899 3 8 1
5967 3 9 86
764 3 9 82
2090 3 9 74
3350 3 9 67
2995 3 9 60
4948 3 9 54
1176 3 9 48
6398 3 9 41
4862 3 9 34
1231 3 9 29
3863 3 9 23
4182 3 9 17
5292 3 9 12
3232 3 9 6
5409 3 10 86
5955 3 10 81
5975 3 10 76
3526 3 10 69
4009 3 10 64
1214 3 10 59
4530 3 10 53
1212 3 10 47
4819 3 10 41
4409 3 10 34
92 3 10 29
2547 3 10 23
4110 3 10 17
5070 3 10 12
2802 3 10 6
6163 3 11 85
6182 3 11 79
4586 3 11 72
5020 3 11 67
1698 3 11 60
4198 3 11 54
916 3 11 48
5343 3 11 41
2403 3 11 34
6428 3 11 28
1168 3 11 22
104 3 11 18
3478 3 11 10
671 3 11 5
5608 3 12 85
4015 3 12 79
3846 3 12 72
4347 3 12 67
1207 3 12 60
3974 3 12 54
713 3 12 48
4833 3 12 41
1784 3 12 34
5739 3 12 28
3730 3 12 21
4267 3 12 16
5272 3 12 11
3001 3 12 5
2394 3 13 85
3194 3 13 79
5728 3 13 71
956 3 13 67
453 3 13 60
2992 3 13 54
274 3 13 48
2560 3 13 41
1264 3 13 34
4817 3 13 28
2274 3 13 21
1680 3 13 16
3517 3 13 11
2295 3 13 5
3369 3 14 83
3688 3 14 78
3936 3 14 74
2965 3 14 67
6395 3 14 59
3904 3 14 53
5138 3 14 46
2606 3 14 40
5624 3 14 35
1982 3 14 27
2648 3 14 22
6317 3 14 17
4902 3 14 12
1533 3 14 6
5403 3 15 82
1277 3 15 74
2453 3 15 67
4194 3 15 59
3779 3 15 53
4788 3 15 46
256 3 15 40
3801 3 15 35
1146 3 15 27
6148 3 15 21
462 3 15 16
1745 3 15 11
5906 3 15 4
3832 3 16 82
4801 3 16 73
1603 3 16 65
4099 3 16 58
6053 3 16 52
4165 3 16 45
4059 3 16 39
4565 3 16 34
1370 3 16 28
2249 3 16 21
2775 3 16 15
2626 3 16 10
6203 3 16 4
5056 3 17 81
2064 3 17 76
1651 3 17 69
2253 3 17 64
25 3 17 59
3528 3 17 53
4160 3 17 46
5051 3 17 39
4661 3 17 33
2158 3 17 29
999 3 17 23
1655 3 17 17
4337 3 17 12
1349 3 17 6
3713 3 18 81
4151 3 18 75
328 3 18 71
5073 3 18 66
2646 3 18 62
4008 3 18 56
5526 3 18 50
923 3 18 46
4471 3 18 39
4597 3 18 33
1943 3 18 29
5141 3 18 22
4260 3 18 17
1845 3 18 12
750 3 18 6
5770 3 19 79
5675 3 19 71
4053 3 19 66
5944 3 19 61
5564 3 19 55
2595 3 19 49
4861 3 19 43
2060 3 19 38
2612 3 19 34
1305 3 19 28
1545 3 19 21
2549 3 19 15
1184 3 19 10
5736 3 19 4
5470 4 6 79
4125 4 6 71
3759 4 6 66
3353 4 6 61
3928 4 6 55
852 4 6 49
4693 4 6 43
1882 4 6 38
6390 4 6 33
1810 4 6 29
4961 4 6 22
2272 4 6 17
4605 4 6 11
5705 4 6 4
3581 5 0 79
4063 5 0 71
2662 5 0 66
365 5 0 61
6323 5 0 54
244 5 0 48
1138 5 0 41
157 5 0 34
379 5 0 28
4719 5 0 20
1738 5 0 16
5200 5 0 10
3621 5 0 4
1101 5 1 78
5865 5 1 73
1492 5 1 65
800 5 1 58
5393 5 1 52
1338 5 1 45
3024 5 1 39
4103 5 1 33
1342 5 1 29
2709 5 1 22
1621 5 1 17
2013 5 1 11
4427 5 1 4
4748 5 2 77
3807 5 2 72
3416 5 2 67
1864 5 2 59
3460 5 2 53
3449 5 2 46
6193 5 2 38
2116 5 2 33
5790 5 2 28
4549 5 2 20
4543 5 2 15
4937 5 2 9
4396 5 2 3
1107 5 3 75
4746 5 3 70
1998 5 3 65
6069 5 3 57
1598 5 3 52
223 5 3 45
1374 5 3 39
3825 5 3 33
3118 5 3 28
3657 5 3 20
2922 5 3 15
4307 5 3 9
4284 5 3 3
4588 5 4 68
4790 5 4 62
3490 5 4 56
4449 5 4 50
847 5 4 46
4629 5 4 38
2085 5 4 33
60 5 4 28
3165 5 4 20
2073 5 4 15
3771 5 4 9
2621 5 4 3
2569 5 6 68
4725 5 6 62
3468 5 6 56
3641 5 6 50
5704 5 6 45
1225 5 6 39
2625 5 6 33
6126 5 6 27
5772 5 6 21
1030 5 6 15
3387 5 6 9
2357 5 6 3
5353 5 8 97
5996 5 8 93
456 5 8 90
1300 5 8 84
1272 5 8 79
3965 5 8 71
1887 5 8 66
6318 5 8 60
5168 5 8 53
3047 5 8 46
2661 5 8 38
1364 5 8 33
5443 5 8 27
4052 5 8 21
5768 5 8 14
5842 5 8 8
2504 5 8 3
5633 5 9 96
1315 5 9 91
1648 5 9 86
4569 5 9 81
2401 5 9 75
2643 5 9 70
1024 5 9 65
5529 5 9 57
914 5 9 52
5923 5 9 44
5818 5 9 39
1727 5 9 33
4949 5 9 27
3049 5 9 21
4892 5 9 14
5523 5 9 8
2137 5 9 3
5249 5 10 96
557 5 10 91
6340 5 10 85
2489 5 10 79
2881 5 10 71
1756 5 10 66
4739 5 10 60
3925 5 10 53
1674 5 10 46
2190 5 10 38
109 5 10 33
4905 5 10 27
2955 5 10 21
3953 5 10 14
5255 5 10 8
1578 5 10 3
3567 5 11 96
423 5 11 91
6289 5 11 85
1119 5 11 79
2695 5 11 71
504 5 11 66
3336 5 11 60
3465 5 11 53
890 5 11 46
4497 5 11 37
34 5 11 32
341 5 11 26
1743 5 11 21
3458 5 11 14
4670 5 11 8
1421 5 11 3
2455 5 12 96
236 5 12 91
3914 5 12 85
1042 5 12 79
2383 5 12 71
5404 5 12 65
4993 5 12 57
757 5 12 52
5776 5 12 44
5717 5 12 39
5990 5 12 32
83 5 12 26
4246 5 12 20
70 5 12 15
2697 5 12 9
4866 5 12 2
1379 5 13 96
6256 5 13 90
1164 5 13 84
1015 5 13 79
2293 5 13 71
5361 5 13 65
4191 5 13 57
395 5 13 52
4046 5 13 44
5044 5 13 39
4720 5 13 32
5185 5 13 25
679 5 13 19
2870 5 13 13
2317 5 13 7
2018 5 13 1
1283 5 14 96
5837 5 14 90
5997 5 14 83
3135 5 14 78
5677 5 14 73
738 5 14 65
3910 5 14 57
4983 5 14 51
291 5 14 46
3243 5 14 37
6048 5 14 31
1145 5 14 26
4145 5 14 20
6381 5 14 14
3161 5 14 8
1029 5 14 3
5829 5 15 95
3289 5 15 91
3908 5 15 85
598 5 15 79
2139 5 15 71
5237 5 15 65
2325 5 15 57
2720 5 15 51
5654 5 15 45
5757 5 15 38
4208 5 15 32
5071 5 15 25
138 5 15 19
1613 5 15 13
1510 5 15 7
1917 5 15 1
2163 5 16 95
2806 5 16 91
2578 5 16 85
6160 5 16 78
4974 5 16 73
225 5 16 65
1003 5 16 57
834 5 16 51
3130 5 16 45
5735 5 16 38
3444 5 16 32
463 5 16 25
49 5 16 19
1469 5 16 13
5174 5 16 6
6365 5 17 94
318 5 17 90
5425 5 17 83
1975 5 17 78
2327 5 17 73
6244 5 17 64
5987 5 17 58
4209 5 17 52
3747 5 17 44
4531 5 17 39
3269 5 17 32
247 5 17 25
3535 5 17 18
2340 5 17 10
3116 5 17 4
3548 5 18 94
6078 5 18 89
5626 5 18 84
754 5 18 79
168 5 18 71
336 5 18 65
6435 5 18 56
2959 5 18 50
5505 5 18 45
5280 5 18 38
2548 5 18 32
4643 5 18 24
4729 5 18 18
1148 5 18 10
1939 5 18 4
3422 5 19 94
6059 5 19 89
2596 5 19 84
5787 5 19 78
1386 5 19 73
6000 5 19 64
3339 5 19 58
3677 5 19 52
1490 5 19 44
3916 5 19 39
3241 5 19 32
4590 5 19 24
3871 5 19 18
6130 5 19 9
2269 5 19 2
1094 6 4 94
4411 6 4 89
1350 6 4 84
5649 6 4 78
202 6 4 73
5707 6 4 64
2734 6 4 58
3207 6 4 52
4641 6 4 43
1396 6 4 38
1086 6 4 32
3344 6 4 24
3466 6 4 18
5284 6 4 9
1171 6 4 2
4612 6 6 93
4048 6 6 89
6275 6 6 83
1568 6 6 78
6389 6 6 72
5568 6 6 66
3304 6 6 60
3134 6 6 53
851 6 6 46
2780 6 6 37
3195 6 6 31
6337 6 6 25
3475 6 6 18
4708 6 6 9
480 6 6 2
4604 6 8 93
3872 6 8 89
5295 6 8 83
601 6 8 78
4673 6 8 72
4677 6 8 66
2543 6 8 60
3043 6 8 53
352 6 8 46
1707 6 8 37
5642 6 8 30
4516 6 8 24
2521 6 8 18
4262 6 8 9
66 6 8 2
4077 6 9 93
2368 6 9 89
2932 6 9 83
6039 6 9 77
3726 6 9 72
4401 6 9 66
1654 6 9 60
2328 6 9 53
323 6 9 46
5886 6 9 36
928 6 9 31
4434 6 9 25
5698 6 9 17
1717 6 9 11
3596 6 9 4
3611 6 10 93
1288 6 10 89
2804 6 10 83
6028 6 10 77
2324 6 10 72
3484 6 10 66
2166 6 10 59
2075 6 10 53
160 6 10 46
4639 6 10 36
477 6 10 31
3656 6 10 25
5574 6 10 17
1316 6 10 11
2864 6 10 4
3603 6 11 93
5336 6 11 88
3415 6 11 82
3208 6 11 73
5354 6 11 64
2146 6 11 58
2771 6 11 52
3748 6 11 43
2434 6 11 37
4522 6 11 30
4274 6 11 24
1838 6 11 18
1368 6 11 9
5920 6 11 1
3412 6 12 93
5098 6 12 88
2940 6 12 82
1180 6 12 73
4109 6 12 64
1906 6 12 58
2256 6 12 52
6235 6 12 42
547 6 12 33
4485 6 12 27
1895 6 12 21
3045 6 12 14
1596 6 12 8
6113 6 12 2
3298 6 13 93
4398 6 13 88
398 6 13 82
1102 6 13 73
4094 6 13 64
6380 6 13 57
459 6 13 51
2186 6 13 45
3920 6 13 38
5767 6 13 31
1652 6 13 25
4634 6 13 17
343 6 13 11
1942 6 13 4
2114 6 14 93
650 6 14 88
338 6 14 82
4343 6 14 72
1200 6 14 66
5517 6 14 58
1735 6 14 52
3639 6 14 42
2933 6 14 32
2721 6 14 24
1790 6 14 18
399 6 14 8
5963 6 14 2
5994 7 1 92
5502 7 1 87
3501 7 1 81
1875 7 1 75
425 7 1 70
475 7 1 65
5593 7 1 56
2147 7 1 50
4694 7 1 45
3766 7 1 38
5645 7 1 31
801 7 1 25
4227 7 1 17
5341 7 1 10
859 7 1 4
4992 7 2 92
5218 7 2 87
2766 7 2 81
1589 7 2 75
4783 7 2 69
5552 7 2 63
2757 7 2 58
280 7 2 52
1977 7 2 42
2622 7 2 32
763 7 2 24
1351 7 2 18
6052 7 2 7
1853 7 2 1
4898 7 3 92
3673 7 3 87
2014 7 3 81
4965 7 3 74
1668 7 3 67
1450 7 3 59
1730 7 3 53
6 7 3 46
2361 7 3 36
348 7 3 31
4473 7 3 24
1161 7 3 18
5398 7 3 7
4656 7 4 92
3236 7 4 86
4266 7 4 81
4217 7 4 74
1376 7 4 67
1437 7 4 59
6225 7 4 52
1016 7 4 42
232 7 4 32
286 7 4 24
162 7 4 18
5236 7 4 7
4495 7 14 92
2452 7 14 86
3977 7 14 81
1310 7 14 74
368 7 14 67
515 7 14 59
5412 7 14 52
5047 7 14 41
6268 7 14 33
4039 7 14 27
246 7 14 21
2508 7 14 14
1209 7 14 8
5750 7 14 2
1849 7 16 92
1196 7 16 86
3265 7 16 81
848 7 16 74
2502 7 16 66
5454 7 16 58
6209 7 16 51
1562 7 16 45
1916 7 16 38
4019 7 16 31
2638 7 16 24
4043 7 16 17
4842 7 16 10
6057 7 16 3
6399 7 17 91
893 7 17 85
4532 7 17 78
4328 7 17 72
6036 7 17 65
2686 7 17 56
1951 7 17 50
4385 7 17 45
495 7 17 38
2574 7 17 31
832 7 17 24
3981 7 17 17
3947 7 17 10
5332 7 17 3
6291 7 18 91
573 7 18 85
3314 7 18 78
5369 7 18 71
6017 7 18 64
5167 7 18 57
4305 7 18 50
3742 7 18 45
5296 7 18 37
4493 7 18 30
1830 7 18 24
3576 7 18 17
1865 7 18 10
4812 7 18 3
5661 7 19 91
90 7 19 85
2639 7 19 78
5155 7 19 71
3331 7 19 64
4672 7 19 57
2829 7 19 50
3069 7 19 45
4025 7 19 37
4130 7 19 30
1705 7 19 24
2308 7 19 17
1481 7 19 10
3984 7 19 3
2216 8 1 91
4478 8 1 84
4040 8 1 78
4474 8 1 71
3226 8 1 64
3913 8 1 57
488 8 1 50
367 8 1 45
2733 8 1 37
1941 8 1 30
1198 8 1 24
2189 8 1 17
4970 8 1 9
5333 8 1 1
1809 8 2 91
3138 8 2 84
3731 8 2 78
4341 8 2 71
2859 8 2 64
3114 8 2 57
455 8 2 50
2845 8 2 44
3847 8 2 39
3129 8 2 32
98 8 2 24
476 8 2 17
2963 8 2 9
3565 8 2 1
1699 8 3 91
2950 8 3 84
2233 8 3 78
4189 8 3 71
2819 8 3 64
2439 8 3 57
5822 8 3 49
3424 8 3 43
2215 8 3 37
1656 8 3 30
5907 8 3 23
1232 8 3 17
1776 8 3 9
2468 8 3 1
1482 8 4 91
1458 8 4 84
1324 8 4 78
3332 8 4 71
2542 8 4 64
1632 8 4 57
5453 8 4 49
2704 8 4 43
1854 8 4 37
972 8 4 30
3375 8 4 23
1156 8 4 17
809 8 4 9
233 8 4 1
1235 8 6 91
334 8 6 84
1268 8 6 78
2694 8 6 71
6234 8 6 63
2690 8 6 58
5986 8 6 51
1413 8 6 45
1713 8 6 37
5551 8 6 29
1143 8 6 22
1083 8 6 17
6346 8 6 8
3064 8 6 2
519 8 7 91
4963 8 7 83
5583 8 7 77
358 8 7 72
3411 8 7 65
2168 8 7 56
1157 8 7 50
2275 8 7 44
3288 8 7 39
3103 8 7 32
2738 8 7 23
5817 8 7 16
4982 8 7 10
3875 8 7 3
5921 8 8 90
5423 8 8 83
4822 8 8 77
255 8 8 72
3348 8 8 65
1696 8 8 56
989 8 8 50
30 8 8 44
5950 8 8 38
2130 8 8 31
4954 8 8 23
5407 8 8 16
2774 8 8 10
3166 8 8 3
4619 8 9 90
5134 8 9 83
3617 8 9 77
5673 8 9 71
4671 8 9 63
587 8 9 58
4290 8 9 51
1402 8 9 45
4361 8 9 36
5003 8 9 30
3076 8 9 23
5364 8 9 16
2497 8 9 10
349 8 9 3
2232 8 10 90
3438 8 10 83
1897 8 10 77
5554 8 10 71
2981 8 10 63
193 8 10 58
3905 8 10 51
6342 8 10 44
4726 8 10 38
1125 8 10 31
1966 8 10 23
3960 8 10 16
2120 8 10 10
5302 8 10 2
2084 9 1 90
1075 9 1 83
6299 9 1 76
584 9 1 69
3400 9 1 63
6253 9 1 57
5399 9 1 49
6175 9 1 42
6303 9 1 31
1425 9 1 23
361 9 1 16
1147 9 1 10
2918 9 1 2
1836 9 4 90
839 9 4 83
4106 9 4 76
4140 9 4 68
3665 9 4 62
1653 9 4 56
604 9 4 50
6081 9 4 43
860 9 4 37
4683 9 4 29
4940 9 4 21
2278 9 4 14
5173 9 4 7
1795 9 6 90
6419 9 6 82
2880 9 6 72
1933 9 6 65
1262 9 6 56
97 9 6 50
3735 9 6 43
6391 9 6 36
4705 9 6 30
1899 9 6 23
5352 9 6 15
2618 9 6 9
2362 9 6 2
278 9 11 90
6089 9 11 82
2688 9 11 72
1537 9 11 65
5421 9 11 55
149 9 11 49
5538 9 11 42
5752 9 11 31
4540 9 11 21
799 9 11 14
2668 9 11 7
143 9 12 90
5763 9 12 82
1191 9 12 72
1047 9 12 65
3214 9 12 55
3426 9 12 48
6242 9 12 40
936 9 12 35
172 9 12 27
6204 9 12 20
4998 9 12 14
2653 9 12 7
6280 9 13 89
2702 9 13 83
3217 9 13 76
3898 9 13 68
2614 9 13 62
1427 9 13 56
5126 9 13 49
5049 9 13 42
3098 9 13 31
4317 9 13 21
6267 9 13 13
4369 9 13 6
4988 9 14 89
5250 9 14 82
906 9 14 72
6259 9 14 64
785 9 14 57
4610 9 14 49
4314 9 14 42
2204 9 14 31
2390 9 14 21
5164 9 14 13
4195 9 14 6
4599 9 15 89
4791 9 15 82
369 9 15 72
5542 9 15 64
5561 9 15 56
4953 9 15 49
3502 9 15 42
500 9 15 31
978 9 15 21
5087 9 15 13
3532 9 15 6
4415 9 16 89
3781 9 16 82
5836 9 16 71
2745 9 16 63
3391 9 16 57
3334 9 16 49
2337 9 16 42
6329 9 16 30
3632 9 16 22
6314 9 16 16
3809 9 16 9
5614 9 16 1
3152 9 17 89
739 9 17 82
5028 9 17 71
2291 9 17 63
2094 9 17 57
2227 9 17 49
1509 9 17 42
1807 9 17 30
3541 9 17 22
5833 9 17 16
767 9 17 9
4958 9 17 1
1322 9 18 89
426 9 18 82
3364 9 18 71
5514 9 18 62
4955 9 18 55
2901 9 18 48
5780 9 18 40
5258 9 18 34
4615 9 18 27
4837 9 18 20
4537 9 18 14
2402 9 18 7
6157 9 19 88
5435 9 19 81
5791 9 19 73
1006 9 19 64
4870 9 19 56
1428 9 19 49
784 9 19 42
725 9 19 30
2258 9 19 22
5062 9 19 16
5840 9 19 8
3967 9 19 1
3833 10 1 88
4664 10 1 81
4276 10 1 73
820 10 1 64
3831 10 1 56
6190 10 1 48
3645 10 1 40
4506 10 1 34
4491 10 1 27
3806 10 1 20
3691 10 1 14
2049 10 1 7
19 10 3 88
4346 10 3 81
3056 10 3 73
795 10 3 64
1986 10 3 56
2306 10 3 48
3123 10 3 40
4086 10 3 34
1583 10 3 27
2610 10 3 20
1291 10 3 14
5506 10 3 6
1594 10 4 87
1234 10 4 81
938 10 4 73
672 10 4 64
1546 10 4 56
1414 10 4 48
1560 10 4 40
3682 10 4 34
370 10 4 27
1739 10 4 20
3136 10 4 13
1806 10 4 6
5597 10 6 86
2831 10 6 81
537 10 6 73
5495 10 6 63
1609 10 6 57
6220 10 6 48
4550 10 6 39
2700 10 6 32
2173 10 6 23
4848 10 6 15
1409 10 6 9
2360 10 6 1
5528 10 8 86
2179 10 8 81
503 10 8 73
5024 10 8 63
5864 10 8 56
979 10 8 48
3564 10 8 39
5201 10 8 31
439 10 8 21
2835 10 8 13
710 10 8 6
2419 10 9 86
975 10 9 81
5969 10 9 72
5440 10 9 64
1167 10 9 56
324 10 9 48
2365 10 9 39
4856 10 9 31
5307 10 9 20
1470 10 9 13
472 10 9 6
3311 10 10 84
1076 10 10 78
1178 10 10 71
3388 10 10 62
4440 10 10 55
1353 10 10 48
6335 10 10 38
6354 10 10 30
1742 10 10 22
5041 10 10 16
2669 10 10 8
1937 10 10 1
3122 10 11 84
5754 10 11 77
3015 10 11 71
5376 10 11 61
6005 10 11 54
6306 10 11 47
4796 10 11 41
5915 10 11 33
2007 10 11 27
886 10 11 20
1068 10 11 13
4618 10 11 5
5001 10 12 83
277 10 12 76
2737 10 12 68
2580 10 12 62
3890 10 12 55
1217 10 12 48
6309 10 12 38
5009 10 12 30
704 10 12 22
4975 10 12 16
6265 10 12 7
4952 10 13 83
3946 10 13 75
2385 10 13 69
1813 10 13 63
5039 10 13 56
6228 10 13 47
4644 10 13 41
4823 10 13 33
786 10 13 27
5299 10 13 19
1239 10 13 13
4084 10 13 5
4315 10 14 83
903 10 14 75
6325 10 14 68
1060 10 14 62
1685 10 14 55
1109 10 14 48
2393 10 14 38
4464 10 14 30
408 10 14 22
3959 10 14 16
3956 10 14 7
4132 10 15 83
29 10 15 75
3445 10 15 68
6261 10 15 61
4441 10 15 54
5978 10 15 47
3989 10 15 41
3610 10 15 33
498 10 15 27
4879 10 15 19
1055 10 15 13
3525 10 15 5
5178 10 16 82
2454 10 16 71
4732 10 16 61
2206 10 16 54
5900 10 16 47
2657 10 16 41
6095 10 16 32
1311 10 16 23
2123 10 16 15
5377 10 16 8
1361 10 16 1
3633 10 17 82
1501 10 17 71
3147 10 17 61
2151 10 17 54
5806 10 17 47
915 10 17 41
4574 10 17 32
6382 10 17 22
1078 10 17 16
3911 10 17 7
2539 10 18 82
6400 10 18 70
4436 10 18 64
416 10 18 56
4548 10 18 47
561 10 18 41
3991 10 18 32
2860 10 18 22
2844 10 18 15
3486 10 18 8
206 10 18 1
1258 10 19 82
5433 10 19 70
2377 10 19 64
6269 10 19 55
4219 10 19 47
5394 10 19 40
2904 10 19 34
3586 10 19 26
2629 10 19 20
788 10 19 13
2925 10 19 5
4216 11 1 81
3425 11 1 72
4527 11 1 64
5099 11 1 55
3107 11 1 47
5300 11 1 40
789 11 1 34
2398 11 1 26
2440 11 1 20
478 11 1 13
5340 11 1 4
4964 11 3 80
2976 11 3 72
3722 11 3 64
1762 11 3 55
2971 11 3 47
5130 11 3 40
479 11 3 34
1618 11 3 26
1551 11 3 20
187 11 3 13
3951 11 3 4
2583 11 4 79
4296 11 4 70
2240 11 4 64
6330 11 4 54
5029 11 4 47
4642 11 4 40
45 11 4 34
1599 11 4 26
5447 11 4 19
5479 11 4 12
5637 11 4 5
2449 11 6 78
569 11 6 71
1358 11 6 61
1710 11 6 54
4467 11 6 47
1186 11 6 40
6383 11 6 33
218 11 6 27
4082 11 6 19
5023 11 6 12
5123 11 6 5
2892 11 8 77
4563 11 8 70
201 11 8 64
5879 11 8 54
4080 11 8 47
514 11 8 40
6227 11 8 33
3966 11 8 26
4000 11 8 19
3284 11 8 12
5069 11 8 5
4534 11 9 76
3895 11 9 67
4771 11 9 58
3190 11 9 51
5746 11 9 44
4404 11 9 38
3762 11 9 30
42 11 9 22
2748 11 9 15
990 11 9 8
3605 11 10 76
2973 11 10 67
5888 11 10 57
5621 11 10 48
1702 11 10 38
3261 11 10 30
6040 11 10 21
2247 11 10 13
2181 11 10 4
2786 12 1 76
1299 12 1 67
3555 12 1 57
3721 12 1 48
1500 12 1 38
2954 12 1 30
1667 12 1 21
1731 12 1 13
1033 12 1 4
4026 12 3 74
5868 12 3 65
1828 12 3 55
2886 12 3 47
5722 12 3 39
4654 12 3 31
4423 12 3 20
6254 12 3 12
4477 12 3 5
5679 12 4 70
6087 12 4 63
3802 12 4 56
4131 12 4 47
5711 12 4 39
796 12 4 31
1851 12 4 20
5937 12 4 12
3193 12 4 5
2503 12 6 58
3126 12 6 51
3892 12 6 44
3511 12 6 38
303 12 6 30
823 12 6 21
5730 12 6 12
2711 12 6 5
5325 12 11 51
3664 12 11 44
2305 12 11 38
5834 12 11 29
4688 12 11 21
4323 12 11 12
868 12 11 5
4913 12 12 96
5496 12 12 90
5475 12 12 82
5014 12 12 70
5615 12 12 63
3698 12 12 56
4047 12 12 47
3292 12 12 39
378 12 12 31
2 12 12 20
4027 12 12 12
5814 12 12 4
3667 12 13 96
4682 12 13 90
1165 12 13 82
2516 12 13 70
4228 12 13 63
2993 12 13 56
3879 12 13 47
3181 12 13 39
5579 12 13 30
487 12 13 21
2830 12 13 12
4572 12 13 4
5665 12 15 95
5821 12 15 90
931 12 15 82
5659 12 15 69
1752 12 15 63
1383 12 15 56
3252 12 15 47
6082 12 15 38
5630 12 15 29
3931 12 15 21
2118 12 15 12
3696 12 15 4
1357 12 16 95
2667 12 16 90
176 12 16 82
4388 12 16 69
375 12 16 63
577 12 16 56
1832 12 16 47
4092 12 16 38
5395 12 16 29
1507 12 16 21
2059 12 16 12
2811 12 16 4
1022 12 17 95
1758 12 17 90
113 12 17 82
4349 12 17 69
5797 12 17 62
1601 12 17 55
2432 12 17 47
3268 12 17 38
5027 12 17 29
5629 12 17 20
3533 12 17 12
1430 12 17 4
981 12 18 95
355 12 18 90
6020 12 18 81
2687 12 18 72
2347 12 18 64
5000 12 18 54
4011 12 18 47
2676 12 18 38
4243 12 18 29
5084 12 18 20
2133 12 18 12
5655 12 18 3
622 12 19 95
5290 12 19 89
424 12 19 82
2156 12 19 69
5731 12 19 62
508 12 19 55
1523 12 19 47
2527 12 19 38
3987 12 19 29
4713 12 19 20
1952 12 19 12
5472 12 19 3
397 13 1 95
3739 13 1 89
4775 13 1 81
6425 13 1 71
1017 13 1 61
1704 13 1 54
3179 13 1 47
2332 13 1 38
2257 13 1 29
2148 13 1 20
215 13 1 12
5286 13 1 3
2980 13 3 94
4124 13 3 89
1426 13 3 81
6131 13 3 71
40 13 3 61
5970 13 3 53
4312 13 3 45
3790 13 3 36
1089 13 3 30
1659 13 3 20
204 13 3 12
2846 13 3 3
6302 13 4 93
4202 13 4 87
741 13 4 81
4545 13 4 71
5600 13 4 60
2143 13 4 53
4205 13 4 45
3620 13 4 36
5509 13 4 29
1393 13 4 20
5610 13 4 11
967 13 4 4
6132 13 6 93
3792 13 6 87
607 13 6 81
3729 13 6 71
1366 13 6 60
1199 13 6 53
3998 13 6 45
3379 13 6 36
881 13 6 29
909 13 6 20
5129 13 6 11
2791 13 6 3
4809 13 8 93
3081 13 8 87
382 13 8 81
3293 13 8 71
1343 13 8 60
815 13 8 53
5499 13 8 44
2273 13 8 38
790 13 8 29
302 13 8 20
1253 13 8 11
2301 13 8 3
1574 13 9 93
762 13 9 87
5396 13 9 80
1657 13 9 72
1855 13 9 64
2990 13 9 54
2609 13 9 47
1513 13 9 38
6286 13 9 28
2536 13 9 20
3683 13 9 10
1561 13 9 2
5262 13 10 92
151 13 10 86
4786 13 10 80
626 13 10 72
4635 13 10 63
4524 13 10 55
711 13 10 47
998 13 10 38
4575 13 10 28
1371 13 10 20
2336 13 10 10
1380 13 10 2
4784 13 11 92
6440 13 11 85
2437 13 11 78
5941 13 11 70
4211 13 11 63
3736 13 11 55
103 13 11 47
496 13 11 38
632 13 11 28
897 13 11 20
706 13 11 10
5908 13 11 1
4513 13 12 92
6012 13 12 85
2171 13 12 78
4745 13 12 70
3577 13 12 63
2807 13 12 55
4854 13 12 46
2043 13 12 36
4785 13 12 28
5820 13 12 19
3117 13 12 12
260 13 12 3
4144 13 13 92
5897 13 13 85
1908 13 13 78
3448 13 13 70
3497 13 13 63
2544 13 13 55
3820 13 13 46
964 13 13 36
1843 13 13 28
4454 13 13 19
2794 13 13 12
6015 13 13 2
4034 13 15 92
5527 13 15 85
294 13 15 78
3188 13 15 70
987 13 15 63
1772 13 15 55
3623 13 15 46
623 13 15 36
1416 13 15 28
3035 13 15 19
2485 13 15 12
5311 13 15 2
3124 13 16 92
4402 13 16 85
4138 13 16 77
4431 13 16 70
5245 13 16 62
6324 13 16 54
1774 13 16 47
5539 13 16 37
4430 13 16 29
6161 13 16 19
1085 13 16 12
4285 13 16 2
347 13 17 92
1074 13 17 85
3681 13 17 77
3744 13 17 70
4399 13 17 62
5090 13 17 54
1127 13 17 47
5432 13 17 37
4090 13 17 29
2051 13 17 19
545 13 17 12
2381 13 17 2
5761 13 18 91
4611 13 18 83
5910 13 18 74
5815 13 18 65
695 13 18 55
3377 13 18 46
4155 13 18 35
16 13 18 27
3462 13 18 19
6135 13 18 11
2152 13 18 3
5747 13 19 91
3941 13 19 83
5026 13 19 74
5559 13 19 65
73 13 19 55
3264 13 19 46
2941 13 19 35
6106 13 19 26
3770 13 19 19
6004 13 19 11
1646 13 19 3
3285 14 1 91
3926 14 1 83
4298 14 1 74
4373 14 1 65
6145 14 1 54
629 14 1 47
2772 14 1 37
1904 14 1 29
1206 14 1 19
4850 14 1 11
952 14 1 3
3176 14 3 91
2868 14 3 83
4164 14 3 74
3063 14 3 65
5136 14 3 54
596 14 3 47
2730 14 3 37
1126 14 3 29
6344 14 3 18
3712 14 3 7
3154 14 8 91
2837 14 8 83
5378 14 8 73
3969 14 8 63
1274 14 8 55
2894 14 8 46
747 14 8 35
5874 14 8 26
51 14 8 19
1871 14 8 11
4263 14 8 2
5031 14 15 90
3437 14 15 81
6165 14 15 70
3508 14 15 62
3624 14 15 54
77 14 15 47
1043 14 15 37
6079 14 15 28
2930 14 15 19
856 14 15 11
4024 14 15 2
3720 15 1 90
3019 15 1 81
3599 15 1 70
3110 15 1 62
1400 15 1 54
4306 15 1 46
3705 15 1 34
973 15 1 26
4834 15 1 18
2473 15 1 7
3318 15 3 90
2727 15 3 81
1443 15 3 70
1592 15 3 62
1329 15 3 54
1575 15 3 46
3429 15 3 34
5256 15 3 25
1571 15 3 17
6116 15 3 8
2989 15 6 90
1174 15 6 81
901 15 6 70
1286 15 6 62
4050 15 6 53
5390 15 6 44
2100 15 6 38
3111 15 6 27
3286 15 6 19
6416 15 6 10
5690 15 6 1
1819 16 1 90
613 16 1 81
647 16 1 70
6188 16 1 61
2898 16 1 53
5347 16 1 44
1800 16 1 38
4853 16 1 26
3556 16 1 18
2172 16 1 7
50 16 3 90
39 16 3 81
447 16 3 70
5189 16 3 61
1687 16 3 53
3789 16 3 44
700 16 3 38
4494 16 3 26
1471 16 3 18
1714 16 3 7
5318 16 6 89
636 16 6 81
72 16 6 70
4863 16 6 61
5686 16 6 52
2524 16 6 41
1347 16 6 32
2000 16 6 22
2302 16 6 15
32 16 6 8
3470 16 7 89
3650 16 7 80
6110 16 7 71
5335 16 7 59
4676 16 7 52
224 16 7 41
688 16 7 32
842 16 7 22
6376 16 7 14
2572 16 7 6
2879 16 8 89
3613 16 8 80
5749 16 8 71
1369 16 8 59
4072 16 8 52
6420 16 8 39
5338 16 8 30
1442 16 8 20
6185 16 8 9
2451 16 9 89
2200 16 9 80
5737 16 9 71
4855 16 9 58
3046 16 9 51
1808 16 9 44
5540 16 9 37
5599 16 9 28
1334 16 9 19
5789 16 9 10
5074 16 9 1
2081 16 10 89
1996 16 10 80
4803 16 10 70
4679 16 10 61
3710 16 10 52
6045 16 10 39
4652 16 10 30
944 16 10 20
5800 16 10 9
620 16 11 89
153 16 11 80
1718 16 11 70
4271 16 11 61
3204 16 11 52
5328 16 11 39
3175 16 11 30
3860 16 11 19
5565 16 11 10
5036 16 11 1
5067 16 12 88
2926 16 12 81
6394 16 12 69
5190 16 12 62
3822 16 12 53
2217 16 12 44
4249 16 12 37
4463 16 12 28
722 16 12 19
2024 16 12 10
4280 16 12 1
5045 16 13 88
2248 16 13 81
6176 16 13 69
4484 16 13 62
3811 16 13 53
1478 16 13 44
3638 16 13 37
4277 16 13 28
4606 16 13 18
592 16 13 7
2751 16 14 88
71 16 14 81
5702 16 14 69
4175 16 14 62
3794 16 14 53
1377 16 14 44
1346 16 14 37
1336 16 14 28
4405 16 14 18
150 16 14 7
917 16 15 88
3798 16 15 80
691 16 15 70
3570 16 15 61
2266 16 15 52
4920 16 15 39
2348 16 15 30
2842 16 15 19
1953 16 15 10
3374 16 15 1
175 16 16 88
4054 16 16 79
2851 16 16 70
2219 16 16 61
1385 16 16 52
3600 16 16 39
2044 16 16 30
2833 16 16 19
1744 16 16 10
821 16 17 87
3227 16 17 80
17 16 17 70
994 16 17 61
1129 16 17 52
5794 16 17 38
3857 16 17 26
6109 16 17 17
6114 16 17 8
4658 16 18 86
3218 16 18 80
6409 16 18 69
1749 16 18 62
1582 16 18 53
443 16 18 44
438 16 18 37
351 16 18 28
3383 16 18 18
74 16 18 7
2637 16 19 86
2875 16 19 80
5248 16 19 69
6331 16 19 61
65 16 19 52
5151 16 19 38
1663 16 19 26
5040 16 19 17
5744 16 19 8
468 17 1 86
1640 17 1 80
2878 17 1 69
3704 17 1 60
68 17 1 53
5257 17 1 43
6321 17 1 36
391 17 1 28
827 17 1 18
6197 17 1 6
2427 17 3 85
1009 17 3 77
2576 17 3 70
5013 17 3 60
63 17 3 53
4301 17 3 43
6224 17 3 36
6051 17 3 27
2632 17 3 19
1527 17 3 10
1548 17 6 85
857 17 6 77
1536 17 6 70
3029 17 6 60
6215 17 6 52
4445 17 6 37
5925 17 6 27
2128 17 6 19
1445 17 6 10
1375 17 7 85
3290 17 7 76
5964 17 7 66
4525 17 7 58
2836 17 7 51
1295 17 7 44
422 17 7 37
5456 17 7 27
53 17 7 19
288 17 7 10
590 17 8 85
6245 17 8 75
3301 17 8 68
6167 17 8 61
5215 17 8 51
960 17 8 44
3994 17 8 36
5981 17 8 27
4023 17 8 18
4646 17 8 6
1983 17 9 84
5065 17 9 77
139 17 9 70
2564 17 9 60
6174 17 9 52
3222 17 9 37
2843 17 9 27
2176 17 9 18
250 17 9 6
469 17 10 84
3805 17 10 77
4389 17 10 69
3386 17 10 60
5145 17 10 52
1221 17 10 37
1529 17 10 27
1886 17 10 18
6207 17 10 5
401 17 11 84
2112 17 11 77
3097 17 11 69
1243 17 11 60
4798 17 11 52
6357 17 11 36
3986 17 11 27
1123 17 11 18
2072 17 11 5
300 17 12 84
655 17 12 77
896 17 12 69
6407 17 12 59
2285 17 12 52
2931 17 12 35
5773 17 12 26
118 17 12 17
3666 17 12 8
2159 17 13 83
1802 17 13 73
3228 17 13 63
330 17 13 55
1671 17 13 46
526 17 13 34
4308 17 13 25
430 17 13 17
3401 17 13 8
5788 17 14 82
1627 17 14 69
1233 17 14 59
1565 17 14 52
1834 17 14 35
5207 17 14 26
5140 17 14 16
1918 17 14 7
3536 17 15 82
317 17 15 69
5046 17 15 58
934 17 15 51
953 17 15 44
360 17 15 36
2565 17 15 27
158 17 15 18
445 17 15 5
2101 17 16 82
4251 17 16 68
5018 17 16 61
1120 17 16 51
6307 17 16 43
3983 17 16 36
2010 17 16 27
137 17 16 18
5942 17 16 4
126 17 17 82
3901 17 17 68
3454 17 17 61
264 17 17 51
4469 17 17 43
2214 17 17 36
1131 17 17 27
4197 17 17 17
1321 17 17 8
5083 17 18 81
5118 17 18 69
4667 17 18 58
5331 17 18 50
3306 17 18 43
1587 17 18 36
5905 17 18 26
3940 17 18 16
1406 17 18 7
4847 17 19 81
4593 17 19 69
4254 17 19 58
4239 17 19 50
1205 17 19 43
5536 17 19 35
2261 17 19 26
3769 17 19 16
1128 17 19 7
913 19 0 81
1935 19 0 69
3335 19 0 58
3917 19 0 50
4450 19 0 42
5708 19 0 29
4701 19 0 18
4776 19 0 4
5232 19 1 79
2820 19 1 70
2499 19 1 60
3922 19 1 52
88 19 1 33
2488 19 1 26
988 19 1 16
5671 19 1 6
1557 19 2 76
4723 19 2 66
1780 19 2 58
3637 19 2 50
3784 19 2 42
4462 19 2 29
2834 19 2 18
791 19 2 4
2314 19 3 59
560 19 3 52
2322 19 3 32
3923 19 3 21
1111 19 3 12
1547 19 3 2
5220 19 4 58
3417 19 4 50
1712 19 4 42
4372 19 4 29
707 19 4 18
466 19 4 3
4443 19 5 95
3396 19 5 89
4348 19 5 79
2644 19 5 70
2479 19 5 60
3514 19 5 52
2074 19 5 32
6352 19 5 20
4766 19 5 9
5883 19 6 94
2052 19 6 89
2739 19 6 79
1532 19 6 70
1803 19 6 60
2852 19 6 52
2144 19 6 31
4839 19 6 19
44 19 6 10
5726 19 7 94
1227 19 7 89
1162 19 7 79
212 19 7 70
549 19 7 60
1868 19 7 52
209 19 7 31
3072 19 7 19
4425 19 7 9
1495 19 8 94
362 19 8 89
1067 19 8 79
6308 19 8 69
3038 19 8 58
2533 19 8 50
524 19 8 42
2814 19 8 29
4353 19 8 17
1132 19 8 8
6192 19 9 93
94 19 9 87
1395 19 9 80
2477 19 9 69
3000 19 9 58
1637 19 9 50
448 19 9 42
2556 19 9 29
2763 19 9 17
305 19 9 8
5861 19 10 93
4871 19 10 86
1110 19 10 80
811 19 10 69
258 19 10 58
2294 19 10 49
85 19 10 42
144 19 10 29
5263 19 10 16
4755 19 10 6
4767 19 11 93
4813 19 11 86
746 19 11 80
582 19 11 69
5441 19 11 57
513 19 11 48
3023 19 11 37
1271 19 11 27
1728 19 11 17
6085 19 11 7
1938 19 12 93
4685 19 12 86
542 19 12 80
6255 19 12 68
6441 19 12 60
4335 19 12 51
3868 19 12 43
1746 19 12 35
2245 19 12 26
6044 19 12 15
4616 19 12 7
1475 19 13 93
3186 19 13 86
296 19 13 80
6186 19 13 68
5604 19 13 60
4261 19 13 51
3855 19 13 43
1491 19 13 35
1658 19 13 26
5417 19 13 15
4589 19 13 7
15 19 14 93
3102 19 14 86
293 19 14 80
4014 19 14 68
4836 19 14 60
3844 19 14 51
2792 19 14 43
615 19 14 35
449 19 14 26
5273 19 14 15
2696 19 14 7
1604 19 15 92
664 19 15 85
3399 19 15 75
3032 19 15 68
3786 19 15 60
3783 19 15 51
2592 19 15 43
6233 19 15 34
3572 19 15 25
251 19 15 17
4797 19 15 7
825 19 16 92
5875 19 16 84
419 19 16 77
357 19 16 69
4268 19 16 57
5158 19 16 47
2108 19 16 36
2107 19 16 26
3075 19 16 15
2664 19 16 7
333 19 17 92
5161 19 17 84
390 19 17 77
6341 19 17 68
2280 19 17 60
3199 19 17 51
2461 19 17 43
2345 19 17 34
3231 19 17 25
78 19 17 17
3575 19 17 7
4468 19 18 91
2358 19 18 83
1436 19 18 73
1474 19 18 63
6371 19 18 54
5617 19 18 45
2119 19 18 36
1729 19 18 26
311 19 18 15
3131 19 18 6
2425 19 19 91
1931 19 19 83
1281 19 19 73
1273 19 19 63
5466 19 19 54
5590 19 19 45
1827 19 19 36
1619 19 19 26
5798 19 19 14
350 19 19 6
