2576
3756 0 0 96
3125 0 0 93
1347 0 0 90
1338 0 0 88
2295 0 0 85
755 0 0 83
3559 0 0 79
2695 0 0 77
1805 0 0 75
3352 0 0 72
1657 0 0 70
4623 0 0 68
3903 0 0 65
4268 0 0 62
2378 0 0 60
812 0 0 56
317 0 0 53
4746 0 0 50
4765 0 0 47
1712 0 0 44
3307 0 0 40
819 0 0 37
4085 0 0 34
2561 0 0 32
3092 0 0 30
1367 0 0 27
214 0 0 25
4077 0 0 23
3986 0 0 20
2084 0 0 15
3098 0 0 13
4265 0 0 11
4937 0 0 9
294 0 0 7
4596 0 0 5
4658 0 0 2
1742 0 1 96
3243 0 1 92
4059 0 1 90
2768 0 1 86
1105 0 1 84
2145 0 1 82
2640 0 1 80
645 0 1 78
2051 0 1 75
4492 0 1 71
3469 0 1 68
3210 0 1 65
1787 0 1 62
3981 0 1 59
4355 0 1 56
3276 0 1 52
2974 0 1 50
200 0 1 47
2579 0 1 43
2686 0 1 40
5005 0 1 36
2653 0 1 34
5020 0 1 30
2740 0 1 26
2013 0 1 23
3704 0 1 20
1414 0 1 15
4657 0 1 12
4926 0 1 9
4656 0 1 6
3089 0 1 4
3257 0 1 1
1028 0 2 96
2442 0 2 92
2304 0 2 89
4598 0 2 86
2546 0 2 83
2701 0 2 79
3197 0 2 75
2269 0 2 71
3143 0 2 67
1773 0 2 64
2968 0 2 60
652 0 2 56
3183 0 2 52
5044 0 2 49
299 0 2 46
3983 0 2 44
4773 0 2 39
280 0 2 36
1058 0 2 34
2313 0 2 30
1237 0 2 26
768 0 2 23
1570 0 2 20
4895 0 2 14
2923 0 2 11
4497 0 2 7
1656 0 2 5
2564 0 2 1
179 0 3 96
3272 0 3 91
3914 0 3 88
82 0 3 85
3238 0 3 82
3280 0 3 79
188 0 3 75
4873 0 3 70
4295 0 3 67
600 0 3 64
1422 0 3 60
649 0 3 56
2594 0 3 52
2702 0 3 49
3973 0 3 45
2605 0 3 41
1436 0 3 38
4082 0 3 36
5133 0 3 32
2782 0 3 29
2819 0 3 26
582 0 3 22
3173 0 3 19
2611 0 3 16
2972 0 3 14
2571 0 3 10
2780 0 3 6
4585 0 3 3
4420 0 4 95
4120 0 4 93
288 0 4 90
362 0 4 86
26 0 4 83
2117 0 4 79
4406 0 4 74
3816 0 4 70
4797 0 4 66
4378 0 4 63
3350 0 4 60
4961 0 4 55
2007 0 4 52
2283 0 4 48
1132 0 4 46
2556 0 4 43
1703 0 4 40
2625 0 4 36
4396 0 4 32
2101 0 4 28
4121 0 4 25
2898 0 4 21
1550 0 4 19
993 0 4 16
1855 0 4 14
2486 0 4 10
2116 0 4 6
2793 0 4 3
2724 0 5 95
4699 0 5 92
1515 0 5 88
3855 0 5 84
3410 0 5 81
4637 0 5 78
1877 0 5 75
3056 0 5 70
399 0 5 66
5052 0 5 62
4357 0 5 58
4537 0 5 55
197 0 5 52
1860 0 5 48
2662 0 5 44
2612 0 5 39
4245 0 5 35
1078 0 5 32
806 0 5 28
5091 0 5 24
1557 0 5 21
5023 0 5 18
5022 0 5 14
4616 0 5 9
1395 0 5 6
4859 0 5 2
156 0 6 95
1690 0 6 92
528 0 6 88
2725 0 6 84
1437 0 6 81
3288 0 6 78
3239 0 6 74
2408 0 6 70
4889 0 6 65
3133 0 6 61
4156 0 6 58
3754 0 6 54
2629 0 6 52
1984 0 6 47
4788 0 6 42
4384 0 6 39
750 0 6 35
2012 0 6 31
3224 0 6 27
1804 0 6 24
3190 0 6 20
1130 0 6 14
4318 0 6 9
656 0 6 6
36 0 6 2
3569 0 7 94
3129 0 7 90
19 0 7 86
1150 0 7 82
1116 0 7 79
4017 0 7 74
938 0 7 70
2184 0 7 65
2245 0 7 61
400 0 7 57
4499 0 7 53
1641 0 7 50
4793 0 7 46
2085 0 7 43
4332 0 7 39
4982 0 7 34
1022 0 7 30
1060 0 7 26
5109 0 7 21
3343 0 7 18
4939 0 7 14
4258 0 7 9
3644 0 7 5
3447 0 8 94
2896 0 8 90
2859 0 8 84
523 0 8 81
620 0 8 77
1048 0 8 74
3388 0 8 69
4816 0 8 66
3802 0 8 62
2980 0 8 58
3460 0 8 54
2460 0 8 50
4246 0 8 46
3719 0 8 42
3117 0 8 39
422 0 8 34
177 0 8 30
3000 0 8 25
2187 0 8 21
2193 0 8 17
2135 0 8 13
1012 0 8 10
3755 0 8 5
3240 0 9 94
1049 0 9 90
2461 0 9 84
3953 0 9 80
1500 0 9 77
145 0 9 74
2508 0 9 69
2977 0 9 66
670 0 9 62
1950 0 9 58
4501 0 9 53
1199 0 9 50
4216 0 9 46
1759 0 9 42
5029 0 9 38
302 0 9 36
4287 0 9 32
455 0 9 28
4649 0 9 24
2663 0 9 20
1123 0 9 14
2054 0 9 9
2436 0 9 4
1244 0 10 94
4604 0 10 89
2200 0 10 85
1819 0 10 82
3477 0 10 78
2993 0 10 74
2265 0 10 69
4582 0 10 65
860 0 10 60
3840 0 10 55
4011 0 10 51
3991 0 10 48
2181 0 10 44
866 0 10 39
4313 0 10 33
1051 0 10 30
2307 0 10 25
1770 0 10 21
1858 0 10 17
1127 0 10 13
5062 0 10 9
1720 0 10 4
295 0 11 94
3751 0 11 89
4520 0 11 84
3783 0 11 80
2842 0 11 76
279 0 11 73
1923 0 11 70
4052 0 11 64
1298 0 11 59
654 0 11 56
2196 0 11 52
545 0 11 47
3386 0 11 42
4632 0 11 38
944 0 11 35
2654 0 11 30
2076 0 11 25
3290 0 11 20
792 0 11 14
1383 0 11 9
1624 0 11 3
2787 0 12 93
2541 0 12 89
4494 0 12 84
3188 0 12 80
2158 0 12 76
3812 0 12 72
3600 0 12 69
4563 0 12 65
4162 0 12 59
3830 0 12 55
2743 0 12 51
2685 0 12 48
5083 0 12 43
2364 0 12 39
289 0 12 33
4306 0 12 29
607 0 12 26
4231 0 12 21
1835 0 12 17
828 0 12 13
4106 0 12 8
2383 0 12 5
2553 0 13 93
1026 0 13 89
3303 0 13 84
2760 0 13 80
459 0 13 76
2957 0 13 72
1371 0 13 69
4134 0 13 65
3510 0 13 59
1907 0 13 55
1764 0 13 51
1954 0 13 48
3297 0 13 43
1816 0 13 39
4070 0 13 32
3565 0 13 27
4630 0 13 23
4991 0 13 18
2565 0 13 14
1072 0 13 9
3941 0 13 2
2037 0 14 93
4712 0 14 88
106 0 14 84
2665 0 14 80
4945 0 14 75
1462 0 14 70
3157 0 14 64
802 0 14 59
4031 0 14 54
4505 0 14 49
880 0 14 45
196 0 14 41
2423 0 14 37
2791 0 14 33
3688 0 14 29
3786 0 14 25
4925 0 14 19
4954 0 14 15
1029 0 14 11
4166 0 14 7
3838 0 14 4
5069 0 15 92
2746 0 15 87
3750 0 15 85
4324 0 15 81
284 0 15 77
5050 0 15 73
3862 0 15 69
3999 0 15 65
2232 0 15 59
2490 0 15 54
37 0 15 49
282 0 15 45
3015 0 15 40
1938 0 15 36
4702 0 15 31
2847 0 15 27
4369 0 15 23
3206 0 15 18
1904 0 15 14
4947 0 15 8
1094 0 15 5
4328 0 16 92
2693 0 16 87
3044 0 16 85
4286 0 16 81
5146 0 16 75
4311 0 16 69
1621 0 16 65
759 0 16 59
4636 0 16 53
3234 0 16 49
4999 0 16 44
4109 0 16 38
1929 0 16 34
1311 0 16 29
3229 0 16 25
3341 0 16 19
3072 0 16 15
927 0 16 11
3302 0 16 7
5074 0 16 3
2971 0 17 92
2305 0 17 87
2079 0 17 84
2583 0 17 80
4570 0 17 75
4144 0 17 69
917 0 17 65
449 0 17 59
4271 0 17 53
888 0 17 49
3956 0 17 44
1830 0 17 38
1556 0 17 34
664 0 17 29
3122 0 17 25
414 0 17 19
3065 0 17 15
4672 0 17 10
2230 0 17 5
1674 0 18 92
1488 0 18 87
5030 0 18 83
2027 0 18 79
3789 0 18 74
1063 0 18 69
3792 0 18 64
4154 0 18 58
4168 0 18 53
995 0 18 48
2616 0 18 43
1263 0 18 39
1440 0 18 32
178 0 18 27
1287 0 18 23
2756 0 18 18
5046 0 18 13
4090 0 18 8
687 0 18 5
1192 0 19 92
825 0 19 87
3031 0 19 83
1451 0 19 79
2965 0 19 74
3806 0 19 68
2228 0 19 65
234 0 19 59
4264 0 19 53
116 0 19 48
3181 0 19 42
4239 0 19 37
2392 0 19 33
3027 0 19 29
2771 0 19 25
238 0 19 19
4515 0 19 14
4196 0 19 8
4416 0 19 4
4503 2 0 91
2339 2 0 88
4466 2 0 83
4771 2 0 78
479 2 0 74
897 2 0 68
104 2 0 65
231 2 0 59
4204 2 0 53
5043 2 0 47
915 2 0 42
3868 2 0 37
1252 2 0 32
4874 2 0 26
3778 2 0 21
5051 2 0 16
2376 2 0 13
2676 2 0 8
3300 2 0 3
3880 2 1 91
203 2 1 88
3965 2 1 83
4727 2 1 78
4297 2 1 73
3121 2 1 69
3733 2 1 64
3258 2 1 58
3744 2 1 53
5041 2 1 47
907 2 1 42
4932 2 1 36
3120 2 1 31
1246 2 1 27
4906 2 1 22
2300 2 1 19
4040 2 1 14
2699 2 1 8
1385 2 1 3
2234 2 3 91
715 2 3 87
1411 2 3 83
2365 2 3 78
3864 2 3 73
2941 2 3 69
3177 2 3 64
2467 2 3 58
3024 2 3 53
4322 2 3 47
3168 2 3 41
4041 2 3 36
2335 2 3 31
969 2 3 27
4496 2 3 22
2655 2 3 18
3655 2 3 13
1224 2 3 8
4362 2 3 2
1760 2 5 91
152 2 5 87
379 2 5 83
2280 2 5 78
2520 2 5 73
4392 2 5 68
2644 2 5 64
2429 2 5 58
2159 2 5 53
3972 2 5 47
2673 2 5 41
2251 2 5 36
1982 2 5 31
3128 2 5 26
2092 2 5 21
4465 2 5 16
1727 2 5 13
990 2 5 8
3211 2 5 2
1083 2 6 91
4169 2 6 86
4778 2 6 80
4543 2 6 75
1676 2 6 69
2832 2 6 64
2025 2 6 58
5056 2 6 52
437 2 6 47
3664 2 6 40
3997 2 6 35
1943 2 6 30
4849 2 6 24
700 2 6 20
4804 2 6 13
4747 2 6 7
56 2 6 3
4631 2 8 90
1975 2 8 84
1607 2 8 80
4439 2 8 75
1092 2 8 69
2818 2 8 64
39 2 8 58
3374 2 8 52
3328 2 8 46
776 2 8 42
4370 2 8 36
5031 2 8 30
4274 2 8 24
682 2 8 20
4486 2 8 13
4481 2 8 7
5113 2 8 2
2173 2 9 90
3946 2 9 83
305 2 9 78
868 2 9 73
3900 2 9 68
1387 2 9 64
5066 2 9 57
4242 2 9 53
3924 2 9 47
2813 2 9 40
2779 2 9 35
1577 2 9 30
3982 2 9 24
4418 2 9 19
3251 2 9 14
2434 2 9 8
1834 2 9 2
3916 2 10 89
443 2 10 84
966 2 10 80
1606 2 10 75
276 2 10 69
2441 2 10 64
4827 2 10 57
3018 2 10 53
3091 2 10 47
2288 2 10 40
594 2 10 35
185 2 10 30
510 2 10 24
901 2 10 19
3111 2 10 14
1274 2 10 8
951 2 10 2
3896 2 12 88
3274 2 12 83
5077 2 12 77
4611 2 12 73
3344 2 12 68
4732 2 12 63
3012 2 12 60
2466 2 12 55
2274 2 12 50
3989 2 12 46
1596 2 12 41
851 2 12 36
4233 2 12 30
111 2 12 24
4482 2 12 18
2757 2 12 13
3738 2 12 7
4678 2 12 2
3119 2 13 88
225 2 13 83
3958 2 13 77
4289 2 13 73
1728 2 13 68
2172 2 13 63
1927 2 13 60
719 2 13 55
1181 2 13 50
1942 2 13 46
2802 2 13 40
556 2 13 35
4829 2 13 29
3995 2 13 24
3135 2 13 18
2416 2 13 13
2934 2 13 7
3856 2 13 2
2061 2 14 87
930 2 14 82
2956 2 14 78
562 2 14 73
3823 2 14 67
4967 2 14 63
1888 2 14 60
4972 2 14 54
3366 2 14 48
2491 2 14 42
2326 2 14 36
3551 2 14 30
4909 2 14 23
2407 2 14 18
1449 2 14 13
2577 2 14 7
2990 2 14 2
1529 2 15 87
905 2 15 82
1941 2 15 78
3976 2 15 72
827 2 15 67
4519 2 15 63
1841 2 15 58
2208 2 15 52
2688 2 15 46
2608 2 15 40
394 2 15 35
4489 2 15 29
2722 2 15 24
2820 2 15 18
3158 2 15 12
4380 2 15 9
3648 2 15 2
4504 2 18 86
3775 2 18 80
312 2 18 75
4423 2 18 68
146 2 18 63
1790 2 18 58
2077 2 18 52
2531 2 18 46
2532 2 18 40
4470 2 18 33
2734 2 18 29
1985 2 18 24
1880 2 18 18
2185 2 18 12
4772 2 18 8
158 2 18 2
3494 2 19 86
3676 2 19 80
4790 2 19 74
249 2 19 68
4559 2 19 62
1691 2 19 58
507 2 19 52
1495 2 19 46
1969 2 19 40
4459 2 19 33
3937 2 19 28
3888 2 19 24
1397 2 19 18
1878 2 19 12
4146 2 19 7
2268 2 19 2
2675 3 0 84
864 3 0 80
4697 3 0 74
4548 3 0 67
4062 3 0 62
622 3 0 58
3837 3 0 51
1600 3 0 47
1680 3 0 40
4161 3 0 33
3689 3 0 28
1534 3 0 24
1353 3 0 18
4340 3 0 11
1652 3 0 7
4033 3 0 1
1614 3 1 84
445 3 1 80
3779 3 1 74
3627 3 1 67
3524 3 1 62
5071 3 1 57
2457 3 1 53
2149 3 1 47
257 3 1 40
1996 3 1 33
2111 3 1 28
4817 3 1 23
1161 3 1 18
3053 3 1 11
476 3 1 7
879 3 1 1
4461 3 3 83
2811 3 3 77
3353 3 3 73
3422 3 3 67
3260 3 3 61
4700 3 3 56
563 3 3 52
3904 3 3 45
2954 3 3 40
1654 3 3 33
4001 3 3 27
3622 3 3 22
1313 3 3 18
1752 3 3 11
3342 3 3 6
3928 3 3 1
2825 3 5 82
884 3 5 78
1902 3 5 72
707 3 5 67
2177 3 5 61
4626 3 5 56
3977 3 5 51
1191 3 5 47
47 3 5 40
194 3 5 33
3491 3 5 27
4876 3 5 21
1826 3 5 16
1173 3 5 13
997 3 5 7
1417 3 5 1
732 3 6 82
397 3 6 78
1693 3 6 72
646 3 6 67
229 3 6 61
4445 3 6 56
4179 3 6 50
1523 3 6 46
1420 3 6 40
1006 3 6 32
3919 3 6 26
262 3 6 21
1404 3 6 16
1034 3 6 13
481 3 6 7
204 3 8 82
4401 3 8 77
2884 3 8 73
66 3 8 67
4529 3 8 60
2705 3 8 54
2897 3 8 48
4968 3 8 41
4757 3 8 35
3950 3 8 29
1778 3 8 24
1184 3 8 18
1715 3 8 10
1539 3 8 5
2515 3 9 81
2281 3 9 75
3776 3 9 68
1906 3 9 62
401 3 9 57
1441 3 9 53
2143 3 9 47
4024 3 9 39
1366 3 9 32
3062 3 9 26
3112 3 9 20
4195 3 9 13
4151 3 9 6
580 3 10 81
1307 3 10 75
1617 3 10 68
1312 3 10 62
5126 3 10 56
3395 3 10 50
4107 3 10 45
928 3 10 40
666 3 10 32
1678 3 10 26
2774 3 10 20
4049 3 10 13
3577 3 10 6
4737 3 12 79
2908 3 12 74
2570 3 12 67
4365 3 12 60
2148 3 12 53
989 3 12 47
2409 3 12 39
1113 3 12 32
543 3 12 26
2493 3 12 20
2877 3 12 13
2291 3 12 6
3605 3 14 79
237 3 14 74
2087 3 14 67
2592 3 14 60
2096 3 14 53
512 3 14 47
1883 3 14 39
982 3 14 32
5038 3 14 25
4167 3 14 18
690 3 14 10
1142 3 14 5
5003 3 19 78
3748 3 19 71
1144 3 19 67
2050 3 19 60
650 3 19 53
4198 3 19 46
2264 3 19 39
4990 3 19 31
2708 3 19 26
2126 3 19 20
2176 3 19 13
5006 3 19 5
4754 4 6 71
3331 4 6 66
5040 4 6 61
3909 4 6 56
2817 4 6 50
3311 4 6 45
3685 4 6 39
2823 4 6 31
1532 4 6 26
2078 4 6 20
725 4 6 13
4893 4 6 5
2991 4 10 70
2716 4 10 64
2919 4 10 57
4368 4 10 52
2033 4 10 45
3194 4 10 39
2523 4 10 31
4996 4 10 25
1151 4 10 18
2985 4 10 9
1593 4 10 2
3846 4 14 50
1632 4 14 45
2144 4 14 39
3619 4 14 30
4580 4 14 23
4902 4 14 17
4884 4 14 12
2871 4 14 7
2681 4 17 98
5001 4 17 95
729 4 17 92
265 4 17 86
1444 4 17 80
2615 4 17 74
1458 4 17 67
72 4 17 60
4913 4 17 52
1163 4 17 45
3698 4 17 38
2507 4 17 33
2599 4 17 27
4564 4 17 21
224 4 17 16
4659 4 17 12
2301 4 17 7
1003 4 18 97
4648 4 18 94
2988 4 18 88
3978 4 18 82
1936 4 18 77
1204 4 18 73
587 4 18 66
4407 4 18 61
1948 4 18 56
1572 4 18 49
785 4 18 44
815 4 18 38
1485 4 18 33
1480 4 18 27
4158 4 18 21
4184 4 18 15
1609 4 18 10
669 4 18 5
4610 4 19 96
2250 4 19 91
2648 4 19 86
926 4 19 80
2108 4 19 74
339 4 19 67
4824 4 19 59
3160 4 19 53
3465 4 19 46
2114 4 19 39
605 4 19 30
4140 4 19 23
4367 4 19 17
3555 4 19 12
2277 4 19 7
3665 5 0 95
3615 5 0 91
1913 5 0 86
286 5 0 80
1655 5 0 74
4628 5 0 66
3511 5 0 61
1806 5 0 56
1225 5 0 49
769 5 0 44
434 5 0 38
435 5 0 33
535 5 0 27
908 5 0 21
3760 5 0 15
3055 5 0 9
1470 5 0 2
2091 5 1 95
3501 5 1 91
1416 5 1 86
4993 5 1 79
5137 5 1 73
123 5 1 66
1874 5 1 61
1664 5 1 56
709 5 1 49
5026 5 1 43
5068 5 1 38
3680 5 1 32
345 5 1 25
955 5 1 18
2606 5 1 9
1337 5 1 2
1504 5 2 95
2729 5 2 91
4668 5 2 85
3881 5 2 80
3968 5 2 73
1369 5 2 65
3892 5 2 58
2038 5 2 51
3747 5 2 46
140 5 2 39
1561 5 2 29
1667 5 2 24
796 5 2 18
1461 5 2 9
613 5 2 2
432 5 3 95
2239 5 3 91
4241 5 3 85
3356 5 3 80
1084 5 3 73
147 5 3 65
5095 5 3 57
2016 5 3 52
1109 5 3 45
4664 5 3 37
3060 5 3 31
4372 5 3 25
4020 5 3 17
2848 5 3 12
4934 5 3 6
3354 5 5 94
2290 5 5 88
3393 5 5 82
712 5 5 77
4618 5 5 72
3824 5 5 66
1498 5 5 61
4818 5 5 55
5125 5 5 49
4356 5 5 43
4153 5 5 38
3263 5 5 32
2345 5 5 24
5076 5 5 17
2202 5 5 12
4583 5 5 6
2962 5 6 94
559 5 6 88
2098 5 6 82
4905 5 6 76
3594 5 6 71
3228 5 6 66
1061 5 6 61
3759 5 6 55
2931 5 6 49
3895 5 6 43
3922 5 6 38
2609 5 6 32
1618 5 6 24
3446 5 6 17
1261 5 6 12
1598 5 6 6
2659 5 8 94
4606 5 8 87
486 5 8 82
4511 5 8 76
2955 5 8 71
833 5 8 66
4105 5 8 60
1659 5 8 52
2862 5 8 44
119 5 8 38
2140 5 8 32
4819 5 8 23
3363 5 8 17
5010 5 8 11
4279 5 8 5
1719 5 9 94
2459 5 9 87
4652 5 9 81
661 5 9 75
2153 5 9 67
3195 5 9 59
1912 5 9 53
3232 5 9 46
4798 5 9 38
1911 5 9 32
3845 5 9 23
1296 5 9 17
1020 5 9 11
495 5 9 5
1168 5 10 94
2192 5 10 87
2812 5 10 81
390 5 10 75
4561 5 10 66
2845 5 10 60
4696 5 10 51
2527 5 10 46
2698 5 10 38
1696 5 10 32
1288 5 10 23
574 5 10 17
4468 5 10 10
167 5 10 5
4182 5 11 93
3140 5 11 88
2093 5 11 82
3463 5 11 76
166 5 11 71
2885 5 11 65
4800 5 11 57
633 5 11 52
1525 5 11 44
4694 5 11 37
2926 5 11 31
2742 5 11 25
3333 5 11 17
3971 5 11 10
4806 5 11 4
3613 5 12 93
1947 5 12 88
308 5 12 82
2555 5 12 76
65 5 12 71
1850 5 12 65
4619 5 12 57
4946 5 12 51
1940 5 12 46
2413 5 12 38
1562 5 12 32
439 5 12 23
4035 5 12 16
2642 5 12 12
1197 5 12 6
3226 5 14 93
4814 5 14 87
1494 5 14 81
283 5 14 75
2218 5 14 66
683 5 14 60
3138 5 14 51
1242 5 14 46
1016 5 14 38
655 5 14 32
4741 5 14 22
797 5 14 17
2402 5 14 10
3175 5 14 4
3137 5 15 93
4127 5 15 87
706 5 15 81
4811 5 15 74
3525 5 15 66
347 5 15 59
456 5 15 53
1937 5 15 46
331 5 15 38
1542 5 15 31
2253 5 15 25
705 5 15 17
984 5 15 10
1815 5 15 4
1697 6 3 93
1175 6 3 87
5045 6 3 80
337 6 3 73
2940 6 3 64
2411 6 3 57
4603 6 3 51
1010 6 3 46
4847 6 3 37
2168 6 3 31
2191 6 3 25
695 6 3 17
795 6 3 10
657 6 3 4
4640 6 15 92
4349 6 15 85
4807 6 15 79
3678 6 15 73
2287 6 15 64
1183 6 15 57
3893 6 15 51
604 6 15 46
4605 6 15 37
678 6 15 31
1698 6 15 25
1528 6 15 16
2000 6 15 12
130 6 15 6
4208 6 17 92
2720 6 17 85
2932 6 17 79
3563 6 17 73
2259 6 17 64
96 6 17 57
3795 6 17 51
344 6 17 46
4100 6 17 37
577 6 17 31
934 6 17 25
1427 6 17 16
1769 6 17 12
3581 6 17 5
3589 6 18 92
2566 6 18 85
2212 6 18 79
2328 6 18 73
1254 6 18 64
4234 6 18 56
3907 6 18 48
4922 6 18 41
4571 6 18 35
3504 6 18 29
1009 6 18 24
1358 6 18 17
568 6 18 10
3767 6 18 3
949 6 19 92
2470 6 19 85
791 6 19 79
4981 6 19 72
3586 6 19 66
4235 6 19 57
2041 6 19 51
4451 6 19 45
4129 6 19 37
340 6 19 31
552 6 19 25
893 6 19 16
2261 6 19 11
5112 6 19 4
4723 7 1 91
3411 7 1 85
766 7 1 79
3602 7 1 72
491 7 1 66
2004 7 1 57
665 7 1 51
2776 7 1 45
3993 7 1 37
4794 7 1 30
1758 7 1 23
3203 7 1 16
1811 7 1 11
4921 7 1 4
4701 7 6 91
1236 7 6 85
3891 7 6 78
1537 7 6 71
1128 7 6 65
3428 7 6 57
2267 7 6 50
3553 7 6 44
4026 7 6 37
3899 7 6 30
380 7 6 23
1890 7 6 16
793 7 6 11
2227 7 6 4
862 7 10 91
688 7 10 85
1884 7 10 78
1235 7 10 71
697 7 10 65
921 7 10 57
621 7 10 50
3009 7 10 44
3979 7 10 37
2554 7 10 30
4576 7 10 22
471 7 10 17
74 7 10 10
2833 7 10 3
5147 7 12 90
3584 7 12 83
1668 7 12 77
4119 7 12 72
3365 7 12 65
557 7 12 57
4845 7 12 49
1517 7 12 43
405 7 12 38
1040 7 12 31
3250 7 12 24
1292 7 12 17
5145 7 12 9
2338 7 12 1
4933 7 13 90
2389 7 13 83
421 7 13 77
3607 7 13 72
2788 7 13 65
4443 7 13 56
2456 7 13 48
3507 7 13 41
4566 7 13 35
2463 7 13 29
3351 7 13 23
4302 7 13 15
4726 7 13 8
129 7 13 2
4903 7 15 90
1229 7 15 83
4050 7 15 76
52 7 15 71
1253 7 15 64
4164 7 15 56
2404 7 15 48
3480 7 15 41
4189 7 15 35
2201 7 15 29
3067 7 15 23
3651 7 15 15
4065 7 15 8
4721 7 15 1
3796 7 17 90
609 7 17 83
2405 7 17 76
4821 7 17 70
624 7 17 64
2008 7 17 56
1410 7 17 48
1733 7 17 41
1217 7 17 35
2036 7 17 29
1847 7 17 23
2352 7 17 15
2438 7 17 8
4572 7 17 1
3625 8 1 90
4693 8 1 82
1649 8 1 76
4554 8 1 70
526 8 1 64
1592 8 1 56
3643 8 1 47
1447 8 1 39
4191 8 1 28
3650 8 1 23
1802 8 1 15
1392 8 1 8
3277 8 1 1
2206 8 2 90
3608 8 2 82
4677 8 2 75
1478 8 2 66
227 8 2 57
3493 8 2 49
1270 8 2 43
2344 8 2 37
757 8 2 30
1931 8 2 22
4575 8 2 16
465 8 2 11
1921 8 2 4
1808 8 3 90
2023 8 3 82
4278 8 3 75
1210 8 3 66
173 8 3 57
2821 8 3 49
886 8 3 43
1928 8 3 37
110 8 3 30
438 8 3 22
4347 8 3 16
5084 8 3 10
2124 8 3 3
453 8 4 90
954 8 4 82
3535 8 4 75
3826 8 4 65
950 8 4 56
998 8 4 47
5138 8 4 38
4343 8 4 30
4997 8 4 21
2624 8 4 15
1273 8 4 8
3042 8 4 1
4048 8 8 89
4507 8 8 83
2128 8 8 76
4321 8 8 70
4098 8 8 63
1889 8 8 57
2645 8 8 49
153 8 8 43
5100 8 8 36
3432 8 8 30
4784 8 8 21
398 8 8 15
497 8 8 8
357 8 8 1
3596 8 10 89
4280 8 10 83
2127 8 10 76
3817 8 10 70
2540 8 10 63
1818 8 10 57
2621 8 10 49
4644 8 10 42
4095 8 10 35
1725 8 10 29
213 8 10 23
3636 8 10 14
425 8 10 8
3434 8 15 89
3803 8 15 83
2118 8 15 76
1219 8 15 70
1944 8 15 63
3345 8 15 56
4879 8 15 46
3721 8 15 37
2984 8 15 29
5067 8 15 22
2355 8 15 16
1454 8 15 10
1797 8 15 3
2749 8 19 89
402 8 19 83
698 8 19 76
820 8 19 70
1379 8 19 63
2918 8 19 56
2916 8 19 46
1961 8 19 37
1629 8 19 29
4862 8 19 22
1555 8 19 16
285 8 19 10
4986 8 19 2
2273 9 1 89
5123 9 1 82
3284 9 1 75
2763 9 1 65
3963 9 1 55
2834 9 1 49
2462 9 1 42
3610 9 1 35
1588 9 1 29
4777 9 1 22
1424 9 1 16
1901 9 1 9
1796 9 1 1
913 9 2 89
4473 9 2 82
3215 9 2 75
430 9 2 65
3077 9 2 55
2706 9 2 49
1979 9 2 42
3520 9 2 35
1251 9 2 29
3706 9 2 22
2563 9 2 15
1599 9 2 7
4680 9 3 88
3917 9 3 81
3810 9 3 74
3327 9 3 66
4544 9 3 56
2879 9 3 46
1897 9 3 37
477 9 3 29
3349 9 3 22
2039 9 3 15
4892 9 3 6
4437 9 4 88
3361 9 4 81
2060 9 4 74
80 9 4 66
3829 9 4 56
5132 9 4 45
3237 9 4 37
4918 9 4 28
2479 9 4 23
3252 9 4 14
4714 9 4 7
4327 9 5 88
3273 9 5 81
1563 9 5 74
4740 9 5 65
2578 9 5 55
270 9 5 49
322 9 5 42
2489 9 5 35
1090 9 5 29
3348 9 5 22
1097 9 5 14
4633 9 5 7
4218 9 6 88
738 9 6 81
4312 9 6 73
1008 9 6 64
1228 9 6 56
3322 9 6 45
1430 9 6 37
4371 9 6 28
2026 9 6 23
168 9 6 14
4326 9 6 7
3538 9 7 88
350 9 7 81
4180 9 7 73
366 9 7 64
3634 9 7 55
4440 9 7 48
1597 9 7 41
4995 9 7 34
506 9 7 29
977 9 7 22
5088 9 7 13
3848 9 7 5
1960 9 8 88
4434 9 8 80
3123 9 8 72
2641 9 8 65
2535 9 8 55
3095 9 8 48
412 9 8 41
3417 9 8 34
4512 9 8 28
3544 9 8 22
4655 9 8 13
3010 9 8 5
1082 9 15 88
3387 9 15 80
1266 9 15 72
1974 9 15 65
2278 9 15 55
2870 9 15 48
358 9 15 41
4645 9 15 33
4521 9 15 26
1171 9 15 20
4546 9 15 12
1763 9 15 5
3556 10 7 87
4309 10 7 80
2950 10 7 71
1145 10 7 64
2137 10 7 54
4358 10 7 47
5120 10 7 38
3677 10 7 30
3261 10 7 21
4907 10 7 14
2899 10 7 7
2866 10 10 86
4642 10 10 79
1894 10 10 72
1745 10 10 65
1646 10 10 55
1218 10 10 48
4955 10 10 40
378 10 10 32
4012 10 10 22
3329 10 10 13
1706 10 10 5
551 10 12 85
1475 10 12 78
108 10 12 71
564 10 12 63
2216 10 12 56
1021 10 12 45
1255 10 12 37
4220 10 12 28
2958 10 12 22
3155 10 12 13
1455 10 12 5
3952 10 13 84
3629 10 13 79
4667 10 13 71
2209 10 13 62
5101 10 13 56
701 10 13 45
1212 10 13 37
3809 10 13 28
2513 10 13 22
2928 10 13 12
1096 10 13 5
1899 10 15 84
979 10 15 79
3401 10 15 71
2179 10 15 62
4883 10 15 56
3218 10 15 44
3564 10 15 37
3021 10 15 28
1339 10 15 22
1177 10 15 12
1067 10 15 4
964 10 17 84
4404 10 17 78
3841 10 17 70
659 10 17 63
1394 10 17 56
2869 10 17 44
3448 10 17 37
3005 10 17 28
336 10 17 22
4779 10 17 11
1015 10 17 4
4602 10 18 81
4069 10 18 73
154 10 18 64
2053 10 18 54
4225 10 18 47
4897 10 18 38
1493 10 18 30
2694 10 18 21
4170 10 18 14
2617 10 18 7
822 10 19 81
2255 10 19 73
3291 10 19 63
3935 10 19 55
4 10 19 48
4840 10 19 40
175 10 19 32
2683 10 19 22
2901 10 19 11
976 10 19 3
205 11 0 81
1269 11 0 73
2650 11 0 63
3390 11 0 55
3041 11 0 47
4187 11 0 38
1279 11 0 30
3141 11 0 20
4014 11 0 12
4928 11 0 3
4175 11 5 79
2217 11 5 71
1651 11 5 62
4467 11 5 56
1340 11 5 44
3423 11 5 37
2864 11 5 28
4464 11 5 21
2929 11 5 14
2215 11 5 7
1648 11 7 79
1924 11 7 71
800 11 7 62
4112 11 7 56
863 11 7 44
830 11 7 37
988 11 7 28
3628 11 7 21
1859 11 7 14
2175 11 7 7
749 11 8 79
1586 11 8 71
133 11 8 62
1800 11 8 56
3449 11 8 43
4578 11 8 36
2574 11 8 30
1076 11 8 20
3885 11 8 12
4539 11 8 3
1868 11 9 78
3835 11 9 70
122 11 9 63
1464 11 9 55
1749 11 9 47
3818 11 9 38
3938 11 9 29
692 11 9 22
2537 11 9 11
461 11 9 3
3630 11 10 77
1822 11 10 72
4750 11 10 64
1503 11 10 54
3902 11 10 47
3654 11 10 38
2854 11 10 29
252 11 10 22
4706 11 10 10
4023 11 10 2
2427 11 13 75
2704 11 13 64
1460 11 13 54
3368 11 13 47
2790 11 13 38
1046 11 13 29
4854 11 13 21
4087 11 13 13
711 11 13 5
241 11 15 72
4748 11 15 64
488 11 15 54
2619 11 15 47
4976 11 15 37
215 11 15 28
2509 11 15 21
3253 11 15 13
4745 11 15 4
2083 11 17 71
5078 11 17 61
3580 11 17 55
1052 11 17 47
1413 11 17 37
3379 11 17 27
3723 11 17 20
3541 11 17 12
4526 11 17 3
4136 11 18 66
475 11 18 56
2855 11 18 43
4391 11 18 36
2204 11 18 30
4842 11 18 19
3069 11 18 14
2003 11 18 7
2044 11 19 96
1865 11 19 91
441 11 19 85
4963 11 19 77
251 11 19 72
4350 11 19 64
2632 11 19 53
2602 11 19 45
1156 11 19 37
3301 11 19 27
3419 11 19 20
3514 11 19 12
4247 11 19 3
3367 12 0 95
910 12 0 91
266 12 0 85
3503 12 0 77
3170 12 0 71
3438 12 0 61
3020 12 0 55
845 12 0 47
518 12 0 37
1375 12 0 27
2721 12 0 20
2042 12 0 12
4126 12 0 3
578 12 2 95
3618 12 2 90
747 12 2 82
2559 12 2 75
957 12 2 64
1587 12 2 53
2410 12 2 45
3745 12 2 36
1305 12 2 30
1343 12 2 19
2069 12 2 14
1665 12 2 7
4288 12 3 94
1325 12 3 87
3102 12 3 80
4549 12 3 70
4782 12 3 62
962 12 3 56
2806 12 3 43
4066 12 3 36
5073 12 3 29
4639 12 3 21
2807 12 3 13
4131 12 3 4
4257 12 5 94
498 12 5 87
4965 12 5 79
1482 12 5 71
1406 12 5 60
1057 12 5 51
1977 12 5 45
3174 12 5 36
4762 12 5 29
4387 12 5 21
2487 12 5 13
1077 12 5 4
4254 12 6 94
5111 12 6 86
1997 12 6 79
4460 12 6 70
2252 12 6 62
3456 12 6 55
3791 12 6 46
4124 12 6 36
3612 12 6 29
3216 12 6 21
3727 12 6 12
4099 12 6 3
4250 12 7 94
2886 12 7 86
904 12 7 79
4096 12 7 70
2656 12 7 61
2679 12 7 55
3171 12 7 46
4086 12 7 36
3200 12 7 29
3090 12 7 21
2440 12 7 12
2170 12 7 3
4009 12 13 94
2488 12 13 86
3682 12 13 78
3782 12 13 70
1817 12 13 61
2100 12 13 55
3106 12 13 46
202 12 13 36
3050 12 13 29
1089 12 13 21
2324 12 13 12
1518 12 13 2
3827 13 0 94
1232 13 0 86
3034 13 0 78
2452 13 0 70
1044 13 0 61
4675 13 0 54
1501 13 0 47
502 13 0 37
2171 13 0 26
105 13 0 20
4685 13 0 11
193 13 0 3
3539 13 2 94
3256 13 2 85
1683 13 2 77
3068 13 2 71
5090 13 2 59
3249 13 2 52
4527 13 2 43
3957 13 2 36
4015 13 2 28
1699 13 2 21
1814 13 2 12
3933 13 2 1
3019 13 3 94
3169 13 3 85
814 13 3 77
3798 13 3 70
4538 13 3 59
1748 13 3 52
4448 13 3 43
2340 13 3 36
3631 13 3 28
1670 13 3 21
505 13 3 12
3882 13 3 1
2323 13 7 94
590 13 7 85
3165 13 7 76
612 13 7 70
4320 13 7 59
4624 13 7 51
30 13 7 45
2260 13 7 36
2762 13 7 28
1019 13 7 21
3058 13 7 11
4567 13 7 2
728 13 9 94
4914 13 9 84
4243 13 9 77
3136 13 9 70
4240 13 9 59
2783 13 9 51
1751 13 9 43
1308 13 9 36
1744 13 9 28
5128 13 9 20
2551 13 9 11
4215 13 9 2
508 13 10 94
4767 13 10 84
3929 13 10 77
3057 13 10 70
3633 13 10 59
2542 13 10 51
722 13 10 43
614 13 10 36
1492 13 10 28
3312 13 10 20
2247 13 10 11
2669 13 10 2
365 13 11 94
4568 13 11 84
3568 13 11 77
2989 13 11 70
3193 13 11 59
2164 13 11 51
5118 13 11 42
1389 13 11 35
3063 13 11 28
2418 13 11 20
971 13 11 11
2080 13 11 2
4173 13 12 93
3039 13 12 86
2863 13 12 78
3974 13 12 69
1576 13 12 64
1007 13 12 53
2341 13 12 45
1849 13 12 36
1302 13 12 28
1854 13 12 20
408 13 12 11
1479 13 12 2
1310 13 13 93
2890 13 13 86
4687 13 13 77
1740 13 13 70
2020 13 13 59
1793 13 13 51
4540 13 13 42
1106 13 13 35
2289 13 13 28
4431 13 13 19
1315 13 13 14
1627 13 13 7
1070 13 14 93
840 13 14 86
3623 13 14 77
1326 13 14 70
1994 13 14 59
846 13 14 51
3694 13 14 42
916 13 14 35
932 13 14 28
4217 13 14 19
274 13 14 14
1426 13 14 7
699 13 16 93
496 13 16 86
3255 13 16 77
588 13 16 70
685 13 16 59
142 13 16 51
3191 13 16 42
782 13 16 35
4671 13 16 27
2707 13 16 20
3843 13 16 10
3380 13 16 2
114 13 18 93
3884 13 18 85
2256 13 18 76
4936 13 18 69
1435 13 18 64
710 13 18 53
4414 13 18 44
4707 13 18 36
3001 13 18 27
1831 13 18 20
4916 13 18 9
109 13 19 93
382 13 19 85
724 13 19 76
4898 13 19 69
4091 13 19 63
852 13 19 55
2851 13 19 46
4615 13 19 35
4115 13 19 27
1743 13 19 20
1810 13 19 9
4373 14 0 92
1017 14 0 85
714 14 0 76
4768 14 0 69
3558 14 0 63
4953 14 0 54
324 14 0 47
240 14 0 37
333 14 0 26
3527 14 0 19
5097 14 0 13
4966 14 0 3
3081 14 1 92
4438 14 1 84
1578 14 1 77
3998 14 1 69
3542 14 1 63
4223 14 1 54
4641 14 1 46
2082 14 1 35
1065 14 1 27
3985 14 1 19
4374 14 1 13
883 14 1 3
2946 14 2 92
3473 14 2 84
1062 14 2 77
3601 14 2 69
1335 14 2 63
1998 14 2 54
3489 14 2 46
1087 14 2 35
3545 14 2 26
2503 14 2 19
1468 14 2 13
149 14 2 3
2242 14 3 92
975 14 3 84
4000 14 3 76
3930 14 3 69
1137 14 3 63
1602 14 3 54
3204 14 3 46
4711 14 3 34
3359 14 3 28
3496 14 3 19
2994 14 3 12
3866 14 3 1
4469 14 5 91
4881 14 5 84
2505 14 5 76
3458 14 5 69
3476 14 5 62
2213 14 5 55
1619 14 5 46
2889 14 5 34
3271 14 5 28
3132 14 5 19
2620 14 5 12
3814 14 5 1
2998 14 6 91
4770 14 6 84
2090 14 6 76
3017 14 6 69
3245 14 6 62
43 14 6 55
121 14 6 46
2070 14 6 34
960 14 6 28
4638 14 6 18
762 14 6 9
2188 14 7 91
4282 14 7 84
3876 14 7 75
933 14 7 64
4449 14 7 52
3484 14 7 43
16 14 7 36
1374 14 7 27
3975 14 7 19
2511 14 7 12
3153 14 7 1
717 14 19 91
3661 14 19 84
2211 14 19 75
679 14 19 64
4260 14 19 52
1971 14 19 43
4900 14 19 35
2727 14 19 26
2138 14 19 19
821 14 19 12
2953 14 19 1
253 15 6 91
2840 15 6 84
1473 15 6 75
4493 15 6 63
1521 15 6 54
1243 15 6 46
4213 15 6 32
4116 15 6 21
1396 15 6 11
100 15 6 2
4851 15 7 90
2689 15 7 81
4560 15 7 72
4226 15 7 64
3209 15 7 52
1407 15 7 43
4534 15 7 35
2710 15 7 26
4569 15 7 18
2183 15 7 8
1685 15 9 90
1967 15 9 81
4118 15 9 72
4147 15 9 64
2995 15 9 52
1134 15 9 43
3936 15 9 35
2501 15 9 26
3645 15 9 18
467 15 9 8
637 15 10 90
4622 15 10 79
3045 15 10 70
5099 15 10 58
1660 15 10 51
3264 15 10 41
4594 15 10 33
2454 15 10 26
3289 15 10 18
4958 15 10 7
5055 15 11 89
3059 15 11 82
1955 15 11 75
2356 15 11 63
4513 15 11 53
3308 15 11 44
3145 15 11 36
736 15 11 27
2398 15 11 19
2937 15 11 11
4043 15 11 1
4686 15 14 89
2506 15 14 82
1891 15 14 75
1234 15 14 63
4435 15 14 53
2857 15 14 44
1701 15 14 36
4039 15 14 26
2973 15 14 18
585 15 14 7
4344 15 15 89
1386 15 15 82
777 15 15 75
4695 15 15 62
4446 15 15 54
4713 15 15 45
3934 15 15 35
2130 15 15 26
2086 15 15 18
487 15 15 7
4113 15 17 89
945 15 17 82
4998 15 17 74
2580 15 17 65
3543 15 17 54
4684 15 17 45
2529 15 17 35
1222 15 17 26
1359 15 17 18
332 15 17 7
2240 16 0 89
5142 16 0 81
11 16 0 72
4896 16 0 63
3821 16 0 53
894 16 0 44
1583 16 0 36
3474 16 0 26
896 16 0 18
4975 16 0 6
2272 16 1 88
3364 16 1 80
3621 16 1 70
2141 16 1 58
1466 16 1 51
3186 16 1 41
4047 16 1 33
2433 16 1 26
4421 16 1 17
3742 16 1 9
680 16 2 87
4858 16 2 79
2598 16 2 70
413 16 2 58
2649 16 2 50
2792 16 2 44
1206 16 2 36
2680 16 2 26
2731 16 2 17
3593 16 2 9
376 16 3 87
4056 16 3 79
2162 16 3 70
368 16 3 58
2186 16 3 50
2203 16 3 44
436 16 3 36
2119 16 3 26
3637 16 3 16
4676 16 3 8
4650 16 4 86
1487 16 4 77
3421 16 4 69
2516 16 4 62
3287 16 4 54
2333 16 4 45
184 16 4 35
1104 16 4 26
3358 16 4 16
4654 16 4 8
1709 16 6 86
1405 16 6 77
2327 16 6 69
1291 16 6 62
1071 16 6 54
1637 16 6 45
4739 16 6 34
4899 16 6 27
517 16 6 19
1208 16 6 11
3842 16 6 1
1230 16 7 86
987 16 7 77
1189 16 7 69
826 16 7 62
272 16 7 54
1594 16 7 45
3717 16 7 34
4200 16 7 27
5096 16 7 18
4769 16 7 6
767 16 8 86
948 16 8 77
1075 16 8 69
5042 16 8 61
4272 16 8 54
1201 16 8 45
2882 16 8 34
3583 16 8 27
5036 16 8 18
3828 16 8 6
4238 16 9 85
5034 16 9 75
3984 16 9 62
3103 16 9 53
2967 16 9 43
3475 16 9 35
4589 16 9 25
4323 16 9 15
4646 16 9 6
1824 16 14 84
77 16 14 75
3739 16 14 62
2048 16 14 52
4776 16 14 42
4412 16 14 34
2610 16 14 27
2630 16 14 18
2881 16 14 6
677 16 15 83
4774 16 15 75
4870 16 15 61
2667 16 15 54
1024 16 15 45
5 16 15 34
1299 16 15 27
306 16 15 18
4971 16 15 5
22 16 17 83
4525 16 17 75
41 16 17 61
2582 16 17 54
4857 16 17 44
5058 16 17 35
4484 16 17 25
4101 16 17 15
2922 16 17 6
5016 16 18 80
3562 16 18 70
3725 16 18 56
4034 16 18 42
4341 16 18 34
17 16 18 27
5021 16 18 17
3071 16 18 9
4749 16 19 80
2627 16 19 70
3267 16 19 56
1378 16 19 42
3911 16 19 34
4599 16 19 26
2666 16 19 16
3732 16 19 8
3416 17 0 80
2163 17 0 70
2895 17 0 56
891 17 0 42
3445 17 0 34
4348 17 0 26
704 17 0 16
1820 17 0 8
1344 17 6 80
1885 17 6 70
2800 17 6 56
2448 17 6 41
3587 17 6 33
2011 17 6 26
330 17 6 16
734 17 6 8
1159 17 9 79
1886 17 9 70
469 17 9 56
1091 17 9 41
2584 17 9 33
1595 17 9 26
4285 17 9 15
839 17 9 6
163 17 11 78
3940 17 11 69
3640 17 11 61
1879 17 11 54
3025 17 11 44
4042 17 11 35
4299 17 11 25
4010 17 11 15
4825 17 11 5
5082 17 12 77
4911 17 12 67
2270 17 12 59
5117 17 12 50
1989 17 12 44
128 17 12 35
1544 17 12 25
941 17 12 15
4759 17 12 5
3452 17 14 76
1675 17 14 68
1002 17 14 62
978 17 14 52
3400 17 14 42
3124 17 14 34
4018 17 14 26
4138 17 14 14
327 17 14 7
180 17 15 75
3292 17 15 60
472 17 15 51
1604 17 15 41
831 17 15 33
686 17 15 26
3931 17 15 14
40 17 15 7
4593 17 16 74
2029 17 16 65
3407 17 16 54
803 17 16 44
3681 17 16 34
3851 17 16 26
922 17 16 14
5092 17 16 5
4366 17 17 71
4716 17 17 59
3886 17 17 50
985 17 17 44
3442 17 17 34
2880 17 17 26
4795 17 17 13
4635 17 17 2
5008 17 18 68
292 17 18 62
3752 17 18 51
939 17 18 41
691 17 18 33
35 17 18 26
3687 17 18 12
501 17 18 1
4528 17 19 95
3107 17 19 90
1722 17 19 79
1543 17 19 70
4422 17 19 55
2844 17 19 45
4683 17 19 33
3865 17 19 25
516 17 19 15
2690 17 19 5
3961 18 0 95
2154 18 0 90
1516 18 0 79
781 18 0 70
113 18 0 55
134 18 0 44
3205 18 0 34
817 18 0 26
615 18 0 12
183 18 0 1
5028 18 2 94
4128 18 2 84
2874 18 2 74
744 18 2 65
2799 18 2 54
671 18 2 44
2329 18 2 34
565 18 2 26
4190 18 2 11
867 18 2 1
2907 18 3 94
3632 18 3 84
2789 18 3 74
3147 18 3 64
3506 18 3 51
4388 18 3 40
3691 18 3 31
3061 18 3 24
3675 18 3 16
4201 18 3 7
1364 18 7 94
900 18 7 84
2028 18 7 74
2597 18 7 64
5121 18 7 50
816 18 7 44
1925 18 7 34
4601 18 7 25
460 18 7 15
4194 18 7 4
3178 19 0 93
117 19 0 85
4552 19 0 75
2165 19 0 60
6 19 0 51
3964 19 0 40
2446 19 0 31
1642 19 0 24
2430 19 0 16
4068 19 0 7
2374 19 2 92
49 19 2 84
1673 19 2 74
2569 19 2 64
1736 19 2 50
772 19 2 44
1256 19 2 34
3708 19 2 25
1220 19 2 14
2573 19 2 5
1716 19 3 92
4021 19 3 83
3737 19 3 75
1658 19 3 60
3863 19 3 50
569 19 3 44
3642 19 3 33
2263 19 3 25
4924 19 3 13
2415 19 3 2
1589 19 5 92
3716 19 5 83
2351 19 5 75
681 19 5 60
3029 19 5 50
4125 19 5 43
1922 19 5 35
373 19 5 25
3196 19 5 13
2018 19 5 2
758 19 6 92
5143 19 6 82
4360 19 6 74
4802 19 6 63
3074 19 6 53
2718 19 6 43
1645 19 6 35
359 19 6 25
2353 19 6 13
832 19 6 2
4935 19 7 91
2015 19 7 84
560 19 7 74
2332 19 7 63
2841 19 7 53
1939 19 7 43
4157 19 7 34
953 19 7 25
2422 19 7 12
2476 19 7 2
4450 19 9 91
1761 19 9 84
385 19 9 74
2189 19 9 63
1507 19 9 53
1895 19 9 43
2549 19 9 34
18 19 9 25
4579 19 9 11
593 19 9 2
1689 19 10 91
1459 19 10 84
3392 19 10 73
310 19 10 63
255 19 10 53
876 19 10 43
1863 19 10 34
2550 19 10 24
1403 19 10 16
3616 19 10 7
3850 19 11 90
470 19 11 79
4587 19 11 69
3537 19 11 61
1032 19 11 54
642 19 11 44
2646 19 11 33
341 19 11 25
4221 19 11 11
4411 19 11 1
2726 19 12 90
228 19 12 79
4477 19 12 69
3259 19 12 61
923 19 12 54
3913 19 12 43
1704 19 12 34
1992 19 12 24
4866 19 12 15
2992 19 12 4
967 19 13 90
172 19 13 79
1832 19 13 69
4165 19 13 60
2349 19 13 50
1952 19 13 43
1147 19 13 34
1354 19 13 24
4516 19 13 15
2816 19 13 4
3713 19 14 89
1575 19 14 81
4984 19 14 71
4547 19 14 59
2912 19 14 50
1505 19 14 43
70 19 14 34
5144 19 14 23
4731 19 14 13
3766 19 14 1
1628 19 15 89
1442 19 15 81
2552 19 15 71
3320 19 15 59
314 19 15 50
764 19 15 43
4132 19 15 33
4067 19 15 24
3389 19 15 15
2401 19 15 4
3 19 16 89
4912 19 16 80
4764 19 16 69
3490 19 16 60
1551 19 16 50
597 19 16 43
3697 19 16 33
2692 19 16 24
1531 19 16 15
4917 19 16 3
4674 19 17 88
1739 19 17 80
2207 19 17 69
1264 19 17 60
2284 19 17 49
4980 19 17 41
160 19 17 33
2533 19 17 24
1351 19 17 15
2631 19 17 3
4084 19 18 88
1259 19 18 80
1573 19 18 69
2214 19 18 59
4079 19 18 49
3839 19 18 41
3788 19 18 32
3317 19 18 21
135 19 18 11
3901 19 18 1
4591 19 19 87
3994 19 19 79
963 19 19 69
1541 19 19 59
2970 19 19 49
3347 19 19 41
3598 19 19 32
1833 19 19 21
5131 19 19 10
3777 19 19 1
