2899
4802 0 0 98
1112 0 0 95
1648 0 0 92
4611 0 0 89
3313 0 0 87
2826 0 0 84
5402 0 0 81
5604 0 0 78
4492 0 0 75
3867 0 0 72
4310 0 0 68
5404 0 0 65
4323 0 0 63
5447 0 0 59
2232 0 0 57
4253 0 0 55
3863 0 0 52
3920 0 0 50
5183 0 0 47
763 0 0 45
2670 0 0 43
4666 0 0 41
4364 0 0 37
2148 0 0 35
4806 0 0 33
5219 0 0 30
1934 0 0 28
3407 0 0 25
4225 0 0 22
749 0 0 19
4046 0 0 17
3149 0 0 14
5421 0 0 11
4169 0 0 8
3054 0 0 5
2415 0 0 3
1502 0 0 1
4211 0 1 98
527 0 1 95
407 0 1 92
4536 0 1 89
4282 0 1 86
2564 0 1 83
5616 0 1 80
5116 0 1 76
1968 0 1 74
3998 0 1 70
3319 0 1 68
2526 0 1 65
5058 0 1 62
657 0 1 59
1590 0 1 57
5120 0 1 53
5277 0 1 51
1870 0 1 48
4229 0 1 46
2593 0 1 43
3135 0 1 41
4567 0 1 36
3521 0 1 34
5598 0 1 31
3353 0 1 28
634 0 1 25
4117 0 1 21
3932 0 1 18
1694 0 1 15
1774 0 1 12
4589 0 1 9
3026 0 1 6
5032 0 1 3
2682 0 2 98
3364 0 2 94
2785 0 2 91
5125 0 2 89
3213 0 2 86
3871 0 2 82
3335 0 2 80
3533 0 2 76
170 0 2 73
3107 0 2 71
4522 0 2 69
2386 0 2 66
4540 0 2 63
4464 0 2 59
2646 0 2 56
5729 0 2 53
3917 0 2 49
4833 0 2 46
4097 0 2 41
1783 0 2 36
593 0 2 33
4781 0 2 29
2723 0 2 26
3513 0 2 23
1365 0 2 21
3142 0 2 18
1226 0 2 14
3747 0 2 11
3591 0 2 8
2964 0 2 5
3517 0 2 2
2146 0 3 98
2332 0 3 93
5653 0 3 90
2529 0 3 88
3559 0 3 85
764 0 3 82
2230 0 3 80
3178 0 3 76
4303 0 3 72
3150 0 3 68
1725 0 3 65
4429 0 3 61
1631 0 3 58
2598 0 3 55
578 0 3 52
5652 0 3 49
4079 0 3 45
5737 0 3 40
4362 0 3 36
5425 0 3 32
2452 0 3 29
308 0 3 26
3069 0 3 22
5173 0 3 18
888 0 3 14
229 0 3 11
1983 0 3 7
5310 0 3 4
5153 0 3 1
4688 0 4 97
2240 0 4 94
1178 0 4 91
1665 0 4 88
5059 0 4 84
4530 0 4 81
5165 0 4 78
3316 0 4 74
157 0 4 70
2600 0 4 67
4729 0 4 63
2535 0 4 59
2359 0 4 56
2697 0 4 53
1902 0 4 49
3850 0 4 45
5717 0 4 40
3236 0 4 36
3045 0 4 32
1445 0 4 29
2127 0 4 25
3814 0 4 21
1396 0 4 18
257 0 4 14
4063 0 4 10
5493 0 4 8
4722 0 4 4
3154 0 5 97
5632 0 5 93
4101 0 5 89
1845 0 5 86
2773 0 5 82
135 0 5 79
1443 0 5 76
4162 0 5 72
2492 0 5 68
225 0 5 65
662 0 5 61
387 0 5 58
2286 0 5 55
3482 0 5 51
3936 0 5 47
2824 0 5 44
4930 0 5 40
2783 0 5 36
2054 0 5 32
4034 0 5 28
5368 0 5 24
369 0 5 22
3673 0 5 18
5496 0 5 13
2192 0 5 10
3342 0 5 8
3711 0 5 4
1608 0 6 97
4625 0 6 93
568 0 6 89
5295 0 6 85
2879 0 6 81
1773 0 6 77
2912 0 6 74
5488 0 6 69
3650 0 6 65
5182 0 6 60
5515 0 6 58
744 0 6 55
1662 0 6 51
3744 0 6 46
2975 0 6 41
1735 0 6 36
1294 0 6 32
3583 0 6 28
1803 0 6 24
74 0 6 22
1534 0 6 18
4307 0 6 13
1595 0 6 10
3261 0 6 8
5627 0 6 3
5511 0 7 96
3438 0 7 94
4848 0 7 90
4819 0 7 87
2965 0 7 83
4742 0 7 80
2599 0 7 76
4383 0 7 71
4470 0 7 68
1776 0 7 64
1898 0 7 61
5698 0 7 57
4500 0 7 53
1236 0 7 49
2674 0 7 45
5422 0 7 40
2403 0 7 36
529 0 7 31
1920 0 7 28
1572 0 7 24
2503 0 7 21
1213 0 7 18
3792 0 7 13
693 0 7 10
2340 0 7 8
5490 0 7 3
3556 0 8 96
4572 0 8 93
5555 0 8 88
3652 0 8 84
4302 0 8 81
1421 0 8 77
544 0 8 74
5448 0 8 69
2101 0 8 65
5670 0 8 59
1101 0 8 56
2050 0 8 53
1060 0 8 49
2160 0 8 45
4267 0 8 40
521 0 8 36
411 0 8 31
632 0 8 28
1527 0 8 24
2493 0 8 21
4388 0 8 17
78 0 8 14
3800 0 8 10
5513 0 8 7
4387 0 8 3
2170 0 9 96
5119 0 9 92
4006 0 9 89
4912 0 9 85
1771 0 9 81
1193 0 9 77
5691 0 9 73
2036 0 9 69
3778 0 9 64
1817 0 9 60
4419 0 9 57
3408 0 9 53
3179 0 9 48
3907 0 9 44
3250 0 9 40
285 0 9 36
339 0 9 31
4214 0 9 27
4750 0 9 25
2042 0 9 21
4218 0 9 17
3651 0 9 13
4973 0 9 9
5260 0 9 4
1866 0 10 96
2750 0 10 92
5678 0 10 88
2858 0 10 84
2695 0 10 81
519 0 10 76
4257 0 10 71
4048 0 10 68
1673 0 10 64
562 0 10 60
3312 0 10 57
700 0 10 53
5073 0 10 47
5641 0 10 42
3589 0 10 39
3480 0 10 37
5038 0 10 33
3481 0 10 29
3217 0 10 24
4471 0 10 20
1715 0 10 18
1180 0 10 13
2802 0 10 9
1111 0 10 4
1364 0 11 96
2138 0 11 92
1045 0 11 88
2158 0 11 84
2498 0 11 81
269 0 11 76
3463 0 11 71
2218 0 11 68
841 0 11 64
5544 0 11 59
559 0 11 56
1353 0 11 53
4903 0 11 47
4999 0 11 42
271 0 11 39
5337 0 11 35
416 0 11 33
2890 0 11 29
48 0 11 24
3708 0 11 20
3581 0 11 17
968 0 11 13
2557 0 11 9
994 0 11 4
1322 0 12 96
1972 0 12 92
611 0 12 88
5744 0 12 83
4380 0 12 79
1103 0 12 76
3249 0 12 71
605 0 12 68
6 0 12 64
4762 0 12 59
5276 0 12 55
1192 0 12 51
3603 0 12 46
1984 0 12 41
1036 0 12 36
17 0 12 31
3995 0 12 27
747 0 12 24
699 0 12 20
4811 0 12 16
2786 0 12 14
5570 0 12 9
614 0 12 4
995 0 13 96
613 0 13 92
2992 0 13 87
5229 0 13 82
4512 0 13 78
1249 0 13 74
4690 0 13 69
2945 0 13 64
2182 0 13 59
4268 0 13 55
5743 0 13 50
2716 0 13 47
2057 0 13 42
4280 0 13 37
3949 0 13 33
1834 0 13 29
3257 0 13 23
3588 0 13 20
4291 0 13 16
3099 0 13 13
3123 0 13 8
3184 0 13 3
172 0 14 96
1267 0 14 91
4777 0 14 87
4180 0 14 82
1753 0 14 78
1067 0 14 74
4680 0 14 69
2367 0 14 64
2093 0 14 59
1702 0 14 55
5022 0 14 50
3366 0 14 46
1448 0 14 41
5749 0 14 35
5201 0 14 31
3492 0 14 27
4588 0 14 23
5645 0 14 19
4203 0 14 16
5446 0 14 12
1522 0 14 9
5226 0 14 3
5467 0 15 95
5300 0 15 90
2489 0 15 87
3453 0 15 82
1102 0 15 78
5471 0 15 73
4668 0 15 68
4799 0 15 63
2449 0 15 59
3558 0 15 54
3410 0 15 50
3351 0 15 46
405 0 15 41
5362 0 15 35
5141 0 15 30
138 0 15 27
3745 0 15 23
5554 0 15 19
3615 0 15 16
3491 0 15 12
557 0 15 9
4527 0 15 3
4104 0 16 95
4568 0 16 90
194 0 16 87
2116 0 16 82
5246 0 16 77
4479 0 16 72
2201 0 16 68
2667 0 16 63
1819 0 16 59
3506 0 16 54
1825 0 16 50
4582 0 16 45
3854 0 16 40
5397 0 16 35
4599 0 16 30
4084 0 16 26
1821 0 16 22
934 0 16 18
5411 0 16 12
2063 0 16 7
2111 0 16 3
2910 0 17 95
3760 0 17 89
2065 0 17 85
1351 0 17 81
5753 0 17 75
1912 0 17 71
1644 0 17 67
2968 0 17 63
1620 0 17 59
2317 0 17 54
4803 0 17 49
1410 0 17 45
3220 0 17 40
4734 0 17 35
2886 0 17 30
3897 0 17 26
549 0 17 22
643 0 17 18
4460 0 17 12
1309 0 17 7
2591 0 17 2
19 0 18 95
1545 0 18 89
602 0 18 84
4748 0 18 80
2499 0 18 76
2236 0 18 71
4995 0 18 66
5357 0 18 62
402 0 18 59
1619 0 18 54
2940 0 18 49
4619 0 18 44
728 0 18 40
4326 0 18 35
2738 0 18 30
3216 0 18 26
385 0 18 22
5572 0 18 17
286 0 18 13
1389 0 18 8
2715 0 18 3
3340 0 19 94
3912 0 19 89
5423 0 19 83
4353 0 19 79
1405 0 19 75
1426 0 19 71
2920 0 19 66
4261 0 19 62
2374 0 19 58
5222 0 19 54
1051 0 19 49
3343 0 19 44
688 0 19 40
2952 0 19 35
1885 0 19 30
2725 0 19 26
153 0 19 22
4020 0 19 17
5588 0 19 12
4498 0 19 6
2800 0 19 2
250 2 0 94
737 2 0 89
3691 2 0 83
4466 2 0 78
4636 2 0 73
4497 2 0 68
431 2 0 63
906 2 0 59
1430 2 0 54
5405 2 0 48
1651 2 0 44
3277 2 0 39
5243 2 0 35
4897 2 0 29
4042 2 0 22
4007 2 0 17
4597 2 0 12
3985 2 0 6
2235 2 0 2
2321 2 1 93
5451 2 1 88
5150 2 1 83
2571 2 1 78
4001 2 1 73
3311 2 1 68
4671 2 1 62
1891 2 1 58
3200 2 1 53
3586 2 1 47
270 2 1 42
3755 2 1 37
3546 2 1 33
1087 2 1 29
3764 2 1 22
3862 2 1 17
4532 2 1 12
2541 2 1 6
1282 2 1 2
2183 2 2 93
4176 2 2 88
970 2 2 83
581 2 2 78
3460 2 2 73
923 2 2 68
3369 2 2 62
320 2 2 58
2869 2 2 53
1566 2 2 47
5384 2 2 41
4159 2 2 35
4378 2 2 29
772 2 2 22
2459 2 2 17
2483 2 2 12
2331 2 2 6
5473 2 2 1
3721 2 3 92
876 2 3 87
3846 2 3 81
3570 2 3 75
1115 2 3 71
2178 2 3 66
1656 2 3 62
128 2 3 58
1107 2 3 53
1564 2 3 47
5272 2 3 41
3315 2 3 35
3151 2 3 29
178 2 3 22
4794 2 3 16
461 2 3 12
989 2 3 6
5238 2 3 1
2461 2 4 92
4805 2 4 86
2270 2 4 82
4766 2 4 77
2328 2 4 72
1860 2 4 68
3065 2 4 62
1957 2 4 57
4649 2 4 52
3227 2 4 49
2390 2 4 44
1867 2 4 39
4898 2 4 35
5756 2 4 28
5663 2 4 23
5322 2 4 19
958 2 4 16
2915 2 4 11
347 2 4 7
5494 2 4 1
4841 2 6 91
4090 2 6 87
3376 2 6 81
3516 2 6 75
240 2 6 71
5053 2 6 65
3359 2 6 59
329 2 6 54
5304 2 6 48
740 2 6 44
871 2 6 39
4786 2 6 35
5523 2 6 28
4869 2 6 23
2490 2 6 19
5134 2 6 15
1084 2 6 12
986 2 6 6
2627 2 6 1
4163 2 7 91
1737 2 7 87
1501 2 7 81
3458 2 7 75
5193 2 7 70
5527 2 7 66
5342 2 7 61
5539 2 7 57
3032 2 7 52
1861 2 7 48
266 2 7 44
4607 2 7 38
2575 2 7 35
3833 2 7 28
4138 2 7 23
2154 2 7 19
1520 2 7 15
3063 2 7 11
2 2 7 7
3789 2 7 1
4116 2 8 91
908 2 8 87
71 2 8 81
3170 2 8 75
3921 2 8 70
4333 2 8 66
4965 2 8 61
4502 2 8 57
1848 2 8 52
953 2 8 48
13 2 8 44
3489 2 8 38
5674 2 8 34
3808 2 8 31
827 2 8 27
2929 2 8 23
725 2 8 19
1206 2 8 15
1887 2 8 11
5602 2 8 6
1487 2 8 1
2177 2 9 91
4554 2 9 86
2195 2 9 82
314 2 9 77
1432 2 9 72
4669 2 9 67
433 2 9 63
5649 2 9 58
5633 2 9 52
5372 2 9 47
4426 2 9 41
2941 2 9 35
1963 2 9 28
3081 2 9 23
642 2 9 19
3612 2 9 14
5430 2 9 9
3338 2 9 3
5520 2 10 90
5750 2 10 86
1130 2 10 82
4691 2 10 76
2007 2 10 71
4887 2 10 65
2189 2 10 59
2996 2 10 53
597 2 10 47
3333 2 10 41
1969 2 10 35
16 2 10 28
1833 2 10 23
5575 2 10 18
4339 2 10 12
723 2 10 6
476 2 10 1
2090 2 11 90
5453 2 11 86
792 2 11 82
4344 2 11 76
1863 2 11 71
4150 2 11 65
1789 2 11 59
2084 2 11 53
5677 2 11 46
292 2 11 41
1155 2 11 35
5696 2 11 27
2813 2 11 23
4520 2 11 18
4311 2 11 12
142 2 11 6
398 2 11 1
4842 2 12 89
2796 2 12 83
551 2 12 78
2180 2 12 73
618 2 12 68
2549 2 12 62
1744 2 12 57
3902 2 12 51
1966 2 12 46
4331 2 12 40
2592 2 12 35
4514 2 12 27
2394 2 12 23
4367 2 12 18
2973 2 12 12
2383 2 12 5
3705 2 12 1
2056 2 13 89
2219 2 13 83
5416 2 13 77
1381 2 13 71
1772 2 13 65
201 2 13 59
1691 2 13 53
4562 2 13 46
3934 2 13 40
2522 2 13 35
4316 2 13 27
1940 2 13 23
4295 2 13 18
840 2 13 12
949 2 13 5
575 2 14 89
2605 2 14 82
3275 2 14 76
1137 2 14 71
372 2 14 65
5167 2 14 58
5181 2 14 52
4391 2 14 47
2307 2 14 41
100 2 14 35
3318 2 14 27
5605 2 14 22
4386 2 14 16
5758 2 14 10
4480 2 14 7
2590 2 14 1
878 2 15 88
5731 2 15 82
2857 2 15 76
5626 2 15 70
3991 2 15 66
3363 2 15 61
4352 2 15 57
2304 2 15 51
1238 2 15 46
2169 2 15 40
2514 2 15 35
2523 2 15 27
5155 2 15 22
4058 2 15 16
4452 2 15 10
2504 2 15 5
790 2 17 88
2344 2 17 82
1436 2 17 76
1762 2 17 70
3694 2 17 66
5735 2 17 60
758 2 17 56
5265 2 17 51
458 2 17 46
1878 2 17 40
1496 2 17 35
2223 2 17 27
3662 2 17 22
2772 2 17 16
3289 2 17 10
1669 2 17 5
5776 2 18 87
28 2 18 81
2764 2 18 75
3328 2 18 70
5581 2 18 65
5117 2 18 58
4586 2 18 52
3235 2 18 47
5356 2 18 40
4979 2 18 34
3334 2 18 31
663 2 18 27
2841 2 18 22
5497 2 18 15
1390 2 18 11
859 2 18 6
2099 2 19 86
291 2 19 82
4732 2 19 75
5733 2 19 69
1999 2 19 64
5184 2 19 58
4209 2 19 52
137 2 19 47
4555 2 19 40
4371 2 19 34
867 2 19 31
2714 2 19 26
5608 2 19 21
5108 2 19 16
1224 2 19 9
2896 2 19 3
1370 3 0 86
4720 3 0 81
1994 3 0 75
5210 3 0 69
736 3 0 64
2848 3 0 58
1154 3 0 52
4692 3 0 45
2648 3 0 40
3563 3 0 34
511 3 0 31
1210 3 0 26
4306 3 0 21
2171 3 0 16
4054 3 0 8
2398 3 0 3
5563 3 6 85
891 3 6 81
127 3 6 75
4981 3 6 69
4888 3 6 63
4926 3 6 58
4036 3 6 51
4815 3 6 45
499 3 6 40
3523 3 6 34
5381 3 6 30
2155 3 6 26
3860 3 6 21
779 3 6 16
2906 3 6 8
2209 3 6 3
5363 3 7 85
5685 3 7 80
838 3 7 76
5395 3 7 69
4812 3 7 63
4168 3 7 58
3448 3 7 51
4051 3 7 45
179 3 7 40
2995 3 7 34
3718 3 7 30
1689 3 7 26
1462 3 7 21
609 3 7 16
4686 3 7 7
4569 3 8 85
3293 3 8 80
156 3 8 76
4670 3 8 69
4683 3 8 63
3714 3 8 58
2554 3 8 51
1785 3 8 45
5156 3 8 39
2369 3 8 35
2017 3 8 27
2381 3 8 22
4425 3 8 15
3952 3 8 10
1295 3 8 5
3544 3 9 85
2927 3 9 80
4779 3 9 75
1899 3 9 69
3859 3 9 63
2795 3 9 58
2352 3 9 51
1439 3 9 45
4708 3 9 39
3922 3 9 34
988 3 9 30
1288 3 9 26
5131 3 9 20
556 3 9 16
4357 3 9 7
2358 3 10 85
2542 3 10 80
2862 3 10 75
1886 3 10 69
3680 3 10 63
5506 3 10 57
1601 3 10 51
386 3 10 45
2720 3 10 39
627 3 10 34
56 3 10 30
3472 3 10 25
4807 3 10 20
5514 3 10 15
2867 3 10 10
1175 3 10 5
2196 3 11 85
2038 3 11 80
2060 3 11 75
3195 3 11 68
5569 3 11 61
1081 3 11 57
325 3 11 51
2931 3 11 44
2477 3 11 38
4958 3 11 34
4699 3 11 29
5618 3 11 21
289 3 11 16
2985 3 11 7
1336 3 12 85
854 3 12 79
464 3 12 75
2194 3 12 68
3878 3 12 61
799 3 12 57
5524 3 12 49
2214 3 12 44
1683 3 12 38
3702 3 12 34
166 3 12 29
5401 3 12 21
141 3 12 16
2589 3 12 7
666 3 13 85
3 3 13 79
5041 3 13 73
2604 3 13 67
263 3 13 63
4963 3 13 57
5441 3 13 49
825 3 13 44
4655 3 13 37
3071 3 13 33
4875 3 13 28
1506 3 13 23
5146 3 13 17
1382 3 13 12
944 3 13 5
4770 3 14 84
3041 3 14 80
497 3 14 75
1839 3 14 68
2679 3 14 61
4327 3 14 56
1961 3 14 51
2861 3 14 44
1327 3 14 37
2436 3 14 33
1559 3 14 28
1481 3 14 23
1176 3 14 17
782 3 14 12
352 3 14 5
4361 3 15 84
1002 3 15 80
5668 3 15 74
1978 3 15 69
2267 3 15 63
4191 3 15 57
233 3 15 49
2418 3 15 43
4 3 15 41
4907 3 15 34
2877 3 15 28
3824 3 15 22
3437 3 15 15
459 3 15 10
4893 3 15 4
2005 3 17 84
5223 3 17 79
4902 3 17 73
1472 3 17 67
3240 3 17 62
1235 3 17 57
2769 3 17 48
4521 3 17 43
3430 3 17 40
2229 3 17 34
2821 3 17 28
2538 3 17 22
2882 3 17 15
236 3 17 10
4831 3 17 4
3611 3 18 83
2729 3 18 77
1360 3 18 71
5305 3 18 64
2681 3 18 58
4661 3 18 50
1703 3 18 45
2581 3 18 39
4659 3 18 33
540 3 18 28
2297 3 18 22
2847 3 18 15
3552 3 18 9
2733 3 18 3
3322 3 19 83
674 3 19 77
247 3 19 71
5015 3 19 64
177 3 19 58
4656 3 19 50
1275 3 19 45
1108 3 19 39
4226 3 19 33
5341 3 19 27
4846 3 19 21
4788 3 19 15
2039 3 19 9
2487 3 19 3
2926 4 0 83
406 4 0 77
24 4 0 71
3913 4 0 64
4723 4 0 57
2756 4 0 48
3774 4 0 43
3013 4 0 40
1500 4 0 34
2569 4 0 28
1529 4 0 22
2718 4 0 15
1286 4 0 9
159 4 0 3
2408 4 1 83
5472 4 1 76
4317 4 1 69
5239 4 1 62
5695 4 1 56
2406 4 1 50
5393 4 1 44
42 4 1 37
4913 4 1 32
2095 4 1 28
5699 4 1 21
282 4 1 15
5504 4 1 8
639 4 1 3
3004 4 2 82
4682 4 2 75
1362 4 2 68
2565 4 2 61
4017 4 2 56
896 4 2 50
5199 4 2 44
4745 4 2 36
4165 4 2 30
3425 4 2 25
2621 4 2 20
5284 4 2 15
2137 4 2 8
4813 4 2 2
4125 4 3 81
5738 4 3 74
1592 4 3 69
5209 4 3 62
5686 4 3 56
441 4 3 50
4735 4 3 44
4534 4 3 36
3399 4 3 30
3358 4 3 25
1074 4 3 20
5065 4 3 15
1548 4 3 8
4628 4 3 2
1671 4 4 81
5578 4 4 74
1358 4 4 69
2721 4 4 62
5559 4 4 56
151 4 4 50
4713 4 4 44
3911 4 4 36
3394 4 4 30
2419 4 4 25
5666 4 4 19
2023 4 4 14
5205 4 4 9
60 4 4 3
3769 4 17 80
5275 4 17 74
1284 4 17 69
2568 4 17 62
3695 4 17 56
4192 4 17 49
341 4 17 43
3500 4 17 39
4071 4 17 33
4222 4 17 27
4251 4 17 21
5637 4 17 14
4703 4 17 9
3923 4 17 2
5163 5 4 79
3110 5 4 73
2217 5 4 66
5460 5 4 60
401 5 4 56
3646 5 4 49
3655 5 4 42
1359 5 4 37
4751 5 4 32
5463 5 4 27
1296 5 4 21
5437 5 4 14
4469 5 4 9
2074 5 4 2
1585 5 6 78
1498 5 6 73
2029 5 6 66
4315 5 6 60
5289 5 6 55
4789 5 6 50
4047 5 6 44
3641 5 6 36
2031 5 6 30
1939 5 6 25
5309 5 6 19
182 5 6 14
4114 5 6 9
939 5 6 2
3582 5 8 77
5429 5 8 70
5029 5 8 65
4499 5 8 58
2131 5 8 50
4041 5 8 44
3569 5 8 36
1251 5 8 30
1479 5 8 25
5262 5 8 19
5433 5 8 13
4172 5 8 7
569 5 9 77
5221 5 9 70
3304 5 9 65
4455 5 9 58
1988 5 9 50
509 5 9 44
2842 5 9 36
5552 5 9 29
4248 5 9 21
3898 5 9 14
3870 5 9 9
922 5 9 2
1710 5 10 75
1241 5 10 68
2225 5 10 61
2610 5 10 56
3375 5 10 49
3256 5 10 42
5365 5 10 36
3749 5 10 29
4021 5 10 21
3525 5 10 14
1946 5 10 9
552 5 10 2
1889 5 12 74
4212 5 12 68
2147 5 12 61
3118 5 12 55
2874 5 12 50
2719 5 12 43
984 5 12 39
2999 5 12 33
4103 5 12 27
2654 5 12 20
4828 5 12 15
1508 5 12 8
4406 5 12 2
1531 5 19 74
4095 5 19 68
232 5 19 61
1006 5 19 54
3639 5 19 48
2585 5 19 43
5083 5 19 38
3668 5 19 34
2525 5 19 28
4879 5 19 21
3377 5 19 14
724 5 19 9
55 5 19 2
2291 6 0 72
4004 6 0 67
73 6 0 62
3336 6 0 56
2555 6 0 49
1812 6 0 42
2921 6 0 36
3699 6 0 29
3852 6 0 21
3367 6 0 14
4234 6 0 8
3511 6 0 2
1491 6 1 71
2900 6 1 64
2865 6 1 57
1552 6 1 48
947 6 1 43
4823 6 1 38
1576 6 1 34
5377 6 1 27
1781 6 1 20
4712 6 1 15
408 6 1 8
2953 6 1 2
2828 6 2 69
2172 6 2 62
2368 6 2 56
2258 6 2 49
2936 6 2 41
4883 6 2 34
4423 6 2 27
1513 6 2 20
4128 6 2 15
5035 6 2 7
2768 6 4 67
5308 6 4 61
3780 6 4 53
4486 6 4 46
1357 6 4 40
1325 6 4 34
4309 6 4 27
1488 6 4 20
3915 6 4 15
4558 6 4 7
4845 6 6 62
2164 6 6 56
1892 6 6 49
2692 6 6 41
4438 6 6 34
3649 6 6 27
903 6 6 20
2533 6 6 15
4160 6 6 7
2269 6 8 56
364 6 8 49
5006 6 8 40
4412 6 8 33
3685 6 8 27
5458 6 8 19
4340 6 8 13
601 6 8 7
5390 6 9 15
3012 6 9 7
4900 6 10 98
1911 6 10 93
3287 6 10 88
5714 6 10 81
3782 6 10 74
2991 6 10 68
4989 6 10 59
1458 6 10 53
3553 6 10 46
1013 6 10 40
3659 6 10 33
2935 6 10 27
4639 6 10 19
3078 6 10 13
2837 6 10 6
3474 6 14 98
5279 6 14 92
4060 6 14 86
3455 6 14 81
3509 6 14 74
2784 6 14 68
4679 6 14 59
5721 6 14 52
3797 6 14 45
950 6 14 39
1986 6 14 33
5592 6 14 26
4941 6 14 20
2244 6 14 15
1063 6 14 7
5370 6 16 97
5583 6 16 92
3412 6 16 86
3202 6 16 81
1222 6 16 74
2242 6 16 68
3288 6 16 59
4895 6 16 52
3445 6 16 45
5344 6 16 38
4193 6 16 33
5543 6 16 26
3872 6 16 20
1807 6 16 15
118 6 16 7
4535 6 17 96
5692 6 17 90
1575 6 17 86
2859 6 17 81
5212 6 17 73
1989 6 17 66
4146 6 17 60
4433 6 17 55
2059 6 17 50
767 6 17 43
4270 6 17 38
1814 6 17 33
4573 6 17 26
3827 6 17 20
4182 6 17 14
2121 6 17 8
2884 6 17 2
4184 6 18 96
4627 6 18 90
1306 6 18 86
2626 6 18 81
4783 6 18 73
1343 6 18 66
2748 6 18 60
2273 6 18 55
1218 6 18 50
2905 6 18 42
1140 6 18 36
2902 6 18 29
3238 6 18 21
2675 6 18 14
1573 6 18 8
1551 6 18 2
4147 6 19 96
3946 6 19 90
5601 6 19 85
3350 6 19 78
976 6 19 73
1268 6 19 66
319 6 19 60
1401 6 19 55
5208 6 19 49
4227 6 19 40
2838 6 19 33
4067 6 19 26
3730 6 19 20
2405 6 19 13
2688 6 19 6
221 7 0 96
2834 7 0 90
5547 7 0 85
1406 7 0 78
186 7 0 73
4776 7 0 65
4402 7 0 58
1143 7 0 50
2396 7 0 42
14 7 0 36
2285 7 0 29
4604 7 0 20
1795 7 0 13
1881 7 0 6
154 7 1 96
1797 7 1 90
2799 7 1 85
4896 7 1 77
5104 7 1 70
1908 7 1 65
2734 7 1 58
224 7 1 50
1304 7 1 42
3632 7 1 35
1305 7 1 27
3401 7 1 19
2797 7 1 13
570 7 1 6
4583 7 2 95
1492 7 2 89
2123 7 2 82
1258 7 2 75
1113 7 2 68
1926 7 2 59
4145 7 2 52
2290 7 2 45
5070 7 2 38
4798 7 2 32
4940 7 2 27
2942 7 2 19
1354 7 2 13
199 7 2 6
2804 7 4 95
4288 7 4 88
5412 7 4 81
4109 7 4 73
4330 7 4 65
2658 7 4 58
4129 7 4 49
3844 7 4 40
1413 7 4 33
2839 7 4 26
3723 7 4 20
1511 7 4 13
95 7 4 6
2548 7 6 95
2313 7 6 88
5330 7 6 81
3201 7 6 73
4297 7 6 65
2062 7 6 58
2938 7 6 49
3838 7 6 40
5535 7 6 32
3494 7 6 27
4233 7 6 18
1801 7 6 11
4868 7 6 5
3974 7 10 94
394 7 10 89
2113 7 10 82
1000 7 10 75
920 7 10 68
1254 7 10 59
3803 7 10 52
1523 7 10 45
3572 7 10 38
4223 7 10 32
446 7 10 27
2683 7 10 18
1422 7 10 11
4085 7 10 5
2625 7 11 94
4771 7 11 88
4517 7 11 81
3057 7 11 73
3817 7 11 65
1877 7 11 58
106 7 11 49
3464 7 11 40
3578 7 11 32
175 7 11 27
3765 7 11 17
2732 7 11 11
1171 7 11 5
5530 7 12 93
999 7 12 88
4121 7 12 81
2809 7 12 73
3428 7 12 65
1570 7 12 58
39 7 12 49
3330 7 12 40
1874 7 12 32
5092 7 12 26
3059 7 12 20
4925 7 12 12
235 7 12 5
3532 7 13 93
3886 7 13 87
5200 7 13 80
4208 7 13 74
1698 7 13 68
5248 7 13 58
5607 7 13 48
482 7 13 43
3053 7 13 38
3643 7 13 32
3567 7 13 26
847 7 13 20
4600 7 13 12
4899 7 13 4
3111 7 14 93
1135 7 14 87
3892 7 14 80
3836 7 14 74
5355 7 14 67
4490 7 14 61
5564 7 14 52
5623 7 14 44
2186 7 14 36
761 7 14 29
3955 7 14 20
4584 7 14 12
4650 7 14 4
424 8 2 93
439 8 2 87
3791 8 2 80
1273 8 2 74
4087 8 2 67
3415 8 2 61
4638 8 2 52
4011 8 2 44
1424 8 2 36
738 8 2 29
1883 8 2 20
2954 8 2 12
3176 8 2 4
214 8 4 93
357 8 4 87
2843 8 4 80
1262 8 4 74
3542 8 4 67
3072 8 4 61
1764 8 4 52
3551 8 4 44
1393 8 4 36
4994 8 4 28
4796 8 4 21
5723 8 4 13
5290 8 4 5
4797 8 6 92
3347 8 6 86
2081 8 6 81
2651 8 6 73
2971 8 6 65
1071 8 6 58
4984 8 6 48
5064 8 6 42
1469 8 6 35
1182 8 6 27
1828 8 6 17
1464 8 6 11
1070 8 6 5
4144 8 7 92
2709 8 7 86
3471 8 7 80
1211 8 7 74
3268 8 7 67
3027 8 7 61
1031 8 7 52
5478 8 7 43
1824 8 7 38
3443 8 7 32
3167 8 7 26
4756 8 7 19
714 8 7 13
4634 8 7 5
1777 8 8 92
2707 8 8 86
2335 8 8 80
5667 8 8 73
1172 8 8 65
534 8 8 58
4911 8 8 48
4321 8 8 42
5299 8 8 34
3543 8 8 27
814 8 8 17
1053 8 8 11
5644 8 8 4
4207 8 9 91
4553 8 9 86
823 8 9 80
4161 8 9 73
998 8 9 65
185 8 9 58
4698 8 9 48
3757 8 9 42
5013 8 9 34
3467 8 9 27
2511 8 9 16
2126 8 9 7
2133 8 10 91
5499 8 10 85
4673 8 10 77
787 8 10 70
812 8 10 65
5188 8 10 57
879 8 10 48
3676 8 10 42
4381 8 10 34
2907 8 10 27
848 8 10 16
351 8 10 7
300 8 11 91
4345 8 11 85
4231 8 11 77
63 8 11 70
5005 8 11 64
1014 8 11 57
5635 8 11 47
2950 8 11 40
1346 8 11 32
2659 8 11 26
4505 8 11 19
165 8 11 13
4202 8 11 5
1964 8 12 90
637 8 12 85
3848 8 12 77
4982 8 12 69
2066 8 12 62
1227 8 12 56
4591 8 12 48
3505 8 12 42
3734 8 12 34
1470 8 12 27
4822 8 12 15
2512 8 12 6
1558 8 13 90
594 8 13 85
2897 8 13 77
2870 8 13 69
1844 8 13 62
3638 8 13 55
4337 8 13 49
2098 8 13 40
316 8 13 32
84 8 13 26
4019 8 13 19
4942 8 13 12
3039 8 13 4
5751 8 14 89
2078 8 14 82
4801 8 14 74
2337 8 14 67
2161 8 14 61
4167 8 14 51
2807 8 14 44
1380 8 14 36
3427 8 14 28
4495 8 14 21
4855 8 14 13
2343 8 14 5
4289 8 15 89
784 8 15 82
3798 8 15 74
1307 8 15 67
1931 8 15 61
3102 8 15 51
1065 8 15 44
937 8 15 36
3339 8 15 28
3043 8 15 21
4334 8 15 13
777 8 15 5
2329 8 16 89
4414 8 16 81
2253 8 16 73
877 8 16 65
317 8 16 57
5525 8 16 47
1852 8 16 40
5593 8 16 31
1179 8 16 26
2655 8 16 19
4606 8 16 12
5759 8 16 3
862 8 17 89
2895 8 17 81
1721 8 17 73
5392 8 17 64
2966 8 17 56
952 8 17 48
1890 8 17 42
3391 8 17 34
1038 8 17 27
5612 8 17 14
4778 8 17 7
846 8 18 89
1580 8 18 81
4824 8 18 72
3286 8 18 67
1039 8 18 61
2798 8 18 51
349 8 18 44
321 8 18 36
2574 8 18 28
2726 8 18 21
4039 8 18 13
5732 8 18 4
5545 8 19 88
3832 8 19 81
4662 8 19 72
757 8 19 67
5701 8 19 60
5410 8 19 54
3604 8 19 48
1613 8 19 42
2505 8 19 34
396 8 19 27
2310 8 19 14
4707 8 19 7
4148 9 0 88
2354 9 0 81
2544 9 0 72
565 9 0 67
2275 9 0 60
5003 9 0 54
1503 9 0 48
1289 9 0 42
2300 9 0 34
4136 9 0 26
2260 9 0 19
3731 9 0 12
4275 9 0 3
3418 9 2 88
5089 9 2 80
2087 9 2 73
5088 9 2 64
1692 9 2 56
5487 9 2 47
1829 9 2 40
5130 9 2 31
346 9 2 26
2008 9 2 19
3292 9 2 12
3856 9 2 3
686 9 4 88
4292 9 4 80
1234 9 4 73
4961 9 4 64
1223 9 4 56
4197 9 4 47
5415 9 4 39
338 9 4 33
771 9 4 26
409 9 4 19
2904 9 4 12
3535 9 4 3
1690 9 6 87
1914 9 6 80
1025 9 6 73
4083 9 6 64
819 9 6 56
3584 9 6 47
5112 9 6 39
5340 9 6 32
5486 9 6 25
514 9 6 19
281 9 6 12
277 9 6 3
1547 9 7 87
885 9 7 80
4468 9 7 72
5640 9 7 66
121 9 7 60
4652 9 7 54
2943 9 7 47
4446 9 7 39
5237 9 7 32
4968 9 7 25
4816 9 7 18
4774 9 7 9
5403 9 7 1
4526 9 8 86
5761 9 8 79
2238 9 8 73
2580 9 8 64
810 9 8 56
2547 9 8 47
4411 9 8 39
4791 9 8 32
4245 9 8 25
4556 9 8 18
4714 9 8 9
4758 9 8 1
3508 9 9 86
4585 9 9 78
2543 9 9 72
4449 9 9 66
5124 9 9 59
3732 9 9 52
4610 9 9 43
1047 9 9 38
3108 9 9 32
3796 9 9 25
1425 9 9 18
3698 9 9 9
2622 9 9 1
1660 9 15 86
4401 9 15 78
1982 9 15 72
4341 9 15 66
3228 9 15 59
1010 9 15 52
829 9 15 43
5681 9 15 37
4676 9 15 32
3029 9 15 25
1146 9 15 18
3352 9 15 9
2608 9 15 1
5046 9 16 85
2517 9 16 77
718 9 16 69
1629 9 16 62
2556 9 16 55
4313 9 16 49
1722 9 16 40
5010 9 16 31
4832 9 16 25
2500 9 16 17
5072 9 16 10
4478 9 16 4
4328 9 17 84
5140 9 17 79
818 9 17 73
2143 9 17 64
4069 9 17 55
4025 9 17 49
5367 9 17 39
4549 9 17 32
880 9 17 25
2034 9 17 17
4219 9 17 10
3961 9 17 4
3725 9 18 84
4709 9 18 79
5529 9 18 72
2958 9 18 66
2806 9 18 59
692 9 18 52
3999 9 18 42
1248 9 18 34
2808 9 18 26
5387 9 18 18
174 9 18 9
541 9 18 1
3214 9 19 84
395 9 19 79
5335 9 19 72
3947 9 19 65
3169 9 19 56
2392 9 19 47
1822 9 19 39
3433 9 19 32
869 9 19 25
1804 9 19 17
3416 9 19 10
712 9 19 4
1626 10 0 84
5476 10 0 78
223 10 0 72
2969 10 0 65
2735 10 0 56
2817 10 0 46
4959 10 0 39
2094 10 0 32
4617 10 0 24
3942 10 0 19
258 10 0 12
4710 10 0 2
3187 10 2 83
3648 10 2 76
3390 10 2 69
1243 10 2 62
4877 10 2 54
2816 10 2 47
584 10 2 39
3882 10 2 31
2705 10 2 25
1363 10 2 17
3389 10 2 10
5354 10 2 3
3163 10 4 83
3141 10 4 76
2990 10 4 69
1116 10 4 62
3944 10 4 54
2609 10 4 47
5771 10 4 38
2888 10 4 32
3966 10 4 24
3574 10 4 19
37 10 4 12
4224 10 4 2
2222 10 6 82
975 10 6 74
1093 10 6 67
4531 10 6 59
261 10 6 52
3968 10 6 42
391 10 6 34
1688 10 6 26
4988 10 6 18
43 10 6 9
3605 10 6 1
3055 10 9 81
1391 10 9 72
4298 10 9 64
2619 10 9 55
3077 10 9 49
5351 10 9 39
3434 10 9 31
3951 10 9 24
1869 10 9 19
5571 10 9 11
3996 10 9 4
2579 10 11 81
1369 10 11 72
4139 10 11 64
1145 10 11 55
1609 10 11 49
4937 10 11 39
3166 10 11 31
3672 10 11 24
4624 10 11 18
3125 10 11 8
3540 10 11 1
1441 10 12 76
262 10 12 69
22 10 12 62
904 10 12 54
2190 10 12 47
5207 10 12 38
2739 10 12 32
2497 10 12 24
4543 10 12 18
1624 10 12 8
237 10 12 1
3388 10 13 73
1407 10 13 64
914 10 13 55
3647 10 13 48
656 10 13 42
5084 10 13 33
2347 10 13 25
983 10 13 17
1838 10 13 10
3937 10 13 3
1412 10 14 73
695 10 14 64
678 10 14 55
3231 10 14 48
2157 10 14 41
3880 10 14 34
1550 10 14 26
4951 10 14 18
1016 10 14 8
4594 11 0 67
4424 11 0 59
875 11 0 51
5214 11 0 43
5549 11 0 37
3126 11 0 32
1965 11 0 24
2946 11 0 18
457 11 0 8
3839 11 2 53
2864 11 2 46
3787 11 2 39
2876 11 2 31
3290 11 2 24
2835 11 2 18
4986 11 2 7
4188 11 4 97
3905 11 4 92
5360 11 4 85
425 11 4 77
470 11 4 69
4376 11 4 61
987 11 4 51
3597 11 4 43
5281 11 4 37
3095 11 4 32
1727 11 4 24
2502 11 4 18
558 11 4 7
930 11 6 97
2665 11 6 92
4621 11 6 85
5413 11 6 76
5466 11 6 68
4784 11 6 58
760 11 6 48
1928 11 6 41
3767 11 6 34
5333 11 6 25
4013 11 6 16
26 11 6 7
4727 11 8 96
1594 11 8 90
3953 11 8 84
4953 11 8 78
5061 11 8 71
1742 11 8 64
132 11 8 55
1280 11 8 48
1728 11 8 41
3417 11 8 34
4658 11 8 25
3613 11 8 16
4066 11 8 6
3308 11 9 96
1291 11 9 90
3576 11 9 84
1429 11 9 78
4392 11 9 71
5283 11 9 63
2234 11 9 57
3670 11 9 47
4964 11 9 38
2422 11 9 32
1055 11 9 24
707 11 9 18
4099 11 9 6
4970 11 11 95
1903 11 11 88
4015 11 11 80
4354 11 11 72
2850 11 11 64
5171 11 11 54
1169 11 11 47
3158 11 11 38
1427 11 11 32
5582 11 11 23
703 11 11 17
5705 11 11 9
3405 11 12 95
1569 11 12 88
2737 11 12 80
1153 11 12 72
1706 11 12 64
3229 11 12 54
1058 11 12 47
1832 11 12 38
870 11 12 32
4765 11 12 23
5228 11 12 16
195 11 12 6
198 11 13 95
899 11 13 88
1505 11 13 80
629 11 13 72
368 11 13 64
1200 11 13 54
959 11 13 47
1627 11 13 38
1622 11 13 31
1214 11 13 24
5508 11 13 17
5450 11 13 9
5307 11 14 94
4653 11 14 88
5765 11 14 79
1995 11 14 72
5254 11 14 63
3785 11 14 56
2639 11 14 46
2259 11 14 39
2481 11 14 31
595 11 14 24
5350 11 14 17
5137 11 14 9
3700 11 16 94
3661 11 16 88
5694 11 16 79
1875 11 16 72
5127 11 16 63
3015 11 16 56
1941 11 16 46
1884 11 16 39
1947 11 16 31
149 11 16 24
1633 11 16 17
4277 11 16 9
3361 11 17 94
3614 11 17 88
3741 11 17 79
4115 11 17 71
5095 11 17 63
2803 11 17 56
4761 11 17 45
5638 11 17 37
776 11 17 32
1696 11 17 23
4780 11 17 16
5033 11 17 5
1300 11 18 94
2615 11 18 88
3674 11 18 79
2115 11 18 71
2372 11 18 63
436 11 18 56
2578 11 18 45
5194 11 18 37
4880 11 18 31
3297 11 18 23
3933 11 18 16
3395 11 18 4
1122 11 19 94
855 11 19 88
3510 11 19 79
507 11 19 71
1915 11 19 63
5168 11 19 55
532 11 19 48
1124 11 19 41
2982 11 19 34
2435 11 19 25
2276 11 19 16
607 11 19 4
789 12 0 94
2933 12 0 87
5400 12 0 79
5149 12 0 70
4038 12 0 64
4217 12 0 53
2827 12 0 46
1518 12 0 39
1340 12 0 31
2903 12 0 23
3595 12 0 16
1811 12 0 3
4506 12 8 93
4990 12 8 86
3602 12 8 78
4228 12 8 71
765 12 8 63
4876 12 8 55
193 12 8 47
783 12 8 38
1011 12 8 31
2431 12 8 23
3303 12 8 16
561 12 8 3
4348 12 9 93
4641 12 9 86
786 12 9 78
5008 12 9 70
3378 12 9 64
1719 12 9 53
5142 12 9 45
4906 12 9 37
2443 12 9 31
1121 12 9 23
3036 12 9 16
1652 12 9 2
2672 12 16 93
4511 12 16 86
660 12 16 78
4687 12 16 70
2951 12 16 64
1237 12 16 53
3307 12 16 45
4853 12 16 37
1083 12 16 31
1080 12 16 23
580 12 16 16
5673 12 16 1
2618 12 17 93
3793 12 17 86
5519 12 17 77
2395 12 17 68
3958 12 17 58
644 12 17 48
5172 12 17 40
4711 12 17 31
895 12 17 23
423 12 17 16
5522 12 17 1
5680 12 18 92
3561 12 18 85
4931 12 18 76
4753 12 18 68
1330 12 18 58
5702 12 18 47
748 12 18 38
105 12 18 31
839 12 18 23
5672 12 18 15
816 12 18 6
4559 12 19 92
2963 12 19 85
4865 12 19 76
3715 12 19 68
1021 12 19 58
2898 12 19 47
4093 12 19 37
123 12 19 31
2454 12 19 22
945 12 19 15
5591 12 19 5
437 13 5 92
1927 13 5 85
4166 13 5 76
3693 13 5 68
5002 13 5 57
3258 13 5 47
2488 13 5 37
4155 13 5 30
287 13 5 25
1813 13 5 16
4441 13 5 1
139 13 7 91
2596 13 7 85
3806 13 7 76
2781 13 7 68
3522 13 7 57
3030 13 7 47
299 13 7 37
2949 13 7 30
5720 13 7 24
1597 13 7 17
3137 13 7 9
5257 13 8 90
3550 13 8 84
359 13 8 78
4566 13 8 70
2043 13 8 64
982 13 8 53
2666 13 8 45
4068 13 8 37
1977 13 8 30
4863 13 8 24
542 13 8 17
1106 13 8 9
2640 13 9 90
2362 13 9 84
273 13 9 78
4132 13 9 70
5454 13 9 63
4836 13 9 55
4746 13 9 46
653 13 9 39
1191 13 9 31
4374 13 9 21
3384 13 9 13
3298 13 9 4
2191 13 12 90
1398 13 12 84
3061 13 12 77
500 13 12 68
2873 13 12 57
1540 13 12 47
4533 13 12 36
2491 13 12 28
2528 13 12 21
3207 13 12 13
2139 13 12 4
1395 14 1 90
5338 14 1 83
1976 14 1 76
2684 14 1 68
1636 14 1 57
719 14 1 47
2587 14 1 36
2475 14 1 28
1607 14 1 21
2582 14 1 13
1114 14 1 4
1376 14 3 90
2967 14 3 83
1951 14 3 76
1765 14 3 68
1195 14 3 56
5204 14 3 44
76 14 3 36
5162 14 3 27
377 14 3 14
2206 14 3 7
5261 14 4 89
426 14 4 81
3743 14 4 71
5129 14 4 62
61 14 4 54
648 14 4 47
5255 14 4 35
356 14 4 27
3260 14 4 12
1301 14 4 2
5157 14 5 89
5531 14 5 80
2661 14 5 71
3562 14 5 62
4564 14 5 53
5343 14 5 44
4375 14 5 35
3264 14 5 26
3660 14 5 18
3788 14 5 6
1929 14 7 89
3873 14 7 80
2110 14 7 71
2597 14 7 62
4122 14 7 53
3684 14 7 44
3682 14 7 35
3088 14 7 26
3248 14 7 18
1142 14 7 6
86 14 9 89
3683 14 9 80
5747 14 9 70
4032 14 9 63
3469 14 9 55
4342 14 9 46
4358 14 9 38
5726 14 9 30
2653 14 9 24
350 14 9 17
577 14 9 9
5138 14 12 88
3035 14 12 79
4194 14 12 70
3068 14 12 63
2470 14 12 55
4299 14 12 46
3197 14 12 38
5492 14 12 30
1324 14 12 24
5665 14 12 16
2563 14 12 1
5111 14 14 88
2567 14 14 79
3775 14 14 70
2496 14 14 63
5021 14 14 54
5040 14 14 46
2430 14 14 38
3000 14 14 30
550 14 14 24
4398 14 14 16
1203 14 14 5
631 14 16 88
2125 14 16 79
2014 14 16 70
4737 14 16 62
3868 14 16 53
2612 14 16 44
2820 14 16 35
5060 14 16 25
4106 14 16 15
1283 14 16 4
2875 14 17 87
4612 14 17 79
1990 14 17 70
1974 14 17 62
3206 14 17 53
2239 14 17 44
2476 14 17 35
4885 14 17 25
3786 14 17 15
865 14 17 4
2226 14 19 87
4581 14 19 79
1956 14 19 70
3976 14 19 61
5325 14 19 50
5364 14 19 41
2144 14 19 34
1433 14 19 25
941 14 19 15
5773 14 19 3
4954 15 1 86
5024 15 1 77
5054 15 1 67
2325 15 1 59
697 15 1 51
3451 15 1 43
4113 15 1 37
1780 15 1 30
4614 15 1 23
5203 15 1 15
5769 15 1 3
4654 15 12 86
4886 15 12 77
4266 15 12 67
606 15 12 59
3653 15 12 50
4974 15 12 41
4384 15 12 33
1386 15 12 25
915 15 12 15
4850 15 12 3
2710 15 14 86
4596 15 14 77
3459 15 14 66
1849 15 14 59
2919 15 14 50
4915 15 14 41
3895 15 14 33
4276 15 14 24
4149 15 14 16
4249 15 14 3
721 15 17 86
4587 15 17 77
2268 15 17 66
592 15 17 59
2289 15 17 50
4482 15 17 41
2119 15 17 33
4210 15 17 24
2722 15 17 16
2228 15 17 3
4957 16 1 85
2509 16 1 76
913 16 1 68
473 16 1 56
2974 16 1 44
1261 16 1 35
4516 16 1 25
834 16 1 15
4705 16 1 2
3616 16 2 85
1333 16 2 76
209 16 2 68
2149 16 2 55
3519 16 2 46
1477 16 2 38
2849 16 2 30
3538 16 2 23
5135 16 2 15
3419 16 2 2
826 16 3 85
1090 16 3 76
5617 16 3 67
4235 16 3 58
751 16 3 47
5066 16 3 35
1897 16 3 25
679 16 3 15
713 16 3 2
5218 16 4 84
2444 16 4 77
794 16 4 66
5625 16 4 58
645 16 4 47
3689 16 4 35
1837 16 4 25
4916 16 4 14
1802 16 4 7
3392 16 5 83
1536 16 5 76
4873 16 5 67
2035 16 5 58
619 16 5 47
2805 16 5 35
1654 16 5 25
4834 16 5 14
655 16 5 7
2962 16 6 82
9 16 6 74
5561 16 6 66
5577 16 6 58
535 16 6 47
2485 16 6 35
971 16 6 25
729 16 6 14
4238 16 6 6
1975 16 7 82
4133 16 7 73
4763 16 7 63
4629 16 7 53
1072 16 7 44
50 16 7 35
510 16 7 25
3956 16 7 13
322 16 7 4
4382 16 8 81
1165 16 8 71
2478 16 8 62
2080 16 8 53
5434 16 8 43
4016 16 8 37
150 16 8 30
1030 16 8 22
2318 16 8 14
3980 16 8 6
3344 16 9 80
5439 16 9 70
2438 16 9 61
4198 16 9 50
4991 16 9 40
3969 16 9 31
1942 16 9 21
2508 16 9 13
3327 16 9 3
2787 16 10 80
3896 16 10 70
2047 16 10 61
3001 16 10 50
2980 16 10 40
2474 16 10 31
5712 16 10 20
5676 16 10 11
3302 16 10 4
1420 16 12 80
3295 16 12 70
4601 16 12 60
4262 16 12 54
4578 16 12 46
1104 16 12 38
492 16 12 30
1004 16 12 22
58 16 12 14
3751 16 12 6
4373 16 14 79
1048 16 14 70
3454 16 14 60
207 16 14 54
3462 16 14 46
180 16 14 38
5679 16 14 29
1308 16 14 20
5586 16 14 11
2699 16 14 4
2326 16 15 77
120 16 15 66
5244 16 15 58
5595 16 15 46
1317 16 15 36
3040 16 15 27
2854 16 15 12
392 16 15 2
3629 16 17 76
3678 16 17 67
972 16 17 58
5326 16 17 46
537 16 17 36
2730 16 17 27
148 16 17 12
5074 16 17 1
2577 16 18 75
75 16 18 68
4881 16 18 54
1741 16 18 46
1164 16 18 35
4286 16 18 24
1657 16 18 16
1110 16 18 1
2584 16 19 73
4432 16 19 63
3593 16 19 53
4009 16 19 43
3740 16 19 37
3309 16 19 29
739 16 19 20
5346 16 19 11
973 16 19 4
5517 17 1 72
4575 17 1 63
3148 17 1 53
1489 17 1 43
2685 17 1 37
4164 17 1 28
1073 17 1 21
2439 17 1 13
2601 17 1 3
4909 17 2 71
1581 17 2 61
1733 17 2 50
2832 17 2 40
1494 17 2 31
440 17 2 20
5123 17 2 11
585 17 2 4
932 17 3 68
463 17 3 54
1695 17 3 46
4595 17 3 34
1297 17 3 25
2003 17 3 13
3768 17 3 2
2957 17 4 92
1723 17 4 85
2961 17 4 75
4053 17 4 67
5722 17 4 57
4546 17 4 46
3759 17 4 34
1129 17 4 25
1667 17 4 13
2114 17 4 2
256 17 5 92
917 17 5 85
1664 17 5 75
3948 17 5 67
5503 17 5 57
3620 17 5 46
3681 17 5 34
3776 17 5 24
3855 17 5 15
753 17 5 1
3794 17 6 91
2524 17 6 85
452 17 6 75
1707 17 6 67
4759 17 6 57
2981 17 6 46
2245 17 6 34
3325 17 6 24
1980 17 6 15
38 17 6 1
2247 17 7 91
2472 17 7 85
5249 17 7 74
4022 17 7 66
2922 17 7 58
3938 17 7 46
1752 17 7 34
3152 17 7 24
77 17 7 15
1184 17 7 6
5240 17 8 90
2539 17 8 83
5052 17 8 75
4929 17 8 66
2770 17 8 58
2204 17 8 46
1315 17 8 34
2162 17 8 24
4864 17 8 14
502 17 8 6
5132 17 9 90
2507 17 9 83
3025 17 9 75
4715 17 9 66
2207 17 9 58
475 17 9 46
268 17 9 34
860 17 9 24
4590 17 9 14
5102 17 9 5
3901 17 10 90
1228 17 10 83
5484 17 10 74
3442 17 10 66
531 17 10 58
2606 17 10 45
3981 17 10 37
4111 17 10 28
5556 17 10 20
3502 17 10 11
5170 17 10 3
3736 17 12 90
4513 17 12 82
3382 17 12 73
3422 17 12 63
1700 17 12 53
1020 17 12 43
1991 17 12 37
1404 17 12 28
4458 17 12 20
3116 17 12 11
2156 17 12 3
3076 17 14 90
2024 17 14 82
3379 17 14 73
3421 17 14 63
5349 17 14 52
444 17 14 42
5055 17 14 33
2693 17 14 24
3720 17 14 14
4927 17 14 5
2058 17 15 90
1836 17 15 82
2745 17 15 73
3186 17 15 63
3402 17 15 52
11 17 15 42
4977 17 15 33
1521 17 15 24
2998 17 15 14
4744 17 15 5
3314 17 17 89
2959 17 17 80
831 17 17 70
1329 17 17 60
5280 17 17 53
4820 17 17 42
3843 17 17 33
1015 17 17 24
2385 17 17 14
1730 17 17 5
3019 17 18 89
2923 17 18 80
715 17 18 70
651 17 18 60
4462 17 18 53
3028 17 18 42
3840 17 18 33
530 17 18 24
1992 17 18 14
1450 17 18 5
2426 17 19 89
2633 17 19 80
709 17 19 70
599 17 19 60
4420 17 19 53
1729 17 19 42
2141 17 19 33
5536 17 19 23
5044 17 19 15
566 17 19 5
1311 18 10 89
2246 18 10 80
5324 18 10 69
3274 18 10 61
1680 18 10 50
2652 18 10 40
5654 18 10 30
730 18 10 22
5144 18 10 13
5303 18 10 1
962 18 12 89
1416 18 12 80
928 18 12 69
3144 18 12 61
1519 18 12 50
2550 18 12 40
4049 18 12 30
365 18 12 22
4200 18 12 13
4195 18 12 1
488 19 0 89
4284 19 0 79
4024 19 0 69
1515 19 0 61
1466 19 0 50
1778 19 0 40
3146 19 0 30
5298 19 0 21
2033 19 0 12
501 19 0 3
4622 19 1 88
4852 19 1 78
3628 19 1 70
417 19 1 60
2771 19 1 53
4221 19 1 41
977 19 1 33
5136 19 1 23
4459 19 1 15
4461 19 1 4
3501 19 2 88
3067 19 2 78
342 19 2 70
5195 19 2 59
2021 19 2 50
5438 19 2 39
5320 19 2 30
2142 19 2 21
1187 19 2 12
2001 19 2 2
188 19 3 88
667 19 3 78
5734 19 3 69
1196 19 3 61
4602 19 3 49
4258 19 3 39
2703 19 3 30
1996 19 3 21
337 19 3 12
1018 19 3 2
5371 19 4 87
967 19 4 79
3075 19 4 69
900 19 4 61
4579 19 4 49
2778 19 4 39
2132 19 4 30
1528 19 4 21
5489 19 4 11
2977 19 4 1
4092 19 5 87
4920 19 5 78
4615 19 5 69
4260 19 5 60
3847 19 5 52
5106 19 5 41
4196 19 5 31
5480 19 5 19
5396 19 5 11
2913 19 5 3
687 19 6 87
4660 19 6 78
3224 19 6 69
3866 19 6 60
1244 19 6 52
844 19 6 41
2046 19 6 31
2216 19 6 19
4936 19 6 11
1799 19 6 3
4343 19 7 86
3568 19 7 77
4356 19 7 65
2413 19 7 56
696 19 7 44
5274 19 7 34
4640 19 7 23
2701 19 7 15
4244 19 7 4
4285 19 8 86
2279 19 8 77
3726 19 8 65
1299 19 8 56
1510 19 8 43
966 19 8 37
59 19 8 28
4263 19 8 20
1341 19 8 11
163 19 8 3
3766 19 9 86
1985 19 9 77
2378 19 9 65
330 19 9 56
5766 19 9 42
1239 19 9 33
5025 19 9 23
2389 19 9 15
3818 19 9 4
4430 19 10 84
1997 19 10 77
1632 19 10 65
129 19 10 56
5567 19 10 42
2690 19 10 32
1302 19 10 23
1186 19 10 15
3635 19 10 4
2660 19 12 84
1792 19 12 77
1596 19 12 65
5075 19 12 55
1539 19 12 46
5385 19 12 33
2911 19 12 23
1151 19 12 15
1173 19 12 4
5315 19 13 83
4630 19 13 74
382 19 13 66
2662 19 13 57
1475 19 13 46
3138 19 13 33
2345 19 13 23
1054 19 13 15
498 19 13 4
2434 19 14 83
4082 19 14 74
4396 19 14 65
4998 19 14 55
451 19 14 46
1749 19 14 33
1676 19 14 23
722 19 14 15
243 19 14 4
96 19 15 83
5428 19 15 73
3006 19 15 63
3276 19 15 52
93 19 15 41
1388 19 15 31
1647 19 15 19
4551 19 15 11
5628 19 15 2
4665 19 16 82
4560 19 16 72
2407 19 16 63
3267 19 16 52
5077 19 16 40
3820 19 16 29
81 19 16 20
3877 19 16 10
5603 19 16 2
3493 19 17 82
3875 19 17 72
2294 19 17 63
3157 19 17 52
4206 19 17 40
2983 19 17 29
5675 19 17 19
3890 19 17 11
5286 19 17 2
3113 19 18 82
3539 19 18 72
1347 19 18 63
4450 19 18 51
2956 19 18 43
5293 19 18 36
2520 19 18 27
3100 19 18 11
5037 19 18 2
5216 19 19 81
2213 19 19 70
3284 19 19 59
211 19 19 50
2766 19 19 39
4239 19 19 29
5600 19 19 19
3813 19 19 11
4346 19 19 2
