2622
3873 0 0 98
623 0 0 94
1937 0 0 91
239 0 0 89
2340 0 0 86
3388 0 0 83
1458 0 0 81
2047 0 0 78
3236 0 0 75
719 0 0 73
3817 0 0 70
1759 0 0 67
2666 0 0 65
4002 0 0 62
3590 0 0 58
3618 0 0 53
1529 0 0 51
4081 0 0 47
2156 0 0 44
3967 0 0 42
3464 0 0 39
1612 0 0 37
544 0 0 34
3515 0 0 31
2627 0 0 29
2928 0 0 25
1833 0 0 21
3102 0 0 18
3586 0 0 16
3963 0 0 13
2632 0 0 11
3241 0 0 8
3436 0 0 5
3768 0 0 1
298 0 1 98
3397 0 1 93
928 0 1 90
1582 0 1 87
3574 0 1 84
2798 0 1 79
3738 0 1 77
3280 0 1 74
3512 0 1 70
1233 0 1 66
321 0 1 63
3412 0 1 60
1885 0 1 56
4178 0 1 54
2494 0 1 51
2801 0 1 47
4146 0 1 43
1544 0 1 40
2368 0 1 36
319 0 1 33
4006 0 1 31
3083 0 1 28
4080 0 1 26
3286 0 1 23
3778 0 1 18
3001 0 1 16
2466 0 1 13
4029 0 1 10
3533 0 1 6
3585 0 1 4
4239 0 1 1
3237 0 2 97
353 0 2 94
2133 0 2 90
3838 0 2 86
971 0 2 83
596 0 2 81
3174 0 2 77
686 0 2 74
2183 0 2 70
977 0 2 66
4015 0 2 62
3373 0 2 58
3144 0 2 53
2962 0 2 48
3157 0 2 44
2122 0 2 41
1231 0 2 38
2130 0 2 36
2159 0 2 32
4200 0 2 29
1824 0 2 25
3416 0 2 20
1337 0 2 18
2945 0 2 14
1788 0 2 11
3250 0 2 7
1137 0 2 4
237 0 2 1
480 0 3 97
2043 0 3 93
2189 0 3 89
1926 0 3 85
581 0 3 82
3110 0 3 79
4079 0 3 75
2003 0 3 72
3707 0 3 69
1230 0 3 66
3341 0 3 62
1819 0 3 58
1729 0 3 53
2925 0 3 48
2311 0 3 44
3632 0 3 40
1159 0 3 36
2357 0 3 31
250 0 3 28
2455 0 3 24
3028 0 3 22
3781 0 3 19
978 0 3 16
1887 0 3 13
2497 0 3 9
2112 0 3 6
3129 0 3 2
4077 0 4 96
4195 0 4 94
2119 0 4 90
3130 0 4 86
181 0 4 83
1196 0 4 80
2675 0 4 77
4128 0 4 73
1352 0 4 69
463 0 4 66
2500 0 4 62
1316 0 4 58
1298 0 4 53
2045 0 4 48
1840 0 4 44
3528 0 4 40
3564 0 4 35
3306 0 4 33
3080 0 4 30
2888 0 4 27
3425 0 4 24
3669 0 4 20
869 0 4 18
781 0 4 14
1708 0 4 10
2658 0 4 6
2312 0 4 2
2123 0 5 96
4225 0 5 93
2594 0 5 88
3498 0 5 85
204 0 5 82
627 0 5 79
2649 0 5 75
3210 0 5 71
3939 0 5 68
3350 0 5 64
2742 0 5 60
71 0 5 56
2245 0 5 53
3531 0 5 47
2147 0 5 43
3883 0 5 39
2646 0 5 35
2625 0 5 32
202 0 5 29
1477 0 5 24
276 0 5 20
1966 0 5 16
1136 0 5 13
1229 0 5 9
598 0 5 6
552 0 5 2
5 0 6 96
3191 0 6 93
1594 0 6 88
3095 0 6 83
269 0 6 80
1610 0 6 77
4037 0 6 73
3508 0 6 68
3567 0 6 63
2385 0 6 60
3503 0 6 54
1032 0 6 51
2679 0 6 47
1620 0 6 43
3161 0 6 39
1659 0 6 35
908 0 6 32
4222 0 6 28
2071 0 6 23
3189 0 6 17
2167 0 6 14
79 0 6 10
718 0 6 6
1941 0 6 1
2552 0 7 95
3073 0 7 91
876 0 7 88
1559 0 7 83
2287 0 7 79
4234 0 7 74
1839 0 7 70
159 0 7 66
2176 0 7 62
4187 0 7 57
3879 0 7 54
3702 0 7 50
684 0 7 47
3402 0 7 42
1976 0 7 39
2804 0 7 34
160 0 7 31
3805 0 7 27
2605 0 7 24
2984 0 7 19
3968 0 7 15
4031 0 7 13
3827 0 7 8
1252 0 7 5
3431 0 7 1
262 0 8 95
2181 0 8 91
3748 0 8 86
3368 0 8 82
716 0 8 77
2807 0 8 73
1427 0 8 68
3152 0 8 63
1275 0 8 60
2067 0 8 54
1778 0 8 50
345 0 8 47
3629 0 8 41
2186 0 8 37
3186 0 8 33
2581 0 8 30
214 0 8 27
3263 0 8 22
3729 0 8 18
62 0 8 14
4213 0 8 9
3379 0 8 5
832 0 8 1
3506 0 9 94
1497 0 9 90
1106 0 9 86
2853 0 9 82
548 0 9 77
3962 0 9 72
504 0 9 68
2835 0 9 63
371 0 9 60
1239 0 9 54
1700 0 9 50
2874 0 9 45
882 0 9 42
2890 0 9 38
3260 0 9 34
2243 0 9 30
101 0 9 27
4141 0 9 21
2603 0 9 18
4276 0 9 13
1749 0 9 8
3485 0 9 3
3313 0 10 94
1391 0 10 90
1040 0 10 86
4140 0 10 81
3762 0 10 76
3393 0 10 73
3676 0 10 67
1313 0 10 64
1051 0 10 60
567 0 10 54
350 0 10 50
1636 0 10 45
3411 0 10 41
756 0 10 37
1479 0 10 33
1542 0 10 30
3518 0 10 26
2545 0 10 23
2465 0 10 17
1162 0 10 14
4086 0 10 9
1653 0 10 5
2867 0 11 94
3999 0 11 89
1718 0 11 85
2306 0 11 81
3248 0 11 76
134 0 11 72
2570 0 11 67
1451 0 11 63
4106 0 11 58
662 0 11 53
3090 0 11 47
1828 0 11 41
2367 0 11 36
1802 0 11 31
3549 0 11 27
1029 0 11 21
3930 0 11 17
4248 0 11 11
2437 0 11 7
3173 0 11 3
1587 0 12 94
3209 0 12 89
3201 0 12 84
2710 0 12 79
4231 0 12 74
3984 0 12 69
392 0 12 65
3920 0 12 61
3757 0 12 59
3353 0 12 56
4105 0 12 52
2204 0 12 50
1557 0 12 45
2770 0 12 40
3522 0 12 35
607 0 12 31
1635 0 12 27
534 0 12 21
1965 0 12 17
3337 0 12 11
2187 0 12 7
3326 0 12 2
396 0 13 94
2678 0 13 89
2288 0 13 84
2544 0 13 78
2745 0 13 75
1380 0 13 71
1270 0 13 68
902 0 13 63
1174 0 13 58
3742 0 13 52
1210 0 13 50
706 0 13 45
1370 0 13 40
2589 0 13 35
3795 0 13 30
236 0 13 26
1067 0 13 23
2322 0 13 17
3093 0 13 11
3815 0 13 6
1746 0 13 1
4161 0 14 93
2219 0 14 87
543 0 14 83
3867 0 14 78
2715 0 14 73
2482 0 14 67
2775 0 14 62
4100 0 14 57
3769 0 14 53
2748 0 14 47
1487 0 14 41
2091 0 14 36
493 0 14 31
3500 0 14 26
2124 0 14 22
3502 0 14 18
2513 0 14 13
1482 0 14 8
1858 0 14 3
3610 0 15 93
2127 0 15 87
3392 0 15 82
3346 0 15 75
4193 0 15 70
3840 0 15 65
1178 0 15 61
711 0 15 59
3859 0 15 54
2020 0 15 49
3242 0 15 45
752 0 15 40
1591 0 15 35
3556 0 15 30
2694 0 15 25
472 0 15 20
931 0 15 16
4039 0 15 12
2957 0 15 9
1238 0 15 5
2600 0 16 93
1998 0 16 87
2480 0 16 82
2791 0 16 75
3767 0 16 70
2404 0 16 65
922 0 16 61
1949 0 16 58
3737 0 16 52
1151 0 16 49
3296 0 16 44
985 0 16 40
880 0 16 35
3925 0 16 29
954 0 16 24
2284 0 16 19
3048 0 16 15
39 0 16 12
2626 0 16 9
593 0 16 5
1865 0 17 93
737 0 17 87
3037 0 17 81
2718 0 17 76
4192 0 17 71
3598 0 17 67
2018 0 17 62
3935 0 17 56
1777 0 17 52
4258 0 17 48
2660 0 17 43
4121 0 17 38
2264 0 17 34
1538 0 17 30
1720 0 17 25
24 0 17 20
4130 0 17 15
3996 0 17 11
3139 0 17 6
910 0 17 1
1397 0 18 93
226 0 18 87
2188 0 18 81
1931 0 18 76
1619 0 18 71
2346 0 18 67
823 0 18 61
1193 0 18 58
2398 0 18 52
2815 0 18 48
2118 0 18 43
4108 0 18 37
540 0 18 33
2733 0 18 29
3582 0 18 23
2278 0 18 17
2083 0 18 11
797 0 18 6
787 0 18 1
946 0 19 93
3804 0 19 86
2522 0 19 81
3244 0 19 75
1195 0 19 70
2163 0 19 65
724 0 19 61
3853 0 19 57
2931 0 19 53
2057 0 19 47
1431 0 19 41
3706 0 19 35
3842 0 19 29
1310 0 19 23
1289 0 19 17
1979 0 19 11
3889 0 19 5
4159 2 0 92
994 2 0 89
1366 2 0 84
2436 2 0 78
688 2 0 73
4107 2 0 66
4247 2 0 61
1972 2 0 57
1670 2 0 53
2050 2 0 46
4067 2 0 43
1889 2 0 37
1689 2 0 32
3521 2 0 28
1601 2 0 23
3625 2 0 16
2070 2 0 12
2622 2 0 9
2963 2 0 4
2392 2 1 92
560 2 1 89
3788 2 1 83
3288 2 1 78
209 2 1 73
3450 2 1 66
4089 2 1 61
4066 2 1 56
539 2 1 52
291 2 1 48
1403 2 1 43
2108 2 1 36
3276 2 1 30
1001 2 1 25
4087 2 1 19
613 2 1 14
3881 2 1 9
1092 2 1 4
1712 2 2 92
1292 2 2 88
1081 2 2 83
3024 2 2 78
2871 2 2 72
1532 2 2 67
412 2 2 61
3011 2 2 56
270 2 2 52
106 2 2 48
119 2 2 43
1661 2 2 36
466 2 2 30
4119 2 2 24
3343 2 2 18
2026 2 2 13
3878 2 2 7
2258 2 2 2
1649 2 3 92
1258 2 3 88
3959 2 3 82
750 2 3 75
110 2 3 70
146 2 3 65
2711 2 3 60
3064 2 3 53
1962 2 3 46
2994 2 3 43
3916 2 3 35
3046 2 3 29
595 2 3 23
3206 2 3 16
652 2 3 12
3954 2 3 7
2201 2 3 1
1404 2 4 92
2917 2 4 87
4088 2 4 80
1909 2 4 76
1513 2 4 71
1534 2 4 67
1880 2 4 60
3597 2 4 52
3177 2 4 47
84 2 4 41
2250 2 4 35
698 2 4 29
4176 2 4 22
2185 2 4 18
1798 2 4 13
2806 2 4 7
2102 2 4 1
1075 2 5 92
990 2 5 87
3108 2 5 80
1213 2 5 76
3505 2 5 70
4182 2 5 64
3338 2 5 59
2762 2 5 54
592 2 5 49
2893 2 5 44
3284 2 5 39
1425 2 5 34
1415 2 5 30
3641 2 5 23
1939 2 5 16
136 2 5 12
2309 2 5 7
807 2 5 1
3226 2 6 91
3089 2 6 86
114 2 6 81
2260 2 6 75
4206 2 6 69
31 2 6 65
2471 2 6 60
3074 2 6 52
3101 2 6 47
1770 2 6 40
469 2 6 35
12 2 6 29
3383 2 6 22
604 2 6 18
783 2 6 13
1571 2 6 7
261 2 6 1
3036 2 8 91
3020 2 8 86
2990 2 8 80
391 2 8 76
3437 2 8 70
1186 2 8 64
2333 2 8 58
2310 2 8 52
1528 2 8 47
3124 2 8 39
3786 2 8 33
1805 2 8 29
3294 2 8 22
3983 2 8 17
1907 2 8 11
1600 2 8 5
3014 2 9 91
2324 2 9 86
2966 2 9 80
2683 2 9 74
3361 2 9 69
3667 2 9 64
2265 2 9 58
11 2 9 52
1123 2 9 47
2797 2 9 39
3197 2 9 33
608 2 9 29
2030 2 9 22
3489 2 9 17
1218 2 9 11
131 2 9 5
1637 2 10 91
2877 2 10 85
536 2 10 81
4052 2 10 74
3022 2 10 69
2551 2 10 64
728 2 10 58
1329 2 10 51
351 2 10 47
52 2 10 39
2950 2 10 33
795 2 10 28
1365 2 10 23
1592 2 10 16
3203 2 10 11
2813 2 10 4
1606 2 11 91
1291 2 11 85
4242 2 11 80
1003 2 11 74
1724 2 11 69
1525 2 11 64
3619 2 11 57
35 2 11 53
1378 2 11 46
2959 2 11 42
3919 2 11 37
867 2 11 32
1835 2 11 28
590 2 11 23
1208 2 11 16
2028 2 11 11
1411 2 11 4
458 2 12 91
4232 2 12 84
317 2 12 78
2273 2 12 72
3509 2 12 66
1641 2 12 61
1791 2 12 56
3988 2 12 51
2166 2 12 46
2419 2 12 42
383 2 12 37
2785 2 12 31
3468 2 12 26
1911 2 12 22
1499 2 12 17
799 2 12 11
1348 2 12 4
3536 2 13 90
3616 2 13 85
3698 2 13 80
943 2 13 74
4270 2 13 68
4122 2 13 62
3852 2 13 56
1975 2 13 51
1605 2 13 46
4209 2 13 41
884 2 13 35
4153 2 13 28
4003 2 13 22
3149 2 13 16
709 2 13 11
920 2 13 4
1566 2 14 90
90 2 14 85
1626 2 14 80
561 2 14 74
1814 2 14 68
3348 2 14 62
2296 2 14 56
213 2 14 51
1165 2 14 46
3751 2 14 41
3965 2 14 34
1314 2 14 29
1512 2 14 22
1438 2 14 16
569 2 14 11
2909 2 14 3
3356 2 15 89
1738 2 15 83
1999 2 15 78
3486 2 15 71
513 2 15 67
620 2 15 60
2664 2 15 52
834 2 15 47
3709 2 15 38
4043 2 15 33
2074 2 15 27
2655 2 15 20
3304 2 15 15
3845 2 15 11
2516 2 15 3
2355 2 16 89
1323 2 16 83
425 2 16 78
1756 2 16 71
104 2 16 67
443 2 16 59
885 2 16 53
76 2 16 46
3555 2 16 41
2104 2 16 34
1267 2 16 28
3893 2 16 22
468 2 16 16
591 2 16 10
1596 2 16 5
1044 2 17 89
1118 2 17 83
4126 2 17 77
2315 2 17 72
309 2 17 66
4197 2 17 60
1871 2 17 52
777 2 17 47
1056 2 17 38
3682 2 17 33
973 2 17 27
2068 2 17 20
2418 2 17 15
2964 2 17 11
2141 2 17 3
2291 2 18 88
2151 2 18 82
3163 2 18 74
1758 2 18 68
2873 2 18 62
1386 2 18 56
3981 2 18 50
178 2 18 45
3826 2 18 39
1574 2 18 32
498 2 18 28
1918 2 18 22
3071 2 18 15
3449 2 18 10
1590 2 18 5
1570 2 19 88
1879 2 19 82
2377 2 19 74
4254 2 19 67
2481 2 19 58
2565 2 19 50
2596 2 19 44
715 2 19 39
1562 2 19 32
272 2 19 28
3434 2 19 21
1940 2 19 17
339 2 19 11
2079 2 19 3
488 3 0 88
3223 3 0 81
2970 3 0 74
3525 3 0 67
26 3 0 58
1951 3 0 50
2441 3 0 44
54 3 0 39
381 3 0 32
4259 3 0 27
1866 3 0 20
1395 3 0 15
2604 3 0 10
1332 3 0 5
388 3 1 88
1010 3 1 81
2743 3 1 74
111 3 1 66
3081 3 1 60
234 3 1 52
1194 3 1 46
768 3 1 41
3887 3 1 33
3989 3 1 26
1736 3 1 22
2933 3 1 15
2563 3 1 10
511 3 1 5
1432 3 2 86
2224 3 2 80
4135 3 2 73
3408 3 2 66
1424 3 2 60
2180 3 2 51
4143 3 2 45
1038 3 2 39
4267 3 2 31
2283 3 2 26
3926 3 2 21
4025 3 2 15
993 3 2 10
167 3 2 5
1082 3 3 85
531 3 3 80
3949 3 3 73
3377 3 3 65
400 3 3 60
1806 3 3 51
3659 3 3 45
693 3 3 39
3109 3 3 31
1437 3 3 26
4170 3 3 20
1287 3 3 15
194 3 3 10
120 3 3 5
3736 3 4 84
2793 3 4 77
1992 3 4 72
240 3 4 66
524 3 4 60
3577 3 4 50
2162 3 4 44
3213 3 4 38
3677 3 4 33
2211 3 4 26
3558 3 4 20
3650 3 4 14
3565 3 4 9
1000 3 4 4
1079 3 5 84
2233 3 5 77
414 3 5 72
2684 3 5 65
4154 3 5 59
2316 3 5 52
3391 3 5 45
4116 3 5 38
2974 3 5 33
1549 3 5 26
1256 3 5 20
1763 3 5 14
2142 3 5 9
900 3 5 4
1902 3 6 83
2803 3 6 77
401 3 6 71
4233 3 6 65
2568 3 6 59
1139 3 6 52
3100 3 6 45
2431 3 6 38
1667 3 6 33
1101 3 6 26
757 3 6 20
2894 3 6 13
1227 3 6 7
232 3 6 1
3979 3 8 82
1410 3 8 74
56 3 8 66
3928 3 8 59
858 3 8 52
2686 3 8 45
1269 3 8 38
3923 3 8 32
3312 3 8 27
1384 3 8 20
2561 3 8 13
831 3 8 7
3876 3 9 80
3148 3 9 73
3126 3 9 65
997 3 9 59
692 3 9 52
1692 3 9 45
1132 3 9 38
1989 3 9 32
502 3 9 27
399 3 9 20
2415 3 9 13
312 3 9 7
1286 3 10 75
3802 3 10 69
1245 3 10 64
2261 3 10 57
2468 3 10 52
3892 3 10 44
1755 3 10 38
1968 3 10 32
3615 3 10 25
4072 3 10 19
4265 3 10 12
1567 3 10 7
1224 3 11 72
747 3 11 65
547 3 11 59
873 3 11 51
2356 3 11 45
2281 3 11 37
2194 3 11 31
248 3 11 26
4245 3 11 19
3921 3 11 12
1453 3 11 7
622 3 12 70
4034 3 12 63
247 3 12 58
1104 3 12 50
2096 3 12 44
171 3 12 38
1164 3 12 31
4070 3 12 25
2681 3 12 19
3291 3 12 12
2716 3 12 6
3519 3 13 62
1369 3 13 56
2846 3 13 50
914 3 13 44
3950 3 13 37
4078 3 13 30
2609 3 13 23
3822 3 13 15
2956 3 13 9
2936 3 13 2
3907 3 14 60
1509 3 14 50
712 3 14 44
3117 3 14 37
3221 3 14 30
1602 3 14 23
2325 3 14 15
2668 3 14 9
2175 3 14 1
987 3 15 97
3946 3 15 92
816 3 15 87
2639 3 15 80
2369 3 15 73
2277 3 15 65
346 3 15 59
3985 3 15 50
695 3 15 44
2989 3 15 37
4151 3 15 29
784 3 15 22
2014 3 15 15
1066 3 15 9
359 3 15 1
3785 3 16 96
3178 3 16 93
3127 3 16 86
785 3 16 80
1223 3 16 73
1658 3 16 65
1742 3 16 58
44 3 16 50
521 3 16 44
2651 3 16 37
3389 3 16 29
3690 3 16 21
3670 3 16 15
819 3 16 9
1488 3 16 3
1747 3 17 96
1465 3 17 93
2731 3 17 86
126 3 17 80
408 3 17 73
2442 3 17 64
1034 3 17 57
1933 3 17 51
133 3 17 45
1713 3 17 37
2448 3 17 29
1096 3 17 21
3314 3 17 15
3029 3 17 8
1732 3 17 2
2546 3 18 95
1561 3 18 91
2044 3 18 84
1850 3 18 77
2977 3 18 70
2583 3 18 63
2592 3 18 57
1340 3 18 51
2750 3 18 44
1362 3 18 37
1656 3 18 29
3578 3 18 20
1209 3 18 13
147 3 18 7
30 3 19 95
47 3 19 91
1053 3 19 84
1254 3 19 77
1905 3 19 70
1995 3 19 63
2021 3 19 57
4028 3 19 50
3668 3 19 43
3874 3 19 35
3772 3 19 28
3239 3 19 21
3944 3 19 14
1730 3 19 9
2345 4 6 94
1963 4 6 89
3831 4 6 82
3654 4 6 73
342 4 6 64
243 4 6 57
3699 4 6 50
3420 4 6 43
3746 4 6 35
2184 4 6 28
3033 4 6 21
3349 4 6 14
1448 4 6 9
986 4 8 93
1478 4 8 86
3035 4 8 79
3164 4 8 74
3530 4 8 65
1726 4 8 58
3681 4 8 49
2889 4 8 44
3958 4 8 36
3274 4 8 29
3255 4 8 20
1084 4 8 13
25 4 8 7
3448 5 0 92
643 5 0 87
2040 5 0 79
671 5 0 74
1834 5 0 65
1632 5 0 58
1222 5 0 49
3836 5 0 43
2193 5 0 35
1964 5 0 28
1471 5 0 21
2677 5 0 14
439 5 0 9
2317 5 1 92
1990 5 1 86
2460 5 1 79
398 5 1 74
4061 5 1 64
3128 5 1 56
1059 5 1 50
3151 5 1 43
1986 5 1 35
1737 5 1 28
4250 5 1 20
3732 5 1 12
49 5 1 6
1820 5 2 92
1765 5 2 86
1543 5 2 79
3330 5 2 73
320 5 2 64
2381 5 2 56
563 5 2 50
2469 5 2 43
1982 5 2 35
1521 5 2 28
4139 5 2 20
3679 5 2 12
2616 5 2 5
743 5 3 92
1496 5 3 86
1347 5 3 79
3009 5 3 73
4240 5 3 62
1259 5 3 56
1127 5 3 49
2574 5 3 43
1872 5 3 35
824 5 3 28
3352 5 3 20
3249 5 3 12
1553 5 3 5
3478 5 4 91
3580 5 4 83
2547 5 4 77
615 5 4 70
1585 5 4 63
1921 5 4 57
3325 5 4 50
1707 5 4 43
963 5 4 35
641 5 4 28
2115 5 4 20
2588 5 4 12
1142 5 4 5
3471 5 6 91
2239 5 6 83
1751 5 6 77
354 5 6 70
4059 5 6 62
2337 5 6 55
4216 5 6 53
2738 5 6 45
1580 5 6 37
1433 5 6 29
3013 5 6 20
1946 5 6 12
854 5 6 5
2926 5 10 91
1575 5 10 83
842 5 10 77
2145 5 10 69
2634 5 10 63
1691 5 10 57
713 5 10 50
1336 5 10 43
4166 5 10 34
1248 5 10 28
1099 5 10 20
3966 5 10 11
3877 5 10 2
156 5 11 91
3605 5 11 82
2830 5 11 73
3912 5 11 62
941 5 11 55
980 5 11 50
1090 5 11 43
3756 5 11 34
3154 5 11 27
128 5 11 20
3167 5 11 11
1002 5 11 2
2085 5 12 90
3829 5 12 84
45 5 12 77
2054 5 12 69
2202 5 12 63
1279 5 12 57
3714 5 12 49
4069 5 12 42
327 5 12 37
1285 5 12 29
2491 5 12 20
2851 5 12 11
3898 5 12 1
983 5 13 90
3298 5 13 84
4184 5 13 76
2412 5 13 70
791 5 13 62
3422 5 13 54
558 5 13 49
1486 5 13 42
4022 5 13 36
2834 5 13 29
2042 5 13 20
2328 5 13 11
1961 5 13 1
3750 5 14 89
3705 5 14 82
2736 5 14 73
95 5 14 62
773 5 14 54
38 5 14 49
4274 5 14 41
3228 5 14 33
8 5 14 26
2838 5 14 18
130 5 14 13
2708 5 14 6
3459 5 15 88
3870 5 15 80
305 5 15 73
2752 5 15 61
892 5 15 56
600 5 15 49
4024 5 15 41
2148 5 15 33
2582 5 15 25
2400 5 15 19
546 5 15 12
343 5 15 5
88 5 17 88
1705 5 17 80
2517 5 17 72
577 5 17 65
1622 5 17 58
3915 5 17 48
3546 5 17 42
3599 5 17 36
409 5 17 29
802 5 17 20
2110 5 17 10
3640 5 17 4
3155 5 18 87
1537 5 18 79
1687 5 18 73
420 5 18 61
369 5 18 56
4241 5 18 47
2915 5 18 37
459 5 18 29
492 5 18 20
1706 5 18 10
3537 5 18 3
2944 5 19 87
852 5 19 79
1225 5 19 73
913 5 19 60
612 5 19 50
3134 5 19 42
4162 5 19 35
2644 5 19 27
81 5 19 20
271 5 19 10
3175 5 19 3
2637 6 0 87
433 6 0 79
602 6 0 73
363 6 0 60
386 6 0 50
2111 6 0 42
2477 6 0 35
2235 6 0 27
4272 6 0 19
4260 6 0 11
1135 6 0 1
2414 6 1 87
3440 6 1 78
1343 6 1 71
3545 6 1 65
1603 6 1 58
3901 6 1 48
2082 6 1 42
2215 6 1 35
1652 6 1 27
3998 6 1 19
2924 6 1 11
646 6 1 1
572 6 2 87
3365 6 2 78
564 6 2 71
3333 6 2 65
4188 6 2 57
2892 6 2 49
2502 6 2 41
1435 6 2 33
2010 6 2 25
1862 6 2 19
2429 6 2 11
405 6 2 1
380 6 3 87
1283 6 3 78
1646 6 3 70
507 6 3 62
1655 6 3 53
281 6 3 45
1302 6 3 37
92 6 3 29
331 6 3 20
4278 6 3 9
4032 6 4 86
205 6 4 79
4214 6 4 72
1398 6 4 64
1126 6 4 56
2009 6 4 47
303 6 4 37
208 6 4 28
3793 6 4 19
1672 6 4 11
3170 6 4 3
3423 6 6 86
3419 6 6 78
966 6 6 70
4076 6 6 61
2699 6 6 55
3721 6 6 49
1078 6 6 41
1372 6 6 33
778 6 6 25
770 6 6 19
1455 6 6 11
3390 6 6 2
2244 6 9 86
2290 6 9 78
809 6 9 70
3523 6 9 61
1468 6 9 55
3438 6 9 49
829 6 9 41
727 6 9 33
235 6 9 25
2618 6 9 18
4229 6 9 12
2852 6 9 4
1354 6 10 86
855 6 10 78
57 6 10 70
2251 6 10 61
1020 6 10 55
2007 6 10 49
801 6 10 41
1698 6 10 32
2274 6 10 25
2320 6 10 18
1183 6 10 12
1942 6 10 4
3394 6 11 85
375 6 11 80
2378 6 11 72
257 6 11 64
555 6 11 56
3218 6 11 46
233 6 11 41
510 6 11 32
251 6 11 25
1874 6 11 18
866 6 11 12
515 6 11 4
1417 6 12 85
3974 6 12 79
2911 6 12 72
1350 6 12 63
1276 6 12 57
2747 6 12 49
3358 6 12 40
3858 6 12 34
3147 6 12 27
2263 6 12 19
411 6 12 11
3376 6 12 2
499 6 13 85
702 6 13 79
2763 6 13 72
1074 6 13 63
122 6 13 57
3863 6 13 48
3794 6 13 41
2192 6 13 31
3308 6 13 25
1573 6 13 17
4243 6 13 10
2300 6 13 2
75 6 14 85
1367 6 14 78
2461 6 14 69
3551 6 14 62
1971 6 14 52
3262 6 14 44
1888 6 14 36
4237 6 14 28
2875 6 14 19
4099 6 14 10
2253 6 14 2
2692 6 15 84
3295 6 15 76
798 6 15 69
2153 6 15 62
1790 6 15 52
273 6 15 44
1357 6 15 36
2015 6 15 28
2401 6 15 19
3620 6 15 10
376 6 15 2
898 7 4 84
2882 7 4 76
2485 7 4 68
2647 7 4 62
1015 7 4 52
2700 7 4 43
1456 7 4 34
813 7 4 27
754 7 4 18
1516 7 4 11
4144 7 4 1
827 7 6 84
2275 7 6 76
2342 7 6 68
1643 7 6 62
803 7 6 52
2402 7 6 43
3038 7 6 33
1247 7 6 24
582 7 6 18
1421 7 6 11
3787 7 6 1
2421 7 15 83
3864 7 15 76
164 7 15 68
1552 7 15 62
3456 7 15 51
2695 7 15 44
1085 7 15 36
976 7 15 28
486 7 15 19
2213 7 15 10
2949 7 15 1
2289 7 16 83
3211 7 16 76
4092 7 16 67
2084 7 16 57
3759 7 16 48
3645 7 16 41
3652 7 16 30
839 7 16 23
1581 7 16 15
2606 7 16 8
957 7 17 83
2628 7 17 76
3381 7 17 67
3319 7 17 55
1515 7 17 49
4203 7 17 39
2362 7 17 31
1901 7 17 25
1246 7 17 17
4179 7 17 10
368 7 18 83
836 7 18 76
3002 7 18 67
503 7 18 55
1004 7 18 49
2985 7 18 39
1272 7 18 31
3027 7 18 24
3069 7 18 17
2509 7 18 10
927 7 19 80
508 7 19 72
4279 7 19 62
1473 7 19 51
2584 7 19 44
4091 7 19 35
2866 7 19 26
2799 7 19 18
3535 7 19 9
4227 8 0 78
1823 8 0 69
1261 8 0 62
3140 8 0 50
2004 8 0 42
1938 8 0 35
2608 8 0 26
2558 8 0 18
2707 8 0 9
1693 8 1 75
2577 8 1 69
4180 8 1 61
917 8 1 55
145 8 1 49
2769 8 1 39
740 8 1 31
1910 8 1 24
4020 8 1 16
3627 8 1 9
1526 8 2 72
1483 8 2 62
4001 8 2 49
1851 8 2 39
3539 8 2 30
3454 8 2 22
969 8 2 15
2331 8 2 8
27 8 4 97
3351 8 4 92
3488 8 4 85
65 8 4 78
3914 8 4 68
518 8 4 62
765 8 4 49
860 8 4 39
3123 8 4 30
3259 8 4 22
307 8 4 15
2269 8 4 8
2094 8 6 96
1390 8 6 92
3481 8 6 85
3828 8 6 77
1638 8 6 69
2640 8 6 61
2444 8 6 54
3624 8 6 48
1957 8 6 41
3039 8 6 30
2987 8 6 22
2536 8 6 13
1255 8 6 6
4177 8 8 95
3051 8 8 90
3222 8 8 84
2230 8 8 76
2665 8 8 67
4217 8 8 54
3215 8 8 48
1457 8 8 41
2849 8 8 30
2858 8 8 22
2029 8 8 13
3004 8 8 5
3414 8 9 95
2550 8 9 90
1803 8 9 84
2199 8 9 76
1333 8 9 67
2982 8 9 54
199 8 9 48
1420 8 9 41
461 8 9 30
2221 8 9 22
1723 8 9 13
2796 8 9 5
3133 8 10 95
2036 8 10 90
1489 8 10 84
3740 8 10 75
1719 8 10 69
3964 8 10 60
3770 8 10 49
3688 8 10 38
1 8 10 31
1904 8 10 23
862 8 10 15
870 8 10 8
3008 8 11 95
2983 8 11 89
3032 8 11 82
2011 8 11 73
3076 8 11 59
3680 8 11 50
32 8 11 42
960 8 11 35
2049 8 11 26
2388 8 11 18
1221 8 11 9
579 8 12 95
2611 8 12 89
2885 8 12 82
1493 8 12 73
554 8 12 59
3272 8 12 50
4219 8 12 41
1836 8 12 29
2771 8 12 19
1138 8 12 10
1861 8 13 94
495 8 13 89
2143 8 13 82
659 8 13 72
3717 8 13 61
968 8 13 54
3030 8 13 47
186 8 13 37
1860 8 13 27
632 8 13 18
669 8 13 9
1807 8 14 94
2063 8 14 88
454 8 14 80
3937 8 14 71
3329 8 14 65
1934 8 14 57
2099 8 14 48
901 8 14 41
667 8 14 29
2078 8 14 19
4026 8 14 9
2643 8 15 93
739 8 15 86
848 8 15 78
3418 8 15 68
462 8 15 62
3246 8 15 46
3871 8 15 40
929 8 15 34
4244 8 15 26
1786 8 15 18
336 8 15 9
909 8 16 93
51 8 16 86
708 8 16 78
2573 8 16 68
252 8 16 62
2961 8 16 46
3843 8 16 40
3739 8 16 33
911 8 16 24
3888 8 16 16
3176 8 16 9
3689 8 17 92
3119 8 17 85
3058 8 17 76
98 8 17 67
2086 8 17 54
2703 8 17 47
77 8 17 37
1666 8 17 27
2590 8 17 17
2198 8 17 10
2696 8 18 92
2182 8 18 85
485 8 18 76
4142 8 18 66
3684 8 18 59
2038 8 18 50
4009 8 18 41
3433 8 18 28
3297 8 18 18
314 8 18 9
2255 8 19 92
1368 8 19 84
2939 8 19 75
1682 8 19 69
2302 8 19 60
3016 8 19 49
872 8 19 38
3251 8 19 30
1176 8 19 22
2960 8 19 12
3646 8 19 3
559 9 0 92
696 9 0 83
3626 9 0 75
729 9 0 69
2103 9 0 60
2829 9 0 49
123 9 0 38
2438 9 0 30
264 9 0 22
4093 9 0 11
3841 9 1 91
2234 9 1 82
211 9 1 72
1648 9 1 61
932 9 1 54
2613 9 1 47
664 9 1 35
1599 9 1 26
125 9 1 18
170 9 1 9
1616 9 2 91
2490 9 2 81
2386 9 2 74
2722 9 2 64
263 9 2 56
4190 9 2 45
3621 9 2 36
4084 9 2 27
2174 9 2 17
2774 9 2 9
800 9 4 91
3895 9 4 80
3685 9 4 71
3271 9 4 65
1052 9 4 57
1779 9 4 48
154 9 4 41
2597 9 4 28
220 9 4 18
3252 9 4 8
183 9 6 91
4280 9 6 79
670 9 6 72
1103 9 6 61
820 9 6 54
1593 9 6 47
3903 9 6 34
4005 9 6 26
3257 9 6 17
1046 9 6 9
21 9 8 91
3931 9 8 79
3047 9 8 71
2361 9 8 65
318 9 8 57
793 9 8 48
1377 9 8 40
1660 9 8 33
294 9 8 24
2833 9 8 16
3104 9 8 9
3332 9 9 90
3062 9 9 82
138 9 9 72
13 9 9 61
419 9 9 54
1569 9 9 47
907 9 9 34
2375 9 9 26
3059 9 9 17
3305 9 9 8
2585 9 10 90
3894 9 10 81
2037 9 10 74
1969 9 10 64
3758 9 10 55
3496 9 10 48
703 9 10 40
1117 9 10 33
253 9 10 24
2090 9 10 16
1595 9 10 9
1442 9 11 90
2878 9 11 81
1494 9 11 74
903 9 11 64
3172 9 11 55
3470 9 11 48
112 9 11 40
3193 9 11 32
2553 9 11 24
1852 9 11 16
1321 9 11 9
808 9 12 90
2462 9 12 81
959 9 12 74
256 9 12 64
3099 9 12 55
1097 9 12 48
4235 9 12 39
1413 9 12 29
1896 9 12 19
4011 9 12 9
3608 9 13 89
1817 9 13 82
4129 9 13 71
1168 9 13 65
29 9 13 57
3913 9 13 47
835 9 13 34
1633 9 13 26
3631 9 13 16
70 9 13 9
3195 9 14 89
846 9 14 82
3649 9 14 71
445 9 14 65
28 9 14 57
3396 9 14 47
3327 9 14 32
1203 9 14 24
2236 9 14 15
241 9 14 8
1388 10 2 89
3909 10 2 81
3458 10 2 73
3662 10 2 58
2505 10 2 48
3830 10 2 39
3823 10 2 28
3929 10 2 17
3184 10 2 8
1095 10 4 89
3899 10 4 81
2879 10 4 73
919 10 4 58
1868 10 4 48
3268 10 4 39
3265 10 4 28
1273 10 4 17
2981 10 4 8
526 10 6 89
3534 10 6 81
1394 10 6 73
1665 10 6 56
3375 10 6 45
3292 10 6 36
3868 10 6 27
2899 10 6 16
4253 10 6 8
3875 10 8 88
103 10 8 80
2262 10 8 71
3238 10 8 64
2216 10 8 55
1022 10 8 48
2952 10 8 39
1950 10 8 28
223 10 8 17
2027 10 8 8
3204 10 14 88
3696 10 14 79
2652 10 14 71
3220 10 14 64
505 10 14 55
844 10 14 48
2321 10 14 39
1890 10 14 27
2832 10 14 16
3731 10 14 8
1402 10 16 88
2484 10 16 79
2624 10 16 71
456 10 16 64
267 10 16 55
2788 10 16 47
1005 10 16 31
4212 10 16 22
1545 10 16 11
2446 10 17 87
645 10 17 78
2168 10 17 68
1589 10 17 61
323 10 17 54
3417 10 17 46
1987 10 17 40
2005 10 17 32
566 10 17 24
2196 10 17 15
3479 10 17 7
1111 10 18 87
2999 10 18 77
734 10 18 69
1232 10 18 60
762 10 18 49
2139 10 18 37
962 10 18 27
1985 10 18 16
3630 10 18 8
621 10 19 87
1743 10 19 77
3455 10 19 68
496 10 19 61
3776 10 19 53
2520 10 19 44
2930 10 19 35
1318 10 19 26
2528 10 19 16
3085 10 19 8
1994 11 0 86
4186 11 0 77
749 11 0 68
215 11 0 61
2548 11 0 53
1903 11 0 44
1675 11 0 35
1300 11 0 26
1882 11 0 16
557 11 0 8
2390 11 8 84
1009 11 8 75
2827 11 8 68
4165 11 8 60
109 11 8 49
74 11 8 37
3145 11 8 26
1832 11 8 16
2555 11 8 7
3171 11 10 83
3465 11 10 75
2407 11 10 68
3359 11 10 60
3808 11 10 48
4263 11 10 38
924 11 10 30
1864 11 10 21
2256 11 10 14
1345 11 10 8
2200 11 11 82
3633 11 11 71
176 11 11 64
4085 11 11 54
1794 11 11 46
3637 11 11 39
3583 11 11 26
1422 11 11 16
2483 11 11 7
1169 11 12 82
1163 11 12 71
2326 11 12 63
3678 11 12 56
2898 11 12 45
930 11 12 36
1717 11 12 27
1878 11 12 16
1324 11 12 7
841 11 14 82
3846 11 14 70
1560 11 14 61
2389 11 14 53
585 11 14 44
322 11 14 35
424 11 14 26
814 11 14 16
2932 11 14 6
965 11 16 81
1341 11 16 73
2812 11 16 54
217 11 16 46
3270 11 16 39
3472 11 16 26
310 11 16 16
2100 11 16 6
444 11 17 81
1274 11 17 73
4168 11 17 53
288 11 17 44
152 11 17 35
3278 11 17 25
2843 11 17 16
304 11 17 5
2593 11 18 80
2089 11 18 71
1406 11 18 62
2884 11 18 46
3254 11 18 39
1149 11 18 26
3162 11 18 15
2295 11 18 7
449 11 19 79
1912 11 19 71
1307 11 19 62
2023 11 19 46
3146 11 19 39
899 11 19 26
2979 11 19 15
1504 11 19 7
874 12 0 74
89 12 0 64
3084 12 0 54
19 12 0 46
2510 12 0 39
3143 12 0 25
428 12 0 16
218 12 0 5
3187 12 1 93
4047 12 1 85
483 12 1 76
2329 12 1 66
2751 12 1 59
1219 12 1 50
833 12 1 41
66 12 1 28
190 12 1 16
2728 12 1 4
945 12 2 93
1815 12 2 85
470 12 2 76
2270 12 2 66
2645 12 2 59
1207 12 2 50
4268 12 2 40
1897 12 2 32
87 12 2 24
1445 12 2 15
3052 12 2 6
416 12 3 93
389 12 3 85
4150 12 3 75
1898 12 3 68
1520 12 3 60
830 12 3 48
3357 12 3 38
3446 12 3 29
1182 12 3 19
3821 12 3 9
69 12 4 93
2845 12 4 84
58 12 4 75
1351 12 4 68
155 12 4 60
3065 12 4 47
434 12 4 31
3860 12 4 22
1280 12 4 11
46 12 5 93
2739 12 5 84
3730 12 5 74
3552 12 5 63
2249 12 5 56
2391 12 5 45
605 12 5 36
981 12 5 27
1265 12 5 16
1631 12 5 4
3309 12 6 92
283 12 6 83
2359 12 6 75
1147 12 6 68
3584 12 6 59
4056 12 6 49
3182 12 6 36
506 12 6 27
2865 12 6 15
2887 12 6 6
2641 12 8 92
2825 12 8 82
2828 12 8 70
1695 12 8 60
1514 12 8 46
2149 12 8 39
1845 12 8 25
2165 12 8 15
1932 12 8 6
2146 12 10 92
3591 12 10 81
4035 12 10 72
3247 12 10 60
3948 12 10 45
61 12 10 36
3995 12 10 26
2501 12 10 15
1155 12 10 6
1948 12 11 92
794 12 11 81
3942 12 11 72
3728 12 11 59
2732 12 11 49
500 12 11 36
2195 12 11 26
1335 12 11 15
1290 12 11 5
1809 12 12 92
3427 12 12 80
1401 12 12 71
23 12 12 62
334 12 12 45
2808 12 12 35
2992 12 12 25
3477 12 12 14
377 12 12 8
1217 12 14 91
2002 12 14 79
140 12 14 71
2351 12 14 61
2232 12 14 53
3501 12 14 43
1615 12 14 33
3837 12 14 23
497 12 14 15
685 12 14 5
766 12 16 91
1715 12 16 78
2259 12 16 67
1993 12 16 54
4137 12 16 45
2662 12 16 35
417 12 16 25
3094 12 16 14
2906 12 16 7
476 13 8 91
4113 13 8 77
3940 13 8 67
3188 13 8 53
3499 13 8 43
1466 13 8 33
3782 13 8 23
221 13 8 15
3543 13 8 4
3951 13 10 90
1588 13 10 81
3544 13 10 72
2207 13 10 59
1892 13 10 49
437 13 10 34
3658 13 10 25
2016 13 10 14
2688 13 10 7
3726 13 14 90
2439 13 14 80
3614 13 14 70
3323 13 14 59
2837 13 14 48
3105 13 14 38
3371 13 14 29
825 13 14 19
3603 13 14 9
2697 13 16 90
516 13 16 80
340 13 16 70
3026 13 16 59
2064 13 16 48
3078 13 16 38
3763 13 16 28
3970 13 16 14
2503 13 16 7
1281 13 18 90
673 13 18 79
1121 13 18 69
649 13 18 60
2667 13 18 45
955 13 18 35
2995 13 18 24
93 13 18 15
1054 13 18 3
720 13 19 90
1385 13 19 78
1997 13 19 67
3183 13 19 52
1847 13 19 43
422 13 19 33
1722 13 19 23
3674 13 19 14
1462 13 19 7
3947 14 1 89
2304 14 1 81
2499 14 1 72
255 14 1 59
1618 14 1 48
3661 14 1 37
2823 14 1 26
972 14 1 15
179 14 1 3
2986 14 2 89
732 14 2 81
1565 14 2 72
3554 14 2 58
3997 14 2 47
3991 14 2 30
3711 14 2 20
3961 14 2 9
2019 14 3 89
4169 14 3 80
2650 14 3 69
3755 14 3 59
1812 14 3 47
2953 14 3 30
2631 14 3 20
3743 14 3 9
1444 14 4 89
1754 14 4 80
722 14 4 69
2988 14 4 59
1171 14 4 46
1952 14 4 39
1750 14 4 25
2000 14 4 14
1416 14 4 7
891 14 5 89
1450 14 5 80
4110 14 5 68
3336 14 5 59
3142 14 5 44
2617 14 5 34
2473 14 5 25
4261 14 5 13
2060 14 5 5
489 14 6 89
1485 14 6 79
3056 14 6 68
3077 14 6 59
1725 14 6 43
3862 14 6 32
4004 14 6 23
1202 14 6 14
691 14 6 7
1642 14 10 88
1519 14 10 79
1436 14 10 68
2816 14 10 59
828 14 10 43
975 14 10 32
3156 14 10 23
83 14 10 14
2765 14 10 6
1429 14 12 88
877 14 12 79
1043 14 12 68
1250 14 12 59
2800 14 12 42
665 14 12 35
258 14 12 24
2746 14 12 14
3504 14 12 5
897 14 14 88
22 14 14 79
2714 14 14 67
2991 14 14 52
1818 14 14 43
850 14 14 32
2172 14 14 23
4030 14 14 13
1181 14 14 5
372 14 16 88
3435 14 16 78
782 14 16 67
2496 14 16 52
863 14 16 43
2530 14 16 31
3482 14 16 22
4073 14 16 9
2101 14 18 87
3168 14 18 76
1703 14 18 66
1846 14 18 59
3049 14 18 41
207 14 18 27
4249 14 18 14
2222 14 18 5
1312 14 19 87
1657 14 19 76
1539 14 19 66
1721 14 19 59
1235 14 19 41
4131 14 19 25
2294 14 19 13
3648 14 19 4
132 15 1 87
1491 15 1 76
4171 15 1 65
2822 15 1 56
1825 15 1 45
666 15 1 35
3692 15 1 23
3469 15 1 13
2935 15 1 4
4114 15 2 86
780 15 2 77
2440 15 2 67
2727 15 2 51
2072 15 2 44
3900 15 2 33
1502 15 2 23
3413 15 2 13
2464 15 2 4
1558 15 3 86
127 15 3 77
1628 15 3 67
1503 15 3 51
1996 15 3 44
3848 15 3 33
636 15 3 22
3765 15 3 9
822 15 4 86
117 15 4 77
690 15 4 67
491 15 4 51
1960 15 4 44
1548 15 4 33
3579 15 4 21
3747 15 4 13
1315 15 4 4
1991 15 5 85
3655 15 5 75
1047 15 5 68
415 15 5 59
2895 15 5 40
991 15 5 32
1077 15 5 23
2579 15 5 13
1050 15 5 4
10 15 6 85
1120 15 6 75
849 15 6 68
374 15 6 59
725 15 6 38
1690 15 6 28
3430 15 6 14
1540 15 6 5
1980 15 7 84
1550 15 7 74
2463 15 7 63
1776 15 7 56
2257 15 7 44
1226 15 7 33
3561 15 7 21
2092 15 7 13
638 15 7 4
1694 15 8 84
1188 15 8 74
3017 15 8 62
43 15 8 41
2417 15 8 25
2039 15 8 13
2754 15 8 3
1353 15 10 84
883 15 10 74
3656 15 10 61
2209 15 10 53
3106 15 10 43
1645 15 10 31
201 15 10 22
3609 15 10 9
2191 15 12 82
2055 15 12 70
2013 15 12 59
514 15 12 32
916 15 12 23
1115 15 12 13
2479 15 12 3
2453 15 14 81
2842 15 14 71
1228 15 14 61
741 15 14 53
3040 15 14 43
2612 15 14 30
2467 15 14 20
2160 15 14 9
1200 15 16 81
776 15 16 71
940 15 16 61
330 15 16 53
2919 15 16 41
2518 15 16 24
2682 15 16 14
1305 15 16 5
3475 15 18 80
3588 15 18 68
1842 15 18 56
964 15 18 44
721 15 18 33
3258 15 18 21
1320 15 18 13
2907 15 18 2
2409 17 1 80
3495 17 1 68
1068 17 1 56
3560 17 1 43
1831 17 1 29
617 17 1 19
3581 17 1 9
1023 17 2 77
525 17 2 67
2595 17 2 49
2860 17 2 33
742 17 2 21
3971 17 2 12
2729 17 2 3
3398 17 3 76
4021 17 3 65
427 17 3 56
1547 17 3 43
2408 17 3 27
2323 17 3 14
4102 17 3 4
2506 17 4 75
464 17 4 68
984 17 4 56
1160 17 4 43
889 17 4 27
1301 17 4 14
3825 17 4 4
285 17 5 75
4164 17 5 67
3791 17 5 48
1393 17 5 37
4157 17 5 25
1830 17 5 13
1344 17 5 1
3091 17 6 92
2693 17 6 80
3780 17 6 66
1607 17 6 59
2150 17 6 28
2144 17 6 14
3322 17 6 4
1663 17 7 92
293 17 7 80
2998 17 7 66
438 17 7 59
490 17 7 25
455 17 7 13
2271 17 7 3
4275 17 8 91
3906 17 8 77
296 17 8 67
1683 17 8 46
1190 17 8 39
961 17 8 23
432 17 8 13
2266 17 8 3
3741 17 9 91
1508 17 9 77
3623 17 9 66
429 17 9 59
2614 17 9 47
2757 17 9 29
3334 17 9 18
3141 17 9 8
3719 17 10 91
274 17 10 77
3595 17 10 66
280 17 10 59
1837 17 10 47
1816 17 10 27
3779 17 10 13
1541 17 10 3
3703 17 11 91
188 17 11 77
1128 17 11 65
410 17 11 56
1131 17 11 43
3910 17 11 26
2661 17 11 14
3380 17 11 3
3467 17 12 91
3432 17 12 76
3199 17 12 65
3179 17 12 55
1441 17 12 47
20 17 12 27
3426 17 12 13
935 17 12 3
3010 17 13 91
2445 17 13 75
3066 17 13 67
185 17 13 45
475 17 13 35
3409 17 13 23
2531 17 13 12
895 17 13 3
2942 17 14 91
1102 17 14 75
2836 17 14 67
2318 17 14 35
3407 17 14 23
1089 17 14 12
655 17 14 3
2896 17 15 91
1913 17 15 74
3639 17 15 61
1501 17 15 52
4266 17 15 42
2633 17 15 34
893 17 15 25
3190 17 15 12
473 17 15 3
1184 17 16 91
2725 17 16 72
2766 17 16 58
3764 17 16 45
306 17 16 35
175 17 16 23
4201 17 16 11
610 17 17 91
2051 17 17 72
1387 17 17 58
3600 17 17 45
2689 17 17 34
482 17 17 24
1262 17 17 14
3012 17 17 3
4103 17 18 90
660 17 18 78
448 17 18 67
788 17 18 31
3548 17 18 21
3638 17 18 11
1764 17 19 90
1008 17 19 77
3622 17 19 64
1094 17 19 54
3675 17 19 45
3710 17 19 33
3317 17 19 19
2687 17 19 9
3264 19 0 89
1338 19 0 79
2190 19 0 67
2740 19 0 30
896 19 0 20
1627 19 0 9
2786 19 1 89
3230 19 1 77
1640 19 1 64
4210 19 1 53
2338 19 1 41
3018 19 1 22
2880 19 1 8
1597 19 2 89
299 19 2 76
2908 19 2 65
2164 19 2 55
1423 19 2 47
2870 19 2 26
545 19 2 14
430 19 2 3
1389 19 3 89
3517 19 3 75
3300 19 3 66
3289 19 3 58
3339 19 3 44
423 19 3 33
1739 19 3 19
2599 19 3 9
361 19 4 89
2971 19 4 75
3205 19 4 66
1859 19 4 58
2212 19 4 44
4044 19 4 32
390 19 4 23
3657 19 4 11
3673 19 5 88
2861 19 5 78
2669 19 5 66
2279 19 5 57
3344 19 5 47
1630 19 5 24
2554 19 5 13
168 19 5 3
435 19 6 88
2360 19 6 78
1041 19 6 66
1804 19 6 57
2918 19 6 47
624 19 6 23
4148 19 6 9
289 19 7 88
2358 19 7 78
3316 19 7 65
3224 19 7 54
3045 19 7 45
3131 19 7 33
519 19 7 19
2382 19 7 9
2426 19 8 87
102 19 8 76
853 19 8 65
1535 19 8 54
3812 19 8 44
3355 19 8 32
3803 19 8 22
1685 19 8 8
3955 19 9 86
4111 19 9 76
231 19 9 65
4082 19 9 53
1813 19 9 41
2566 19 9 22
2242 19 9 7
3927 19 10 86
3321 19 10 76
3328 19 10 64
3884 19 10 51
2840 19 10 43
1799 19 10 24
944 19 10 13
2848 19 10 2
3693 19 11 86
3113 19 11 76
2540 19 11 64
3704 19 11 51
1158 19 11 43
3945 19 11 23
3114 19 11 9
3266 19 12 86
2591 19 12 76
451 19 12 64
1461 19 12 51
94 19 12 43
3261 19 12 23
1356 19 12 9
2578 19 13 86
2048 19 13 76
4000 19 13 63
939 19 13 56
3360 19 13 42
2602 19 13 34
4252 19 13 23
467 19 13 8
3809 19 14 85
3752 19 14 74
1769 19 14 61
1013 19 14 52
3777 19 14 42
1796 19 14 34
2940 19 14 23
2114 19 14 3
2749 19 15 85
2107 19 15 74
1664 19 15 61
193 19 15 52
1459 19 15 42
1185 19 15 34
3370 19 15 22
573 19 15 7
3936 19 16 84
404 19 16 74
200 19 16 61
3524 19 16 51
2132 19 16 42
886 19 16 34
1408 19 16 22
938 19 16 5
3733 19 17 84
142 19 17 74
150 19 17 61
1876 19 17 51
1919 19 17 42
868 19 17 33
452 19 17 19
1914 19 17 9
3125 19 18 84
3345 19 18 73
1811 19 18 51
1906 19 18 42
41 19 18 33
161 19 18 19
3364 19 18 8
2698 19 19 84
3075 19 19 73
3783 19 19 49
1988 19 19 33
933 19 19 18
3132 19 19 8
