2513
1199 0 0 99
3645 0 0 95
1486 0 0 93
2865 0 0 90
3860 0 0 88
4195 0 0 85
3423 0 0 83
1429 0 0 81
1559 0 0 78
2164 0 0 76
4000 0 0 73
2130 0 0 70
2799 0 0 67
3306 0 0 63
3537 0 0 60
747 0 0 57
2169 0 0 53
3470 0 0 50
4507 0 0 48
3665 0 0 45
2962 0 0 41
2472 0 0 37
2842 0 0 34
3534 0 0 31
2657 0 0 27
2483 0 0 25
564 0 0 21
3986 0 0 18
4584 0 0 16
949 0 0 13
4412 0 0 10
4225 0 0 7
2389 0 0 4
3843 0 1 97
2722 0 1 94
3415 0 1 92
4551 0 1 88
3669 0 1 85
1379 0 1 81
785 0 1 78
734 0 1 76
3795 0 1 73
3741 0 1 69
4142 0 1 66
3996 0 1 62
3772 0 1 59
4502 0 1 55
1867 0 1 52
4510 0 1 50
2326 0 1 46
2105 0 1 42
2108 0 1 40
495 0 1 37
3839 0 1 31
1965 0 1 27
2701 0 1 22
1124 0 1 18
2804 0 1 16
2803 0 1 12
4104 0 1 10
4329 0 1 6
3763 0 1 3
3362 0 2 96
2477 0 2 92
904 0 2 88
3428 0 2 85
654 0 2 81
3667 0 2 77
3576 0 2 73
2539 0 2 69
2896 0 2 66
2369 0 2 62
3133 0 2 59
4089 0 2 54
3643 0 2 51
3984 0 2 48
1630 0 2 45
22 0 2 41
4280 0 2 36
2971 0 2 33
2330 0 2 30
4204 0 2 26
97 0 2 23
2883 0 2 21
2905 0 2 18
4345 0 2 15
4099 0 2 12
2649 0 2 10
3693 0 2 4
2015 0 3 96
528 0 3 92
4455 0 3 87
3918 0 3 83
3061 0 3 80
4144 0 3 77
2464 0 3 73
1817 0 3 69
3752 0 3 65
1539 0 3 62
2724 0 3 59
3981 0 3 54
4287 0 3 50
3975 0 3 45
4305 0 3 40
2602 0 3 36
3948 0 3 31
3827 0 3 26
4536 0 3 22
4350 0 3 17
3157 0 3 15
3923 0 3 11
1806 0 3 9
3501 0 3 7
2469 0 3 3
1507 0 4 96
4432 0 4 91
2854 0 4 89
3192 0 4 86
2444 0 4 83
513 0 4 80
2686 0 4 76
1625 0 4 73
880 0 4 69
2861 0 4 65
698 0 4 62
2776 0 4 57
1205 0 4 52
2402 0 4 50
2780 0 4 45
241 0 4 40
170 0 4 36
2268 0 4 30
394 0 4 26
4148 0 4 22
4053 0 4 17
335 0 4 15
2620 0 4 11
4184 0 4 8
3082 0 4 5
309 0 4 2
3719 0 5 95
1160 0 5 92
2915 0 5 87
3429 0 5 83
4372 0 5 79
3769 0 5 75
3355 0 5 73
2581 0 5 68
2269 0 5 65
4335 0 5 61
2878 0 5 57
377 0 5 52
1284 0 5 49
4489 0 5 46
1827 0 5 42
510 0 5 40
4453 0 5 35
1187 0 5 32
3213 0 5 28
2677 0 5 25
3149 0 5 20
4423 0 5 17
4362 0 5 14
2721 0 5 11
3312 0 5 8
2064 0 5 5
4235 0 5 1
3376 0 6 95
452 0 6 92
1933 0 6 87
3822 0 6 82
329 0 6 79
2676 0 6 75
4528 0 6 71
270 0 6 69
1825 0 6 64
1291 0 6 61
1287 0 6 57
3916 0 6 51
478 0 6 48
4028 0 6 44
2646 0 6 42
1728 0 6 39
3262 0 6 36
2250 0 6 30
1020 0 6 25
1056 0 6 20
3510 0 6 16
2220 0 6 12
2507 0 6 8
3069 0 6 4
3356 0 7 95
3962 0 7 91
3027 0 7 88
3951 0 7 84
3518 0 7 82
61 0 7 79
1335 0 7 75
4082 0 7 71
1866 0 7 68
1513 0 7 65
1016 0 7 61
1082 0 7 57
3724 0 7 51
4222 0 7 47
1421 0 7 44
3430 0 7 41
1707 0 7 36
1666 0 7 30
905 0 7 25
829 0 7 20
463 0 7 16
231 0 7 12
3401 0 7 7
4569 0 7 2
2443 0 8 95
3648 0 8 91
2566 0 8 88
2916 0 8 84
1660 0 8 82
3200 0 8 78
2381 0 8 75
1694 0 8 71
4175 0 8 67
4114 0 8 62
2124 0 8 57
3442 0 8 51
283 0 8 47
4461 0 8 43
3924 0 8 40
2629 0 8 35
3626 0 8 31
3706 0 8 26
4026 0 8 21
2654 0 8 16
2043 0 8 11
3865 0 8 7
3417 0 8 2
1188 0 9 95
1244 0 9 91
3641 0 9 87
3414 0 9 82
1946 0 9 78
1120 0 9 75
1290 0 9 71
3945 0 9 67
3807 0 9 62
4312 0 9 56
2454 0 9 53
1369 0 9 50
1869 0 9 45
4074 0 9 39
244 0 9 36
1245 0 9 30
668 0 9 25
247 0 9 20
3998 0 9 15
2291 0 9 11
1162 0 9 7
3328 0 9 2
489 0 10 95
664 0 10 91
3137 0 10 87
2584 0 10 82
1848 0 10 78
2561 0 10 74
4052 0 10 71
2504 0 10 67
2939 0 10 62
4041 0 10 56
3216 0 10 52
4582 0 10 48
551 0 10 44
4373 0 10 40
2471 0 10 35
3549 0 10 31
2340 0 10 26
4380 0 10 20
1543 0 10 15
2364 0 10 10
3288 0 10 4
162 0 11 95
4360 0 11 90
110 0 11 88
4260 0 11 83
497 0 11 79
1086 0 11 75
1193 0 11 71
4545 0 11 65
928 0 11 61
3849 0 11 56
1156 0 11 52
2624 0 11 48
4049 0 11 43
3112 0 11 39
1874 0 11 35
3040 0 11 31
1937 0 11 26
3939 0 11 20
3361 0 11 14
3619 0 11 10
3280 0 11 4
2154 0 12 94
4291 0 12 91
2357 0 12 87
2111 0 12 81
2728 0 12 77
1523 0 12 73
1404 0 12 68
4336 0 12 64
4599 0 12 60
3640 0 12 56
2535 0 12 51
2438 0 12 46
1252 0 12 42
3445 0 12 38
4036 0 12 34
2244 0 12 31
559 0 12 26
3776 0 12 20
2707 0 12 14
1631 0 12 10
4413 0 12 3
4396 0 13 93
3908 0 13 89
1733 0 13 86
888 0 13 83
3861 0 13 78
258 0 13 73
2850 0 13 67
4173 0 13 61
3733 0 13 56
1145 0 13 51
3084 0 13 45
2449 0 13 39
1873 0 13 35
853 0 13 31
28 0 13 26
1699 0 13 20
1192 0 13 14
1476 0 13 10
4267 0 13 3
3638 0 14 93
3254 0 14 89
680 0 14 86
4088 0 14 82
4169 0 14 77
2836 0 14 72
4402 0 14 69
1271 0 14 64
3211 0 14 60
1461 0 14 56
562 0 14 51
2549 0 14 44
2294 0 14 40
1953 0 14 35
4447 0 14 30
608 0 14 25
4370 0 14 19
823 0 14 16
3786 0 14 10
3568 0 14 3
2273 0 15 93
1614 0 15 89
4151 0 15 85
276 0 15 81
1372 0 15 77
4139 0 15 71
3080 0 15 65
163 0 15 61
2589 0 15 56
3977 0 15 50
4199 0 15 44
773 0 15 40
6 0 15 35
4215 0 15 30
3397 0 15 24
3527 0 15 22
1843 0 15 17
4314 0 15 12
2635 0 15 7
3218 0 15 2
1558 0 16 93
774 0 16 89
1753 0 16 85
3824 0 16 80
3770 0 16 75
3764 0 16 70
1323 0 16 67
918 0 16 61
1804 0 16 56
1807 0 16 50
3894 0 16 44
714 0 16 40
1520 0 16 34
908 0 16 31
1671 0 16 25
3199 0 16 19
129 0 16 15
1954 0 16 10
2574 0 16 3
765 0 17 93
4004 0 17 88
3070 0 17 83
2205 0 17 78
3688 0 17 72
4542 0 17 68
819 0 17 64
954 0 17 60
3452 0 17 55
275 0 17 51
1302 0 17 44
578 0 17 40
797 0 17 34
2906 0 17 30
2024 0 17 24
3954 0 17 20
686 0 17 14
4387 0 17 9
3712 0 17 6
3604 0 17 2
124 0 18 93
2731 0 18 88
4492 0 18 82
2832 0 18 77
2230 0 18 71
2238 0 18 65
3589 0 18 60
3300 0 18 55
173 0 18 51
4425 0 18 42
1246 0 18 38
1659 0 18 34
895 0 18 30
310 0 18 24
2525 0 18 20
223 0 18 14
4226 0 18 9
1600 0 18 5
2747 0 19 92
1415 0 19 87
1496 0 19 81
1240 0 19 77
1452 0 19 71
1148 0 19 65
2058 0 19 59
2638 0 19 54
4012 0 19 50
1258 0 19 44
245 0 19 40
279 0 19 34
2730 0 19 29
4080 0 19 26
1581 0 19 20
2924 0 19 13
3701 0 19 10
2160 0 19 3
1795 2 1 92
1409 2 1 87
3357 2 1 80
3182 2 1 75
4535 2 1 69
4317 2 1 63
975 2 1 60
2718 2 1 55
4102 2 1 50
990 2 1 44
55 2 1 40
2068 2 1 33
1624 2 1 30
4525 2 1 22
2912 2 1 16
3783 2 1 10
2089 2 1 3
4554 2 2 91
492 2 2 87
1736 2 2 80
2004 2 2 75
3928 2 2 69
3135 2 2 63
10 2 2 60
78 2 2 55
3519 2 2 50
1984 2 2 43
972 2 2 39
1578 2 2 35
2440 2 2 30
1923 2 2 22
839 2 2 16
2216 2 2 10
814 2 2 3
3917 2 3 91
3230 2 3 86
3119 2 3 82
3828 2 3 76
1398 2 3 73
2113 2 3 67
2615 2 3 60
4177 2 3 54
3759 2 3 50
4454 2 3 42
2339 2 3 37
2183 2 3 31
367 2 3 25
3535 2 3 18
4150 2 3 15
1237 2 3 10
701 2 3 3
2899 2 4 91
1977 2 4 86
1649 2 4 82
1551 2 4 76
2819 2 4 72
1177 2 4 68
3094 2 4 63
2977 2 4 59
148 2 4 54
2243 2 4 50
3850 2 4 42
2843 2 4 36
81 2 4 30
2793 2 4 21
2002 2 4 16
1902 2 4 10
186 2 4 3
2614 2 5 91
1165 2 5 86
3563 2 5 81
2749 2 5 76
2563 2 5 72
4323 2 5 67
2368 2 5 60
2555 2 5 54
4529 2 5 49
3798 2 5 45
2399 2 5 38
3664 2 5 33
390 2 5 30
2394 2 5 21
1336 2 5 16
254 2 5 10
4153 2 5 2
1910 2 7 91
1134 2 7 86
3454 2 7 81
2553 2 7 76
1556 2 7 72
3709 2 7 67
826 2 7 59
2813 2 7 53
1343 2 7 50
683 2 7 42
1249 2 7 36
3853 2 7 29
2692 2 7 26
1341 2 7 20
1844 2 7 13
405 2 7 10
2251 2 7 2
1657 2 8 91
4531 2 8 85
2546 2 8 80
399 2 8 75
3926 2 8 69
2139 2 8 62
3389 2 8 56
1786 2 8 50
4527 2 8 41
563 2 8 36
2353 2 8 29
822 2 8 26
3631 2 8 19
3072 2 8 14
4051 2 8 9
3625 2 8 4
123 2 9 91
3961 2 9 85
1950 2 9 80
3460 2 9 73
755 2 9 67
429 2 9 59
2650 2 9 53
3434 2 9 49
305 2 9 45
2397 2 9 38
2936 2 9 33
3842 2 9 29
4046 2 9 25
3244 2 9 18
199 2 9 15
791 2 9 10
1395 2 9 2
3791 2 10 90
569 2 10 87
1211 2 10 80
3308 2 10 73
2772 2 10 66
2032 2 10 62
1682 2 10 56
449 2 10 50
4170 2 10 41
2767 2 10 35
2345 2 10 30
2027 2 10 21
4103 2 10 15
288 2 10 10
794 2 10 2
837 2 12 90
418 2 12 87
719 2 12 80
4555 2 12 72
2168 2 12 67
3826 2 12 58
2180 2 12 55
3374 2 12 50
3126 2 12 41
1089 2 12 35
1703 2 12 30
1917 2 12 21
2922 2 12 15
2999 2 12 9
3370 2 12 4
357 2 15 90
406 2 15 87
4160 2 15 79
991 2 15 75
1924 2 15 68
2332 2 15 63
2746 2 15 59
2468 2 15 53
3170 2 15 49
727 2 15 44
3879 2 15 39
597 2 15 35
4289 2 15 29
4039 2 15 25
2588 2 15 18
4316 2 15 14
3103 2 15 9
2938 2 15 4
1269 2 16 89
3552 2 16 84
4325 2 16 81
2457 2 16 75
1911 2 16 68
902 2 16 63
3873 2 16 58
4272 2 16 53
2855 2 16 49
3661 2 16 43
161 2 16 39
3465 2 16 34
1289 2 16 29
1435 2 16 25
3990 2 16 16
4293 2 16 9
2764 2 16 4
156 2 17 89
3307 2 17 84
3282 2 17 81
1675 2 17 75
332 2 17 68
154 2 17 63
2450 2 17 58
1925 2 17 53
2524 2 17 49
1701 2 17 43
535 2 17 38
2073 2 17 33
2810 2 17 28
958 2 17 25
2633 2 17 16
3309 2 17 9
2260 2 17 4
4533 2 18 88
4318 2 18 82
1256 2 18 76
1025 2 18 72
641 2 18 67
2627 2 18 58
561 2 18 53
2993 2 18 48
1958 2 18 43
2679 2 18 37
133 2 18 31
4443 2 18 24
1460 2 18 20
771 2 18 13
3116 2 18 9
1418 2 18 4
2176 2 19 88
2925 2 19 82
384 2 19 76
521 2 19 72
3910 2 19 66
1243 2 19 61
1053 2 19 56
4203 2 19 49
555 2 19 43
1864 2 19 37
3837 2 19 30
1884 2 19 21
4131 2 19 14
2405 2 19 9
3657 2 19 3
670 3 1 87
2964 3 1 79
2685 3 1 74
1101 3 1 71
543 3 1 65
1216 3 1 59
1194 3 1 53
2923 3 1 48
933 3 1 43
1782 3 1 37
3381 3 1 30
1788 3 1 21
1745 3 1 14
2341 3 1 9
3516 3 1 3
623 3 2 87
2812 3 2 79
2061 3 2 74
4596 3 2 69
556 3 2 62
1524 3 2 56
3252 3 2 49
264 3 2 43
540 3 2 37
2276 3 2 30
1494 3 2 21
1760 3 2 13
2904 3 2 9
3476 3 2 3
3666 3 3 86
88 3 3 81
1220 3 3 75
4579 3 3 67
1629 3 3 58
4566 3 3 52
1829 3 3 48
2935 3 3 42
1455 3 3 35
4055 3 3 29
327 3 3 25
2311 3 3 16
1907 3 3 9
3371 3 3 3
3167 3 4 86
3405 3 4 80
3697 3 4 72
3163 3 4 66
529 3 4 61
967 3 4 56
1362 3 4 49
36 3 4 43
4397 3 4 36
349 3 4 29
3118 3 4 24
1352 3 4 20
3210 3 4 12
3668 3 4 6
341 3 4 2
1549 3 5 85
1828 3 5 80
2318 3 5 72
2012 3 5 66
101 3 5 61
3831 3 5 55
2354 3 5 50
2992 3 5 41
488 3 5 35
3298 3 5 29
2901 3 5 24
987 3 5 20
3169 3 5 12
3178 3 5 6
3320 3 5 1
301 3 7 81
953 3 7 75
3758 3 7 67
4128 3 7 57
1794 3 7 51
3059 3 7 42
891 3 7 35
3089 3 7 29
2699 3 7 24
94 3 7 20
1785 3 7 12
2965 3 7 6
2745 3 7 1
2077 3 8 79
1342 3 8 74
4498 3 8 69
3063 3 8 61
3077 3 8 55
4342 3 8 49
2360 3 8 42
3427 3 8 34
278 3 8 29
788 3 8 24
26 3 8 20
1474 3 8 12
2834 3 8 6
1445 3 8 1
4424 3 9 78
3111 3 9 72
1819 3 9 66
4388 3 9 59
1110 3 9 53
1175 3 9 48
2431 3 9 42
3156 3 9 34
4254 3 9 28
539 3 9 25
1360 3 9 16
125 3 9 9
3359 3 9 3
2076 3 10 78
4495 3 10 71
3520 3 10 64
391 3 10 60
158 3 10 54
2738 3 10 48
1432 3 10 42
2954 3 10 34
3997 3 10 28
2179 3 10 24
4375 3 10 19
2427 3 10 14
1789 3 10 9
2782 3 10 3
4357 3 12 75
2945 3 12 67
3343 3 12 57
1447 3 12 51
848 3 12 42
2609 3 12 34
1759 3 12 28
4011 3 12 23
2815 3 12 21
260 3 12 13
2338 3 12 9
1060 3 12 3
2801 4 1 69
2628 4 1 61
903 4 1 55
4030 4 1 49
2210 4 1 42
1729 4 1 34
1444 4 1 28
2312 4 1 23
4258 4 1 20
46 4 1 12
2526 4 1 6
508 4 5 50
2552 4 5 41
3514 4 5 34
1214 4 5 28
2053 4 5 23
2195 4 5 19
1713 4 5 14
471 4 5 9
1000 4 5 3
3402 4 12 46
2346 4 12 41
3289 4 12 34
2462 4 12 27
1761 4 12 22
613 4 12 16
3351 4 12 8
2355 4 12 4
4356 4 14 98
1308 4 14 95
1538 4 14 90
884 4 14 86
3085 4 14 80
925 4 14 72
1247 4 14 66
4037 4 14 59
4488 4 14 52
3443 4 14 47
2704 4 14 43
3083 4 14 36
2816 4 14 28
1978 4 14 23
637 4 14 19
1083 4 14 14
2785 4 14 8
1127 4 14 4
3969 4 16 97
1780 4 16 94
1837 4 16 91
1140 4 16 85
1482 4 16 80
2968 4 16 71
3441 4 16 64
4409 4 16 59
2940 4 16 52
973 4 16 47
2055 4 16 43
3074 4 16 36
84 4 16 28
1377 4 16 23
3817 4 16 18
3164 4 16 14
757 4 16 8
271 4 16 4
25 4 17 97
2545 4 17 93
1458 4 17 88
886 4 17 82
3330 4 17 75
1709 4 17 67
2429 4 17 57
1223 4 17 51
4565 4 17 41
786 4 17 34
1609 4 17 27
601 4 17 21
4322 4 17 12
1566 4 17 6
3680 4 18 96
2684 4 18 91
965 4 18 85
1376 4 18 80
2485 4 18 71
2523 4 18 64
2212 4 18 59
1791 4 18 51
531 4 18 41
3753 4 18 33
576 4 18 28
3373 4 18 22
434 4 18 16
3013 4 18 8
2891 4 18 3
3047 4 19 96
4243 4 19 90
3314 4 19 85
655 4 19 80
1254 4 19 71
4522 4 19 63
2218 4 19 58
2630 4 19 52
968 4 19 47
942 4 19 43
2934 4 19 36
4273 4 19 27
281 4 19 21
4306 4 19 12
473 4 19 6
1419 5 1 96
3760 5 1 90
3305 5 1 85
3511 5 1 79
935 5 1 74
3507 5 1 69
2401 5 1 61
3076 5 1 54
2537 5 1 48
266 5 1 42
3578 5 1 33
4561 5 1 27
2278 5 1 20
4058 5 1 11
722 5 1 7
1375 5 1 2
3439 5 3 95
3354 5 3 89
2232 5 3 84
2155 5 3 81
938 5 3 75
1099 5 3 67
1095 5 3 57
2841 5 3 50
3603 5 3 40
1936 5 3 33
4290 5 3 27
1861 5 3 20
1856 5 3 11
469 5 3 7
1350 5 3 2
2540 5 7 95
2056 5 7 89
1465 5 7 84
1781 5 7 81
4176 5 7 74
4270 5 7 68
4574 5 7 62
4107 5 7 55
2800 5 7 48
57 5 7 42
2632 5 7 33
2966 5 7 27
1357 5 7 20
1727 5 7 11
2514 5 7 6
1221 5 8 95
1653 5 8 89
1541 5 8 83
1547 5 8 78
4205 5 8 70
3869 5 8 65
4023 5 8 58
3107 5 8 51
87 5 8 41
2989 5 8 33
1847 5 8 27
1104 5 8 20
256 5 8 11
1096 5 8 6
2994 5 9 94
4278 5 9 90
250 5 9 85
762 5 9 79
2008 5 9 73
2125 5 9 66
3892 5 9 59
897 5 9 51
3544 5 9 40
1774 5 9 33
923 5 9 27
1008 5 9 20
3127 5 9 10
2914 5 9 1
1719 5 10 94
4009 5 10 90
41 5 10 85
4591 5 10 78
914 5 10 70
3234 5 10 65
3339 5 10 58
1921 5 10 51
2725 5 10 40
1410 5 10 33
181 5 10 27
4590 5 10 19
1044 5 10 14
3982 5 10 7
289 5 10 2
1206 5 12 94
3971 5 12 90
4253 5 12 84
4460 5 12 80
2182 5 12 70
3117 5 12 65
2640 5 12 58
673 5 12 51
2317 5 12 40
1346 5 12 33
3881 5 12 26
2868 5 12 19
4218 5 12 13
4192 5 12 8
2453 5 12 3
4450 5 14 93
3649 5 14 87
1998 5 14 79
1114 5 14 73
2751 5 14 65
1916 5 14 58
359 5 14 51
1179 5 14 40
249 5 14 33
3880 5 14 25
3949 5 14 15
2735 5 14 9
769 5 14 3
4444 6 7 93
3391 6 7 87
428 6 7 79
1626 6 7 72
4271 6 7 65
1477 6 7 58
106 6 7 51
3538 6 7 39
1656 6 7 34
2824 6 7 26
2838 6 7 19
3970 6 7 13
2833 6 7 8
1542 6 7 3
3071 6 8 93
3214 6 8 87
176 6 8 79
1128 6 8 72
3904 6 8 65
1580 6 8 57
3810 6 8 49
2000 6 8 42
345 6 8 33
3887 6 8 24
3238 6 8 19
2531 6 8 13
2542 6 8 8
1475 6 8 3
3032 6 9 93
4212 6 9 86
2667 6 9 80
2005 6 9 70
2417 6 9 65
1311 6 9 57
3294 6 9 49
4085 6 9 41
2765 6 9 33
3451 6 9 24
1663 6 9 19
3677 6 9 12
392 6 9 6
2593 6 10 93
3621 6 10 86
1394 6 10 80
1742 6 10 70
4236 6 10 64
1161 6 10 59
116 6 10 51
2755 6 10 39
586 6 10 34
2013 6 10 25
2790 6 10 15
1935 6 10 9
764 6 10 3
843 6 12 93
2744 6 12 86
950 6 12 80
1282 6 12 70
4092 6 12 64
688 6 12 59
3344 6 12 50
3006 6 12 40
4301 6 12 32
1961 6 12 27
2960 6 12 19
3637 6 12 12
3598 6 12 5
696 6 14 93
1428 6 14 86
404 6 14 79
3205 6 14 71
3691 6 14 63
2229 6 14 57
2798 6 14 49
2550 6 14 41
2316 6 14 33
2877 6 14 24
725 6 14 18
4589 6 14 13
3952 6 14 7
2528 6 14 1
3420 6 16 92
4097 6 16 86
1792 6 16 78
831 6 16 69
2033 6 16 61
4570 6 16 53
3326 6 16 47
618 6 16 43
443 6 16 36
1590 6 16 27
2321 6 16 19
1692 6 16 12
3528 6 16 5
2573 6 17 92
3313 6 17 86
700 6 17 78
33 6 17 69
1930 6 17 61
2564 6 17 53
1601 6 17 47
3068 6 17 42
3425 6 17 32
713 6 17 27
1831 6 17 19
1468 6 17 12
3349 6 17 5
2252 6 18 92
2913 6 18 86
592 6 18 78
4202 6 18 68
4265 6 18 62
3629 6 18 55
1225 6 18 48
4473 6 18 41
1967 6 18 33
2622 6 18 24
4159 6 18 17
3659 6 18 12
2698 6 18 4
743 6 19 92
2689 6 19 86
3338 6 19 77
448 6 19 71
3191 6 19 63
1850 6 19 57
2748 6 19 49
2352 6 19 41
4220 6 19 32
142 6 19 27
1577 6 19 19
782 6 19 12
1863 6 19 4
441 7 2 92
2342 7 2 86
2852 7 2 77
4341 7 2 70
3689 7 2 64
4068 7 2 57
2016 7 2 49
1879 7 2 41
1650 7 2 32
3756 7 2 26
1769 7 2 19
3980 7 2 11
382 7 2 6
2806 7 4 91
426 7 4 85
2434 7 4 78
2586 7 4 68
3730 7 4 62
3141 7 4 54
2519 7 4 48
3635 7 4 41
3654 7 4 31
2115 7 4 24
4157 7 4 17
1359 7 4 12
4242 7 4 3
507 7 12 91
319 7 12 85
415 7 12 78
1402 7 12 68
3551 7 12 62
2421 7 12 54
1746 7 12 48
3020 7 12 41
4149 7 12 30
2846 7 12 20
675 7 12 10
1906 7 12 1
1448 7 14 90
4033 7 14 84
1747 7 14 80
3481 7 14 69
1689 7 14 61
1914 7 14 53
1263 7 14 47
2127 7 14 42
3382 7 14 32
2536 7 14 26
1592 7 14 19
3805 7 14 11
4146 7 14 4
898 7 16 89
360 7 16 83
3692 7 16 77
4282 7 16 70
2864 7 16 63
3009 7 16 56
1075 7 16 49
134 7 16 41
2322 7 16 30
2768 7 16 20
282 7 16 10
1589 7 16 1
609 7 17 89
1102 7 17 82
2206 7 17 75
107 7 17 67
4072 7 17 56
4526 7 17 48
3124 7 17 40
3616 7 17 32
2085 7 17 26
1122 7 17 19
2445 7 17 11
3985 7 17 4
4227 7 18 88
4002 7 18 81
3283 7 18 74
4090 7 18 68
1970 7 18 62
1654 7 18 54
915 7 18 48
1333 7 18 40
3591 7 18 32
1405 7 18 26
49 7 18 19
2011 7 18 11
2664 7 18 3
4075 7 19 88
3799 7 19 81
3236 7 19 74
985 7 19 68
1261 7 19 62
3790 7 19 53
666 7 19 47
3609 7 19 41
2042 7 19 30
2112 7 19 20
3823 7 19 9
2757 7 19 2
2520 8 0 88
3748 8 0 81
2837 8 0 74
3583 8 0 67
4050 8 0 56
4116 8 0 48
3845 8 0 39
4430 8 0 33
2051 8 0 24
3140 8 0 17
541 8 0 12
3841 8 0 3
1219 8 1 88
3725 8 1 81
2750 8 1 74
2098 8 1 67
3953 8 1 56
2174 8 1 48
3587 8 1 39
2569 8 1 33
267 8 1 24
3101 8 1 17
4027 8 1 11
1154 8 1 3
3905 8 2 86
2121 8 2 77
3601 8 2 70
2827 8 2 63
2372 8 2 56
166 8 2 48
2822 8 2 39
2187 8 2 33
4408 8 2 23
3650 8 2 18
3936 8 2 13
3832 8 2 7
877 8 2 1
3572 8 4 86
1529 8 4 77
2426 8 4 70
2021 8 4 63
1427 8 4 56
126 8 4 48
2020 8 4 39
1859 8 4 33
2619 8 4 23
4250 8 4 17
2862 8 4 11
651 8 4 3
1230 8 8 86
787 8 8 77
1983 8 8 70
1481 8 8 63
865 8 8 56
4418 8 8 47
2655 8 8 40
2783 8 8 32
184 8 8 26
2422 8 8 18
3187 8 8 13
2527 8 8 7
414 8 8 1
595 8 10 86
636 8 10 77
4302 8 10 69
4276 8 10 60
3956 8 10 53
552 8 10 47
2351 8 10 40
1865 8 10 32
4505 8 10 25
2770 8 10 15
119 8 10 9
2604 8 10 2
533 8 12 86
4005 8 12 76
4572 8 12 71
2200 8 12 63
4165 8 12 55
2796 8 12 47
689 8 12 40
1063 8 12 32
3033 8 12 25
38 8 12 15
114 8 12 9
272 8 12 2
198 9 0 86
3729 9 0 76
3498 9 0 71
3569 9 0 62
3564 9 0 53
2844 9 0 46
2039 9 0 41
753 9 0 29
3735 9 0 22
2973 9 0 15
2784 9 0 8
4420 9 0 2
117 9 1 86
1355 9 1 76
3642 9 1 70
1007 9 1 63
2439 9 1 55
2696 9 1 47
640 9 1 40
303 9 1 32
671 9 1 25
3384 9 1 14
3670 9 1 7
70 9 2 86
1094 9 2 76
2982 9 2 70
484 9 2 63
1686 9 2 55
201 9 2 47
3075 9 2 39
3907 9 2 32
4468 9 2 24
1248 9 2 17
464 9 2 11
1931 9 2 2
3630 9 3 85
183 9 3 78
13 9 3 68
325 9 3 62
2090 9 3 53
1627 9 3 45
2277 9 3 38
691 9 3 33
2152 9 3 23
4231 9 3 17
2145 9 3 10
1210 9 3 1
3054 9 4 85
3042 9 4 77
4044 9 4 69
3612 9 4 60
3432 9 4 53
487 9 4 45
103 9 4 38
4105 9 4 32
59 9 4 24
4518 9 4 16
2653 9 4 8
4178 9 4 2
2467 9 6 85
2663 9 6 77
1184 9 6 69
3458 9 6 60
1991 9 6 53
2384 9 6 44
2150 9 6 39
3010 9 6 32
4393 9 6 23
3529 9 6 17
2809 9 6 9
4017 9 6 1
969 9 8 85
2177 9 8 77
450 9 8 69
2149 9 8 60
1943 9 8 53
1634 9 8 44
1303 9 8 39
1173 9 8 32
2797 9 8 23
3378 9 8 17
1030 9 8 9
3574 9 8 1
590 9 12 85
1389 9 12 77
3139 9 12 68
2410 9 12 61
1370 9 12 52
3723 9 12 46
92 9 12 41
1976 9 12 27
728 9 12 19
4511 9 12 10
1123 9 12 1
3679 9 13 84
2990 9 13 79
2461 9 13 71
3332 9 13 62
1901 9 13 53
1495 9 13 44
974 9 13 39
1029 9 13 32
2594 9 13 23
2203 9 13 17
2167 9 13 8
4141 9 13 2
1453 9 14 84
1185 9 14 79
1973 9 14 71
1613 9 14 62
1722 9 14 53
1006 9 14 44
959 9 14 39
7 9 14 32
2516 9 14 23
131 9 14 17
228 9 14 8
3545 9 14 2
208 9 15 84
694 9 15 79
1382 9 15 71
1483 9 15 62
560 9 15 53
456 9 15 44
389 9 15 39
4457 9 15 31
1766 9 15 24
3162 9 15 16
4121 9 15 7
3999 9 16 83
1995 9 16 77
2447 9 16 68
1068 9 16 61
321 9 16 52
2787 9 16 46
79 9 16 41
1259 9 16 27
614 9 16 19
4508 9 16 10
741 9 16 1
3346 9 17 83
1966 9 17 77
1462 9 17 68
887 9 17 61
4485 9 17 51
2688 9 17 39
3946 9 17 31
215 9 17 24
3081 9 17 16
3219 9 17 7
342 9 18 83
1683 9 18 76
1941 9 18 70
323 9 18 63
1365 9 18 55
3176 9 18 46
3174 9 18 40
3777 9 18 31
1962 9 18 23
4319 9 18 15
1074 9 18 8
3278 9 18 2
4359 9 19 82
1579 9 19 75
4456 9 19 66
2808 9 19 59
2463 9 19 50
1550 9 19 40
2031 9 19 31
900 9 19 23
4125 9 19 15
3185 9 19 7
847 10 6 82
4133 10 6 74
2057 10 6 67
3897 10 6 56
4338 10 6 47
1945 10 6 39
3340 10 6 31
677 10 6 23
2270 10 6 15
2379 10 6 7
3179 10 8 81
4433 10 8 73
2479 10 8 65
172 10 8 57
1892 10 8 49
4560 10 8 40
1172 10 8 31
60 10 8 23
518 10 8 15
2361 10 8 7
1505 10 9 79
717 10 9 71
546 10 9 62
549 10 9 53
735 10 9 43
229 10 9 36
963 10 9 26
881 10 9 18
4544 10 9 12
3399 10 9 3
1721 10 10 78
3736 10 10 67
3747 10 10 56
3821 10 10 47
1849 10 10 39
3943 10 10 30
2078 10 10 20
2641 10 10 9
3007 10 10 1
4048 10 11 77
2309 10 11 67
2979 10 11 56
2697 10 11 47
1801 10 11 39
3655 10 11 30
1374 10 11 20
1893 10 11 9
2690 10 11 1
2350 10 12 75
3241 10 12 66
2547 10 12 59
835 10 12 50
421 10 12 40
2202 10 12 30
1169 10 12 20
1125 10 12 9
2147 10 12 1
893 10 13 69
1839 10 13 60
1209 10 13 53
645 10 13 43
164 10 13 36
4158 10 13 25
1198 10 13 14
1407 10 13 7
1331 10 14 68
474 10 14 61
1356 10 14 51
2390 10 14 39
2695 10 14 30
1118 10 14 20
3248 10 14 7
400 10 15 64
3957 10 15 57
692 10 15 49
205 10 15 40
4299 10 15 29
2773 10 15 22
970 10 15 15
1441 10 15 7
29 10 16 59
833 10 16 50
420 10 16 40
3491 10 16 29
3717 10 16 21
3912 10 16 12
971 10 16 3
1645 10 17 94
3317 10 17 90
3128 10 17 84
4348 10 17 78
2163 10 17 67
2599 10 17 56
1960 10 17 47
4095 10 17 38
1955 10 17 32
2272 10 17 23
3868 10 17 14
1149 10 17 7
3143 10 18 93
605 10 18 86
3352 10 18 75
2094 10 18 66
1022 10 18 59
458 10 18 50
4441 10 18 39
2603 10 18 30
4587 10 18 18
3929 10 18 12
628 10 18 3
2648 10 19 93
526 10 19 86
376 10 19 75
1739 10 19 66
896 10 19 59
1587 10 19 49
2575 10 19 39
1546 10 19 30
2623 10 19 18
3740 10 19 12
3030 10 19 2
2435 11 0 93
320 11 0 86
3809 11 0 74
3287 11 0 66
4523 11 0 58
2788 11 0 49
2052 11 0 39
3348 11 0 29
2946 11 0 21
3762 11 0 12
3016 11 0 2
1548 11 1 93
2681 11 1 85
3555 11 1 76
1749 11 1 70
3726 11 1 62
509 11 1 53
219 11 1 43
4437 11 1 35
466 11 1 29
2143 11 1 21
118 11 1 12
4230 11 1 1
1028 11 2 93
4 11 2 85
3496 11 2 76
732 11 2 70
2881 11 2 62
168 11 2 53
2219 11 2 42
2267 11 2 32
981 11 2 23
3820 11 2 14
3855 11 2 6
4520 11 3 92
137 11 3 86
2885 11 3 74
3052 11 3 66
3493 11 3 58
2191 11 3 49
1280 11 3 39
3295 11 3 29
1233 11 3 21
3484 11 3 11
1321 11 3 2
3345 11 4 91
3976 11 4 84
2565 11 4 78
2408 11 4 66
2541 11 4 58
53 11 4 49
226 11 4 39
2875 11 4 29
361 11 4 21
2486 11 4 11
630 11 4 2
499 11 6 91
3335 11 6 84
1414 11 6 78
4346 11 6 65
3835 11 6 56
2907 11 6 46
1388 11 6 40
3478 11 6 29
4479 11 6 20
2858 11 6 7
423 11 7 91
3285 11 7 84
1334 11 7 78
3885 11 7 65
1720 11 7 56
1913 11 7 46
824 11 7 40
948 11 7 29
3406 11 7 20
1726 11 7 7
182 11 8 91
2293 11 8 84
1316 11 8 78
3877 11 8 65
1265 11 8 56
3768 11 8 45
4547 11 8 37
1986 11 8 30
2138 11 8 18
3023 11 8 12
3012 11 8 1
2691 11 9 90
387 11 9 84
4101 11 9 77
1644 11 9 67
758 11 9 56
3737 11 9 45
4490 11 9 37
1189 11 9 30
1783 11 9 18
2328 11 9 12
1463 11 9 1
2282 11 10 90
4428 11 10 83
1106 11 10 76
3754 11 10 69
921 11 10 60
4369 11 10 52
1640 11 10 46
501 11 10 40
396 11 10 29
3177 11 10 20
3396 11 10 6
2221 11 11 90
3742 11 11 83
993 11 11 76
3710 11 11 69
4435 11 11 59
1041 11 11 49
4597 11 11 38
1805 11 11 32
868 11 11 23
3064 11 11 14
3186 11 11 6
861 12 0 90
3581 12 0 83
68 12 0 76
1830 12 0 69
4259 12 0 59
625 12 0 49
4066 12 0 38
1270 12 0 32
4405 12 0 22
4152 12 0 14
3053 12 0 6
1858 12 13 89
3366 12 13 81
2911 12 13 73
672 12 13 65
932 12 13 56
1639 12 13 45
4100 12 13 37
3542 12 13 29
1813 12 13 20
2631 12 13 6
1092 12 15 89
3258 12 15 81
2888 12 15 73
504 12 15 65
177 12 15 56
3792 12 15 44
3031 12 15 38
4474 12 15 31
3350 12 15 22
2998 12 15 14
2617 12 15 6
4130 12 16 88
2153 12 16 81
2737 12 16 73
293 12 16 65
3259 12 16 55
1457 12 16 45
1651 12 16 37
3036 12 16 29
56 12 16 20
1222 12 16 6
3539 12 18 88
67 12 18 81
2142 12 18 73
3914 12 18 64
3404 12 18 57
39 12 18 49
1971 12 18 38
3738 12 18 31
1695 12 18 22
2323 12 18 14
4491 12 18 5
4583 13 0 87
2165 13 0 78
4214 13 0 64
3279 13 0 57
1141 13 0 48
1424 13 0 39
239 13 0 28
2348 13 0 22
2286 13 0 14
3579 13 0 5
2499 13 4 87
1489 13 4 78
4126 13 4 63
1718 13 4 54
3644 13 4 47
1213 13 4 38
2398 13 4 31
1459 13 4 22
410 13 4 14
2556 13 4 5
187 13 6 87
679 13 6 77
4563 13 6 66
2521 13 6 58
4147 13 6 48
1332 13 6 39
98 13 6 28
2283 13 6 22
3920 13 6 13
1017 13 6 7
4366 13 8 86
1608 13 8 74
1637 13 8 66
2456 13 8 58
4132 13 8 48
1131 13 8 39
4556 13 8 27
4061 13 8 18
726 13 8 12
699 13 8 1
4332 13 11 85
1964 13 11 76
992 13 11 69
1979 13 11 59
588 13 11 49
1310 13 11 38
2980 13 11 30
138 13 11 18
4384 13 11 11
20 13 11 2
3090 13 13 85
1824 13 13 76
506 13 13 69
1732 13 13 59
220 13 13 49
4429 13 13 37
1329 13 13 29
4140 13 13 19
2740 13 13 10
2933 13 13 2
1833 13 15 85
1797 13 15 76
4135 13 15 68
4262 13 15 60
1853 13 15 52
883 13 15 46
453 13 15 40
4166 13 15 28
178 13 15 22
3368 13 15 13
708 13 15 7
4391 13 18 84
1517 13 18 77
1456 13 18 66
2193 13 18 58
3497 13 18 48
906 13 18 39
4352 13 18 27
885 13 18 18
1545 13 18 11
4264 13 18 1
2459 14 0 84
486 14 0 77
295 14 0 66
1217 14 0 58
2887 14 0 48
3789 14 0 38
1648 14 0 30
4327 14 0 17
3448 14 0 7
4365 14 2 83
3884 14 2 75
140 14 2 66
308 14 2 58
4047 14 2 47
189 14 2 38
1503 14 2 30
2762 14 2 16
2054 14 2 7
866 14 3 81
2302 14 3 72
3303 14 3 65
2512 14 3 55
2856 14 3 44
2876 14 3 38
1929 14 3 29
2557 14 3 19
2114 14 3 10
2222 14 3 2
2100 14 4 80
1257 14 4 69
2733 14 4 58
3727 14 4 47
3394 14 4 37
659 14 4 29
1803 14 4 19
998 14 4 10
768 14 4 2
1617 14 6 80
643 14 6 69
1014 14 6 58
2845 14 6 47
3347 14 6 37
344 14 6 29
1330 14 6 19
567 14 6 10
362 14 6 2
4292 14 8 77
3804 14 8 65
2442 14 8 55
2262 14 8 44
2705 14 8 38
1888 14 8 29
374 14 8 19
4070 14 8 9
3921 14 8 1
3739 14 11 75
89 14 11 66
3732 14 11 57
1561 14 11 47
775 14 11 37
230 14 11 29
703 14 11 18
4349 14 11 10
2944 14 11 1
610 14 13 74
729 14 13 66
2703 14 13 57
150 14 13 47
83 14 13 37
4154 14 13 28
30 14 13 22
3021 14 13 13
4252 14 13 6
1633 14 14 73
2208 14 14 64
2303 14 14 57
3438 14 14 45
3851 14 14 36
1918 14 14 25
3797 14 14 13
4063 14 14 6
1067 14 15 72
2544 14 15 65
4552 14 15 54
3562 14 15 47
4427 14 15 36
1525 14 15 25
2122 14 15 13
3610 14 15 6
1066 14 16 72
751 14 16 65
3647 14 16 54
2665 14 16 47
3322 14 16 36
652 14 16 25
4567 14 16 12
3658 14 16 1
3019 14 18 69
870 14 18 58
2608 14 18 47
113 14 18 36
2567 14 18 24
4198 14 18 15
1433 14 18 7
1380 15 0 65
3203 15 0 54
1997 15 0 47
4451 15 0 35
412 15 0 29
437 15 0 17
1299 15 0 7
4400 15 2 94
1706 15 2 90
1057 15 2 83
2882 15 2 75
3433 15 2 65
2651 15 2 54
4263 15 2 46
4040 15 2 39
4244 15 2 27
806 15 2 18
4213 15 2 10
2826 15 2 1
3329 15 3 93
4331 15 3 84
232 15 3 77
2041 15 3 65
1993 15 3 54
3557 15 3 46
2432 15 3 39
4196 15 3 27
411 15 3 18
2741 15 3 10
2123 15 3 1
3245 15 6 93
3138 15 6 84
11 15 6 76
3903 15 6 67
607 15 6 56
3547 15 6 44
740 15 6 38
1438 15 6 29
3913 15 6 16
1383 15 6 7
2814 15 8 93
1113 15 8 84
3037 15 8 75
3270 15 8 65
3022 15 8 53
1872 15 8 42
27 15 8 32
1815 15 8 22
1337 15 8 13
3217 15 8 6
2478 15 11 93
388 15 11 84
2281 15 11 75
3220 15 11 65
470 15 11 52
783 15 11 46
1143 15 11 39
3811 15 11 27
4467 15 11 17
203 15 11 7
364 15 13 93
43 15 13 84
2249 15 13 75
1519 15 13 65
195 15 13 52
1129 15 13 45
2280 15 13 35
3188 15 13 28
4201 15 13 21
1250 15 13 11
3250 15 13 1
4586 15 18 92
4381 15 18 85
1349 15 18 76
1530 15 18 67
4086 15 18 55
1170 15 18 44
3024 15 18 37
3281 15 18 28
3469 15 18 21
593 15 18 11
1070 15 18 1
1064 16 0 92
3991 16 0 85
1224 16 0 76
1451 16 0 67
3204 16 0 54
3293 16 0 46
438 16 0 37
3263 16 0 28
3455 16 0 21
4217 16 0 10
678 16 0 1
64 16 2 92
3968 16 2 85
398 16 2 76
1191 16 2 67
599 16 2 54
809 16 2 46
175 16 2 37
3898 16 2 27
3765 16 2 17
44 16 2 7
3487 16 3 91
1895 16 3 84
766 16 3 75
1036 16 3 65
4064 16 3 51
3208 16 3 38
2261 16 3 28
2734 16 3 21
3383 16 3 10
634 16 3 1
1985 16 4 91
570 16 4 84
1285 16 4 74
4008 16 4 65
3342 16 4 51
386 16 4 38
1778 16 4 28
4410 16 4 20
1197 16 4 6
1798 16 6 91
353 16 6 84
811 16 6 74
3092 16 6 65
606 16 6 51
4249 16 6 37
2587 16 6 27
160 16 6 17
3933 16 6 6
1491 16 8 91
2893 16 8 83
4431 16 8 74
2821 16 8 65
2271 16 8 50
3700 16 8 39
2559 16 8 27
3360 16 8 16
4163 16 8 6
1328 16 11 91
1646 16 11 83
3034 16 11 74
1045 16 11 65
3302 16 11 49
4248 16 11 37
496 16 11 27
3056 16 11 16
3008 16 11 6
476 16 12 91
37 16 12 83
980 16 12 74
2178 16 12 64
42 16 12 57
4060 16 12 44
2658 16 12 37
451 16 12 26
3935 16 12 17
3247 16 12 6
3915 16 13 90
3836 16 13 82
3743 16 13 74
1969 16 13 64
3866 16 13 56
2513 16 13 43
4145 16 13 35
2777 16 13 28
4188 16 13 20
218 16 13 6
3558 16 15 90
3556 16 15 82
1951 16 15 74
1927 16 15 64
2233 16 15 56
2224 16 15 43
4069 16 15 35
490 16 15 28
1111 16 15 19
2572 16 15 9
2702 16 16 90
2162 16 16 82
1883 16 16 74
860 16 16 64
2137 16 16 56
997 16 16 43
2900 16 16 35
316 16 16 28
4240 16 16 17
2159 16 16 5
1834 16 18 90
855 16 18 82
1664 16 18 74
149 16 18 64
1595 16 18 56
930 16 18 43
2044 16 18 35
315 16 18 28
4109 16 18 17
1947 16 18 5
799 17 0 90
816 17 0 82
650 17 0 74
4361 17 0 63
642 17 0 54
3964 17 0 45
3728 17 0 34
132 17 0 25
3130 17 0 12
459 17 6 89
2502 17 6 81
1714 17 6 72
2616 17 6 64
3385 17 6 55
212 17 6 44
2532 17 6 37
3698 17 6 25
2097 17 6 12
3106 17 8 88
4407 17 8 80
602 17 8 69
3144 17 8 57
1612 17 8 44
2204 17 8 37
3155 17 8 25
807 17 8 12
2880 17 11 88
3862 17 11 80
3226 17 11 68
3172 17 11 60
1361 17 11 52
1790 17 11 44
351 17 11 37
2786 17 11 24
4032 17 11 15
314 17 11 7
2860 17 12 88
2978 17 12 80
3377 17 12 67
2306 17 12 53
594 17 12 42
3778 17 12 31
2288 17 12 21
1842 17 12 10
2568 17 13 88
3751 17 13 79
3937 17 13 69
3785 17 13 56
52 17 13 43
1604 17 13 35
2062 17 13 27
1515 17 13 16
2217 17 13 6
2023 17 14 88
2484 17 14 79
1899 17 14 69
2732 17 14 56
3525 17 14 41
3566 17 14 26
3883 17 14 17
1364 17 14 5
71 17 15 88
2366 17 15 79
1042 17 15 69
2197 17 15 56
2789 17 15 41
3398 17 15 26
3461 17 15 17
603 17 15 5
4232 17 16 87
3684 17 16 76
1046 17 16 67
1705 17 16 53
3168 17 16 41
1735 17 16 26
1852 17 16 17
3596 17 16 4
2919 17 18 87
2377 17 18 76
598 17 18 67
3590 17 18 52
1478 17 18 44
235 17 18 37
2570 17 18 24
3028 17 18 15
5 17 18 7
690 18 0 87
1485 18 0 75
2895 18 0 64
1490 18 0 55
4426 18 0 43
1315 18 0 35
901 18 0 27
716 18 0 16
1878 18 0 6
3814 18 2 86
3062 18 2 73
1712 18 2 64
587 18 2 55
3000 18 2 43
4401 18 2 34
4210 18 2 24
943 18 2 15
2917 18 2 6
318 18 3 86
1288 18 3 73
442 18 3 64
4334 18 3 54
3707 18 3 45
3395 18 3 34
2071 18 3 24
225 18 3 15
841 18 3 6
3541 18 4 85
4440 18 4 75
2835 18 4 64
3504 18 4 54
3251 18 4 45
2126 18 4 34
1391 18 4 24
3671 18 4 14
2266 18 4 5
3505 18 6 85
3846 18 6 75
4091 18 6 63
127 18 6 54
2953 18 6 45
2025 18 6 34
522 18 6 24
2385 18 6 14
1322 18 6 5
2941 18 8 85
3794 18 8 75
3260 18 8 63
4588 18 8 53
534 18 8 41
988 18 8 26
2987 18 8 16
1684 18 8 6
302 18 16 85
3757 18 16 75
844 18 16 63
3503 18 16 53
3274 18 16 40
4129 18 16 28
4013 18 16 17
3848 18 16 3
2498 18 18 84
3978 18 18 73
4071 18 18 63
3319 18 18 53
1808 18 18 40
4016 18 18 28
3224 18 18 17
2327 18 18 3
2396 19 0 84
3358 19 0 73
3652 19 0 63
3297 19 0 53
1443 19 0 40
3388 19 0 28
3158 19 0 17
2308 19 0 3
2253 19 2 84
3057 19 2 73
1157 19 2 63
1015 19 2 53
3479 19 2 39
2448 19 2 27
4307 19 2 15
213 19 2 6
2639 19 3 83
574 19 3 74
2184 19 3 63
4351 19 3 52
632 19 3 44
4228 19 3 36
2576 19 3 23
2518 19 3 14
435 19 3 5
2248 19 6 83
4115 19 6 73
3720 19 6 62
4134 19 6 52
188 19 6 44
4548 19 6 35
211 19 6 27
4558 19 6 14
1466 19 6 4
2128 19 8 83
3628 19 8 73
1981 19 8 62
4108 19 8 52
4415 19 8 43
4340 19 8 34
2093 19 8 23
1809 19 8 14
1420 19 8 4
2018 19 9 83
3196 19 9 73
1423 19 9 62
3852 19 9 52
4079 19 9 43
3585 19 9 34
2067 19 9 23
4481 19 9 13
676 19 9 6
1723 19 10 83
2101 19 10 73
840 19 10 62
2458 19 10 52
3580 19 10 43
3472 19 10 34
1107 19 10 23
3934 19 10 13
32 19 10 6
4156 19 11 82
2455 19 11 73
746 19 11 62
2007 19 11 52
2929 19 11 43
2951 19 11 34
155 19 11 23
1306 19 11 13
4557 19 11 5
2607 19 12 82
1765 19 12 73
3325 19 12 61
1065 19 12 51
3773 19 12 37
4298 19 12 23
709 19 12 13
4081 19 12 5
721 19 13 82
1163 19 13 73
2129 19 13 61
1001 19 13 51
1430 19 13 37
4592 19 13 22
2761 19 13 12
3231 19 14 81
4539 19 14 71
3500 19 14 61
331 19 14 51
4469 19 14 36
1565 19 14 23
1871 19 14 12
3125 19 15 80
2492 19 15 67
1278 19 15 52
2425 19 15 43
2289 19 15 34
4524 19 15 22
2188 19 15 12
1116 19 16 80
139 19 16 67
4347 19 16 51
3495 19 16 36
4465 19 16 22
2298 19 16 11
257 19 18 79
4077 19 18 68
2720 19 18 60
1176 19 18 52
2225 19 18 43
152 19 18 34
4326 19 18 22
685 19 18 11
1010 19 19 78
3711 19 19 63
4042 19 19 52
1326 19 19 43
4466 19 19 33
128 19 19 23
879 19 19 12
