2266
3188 0 0 96
152 0 0 93
3128 0 0 89
3625 0 0 84
3084 0 0 81
1648 0 0 77
1257 0 0 74
3487 0 0 71
3200 0 0 67
2849 0 0 62
1372 0 0 58
1544 0 0 55
1823 0 0 52
2409 0 0 49
2642 0 0 46
155 0 0 42
2946 0 0 39
2365 0 0 36
2512 0 0 34
1778 0 0 32
2463 0 0 29
3459 0 0 25
2398 0 0 21
2841 0 0 17
1640 0 0 14
2759 0 0 11
3482 0 0 8
3390 0 0 5
2455 0 0 2
3156 0 1 96
897 0 1 92
3566 0 1 89
2453 0 1 84
564 0 1 81
315 0 1 77
1081 0 1 74
3217 0 1 70
2431 0 1 65
3575 0 1 62
2248 0 1 57
2664 0 1 54
101 0 1 50
656 0 1 47
2881 0 1 45
3713 0 1 42
1231 0 1 39
2094 0 1 36
3464 0 1 30
2354 0 1 26
2464 0 1 23
2137 0 1 20
3574 0 1 17
3092 0 1 13
395 0 1 11
2902 0 1 6
3451 0 1 3
1650 0 2 96
417 0 2 92
2182 0 2 89
1382 0 2 84
3738 0 2 80
2536 0 2 76
3656 0 2 74
1286 0 2 70
3630 0 2 64
2383 0 2 61
981 0 2 58
1513 0 2 55
1355 0 2 52
1173 0 2 49
3378 0 2 45
2584 0 2 42
3441 0 2 38
3668 0 2 35
2237 0 2 31
51 0 2 29
1261 0 2 25
2640 0 2 20
3147 0 2 16
2096 0 2 12
1436 0 2 10
1447 0 2 7
488 0 2 3
1209 0 3 96
3653 0 3 91
2041 0 3 87
3083 0 3 85
3448 0 3 83
3645 0 3 79
2815 0 3 76
2603 0 3 73
3035 0 3 69
3229 0 3 64
1883 0 3 60
1463 0 3 58
2976 0 3 54
3187 0 3 49
3249 0 3 45
3134 0 3 40
2877 0 3 37
1941 0 3 35
1814 0 3 30
1324 0 3 26
999 0 3 23
2747 0 3 19
1172 0 3 17
1159 0 3 13
1573 0 3 10
558 0 3 7
2291 0 3 2
3280 0 4 95
3479 0 4 92
2149 0 4 89
1911 0 4 83
3632 0 4 79
1309 0 4 75
199 0 4 73
1863 0 4 69
1369 0 4 64
3395 0 4 59
1819 0 4 56
3006 0 4 51
1948 0 4 47
1459 0 4 45
2000 0 4 40
3209 0 4 35
917 0 4 30
3518 0 4 25
3588 0 4 19
3560 0 4 15
2722 0 4 12
1633 0 4 9
1313 0 4 6
3155 0 4 3
2756 0 5 95
2957 0 5 91
1810 0 5 87
354 0 5 85
695 0 5 83
3158 0 5 79
2864 0 5 74
618 0 5 70
3039 0 5 64
3056 0 5 58
669 0 5 54
2259 0 5 49
2552 0 5 44
3189 0 5 41
2298 0 5 38
1121 0 5 35
911 0 5 29
2516 0 5 24
1062 0 5 21
2244 0 5 17
797 0 5 13
1378 0 5 10
3641 0 5 5
1597 0 5 2
3347 0 6 94
3692 0 6 91
176 0 6 87
2172 0 6 83
2468 0 6 79
721 0 6 74
3673 0 6 69
593 0 6 64
1588 0 6 58
267 0 6 54
3098 0 6 48
2791 0 6 45
1110 0 6 40
1944 0 6 35
106 0 6 29
2699 0 6 23
1585 0 6 19
1368 0 6 15
2523 0 6 11
1249 0 6 6
2765 0 6 3
1666 0 7 94
3558 0 7 90
1864 0 7 87
1455 0 7 83
342 0 7 79
2032 0 7 73
1416 0 7 69
3742 0 7 63
3031 0 7 60
3244 0 7 57
662 0 7 54
2663 0 7 48
1709 0 7 45
2270 0 7 39
1177 0 7 36
3404 0 7 30
1665 0 7 25
2803 0 7 18
3106 0 7 13
1281 0 7 10
3539 0 7 5
2901 0 7 1
856 0 8 93
2893 0 8 89
2253 0 8 82
3174 0 8 80
2090 0 8 76
3164 0 8 72
1925 0 8 70
606 0 8 64
302 0 8 58
2993 0 8 53
3175 0 8 50
3512 0 8 46
3304 0 8 41
2573 0 8 36
3201 0 8 30
1543 0 8 25
1853 0 8 18
1251 0 8 13
1898 0 8 9
2470 0 8 5
1866 0 8 1
1892 0 9 92
2560 0 9 88
1010 0 9 86
3555 0 9 84
3485 0 9 80
3527 0 9 75
100 0 9 73
730 0 9 69
3528 0 9 63
1974 0 9 60
2751 0 9 56
2869 0 9 51
875 0 9 47
2958 0 9 43
3410 0 9 41
974 0 9 36
821 0 9 30
195 0 9 25
1818 0 9 18
1061 0 9 13
1511 0 9 9
3484 0 9 4
1426 0 9 1
1539 0 10 92
3367 0 10 87
939 0 10 83
2060 0 10 78
3468 0 10 74
2878 0 10 69
3017 0 10 63
3377 0 10 59
1151 0 10 56
3037 0 10 50
2252 0 10 46
1330 0 10 41
874 0 10 36
2790 0 10 29
2668 0 10 23
2033 0 10 18
980 0 10 13
1387 0 10 9
3185 0 10 4
2999 0 11 91
3460 0 11 85
3402 0 11 81
2679 0 11 76
2113 0 11 72
613 0 11 69
1619 0 11 63
2571 0 11 59
2058 0 11 55
568 0 11 52
3427 0 11 48
804 0 11 45
573 0 11 39
905 0 11 35
2660 0 11 28
3118 0 11 26
3333 0 11 22
2397 0 11 19
3439 0 11 14
168 0 11 11
2970 0 11 5
932 0 12 91
2228 0 12 85
1986 0 12 81
1940 0 12 76
957 0 12 72
2320 0 12 68
1040 0 12 65
131 0 12 62
589 0 12 57
2204 0 12 53
2092 0 12 49
1577 0 12 44
849 0 12 40
3225 0 12 34
3670 0 12 31
1096 0 12 28
3507 0 12 24
2224 0 12 19
1350 0 12 14
2847 0 12 10
3040 0 12 5
2960 0 13 90
592 0 13 87
876 0 13 83
767 0 13 78
2497 0 13 74
878 0 13 69
170 0 13 63
2472 0 13 59
450 0 13 55
2192 0 13 51
2526 0 13 46
712 0 13 41
399 0 13 36
2715 0 13 29
2312 0 13 23
1953 0 13 18
942 0 13 13
674 0 13 8
3186 0 13 4
2661 0 14 90
1736 0 14 86
462 0 14 84
526 0 14 80
920 0 14 75
2738 0 14 72
815 0 14 68
121 0 14 65
1739 0 14 61
2578 0 14 57
1428 0 14 53
1846 0 14 49
1234 0 14 44
109 0 14 40
1998 0 14 34
1661 0 14 31
1211 0 14 27
228 0 14 25
2862 0 14 17
679 0 14 13
107 0 14 7
1594 0 14 2
2565 0 15 90
1218 0 15 86
3536 0 15 82
2608 0 15 79
2967 0 15 72
2208 0 15 67
759 0 15 62
251 0 15 57
3652 0 15 52
3392 0 15 47
2926 0 15 43
3711 0 15 40
836 0 15 34
2908 0 15 30
2212 0 15 24
3295 0 15 18
447 0 15 13
150 0 15 6
2394 0 15 3
1656 0 16 90
1602 0 16 85
2655 0 16 80
2949 0 16 74
1450 0 16 68
2148 0 16 64
2602 0 16 56
2263 0 16 50
2213 0 16 46
3085 0 16 40
3279 0 16 32
550 0 16 28
1660 0 16 24
2268 0 16 18
39 0 16 13
3721 0 16 5
574 0 17 90
737 0 17 85
1658 0 17 80
2812 0 17 74
642 0 17 68
103 0 17 64
2347 0 17 56
973 0 17 50
750 0 17 46
1921 0 17 40
2981 0 17 32
3585 0 17 27
23 0 17 24
269 0 17 18
2128 0 17 12
1493 0 17 9
2403 0 17 4
1168 0 18 89
1048 0 18 82
3032 0 18 78
2001 0 18 74
245 0 18 68
1285 0 18 63
955 0 18 59
1770 0 18 54
1727 0 18 48
461 0 18 44
2853 0 18 39
827 0 18 35
1657 0 18 28
1478 0 18 24
1515 0 18 17
167 0 18 13
3496 0 18 5
504 0 19 88
690 0 19 85
1526 0 19 80
544 0 19 74
1269 0 19 67
3597 0 19 60
2249 0 19 56
728 0 19 50
2917 0 19 44
1618 0 19 39
1264 0 19 34
3180 0 19 29
1270 0 19 23
1936 0 19 18
58 0 19 12
3615 0 19 7
1444 0 19 2
2899 2 1 87
3036 2 1 81
1044 2 1 76
64 2 1 72
483 2 1 67
3204 2 1 59
1481 2 1 54
1410 2 1 48
313 2 1 44
3447 2 1 38
2 2 1 33
3584 2 1 30
430 2 1 24
1187 2 1 17
89 2 1 13
2743 2 1 5
2341 2 4 87
1371 2 4 81
1009 2 4 76
1966 2 4 71
2693 2 4 67
2763 2 4 59
238 2 4 54
323 2 4 48
2286 2 4 42
2481 2 4 38
3563 2 4 32
2643 2 4 27
3254 2 4 23
1914 2 4 18
3276 2 4 11
1517 2 4 5
1768 2 5 85
937 2 5 80
14 2 5 74
479 2 5 67
2119 2 5 59
2442 2 5 53
631 2 5 48
2276 2 5 42
3356 2 5 37
1066 2 5 35
1609 2 5 28
509 2 5 23
1449 2 5 18
1199 2 5 11
1128 2 5 5
503 2 6 85
376 2 6 80
1574 2 6 73
2469 2 6 68
1069 2 6 63
3123 2 6 58
1957 2 6 53
3054 2 6 47
1464 2 6 43
2428 2 6 39
59 2 6 34
3161 2 6 29
803 2 6 23
1122 2 6 18
871 2 6 11
3488 2 6 4
1951 2 8 84
1299 2 8 79
2687 2 8 72
224 2 8 67
2002 2 8 58
3030 2 8 52
2827 2 8 46
297 2 8 40
816 2 8 32
2111 2 8 26
1433 2 8 22
1303 2 8 19
996 2 8 14
711 2 8 10
3540 2 8 4
1386 2 9 82
2649 2 9 78
2491 2 9 73
3515 2 9 67
1995 2 9 58
2124 2 9 52
1555 2 9 46
3014 2 9 39
3177 2 9 33
1227 2 9 30
57 2 9 24
3580 2 9 16
75 2 9 12
1963 2 9 7
1046 2 9 2
3596 2 10 81
3654 2 10 75
1915 2 10 72
3626 2 10 66
723 2 10 64
1996 2 10 56
3442 2 10 49
1053 2 10 44
1357 2 10 38
3586 2 10 31
3110 2 10 26
561 2 10 21
1862 2 10 17
3534 2 10 12
3719 2 10 6
162 2 10 2
3307 2 11 81
2844 2 11 75
2099 2 11 70
20 2 11 64
1645 2 11 56
2404 2 11 49
2667 2 11 43
1000 2 11 39
387 2 11 33
3067 2 11 27
3162 2 11 23
824 2 11 18
543 2 11 11
1011 2 11 4
609 2 12 81
2129 2 12 75
1486 2 12 70
2475 2 12 63
2787 2 12 57
32 2 12 52
473 2 12 46
1182 2 12 39
2207 2 12 32
1482 2 12 26
2863 2 12 20
754 2 12 14
2858 2 12 9
2313 2 12 4
2127 2 14 79
2581 2 14 72
1985 2 14 66
3458 2 14 63
1848 2 14 57
3061 2 14 51
2711 2 14 45
2871 2 14 38
1203 2 14 31
2854 2 14 26
1976 2 14 20
1005 2 14 13
1414 2 14 5
1007 2 16 76
1762 2 16 71
24 2 16 67
1766 2 16 58
1916 2 16 52
217 2 16 46
181 2 16 39
1840 2 16 32
2892 2 16 25
1950 2 16 17
3001 2 16 11
2555 2 16 3
2905 2 17 60
936 2 17 56
3399 2 17 48
2039 2 17 42
3235 2 17 37
2672 2 17 34
3466 2 17 28
3650 2 17 22
1534 2 17 17
2779 2 17 11
1533 2 17 3
3294 2 19 1
3230 3 0 98
2859 3 0 94
2031 3 0 89
991 3 0 82
632 3 0 77
380 3 0 74
3703 3 0 66
3491 3 0 62
3701 3 0 56
3160 3 0 48
2069 3 0 41
2840 3 0 35
1140 3 0 28
2886 3 0 22
742 3 0 17
2499 3 0 11
1365 3 0 3
2465 3 1 97
686 3 1 93
478 3 1 88
2559 3 1 84
3281 3 1 78
2445 3 1 73
2845 3 1 67
647 3 1 58
1310 3 1 52
3739 3 1 45
2473 3 1 38
220 3 1 31
2634 3 1 26
2807 3 1 18
530 3 1 11
1274 3 1 3
1567 3 6 97
2585 3 6 92
1397 3 6 87
1293 3 6 81
1805 3 6 75
2305 3 6 69
3537 3 6 62
3538 3 6 56
2729 3 6 48
5 3 6 41
1230 3 6 35
330 3 6 28
982 3 6 22
3590 3 6 15
1930 3 6 11
1064 3 6 3
886 3 8 97
1877 3 8 92
2506 3 8 86
1576 3 8 82
216 3 8 77
1753 3 8 73
2256 3 8 67
638 3 8 58
1806 3 8 51
1980 3 8 45
2202 3 8 36
1620 3 8 29
2624 3 8 22
3131 3 8 15
1240 3 8 11
3005 3 8 2
2267 3 9 96
160 3 9 91
3355 3 9 84
2942 3 9 78
2161 3 9 73
1830 3 9 67
2199 3 9 57
2283 3 9 51
1779 3 9 45
2103 3 9 35
3350 3 9 27
2792 3 9 23
758 3 9 18
336 3 9 11
1961 3 9 2
2418 3 10 95
744 3 10 91
2564 3 10 84
2710 3 10 78
1536 3 10 73
1407 3 10 67
1663 3 10 57
1323 3 10 51
538 3 10 45
3636 3 10 33
2527 3 10 27
1984 3 10 23
91 3 10 18
3169 3 10 10
2125 3 10 3
2293 3 11 95
3101 3 11 90
3408 3 11 84
1523 3 11 78
3525 3 11 72
374 3 11 66
745 3 11 62
3240 3 11 56
1569 3 11 48
3124 3 11 40
2920 3 11 31
896 3 11 26
2344 3 11 18
2324 3 11 10
27 3 11 3
2100 3 12 95
2417 3 12 90
2198 3 12 84
1467 3 12 78
2860 3 12 72
1492 3 12 65
455 3 12 61
1979 3 12 57
2529 3 12 50
360 3 12 44
491 3 12 38
2437 3 12 30
1606 3 12 23
2750 3 12 17
1850 3 12 11
1033 3 12 1
3578 3 14 94
1971 3 14 89
2478 3 14 81
215 3 14 75
1799 3 14 69
2422 3 14 62
2907 3 14 56
338 3 14 48
997 3 14 40
367 3 14 31
725 3 14 26
1967 3 14 18
2063 3 14 10
1994 3 14 2
3303 3 17 94
791 3 17 89
2278 3 17 81
3434 3 17 74
2633 3 17 66
3456 3 17 60
2451 3 17 55
1774 3 17 51
142 3 17 44
3469 3 17 37
3326 3 17 33
222 3 17 27
1868 3 17 23
2303 3 17 17
971 3 17 11
1120 3 17 2
92 3 19 94
3306 3 19 88
2329 3 19 84
273 3 19 78
2728 3 19 72
3202 3 19 64
3379 3 19 55
1006 3 19 51
3455 3 19 43
519 3 19 39
1466 3 19 32
1430 3 19 24
3114 3 19 16
3475 3 19 11
2746 3 19 1
2447 4 0 93
1983 4 0 87
760 4 0 81
2430 4 0 74
2360 4 0 66
2706 4 0 60
1013 4 0 55
277 4 0 51
3429 4 0 43
3063 4 0 38
2236 4 0 30
1262 4 0 23
1697 4 0 17
213 4 0 11
1291 4 0 3
1854 4 4 93
3531 4 4 86
1184 4 4 82
1904 4 4 76
393 4 4 71
1024 4 4 66
1039 4 4 60
789 4 4 55
204 4 4 51
3059 4 4 43
2789 4 4 38
306 4 4 30
3684 4 4 22
2510 4 4 15
3519 4 4 10
557 4 4 3
851 4 5 93
3354 4 5 86
858 4 5 80
3501 4 5 72
2857 4 5 64
1893 4 5 55
3097 4 5 50
3618 4 5 43
2053 4 5 38
2720 4 5 29
105 4 5 21
3492 4 5 16
3325 4 5 11
3601 4 5 2
2314 4 6 92
3221 4 6 85
3372 4 6 79
1443 4 6 72
753 4 6 64
441 4 6 55
2432 4 6 50
3386 4 6 43
1932 4 6 38
2242 4 6 29
3292 4 6 20
731 4 6 12
2914 4 6 6
2925 4 6 1
661 4 12 91
1733 4 12 84
1624 4 12 77
2961 4 12 72
2698 4 12 63
2748 4 12 56
3718 4 12 47
2628 4 12 42
2696 4 12 37
271 4 12 33
3374 4 12 26
321 4 12 18
1693 4 12 10
3592 4 12 2
3413 5 0 89
2219 5 0 81
873 5 0 74
1999 5 0 66
3623 5 0 59
2281 5 0 53
2900 5 0 47
2579 5 0 42
2377 5 0 37
1839 5 0 32
325 5 0 24
825 5 0 16
284 5 0 11
3508 5 0 2
2975 5 2 89
1841 5 2 81
3262 5 2 73
3655 5 2 66
2462 5 2 59
1634 5 2 53
2836 5 2 47
2362 5 2 42
1738 5 2 37
1462 5 2 32
627 5 2 23
3234 5 2 16
1149 5 2 10
3477 5 2 2
2972 5 6 89
1710 5 6 81
1127 5 6 73
3028 5 6 66
1664 5 6 59
3680 5 6 52
3497 5 6 45
2965 5 6 33
2261 5 6 26
3675 5 6 17
3048 5 6 10
2435 5 6 2
2187 5 7 89
2931 5 7 80
2088 5 7 72
1890 5 7 63
2211 5 7 56
3243 5 7 46
255 5 7 38
1992 5 7 29
2042 5 7 20
831 5 7 11
3297 5 7 1
1822 5 9 89
2343 5 9 80
645 5 9 72
1821 5 9 63
3728 5 9 55
2120 5 9 50
1876 5 9 42
1659 5 9 37
1326 5 9 32
576 5 9 23
2669 5 9 16
828 5 9 10
84 5 9 1
1420 5 10 89
449 5 10 80
2764 5 10 71
785 5 10 66
1472 5 10 59
3682 5 10 51
2898 5 10 43
1748 5 10 38
110 5 10 29
860 5 10 20
611 5 10 11
1480 5 10 4
3038 5 15 88
1737 5 15 84
1394 5 15 77
2197 5 15 72
1089 5 15 63
3042 5 15 55
1001 5 15 50
1165 5 15 42
511 5 15 37
650 5 15 32
1978 5 15 22
947 5 15 15
3127 5 15 10
2767 5 15 3
2680 5 16 88
489 5 16 84
1304 5 16 77
477 5 16 72
949 5 16 63
1068 5 16 55
919 5 16 50
3437 5 16 41
926 5 16 35
2963 5 16 27
1726 5 16 23
1351 5 16 16
1194 5 16 9
1705 5 16 3
2991 5 17 87
2389 5 17 80
1015 5 17 71
3438 5 17 65
2954 5 17 59
3331 5 17 51
2895 5 17 43
2910 5 17 37
382 5 17 32
819 5 17 22
4 5 17 15
2160 5 17 10
1395 5 17 3
1568 5 18 87
684 5 18 80
584 5 18 71
1734 5 18 65
2938 5 18 59
3248 5 18 51
1880 5 18 43
2951 5 18 36
1292 5 18 29
254 5 18 20
608 5 18 11
734 5 18 2
3271 5 19 86
2705 5 19 79
322 5 19 71
1696 5 19 65
2650 5 19 59
1242 5 19 51
3319 5 19 42
2553 5 19 36
680 5 19 29
67 5 19 20
2760 5 19 10
175 5 19 2
983 6 0 86
1042 6 0 78
2335 6 0 72
3078 6 0 62
466 6 0 56
2793 6 0 46
2882 6 0 37
3687 6 0 31
1689 6 0 25
1160 6 0 17
3045 6 0 10
2918 6 0 1
1503 6 2 85
3309 6 2 79
1380 6 2 70
2158 6 2 63
1032 6 2 54
2930 6 2 47
1340 6 2 42
1334 6 2 36
3220 6 2 28
317 6 2 22
3095 6 2 14
1579 6 2 9
2761 6 2 1
559 6 3 85
3210 6 3 79
3523 6 3 69
3213 6 3 61
1489 6 3 57
1949 6 3 50
2934 6 3 41
464 6 3 35
2319 6 3 27
863 6 3 22
3049 6 3 14
98 6 3 9
2675 6 3 1
1691 6 4 82
1198 6 4 76
1180 6 4 70
398 6 4 63
907 6 4 54
2604 6 4 47
3058 6 4 41
2718 6 4 34
2214 6 4 28
69 6 4 22
1649 6 4 14
94 6 4 9
2598 6 4 1
866 6 6 82
130 6 6 76
698 6 6 70
485 6 6 62
2227 6 6 55
2112 6 6 49
2458 6 6 43
2310 6 6 36
1228 6 6 28
2721 6 6 21
3436 6 6 16
371 6 6 9
1237 6 6 1
337 6 7 82
1080 6 7 75
2794 6 7 68
3026 6 7 62
3044 6 7 54
1065 6 7 47
3011 6 7 41
2712 6 7 34
3391 6 7 27
1987 6 7 21
114 6 7 16
3418 6 7 8
288 6 7 1
2771 6 9 81
1123 6 9 73
2257 6 9 66
913 6 9 59
887 6 9 51
2843 6 9 42
916 6 9 36
707 6 9 28
2029 6 9 21
3686 6 9 15
1312 6 9 10
494 6 9 2
2415 6 10 81
357 6 10 73
2184 6 10 66
151 6 10 59
3332 6 10 50
1581 6 10 41
1931 6 10 34
3228 6 10 27
1977 6 10 21
3003 6 10 15
1224 6 10 10
2674 6 10 1
1454 6 13 81
3046 6 13 72
1406 6 13 62
985 6 13 54
200 6 13 47
2818 6 13 41
1772 6 13 34
1520 6 13 27
1867 6 13 21
2439 6 13 15
158 6 13 10
1347 6 13 1
604 6 14 78
2055 6 14 72
2325 6 14 61
3403 6 14 56
2904 6 14 45
290 6 14 33
1692 6 14 26
3094 6 14 17
648 6 14 10
1298 6 14 1
2653 6 15 77
3322 6 15 71
921 6 15 65
2299 6 15 58
1704 6 15 51
1894 6 15 42
2133 6 15 35
1711 6 15 27
1788 6 15 20
2185 6 15 9
619 6 15 1
2045 6 16 75
658 6 16 68
1773 6 16 62
421 6 16 54
113 6 16 47
1210 6 16 41
3576 6 16 33
1016 6 16 26
2987 6 16 17
263 6 16 10
192 6 16 1
3594 6 17 71
275 6 17 65
1962 6 17 58
1684 6 17 51
1530 6 17 42
3559 6 17 34
1220 6 17 27
879 6 17 20
771 6 17 9
78 6 17 1
3389 6 18 68
2558 6 18 61
2436 6 18 56
2049 6 18 45
3315 6 18 32
452 6 18 22
3716 6 18 13
1185 6 18 5
1591 6 19 45
3077 6 19 32
1698 6 19 21
943 6 19 15
2619 6 19 9
1730 6 19 1
3483 7 0 96
40 7 0 91
3551 7 0 83
1233 7 0 77
2323 7 0 71
2726 7 0 64
373 7 0 55
1254 7 0 49
1990 7 0 43
927 7 0 36
546 7 0 28
1318 7 0 21
205 7 0 15
2131 7 0 9
1600 7 0 1
1785 7 1 95
1775 7 1 89
1106 7 1 79
3274 7 1 69
1723 7 1 60
81 7 1 55
353 7 1 49
1461 7 1 43
736 7 1 36
3556 7 1 27
2846 7 1 19
2690 7 1 13
31 7 1 5
1314 7 2 95
1295 7 2 89
2879 7 2 78
1328 7 2 72
2034 7 2 61
2047 7 2 56
2983 7 2 44
839 7 2 37
3166 7 2 31
361 7 2 25
1743 7 2 16
3071 7 2 8
3287 7 3 94
3024 7 3 88
3247 7 3 83
853 7 3 77
2245 7 3 71
2880 7 3 62
2371 7 3 53
2333 7 3 47
3722 7 3 40
194 7 3 31
3321 7 3 24
772 7 3 16
1856 7 3 8
2691 7 11 94
2709 7 11 88
2514 7 11 83
2777 7 11 76
1604 7 11 69
1158 7 11 60
1518 7 11 54
3420 7 11 46
1881 7 11 37
2982 7 11 31
3275 7 11 24
501 7 11 16
738 7 11 8
1622 7 12 94
2511 7 12 88
1897 7 12 83
2488 7 12 76
334 7 12 69
1109 7 12 60
408 7 12 54
1550 7 12 46
1783 7 12 37
646 7 12 31
3245 7 12 24
388 7 12 16
308 7 12 8
3635 7 13 92
2408 7 13 85
2786 7 13 79
2797 7 13 69
3343 7 13 59
3328 7 13 50
120 7 13 41
2223 7 13 33
798 7 13 26
2770 7 13 17
237 7 13 10
3607 7 14 92
1926 7 14 84
433 7 14 77
843 7 14 71
73 7 14 62
1884 7 14 53
708 7 14 47
2575 7 14 40
2656 7 14 30
56 7 14 22
3359 7 14 13
1193 7 14 4
3604 8 3 92
1882 8 3 84
1699 8 3 76
2348 8 3 68
2368 8 3 61
1792 8 3 56
2231 8 3 44
773 8 3 37
2648 8 3 29
2605 8 3 19
522 8 3 13
703 8 3 4
2670 8 5 92
952 8 5 84
1905 8 5 75
469 8 5 68
1166 8 5 61
3115 8 5 55
331 8 5 49
1288 8 5 43
3034 8 5 35
1631 8 5 27
1687 8 5 19
3327 8 5 12
38 8 5 6
2612 8 11 92
87 8 11 84
1485 8 11 75
2230 8 11 67
719 8 11 57
956 8 11 50
3669 8 11 40
1483 8 11 30
3486 8 11 21
2538 8 11 14
3700 8 11 8
2530 8 12 92
3710 8 12 83
2471 8 12 76
1832 8 12 68
882 8 12 61
2717 8 12 55
2626 8 12 48
2805 8 12 39
1316 8 12 32
305 8 12 21
1758 8 12 14
3599 8 12 8
1217 8 16 92
2964 8 16 83
2109 8 16 76
458 8 16 68
761 8 16 61
72 8 16 55
2077 8 16 48
2574 8 16 39
902 8 16 32
138 8 16 21
436 8 16 14
2739 8 16 8
3231 8 17 91
2190 8 17 83
2178 8 17 75
2116 8 17 67
2279 8 17 56
145 8 17 44
29 8 17 37
1035 8 17 29
2079 8 17 19
3305 8 17 12
3251 8 17 5
3522 8 18 90
1688 8 18 84
1311 8 18 75
1798 8 18 67
3141 8 18 55
1162 8 18 48
2534 8 18 39
792 8 18 32
883 8 18 20
422 8 18 9
3208 8 19 89
1918 8 19 78
1282 8 19 72
2080 8 19 60
1287 8 19 53
556 8 19 47
2508 8 19 40
795 8 19 30
1900 8 19 21
1826 8 19 13
2541 8 19 3
3139 9 0 89
958 9 0 78
3547 9 0 71
2795 9 0 61
3613 9 0 54
2454 9 0 45
2490 9 0 32
2616 9 0 18
628 9 0 10
3116 9 5 89
3481 9 5 77
1946 9 5 70
2154 9 5 61
3340 9 5 54
2357 9 5 45
2356 9 5 32
2048 9 5 18
437 9 5 10
2288 9 6 89
2998 9 6 77
801 9 6 70
820 9 6 61
1499 9 6 54
1750 9 6 45
1322 9 6 32
2801 9 6 17
2988 9 6 9
1393 9 7 89
2474 9 7 77
3544 9 7 69
2557 9 7 59
1487 9 7 50
1181 9 7 40
246 9 7 30
2013 9 7 19
3236 9 7 12
2974 9 7 5
929 9 9 89
1331 9 9 76
2342 9 9 67
2484 9 9 55
675 9 9 48
2411 9 9 39
333 9 9 32
2673 9 9 17
1674 9 9 9
861 9 11 89
1112 9 11 76
1519 9 11 67
842 9 11 55
453 9 11 48
1079 9 11 39
198 9 11 32
2483 9 11 17
1497 9 11 9
3366 9 12 88
2935 9 12 82
227 9 12 75
1094 9 12 67
2609 9 12 54
1341 9 12 45
295 9 12 32
1636 9 12 15
347 9 12 9
3346 9 14 88
3215 9 14 81
1922 9 14 72
1752 9 14 60
3361 9 14 52
3387 9 14 45
1763 9 14 31
3203 9 14 24
211 9 14 16
280 9 14 8
630 9 15 88
2500 9 15 81
1596 9 15 72
137 9 15 60
3259 9 15 52
3253 9 15 45
636 9 15 31
2896 9 15 24
2622 9 15 15
345 9 15 9
3677 9 16 87
2613 9 16 78
3269 9 16 71
420 9 16 61
612 9 16 54
122 9 16 44
3660 9 16 36
1349 9 16 27
1396 9 16 19
3183 9 16 12
3149 9 16 4
3291 9 17 87
2289 9 17 78
2590 9 17 71
1722 9 17 60
621 9 17 52
2776 9 17 45
2441 9 17 30
1076 9 17 19
445 9 17 12
1571 9 17 4
2912 9 18 87
2044 9 18 78
2438 9 18 71
1611 9 18 59
2222 9 18 49
3521 9 18 42
3532 9 18 34
154 9 18 27
918 9 18 19
76 9 18 12
1125 9 18 4
1769 9 19 87
3178 9 19 77
2947 9 19 69
1495 9 19 58
1296 9 19 51
964 9 19 42
3467 9 19 34
1409 9 19 26
1208 9 19 17
506 9 19 9
1630 10 0 87
1373 10 0 76
857 10 0 67
872 10 0 54
1895 10 0 43
1749 10 0 35
296 10 0 27
249 10 0 19
3678 10 0 11
1255 10 2 87
1077 10 2 76
578 10 2 67
3369 10 2 53
2768 10 2 46
924 10 2 37
2010 10 2 28
521 10 2 21
179 10 2 13
350 10 2 3
806 10 3 87
206 10 3 76
1643 10 3 65
1955 10 3 58
405 10 3 51
2548 10 3 41
1118 10 3 33
3725 10 3 25
1305 10 3 16
119 10 3 8
341 10 5 87
3163 10 5 75
346 10 5 67
1388 10 5 53
1082 10 5 45
2753 10 5 29
1694 10 5 19
2420 10 5 11
3622 10 6 84
17 10 6 75
279 10 6 67
2610 10 6 52
1130 10 6 45
870 10 6 29
1563 10 6 17
3638 10 6 8
3524 10 7 84
3405 10 7 74
1337 10 7 66
810 10 7 58
244 10 7 51
1780 10 7 41
3552 10 7 32
1621 10 7 15
115 10 7 9
2594 10 11 84
1146 10 11 74
493 10 11 66
3514 10 11 57
394 10 11 50
2992 10 11 39
3694 10 11 31
2627 10 11 24
2272 10 11 15
848 10 11 8
1327 10 12 83
786 10 12 75
1912 10 12 66
3261 10 12 57
2086 10 12 49
1765 10 12 42
1942 10 12 34
359 10 12 26
581 10 12 17
3277 10 12 8
3724 11 0 81
2181 11 0 71
129 11 0 59
1639 11 0 49
2808 11 0 41
2489 11 0 32
1273 11 0 15
659 11 0 8
2567 11 2 81
1223 11 2 70
492 11 2 61
3706 11 2 53
783 11 2 45
689 11 2 29
268 11 2 15
527 11 2 8
1161 11 8 81
250 11 8 70
435 11 8 61
3495 11 8 53
232 11 8 45
166 11 8 29
71 11 8 15
500 11 8 8
2251 11 9 79
2141 11 9 69
1204 11 9 58
3144 11 9 50
720 11 9 39
3642 11 9 31
1501 11 9 24
2177 11 9 15
153 11 9 8
2067 11 13 79
1376 11 13 69
967 11 13 58
2762 11 13 50
124 11 13 38
2802 11 13 28
3255 11 13 20
3091 11 13 7
1381 11 14 79
626 11 14 69
726 11 14 58
2492 11 14 50
2861 11 14 37
1816 11 14 28
3133 11 14 20
3357 11 14 6
629 11 16 78
533 11 16 71
1982 11 16 57
1870 11 16 49
2316 11 16 41
2095 11 16 32
838 11 16 15
3732 11 16 7
404 11 17 78
418 11 17 71
850 11 17 57
219 11 17 49
1434 11 17 41
1352 11 17 32
327 11 17 12
386 11 17 4
777 11 19 77
2848 11 19 69
644 11 19 58
3256 11 19 49
984 11 19 41
1260 11 19 32
3705 11 19 5
366 12 0 76
654 12 0 65
243 12 0 58
2582 12 0 49
895 12 0 41
812 12 0 32
710 12 0 24
960 12 0 15
748 12 0 7
2059 12 1 67
12 12 1 52
724 12 1 45
1100 12 1 26
3606 12 1 16
3663 12 1 7
3452 12 2 62
594 12 2 53
2144 12 2 44
3530 12 2 36
2452 12 2 26
2156 12 2 16
2372 12 2 7
1858 12 3 94
2407 12 3 88
894 12 3 81
3370 12 3 69
2084 12 3 57
2911 12 3 48
881 12 3 38
2798 12 3 28
1896 12 3 20
2944 12 3 5
301 12 6 94
1615 12 6 88
3577 12 6 80
188 12 6 71
931 12 6 56
2349 12 6 43
1095 12 6 35
177 12 6 27
3629 12 6 17
590 12 6 8
2851 12 11 93
3022 12 11 86
481 12 11 78
2561 12 11 70
66 12 11 61
2839 12 11 53
1838 12 11 44
2089 12 11 35
3219 12 11 26
1451 12 11 16
1457 12 11 6
3199 12 16 92
765 12 16 83
191 12 16 75
1471 12 16 66
2625 12 16 57
2496 12 16 48
2595 12 16 37
164 12 16 28
1284 12 16 20
2632 12 16 4
2806 12 17 92
3511 12 17 82
2811 12 17 74
1427 12 17 65
1442 12 17 57
2038 12 17 48
1277 12 17 37
3278 12 17 26
933 12 17 16
189 12 17 6
2359 13 3 92
1878 13 3 82
898 13 3 74
944 13 3 65
1154 13 3 57
9 13 3 48
2971 13 3 36
1603 13 3 26
3651 13 3 15
1512 13 3 6
3717 13 5 91
799 13 5 83
3500 13 5 74
3431 13 5 63
3019 13 5 53
692 13 5 44
1641 13 5 35
1885 13 5 26
704 13 5 15
513 13 5 6
2533 13 6 91
2386 13 6 82
2745 13 6 72
3320 13 6 59
597 13 6 48
484 13 6 36
752 13 6 26
2968 13 6 14
2540 13 6 8
2009 13 8 91
1812 13 8 82
2169 13 8 72
1873 13 8 59
3570 13 8 46
2163 13 8 36
3396 13 8 25
287 13 8 16
3634 13 8 5
835 13 9 91
1525 13 9 82
1879 13 9 72
1582 13 9 58
2537 13 9 49
616 13 9 41
2375 13 9 31
1458 13 9 23
793 13 9 16
3600 13 9 5
3214 13 11 90
1516 13 11 84
696 13 11 74
2057 13 11 63
2327 13 11 53
61 13 11 44
3159 13 11 34
1945 13 11 25
3422 13 11 15
185 13 11 6
3142 13 12 90
1336 13 12 84
610 13 12 74
1975 13 12 63
1319 13 12 53
3173 13 12 43
498 13 12 35
1587 13 12 26
261 13 12 14
2217 13 12 8
2850 13 13 90
2973 13 13 83
3433 13 13 74
126 13 13 63
159 13 13 52
2962 13 13 44
2641 13 13 34
1851 13 13 25
2563 13 13 15
1969 13 13 4
1924 13 17 90
2939 13 17 83
60 13 17 74
3301 13 17 62
548 13 17 53
1554 13 17 43
3360 13 17 34
1759 13 17 25
2229 13 17 15
1307 13 17 4
1746 13 18 89
2130 13 18 75
551 13 18 66
1404 13 18 57
1004 13 18 47
1683 13 18 40
3605 13 18 29
2822 13 18 14
1937 13 18 8
1701 13 19 89
2108 13 19 75
2700 13 19 65
951 13 19 57
637 13 19 47
1243 13 19 40
2984 13 19 29
2456 13 19 14
285 13 19 8
678 14 0 89
3218 14 0 74
2166 14 0 62
446 14 0 53
1361 14 0 43
2152 14 0 34
2340 14 0 24
3602 14 0 14
3628 14 0 7
512 14 1 89
2996 14 1 74
1343 14 1 62
358 14 1 53
1887 14 1 42
1356 14 1 34
3167 14 1 23
3151 14 1 15
683 14 1 4
2531 14 3 88
2102 14 3 80
1700 14 3 70
3113 14 3 60
3681 14 3 51
1235 14 3 41
1815 14 3 31
1446 14 3 23
2549 14 3 15
3735 14 3 3
2168 14 7 88
784 14 7 80
242 14 7 70
1817 14 7 60
2162 14 7 51
294 14 7 41
2890 14 7 30
2596 14 7 18
427 14 7 10
2050 14 8 88
112 14 8 80
26 14 8 70
885 14 8 60
2043 14 8 51
136 14 8 41
1321 14 8 30
1037 14 8 18
3132 14 8 9
1917 14 12 88
3412 14 12 79
3633 14 12 68
396 14 12 61
2396 14 12 53
1790 14 12 42
428 14 12 34
2657 14 12 23
2390 14 12 15
3498 14 12 3
1278 14 15 88
2599 14 15 79
381 14 15 68
148 14 15 61
1874 14 15 53
3268 14 15 41
3365 14 15 29
1551 14 15 14
2017 14 15 7
1137 14 17 88
653 14 17 79
3329 14 17 67
741 14 17 51
15 14 17 41
2816 14 17 29
3062 14 17 13
3216 14 17 2
1115 14 18 88
2020 14 18 78
2378 14 18 70
2209 14 18 59
3168 14 18 46
565 14 18 36
3311 14 18 25
2003 14 18 15
3373 14 18 3
1073 14 19 88
1072 14 19 78
1670 14 19 70
847 14 19 59
2174 14 19 46
3334 14 19 35
1421 14 19 26
3564 14 19 13
456 14 19 2
652 15 0 88
580 15 0 78
1562 15 0 70
640 15 0 59
1505 15 0 46
2742 15 0 35
1540 15 0 25
174 15 0 15
3335 15 0 3
184 15 1 88
229 15 1 78
2678 15 1 69
3238 15 1 56
2321 15 1 43
1531 15 1 34
2290 15 1 23
1383 15 1 15
2659 15 1 3
2671 15 3 87
2193 15 3 75
601 15 3 65
460 15 3 57
451 15 3 47
986 15 3 40
2255 15 3 29
1308 15 3 13
2515 15 3 1
2138 15 4 87
1690 15 4 74
587 15 4 61
2727 15 4 52
2874 15 4 44
2076 15 4 33
2865 15 4 25
727 15 4 13
1111 15 4 1
846 15 5 85
2757 15 5 79
3312 15 5 67
63 15 5 51
1477 15 5 40
1811 15 5 28
50 15 5 20
2588 15 5 3
375 15 9 85
2330 15 9 79
3076 15 9 67
722 15 9 49
234 15 9 41
778 15 9 28
2502 15 9 19
2350 15 9 11
2936 15 15 84
3664 15 15 73
1 15 15 66
989 15 15 57
2837 15 15 46
923 15 15 35
3385 15 15 23
775 15 15 15
3542 15 15 2
3545 16 7 83
1029 16 7 73
3676 16 7 65
369 16 7 57
1453 16 7 46
3172 16 7 34
1169 16 7 23
3021 16 7 14
1465 16 7 7
3121 16 8 83
496 16 8 73
3250 16 8 65
586 16 8 56
2956 16 8 42
1375 16 8 33
3704 16 8 24
3478 16 8 14
1026 16 8 7
1849 16 9 83
3246 16 9 72
3257 16 9 57
2611 16 9 45
143 16 9 26
1760 16 9 13
634 16 9 1
1070 16 11 83
735 16 11 72
3363 16 11 55
3690 16 11 47
2906 16 11 39
46 16 11 31
605 16 11 23
3368 16 11 13
95 16 11 1
1317 16 12 82
1437 16 12 72
2977 16 12 55
1344 16 12 46
1119 16 12 34
210 16 12 22
1139 16 12 13
2087 16 12 3
35 16 13 82
495 16 13 72
3550 16 13 54
1074 16 13 43
732 16 13 34
2924 16 13 21
3381 16 13 12
1085 16 13 3
3430 16 15 79
2809 16 15 67
1527 16 15 47
182 16 15 39
1156 16 15 29
2600 16 15 12
941 16 15 2
3316 16 16 78
2367 16 16 69
1054 16 16 55
1263 16 16 46
766 16 16 34
1258 16 16 21
3260 16 16 12
890 16 16 1
1781 16 17 73
2617 16 17 65
370 16 17 56
1266 16 17 42
1196 16 17 33
2353 16 17 24
687 16 17 14
1939 16 17 6
111 16 19 44
2448 16 19 32
127 16 19 23
1789 16 19 13
845 17 0 92
1671 17 0 82
3064 17 0 71
3207 17 0 55
2623 17 0 45
2376 17 0 22
733 17 0 13
356 17 2 92
1090 17 2 82
2083 17 2 69
1724 17 2 54
633 17 2 43
2277 17 2 33
2110 17 2 24
600 17 2 14
1389 17 2 6
954 17 4 91
3589 17 4 81
2015 17 4 69
3206 17 4 53
2562 17 4 41
572 17 4 28
518 17 4 19
2180 17 4 11
3693 17 5 90
2073 17 5 83
596 17 5 72
1506 17 5 54
624 17 5 43
2136 17 5 33
1796 17 5 24
3696 17 5 12
2945 17 8 90
1608 17 8 83
3314 17 8 70
3449 17 8 58
265 17 8 49
45 17 8 41
2400 17 8 27
52 17 8 17
2524 17 8 7
1835 17 9 90
1384 17 9 83
2875 17 9 70
472 17 9 58
209 17 9 49
3146 17 9 40
571 17 9 28
459 17 9 19
1625 17 9 11
1771 17 10 89
186 17 10 73
2546 17 10 65
959 17 10 55
2577 17 10 45
3226 17 10 21
2932 17 10 12
1675 17 11 88
3342 17 11 77
1440 17 11 69
1929 17 11 53
2311 17 11 41
1038 17 11 27
3265 17 11 16
3457 17 11 5
3237 17 12 86
99 17 12 78
1786 17 12 69
673 17 12 53
3736 17 12 40
2165 17 12 27
1252 17 12 16
1755 17 12 5
1057 17 13 86
30 17 13 78
3571 17 13 68
3197 17 13 60
1934 17 13 51
2241 17 13 39
239 17 13 29
2205 17 13 12
1642 17 15 85
1362 17 15 79
1605 17 15 67
2545 17 15 46
755 17 15 34
3055 17 15 19
945 17 15 11
1411 17 19 85
552 17 19 79
1099 17 19 67
865 17 19 40
1150 17 19 27
320 17 19 16
3661 17 19 4
826 18 0 85
80 18 0 79
157 18 0 66
3617 18 0 56
2547 18 0 40
1020 18 0 27
2725 18 0 15
197 18 0 2
3432 18 2 84
3102 18 2 73
2504 18 2 65
823 18 2 55
1875 18 2 45
1514 18 2 11
1041 19 0 84
2388 19 0 73
566 19 0 65
55 19 0 55
3729 19 0 44
3520 19 0 31
1908 19 0 22
3105 19 0 12
412 19 2 84
1598 19 2 73
147 19 2 65
2735 19 2 53
3581 19 2 39
3136 19 2 28
140 19 2 19
569 19 2 11
2358 19 4 83
266 19 4 70
2941 19 4 57
2332 19 4 44
2913 19 4 31
1654 19 4 22
2373 19 4 12
309 19 5 83
3069 19 5 69
2410 19 5 52
3543 19 5 43
1861 19 5 33
2828 19 5 23
2296 19 5 12
2855 19 6 82
1802 19 6 69
2275 19 6 51
1247 19 6 39
3695 19 6 26
702 19 6 13
2835 19 7 82
1764 19 7 69
74 19 7 51
3153 19 7 38
2507 19 7 28
2909 19 7 18
25 19 7 9
2093 19 8 82
1320 19 8 69
1022 19 8 50
2813 19 8 37
1703 19 8 26
2337 19 8 12
1959 19 9 82
2517 19 9 68
1301 19 9 60
1842 19 9 51
2153 19 9 38
802 19 9 28
1441 19 9 18
1886 19 9 8
534 19 10 82
1402 19 10 68
935 19 10 60
2493 19 10 50
2005 19 10 37
2654 19 10 25
474 19 10 13
2778 19 11 81
1787 19 11 69
1859 19 11 49
2246 19 11 40
44 19 11 27
1212 19 11 15
1245 19 11 1
2239 19 12 81
833 19 12 69
718 19 12 49
3233 19 12 39
2157 19 12 24
3080 19 12 12
3388 19 13 80
2421 19 13 69
966 19 13 48
3409 19 13 35
257 19 13 23
978 19 13 12
1556 19 14 79
79 19 14 66
2142 19 14 56
2953 19 14 39
1418 19 14 23
1685 19 14 11
1071 19 15 79
2884 19 15 65
3198 19 15 52
2139 19 15 43
1075 19 15 33
717 19 15 23
3117 19 15 10
1954 19 16 78
3380 19 16 68
10 19 16 60
1927 19 16 50
672 19 16 37
2004 19 16 25
903 19 16 12
2583 19 17 77
1391 19 17 69
1857 19 17 47
2989 19 17 38
3453 19 17 27
402 19 17 15
286 19 17 1
1036 19 18 77
3646 19 18 68
3423 19 18 59
2682 19 18 45
660 19 18 10
11 19 19 77
2018 19 19 68
2466 19 19 59
2107 19 19 44
2300 19 19 31
1271 19 19 22
2873 19 19 11
