2510
2532 0 0 99
1614 0 0 96
1465 0 0 94
3671 0 0 92
3388 0 0 89
4013 0 0 86
1563 0 0 83
2053 0 0 79
2743 0 0 76
3528 0 0 73
3706 0 0 69
1833 0 0 65
3400 0 0 62
737 0 0 59
3732 0 0 56
1823 0 0 53
1410 0 0 50
1060 0 0 47
3773 0 0 42
3679 0 0 39
3335 0 0 35
3222 0 0 33
1646 0 0 31
2350 0 0 28
4029 0 0 24
3665 0 0 20
3303 0 0 15
983 0 0 11
2588 0 0 7
1797 0 0 5
2899 0 0 2
3596 0 1 98
1747 0 1 95
3091 0 1 92
2286 0 1 89
1852 0 1 85
2573 0 1 80
1256 0 1 77
1259 0 1 74
3223 0 1 71
1493 0 1 67
3118 0 1 64
847 0 1 61
3434 0 1 58
1632 0 1 56
1439 0 1 52
3630 0 1 49
3839 0 1 46
1031 0 1 44
2107 0 1 42
3220 0 1 38
1727 0 1 35
584 0 1 33
1377 0 1 31
2700 0 1 25
2084 0 1 22
2368 0 1 18
3554 0 1 15
2881 0 1 10
3815 0 1 8
1298 0 1 5
2774 0 1 2
2811 0 2 98
814 0 2 95
2962 0 2 92
215 0 2 89
3020 0 2 84
292 0 2 81
1573 0 2 77
3274 0 2 73
1595 0 2 69
3667 0 2 64
2821 0 2 59
3497 0 2 56
1323 0 2 52
3065 0 2 49
3408 0 2 46
3213 0 2 42
2436 0 2 38
958 0 2 35
2758 0 2 32
3801 0 2 29
1073 0 2 27
3850 0 2 23
3606 0 2 19
2852 0 2 15
1404 0 2 9
3244 0 2 6
2665 0 2 4
512 0 2 1
903 0 3 98
3867 0 3 94
3324 0 3 92
1206 0 3 88
1572 0 3 85
2256 0 3 80
2458 0 3 76
2481 0 3 73
1413 0 3 69
858 0 3 64
2639 0 3 59
2452 0 3 55
1750 0 3 52
1511 0 3 49
2333 0 3 46
2841 0 3 42
274 0 3 38
3504 0 3 34
845 0 3 31
2468 0 3 25
232 0 3 22
1312 0 3 18
2855 0 3 15
1093 0 3 9
2312 0 3 6
1705 0 3 1
4011 0 4 97
3821 0 4 94
3097 0 4 92
523 0 4 88
1749 0 4 84
3742 0 4 80
1309 0 4 76
2271 0 4 72
3619 0 4 69
3685 0 4 63
2453 0 4 58
802 0 4 55
3877 0 4 51
14 0 4 48
3817 0 4 45
3047 0 4 42
755 0 4 37
3346 0 4 34
2651 0 4 30
2422 0 4 28
997 0 4 24
2817 0 4 20
2479 0 4 15
3531 0 4 8
3195 0 4 4
437 0 4 1
3051 0 5 96
3368 0 5 91
3806 0 5 88
2417 0 5 83
2178 0 5 78
3909 0 5 75
1039 0 5 71
1100 0 5 67
4056 0 5 63
2428 0 5 58
3920 0 5 54
3126 0 5 51
3101 0 5 47
3242 0 5 42
239 0 5 37
2851 0 5 32
1694 0 5 29
390 0 5 27
3077 0 5 22
634 0 5 18
3609 0 5 14
1430 0 5 11
3538 0 5 6
2772 0 5 1
2879 0 6 96
2419 0 6 91
3717 0 6 88
2037 0 6 83
2044 0 6 77
2356 0 6 73
62 0 6 69
3683 0 6 63
1560 0 6 57
2569 0 6 55
3476 0 6 51
2190 0 6 47
3105 0 6 42
1936 0 6 36
2359 0 6 33
3750 0 6 30
3214 0 6 27
2211 0 6 22
3686 0 6 17
3045 0 6 14
1088 0 6 11
1568 0 6 6
1365 0 6 1
2401 0 7 95
2307 0 7 92
2923 0 7 87
156 0 7 84
1984 0 7 80
3725 0 7 75
2318 0 7 70
2173 0 7 67
3178 0 7 63
1475 0 7 57
1892 0 7 54
2801 0 7 50
3678 0 7 46
2709 0 7 42
1425 0 7 36
1517 0 7 32
3264 0 7 28
3302 0 7 23
2367 0 7 19
3695 0 7 14
2679 0 7 10
3273 0 7 8
759 0 7 4
1761 0 8 95
1516 0 8 92
2167 0 8 87
1860 0 8 83
893 0 8 77
2082 0 8 73
4021 0 8 68
3649 0 8 65
3021 0 8 62
1447 0 8 58
3745 0 8 54
1958 0 8 50
2890 0 8 46
1759 0 8 42
1012 0 8 36
3934 0 8 31
1742 0 8 25
3784 0 8 21
1661 0 8 18
3217 0 8 14
2344 0 8 10
2063 0 8 6
275 0 9 95
3694 0 9 91
607 0 9 88
894 0 9 83
1982 0 9 76
1194 0 9 72
2057 0 9 68
2216 0 9 65
1649 0 9 62
190 0 9 58
3139 0 9 54
3559 0 9 49
1272 0 9 45
2921 0 9 42
2102 0 9 35
3974 0 9 31
1363 0 9 25
1858 0 9 21
2907 0 9 17
3640 0 9 13
3024 0 9 11
51 0 9 6
648 0 10 94
669 0 10 91
1303 0 10 87
2619 0 10 82
2755 0 10 78
2464 0 10 75
1390 0 10 70
1950 0 10 67
450 0 10 63
1214 0 10 57
290 0 10 54
783 0 10 49
1163 0 10 45
1524 0 10 41
4051 0 10 37
821 0 10 32
3038 0 10 27
1968 0 10 22
1056 0 10 17
3299 0 10 13
1942 0 10 10
1700 0 10 6
435 0 11 93
3511 0 11 90
2957 0 11 88
3062 0 11 82
1794 0 11 78
1364 0 11 75
2991 0 11 69
2803 0 11 63
430 0 11 57
3889 0 11 53
849 0 11 50
420 0 11 46
235 0 11 42
3964 0 11 34
423 0 11 30
1754 0 11 27
1011 0 11 22
3782 0 11 16
3516 0 11 14
352 0 11 9
934 0 11 6
3783 0 12 92
1912 0 12 87
647 0 12 82
308 0 12 78
779 0 12 75
2848 0 12 69
79 0 12 63
2134 0 12 56
3930 0 12 51
1621 0 12 47
1218 0 12 42
2870 0 12 34
56 0 12 30
2244 0 12 26
3520 0 12 22
3130 0 12 16
3186 0 12 13
3680 0 12 9
2845 0 12 4
3718 0 13 92
1496 0 13 87
1676 0 13 81
1542 0 13 77
763 0 13 73
2926 0 13 68
879 0 13 65
135 0 13 62
1204 0 13 57
2972 0 13 53
3360 0 13 48
1008 0 13 45
4059 0 13 40
2847 0 13 38
348 0 13 34
615 0 13 29
3169 0 13 26
2724 0 13 22
1876 0 13 16
2760 0 13 12
959 0 13 9
768 0 13 4
3068 0 14 92
3240 0 14 86
3684 0 14 82
2486 0 14 77
548 0 14 73
576 0 14 68
1282 0 14 64
2001 0 14 59
218 0 14 55
2597 0 14 51
2918 0 14 46
4014 0 14 41
3573 0 14 36
3377 0 14 31
3653 0 14 24
1696 0 14 20
1399 0 14 15
2621 0 14 8
481 0 14 4
280 0 15 92
2398 0 15 86
943 0 15 82
2420 0 15 77
387 0 15 73
542 0 15 68
506 0 15 64
1104 0 15 59
3798 0 15 54
2567 0 15 48
3031 0 15 44
3758 0 15 41
3505 0 15 36
2822 0 15 31
3460 0 15 24
152 0 15 20
1043 0 15 15
2320 0 15 8
210 0 15 4
233 0 16 92
1741 0 16 86
924 0 16 82
2262 0 16 77
3862 0 16 72
1937 0 16 68
3198 0 16 63
1198 0 16 56
2091 0 16 51
1960 0 16 46
3384 0 16 41
3121 0 16 36
1855 0 16 31
3341 0 16 24
1423 0 16 19
1817 0 16 14
3585 0 16 8
650 0 16 3
150 0 17 92
1196 0 17 86
276 0 17 82
1000 0 17 77
2943 0 17 72
1769 0 17 68
2865 0 17 63
1188 0 17 56
1579 0 17 51
3092 0 17 45
3444 0 17 40
1911 0 17 36
781 0 17 31
1130 0 17 24
242 0 17 19
240 0 17 14
2828 0 17 8
246 0 17 3
1084 0 18 91
1159 0 18 87
449 0 18 81
3878 0 18 76
2658 0 18 71
3651 0 18 66
121 0 18 64
3332 0 18 58
2783 0 18 54
2325 0 18 48
2531 0 18 44
3174 0 18 41
1355 0 18 36
172 0 18 31
321 0 18 24
3397 0 18 18
2566 0 18 13
2542 0 18 9
478 0 18 4
1427 0 19 90
2049 0 19 87
1116 0 19 80
3668 0 19 75
2365 0 19 69
1092 0 19 62
2100 0 19 56
3797 0 19 50
3791 0 19 45
1373 0 19 39
1935 0 19 34
1994 0 19 28
1325 0 19 23
3697 0 19 18
602 0 19 13
475 0 19 9
443 0 19 4
1267 2 1 90
3164 2 1 86
138 2 1 82
127 2 1 77
1953 2 1 72
1343 2 1 68
2409 2 1 63
3180 2 1 55
442 2 1 51
2384 2 1 45
513 2 1 39
1899 2 1 34
1807 2 1 28
189 2 1 23
1222 2 1 18
3690 2 1 12
551 2 1 9
322 2 1 4
3089 2 3 89
3954 2 3 83
48 2 3 76
1790 2 3 70
3206 2 3 66
2944 2 3 63
3057 2 3 55
2824 2 3 50
2781 2 3 45
2891 2 3 38
2875 2 3 33
2418 2 3 29
3237 2 3 25
1017 2 3 21
1938 2 3 17
631 2 3 13
2979 2 3 8
3759 2 3 2
3411 2 7 88
1071 2 7 82
1376 2 7 76
1463 2 7 70
3143 2 7 66
2142 2 7 63
2050 2 7 55
2787 2 7 50
3451 2 7 44
2427 2 7 41
303 2 7 36
3721 2 7 30
670 2 7 26
2445 2 7 22
1050 2 7 16
1121 2 7 12
2695 2 7 8
3138 2 7 2
296 2 9 88
1069 2 9 82
998 2 9 76
3565 2 9 69
620 2 9 62
846 2 9 56
2778 2 9 50
2704 2 9 44
3216 2 9 40
3982 2 9 35
1287 2 9 31
3334 2 9 23
1177 2 9 18
3429 2 9 12
3896 2 9 7
3577 2 9 4
3859 2 11 86
2655 2 11 81
3363 2 11 75
2513 2 11 68
2463 2 11 62
3641 2 11 55
1941 2 11 50
629 2 11 44
945 2 11 40
1723 2 11 35
3225 2 11 30
1684 2 11 25
3937 2 11 19
3289 2 11 13
2650 2 11 8
2316 2 11 2
2112 2 14 86
933 2 14 81
1479 2 14 75
1037 2 14 68
2189 2 14 62
3318 2 14 55
1289 2 14 50
3734 2 14 43
518 2 14 40
73 2 14 35
1426 2 14 30
873 2 14 25
2696 2 14 19
2766 2 14 12
3402 2 14 7
1178 2 14 4
461 2 15 85
300 2 15 80
3061 2 15 75
2 2 15 67
4057 2 15 62
2677 2 15 55
3304 2 15 49
2953 2 15 43
455 2 15 40
689 2 15 34
32 2 15 28
3241 2 15 22
883 2 15 16
119 2 15 12
2663 2 15 7
1136 2 15 4
2927 2 16 84
2786 2 16 79
1004 2 16 74
712 2 16 71
1714 2 16 66
1508 2 16 63
3849 2 16 54
1052 2 16 48
545 2 16 44
3155 2 16 39
1537 2 16 34
2483 2 16 27
572 2 16 22
3546 2 16 15
2073 2 16 8
1371 2 16 2
2565 2 17 84
1869 2 17 79
2218 2 17 73
27 2 17 68
3568 2 17 61
666 2 17 57
3778 2 17 52
45 2 17 48
2200 2 17 43
3584 2 17 39
1273 2 17 34
1313 2 17 27
266 2 17 22
1144 2 17 15
729 2 17 8
884 2 17 2
1103 2 18 84
1079 2 18 79
752 2 18 73
2930 2 18 67
2385 2 18 62
2459 2 18 55
2970 2 18 49
1637 2 18 43
3283 2 18 39
2238 2 18 33
2007 2 18 29
1965 2 18 24
3211 2 18 18
3106 2 18 12
2563 2 18 7
606 2 18 4
1481 2 19 81
31 2 19 75
2530 2 19 66
3617 2 19 62
1822 2 19 55
1775 2 19 47
3345 2 19 41
2793 2 19 35
859 2 19 30
2391 2 19 24
3103 2 19 18
2932 2 19 12
738 2 19 7
4052 2 19 3
748 3 1 81
1845 3 1 74
2270 3 1 69
258 3 1 62
560 3 1 55
1153 3 1 47
976 3 1 41
1405 3 1 35
445 3 1 30
2254 3 1 24
517 3 1 18
2540 3 1 12
2919 3 1 6
807 3 3 80
2706 3 3 75
2046 3 3 66
1638 3 3 62
361 3 3 55
391 3 3 46
3340 3 3 41
1145 3 3 35
2249 3 3 29
3881 3 3 23
3286 3 3 17
1736 3 3 12
1346 3 3 6
809 3 4 78
399 3 4 75
705 3 4 66
146 3 4 62
163 3 4 55
117 3 4 46
2711 3 4 41
80 3 4 35
3936 3 4 28
2877 3 4 22
477 3 4 15
4064 3 4 7
2129 3 4 3
3356 3 5 77
1123 3 5 72
892 3 5 68
3013 3 5 61
3262 3 5 56
2775 3 5 50
3336 3 5 43
1525 3 5 39
1665 3 5 33
3714 3 5 28
1839 3 5 22
3848 3 5 14
1424 3 5 8
3461 3 5 1
1629 3 6 77
743 3 6 72
3212 3 6 67
2034 3 6 62
3379 3 6 54
255 3 6 47
4046 3 6 40
3509 3 6 33
2593 3 6 28
1044 3 6 22
3748 3 6 14
1221 3 6 8
2982 3 6 1
566 3 7 77
1393 3 7 71
2299 3 7 64
1724 3 7 58
977 3 7 54
2571 3 7 46
2089 3 7 41
3856 3 7 34
1570 3 7 26
1760 3 7 22
1791 3 7 14
757 3 7 8
2773 3 7 1
2438 3 9 76
788 3 9 69
3688 3 9 61
2950 3 9 56
2586 3 9 50
2354 3 9 43
1847 3 9 38
896 3 9 33
1748 3 9 28
3980 3 9 21
185 3 9 17
1600 3 9 12
9 3 9 6
3499 3 11 75
377 3 11 66
1868 3 11 61
1205 3 11 56
2512 3 11 50
1985 3 11 43
407 3 11 38
44 3 11 33
1149 3 11 28
3810 3 11 21
3738 3 11 15
2800 3 11 7
988 3 11 3
2498 3 14 72
1810 3 14 67
3533 3 14 61
974 3 14 56
2664 3 14 49
4042 3 14 42
2657 3 14 34
587 3 14 26
3170 3 14 20
3236 3 14 14
665 3 14 8
828 3 14 1
1685 3 15 71
1476 3 15 64
1514 3 15 58
459 3 15 54
2226 3 15 46
1712 3 15 41
2114 3 15 34
3409 3 15 25
2331 3 15 18
2272 3 15 12
3154 3 15 5
790 3 16 70
3953 3 16 65
823 3 16 61
578 3 16 56
2302 3 16 49
2394 3 16 42
2549 3 16 34
3271 3 16 25
1932 3 16 18
1909 3 16 12
2222 3 16 5
2925 3 17 69
2856 3 17 61
961 3 17 55
3375 3 17 45
2501 3 17 38
1875 3 17 32
1406 3 17 27
357 3 17 21
3037 3 17 15
2545 3 17 7
496 3 17 3
4003 3 18 68
2723 3 18 61
365 3 18 55
2728 3 18 45
2349 3 18 38
816 3 18 32
3866 3 18 26
2507 3 18 20
3165 3 18 14
4012 3 18 7
3712 3 18 2
1605 3 19 63
3490 3 19 54
1231 3 19 46
1503 3 19 41
1993 3 19 34
1518 3 19 25
2884 3 19 17
3422 3 19 11
3891 3 19 5
1478 4 1 37
424 4 1 32
3740 4 1 26
1372 4 1 20
2078 4 1 14
3652 4 1 7
1249 4 1 2
3358 4 3 97
2503 4 3 94
3343 4 3 90
1843 4 3 86
639 4 3 81
1265 4 3 74
1238 4 3 69
2546 4 3 61
87 4 3 55
1482 4 3 45
111 4 3 38
7 4 3 32
938 4 3 26
136 4 3 20
18 4 3 14
332 4 3 7
1235 4 3 2
1337 4 4 96
4030 4 4 90
1745 4 4 85
202 4 4 80
579 4 4 75
3704 4 4 65
2662 4 4 60
482 4 4 58
2785 4 4 53
1539 4 4 48
1202 4 4 43
3699 4 4 37
3019 4 4 31
3275 4 4 23
3245 4 4 17
2751 4 4 11
3472 4 4 5
2478 4 5 95
3331 4 5 91
693 4 5 87
241 4 5 80
3774 4 5 74
12 4 5 69
2517 4 5 61
3626 4 5 54
203 4 5 46
1329 4 5 41
1634 4 5 34
1181 4 5 25
2437 4 5 17
1200 4 5 11
2656 4 5 5
907 4 6 95
2906 4 6 91
596 4 6 87
3876 4 6 79
105 4 6 73
2251 4 6 67
3513 4 6 61
1859 4 6 54
3843 4 6 45
2931 4 6 37
2966 4 6 31
1662 4 6 23
3017 4 6 17
957 4 6 11
2236 4 6 5
869 4 7 94
897 4 7 90
4004 4 7 84
3542 4 7 78
3066 4 7 74
4022 4 7 68
2678 4 7 61
1456 4 7 54
2645 4 7 45
2816 4 7 37
2283 4 7 31
1195 4 7 23
1115 4 7 17
613 4 7 11
1429 4 7 5
3525 4 9 93
1884 4 9 89
2945 4 9 83
630 4 9 75
3376 4 9 65
1332 4 9 60
3539 4 9 56
1856 4 9 49
1943 4 9 41
3428 4 9 33
192 4 9 28
1080 4 9 21
591 4 9 15
2182 4 9 7
2109 4 9 1
3095 4 11 93
864 4 11 89
2794 4 11 83
3256 4 11 74
2016 4 11 68
2560 4 11 61
3581 4 11 53
1861 4 11 47
791 4 11 40
1182 4 11 32
160 4 11 26
3871 4 11 19
2448 4 11 12
1983 4 11 5
1171 4 14 93
3007 4 14 88
4048 4 14 81
187 4 14 74
956 4 14 68
2184 4 14 61
2949 4 14 53
1454 4 14 47
3015 4 14 39
3276 4 14 32
3633 4 14 25
2098 4 14 17
581 4 14 11
1227 4 14 5
619 5 1 93
3000 5 1 88
3659 5 1 81
3232 5 1 73
1652 5 1 67
1247 5 1 61
2041 5 1 53
1284 5 1 47
2898 5 1 39
827 5 1 32
3189 5 1 25
771 5 1 17
144 5 1 11
1015 5 1 5
3526 5 9 91
516 5 9 87
2535 5 9 79
3857 5 9 72
1431 5 9 67
1109 5 9 61
1053 5 9 53
204 5 9 47
2690 5 9 39
3763 5 9 31
412 5 9 23
11 5 9 17
1175 5 9 10
940 5 9 5
3159 5 11 91
1805 5 11 86
3904 5 11 80
367 5 11 73
209 5 11 67
2720 5 11 60
180 5 11 56
120 5 11 49
1505 5 11 41
3314 5 11 33
796 5 11 27
2989 5 11 20
3468 5 11 13
2259 5 11 8
2806 5 14 91
1058 5 14 86
2613 5 14 80
2721 5 14 72
2649 5 14 66
89 5 14 61
472 5 14 53
2874 5 14 46
906 5 14 41
811 5 14 33
3309 5 14 26
3940 5 14 18
1283 5 14 12
839 5 14 5
2552 5 16 91
3613 5 16 85
3272 5 16 79
3838 5 16 72
2634 5 16 66
1395 5 16 60
3755 5 16 55
3575 5 16 44
1851 5 16 39
2508 5 16 31
234 5 16 23
3042 5 16 16
2627 5 16 11
3357 5 16 4
519 5 17 91
3508 5 17 85
2519 5 17 79
3040 5 17 72
2028 5 17 66
863 5 17 60
1928 5 17 55
3442 5 17 44
147 5 17 39
2145 5 17 31
3840 5 17 22
1280 5 17 14
3935 5 17 6
3892 5 18 90
3991 5 18 83
2815 5 18 74
691 5 18 68
1500 5 18 61
3842 5 18 52
3238 5 18 47
2410 5 18 39
1786 5 18 31
2397 5 18 22
913 5 18 14
2988 5 18 6
1975 5 19 90
2978 5 19 83
2784 5 19 74
409 5 19 68
1336 5 19 61
3775 5 19 52
427 5 19 47
1957 5 19 39
468 5 19 31
1667 5 19 22
3681 5 19 13
410 5 19 8
1743 6 1 90
1359 6 1 83
3540 6 1 73
4038 6 1 66
820 6 1 60
3628 6 1 54
2103 6 1 45
699 6 1 37
381 6 1 31
2288 6 1 21
126 6 1 15
3921 6 1 5
2791 6 2 89
2257 6 2 83
2245 6 2 73
3946 6 2 66
3277 6 2 59
2872 6 2 54
2101 6 2 45
4009 6 2 36
3571 6 2 30
1140 6 2 24
207 6 2 18
3637 6 2 11
2668 6 2 4
3785 6 3 88
114 6 3 81
220 6 3 73
3632 6 3 66
1798 6 3 59
2799 6 3 54
1580 6 3 45
3365 6 3 36
1672 6 3 30
601 6 3 24
82 6 3 18
3187 6 3 11
2128 6 3 4
3598 6 4 88
3969 6 4 80
2859 6 4 71
4027 6 4 63
1819 6 4 54
4069 6 4 44
3033 6 4 38
3794 6 4 31
3385 6 4 20
2381 6 4 13
3985 6 4 7
2206 6 5 88
3771 6 5 80
1626 6 5 71
3486 6 5 63
1690 6 5 54
3104 6 5 44
2061 6 5 38
3085 6 5 31
2998 6 5 20
1927 6 5 13
3970 6 5 7
1330 6 6 88
2820 6 6 80
1248 6 6 71
2253 6 6 63
1565 6 6 54
2027 6 6 44
2055 6 6 38
2691 6 6 31
1955 6 6 20
1702 6 6 13
1421 6 6 7
664 6 7 87
2338 6 7 79
2197 6 7 72
3981 6 7 64
1276 6 7 58
995 6 7 53
1618 6 7 46
3306 6 7 40
986 6 7 32
1529 6 7 25
714 6 7 17
3960 6 7 8
4025 6 9 84
2543 6 9 78
2386 6 9 74
3188 6 9 67
3844 6 9 59
844 6 9 54
1848 6 9 44
871 6 9 38
2148 6 9 31
1603 6 9 20
1386 6 9 13
626 6 9 7
2002 6 10 83
2187 6 10 73
3558 6 10 66
535 6 10 59
3958 6 10 53
236 6 10 46
2390 6 10 40
2377 6 10 31
1593 6 10 20
3200 6 10 12
660 6 10 5
1040 6 11 83
1837 6 11 73
3465 6 11 66
3882 6 11 58
588 6 11 53
2942 6 11 45
1233 6 11 36
1401 6 11 30
432 6 11 24
2177 6 11 17
3646 6 11 8
3436 7 1 82
3350 7 1 75
3293 7 1 65
188 7 1 60
2275 7 1 54
1674 7 1 44
754 7 1 38
1281 7 1 31
770 7 1 20
2831 7 1 12
429 7 1 5
702 7 2 81
3994 7 2 72
3597 7 2 64
3253 7 2 57
2547 7 2 52
70 7 2 47
1924 7 2 39
170 7 2 31
167 7 2 20
2345 7 2 12
3623 7 2 4
1448 7 3 79
1199 7 3 72
3182 7 3 64
2564 7 3 57
4061 7 3 51
287 7 3 45
1164 7 3 36
1230 7 3 30
3487 7 3 23
2888 7 3 16
3076 7 3 9
2477 7 3 3
3522 7 4 78
263 7 4 74
2188 7 4 67
3789 7 4 59
1904 7 4 52
3931 7 4 46
2295 7 4 40
1277 7 4 31
2457 7 4 19
2378 7 4 12
3016 7 4 4
2019 7 5 75
3071 7 5 65
2780 7 5 59
1344 7 5 52
3310 7 5 46
323 7 5 40
704 7 5 31
2164 7 5 19
2294 7 5 12
211 7 5 4
2174 7 6 72
1310 7 6 64
2487 7 6 57
2056 7 6 51
2330 7 6 44
747 7 6 38
868 7 6 31
1722 7 6 19
2293 7 6 12
2862 7 6 3
592 7 7 71
3257 7 7 62
1269 7 7 54
324 7 7 44
3266 7 7 37
3295 7 7 30
1470 7 7 23
2400 7 7 16
422 7 7 8
3670 7 9 68
710 7 9 61
2590 7 9 52
2369 7 9 46
2961 7 9 39
3825 7 9 30
3746 7 9 22
2580 7 9 13
3102 7 9 6
1070 7 10 67
3768 7 10 59
49 7 10 52
2215 7 10 46
3456 7 10 38
444 7 10 31
985 7 10 19
2217 7 10 11
530 7 10 4
3924 7 11 94
316 7 11 90
717 7 11 83
851 7 11 73
2328 7 11 66
1879 7 11 58
2960 7 11 52
2095 7 11 46
3231 7 11 38
3956 7 11 30
3716 7 11 22
1962 7 11 13
2823 7 11 6
2229 7 12 94
3761 7 12 89
1110 7 12 83
3967 7 12 72
1041 7 12 64
1321 7 12 57
745 7 12 51
311 7 12 44
2399 7 12 37
1189 7 12 30
1862 7 12 22
201 7 12 13
1340 7 12 6
3281 7 14 93
46 7 14 88
2648 7 14 80
3973 7 14 70
3110 7 14 65
2065 7 14 59
1686 7 14 51
3669 7 14 43
2296 7 14 37
891 7 14 30
1846 7 14 22
3133 7 14 12
2595 7 14 3
2839 7 16 93
836 7 16 87
1815 7 16 79
1179 7 16 72
1512 7 16 63
3441 7 16 53
2698 7 16 45
2922 7 16 35
3607 7 16 28
392 7 16 21
2054 7 16 14
772 7 16 6
2674 7 18 93
393 7 18 87
703 7 18 79
1081 7 18 72
1183 7 18 63
3008 7 18 53
2518 7 18 45
544 7 18 35
3190 7 18 28
3701 7 18 20
2334 7 18 12
558 7 18 3
815 8 12 93
331 8 12 87
261 8 12 79
2085 8 12 71
2441 8 12 62
624 8 12 54
1980 8 12 43
1831 8 12 37
3879 8 12 29
3127 8 12 23
2911 8 12 15
3656 8 12 5
509 8 14 93
3766 8 14 86
2269 8 14 80
2489 8 14 70
1232 8 14 65
2833 8 14 58
2853 8 14 52
102 8 14 45
2161 8 14 33
2144 8 14 26
3067 8 14 18
2935 8 14 11
2060 8 14 3
3719 8 16 92
474 8 16 86
952 8 16 80
91 8 16 70
3124 8 16 64
1237 8 16 57
3248 8 16 50
1308 8 16 43
767 8 16 37
2303 8 16 29
2609 8 16 23
1316 8 16 15
2954 8 16 5
2035 8 18 92
3986 8 18 85
2421 8 18 79
3171 8 18 70
2347 8 18 64
281 8 18 57
3035 8 18 50
3819 8 18 42
1808 8 18 34
857 8 18 25
680 8 18 17
2151 8 18 8
1022 9 0 92
2614 9 0 85
1150 9 0 79
2212 9 0 70
50 9 0 64
3787 9 0 56
585 9 0 48
773 9 0 43
2426 9 0 36
1215 9 0 30
1717 9 0 22
2752 9 0 12
463 9 0 3
3928 9 1 91
557 9 1 85
784 9 1 79
3307 9 1 69
2491 9 1 61
2219 9 1 52
3941 9 1 44
2383 9 1 37
1900 9 1 29
1025 9 1 23
1304 9 1 15
2118 9 1 5
3064 9 2 91
4010 9 2 84
1778 9 2 78
4037 9 2 73
1520 9 2 66
524 9 2 58
2562 9 2 52
3503 9 2 43
2220 9 2 35
899 9 2 28
1933 9 2 20
2310 9 2 12
2336 9 2 2
1765 9 3 91
3496 9 3 84
1670 9 3 78
3813 9 3 73
1347 9 3 66
3197 9 3 57
2059 9 3 50
2808 9 3 42
3890 9 3 33
1800 9 3 26
555 9 3 18
3860 9 3 10
3194 9 3 4
1540 9 4 91
965 9 4 84
55 9 4 78
3634 9 4 73
1999 9 4 65
262 9 4 58
2136 9 4 52
1158 9 4 43
1922 9 4 35
2077 9 4 27
3179 9 4 19
1594 9 4 11
1891 9 4 3
76 9 5 91
662 9 5 84
3426 9 5 77
1374 9 5 70
1172 9 5 63
2227 9 5 53
3433 9 5 44
186 9 5 37
1883 9 5 29
3481 9 5 22
2155 9 5 12
1369 9 5 2
3323 9 6 90
3488 9 6 82
1711 9 6 75
2195 9 6 65
2506 9 6 57
1708 9 6 50
718 9 6 42
2708 9 6 33
3893 9 6 25
568 9 6 17
1173 9 6 8
3172 9 7 90
3480 9 7 82
2343 9 7 74
2030 9 7 66
1729 9 7 57
3822 9 7 49
724 9 7 41
1484 9 7 31
3760 9 7 18
2133 9 7 10
1656 9 7 4
598 9 8 90
3204 9 8 82
326 9 8 74
1388 9 8 66
1226 9 8 57
2395 9 8 49
3654 9 8 40
291 9 8 31
3517 9 8 18
1499 9 8 10
3168 9 8 3
289 9 9 90
2362 9 9 82
2896 9 9 73
1392 9 9 65
2415 9 9 57
1387 9 9 49
3549 9 9 40
1895 9 9 30
1535 9 9 22
1317 9 9 12
1255 9 9 2
3470 9 10 89
3674 9 10 82
2646 9 10 73
1089 9 10 65
2086 9 10 57
1288 9 10 49
3135 9 10 40
1462 9 10 28
1832 9 10 20
1709 9 10 12
3868 9 10 1
3998 9 11 88
1640 9 11 80
2289 9 11 69
103 9 11 61
1437 9 11 52
3816 9 11 42
3378 9 11 32
415 9 11 25
3672 9 11 16
139 9 11 8
3726 9 12 88
909 9 12 80
1659 9 12 69
3676 9 12 60
3927 9 12 53
3344 9 12 44
2010 9 12 36
2717 9 12 29
1917 9 12 22
1197 9 12 12
3786 9 12 1
2955 9 14 88
2431 9 14 79
2842 9 14 69
3228 9 14 60
3908 9 14 53
4050 9 14 43
922 9 14 35
3364 9 14 26
374 9 14 18
142 9 14 10
686 9 14 3
2928 9 16 88
3025 9 16 78
3510 9 16 73
2620 9 16 64
2525 9 16 56
59 9 16 48
3675 9 16 42
2727 9 16 32
3052 9 16 24
1913 9 16 17
1001 9 16 8
2444 9 18 87
3638 9 18 78
2632 9 18 73
1704 9 18 64
3805 9 18 55
2120 9 18 43
3610 9 18 33
3430 9 18 25
3590 9 18 16
1180 9 18 6
1740 10 0 87
3515 10 0 78
1647 10 0 73
674 10 0 63
2108 10 0 53
2484 10 0 43
2937 10 0 33
2067 10 0 25
1472 10 0 16
1006 10 0 6
1007 10 1 87
3457 10 1 77
157 10 1 70
2604 10 1 62
3435 10 1 53
580 10 1 43
690 10 1 33
979 10 1 25
617 10 1 16
715 10 1 6
2869 10 2 86
4047 10 2 78
3907 10 2 72
625 10 2 63
1639 10 2 53
329 10 2 43
298 10 2 33
334 10 2 25
418 10 2 16
238 10 2 6
1375 10 3 86
1124 10 3 78
612 10 3 72
3301 10 3 62
3925 10 3 52
1930 10 3 42
2209 10 3 32
4020 10 3 23
3861 10 3 14
2737 10 3 4
1085 10 4 86
224 10 4 78
104 10 4 72
1865 10 4 62
3482 10 4 52
1882 10 4 42
1766 10 4 32
3911 10 4 23
2713 10 4 14
1680 10 4 4
1048 10 5 86
4073 10 5 77
3906 10 5 69
3078 10 5 60
3661 10 5 53
467 10 5 42
1546 10 5 32
2997 10 5 23
2305 10 5 14
793 10 5 4
284 10 6 86
2221 10 6 77
3631 10 6 69
2473 10 6 60
3972 10 6 52
1776 10 6 42
1299 10 6 31
3414 10 6 17
923 10 6 8
169 10 7 86
405 10 7 77
1108 10 7 69
1940 10 7 60
2600 10 7 52
3692 10 7 41
1137 10 7 31
2667 10 7 17
438 10 7 8
3032 10 8 85
3979 10 8 78
3888 10 8 71
1697 10 8 62
2625 10 8 52
3431 10 8 41
328 10 8 31
1192 10 8 17
3352 10 8 7
2265 10 9 85
3090 10 9 78
196 10 9 71
941 10 9 62
2163 10 9 52
2450 10 9 41
2572 10 9 30
939 10 9 22
216 10 9 12
3689 10 9 1
406 10 10 85
1666 10 10 78
4001 10 10 70
2335 10 10 62
1881 10 10 52
1434 10 10 41
1494 10 10 30
175 10 10 22
2008 10 10 11
1718 10 10 3
372 10 11 85
989 10 11 78
3883 10 11 69
1746 10 11 60
2024 10 11 52
881 10 11 41
199 10 11 30
3048 10 11 21
1655 10 11 14
3545 10 11 3
8 10 12 83
3535 10 12 72
1548 10 12 62
1795 10 12 52
708 10 12 41
3183 10 12 29
1057 10 12 22
2790 10 12 10
15 10 12 3
2939 10 14 82
2633 10 14 73
37 10 14 63
1612 10 14 53
394 10 14 42
426 10 14 31
597 10 14 17
2984 10 14 7
2408 10 16 82
2105 10 16 73
2826 10 16 62
222 10 16 52
978 10 16 40
3901 10 16 27
2447 10 16 19
1074 10 16 10
3550 10 16 2
2971 10 18 79
2738 10 18 69
3647 10 18 59
403 10 18 51
929 10 18 43
251 10 18 33
4058 10 18 24
3574 10 18 16
3939 10 18 5
2017 11 13 79
2043 11 13 69
2714 11 13 59
3392 11 13 49
539 11 13 40
2739 11 13 27
2442 11 13 19
721 11 13 10
2669 11 13 2
2938 11 14 74
3284 11 14 65
785 11 14 57
774 11 14 49
3141 11 14 39
3754 11 14 30
2308 11 14 21
389 11 14 14
1893 11 14 3
2561 11 16 74
3129 11 16 65
301 11 16 57
1829 11 16 48
550 11 16 42
2285 11 16 30
1420 11 16 21
3235 11 16 13
3880 11 16 5
2106 11 18 73
2675 11 18 62
125 11 18 52
395 11 18 40
248 11 18 27
2392 11 18 19
3809 11 18 9
3566 11 18 2
1602 12 0 73
288 12 0 61
628 12 0 52
376 12 0 40
3900 12 0 26
221 12 0 18
86 12 0 10
2003 12 0 2
2346 12 1 68
4039 12 1 59
2810 12 1 49
2435 12 1 39
2045 12 1 30
3818 12 1 20
3711 12 1 11
3389 12 1 2
3739 12 2 94
1755 12 2 89
1971 12 2 82
2075 12 2 73
141 12 2 61
358 12 2 52
3176 12 2 37
2809 12 2 28
470 12 2 20
3691 12 2 11
3034 12 2 2
3146 12 3 94
448 12 3 89
1360 12 3 82
1919 12 3 73
25 12 3 61
2986 12 3 51
830 12 3 43
2411 12 3 31
1873 12 3 16
3484 12 3 4
915 12 4 94
81 12 4 89
1184 12 4 82
1758 12 4 73
2594 12 4 60
492 12 4 52
2968 12 4 37
838 12 4 28
21 12 4 20
3184 12 4 11
3002 12 4 2
398 12 5 94
2104 12 5 88
1319 12 5 78
3420 12 5 69
1384 12 5 59
223 12 5 49
1154 12 5 39
1521 12 5 30
3749 12 5 20
1818 12 5 11
2635 12 5 2
3814 12 6 93
1293 12 6 86
3210 12 6 76
122 12 6 69
1368 12 6 59
3073 12 6 48
159 12 6 42
541 12 6 29
184 12 6 22
2504 12 6 10
1584 12 6 2
3474 12 7 93
1271 12 7 86
1813 12 7 76
3439 12 7 68
3373 12 7 59
3677 12 7 47
1543 12 7 39
306 12 7 30
3285 12 7 20
1532 12 7 11
2733 12 7 1
1326 12 8 93
878 12 8 86
1587 12 8 76
1783 12 8 68
2433 12 8 59
1970 12 8 47
1102 12 8 39
3258 12 8 29
1112 12 8 21
1866 12 8 13
2697 12 8 5
711 12 9 93
2534 12 9 85
3226 12 9 77
107 12 9 69
3612 12 9 58
2087 12 9 52
2591 12 9 37
3268 12 9 27
2387 12 9 19
2610 12 9 9
3270 12 9 2
343 12 10 93
501 12 10 85
3009 12 10 77
2207 12 10 68
3555 12 10 58
668 12 10 52
2470 12 10 37
2009 12 10 27
2051 12 10 19
3914 12 10 8
2641 12 11 92
1270 12 11 85
2141 12 11 77
1627 12 11 68
3039 12 11 58
3548 12 11 51
2731 12 11 42
198 12 11 28
2873 12 11 19
2701 12 11 8
1051 12 13 92
3209 12 13 84
3372 12 13 77
1608 12 13 68
1132 12 13 58
3534 12 13 51
2703 12 13 41
1966 12 13 29
935 12 13 21
1338 12 13 13
2339 12 13 5
1212 12 14 91
3741 12 14 83
2528 12 14 72
1526 12 14 62
1888 12 14 51
826 12 14 41
3722 12 14 28
1295 12 14 19
2012 12 14 8
531 12 16 91
3506 12 16 83
1671 12 16 72
1351 12 16 62
1657 12 16 51
3951 12 16 40
34 12 16 26
173 12 16 18
3412 12 16 9
2516 12 16 2
1809 12 18 90
259 12 18 81
3826 12 18 72
966 12 18 62
93 12 18 51
3811 12 18 40
2765 12 18 25
270 12 18 16
2496 12 18 4
3965 13 0 89
1125 13 0 82
1480 13 0 73
1752 13 0 60
473 13 0 52
182 13 0 36
1502 13 0 29
1566 13 0 20
1216 13 0 11
1757 13 0 1
3459 13 1 89
3081 13 1 81
3587 13 1 72
507 13 1 62
2834 13 1 50
24 13 1 42
643 13 1 27
3905 13 1 18
2795 13 1 9
1018 13 1 2
3252 13 2 89
887 13 2 81
3406 13 2 72
1453 13 2 61
2707 13 2 51
2759 13 2 40
1495 13 2 25
2404 13 2 15
1033 13 2 5
1615 13 3 89
4040 13 3 80
16 13 3 69
4018 13 3 57
1302 13 3 48
4015 13 3 41
2434 13 3 28
3157 13 3 17
1562 13 3 7
1534 13 4 89
3449 13 4 80
4045 13 4 68
1059 13 4 57
1107 13 4 48
43 13 4 41
1530 13 4 28
2764 13 4 17
1554 13 4 7
3269 13 5 88
84 13 5 78
2818 13 5 69
3337 13 5 57
716 13 5 48
2069 13 5 40
2654 13 5 24
1408 13 5 16
2388 13 5 4
2080 13 6 88
3648 13 6 77
3123 13 6 67
3292 13 6 59
1266 13 6 47
1009 13 6 39
1555 13 6 29
3950 13 6 19
109 13 6 8
1841 13 7 88
2741 13 7 77
2718 13 7 67
3208 13 7 59
3854 13 7 46
2904 13 7 38
3502 13 7 30
2258 13 7 20
527 13 7 11
2628 13 7 1
706 13 8 88
947 13 8 77
2348 13 8 67
2266 13 8 59
1492 13 8 44
1457 13 8 36
2568 13 8 28
1624 13 8 17
817 13 8 7
1934 13 9 87
1931 13 9 77
30 13 9 67
2152 13 9 59
1719 13 9 43
756 13 9 31
1814 13 9 16
675 13 9 4
1854 13 10 87
1422 13 10 77
3319 13 10 66
1217 13 10 57
52 13 10 48
562 13 10 40
1998 13 10 20
2871 13 10 10
2376 13 10 1
1367 13 11 87
980 13 11 77
3136 13 11 66
1209 13 11 57
1290 13 11 47
808 13 11 39
85 13 11 29
1668 13 11 19
727 13 11 7
886 13 13 87
2967 13 13 76
813 13 13 68
498 13 13 57
1236 13 13 47
799 13 13 39
3355 13 13 28
1620 13 13 17
2412 13 13 6
3011 13 16 86
522 13 16 76
636 13 16 68
2975 13 16 55
902 13 16 43
570 13 16 29
565 13 16 19
94 13 16 7
176 13 18 86
63 13 18 76
3922 13 18 67
2225 13 18 58
2770 13 18 51
2754 13 18 40
3764 13 18 18
2273 13 18 9
2897 13 18 1
2360 13 19 85
1418 13 19 77
1403 13 19 66
3521 13 19 56
3144 13 19 47
2234 13 19 38
158 13 19 30
1799 13 19 20
2240 13 19 10
671 13 19 1
853 14 11 85
2557 14 11 76
1789 14 11 67
2047 14 11 58
3380 14 11 50
1286 14 11 41
1915 14 11 27
3150 14 11 18
1949 14 11 9
2605 14 11 1
350 14 13 85
2096 14 13 76
3140 14 13 66
1327 14 13 56
2172 14 13 47
623 14 13 38
3387 14 13 29
3917 14 13 18
264 14 13 9
2099 14 13 1
1648 14 16 84
3329 14 16 77
3594 14 16 65
2297 14 16 56
1139 14 16 47
3837 14 16 37
3875 14 16 25
1032 14 16 15
912 14 16 4
2527 14 18 83
1628 14 18 72
3249 14 18 59
2688 14 18 42
546 14 18 27
1756 14 18 18
2309 14 18 8
1318 14 19 83
1471 14 19 72
638 14 19 58
3321 14 19 50
843 14 19 41
679 14 19 27
1067 14 19 18
3996 14 19 7
3770 15 0 82
2538 15 0 72
1558 15 0 57
1091 15 0 47
2153 15 0 37
3473 15 0 25
635 15 0 15
504 15 0 4
2686 15 1 82
2006 15 1 72
1498 15 1 57
3957 15 1 46
2070 15 1 38
950 15 1 29
2143 15 1 18
1682 15 1 7
2058 15 2 81
2405 15 2 72
342 15 2 57
3049 15 2 46
1925 15 2 38
3 15 2 29
2079 15 2 17
1771 15 2 6
54 15 3 80
1160 15 3 67
1641 15 3 58
1683 15 3 50
765 15 3 41
4036 15 3 26
2863 15 3 17
663 15 3 6
1586 15 4 78
2324 15 4 69
1792 15 4 57
2990 15 4 46
278 15 4 38
2672 15 4 27
237 15 4 18
1567 15 4 7
3418 15 5 76
850 15 5 66
520 15 5 56
4002 15 5 46
4016 15 5 37
3294 15 5 25
3493 15 5 14
1650 15 5 3
1699 15 7 75
3987 15 7 64
1623 15 7 55
2162 15 7 42
3604 15 7 26
1824 15 7 17
4031 15 7 5
3322 15 8 68
3620 15 8 54
3853 15 8 42
3432 15 8 26
1538 15 8 17
3371 15 8 5
2467 15 9 68
1698 15 9 54
3495 15 9 42
621 15 9 26
777 15 9 17
2866 15 9 5
861 15 16 42
1013 15 16 23
1445 15 16 14
2895 15 16 2
1906 16 0 94
2092 16 0 88
2574 16 0 76
3393 16 0 65
2124 16 0 56
3803 16 0 46
3995 16 0 37
3287 16 0 25
1170 16 0 14
359 16 0 2
750 16 7 93
3108 16 7 84
3553 16 7 76
3297 16 7 65
2867 16 7 55
364 16 7 42
3966 16 7 22
2274 16 7 10
1515 16 11 92
2332 16 11 84
3327 16 11 76
1857 16 11 65
2748 16 11 55
996 16 11 40
2722 16 11 18
3976 16 11 6
3572 16 12 91
3267 16 12 83
1208 16 12 72
2749 16 12 56
1979 16 12 46
2630 16 12 37
3968 16 12 24
3413 16 12 15
3443 16 12 3
2681 16 13 91
1213 16 13 83
339 16 13 72
3902 16 13 55
766 16 13 40
616 16 13 18
3075 16 13 6
2230 16 14 91
993 16 14 83
1894 16 14 71
92 16 14 62
2829 16 14 50
2796 16 14 40
195 16 14 18
3027 16 14 6
1545 16 16 91
413 16 16 83
4044 16 16 70
1725 16 16 62
2329 16 16 50
2742 16 16 40
446 16 16 17
2276 16 16 5
3792 16 17 90
2920 16 17 80
304 16 17 66
480 16 17 56
511 16 17 46
1734 16 17 37
3735 16 17 23
1252 16 17 14
3767 16 17 1
2617 16 18 90
2482 16 18 80
1785 16 18 65
354 16 18 55
416 16 18 38
1772 16 18 27
227 16 18 18
1036 16 18 6
1002 16 19 90
2456 16 19 80
1753 16 19 65
3128 16 19 54
2443 16 19 42
3233 16 19 22
1744 16 19 10
384 17 0 90
2068 17 0 80
822 17 0 65
2147 17 0 54
1354 17 0 42
1257 17 0 20
1412 17 0 10
134 17 2 90
1951 17 2 80
3975 17 2 64
1611 17 2 55
3872 17 2 37
3452 17 2 23
411 17 2 14
3079 17 2 4
3561 17 3 89
1246 17 3 80
162 17 3 62
2090 17 3 50
2541 17 3 40
309 17 3 14
1459 17 3 4
2964 17 4 89
824 17 4 80
154 17 4 62
1285 17 4 50
1029 17 4 40
1710 17 4 13
3326 17 4 3
1630 17 5 89
655 17 5 79
595 17 5 69
1507 17 5 57
2119 17 5 46
3145 17 5 36
2469 17 5 28
2555 17 5 16
2042 17 5 3
366 17 7 88
2551 17 7 76
466 17 7 64
3437 17 7 54
2160 17 7 41
2131 17 7 26
1961 17 7 16
3829 17 7 2
319 17 9 88
553 17 9 76
3744 17 9 62
100 17 9 50
970 17 9 40
3800 17 9 6
3543 17 10 87
2015 17 10 76
2268 17 10 58
1086 17 10 50
829 17 10 40
2981 17 10 1
3401 17 11 87
1952 17 11 76
1229 17 11 58
991 17 11 50
764 17 11 40
2684 17 11 28
2013 17 11 16
2767 17 11 1
2510 17 12 87
2570 17 12 75
3962 17 12 64
3044 17 12 54
2509 17 12 40
700 17 12 27
4067 17 12 17
1506 17 12 5
567 17 13 87
3708 17 13 74
5 17 13 65
1201 17 13 54
1992 17 13 40
697 17 13 27
3643 17 13 17
3703 17 13 4
2353 17 14 86
2020 17 14 75
2636 17 14 64
2838 17 14 54
561 17 14 40
57 17 14 26
3852 17 14 15
3382 17 14 3
1131 17 16 86
651 17 16 74
1117 17 16 64
2185 17 16 54
96 17 16 40
3831 17 16 25
1402 17 16 13
1063 17 16 3
161 17 17 86
2556 17 17 73
1436 17 17 60
454 17 17 52
2959 17 17 35
2671 17 17 26
2032 17 17 15
3636 17 17 2
2661 17 18 85
780 17 18 76
537 17 18 58
872 17 18 50
1254 17 18 39
1552 17 18 24
832 17 18 15
2757 17 18 2
1487 17 19 84
1908 17 19 76
3600 17 19 55
2819 17 19 36
1442 17 19 28
1094 17 19 16
1389 17 19 1
469 18 0 84
2537 18 0 75
1830 18 0 64
685 18 0 54
3855 18 0 39
731 18 0 24
3458 18 0 14
484 18 0 3
69 18 2 83
2582 18 2 69
181 18 2 57
1005 18 2 46
3029 18 2 36
917 18 2 28
701 18 2 16
129 18 2 1
3938 18 3 82
1014 18 3 70
1477 18 3 62
3662 18 3 49
3523 18 3 38
1049 18 3 27
3255 18 3 17
2451 18 3 4
2680 18 7 82
499 18 7 70
3425 18 7 61
2317 18 7 51
835 18 7 40
885 18 7 22
508 18 7 10
901 18 9 82
4028 18 9 69
113 18 9 55
307 18 9 35
2180 18 9 26
1241 18 9 15
2149 18 9 2
840 18 10 82
1844 18 10 69
3120 18 10 54
3111 18 10 39
71 18 10 22
3762 18 10 9
540 19 0 82
1707 19 0 69
677 19 0 54
2844 19 0 39
556 19 0 21
1334 19 0 13
3147 19 0 1
3491 19 2 81
1691 19 2 72
1176 19 2 55
4062 19 2 34
599 19 2 25
532 19 2 13
2956 19 2 1
305 19 3 81
969 19 3 72
3869 19 3 49
2130 19 3 38
64 19 3 27
2536 19 3 17
2425 19 3 4
3122 19 5 80
145 19 5 60
4024 19 5 51
2771 19 5 39
3707 19 5 20
926 19 5 10
3959 19 6 79
191 19 6 69
485 19 6 54
356 19 6 37
1468 19 6 23
4049 19 6 13
1441 19 6 1
525 19 7 77
975 19 7 65
3772 19 7 53
325 19 7 41
1887 19 7 26
17 19 7 15
633 19 7 1
1551 19 9 75
462 19 9 64
338 19 9 54
2313 19 9 36
486 19 9 28
1834 19 9 15
168 19 9 1
1889 19 10 63
488 19 10 53
3698 19 10 40
3265 19 10 20
692 19 10 10
2490 19 12 57
2857 19 12 45
1296 19 12 33
3053 19 12 24
1788 19 12 14
3202 19 12 1
2951 19 13 90
1105 19 13 80
2599 19 13 58
4017 19 13 49
1986 19 13 37
4065 19 13 22
503 19 13 8
2291 19 14 90
3776 19 14 79
2081 19 14 68
1901 19 14 53
452 19 14 40
3163 19 14 20
479 19 14 10
2576 19 15 89
3263 19 15 78
2072 19 15 69
2616 19 15 53
1350 19 15 38
3736 19 15 26
3858 19 15 14
3072 19 15 1
1135 19 16 89
2659 19 16 78
1910 19 16 69
502 19 16 53
741 19 16 38
1995 19 16 25
2116 19 16 12
3026 19 16 1
3050 19 17 88
552 19 17 76
1016 19 17 55
1547 19 17 34
583 19 17 25
2699 19 17 11
855 19 18 88
3330 19 18 75
370 19 18 64
171 19 18 54
1225 19 18 36
3743 19 18 27
2191 19 18 17
1474 19 18 4
719 19 19 88
3177 19 19 75
1119 19 19 63
3445 19 19 52
2886 19 19 35
1926 19 19 26
1825 19 19 14
2882 19 19 1
