2818
5517 0 0 98
3408 0 0 95
4973 0 0 91
1369 0 0 89
4243 0 0 85
107 0 0 83
5852 0 0 80
4509 0 0 77
1803 0 0 75
5749 0 0 73
2724 0 0 70
6072 0 0 67
5709 0 0 63
1422 0 0 60
3236 0 0 58
5249 0 0 54
2078 0 0 52
3048 0 0 50
4410 0 0 47
5643 0 0 44
2838 0 0 41
6224 0 0 39
5819 0 0 37
1195 0 0 34
4097 0 0 30
5387 0 0 27
5811 0 0 25
4271 0 0 22
117 0 0 19
3082 0 0 16
2911 0 0 13
5326 0 0 10
6332 0 0 7
5897 0 0 3
1460 0 1 98
573 0 1 95
1991 0 1 91
1599 0 1 88
1115 0 1 85
5380 0 1 82
608 0 1 80
6010 0 1 76
6135 0 1 73
6201 0 1 69
3308 0 1 67
5015 0 1 63
5327 0 1 59
566 0 1 57
5554 0 1 53
5401 0 1 50
3582 0 1 47
3414 0 1 44
4859 0 1 40
4719 0 1 37
284 0 1 34
3340 0 1 30
349 0 1 27
3150 0 1 24
5902 0 1 20
5783 0 1 17
5866 0 1 14
6276 0 1 11
2103 0 1 9
893 0 1 6
654 0 1 3
6302 0 2 97
3226 0 2 95
639 0 2 91
3938 0 2 87
2830 0 2 84
189 0 2 82
6002 0 2 79
4098 0 2 76
4997 0 2 73
5976 0 2 69
3197 0 2 66
3267 0 2 63
2218 0 2 59
2661 0 2 56
3903 0 2 54
5134 0 2 51
5114 0 2 48
3529 0 2 45
5414 0 2 42
2166 0 2 39
4829 0 2 36
2885 0 2 33
5932 0 2 29
3147 0 2 26
5204 0 2 24
3734 0 2 20
3470 0 2 17
5843 0 2 13
2914 0 2 10
5774 0 2 6
5873 0 2 2
5217 0 3 96
6248 0 3 93
4863 0 3 91
3593 0 3 87
2200 0 3 84
4938 0 3 80
5937 0 3 76
575 0 3 73
3981 0 3 69
2552 0 3 66
277 0 3 63
1333 0 3 59
2382 0 3 56
5833 0 3 53
2156 0 3 49
5544 0 3 45
1284 0 3 42
6073 0 3 38
696 0 3 36
1761 0 3 33
5605 0 3 29
5118 0 3 25
1952 0 3 22
3413 0 3 18
6427 0 3 15
6064 0 3 13
1520 0 3 10
4130 0 3 6
5482 0 3 2
1760 0 4 96
1312 0 4 93
4789 0 4 90
6065 0 4 87
2127 0 4 84
4536 0 4 80
4214 0 4 76
3153 0 4 72
2577 0 4 69
6020 0 4 65
6312 0 4 61
5304 0 4 58
5923 0 4 53
544 0 4 49
5381 0 4 45
970 0 4 42
3556 0 4 38
1017 0 4 35
4490 0 4 33
2325 0 4 29
4259 0 4 24
80 0 4 20
3334 0 4 17
5691 0 4 13
22 0 4 9
5518 0 4 5
2488 0 4 3
4158 0 5 95
309 0 5 91
2847 0 5 87
3618 0 5 83
5426 0 5 79
5732 0 5 75
4964 0 5 72
1743 0 5 69
3497 0 5 65
4926 0 5 61
4258 0 5 58
5826 0 5 53
4264 0 5 48
5727 0 5 44
4804 0 5 39
2567 0 5 35
2295 0 5 33
2265 0 5 29
3940 0 5 24
4376 0 5 19
5777 0 5 15
4889 0 5 11
2840 0 5 8
4544 0 5 5
2891 0 5 2
1661 0 6 95
2624 0 6 90
5318 0 6 86
2581 0 6 83
2811 0 6 79
2145 0 6 75
196 0 6 72
664 0 6 69
3451 0 6 65
2892 0 6 61
1044 0 6 58
5703 0 6 53
2569 0 6 48
5142 0 6 44
4717 0 6 39
5571 0 6 34
2888 0 6 30
6017 0 6 26
5341 0 6 23
3773 0 6 20
5002 0 6 16
1604 0 6 13
5503 0 6 8
2979 0 6 4
5776 0 6 1
6412 0 7 94
3802 0 7 92
3888 0 7 90
4759 0 7 86
2071 0 7 83
4031 0 7 78
2639 0 7 75
4454 0 7 71
4067 0 7 68
4576 0 7 65
2454 0 7 61
5876 0 7 57
1067 0 7 53
673 0 7 48
5058 0 7 44
4640 0 7 39
3817 0 7 34
5230 0 7 29
3335 0 7 23
812 0 7 19
4908 0 7 15
3399 0 7 11
1183 0 7 8
2269 0 7 4
5043 0 8 94
3786 0 8 92
891 0 8 90
3311 0 8 86
4629 0 8 82
3619 0 8 79
6066 0 8 74
3355 0 8 70
5613 0 8 67
4129 0 8 63
5032 0 8 58
2117 0 8 53
180 0 8 48
3700 0 8 44
4425 0 8 39
665 0 8 34
4963 0 8 29
169 0 8 23
212 0 8 19
3984 0 8 15
2308 0 8 11
2591 0 8 7
2090 0 8 3
1980 0 9 94
5377 0 9 91
945 0 9 87
2585 0 9 83
3435 0 9 78
5842 0 9 74
2043 0 9 70
1902 0 9 67
426 0 9 63
4883 0 9 58
1835 0 9 53
5862 0 9 47
1456 0 9 44
3976 0 9 39
211 0 9 34
4624 0 9 29
74 0 9 23
4484 0 9 18
2548 0 9 15
1699 0 9 11
2300 0 9 7
1535 0 9 3
774 0 10 94
2784 0 10 91
5872 0 10 86
2255 0 10 82
5583 0 10 78
3403 0 10 74
5808 0 10 69
3248 0 10 65
890 0 10 61
1326 0 10 57
618 0 10 53
5216 0 10 47
4029 0 10 43
5775 0 10 41
4283 0 10 39
6034 0 10 33
1062 0 10 29
6310 0 10 22
1824 0 10 18
4532 0 10 14
4400 0 10 10
1215 0 10 6
2525 0 10 2
488 0 11 94
922 0 11 91
3574 0 11 86
2153 0 11 82
4262 0 11 78
1641 0 11 74
5411 0 11 69
2144 0 11 65
199 0 11 61
6292 0 11 56
5297 0 11 53
3983 0 11 47
3632 0 11 43
3523 0 11 41
4500 0 11 38
6102 0 11 34
4345 0 11 29
5718 0 11 22
1299 0 11 18
2544 0 11 14
302 0 11 10
4755 0 11 5
2029 0 11 2
6250 0 12 93
5108 0 12 89
6074 0 12 84
4729 0 12 79
5752 0 12 74
4848 0 12 69
2137 0 12 65
4645 0 12 60
4337 0 12 56
1013 0 12 53
3761 0 12 47
352 0 12 43
1872 0 12 39
4633 0 12 33
519 0 12 29
3842 0 12 22
1287 0 12 18
709 0 12 14
274 0 12 10
4191 0 12 5
613 0 12 2
5037 0 13 93
4708 0 13 88
6237 0 13 84
4076 0 13 79
3641 0 13 74
3452 0 13 69
1351 0 13 65
3051 0 13 60
3684 0 13 56
3149 0 13 52
2032 0 13 50
329 0 13 47
58 0 13 43
1477 0 13 39
4328 0 13 33
266 0 13 29
1511 0 13 22
1169 0 13 18
6252 0 13 13
4614 0 13 8
6149 0 13 3
4464 0 14 93
4599 0 14 88
1618 0 14 84
3910 0 14 79
3080 0 14 74
2686 0 14 69
6392 0 14 64
6018 0 14 60
5045 0 14 55
2353 0 14 53
3677 0 14 47
6361 0 14 42
1534 0 14 38
3937 0 14 34
1049 0 14 29
1503 0 14 22
471 0 14 18
6211 0 14 13
2374 0 14 8
5563 0 14 3
4026 0 15 93
4290 0 15 88
4615 0 15 83
1664 0 15 78
690 0 15 74
5201 0 15 68
5520 0 15 64
5909 0 15 60
3874 0 15 55
3025 0 15 52
3325 0 15 49
3448 0 15 45
841 0 15 42
5983 0 15 37
6223 0 15 33
5466 0 15 28
3749 0 15 26
5734 0 15 22
5328 0 15 17
4048 0 15 13
6401 0 15 7
150 0 15 3
3374 0 16 93
4241 0 16 88
4008 0 16 83
790 0 16 78
16 0 16 74
4671 0 16 68
3820 0 16 64
4093 0 16 60
3693 0 16 55
2539 0 16 51
6336 0 16 47
5706 0 16 42
3261 0 16 37
444 0 16 33
3620 0 16 28
2008 0 16 25
1131 0 16 22
4115 0 16 17
2941 0 16 13
5170 0 16 7
5586 0 16 2
2862 0 17 93
3320 0 17 88
3867 0 17 83
713 0 17 78
4746 0 17 73
1492 0 17 69
3544 0 17 64
3004 0 17 60
3250 0 17 55
1298 0 17 51
5331 0 17 47
3277 0 17 42
3086 0 17 37
3847 0 17 32
5644 0 17 30
5683 0 17 26
4384 0 17 21
5844 0 17 19
3585 0 17 15
1612 0 17 11
847 0 17 7
5194 0 17 2
399 0 18 93
2433 0 18 88
3419 0 18 83
6395 0 18 77
3029 0 18 74
3862 0 18 68
646 0 18 64
2632 0 18 59
1797 0 18 56
1836 0 18 52
2212 0 18 48
6198 0 18 43
5355 0 18 38
3580 0 18 34
225 0 18 29
1036 0 18 22
3457 0 18 17
795 0 18 13
5110 0 18 7
5013 0 18 2
5970 0 19 92
5408 0 19 89
5546 0 19 84
3775 0 19 79
1721 0 19 74
3251 0 19 68
496 0 19 64
765 0 19 59
3753 0 19 55
334 0 19 51
1746 0 19 47
3061 0 19 42
1898 0 19 37
5378 0 19 31
2276 0 19 28
2002 0 19 25
263 0 19 22
2714 0 19 17
6293 0 19 12
744 0 19 10
3555 0 19 5
6063 0 19 1
5210 2 0 92
4674 2 0 88
2962 2 0 83
5781 2 0 77
139 2 0 74
2922 2 0 68
5910 2 0 63
4281 2 0 58
1804 2 0 53
2307 2 0 47
5763 2 0 41
3123 2 0 38
2519 2 0 34
6124 2 0 28
870 2 0 25
5648 2 0 21
4684 2 0 18
3675 2 0 13
4835 2 0 7
4747 2 0 2
5190 2 1 92
114 2 1 88
2157 2 1 83
5540 2 1 77
3494 2 1 73
1147 2 1 69
2401 2 1 64
6251 2 1 58
1616 2 1 53
2146 2 1 47
3372 2 1 41
1509 2 1 38
486 2 1 34
2355 2 1 28
3343 2 1 24
3303 2 1 19
2912 2 1 15
4740 2 1 10
2517 2 1 5
5921 2 1 1
4545 2 3 92
5087 2 3 87
669 2 3 83
4738 2 3 77
968 2 3 73
2261 2 3 68
4731 2 3 63
2129 2 3 58
913 2 3 53
1789 2 3 47
6209 2 3 40
2038 2 3 37
2852 2 3 31
4744 2 3 27
1496 2 3 24
642 2 3 19
5500 2 3 14
5514 2 3 9
3811 2 3 5
4405 2 3 1
4472 2 4 92
3317 2 4 87
5509 2 4 82
2779 2 4 78
2512 2 4 73
1617 2 4 68
4723 2 4 63
552 2 4 58
735 2 4 53
62 2 4 47
4754 2 4 40
3587 2 4 36
629 2 4 33
1837 2 4 28
950 2 4 24
1911 2 4 18
2069 2 4 13
2131 2 4 7
4447 2 4 2
3278 2 8 92
787 2 8 87
3633 2 8 82
2296 2 8 78
1161 2 8 73
2285 2 8 67
5922 2 8 62
4329 2 8 59
2482 2 8 55
6298 2 8 50
5882 2 8 46
2583 2 8 42
228 2 8 37
2143 2 8 31
3609 2 8 27
5223 2 8 23
868 2 8 18
4786 2 8 12
6321 2 8 9
1587 2 8 5
4338 2 8 1
3205 2 10 92
5871 2 10 86
5828 2 10 81
1574 2 10 78
5962 2 10 72
6378 2 10 68
2750 2 10 63
276 2 10 58
5914 2 10 52
1472 2 10 48
5320 2 10 43
964 2 10 38
193 2 10 34
1934 2 10 28
1349 2 10 23
6317 2 10 17
4831 2 10 12
4902 2 10 9
221 2 10 5
4109 2 10 1
2614 2 11 92
5786 2 11 86
3890 2 11 81
5898 2 11 76
3059 2 11 72
6399 2 11 67
5209 2 11 62
2757 2 11 59
2323 2 11 55
5522 2 11 50
717 2 11 46
5101 2 11 41
5751 2 11 37
1678 2 11 31
3534 2 11 27
5193 2 11 23
6105 2 11 17
4049 2 11 12
4862 2 11 9
5635 2 11 4
1360 2 12 92
5061 2 12 86
1317 2 12 81
4388 2 12 76
2703 2 12 72
5219 2 12 67
5019 2 12 62
6218 2 12 58
4721 2 12 52
1197 2 12 48
4305 2 12 43
362 2 12 38
6165 2 12 33
1280 2 12 28
4017 2 12 22
1188 2 12 17
3102 2 12 12
5589 2 12 8
5276 2 12 3
640 2 13 92
3175 2 13 86
481 2 13 81
3596 2 13 76
4950 2 13 71
4016 2 13 67
2980 2 13 62
6043 2 13 58
3610 2 13 52
5418 2 13 47
4521 2 13 40
1394 2 13 36
1983 2 13 32
5653 2 13 29
4736 2 13 21
1652 2 13 17
1922 2 13 12
4018 2 13 8
4502 2 13 3
5234 2 14 91
3098 2 14 86
5801 2 14 80
3056 2 14 76
4125 2 14 71
2240 2 14 67
1916 2 14 62
3502 2 14 58
1917 2 14 52
4323 2 14 47
788 2 14 40
5640 2 14 35
5284 2 14 32
3873 2 14 27
4765 2 14 23
5619 2 14 17
3851 2 14 11
207 2 14 7
2970 2 14 2
4979 2 16 91
3005 2 16 86
4605 2 16 80
1420 2 16 76
1061 2 16 71
6178 2 16 66
6007 2 16 62
1644 2 16 58
6295 2 16 51
1524 2 16 47
50 2 16 40
5562 2 16 35
5968 2 16 31
2756 2 16 27
3314 2 16 23
3459 2 16 17
3540 2 16 11
4941 2 16 6
2050 2 16 2
1149 2 17 91
2460 2 17 86
3526 2 17 80
499 2 17 76
6129 2 17 70
1823 2 17 67
1111 2 17 62
5934 2 17 57
438 2 17 53
5041 2 17 46
3228 2 17 41
3726 2 17 37
1318 2 17 31
1880 2 17 27
1016 2 17 23
996 2 17 17
1176 2 17 11
4422 2 17 6
3118 2 17 1
702 2 19 91
148 2 19 86
2456 2 19 80
5487 2 19 75
806 2 19 71
5321 2 19 66
4679 2 19 62
5149 2 19 57
3500 2 19 52
3920 2 19 47
6157 2 19 39
3395 2 19 33
1252 2 19 28
3646 2 19 22
805 2 19 17
5329 2 19 10
1295 2 19 5
3699 2 19 1
5599 3 4 90
1851 3 4 86
5695 3 4 79
5485 3 4 73
1865 3 4 67
172 3 4 62
3306 3 4 57
3235 3 4 52
2187 3 4 47
5972 3 4 39
1937 3 4 33
5612 3 4 27
368 3 4 23
832 3 4 17
5317 3 4 10
5416 3 4 4
5017 3 5 90
6286 3 5 85
1744 3 5 82
5243 3 5 77
4760 3 5 72
4504 3 5 67
4163 3 5 61
4945 3 5 56
1262 3 5 52
937 3 5 47
2206 3 5 39
1056 3 5 33
3833 3 5 27
3418 3 5 22
5973 3 5 16
5981 3 5 12
3812 3 5 8
4187 3 5 3
2041 3 6 90
5951 3 6 85
4995 3 6 81
3222 3 6 76
5674 3 6 70
5577 3 6 66
4313 3 6 61
4700 3 6 56
5942 3 6 51
652 3 6 47
298 3 6 39
457 3 6 33
1060 3 6 27
1311 3 6 22
2333 3 6 16
5738 3 6 12
3245 3 6 8
2988 3 6 3
911 3 7 90
5845 3 7 85
2182 3 7 81
985 3 7 76
5593 3 7 70
3942 3 7 66
3930 3 7 61
4027 3 7 56
2173 3 7 51
6001 3 7 46
1943 3 7 41
2373 3 7 37
1063 3 7 31
1393 3 7 27
567 3 7 22
1906 3 7 16
5558 3 7 12
2459 3 7 8
2960 3 7 3
537 3 8 90
2620 3 8 85
1234 3 8 81
385 3 8 76
5591 3 8 70
3276 3 8 66
3706 3 8 61
3995 3 8 56
756 3 8 51
3321 3 8 46
5370 3 8 40
4492 3 8 35
2951 3 8 31
524 3 8 27
5434 3 8 21
119 3 8 17
4793 3 8 10
2267 3 8 4
6080 3 10 89
5077 3 10 84
1711 3 10 79
4015 3 10 73
5945 3 10 66
3668 3 10 61
3379 3 10 56
2 3 10 51
3006 3 10 46
4952 3 10 40
3484 3 10 35
2821 3 10 31
6127 3 10 26
842 3 10 21
5439 3 10 16
3999 3 10 12
5982 3 10 7
6408 3 10 1
3021 3 11 89
4386 3 11 84
6294 3 11 78
5456 3 11 72
4343 3 11 67
3013 3 11 61
2491 3 11 56
5353 3 11 50
5324 3 11 45
4974 3 11 41
1622 3 11 37
679 3 11 31
4851 3 11 26
6197 3 11 20
3840 3 11 16
882 3 11 12
4517 3 11 7
2657 3 11 1
2237 3 12 89
3562 3 12 84
3601 3 12 78
5205 3 12 72
3388 3 12 67
1137 3 12 61
582 3 12 56
4597 3 12 50
3518 3 12 45
2536 3 12 41
698 3 12 37
300 3 12 31
3326 3 12 26
5642 3 12 20
4296 3 12 15
2264 3 12 10
1165 3 12 4
1455 3 13 89
3116 3 13 84
2435 3 13 78
4480 3 13 72
6075 3 13 66
3581 3 13 61
6386 3 13 55
5199 3 13 50
419 3 13 45
2406 3 13 41
6341 3 13 36
1633 3 13 32
3217 3 13 27
4836 3 13 21
5429 3 13 16
6350 3 13 11
3926 3 13 6
2209 3 13 1
3993 3 14 88
1514 3 14 83
3193 3 14 77
3878 3 14 72
3576 3 14 66
2717 3 14 61
6343 3 14 55
4250 3 14 50
6359 3 14 44
1987 3 14 39
5105 3 14 32
1539 3 14 27
4799 3 14 21
1525 3 14 16
5806 3 14 11
2067 3 14 6
638 3 14 1
4123 3 16 87
956 3 16 82
4540 3 16 77
3561 3 16 72
1236 3 16 66
2253 3 16 61
3213 3 16 55
2826 3 16 50
5919 3 16 44
1692 3 16 39
4471 3 16 32
3062 3 16 26
3515 3 16 20
3694 3 16 15
2252 3 16 10
2806 3 16 3
1156 3 17 87
836 3 17 82
4341 3 17 77
3246 3 17 72
6253 3 17 65
2641 3 17 60
555 3 17 55
759 3 17 50
3220 3 17 44
1566 3 17 39
3598 3 17 32
2719 3 17 26
1577 3 17 20
2345 3 17 15
454 3 17 10
1541 3 17 3
278 3 19 87
4909 3 19 81
2660 3 19 75
5927 3 19 70
2939 3 19 66
29 3 19 61
2039 3 19 55
676 3 19 50
2538 3 19 44
1282 3 19 39
3490 3 19 32
11 3 19 26
1491 3 19 20
1628 3 19 15
6290 3 19 9
4663 3 19 4
1258 4 1 86
5286 4 1 79
3969 4 1 73
2726 4 1 66
6331 4 1 60
6419 4 1 54
3841 4 1 51
2040 4 1 46
2546 4 1 40
2250 4 1 35
5055 4 1 30
5263 4 1 26
115 4 1 20
782 4 1 15
5913 4 1 9
2695 4 1 4
103 4 2 86
5177 4 2 79
2428 4 2 73
1355 4 2 66
5670 4 2 60
5708 4 2 54
5678 4 2 50
313 4 2 44
2042 4 2 38
6154 4 2 33
714 4 2 27
4458 4 2 21
159 4 2 16
4695 4 2 11
1283 4 2 6
461 4 2 1
5251 4 3 84
1839 4 3 78
4374 4 3 72
5557 4 3 65
4346 4 3 59
6260 4 3 54
4396 4 3 50
6363 4 3 43
6167 4 3 37
5761 4 3 30
4234 4 3 26
5044 4 3 19
2128 4 3 14
5491 4 3 9
871 4 3 4
3823 4 4 84
730 4 4 78
4209 4 4 72
4065 4 4 65
2886 4 4 59
5820 4 4 54
3809 4 4 50
5607 4 4 43
4293 4 4 37
5003 4 4 30
1778 4 4 25
3174 4 4 21
4005 4 4 15
5123 4 4 9
194 4 4 4
6216 4 5 83
2696 4 5 77
2938 4 5 72
4064 4 5 65
685 4 5 59
4870 4 5 54
2845 4 5 50
4563 4 5 43
1336 4 5 37
3978 4 5 30
1003 4 5 25
838 4 5 21
3173 4 5 15
4683 4 5 9
5246 4 5 3
5855 4 6 83
2644 4 6 77
1293 4 6 72
1842 4 6 65
489 4 6 59
4864 4 6 54
1396 4 6 50
4312 4 6 43
303 4 6 37
3913 4 6 30
6429 4 6 24
469 4 6 18
233 4 6 12
4223 4 6 7
1726 4 6 1
1448 4 7 83
988 4 7 77
5305 4 7 71
4975 4 7 66
4971 4 7 60
1440 4 7 54
545 4 7 50
3639 4 7 43
245 4 7 37
3906 4 7 30
4811 4 7 24
407 4 7 18
141 4 7 12
4161 4 7 7
725 4 7 1
379 4 8 83
745 4 8 77
1676 4 8 71
1272 4 8 66
3844 4 8 60
5722 4 8 53
4823 4 8 46
1670 4 8 40
2106 4 8 35
1956 4 8 30
3785 4 8 24
280 4 8 18
5523 4 8 11
1110 4 8 6
95 4 8 1
4189 4 14 81
2161 4 14 75
2526 4 14 70
2064 4 14 66
1671 4 14 60
5345 4 14 53
4365 4 14 46
1602 4 14 40
3769 4 14 34
1929 4 14 28
2342 4 14 22
1381 4 14 16
4142 4 14 11
648 4 14 6
3613 5 8 80
4301 5 8 75
1590 5 8 70
784 5 8 66
3788 5 8 59
4448 5 8 54
4104 5 8 49
4969 5 8 44
1498 5 8 38
3958 5 8 33
5133 5 8 26
2645 5 8 19
6305 5 8 13
1167 5 8 7
4556 5 9 77
6300 5 9 70
187 5 9 66
2441 5 9 59
4321 5 9 54
2966 5 9 49
5385 5 9 43
5 5 9 37
3807 5 9 30
3439 5 9 24
6207 5 9 17
2085 5 9 10
1431 5 9 3
6387 5 16 74
2279 5 16 68
2481 5 16 63
24 5 16 58
4625 5 16 51
4847 5 16 45
5602 5 16 40
3195 5 16 34
6388 5 16 27
3434 5 16 21
2725 5 16 15
3886 5 16 9
4242 5 16 3
3866 5 18 74
1519 5 18 68
2164 5 18 63
6306 5 18 57
2537 5 18 52
6005 5 18 46
5959 5 18 39
3481 5 18 32
6171 5 18 25
5488 5 18 20
5768 5 18 14
2340 5 18 9
2878 5 18 3
6370 6 1 98
6215 6 1 94
4677 6 1 90
1421 6 1 85
357 6 1 81
1429 6 1 75
1517 6 1 70
5726 6 1 65
4356 6 1 58
6089 6 1 50
3466 6 1 43
4914 6 1 36
1629 6 1 32
5632 6 1 25
3176 6 1 20
4450 6 1 14
2215 6 1 9
2689 6 1 3
5892 6 3 98
6096 6 3 94
2902 6 3 90
4406 6 3 84
6364 6 3 77
4254 6 3 70
5633 6 3 65
2752 6 3 58
2762 6 3 50
2863 6 3 43
3923 6 3 36
6179 6 3 31
2879 6 3 26
2023 6 3 19
6274 6 3 13
543 6 3 7
4401 6 5 97
4676 6 5 94
5184 6 5 89
5947 6 5 83
57 6 5 77
2142 6 5 70
4285 6 5 65
2193 6 5 58
2531 6 5 50
2104 6 5 43
3103 6 5 36
5815 6 5 31
2630 6 5 26
886 6 5 19
4869 6 5 13
198 6 5 7
3049 6 6 97
2745 6 6 94
4444 6 6 89
5256 6 6 83
5109 6 6 76
5100 6 6 70
3433 6 6 65
5675 6 6 57
896 6 6 52
3927 6 6 46
4662 6 6 39
2015 6 6 32
5489 6 6 25
1564 6 6 20
3053 6 6 14
1433 6 6 9
1892 6 6 3
1794 6 8 97
2559 6 8 93
1192 6 8 88
250 6 8 83
4856 6 8 76
2102 6 8 70
3038 6 8 65
1999 6 8 57
602 6 8 52
3870 6 8 46
4659 6 8 39
1714 6 8 32
5175 6 8 25
400 6 8 20
2924 6 8 14
71 6 8 9
530 6 8 3
6282 6 9 96
4958 6 9 92
2093 6 9 86
4896 6 9 79
521 6 9 73
966 6 9 66
2425 6 9 59
1043 6 9 54
421 6 9 49
4824 6 9 43
1582 6 9 36
4251 6 9 31
596 6 9 26
4791 6 9 18
2593 6 9 11
5053 6 9 5
5771 6 11 96
4465 6 11 92
1270 6 11 86
1359 6 11 79
3542 6 11 72
1410 6 11 65
1603 6 11 57
5809 6 11 51
4670 6 11 45
4668 6 11 40
140 6 11 34
6308 6 11 27
3022 6 11 21
2130 6 11 15
3293 6 11 9
4595 6 11 2
5533 6 13 96
833 6 13 92
243 6 13 86
372 6 13 79
3387 6 13 72
5565 6 13 64
4552 6 13 58
1630 6 13 50
771 6 13 43
3548 6 13 35
5307 6 13 29
4716 6 13 21
1696 6 13 15
2408 6 13 9
3477 6 13 2
4197 6 15 96
4429 6 15 91
6406 6 15 85
4813 6 15 80
4195 6 15 75
1138 6 15 70
2638 6 15 65
1179 6 15 57
5374 6 15 51
4268 6 15 45
4604 6 15 40
3875 6 15 33
3505 6 15 26
4318 6 15 18
2499 6 15 11
4036 6 15 4
3986 6 16 96
1826 6 16 91
4980 6 16 85
442 6 16 80
3943 6 16 75
1070 6 16 70
1782 6 16 64
4289 6 16 58
584 6 16 50
4379 6 16 42
27 6 16 37
3065 6 16 30
998 6 16 24
3959 6 16 17
2048 6 16 10
980 6 16 3
3546 6 18 96
1755 6 18 91
4844 6 18 85
6245 6 18 79
2981 6 18 72
4428 6 18 64
2913 6 18 58
511 6 18 50
3527 6 18 42
4962 6 18 36
1238 6 18 31
5989 6 18 25
5578 6 18 19
4255 6 18 13
5059 6 18 6
2950 6 19 96
2844 6 19 90
4095 6 19 84
4270 6 19 77
1142 6 19 70
4913 6 19 63
5171 6 19 57
4798 6 19 51
4164 6 19 45
1833 6 19 40
2027 6 19 33
1170 6 19 26
2995 6 19 18
2036 6 19 11
2971 6 19 4
6318 7 1 95
5610 7 1 89
2543 7 1 83
3125 7 1 76
2033 7 1 70
4256 7 1 63
3182 7 1 57
3606 7 1 51
6235 7 1 44
2000 7 1 37
1255 7 1 30
3774 7 1 23
311 7 1 17
1677 7 1 10
404 7 1 3
6261 7 3 95
5185 7 3 89
574 7 3 83
647 7 3 76
2013 7 3 70
2851 7 3 63
3009 7 3 57
1484 7 3 51
5581 7 3 44
1222 7 3 37
929 7 3 30
2884 7 3 23
5450 7 3 16
4088 7 3 11
2600 7 3 4
5585 7 5 95
3567 7 5 89
332 7 5 83
386 7 5 76
1346 7 5 70
2272 7 5 63
2320 7 5 57
1104 7 5 51
3412 7 5 44
589 7 5 37
5841 7 5 29
4348 7 5 21
5906 7 5 14
4852 7 5 8
2856 7 5 3
4642 7 6 95
3337 7 6 89
6413 7 6 82
3975 7 6 77
997 7 6 70
1977 7 6 63
1853 7 6 57
6434 7 6 50
1646 7 6 42
4630 7 6 36
1075 7 6 31
2640 7 6 25
4618 7 6 19
4140 7 6 13
4084 7 6 6
4407 7 8 95
4647 7 8 88
6131 7 8 82
3828 7 8 77
912 7 8 70
1005 7 8 63
5151 7 8 56
4070 7 8 50
5369 7 8 41
6136 7 8 36
122 7 8 31
2343 7 8 25
4611 7 8 19
339 7 8 13
3966 7 8 6
3211 7 9 95
4090 7 9 88
4837 7 9 82
3302 7 9 77
5836 7 9 68
1597 7 9 63
2948 7 9 56
3289 7 9 50
4965 7 9 41
4693 7 9 36
6184 7 9 30
2729 7 9 23
3722 7 9 16
2150 7 9 11
1732 7 9 4
2087 7 11 95
3285 7 11 88
3800 7 11 82
3076 7 11 77
5713 7 11 68
6015 7 11 62
2246 7 11 57
6160 7 11 50
4025 7 11 41
1610 7 11 36
5524 7 11 30
1267 7 11 23
3710 7 11 15
2138 7 11 9
3178 7 11 2
1640 7 12 95
3145 7 12 88
2642 7 12 82
1209 7 12 77
5448 7 12 68
5735 7 12 62
365 7 12 57
4800 7 12 50
3255 7 12 41
5795 7 12 35
3614 7 12 29
3640 7 12 21
5824 7 12 14
3312 7 12 8
2505 7 12 3
382 7 13 95
580 7 13 88
633 7 13 82
137 7 13 77
1575 7 13 68
5493 7 13 62
3511 7 13 56
1656 7 13 50
504 7 13 41
5757 7 13 35
3066 7 13 29
948 7 13 21
5425 7 13 14
1154 7 13 8
462 7 13 3
3296 7 15 94
3136 7 15 89
5885 7 15 82
5928 7 15 76
21 7 15 70
4774 7 15 62
3423 7 15 56
512 7 15 50
6323 7 15 40
1242 7 15 33
353 7 15 26
1077 7 15 18
200 7 15 11
1334 7 15 4
2498 7 16 94
1148 7 16 89
4466 7 16 82
4183 7 16 76
3039 7 16 69
1240 7 16 64
1191 7 16 58
6337 7 16 49
3067 7 16 43
2906 7 16 35
1501 7 16 29
802 7 16 21
4796 7 16 14
4261 7 16 7
1953 7 18 94
6090 7 18 88
410 7 18 82
3286 7 18 76
936 7 18 69
5501 7 18 63
2440 7 18 56
6404 7 18 49
2931 7 18 43
2626 7 18 35
1205 7 18 29
514 7 18 21
4762 7 18 14
2381 7 18 7
777 7 19 94
3797 7 19 88
4368 7 19 81
687 7 19 75
728 7 19 70
3106 7 19 62
4764 7 19 55
4519 7 19 49
1895 7 19 43
428 7 19 35
30 7 19 29
4993 7 19 20
976 7 19 14
1959 7 19 7
6069 8 1 93
5564 8 1 87
4617 8 1 81
6379 8 1 74
1019 8 1 68
4317 8 1 62
3469 8 1 55
1425 8 1 49
843 8 1 43
361 8 1 35
5431 8 1 28
6271 8 1 21
4585 8 1 14
1189 8 1 7
2758 8 3 93
4873 8 3 87
4219 8 3 81
6110 8 3 74
100 8 3 68
3493 8 3 62
2608 8 3 55
6390 8 3 48
2928 8 3 43
5856 8 3 34
4985 8 3 27
2996 8 3 21
3915 8 3 14
5192 8 3 6
2384 8 5 93
2258 8 5 87
3922 8 5 81
5754 8 5 74
5831 8 5 67
879 8 5 61
1559 8 5 55
6329 8 5 48
2356 8 5 43
2751 8 5 34
4463 8 5 27
2805 8 5 21
3655 8 5 14
4643 8 5 6
1811 8 6 93
5291 8 6 86
5807 8 6 78
3215 8 6 72
2900 8 6 64
1182 8 6 58
4485 8 6 49
363 8 6 43
1371 8 6 34
3514 8 6 27
2672 8 6 21
2764 8 6 14
3879 8 6 6
1306 8 8 93
4351 8 8 86
5584 8 8 78
375 8 8 72
2712 8 8 63
2377 8 8 56
6303 8 8 49
4820 8 8 42
3571 8 8 36
4467 8 8 30
6234 8 8 22
1292 8 8 16
2092 8 8 11
921 8 8 4
1263 8 9 93
4818 8 9 85
6125 8 9 79
586 8 9 72
4165 8 9 62
1908 8 9 55
3114 8 9 48
2107 8 9 43
934 8 9 34
3122 8 9 27
1151 8 9 21
1573 8 9 14
5521 8 9 5
741 8 10 93
4511 8 10 85
2082 8 10 79
5555 8 10 71
5033 8 10 65
925 8 10 57
4704 8 10 50
6263 8 10 40
2098 8 10 32
4246 8 10 25
4416 8 10 19
129 8 10 13
3730 8 10 6
5383 8 11 92
6327 8 11 85
424 8 11 79
5103 8 11 71
4200 8 11 65
111 8 11 57
3565 8 11 50
6170 8 11 40
459 8 11 32
1854 8 11 25
4087 8 11 19
5393 8 11 12
2887 8 11 7
5333 8 12 92
3268 8 12 85
6421 8 12 78
6275 8 12 71
3924 8 12 65
5277 8 12 56
4881 8 12 49
1438 8 12 42
3079 8 12 36
2772 8 12 30
3037 8 12 22
4043 8 12 15
2096 8 12 9
1876 8 12 2
5062 8 13 91
3998 8 13 85
5492 8 13 78
6049 8 13 71
3682 8 13 65
4660 8 13 56
1453 8 13 49
982 8 13 42
2708 8 13 36
1508 8 13 30
2390 8 13 22
3843 8 13 15
2014 8 13 9
5846 8 13 1
3597 8 15 91
3573 8 15 85
3805 8 15 78
5090 8 15 71
2213 8 15 65
3012 8 15 56
56 8 15 49
625 8 15 42
2427 8 15 36
1047 8 15 30
2160 8 15 22
1398 8 15 15
1139 8 15 9
4739 8 15 1
1909 8 16 91
2647 8 16 85
3719 8 16 78
5794 8 16 70
2739 8 16 62
6255 8 16 54
4273 8 16 48
1230 8 16 43
721 8 16 34
2578 8 16 27
542 8 16 21
1101 8 16 14
3956 8 16 5
5839 9 0 90
2890 9 0 84
2975 9 0 77
1027 9 0 68
1199 9 0 62
6187 9 0 54
4023 9 0 48
5916 9 0 42
5863 9 0 35
4514 9 0 28
5623 9 0 21
6240 9 0 13
2560 9 0 6
4529 9 1 90
2824 9 1 84
2235 9 1 77
718 9 1 68
4564 9 1 61
553 9 1 55
1226 9 1 48
3904 9 1 41
3792 9 1 35
3107 9 1 28
4497 9 1 21
5618 9 1 13
2183 9 1 6
4369 9 3 90
2249 9 3 84
1526 9 3 77
5516 9 3 67
409 9 3 61
6071 9 3 54
3990 9 3 48
3333 9 3 41
2280 9 3 35
5600 9 3 27
5805 9 3 20
671 9 3 14
2485 9 3 5
3718 9 16 90
732 9 16 84
6257 9 16 76
476 9 16 69
4231 9 16 63
1086 9 16 56
5797 9 16 48
2983 9 16 41
924 9 16 35
4522 9 16 27
4314 9 16 20
5596 9 16 13
1636 9 16 6
3409 10 0 90
556 10 0 84
5308 10 0 76
6158 10 0 68
4340 10 0 61
5300 10 0 54
3243 10 0 48
773 10 0 41
6048 10 0 34
2231 10 0 27
2105 10 0 20
4166 10 0 13
5725 10 0 5
3060 10 7 90
453 10 7 84
4101 10 7 76
5157 10 7 68
4275 10 7 61
4782 10 7 54
3042 10 7 48
769 10 7 41
5165 10 7 34
1962 10 7 27
464 10 7 20
4330 10 7 12
2349 10 7 7
2414 10 8 90
4745 10 8 83
6425 10 8 75
247 10 8 70
2332 10 8 62
6067 10 8 54
4508 10 8 47
3784 10 8 38
3499 10 8 33
6426 10 8 25
2721 10 8 19
4882 10 8 12
2297 10 8 7
2329 10 9 90
4712 10 9 83
6062 10 9 75
25 10 9 69
4172 10 9 63
794 10 9 56
4790 10 9 48
710 10 9 41
1691 10 9 34
5202 10 9 26
979 10 9 18
5877 10 9 10
380 10 9 3
1032 10 11 90
2486 10 11 83
5287 10 11 75
3191 10 11 68
3948 10 11 61
3282 10 11 54
3723 10 11 47
3352 10 11 38
3446 10 11 33
5556 10 11 25
2566 10 11 19
4252 10 11 12
1798 10 11 7
342 10 12 90
244 10 12 83
5005 10 12 75
2869 10 12 68
3662 10 12 61
2458 10 12 54
3721 10 12 47
3089 10 12 38
3146 10 12 33
5036 10 12 25
5905 10 12 18
4808 10 12 10
4888 10 12 2
6050 10 13 89
3588 10 13 82
3158 10 13 76
5042 10 13 68
3347 10 13 61
310 10 13 54
3367 10 13 47
1310 10 13 38
716 10 13 33
4777 10 13 25
5569 10 13 18
2606 10 13 10
4202 10 13 2
5875 10 14 89
2728 10 14 82
1407 10 14 76
2579 10 14 68
2075 10 14 61
4477 10 14 53
3931 10 14 46
3231 10 14 39
1565 10 14 32
1095 10 14 25
4915 10 14 18
441 10 14 10
2718 10 14 2
2646 10 15 89
1071 10 15 82
1082 10 15 76
2410 10 15 68
1971 10 15 61
3151 10 15 53
2875 10 15 46
3225 10 15 39
1409 10 15 32
973 10 15 25
3496 10 15 18
5715 10 15 9
3461 10 15 1
1703 10 16 89
2484 10 16 81
5537 10 16 74
5014 10 16 67
350 10 16 61
2860 10 16 53
2049 10 16 46
1379 10 16 39
4358 10 16 31
2293 10 16 25
2113 10 16 18
5579 10 16 9
3091 10 16 1
4934 10 18 88
3968 10 18 81
5403 10 18 74
2798 10 18 67
301 10 18 61
1780 10 18 53
906 10 18 46
818 10 18 38
6042 10 18 32
6221 10 18 24
2418 10 18 17
3375 10 18 9
1724 10 18 1
4257 10 19 88
3824 10 19 81
5225 10 19 74
2394 10 19 67
249 10 19 61
5354 10 19 52
3113 10 19 46
6172 10 19 37
6192 10 19 28
3559 10 19 21
3313 10 19 13
4639 10 19 5
1738 11 0 88
3072 11 0 81
3747 11 0 74
616 11 0 67
5266 11 0 60
5099 11 0 53
800 11 0 45
4627 11 0 39
4160 11 0 31
1178 11 0 25
6377 11 0 17
3040 11 0 9
1254 11 0 1
875 11 2 88
811 11 2 81
154 11 2 74
4068 11 2 66
1124 11 2 59
203 11 2 54
3249 11 2 47
942 11 2 38
5559 11 2 32
5941 11 2 24
1343 11 2 17
2967 11 2 9
6145 11 2 2
178 11 3 88
12 11 3 81
2761 11 3 73
6177 11 3 65
2953 11 3 56
3635 11 3 48
279 11 3 41
1637 11 3 34
4845 11 3 26
2722 11 3 17
2612 11 3 9
5825 11 3 2
6040 11 4 87
4203 11 4 80
185 11 4 75
2003 11 4 68
955 11 4 61
5086 11 4 52
999 11 4 46
5538 11 4 37
1384 11 4 28
656 11 4 21
2945 11 4 13
4638 11 4 5
933 11 6 87
3594 11 6 80
5513 11 6 74
2652 11 6 66
803 11 6 59
5274 11 6 53
338 11 6 45
3935 11 6 39
2618 11 6 31
783 11 6 25
3411 11 6 17
2584 11 6 9
4912 11 6 2
658 11 7 87
2810 11 7 80
4769 11 7 74
2472 11 7 65
844 11 7 56
2730 11 7 48
6433 11 7 40
5626 11 7 31
3440 11 7 24
5601 11 7 16
396 11 7 11
601 11 7 4
5570 11 12 86
3244 11 12 78
4879 11 12 70
2288 11 12 62
5477 11 12 54
19 11 12 47
369 11 12 38
4434 11 12 32
4347 11 12 24
5258 11 12 16
5104 11 12 10
2605 11 12 2
4999 11 13 86
1024 11 13 78
4653 11 13 70
1395 11 13 62
5459 11 13 54
6016 11 13 46
5410 11 13 37
920 11 13 28
632 11 13 21
2339 11 13 13
2419 11 13 5
1464 11 14 86
147 11 14 78
4150 11 14 70
864 11 14 62
768 11 14 54
4616 11 14 46
5268 11 14 37
367 11 14 28
557 11 14 21
2191 11 14 13
6375 11 14 4
6035 11 15 85
2574 11 15 78
3689 11 15 70
626 11 15 62
5092 11 15 53
5189 11 15 44
70 11 15 37
227 11 15 28
167 11 15 21
2167 11 15 13
5744 11 15 4
5437 11 16 85
2065 11 16 78
2358 11 16 70
5528 11 16 61
3206 11 16 52
343 11 16 46
5218 11 16 37
5861 11 16 27
5888 11 16 19
3455 11 16 12
1567 11 16 7
3512 11 17 85
5883 11 17 77
4741 11 17 67
4750 11 17 60
4752 11 17 53
4805 11 17 44
4880 11 17 36
6084 11 17 29
4632 11 17 20
3908 11 17 12
4159 11 17 6
2304 11 18 85
4816 11 18 77
3362 11 18 67
2478 11 18 60
3789 11 18 53
3488 11 18 44
1490 11 18 36
5920 11 18 29
4092 11 18 20
3745 11 18 12
1507 11 18 6
1846 11 19 85
2281 11 19 77
2446 11 19 67
84 11 19 60
3625 11 19 53
2711 11 19 44
1389 11 19 36
5582 11 19 29
1668 11 19 20
3373 11 19 12
1303 11 19 6
1814 12 0 85
1589 12 0 77
1682 12 0 67
6304 12 0 59
3881 12 0 53
1352 12 0 44
81 12 0 36
4987 12 0 29
1211 12 0 20
3275 12 0 12
930 12 0 6
4114 12 2 84
3965 12 2 76
5895 12 2 67
4061 12 2 59
3207 12 2 53
3315 12 2 43
5778 12 2 33
3054 12 2 25
322 12 2 17
604 12 2 9
4057 12 2 2
1388 12 3 84
3036 12 3 76
5759 12 3 67
1450 12 3 59
2051 12 3 53
3148 12 3 43
5594 12 3 33
2897 12 3 25
5799 12 3 16
4713 12 3 10
3143 12 3 1
229 12 6 84
2783 12 6 76
5412 12 6 67
994 12 6 59
1475 12 6 53
938 12 6 43
4906 12 6 33
1776 12 6 25
2515 12 6 16
4559 12 6 10
1085 12 6 1
3154 12 7 83
4453 12 7 75
1487 12 7 68
65 12 7 61
1888 12 7 52
5887 12 7 45
3444 12 7 39
316 12 7 31
3253 12 7 24
4792 12 7 16
3331 12 7 10
3509 12 7 2
3074 12 8 82
895 12 8 76
5295 12 8 67
5365 12 8 58
3338 12 8 49
5766 12 8 41
918 12 8 34
4392 12 8 26
2124 12 8 17
6277 12 8 8
3332 12 8 2
1210 12 9 82
394 12 9 76
2738 12 9 67
5146 12 9 58
2835 12 9 49
2294 12 9 41
834 12 9 34
2326 12 9 26
901 12 9 17
5553 12 9 8
2507 12 9 2
3501 12 11 81
2575 12 11 73
2715 12 11 65
4354 12 11 55
5222 12 11 47
307 12 11 38
3985 12 11 32
4128 12 11 24
3203 12 11 16
2803 12 11 10
1935 12 11 2
2511 12 12 81
188 12 12 73
1497 12 12 65
3961 12 12 55
4237 12 12 47
94 12 12 38
2773 12 12 31
2883 12 12 24
2992 12 12 16
2097 12 12 10
753 12 12 2
3579 13 0 80
3108 13 0 74
1474 13 0 65
5646 13 0 54
2407 13 0 46
5141 13 0 37
4420 13 0 26
434 13 0 17
3577 13 0 8
6324 13 0 1
1120 13 1 80
3104 13 1 74
296 13 1 65
5621 13 1 54
1103 13 1 46
5021 13 1 37
3740 13 1 26
374 13 1 17
3018 13 1 8
6068 13 1 1
219 13 2 80
2982 13 2 74
4981 13 2 64
5575 13 2 57
1793 13 2 50
4931 13 2 40
2232 13 2 31
2079 13 2 24
2651 13 2 16
1685 13 2 10
6033 13 2 1
4475 13 3 78
1887 13 3 70
4918 13 3 61
1117 13 3 52
4875 13 3 45
2159 13 3 39
3996 13 3 30
1759 13 3 22
6166 13 3 14
5787 13 3 4
4012 13 4 78
1739 13 4 70
4763 13 4 61
609 13 4 52
4498 13 4 45
5987 13 4 38
1427 13 4 31
6008 13 4 23
5447 13 4 14
4733 13 4 4
223 13 6 78
1243 13 6 70
2915 13 6 61
253 13 6 52
3705 13 6 45
2785 13 6 38
6085 13 6 30
1745 13 6 22
1504 13 6 14
4147 13 6 4
51 13 9 78
422 13 9 70
2691 13 9 61
6004 13 9 51
2550 13 9 44
6212 13 9 35
4494 13 9 27
5413 13 9 19
3094 13 9 12
347 13 9 6
2508 13 11 77
1571 13 11 67
2940 13 11 58
1609 13 11 49
1903 13 11 41
727 13 11 34
719 13 11 26
6241 13 11 16
1028 13 11 10
6027 13 11 1
1728 13 13 72
3634 13 13 62
4190 13 13 53
53 13 13 43
3814 13 13 33
876 13 13 25
2303 13 13 16
670 13 13 10
5252 13 13 1
3860 13 18 71
337 13 18 65
4727 13 18 54
6430 13 18 45
2637 13 18 38
4865 13 18 30
1512 13 18 22
238 13 18 14
4085 13 18 4
1350 13 19 66
261 13 19 59
1004 13 19 53
5802 13 19 42
4227 13 19 35
4412 13 19 27
4075 13 19 19
1769 13 19 12
5818 13 19 5
5984 14 4 55
3715 14 4 47
6162 14 4 37
3011 14 4 26
4970 14 4 16
264 14 4 10
5197 14 4 1
3758 15 0 97
6189 15 0 92
2687 15 0 85
959 15 0 77
1297 15 0 67
2854 15 0 58
251 15 0 49
1372 15 0 41
3810 15 0 33
6333 15 0 24
1757 15 0 16
5999 15 0 9
3436 15 7 96
5357 15 7 89
2405 15 7 81
78 15 7 73
1347 15 7 65
581 15 7 54
3318 15 7 45
2461 15 7 38
4375 15 7 30
1201 15 7 22
3781 15 7 13
5084 15 7 4
1430 15 9 96
4336 15 9 89
1736 15 9 81
5939 15 9 72
546 15 9 62
3584 15 9 53
5750 15 9 42
3615 15 9 35
3421 15 9 27
3437 15 9 19
839 15 9 12
5221 15 9 5
6368 15 13 95
26 15 13 88
5310 15 13 80
2568 15 13 74
4081 15 13 64
4826 15 13 57
101 15 13 50
3482 15 13 40
1919 15 13 31
5958 15 13 23
4455 15 13 14
2828 15 13 4
4326 15 14 95
4198 15 14 87
2621 15 14 80
1841 15 14 74
3015 15 14 64
2993 15 14 57
6077 15 14 49
6299 15 14 40
371 15 14 31
5769 15 14 23
3934 15 14 14
2634 15 14 4
2944 15 15 95
3971 15 15 87
989 15 15 80
1387 15 15 74
653 15 15 64
2260 15 15 57
5275 15 15 49
5238 15 15 40
6385 15 15 30
1087 15 15 22
3430 15 15 13
3241 15 15 4
6104 15 16 94
2747 15 16 88
4770 15 16 80
3991 15 16 73
2684 15 16 64
815 15 16 57
2705 15 16 49
5155 15 16 40
5464 15 16 30
297 15 16 22
1694 15 16 13
2780 15 16 4
6078 15 17 94
1688 15 17 88
3426 15 17 80
3750 15 17 73
2558 15 17 64
4135 15 17 56
1654 15 17 48
4842 15 17 40
5351 15 17 30
143 15 17 22
217 15 17 13
1289 15 17 4
5707 15 18 94
1356 15 18 88
1667 15 18 80
1529 15 18 73
2415 15 18 64
3762 15 18 56
6093 15 18 47
5900 15 18 37
1041 15 18 26
1904 15 18 16
3454 15 18 9
5700 15 19 94
272 15 19 88
590 15 19 80
1200 15 19 73
1084 15 19 64
2317 15 19 56
1391 15 19 47
4680 15 19 37
3778 15 19 25
1647 15 19 16
3064 15 19 9
4244 16 0 94
6076 16 0 87
121 16 0 80
5311 16 0 72
5665 16 0 61
5346 16 0 51
1809 16 0 43
2917 16 0 33
4488 16 0 24
1735 16 0 16
2720 16 0 9
2989 16 2 94
5360 16 2 87
5699 16 2 79
4584 16 2 71
312 16 2 65
4439 16 2 53
4277 16 2 42
2984 16 2 35
3398 16 2 27
1967 16 2 19
3415 16 2 11
472 16 2 4
2524 16 3 94
3390 16 3 87
3602 16 3 79
3578 16 3 71
3736 16 3 64
2207 16 3 56
683 16 3 47
2527 16 3 37
3768 16 3 25
1463 16 3 16
2195 16 3 9
1538 16 4 94
3172 16 4 87
2822 16 4 79
3510 16 4 71
2110 16 4 64
816 16 4 56
562 16 4 47
1221 16 4 37
1300 16 4 25
661 16 4 16
878 16 4 9
538 16 7 94
6396 16 7 86
4673 16 7 77
118 16 7 67
6242 16 7 57
1217 16 7 49
3982 16 7 40
5025 16 7 30
4825 16 7 21
5741 16 7 12
5067 16 7 5
5692 16 8 93
3336 16 8 85
2676 16 8 76
398 16 8 67
2816 16 8 57
5338 16 8 48
4664 16 8 40
4151 16 8 30
3791 16 8 21
4199 16 8 12
2857 16 8 5
5534 16 9 93
2057 16 9 85
2431 16 9 76
3839 16 9 66
4860 16 9 58
3972 16 9 48
4078 16 9 40
3714 16 9 30
2477 16 9 21
2301 16 9 12
2570 16 9 5
5392 16 11 93
127 16 11 85
2186 16 11 76
3530 16 11 66
4807 16 11 58
3467 16 11 48
1172 16 11 40
3599 16 11 30
158 16 11 21
1816 16 11 12
1560 16 11 5
3967 16 19 93
4718 16 19 84
1066 16 19 76
3127 16 19 66
4710 16 19 58
1901 16 19 48
390 16 19 40
1180 16 19 30
2978 16 19 20
2450 16 19 12
33 16 19 5
3363 17 0 93
3994 17 0 84
1039 17 0 76
3024 17 0 66
3925 17 0 58
1378 17 0 48
5568 17 0 39
3017 17 0 30
1874 17 0 20
974 17 0 12
13 17 0 5
3328 17 7 93
2262 17 7 84
563 17 7 76
2154 17 7 66
2872 17 7 58
1050 17 7 48
4951 17 7 39
1838 17 7 30
1493 17 7 20
6424 17 7 11
3476 17 7 3
2521 17 8 93
1377 17 8 84
376 17 8 76
1687 17 8 66
2775 17 8 58
704 17 8 48
2074 17 8 39
1229 17 8 30
6394 17 8 19
2542 17 8 11
3406 17 8 3
6391 17 9 92
5823 17 9 84
5471 17 9 75
518 17 9 68
5651 17 9 60
2364 17 9 53
1869 17 9 42
2927 17 9 35
2754 17 9 27
1715 17 9 19
1046 17 9 11
3342 17 9 3
6358 17 11 92
5467 17 11 84
5169 17 11 75
6204 17 11 67
1830 17 11 57
3370 17 11 48
1600 17 11 39
1220 17 11 30
4437 17 11 19
983 17 11 11
2771 17 11 3
3889 17 12 92
5400 17 12 84
330 17 12 75
4489 17 12 67
1080 17 12 57
257 17 12 48
5461 17 12 38
3371 17 12 30
4116 17 12 19
5974 17 12 10
2047 17 14 92
5126 17 14 84
5924 17 14 74
6139 17 14 63
6032 17 14 55
1976 17 14 47
526 17 14 37
4623 17 14 24
6108 17 14 15
6354 17 14 8
6381 17 16 91
2076 17 16 85
778 17 16 76
5451 17 16 65
6133 17 16 52
2436 17 16 45
2397 17 16 38
2241 17 16 30
3799 17 16 19
5298 17 16 10
5069 17 18 91
5457 17 18 84
4857 17 18 74
6019 17 18 63
5397 17 18 55
1885 17 18 47
3478 17 18 36
3194 17 18 29
287 17 18 20
5472 17 18 11
2176 17 18 3
4761 17 19 91
4297 17 19 84
4561 17 19 74
4924 17 19 63
4571 17 19 55
328 17 19 47
3401 17 19 36
2916 17 19 29
4773 17 19 19
4039 17 19 10
3214 18 0 91
3882 18 0 84
3771 18 0 74
4608 18 0 63
4215 18 0 55
175 18 0 47
2734 18 0 36
846 18 0 29
3738 18 0 19
3563 18 0 10
3155 18 2 91
3034 18 2 84
3383 18 2 74
5933 18 2 62
2468 18 2 53
327 18 2 42
2925 18 2 35
2669 18 2 27
5407 18 2 18
4302 18 2 9
5226 18 3 90
3364 18 3 82
5541 18 3 75
1051 18 3 67
6418 18 3 56
230 18 3 47
4675 18 3 35
535 18 3 27
4224 18 3 18
3295 18 3 9
4685 18 4 90
6389 18 4 81
5269 18 4 72
4937 18 4 61
4689 18 4 51
4780 18 4 42
1762 18 4 35
6046 18 4 26
5960 18 4 15
4686 18 4 8
3644 18 9 90
6266 18 9 81
2793 18 9 72
3396 18 9 61
3741 18 9 51
3257 18 9 42
283 18 9 35
4230 18 9 26
5796 18 9 15
4389 18 9 8
3209 18 11 90
3031 18 11 81
1635 18 11 72
1818 18 11 61
2599 18 11 51
2549 18 11 42
6351 18 11 34
87 18 11 26
5220 18 11 15
4154 18 11 8
3007 19 0 90
1488 19 0 81
6398 19 0 71
1773 19 0 64
360 19 0 56
4468 19 0 46
3946 19 0 37
3301 19 0 24
4849 19 0 15
3010 19 0 8
2271 19 2 90
2298 19 2 80
1632 19 2 72
4821 19 2 60
1370 19 2 53
1025 19 2 41
3431 19 2 33
941 19 2 24
4657 19 2 15
2518 19 2 8
1867 19 3 90
2062 19 3 80
977 19 3 72
3756 19 3 60
160 19 3 53
4907 19 3 40
1152 19 3 30
4531 19 3 18
3120 19 3 9
1568 19 6 90
1945 19 6 80
649 19 6 72
5869 19 6 59
4715 19 6 52
378 19 6 45
6132 19 6 37
2409 19 6 24
4636 19 6 15
1866 19 6 8
5637 19 7 89
1441 19 7 81
5046 19 7 71
5800 19 7 63
3819 19 7 55
4706 19 7 46
3549 19 7 37
2073 19 7 24
1800 19 7 15
6301 19 7 7
3438 19 8 89
405 19 8 81
4927 19 8 71
4315 19 8 63
2490 19 8 55
4703 19 8 46
3449 19 8 37
1109 19 8 24
1615 19 8 15
5150 19 8 7
3199 19 9 89
6140 19 9 80
5587 19 9 71
3471 19 9 63
1716 19 9 55
4344 19 9 46
3357 19 9 37
3692 19 9 23
3558 19 9 14
6186 19 9 3
3026 19 11 89
5282 19 11 80
5147 19 11 71
2197 19 11 63
5770 19 11 54
1994 19 11 45
5293 19 11 37
2324 19 11 23
3513 19 11 14
5027 19 11 3
2731 19 13 89
5116 19 13 80
2848 19 13 71
1939 19 13 63
4411 19 13 54
1974 19 13 45
4989 19 13 37
619 19 13 23
2070 19 13 14
4652 19 13 3
5731 19 14 88
5832 19 14 79
2378 19 14 71
6121 19 14 62
1338 19 14 53
3322 19 14 40
4650 19 14 29
2068 19 14 19
1059 19 14 10
5717 19 15 88
3132 19 15 79
2217 19 15 71
4019 19 15 62
89 19 15 53
2139 19 15 40
3803 19 15 29
6428 19 15 18
1712 19 15 9
5539 19 16 88
3044 19 16 79
1555 19 16 71
3492 19 16 62
5029 19 16 52
5473 19 16 44
4469 19 16 35
3767 19 16 26
4839 19 16 15
4886 19 16 7
4459 19 17 88
2650 19 17 79
289 19 17 71
3240 19 17 62
3665 19 17 52
5364 19 17 44
4174 19 17 35
3630 19 17 26
3898 19 17 15
3884 19 17 7
4196 19 18 88
5484 19 18 78
6101 19 18 69
3001 19 18 63
4171 19 18 54
576 19 18 45
4596 19 18 37
161 19 18 23
1173 19 18 14
5803 19 18 2
3720 19 19 88
1335 19 19 78
4562 19 19 69
780 19 19 63
2449 19 19 54
5495 19 19 44
1801 19 19 35
3605 19 19 26
3324 19 19 15
2230 19 19 7
