2698
2583 0 0 99
5366 0 0 96
2559 0 0 93
2958 0 0 91
4756 0 0 88
4006 0 0 85
4334 0 0 82
5231 0 0 79
2686 0 0 77
2729 0 0 74
5109 0 0 72
5181 0 0 69
4203 0 0 65
5365 0 0 63
606 0 0 61
4105 0 0 58
4990 0 0 55
2640 0 0 53
1173 0 0 51
5468 0 0 49
2343 0 0 47
4465 0 0 44
1136 0 0 41
3065 0 0 37
452 0 0 35
5254 0 0 32
5163 0 0 30
2515 0 0 28
171 0 0 26
4514 0 0 23
4867 0 0 20
2754 0 0 17
5342 0 0 14
4275 0 0 12
4436 0 0 9
5037 0 0 5
5222 0 0 2
5441 0 1 98
4560 0 1 94
5291 0 1 92
1409 0 1 89
1379 0 1 87
2996 0 1 84
2468 0 1 82
2091 0 1 79
1095 0 1 76
2974 0 1 74
4748 0 1 71
3610 0 1 69
2742 0 1 65
2384 0 1 63
4811 0 1 60
2171 0 1 56
5397 0 1 53
2769 0 1 50
4193 0 1 47
1465 0 1 44
4378 0 1 40
4518 0 1 37
3358 0 1 33
25 0 1 30
5322 0 1 26
3530 0 1 23
1968 0 1 20
2131 0 1 17
391 0 1 14
5136 0 1 11
4540 0 1 8
2382 0 1 4
3780 0 1 2
76 0 2 98
1291 0 2 94
4072 0 2 91
2788 0 2 88
2332 0 2 85
3252 0 2 82
5204 0 2 78
3650 0 2 76
5120 0 2 73
2782 0 2 71
1711 0 2 67
32 0 2 64
2415 0 2 61
875 0 2 58
4534 0 2 53
4210 0 2 49
5396 0 2 45
3871 0 2 43
4568 0 2 41
2449 0 2 37
2585 0 2 33
3056 0 2 29
5138 0 2 26
4950 0 2 22
4042 0 2 20
1776 0 2 16
2972 0 2 14
2396 0 2 11
368 0 2 8
1537 0 2 4
3215 0 3 97
2687 0 3 95
2143 0 3 93
597 0 3 90
99 0 3 86
4891 0 3 82
4505 0 3 78
4061 0 3 75
2824 0 3 72
1087 0 3 68
4707 0 3 64
533 0 3 61
3262 0 3 57
5107 0 3 54
3474 0 3 52
568 0 3 49
4827 0 3 45
1222 0 3 42
4341 0 3 39
2241 0 3 36
4812 0 3 32
3103 0 3 30
2664 0 3 26
4402 0 3 22
4247 0 3 19
5164 0 3 17
5309 0 3 13
4829 0 3 11
4798 0 3 7
3955 0 3 4
3089 0 4 97
353 0 4 94
5377 0 4 89
3688 0 4 86
4828 0 4 82
3919 0 4 78
3544 0 4 74
4902 0 4 70
5467 0 4 66
2292 0 4 63
4915 0 4 59
2744 0 4 57
4010 0 4 54
1997 0 4 50
1731 0 4 47
4984 0 4 43
5087 0 4 40
2594 0 4 37
2236 0 4 33
3695 0 4 28
1237 0 4 24
70 0 4 21
4527 0 4 18
1193 0 4 14
1980 0 4 11
873 0 4 7
52 0 4 3
3008 0 5 97
5047 0 5 93
814 0 5 89
2422 0 5 86
3371 0 5 82
4333 0 5 77
882 0 5 74
4353 0 5 70
3763 0 5 66
639 0 5 63
2228 0 5 59
4715 0 5 55
3238 0 5 52
3567 0 5 48
5072 0 5 45
4225 0 5 41
1168 0 5 37
1751 0 5 33
2431 0 5 28
4400 0 5 23
1197 0 5 20
1210 0 5 16
3707 0 5 12
4189 0 5 9
415 0 5 5
2190 0 5 1
2706 0 6 97
5035 0 6 93
267 0 6 89
5307 0 6 85
4973 0 6 81
3518 0 6 78
3086 0 6 74
3589 0 6 70
2849 0 6 66
195 0 6 63
1983 0 6 59
1476 0 6 55
2691 0 6 50
4223 0 6 45
2254 0 6 41
4679 0 6 36
2997 0 6 32
4944 0 6 29
2371 0 6 26
4124 0 6 22
1550 0 6 19
4165 0 6 16
858 0 6 12
3705 0 6 9
1704 0 6 4
1670 0 7 97
1387 0 7 93
179 0 7 89
4440 0 7 85
3940 0 7 81
4567 0 7 77
4757 0 7 73
2205 0 7 71
4762 0 7 66
137 0 7 63
3768 0 7 58
2308 0 7 53
5432 0 7 48
4278 0 7 45
2177 0 7 41
1065 0 7 36
1714 0 7 32
438 0 7 28
1915 0 7 23
5257 0 7 19
972 0 7 16
677 0 7 11
591 0 7 7
5344 0 7 2
744 0 8 97
855 0 8 93
5470 0 8 88
644 0 8 84
4471 0 8 81
3744 0 8 77
4045 0 8 73
3052 0 8 70
146 0 8 66
4270 0 8 62
1256 0 8 60
1706 0 8 56
1811 0 8 53
3979 0 8 48
4109 0 8 45
1496 0 8 41
565 0 8 36
4888 0 8 31
2632 0 8 28
708 0 8 23
1353 0 8 19
4125 0 8 15
2922 0 8 12
2429 0 8 9
4834 0 8 3
2983 0 9 96
2947 0 9 92
3201 0 9 88
5064 0 9 83
3659 0 9 80
5070 0 9 78
2092 0 9 74
2751 0 9 70
5328 0 9 65
5542 0 9 62
2085 0 9 59
1399 0 9 54
5313 0 9 49
4708 0 9 45
861 0 9 41
442 0 9 36
4880 0 9 31
2008 0 9 28
5089 0 9 22
1847 0 9 18
5571 0 9 13
4614 0 9 10
5420 0 9 7
2423 0 9 2
1832 0 10 96
2660 0 10 92
379 0 10 88
5026 0 10 83
4864 0 10 78
1052 0 10 74
2750 0 10 70
1763 0 10 65
4843 0 10 62
1893 0 10 59
545 0 10 54
3764 0 10 48
214 0 10 45
5408 0 10 40
2537 0 10 37
5071 0 10 32
5567 0 10 27
3488 0 10 24
5168 0 10 20
5140 0 10 14
835 0 10 11
5514 0 10 6
4535 0 10 4
5382 0 11 95
5519 0 11 92
5269 0 11 87
2046 0 11 84
3266 0 11 81
604 0 11 77
1888 0 11 73
1647 0 11 70
1629 0 11 65
4623 0 11 62
3818 0 11 58
1969 0 11 53
2269 0 11 48
4779 0 11 44
1516 0 11 40
3459 0 11 36
3909 0 11 31
5 0 11 28
4324 0 11 22
5386 0 11 17
4904 0 11 13
3316 0 11 9
3322 0 11 3
4329 0 12 95
4046 0 12 91
4671 0 12 87
3918 0 12 83
3036 0 12 78
3150 0 12 73
931 0 12 70
362 0 12 65
3364 0 12 61
3140 0 12 57
3920 0 12 54
3639 0 12 48
4054 0 12 44
775 0 12 40
2183 0 12 36
3106 0 12 31
2575 0 12 27
1581 0 12 23
868 0 12 19
2406 0 12 15
4467 0 12 11
2734 0 12 6
1616 0 12 2
3645 0 13 95
2683 0 13 91
2946 0 13 87
2942 0 13 82
3878 0 13 77
1200 0 13 73
2830 0 13 69
2368 0 13 65
2847 0 13 61
4600 0 13 56
4638 0 13 52
2518 0 13 48
3607 0 13 44
4761 0 13 39
1646 0 13 36
2710 0 13 31
1788 0 13 27
3350 0 13 22
4426 0 13 17
4503 0 13 13
2376 0 13 9
1156 0 13 3
3216 0 14 95
47 0 14 91
2624 0 14 87
1543 0 14 82
2595 0 14 77
3830 0 14 72
5462 0 14 67
3312 0 14 63
2234 0 14 58
1020 0 14 53
1624 0 14 48
963 0 14 43
3808 0 14 40
41 0 14 36
3381 0 14 30
1957 0 14 26
3570 0 14 22
224 0 14 17
3972 0 14 13
2485 0 14 8
290 0 14 3
2910 0 15 95
5347 0 15 90
3324 0 15 85
4730 0 15 80
1924 0 15 77
1782 0 15 72
5008 0 15 67
4634 0 15 62
2489 0 15 58
898 0 15 53
763 0 15 48
338 0 15 43
4570 0 15 39
3069 0 15 35
5299 0 15 31
1380 0 15 27
2221 0 15 22
5369 0 15 16
2928 0 15 10
5265 0 15 7
10 0 15 2
1544 0 16 95
4942 0 16 90
3221 0 16 85
3593 0 16 80
5063 0 16 76
2745 0 16 73
2731 0 16 68
4106 0 16 64
37 0 16 60
1071 0 16 56
3538 0 16 52
2022 0 16 48
5464 0 16 42
2001 0 16 39
2753 0 16 35
2822 0 16 31
3981 0 16 26
2699 0 16 22
4488 0 16 16
2059 0 16 10
805 0 16 7
5100 0 16 1
1276 0 17 95
3556 0 17 90
2173 0 17 85
3198 0 17 80
4159 0 17 76
812 0 17 72
4490 0 17 67
2359 0 17 62
307 0 17 58
733 0 17 53
4945 0 17 47
4824 0 17 43
2697 0 17 39
1198 0 17 35
2668 0 17 31
2662 0 17 26
1687 0 17 22
4319 0 17 16
1981 0 17 10
614 0 17 7
4555 0 17 1
5406 0 18 94
4842 0 18 89
3509 0 18 85
1733 0 18 80
3208 0 18 76
5236 0 18 71
4579 0 18 66
3379 0 18 62
5094 0 18 57
2777 0 18 53
4094 0 18 47
1481 0 18 43
1817 0 18 39
4817 0 18 34
2780 0 18 32
4427 0 18 27
5355 0 18 21
877 0 18 18
5155 0 18 13
3752 0 18 7
1633 0 18 1
4181 0 19 94
4332 0 19 89
2814 0 19 85
817 0 19 80
2764 0 19 76
4071 0 19 71
3074 0 19 66
3057 0 19 62
4141 0 19 57
748 0 19 53
3055 0 19 47
2720 0 19 42
4987 0 19 38
4833 0 19 35
4571 0 19 30
4186 0 19 25
1960 0 19 23
2682 0 19 18
3628 0 19 13
3142 0 19 7
1006 0 19 1
3620 2 0 94
3949 2 0 89
2663 2 0 85
707 2 0 80
1631 2 0 76
2857 2 0 71
2732 2 0 66
4055 2 0 61
3554 2 0 56
1378 2 0 52
3160 2 0 47
2256 2 0 42
2627 2 0 38
119 2 0 35
3299 2 0 30
3773 2 0 25
4760 2 0 21
4578 2 0 17
3360 2 0 13
1728 2 0 7
821 2 0 1
3094 2 1 94
3801 2 1 89
1954 2 1 85
225 2 1 80
4890 2 1 75
4553 2 1 71
4237 2 1 65
2801 2 1 61
1839 2 1 56
277 2 1 52
2880 2 1 47
1317 2 1 42
297 2 1 38
4854 2 1 34
4893 2 1 31
4726 2 1 25
2513 2 1 21
5044 2 1 16
673 2 1 10
1352 2 1 6
1518 2 1 2
1160 2 2 94
2036 2 2 89
4651 2 2 84
5394 2 2 80
4541 2 2 75
3038 2 2 71
4233 2 2 65
528 2 2 61
1436 2 2 56
3432 2 2 51
19 2 2 48
4011 2 2 41
4876 2 2 35
2859 2 2 30
2562 2 2 24
2874 2 2 20
4778 2 2 14
3134 2 2 10
5538 2 2 5
921 2 4 94
2408 2 4 88
2892 2 4 83
2968 2 4 78
3039 2 4 73
4659 2 4 67
2255 2 4 62
3286 2 4 57
721 2 4 53
2044 2 4 47
517 2 4 42
4657 2 4 37
4500 2 4 32
1478 2 4 27
3510 2 4 21
2160 2 4 16
622 2 4 10
3651 2 4 4
3931 2 5 93
4663 2 5 87
1182 2 5 82
1929 2 5 77
736 2 5 72
3747 2 5 67
5493 2 5 61
1174 2 5 56
2797 2 5 51
3902 2 5 47
448 2 5 42
4070 2 5 37
3965 2 5 32
774 2 5 27
1894 2 5 21
359 2 5 16
4293 2 5 9
458 2 5 3
2182 2 6 93
3932 2 6 87
383 2 6 82
1345 2 6 77
5426 2 6 71
2817 2 6 65
4343 2 6 60
5030 2 6 55
1796 2 6 50
3104 2 6 45
5027 2 6 40
2581 2 6 35
2325 2 6 30
2540 2 6 24
2 2 6 20
3874 2 6 14
1834 2 6 10
1615 2 6 4
1012 2 7 93
3730 2 7 87
3303 2 7 81
33 2 7 77
3924 2 7 71
1126 2 7 65
1299 2 7 60
4920 2 7 55
896 2 7 50
2482 2 7 45
4305 2 7 40
2535 2 7 35
1254 2 7 30
5054 2 7 23
5461 2 7 17
1145 2 7 13
4479 2 7 6
1339 2 7 2
447 2 8 93
3684 2 8 87
2243 2 8 81
5213 2 8 76
2658 2 8 71
1112 2 8 65
4212 2 8 59
2914 2 8 53
1854 2 8 47
238 2 8 42
2966 2 8 37
1549 2 8 32
767 2 8 27
1441 2 8 21
4759 2 8 15
4204 2 8 11
4396 2 8 5
40 2 10 93
1686 2 10 87
1818 2 10 81
4771 2 10 76
2341 2 10 71
5518 2 10 64
4243 2 10 59
2852 2 10 53
87 2 10 47
4575 2 10 41
3466 2 10 35
304 2 10 30
4242 2 10 23
4508 2 10 17
1144 2 10 12
4962 2 10 7
3680 2 10 1
5433 2 12 92
3416 2 12 87
1749 2 12 81
4585 2 12 76
2339 2 12 71
5373 2 12 64
1045 2 12 59
5544 2 12 52
2669 2 12 47
4550 2 12 41
3138 2 12 35
4723 2 12 29
2258 2 12 25
1810 2 12 21
3882 2 12 15
2878 2 12 11
1674 2 12 5
5137 2 14 92
2335 2 14 87
880 2 14 81
2379 2 14 76
5452 2 14 70
5261 2 14 64
4776 2 14 58
576 2 14 53
5380 2 14 46
4939 2 14 43
542 2 14 39
5572 2 14 32
540 2 14 27
957 2 14 21
1230 2 14 15
1829 2 14 11
5504 2 14 4
4530 2 15 92
1628 2 15 87
5356 2 15 80
4069 2 15 75
2218 2 15 71
5194 2 15 64
4602 2 15 58
4292 2 15 52
2038 2 15 47
4091 2 15 41
2792 2 15 35
3809 2 15 29
4433 2 15 24
4603 2 15 19
1747 2 15 15
1179 2 15 11
3660 2 15 4
4454 2 16 92
1158 2 16 87
3337 2 16 80
3529 2 16 75
4619 2 16 70
5004 2 16 64
3815 2 16 58
2865 2 16 52
1993 2 16 47
2162 2 16 41
2302 2 16 35
3194 2 16 29
2776 2 16 24
3531 2 16 19
5390 2 16 14
51 2 16 10
1293 2 16 4
3690 2 18 92
522 2 18 87
3016 2 18 80
2738 2 18 75
3460 2 18 70
4900 2 18 64
2684 2 18 58
2152 2 18 52
1556 2 18 47
1343 2 18 41
1500 2 18 35
2603 2 18 29
3967 2 18 23
1154 2 18 17
978 2 18 12
3751 2 18 7
95 2 18 1
2695 2 19 92
518 2 19 87
2743 2 19 80
1959 2 19 75
2490 2 19 70
4878 2 19 64
2510 2 19 58
1987 2 19 52
1361 2 19 47
4452 2 19 40
4800 2 19 34
5527 2 19 29
3483 2 19 23
358 2 19 17
795 2 19 12
3398 2 19 7
1101 3 0 92
2984 3 0 86
2548 3 0 81
1701 3 0 76
3614 3 0 70
3442 3 0 64
34 3 0 58
1137 3 0 52
440 3 0 46
3975 3 0 43
1771 3 0 38
1354 3 0 33
1691 3 0 28
3278 3 0 22
3373 3 0 16
3271 3 0 9
389 3 0 3
96 3 1 92
911 3 1 86
2718 3 1 80
1148 3 1 75
2166 3 1 70
5530 3 1 63
4276 3 1 57
5218 3 1 52
3939 3 1 45
1868 3 1 40
4142 3 1 34
2692 3 1 29
236 3 1 23
5336 3 1 16
1889 3 1 9
5536 3 1 2
2090 3 2 91
2211 3 2 86
1153 3 2 80
5494 3 2 74
1913 3 2 70
5292 3 2 63
3006 3 2 57
4184 3 2 52
2417 3 2 45
1821 3 2 40
3666 3 2 34
2009 3 2 29
3704 3 2 22
1660 3 2 16
5569 3 2 8
4992 3 2 2
1742 3 4 91
1427 3 4 86
4067 3 4 79
3721 3 4 75
3397 3 4 69
3740 3 4 64
5358 3 4 57
4147 3 4 52
1032 3 4 45
3061 3 4 39
4549 3 4 32
5431 3 4 26
1258 3 4 22
992 3 4 16
5130 3 4 8
4256 3 4 2
4 3 5 91
4424 3 5 85
123 3 5 80
5214 3 5 74
1729 3 5 70
3132 3 5 63
2018 3 5 57
3720 3 5 52
4640 3 5 44
2704 3 5 39
4442 3 5 32
3291 3 5 26
4110 3 5 21
5321 3 5 14
2155 3 5 9
5023 3 5 2
5482 3 8 90
1577 3 8 85
3799 3 8 79
3501 3 8 75
2564 3 8 69
1331 3 8 64
3206 3 8 57
3060 3 8 52
4627 3 8 44
1569 3 8 39
3661 3 8 32
3264 3 8 26
2531 3 8 21
4975 3 8 14
944 3 8 9
226 3 8 2
3139 3 10 90
251 3 10 85
2266 3 10 79
3298 3 10 75
1359 3 10 69
640 3 10 64
1271 3 10 57
5502 3 10 51
3713 3 10 47
4444 3 10 40
3433 3 10 34
1908 3 10 29
5112 3 10 21
4741 3 10 14
516 3 10 9
5508 3 10 1
2840 3 12 90
5450 3 12 84
5010 3 12 79
1951 3 12 75
407 3 12 69
433 3 12 64
53 3 12 57
4740 3 12 51
2163 3 12 47
3200 3 12 40
3021 3 12 34
1736 3 12 29
4262 3 12 21
4737 3 12 14
201 3 12 9
5437 3 12 1
824 3 14 90
5350 3 14 84
4873 3 14 79
1852 3 14 75
4799 3 14 68
4014 3 14 64
4725 3 14 56
1272 3 14 51
1724 3 14 47
900 3 14 40
2724 3 14 34
5014 3 14 28
2778 3 14 22
133 3 14 16
4566 3 14 8
3652 3 14 2
385 3 15 90
5039 3 15 84
4222 3 15 79
654 3 15 75
3879 3 15 68
3332 3 15 64
4448 3 15 56
1231 3 15 51
5172 3 15 46
4818 3 15 42
1454 3 15 37
2709 3 15 31
4264 3 15 25
4672 3 15 20
1015 3 15 14
5011 3 15 8
908 3 15 2
4918 3 16 89
4179 3 16 84
2937 3 16 79
1649 3 16 74
1666 3 16 70
1790 3 16 63
1517 3 16 57
4510 3 16 51
4414 3 16 46
4287 3 16 42
4092 3 16 36
3346 3 16 30
3390 3 16 23
4205 3 16 16
4464 3 16 8
781 3 16 2
3242 3 18 89
4088 3 18 84
950 3 18 79
1170 3 18 74
4925 3 18 69
1872 3 18 63
636 3 18 57
2689 3 18 51
4008 3 18 46
4718 3 18 41
1192 3 18 35
809 3 18 29
3951 3 18 21
3699 3 18 14
4460 3 18 8
5485 3 18 1
2401 3 19 89
3727 3 19 84
672 3 19 79
659 3 19 74
4191 3 19 69
1389 3 19 63
552 3 19 57
1207 3 19 51
3541 3 19 46
4690 3 19 41
272 3 19 35
4134 3 19 28
4816 3 19 21
2542 3 19 14
4304 3 19 8
5245 3 19 1
71 4 2 89
5132 4 2 83
4443 4 2 77
3504 4 2 71
3520 4 2 64
3284 4 2 56
5260 4 2 50
1571 4 2 45
2284 4 2 39
1358 4 2 32
2929 4 2 26
2404 4 2 21
2459 4 2 14
2447 4 2 8
4767 4 2 1
4331 4 4 88
2148 4 4 83
4239 4 4 77
2312 4 4 71
3377 4 4 64
2953 4 4 56
5056 4 4 50
5338 4 4 44
5188 4 4 38
1187 4 4 33
1383 4 4 28
4299 4 4 21
299 4 4 14
3933 4 4 7
5046 4 5 87
2593 4 5 80
2990 4 5 74
2509 4 5 69
275 4 5 63
4215 4 5 56
2964 4 5 50
3835 4 5 44
3813 4 5 38
859 4 5 33
469 4 5 27
836 4 5 21
4592 4 5 13
3281 4 5 6
3985 4 6 87
3205 4 6 79
158 4 6 74
4401 4 6 68
5190 4 6 63
2121 4 6 56
2641 4 6 50
3014 4 6 44
2100 4 6 38
414 4 6 33
1762 4 6 26
5364 4 6 20
189 4 6 14
5196 4 6 6
3231 4 8 87
547 4 8 79
4346 4 8 73
3831 4 8 67
3929 4 8 61
4261 4 8 55
561 4 8 50
2881 4 8 44
1462 4 8 38
5375 4 8 32
4972 4 8 25
453 4 8 20
5248 4 8 13
3129 4 8 6
2773 4 10 86
3858 4 10 79
4283 4 10 73
3667 4 10 67
3703 4 10 61
374 4 10 55
4917 4 10 49
4554 4 10 45
2248 4 10 39
990 4 10 32
3820 4 10 25
3102 4 10 19
5319 4 10 14
5183 4 10 6
1880 4 12 86
1587 4 12 79
3471 4 12 73
3041 4 12 67
1545 4 12 61
5539 4 12 54
3409 4 12 48
2340 4 12 41
3361 4 12 34
3655 4 12 28
3895 4 12 21
3829 4 12 12
2328 4 12 7
1285 4 18 86
1445 4 18 79
2416 4 18 73
2170 4 18 67
434 4 18 61
3948 4 18 54
2980 4 18 48
5285 4 18 40
2524 4 18 34
1837 4 18 28
2414 4 18 21
3128 4 18 12
1466 4 18 7
4492 5 0 85
4038 5 0 78
2787 5 0 73
4826 5 0 66
1801 5 0 60
2474 5 0 55
4647 5 0 49
2862 5 0 45
443 5 0 39
918 5 0 32
3274 5 0 25
3082 5 0 19
4145 5 0 14
2528 5 0 6
1768 5 4 85
3076 5 4 78
1612 5 4 73
2977 5 4 66
1730 5 4 60
273 5 4 55
4384 5 4 49
1652 5 4 45
395 5 4 39
409 5 4 32
2062 5 4 25
2860 5 4 19
1668 5 4 14
2191 5 4 6
1879 5 10 84
5283 5 10 78
1584 5 10 73
2916 5 10 66
141 5 10 60
4892 5 10 54
2829 5 10 48
5122 5 10 40
2249 5 10 34
4406 5 10 27
5573 5 10 20
647 5 10 12
1257 5 10 7
1597 5 12 84
4336 5 12 78
75 5 12 73
2365 5 12 66
3453 5 12 59
5533 5 12 52
4074 5 12 44
5359 5 12 37
889 5 12 31
3482 5 12 25
1737 5 12 19
1278 5 12 14
1406 5 12 6
925 5 15 81
3993 5 15 75
5444 5 15 67
4588 5 15 60
1970 5 15 54
1610 5 15 48
4874 5 15 40
2037 5 15 34
2717 5 15 27
4099 5 15 20
20 5 15 12
3388 5 15 6
4954 6 10 78
4591 6 10 72
1199 6 10 67
4468 6 10 60
688 6 10 54
789 6 10 48
4445 6 10 40
4923 6 10 33
1100 6 10 26
5279 6 10 20
3865 6 10 11
3334 6 10 4
2398 6 12 78
1918 6 12 72
1676 6 12 66
3227 6 12 59
3958 6 12 52
5383 6 12 43
1194 6 12 38
5110 6 12 32
958 6 12 25
4201 6 12 18
862 6 12 13
645 6 12 6
735 6 15 78
1709 6 15 72
326 6 15 66
2793 6 15 59
2605 6 15 52
4804 6 15 43
4814 6 15 37
176 6 15 31
2399 6 15 25
3836 6 15 18
487 6 15 13
3389 6 15 5
314 6 16 78
1484 6 16 72
5392 6 16 65
1043 6 16 59
2552 6 16 52
4093 6 16 43
4383 6 16 37
4594 6 16 30
2557 6 16 23
3735 6 16 16
3600 6 16 8
4615 6 16 1
1016 6 17 77
2070 6 17 71
2875 6 17 64
2158 6 17 56
2023 6 17 50
1925 6 17 44
5162 6 17 37
4043 6 17 30
1743 6 17 23
1428 6 17 16
3571 6 17 7
1167 6 18 33
4213 6 18 25
3044 6 18 18
81 6 18 13
2138 6 18 5
1617 6 19 98
4197 6 19 93
1119 6 19 87
5427 6 19 78
360 6 19 72
4425 6 19 65
760 6 19 59
1169 6 19 52
4681 6 19 42
2794 6 19 36
3113 6 19 30
1073 6 19 23
4309 6 19 15
780 6 19 11
2020 6 19 4
4115 7 1 97
5488 7 1 92
909 7 1 86
602 7 1 79
1082 7 1 73
4958 7 1 65
3608 7 1 58
221 7 1 52
4236 7 1 42
2728 7 1 36
2209 7 1 30
823 7 1 23
3419 7 1 15
4796 7 1 10
891 7 1 4
3503 7 2 97
4830 7 2 92
881 7 2 86
5570 7 2 78
4901 7 2 71
1008 7 2 64
692 7 2 56
1049 7 2 50
582 7 2 44
4980 7 2 37
3677 7 2 30
3957 7 2 22
4030 7 2 15
3062 7 2 10
410 7 2 4
3788 7 4 95
2758 7 4 90
4705 7 4 84
2288 7 4 78
456 7 4 71
4180 7 4 63
772 7 4 56
5101 7 4 49
5062 7 4 44
1392 7 4 37
3611 7 4 30
3368 7 4 22
3259 7 4 15
2136 7 4 10
5154 7 4 3
1422 7 7 95
2034 7 7 90
3239 7 7 84
2039 7 7 78
43 7 7 71
3167 7 7 63
2362 7 7 55
2622 7 7 49
3355 7 7 44
455 7 7 37
1121 7 7 30
1870 7 7 22
2956 7 7 15
1716 7 7 10
2991 7 7 3
3452 7 10 94
2199 7 10 88
1770 7 10 83
2318 7 10 77
977 7 10 71
1683 7 10 63
136 7 10 55
2818 7 10 48
3487 7 10 40
3063 7 10 33
1669 7 10 25
2654 7 10 18
2643 7 10 12
2105 7 10 6
2512 7 14 94
1991 7 14 88
792 7 14 83
1618 7 14 77
4112 7 14 70
1529 7 14 63
4284 7 14 54
2555 7 14 47
3508 7 14 39
3320 7 14 31
1941 7 14 25
2130 7 14 18
1292 7 14 12
526 7 14 6
2841 7 15 93
465 7 15 87
4085 7 15 78
2863 7 15 70
1159 7 15 63
3839 7 15 54
2217 7 15 47
2702 7 15 39
1936 7 15 31
2386 7 15 24
1705 7 15 19
45 7 15 14
628 7 15 6
1029 7 16 93
5483 7 16 86
3945 7 16 78
2129 7 16 70
885 7 16 63
2630 7 16 54
959 7 16 47
1748 7 16 39
715 7 16 31
167 7 16 24
1658 7 16 19
5175 7 16 13
1775 7 16 5
948 7 17 93
4769 7 17 86
2870 7 17 78
490 7 17 70
5546 7 17 62
1759 7 17 57
1139 7 17 51
2320 7 17 46
4313 7 17 41
1939 7 17 34
2617 7 17 27
3018 7 17 20
3310 7 17 11
717 7 17 4
756 7 18 93
4254 7 18 86
2064 7 18 78
405 7 18 70
4420 7 18 62
1068 7 18 57
5495 7 18 50
457 7 18 44
289 7 18 37
175 7 18 30
1365 7 18 22
2321 7 18 15
1203 7 18 9
1351 7 18 1
3605 7 19 92
793 7 19 86
1471 7 19 78
5417 7 19 69
5511 7 19 62
505 7 19 57
4668 7 19 50
4352 7 19 43
3894 7 19 37
4318 7 19 29
3258 7 19 21
2741 7 19 12
3976 7 19 5
3273 8 1 92
747 8 1 86
3807 8 1 77
2310 8 1 70
4376 8 1 62
4446 8 1 56
3991 8 1 49
536 8 1 44
5108 8 1 36
912 8 1 30
4098 8 1 21
1565 8 1 12
3942 8 1 5
492 8 2 92
4845 8 2 85
2094 8 2 78
5016 8 2 69
4422 8 2 62
507 8 2 56
3786 8 2 49
57 8 2 44
4613 8 2 36
327 8 2 30
454 8 2 21
1259 8 2 12
3616 8 2 5
62 8 4 92
3823 8 4 85
1519 8 4 78
4238 8 4 67
1937 8 4 60
4738 8 4 53
2994 8 4 46
2115 8 4 41
1003 8 4 34
2463 8 4 27
2612 8 4 20
1526 8 4 11
471 8 4 4
4676 8 5 91
3521 8 5 85
1432 8 5 78
1819 8 5 67
4241 8 5 59
4636 8 5 51
3427 8 5 45
5349 8 5 38
5001 8 5 32
5399 8 5 24
1641 8 5 19
4101 8 5 13
674 8 5 5
4462 8 7 91
3313 8 7 85
1335 8 7 78
1638 8 7 67
1912 8 7 59
4150 8 7 51
3260 8 7 45
4644 8 7 38
4048 8 7 32
4301 8 7 24
5201 8 7 18
5281 8 7 11
5465 8 7 3
1099 9 1 91
3017 9 1 85
1188 9 1 78
393 9 1 67
3226 9 1 58
115 9 1 52
4266 9 1 41
1001 9 1 34
2147 9 1 27
1528 9 1 20
5312 9 1 10
2402 9 1 3
154 9 2 91
971 9 2 85
5215 9 2 77
279 9 2 70
3135 9 2 62
523 9 2 55
1023 9 2 48
1732 9 2 40
1122 9 2 33
1234 9 2 25
287 9 2 18
2203 9 2 11
3995 9 2 3
3319 9 4 90
3009 9 4 84
4914 9 4 77
68 9 4 70
2752 9 4 62
4793 9 4 54
1859 9 4 46
1877 9 4 41
826 9 4 34
80 9 4 27
1316 9 4 20
3321 9 4 10
3464 9 4 2
2375 9 5 90
599 9 5 84
3394 9 5 77
5509 9 5 69
3525 9 5 62
3802 9 5 54
419 9 5 46
949 9 5 41
5331 9 5 33
893 9 5 25
5002 9 5 17
693 9 5 12
3363 9 5 5
1038 9 7 90
2657 9 7 83
1578 9 7 77
4470 9 7 69
2440 9 7 62
4375 9 7 53
2596 9 7 46
936 9 7 41
4253 9 7 33
5031 9 7 24
5050 9 7 18
1413 9 7 11
1300 9 7 3
1028 9 8 90
2545 9 8 83
5166 9 8 76
3177 9 8 70
384 9 8 62
4116 9 8 53
3451 9 8 45
4335 9 8 38
3496 9 8 32
4003 9 8 24
3400 9 8 18
1109 9 8 11
5178 9 8 2
65 9 9 90
1468 9 9 83
4951 9 9 76
662 9 9 70
4780 9 9 61
3856 9 9 54
69 9 9 46
754 9 9 41
2527 9 9 33
3410 9 9 24
2075 9 9 18
615 9 9 11
4096 9 9 2
3606 9 11 89
4151 9 11 83
4380 9 11 76
375 9 11 70
3328 9 11 61
799 9 11 54
4381 9 11 45
2936 9 11 38
2394 9 11 32
3114 9 11 24
755 9 11 18
400 9 11 11
4080 9 11 2
3456 9 12 89
3876 9 12 83
2615 9 12 76
5097 9 12 69
4206 9 12 61
198 9 12 54
4119 9 12 44
2098 9 12 36
5563 9 12 29
3223 9 12 21
55 9 12 12
2043 9 12 5
3000 9 13 89
2912 9 13 83
2352 9 13 76
2048 9 13 69
1294 9 13 61
3305 9 13 53
3314 9 13 45
2139 9 13 38
1555 9 13 32
2985 9 13 24
2174 9 13 17
541 9 13 12
1340 9 13 5
2838 9 14 89
2696 9 14 83
2301 9 14 76
1364 9 14 69
866 9 14 61
2917 9 14 53
1473 9 14 45
685 9 14 38
923 9 14 32
801 9 14 24
2144 9 14 17
1779 9 14 11
4064 9 14 2
796 9 16 89
2135 9 16 83
1464 9 16 76
769 9 16 69
3670 9 16 60
4297 9 16 53
4698 9 16 44
1853 9 16 36
5556 9 16 29
2569 9 16 21
3668 9 16 11
3559 9 16 2
349 9 17 89
1715 9 17 83
1143 9 17 76
766 9 17 69
2835 9 17 60
4877 9 17 52
4174 9 17 41
1103 9 17 33
3315 9 17 24
2125 9 17 17
5105 9 17 10
985 9 17 2
5401 9 18 88
5402 9 18 82
4648 9 18 76
4680 9 18 68
3450 9 18 63
5410 9 18 53
3633 9 18 44
1388 9 18 36
5151 9 18 29
256 9 18 21
3573 9 18 11
252 9 18 2
5169 9 19 88
5053 9 19 82
3050 9 19 76
4135 9 19 68
2864 9 19 63
3492 9 19 53
3447 9 19 44
1134 9 19 36
4017 9 19 29
5545 9 19 20
1744 9 19 10
695 9 19 2
4764 10 9 88
3709 10 9 82
2074 10 9 76
145 10 9 68
5103 10 9 62
3042 10 9 53
2950 10 9 44
3734 10 9 35
3754 10 9 28
1186 10 9 21
2774 10 9 11
2604 10 9 1
5000 10 16 87
2127 10 16 78
184 10 16 67
2799 10 16 58
5059 10 16 51
3229 10 16 45
5144 10 16 37
4273 10 16 29
4795 10 16 20
2006 10 16 9
543 10 16 1
2294 10 17 87
2078 10 17 78
3168 10 17 66
2215 10 17 59
4104 10 17 51
3045 10 17 45
4519 10 17 37
3806 10 17 29
4728 10 17 20
1881 10 17 9
3116 10 17 1
2146 10 18 87
494 10 18 78
2462 10 18 66
377 10 18 59
3817 10 18 51
2945 10 18 45
4271 10 18 37
2142 10 18 29
1865 10 18 20
4754 10 18 8
1928 10 18 1
213 10 19 86
4009 10 19 76
5412 10 19 67
2543 10 19 58
4156 10 19 51
2351 10 19 45
2016 10 19 37
1535 10 19 29
1843 10 19 20
4517 10 19 8
1096 10 19 1
5263 11 0 85
4195 11 0 77
3385 11 0 69
495 11 0 60
4079 11 0 52
3783 11 0 41
5525 11 0 32
4810 11 0 23
3161 11 0 15
894 11 0 9
1800 11 1 84
2225 11 1 77
2708 11 1 69
2703 11 1 59
3343 11 1 51
5543 11 1 44
2240 11 1 35
3393 11 1 28
5177 11 1 20
3555 11 1 8
3408 11 2 83
432 11 2 76
4670 11 2 67
2128 11 2 58
2944 11 2 51
4245 11 2 44
4536 11 2 34
3015 11 2 26
4461 11 2 20
2420 11 2 8
2291 11 3 83
4073 11 3 75
5271 11 3 67
262 11 3 58
5513 11 3 50
3758 11 3 43
5325 11 3 36
3692 11 3 29
1373 11 3 20
5167 11 3 7
2466 11 4 81
1131 11 4 75
4960 11 4 67
147 11 4 58
4709 11 4 50
583 11 4 43
4703 11 4 36
3323 11 4 29
2867 11 4 19
1009 11 4 13
4515 11 4 4
2345 11 5 80
621 11 5 74
3446 11 5 67
4498 11 5 57
3439 11 5 50
5143 11 5 42
2590 11 5 36
2815 11 5 29
1805 11 5 19
421 11 5 13
4285 11 5 4
398 11 6 80
4727 11 6 73
3980 11 6 65
3165 11 6 58
3158 11 6 50
4630 11 6 42
649 11 6 36
1681 11 6 29
1097 11 6 19
370 11 6 13
3033 11 6 4
3863 11 7 78
2367 11 7 66
193 11 7 59
2651 11 7 51
3762 11 7 44
3212 11 7 34
2393 11 7 26
3378 11 7 20
4616 11 7 7
4642 11 8 74
2273 11 8 67
5332 11 8 56
1657 11 8 49
4822 11 8 43
3609 11 8 36
1235 11 8 29
245 11 8 19
5376 11 8 12
4311 11 8 4
431 11 9 73
3090 11 9 65
734 11 9 58
1538 11 9 50
1286 11 9 42
5223 11 9 35
2219 11 9 28
4794 11 9 20
3569 11 9 7
5541 11 11 72
4155 11 11 65
5346 11 11 57
2081 11 11 50
312 11 11 42
3449 11 11 35
1718 11 11 28
3868 11 11 20
2317 11 11 7
5234 11 13 71
472 11 13 63
3359 11 13 53
1607 11 13 44
2766 11 13 34
1264 11 13 26
2809 11 13 20
1533 11 13 7
4397 12 0 64
2161 12 0 55
886 12 0 48
1206 12 0 40
363 12 0 33
2538 12 0 24
1600 12 0 17
4246 12 0 10
345 12 0 2
2330 12 1 64
1532 12 1 55
638 12 1 48
231 12 1 40
4437 12 1 32
3722 12 1 23
1856 12 1 15
16 12 1 9
3938 12 2 49
4089 12 2 43
3475 12 2 36
4601 12 2 28
3064 12 2 20
4618 12 2 6
1177 12 3 96
1281 12 3 92
3785 12 3 85
1883 12 3 77
2433 12 3 69
2671 12 3 59
2361 12 3 51
2707 12 3 44
726 12 3 34
205 12 3 26
771 12 3 20
4611 12 3 6
658 12 4 96
1107 12 4 92
2276 12 4 85
1541 12 4 77
807 12 4 69
820 12 4 59
1757 12 4 51
2300 12 4 44
261 12 4 34
4573 12 4 25
4108 12 4 17
3683 12 4 10
5472 12 4 1
1982 12 5 95
946 12 5 90
729 12 5 83
3992 12 5 75
4173 12 5 67
2621 12 5 56
4978 12 5 48
4976 12 5 39
235 12 5 31
2443 12 5 23
463 12 5 15
4930 12 5 8
1850 12 11 95
4607 12 11 89
5555 12 11 82
1161 12 11 76
3926 12 11 67
1848 12 11 56
3869 12 11 48
3712 12 11 39
5526 12 11 30
298 12 11 21
2004 12 11 11
4349 12 11 1
153 12 13 95
3369 12 13 89
5521 12 13 82
544 12 13 76
837 12 13 67
689 12 13 56
2965 12 13 48
412 12 13 39
5018 12 13 30
5003 12 13 20
1636 12 13 6
4306 12 14 94
932 12 14 88
3649 12 14 82
2873 12 14 75
3898 12 14 67
579 12 14 56
5550 12 14 47
148 12 14 39
4654 12 14 30
3673 12 14 20
1480 12 14 6
2522 12 15 94
5537 12 15 87
4660 12 15 77
608 12 15 69
530 12 15 59
1735 12 15 51
1450 12 15 44
2033 12 15 33
2499 12 15 24
1470 12 15 17
1680 12 15 10
3615 12 15 1
2267 12 16 94
4750 12 16 87
1248 12 16 77
4704 12 16 68
4291 12 16 62
2740 12 16 53
1031 12 16 44
4523 12 16 32
3473 12 16 23
444 12 16 15
4702 12 16 8
4859 12 17 93
3300 12 17 86
3111 12 17 76
612 12 17 67
5092 12 17 55
987 12 17 47
5145 12 17 38
4722 12 17 31
2282 12 17 23
5574 12 17 14
29 12 17 6
3032 12 18 93
4307 12 18 85
3462 12 18 76
1992 12 18 66
163 12 18 59
930 12 18 51
30 12 18 44
3915 12 18 32
1446 12 18 23
4838 12 18 14
593 12 18 5
2498 12 19 93
2611 12 19 85
284 12 19 76
1442 12 19 66
4967 12 19 58
1312 12 19 50
5079 12 19 41
2520 12 19 32
85 12 19 23
4187 12 19 14
4720 12 19 4
2262 13 5 93
4429 13 5 84
2117 13 5 77
4390 13 5 68
3899 13 5 62
2122 13 5 53
134 13 5 44
1039 13 5 32
4645 13 5 22
613 13 5 15
4431 13 5 8
2031 13 7 93
4199 13 7 84
1665 13 7 77
3717 13 7 68
1623 13 7 62
906 13 7 53
3351 13 7 43
1042 13 7 36
3944 13 7 28
24 13 7 20
222 13 7 6
5176 13 8 92
1548 13 8 85
3934 13 8 75
3505 13 8 67
4350 13 8 55
811 13 8 47
4906 13 8 38
4129 13 8 31
2154 13 8 23
3511 13 8 14
4413 13 8 4
5119 13 9 92
159 13 9 85
2065 13 9 75
2825 13 9 67
1878 13 9 55
4590 13 9 46
4365 13 9 40
3746 13 9 32
4019 13 9 22
600 13 9 15
3888 13 9 8
4312 13 11 92
4941 13 11 84
5457 13 11 76
3540 13 11 65
2451 13 11 57
567 13 11 50
4922 13 11 41
264 13 11 32
2762 13 11 22
2812 13 11 14
3542 13 11 4
4034 14 0 92
4209 14 0 84
5280 14 0 76
4289 14 0 64
1437 14 0 55
2363 14 0 46
3512 14 0 40
3646 14 0 32
2748 14 0 22
477 14 0 14
2181 14 0 4
2503 14 1 92
4128 14 1 84
4625 14 1 76
50 14 1 64
230 14 1 55
1964 14 1 46
2843 14 1 40
1027 14 1 31
714 14 1 23
2544 14 1 14
1420 14 1 4
2015 14 2 92
4007 14 2 84
3927 14 2 76
3630 14 2 61
848 14 2 53
2383 14 2 43
690 14 2 36
3632 14 2 28
5061 14 2 19
5212 14 2 12
3907 14 2 4
1661 14 3 92
3827 14 3 84
5287 14 3 75
2803 14 3 67
3404 14 3 54
3822 14 3 44
234 14 3 32
2715 14 3 22
5115 14 3 13
1146 14 3 4
1025 14 5 92
3162 14 5 83
2969 14 5 75
2061 14 5 67
3127 14 5 54
3562 14 5 44
4002 14 5 31
4053 14 5 22
4033 14 5 13
5515 14 5 3
732 14 6 92
1898 14 6 83
2397 14 6 75
1682 14 6 67
130 14 6 54
3152 14 6 44
5165 14 6 30
3414 14 6 20
4692 14 6 5
401 14 7 92
5486 14 7 82
2210 14 7 75
399 14 7 67
5210 14 7 53
563 14 7 43
556 14 7 36
2405 14 7 28
3267 14 7 19
5052 14 7 12
3188 14 7 4
4339 14 8 90
3812 14 8 82
3777 14 8 74
1906 14 8 67
3186 14 8 53
5104 14 8 42
425 14 8 35
833 14 8 28
2172 14 8 19
2770 14 8 12
2963 14 8 4
3923 14 9 90
3489 14 9 82
2387 14 9 74
1180 14 9 67
14 14 9 53
2941 14 9 42
5034 14 9 34
4563 14 9 25
778 14 9 17
1444 14 9 10
3213 14 9 1
3739 14 11 90
3002 14 11 82
2186 14 11 74
5237 14 11 66
4666 14 11 58
286 14 11 50
4894 14 11 41
5473 14 11 31
2338 14 11 22
3003 14 11 13
5510 14 11 3
2179 14 12 90
2477 14 12 82
5148 14 12 73
2635 14 12 65
481 14 12 57
5343 14 12 49
3429 14 12 42
4593 14 12 34
4121 14 12 25
723 14 12 17
5456 14 12 9
1401 14 13 90
1395 14 13 82
4512 14 13 73
2050 14 13 65
324 14 13 57
4755 14 13 49
3019 14 13 42
4483 14 13 34
3137 14 13 25
334 14 13 17
5220 14 13 9
1329 14 14 90
1367 14 14 82
3672 14 14 73
851 14 14 65
4802 14 14 56
2973 14 14 47
4885 14 14 38
3105 14 14 31
2289 14 14 22
253 14 14 13
3675 14 14 3
773 14 15 90
1127 14 15 82
2077 14 15 73
5141 14 15 64
3287 14 15 54
2889 14 15 44
3637 14 15 30
1827 14 15 20
2894 14 15 5
5131 14 16 89
3664 14 16 82
5057 14 16 72
3552 14 16 65
3119 14 16 56
2833 14 16 47
3953 14 16 38
2800 14 16 31
1494 14 16 22
4459 14 16 12
2570 14 16 4
1076 14 17 89
3112 14 17 82
3096 14 17 72
2344 14 17 65
2832 14 17 56
2828 14 17 47
3928 14 17 38
1622 14 17 31
4989 14 17 21
1423 14 17 11
2480 14 17 1
4691 14 18 88
2810 14 18 82
2076 14 18 72
1930 14 18 65
2356 14 18 56
1831 14 18 47
1808 14 18 38
1315 14 18 31
4926 14 18 21
5199 14 18 10
5012 14 19 87
337 14 19 77
3702 14 19 68
1374 14 19 62
242 14 19 53
74 14 19 42
4196 14 19 34
3084 14 19 25
4408 14 19 16
3230 14 19 7
2454 15 0 87
3418 15 0 76
1060 15 0 61
808 15 0 53
5496 15 0 41
5021 15 0 31
2487 15 0 21
2430 15 0 9
1975 16 0 87
2721 16 0 76
5203 16 0 60
2886 16 0 52
192 16 0 41
4857 16 0 31
1761 16 0 21
512 16 0 9
1488 16 2 87
741 16 2 76
4658 16 2 60
2500 16 2 52
2948 16 2 40
629 16 2 31
204 16 2 21
3889 16 2 8
5479 16 4 86
2904 16 4 76
3969 16 4 60
2377 16 4 52
500 16 4 40
5314 16 4 30
5134 16 4 19
1780 16 4 12
1505 16 4 4
5195 16 5 85
325 16 5 75
3182 16 5 66
4486 16 5 58
5442 16 5 49
5341 16 5 41
4076 16 5 31
116 16 5 21
697 16 5 8
4272 16 6 85
190 16 6 75
3143 16 6 66
4382 16 6 58
4344 16 6 49
3617 16 6 41
3796 16 6 31
5295 16 6 20
698 16 6 5
3431 16 7 85
126 16 7 75
2967 16 7 66
4137 16 7 58
4130 16 7 49
2435 16 7 41
3656 16 7 31
4170 16 7 20
3592 16 7 4
3184 16 8 85
5327 16 8 74
4882 16 8 66
2573 16 8 58
4022 16 8 49
1700 16 8 41
3263 16 8 31
3261 16 8 20
2257 16 8 4
2652 16 9 85
5007 16 9 74
4678 16 9 66
2242 16 9 58
3905 16 9 49
1685 16 9 41
1497 16 9 31
1344 16 9 20
1184 16 9 4
2436 16 11 85
4971 16 11 74
4556 16 11 66
562 16 11 58
3318 16 11 49
587 16 11 41
5529 16 11 30
3810 16 11 19
2193 16 11 11
1106 16 12 85
3629 16 12 74
2309 16 12 66
3973 16 12 57
4044 16 12 49
5086 16 12 40
4489 16 12 30
2505 16 12 19
2029 16 12 11
610 16 13 85
3329 16 13 74
2041 16 13 66
1384 16 13 57
3174 16 13 49
4163 16 13 40
3714 16 13 30
1777 16 13 19
849 16 13 11
2854 16 14 84
1786 16 14 75
2819 16 14 66
56 16 14 57
2786 16 14 49
3007 16 14 40
1863 16 14 30
844 16 14 19
724 16 14 11
3072 16 15 83
5268 16 15 74
1890 16 15 66
4855 16 15 56
888 16 15 47
1277 16 15 38
1302 16 15 31
1064 16 15 20
1057 16 15 4
2676 16 16 83
4863 16 16 74
499 16 16 66
4788 16 16 56
271 16 16 47
4063 16 16 37
617 16 16 29
3438 16 16 18
3654 16 16 10
2196 16 17 83
3120 16 17 74
5205 16 17 65
1214 16 17 56
4847 16 17 46
4977 16 17 39
3026 16 17 30
89 16 17 19
5298 16 17 10
3095 16 18 81
4127 16 18 74
5022 16 18 65
819 16 18 56
4697 16 18 46
4509 16 18 39
1474 16 18 30
4856 16 18 18
2250 16 18 10
2923 16 19 78
2053 16 19 66
3930 16 19 56
3962 16 19 46
4322 16 19 39
857 16 19 30
4700 16 19 18
2104 16 19 10
691 17 0 78
1792 17 0 66
3925 17 0 56
5453 17 0 45
4733 17 0 36
988 17 0 28
2097 17 0 19
5242 17 0 10
1994 17 2 77
3430 17 2 68
218 17 2 62
1598 17 2 52
331 17 2 40
1467 17 2 30
3916 17 2 18
1105 17 2 10
5302 17 4 75
2360 17 4 66
3535 17 4 56
5198 17 4 45
4399 17 4 36
832 17 4 28
450 17 4 19
2251 17 4 10
1857 17 5 69
4729 17 5 58
3107 17 5 49
293 17 5 40
5460 17 5 29
2908 17 5 18
142 17 5 10
1456 17 6 69
4208 17 6 57
2623 17 6 49
4418 17 6 39
372 17 6 30
2783 17 6 18
4599 17 6 9
4393 17 7 65
727 17 7 56
4298 17 7 45
3265 17 7 36
8 17 7 28
260 17 7 19
1866 17 7 10
3598 17 11 63
3071 17 11 53
2907 17 11 41
5469 17 11 30
2492 17 11 18
3687 17 11 9
283 17 12 47
1861 17 12 37
4160 17 12 28
5540 17 12 18
2502 17 12 9
3109 17 13 93
3387 17 13 84
1275 17 13 75
1963 17 13 66
786 17 13 56
3476 17 13 45
728 17 13 36
5043 17 13 27
1035 17 13 20
300 17 13 4
2506 17 14 93
1120 17 14 84
269 17 14 75
108 17 14 66
3733 17 14 55
73 17 14 46
2591 17 14 39
361 17 14 30
1948 17 14 18
929 17 14 9
2299 17 15 93
960 17 15 84
3481 17 15 74
4861 17 15 65
4675 17 15 55
5552 17 15 45
4713 17 15 35
548 17 15 28
4495 17 15 18
3935 17 15 8
2295 17 16 93
928 17 16 84
2580 17 16 74
3154 17 16 65
4407 17 16 55
3618 17 16 45
4664 17 16 34
2620 17 16 25
4176 17 16 16
2898 17 16 7
1938 17 17 93
498 17 17 84
702 17 17 74
422 17 17 65
3046 17 17 55
3543 17 17 45
2655 17 17 34
1458 17 17 25
3117 17 17 16
428 17 17 7
1887 17 18 93
5060 17 18 83
2891 17 18 74
4586 17 18 64
783 17 18 54
2066 17 18 44
3191 17 18 30
712 17 18 18
3357 17 18 8
1608 17 19 93
2057 17 19 83
2746 17 19 74
2112 17 19 64
4231 17 19 53
2327 17 19 41
3671 17 19 30
5152 17 19 17
4809 17 19 9
3478 18 0 92
4340 18 0 82
1349 18 0 72
1266 18 0 65
1804 18 0 55
2589 18 0 45
1766 18 0 34
356 18 0 25
2187 18 0 16
4739 18 0 6
2357 18 2 92
3988 18 2 82
333 18 2 72
1094 18 2 65
1117 18 2 55
1250 18 2 45
411 18 2 34
132 18 2 25
1506 18 2 16
4268 18 2 6
2042 18 7 92
3290 18 7 82
3662 18 7 71
5296 18 7 62
5084 18 7 51
5340 18 7 43
4149 18 7 35
4274 18 7 27
719 18 7 20
3528 18 7 3
1348 18 9 92
2337 18 9 82
3497 18 9 71
2222 18 9 62
4770 18 9 51
3653 18 9 43
3392 18 9 35
4066 18 9 27
5182 18 9 19
1841 18 9 10
632 19 0 92
943 19 0 82
3011 19 0 71
1945 19 0 62
4308 19 0 51
2636 19 0 43
2681 19 0 35
1934 19 0 27
2071 19 0 19
1439 19 0 10
49 19 2 92
5128 19 2 81
3634 19 2 74
1536 19 2 64
4747 19 2 52
247 19 2 40
3643 19 2 29
1813 19 2 18
1752 19 2 8
3151 19 3 91
999 19 3 84
406 19 3 74
1284 19 3 64
3441 19 3 52
4472 19 3 39
58 19 3 30
2418 19 3 17
3625 19 3 9
2200 19 4 91
4584 19 4 83
2725 19 4 74
502 19 4 64
2779 19 4 52
3604 19 4 37
4005 19 4 28
4220 19 4 18
1491 19 4 8
1326 19 5 91
3756 19 5 83
964 19 5 74
4211 19 5 63
2263 19 5 53
1699 19 5 41
3169 19 5 30
1321 19 5 17
1710 19 5 9
302 19 6 91
3391 19 6 83
633 19 6 74
105 19 6 63
935 19 6 53
1135 19 6 41
720 19 6 30
5476 19 6 16
2827 19 6 6
185 19 7 91
3100 19 7 83
423 19 7 74
4522 19 7 62
3891 19 7 51
1675 19 7 43
2442 19 7 35
1902 19 7 27
1738 19 7 19
1041 19 7 10
4255 19 9 90
509 19 9 82
2311 19 9 70
3302 19 9 61
753 19 9 53
1077 19 9 41
4886 19 9 29
845 19 9 18
1244 19 9 8
2921 19 10 90
4532 19 10 81
2558 19 10 74
2426 19 10 62
3557 19 10 51
1215 19 10 43
4919 19 10 34
4840 19 10 24
5200 19 10 16
1102 19 10 6
2049 19 11 90
4325 19 11 81
1510 19 11 74
5522 19 11 61
4938 19 11 52
3183 19 11 37
3636 19 11 28
1806 19 11 18
296 19 11 8
794 19 12 90
2902 19 12 81
914 19 12 74
2749 19 12 60
2353 19 12 52
2930 19 12 37
3519 19 12 28
1019 19 12 18
3852 19 12 7
5273 19 13 89
3031 19 13 82
1512 19 13 70
2677 19 13 61
3457 19 13 52
191 19 13 37
2932 19 13 28
5288 19 13 17
1523 19 13 9
3896 19 14 89
1871 19 14 82
738 19 14 70
1648 19 14 61
2280 19 14 52
5564 19 14 36
3860 19 14 27
1202 19 14 19
864 19 14 10
3401 19 15 89
730 19 15 82
3977 19 15 69
3694 19 15 57
2319 19 15 49
1368 19 15 39
2445 19 15 29
93 19 15 18
1927 19 15 7
2374 19 16 89
491 19 16 82
2995 19 16 69
282 19 16 57
2259 19 16 49
4979 19 16 38
1290 19 16 31
919 19 16 20
806 19 16 3
330 19 17 89
5293 19 17 81
485 19 17 74
5009 19 17 59
616 19 17 51
4574 19 17 42
1976 19 17 34
4790 19 17 24
4516 19 17 16
4970 19 17 5
4265 19 18 88
1472 19 18 82
35 19 18 68
4405 19 18 61
294 19 18 52
1979 19 18 35
4883 19 18 26
657 19 18 20
5150 19 18 2
4182 19 19 88
642 19 19 82
5226 19 19 67
2879 19 19 52
291 19 19 35
2069 19 19 26
4039 19 19 19
5520 19 19 9
