2554
2899 0 0 98
3480 0 0 96
3595 0 0 94
1891 0 0 91
3820 0 0 88
1432 0 0 85
721 0 0 82
2883 0 0 79
2524 0 0 76
2294 0 0 74
3254 0 0 70
3081 0 0 66
1706 0 0 63
3758 0 0 60
4112 0 0 55
3335 0 0 52
2134 0 0 50
1417 0 0 47
3027 0 0 44
1187 0 0 42
4102 0 0 39
4008 0 0 34
608 0 0 32
2264 0 0 29
2650 0 0 26
1255 0 0 22
2077 0 0 19
3307 0 0 16
1251 0 0 14
2959 0 0 10
1749 0 0 8
2130 0 0 5
1825 0 0 2
1943 0 1 98
3621 0 1 95
2511 0 1 92
3644 0 1 89
3604 0 1 84
2768 0 1 81
2384 0 1 78
628 0 1 76
3656 0 1 73
3017 0 1 70
2910 0 1 66
1982 0 1 62
2951 0 1 58
2229 0 1 55
3459 0 1 51
1152 0 1 48
2449 0 1 45
2763 0 1 41
3005 0 1 38
3522 0 1 35
4123 0 1 32
3757 0 1 28
692 0 1 25
3540 0 1 22
297 0 1 19
1678 0 1 16
1663 0 1 13
763 0 1 11
3878 0 1 8
3620 0 1 4
2006 0 1 2
852 0 2 97
2331 0 2 94
1367 0 2 91
3031 0 2 86
3888 0 2 84
2911 0 2 80
776 0 2 78
2876 0 2 75
2038 0 2 72
2295 0 2 68
2223 0 2 65
3524 0 2 62
2136 0 2 58
1068 0 2 55
1325 0 2 50
3549 0 2 46
2467 0 2 43
2501 0 2 39
3698 0 2 34
2287 0 2 30
4161 0 2 27
1638 0 2 23
3301 0 2 20
3325 0 2 17
1456 0 2 15
1636 0 2 11
3548 0 2 7
4170 0 2 4
256 0 2 2
3196 0 3 96
879 0 3 93
3685 0 3 89
3168 0 3 84
2864 0 3 80
2762 0 3 77
330 0 3 75
3392 0 3 70
33 0 3 66
1576 0 3 62
1166 0 3 58
3188 0 3 54
2198 0 3 51
2920 0 3 47
2979 0 3 42
647 0 3 38
3477 0 3 35
869 0 3 31
3798 0 3 28
1069 0 3 24
3946 0 3 20
1629 0 3 17
2934 0 3 14
2913 0 3 10
3096 0 3 7
2293 0 3 4
3156 0 3 1
2205 0 4 96
1698 0 4 92
981 0 4 89
712 0 4 84
1731 0 4 80
605 0 4 77
3429 0 4 74
4022 0 4 69
3445 0 4 67
3245 0 4 63
3617 0 4 59
4091 0 4 56
3233 0 4 53
3978 0 4 50
2968 0 4 46
2313 0 4 41
1955 0 4 38
2096 0 4 34
1953 0 4 30
2937 0 4 27
1263 0 4 23
4140 0 4 19
1406 0 4 16
3383 0 4 12
1768 0 4 8
3077 0 4 4
1115 0 5 96
4106 0 5 91
2767 0 5 86
1989 0 5 84
706 0 5 80
757 0 5 76
2851 0 5 72
2281 0 5 68
2604 0 5 64
3605 0 5 61
1842 0 5 59
1055 0 5 56
1495 0 5 53
2985 0 5 49
2271 0 5 46
1707 0 5 41
75 0 5 38
3770 0 5 33
2875 0 5 30
286 0 5 27
2924 0 5 22
3883 0 5 18
731 0 5 15
3352 0 5 10
897 0 5 6
2413 0 5 2
2791 0 6 95
347 0 6 91
233 0 6 86
3349 0 6 81
2309 0 6 78
3200 0 6 74
3581 0 6 69
1980 0 6 66
1246 0 6 62
1556 0 6 57
65 0 6 54
1262 0 6 51
1573 0 6 47
1081 0 6 42
81 0 6 38
96 0 6 33
2456 0 6 29
2408 0 6 26
2602 0 6 21
3424 0 6 17
1366 0 6 14
2930 0 6 9
3594 0 6 5
1099 0 6 2
3845 0 7 94
19 0 7 91
3887 0 7 85
1210 0 7 81
2015 0 7 78
2307 0 7 74
901 0 7 69
29 0 7 66
463 0 7 62
1033 0 7 57
3193 0 7 52
3270 0 7 49
3226 0 7 45
2424 0 7 41
3126 0 7 37
2738 0 7 35
275 0 7 31
3558 0 7 27
2514 0 7 22
812 0 7 18
421 0 7 14
2407 0 7 9
3097 0 7 5
2064 0 7 1
3589 0 8 94
1073 0 8 90
3638 0 8 87
2306 0 8 85
3830 0 8 80
3408 0 8 74
315 0 8 69
573 0 8 65
5 0 8 62
363 0 8 57
2423 0 8 52
1848 0 8 49
603 0 8 45
356 0 8 41
1867 0 8 37
3274 0 8 34
1016 0 8 30
715 0 8 26
809 0 8 21
3216 0 8 17
2844 0 8 13
4179 0 8 10
1624 0 8 5
752 0 8 1
3080 0 9 94
3817 0 9 88
3189 0 9 84
248 0 9 80
2901 0 9 74
303 0 9 69
2588 0 9 64
1939 0 9 61
3504 0 9 57
1933 0 9 52
1236 0 9 49
438 0 9 45
3146 0 9 40
3593 0 9 37
2433 0 9 34
189 0 9 29
425 0 9 26
517 0 9 21
1797 0 9 17
2728 0 9 13
3332 0 9 10
2327 0 9 4
2848 0 10 94
3601 0 10 88
2247 0 10 83
538 0 10 80
2869 0 10 74
3004 0 10 68
2481 0 10 64
3637 0 10 60
2682 0 10 55
1170 0 10 50
819 0 10 46
3894 0 10 40
2949 0 10 36
1443 0 10 33
2155 0 10 29
3402 0 10 25
1100 0 10 22
3771 0 10 17
1242 0 10 13
2025 0 10 9
741 0 10 5
1981 0 11 94
2152 0 11 88
302 0 11 82
3208 0 11 78
1253 0 11 74
3481 0 11 67
2224 0 11 63
2887 0 11 59
843 0 11 56
2939 0 11 50
122 0 11 46
3868 0 11 40
1414 0 11 35
3614 0 11 30
3100 0 11 25
3663 0 11 21
254 0 11 17
323 0 11 13
1738 0 11 9
325 0 11 5
3262 0 12 93
2335 0 12 89
4174 0 12 83
1700 0 12 79
3176 0 12 75
2719 0 12 70
441 0 12 65
3457 0 12 61
1719 0 12 57
2697 0 12 51
889 0 12 47
562 0 12 42
2752 0 12 37
2114 0 12 34
40 0 12 29
1318 0 12 25
3068 0 12 21
141 0 12 17
3421 0 12 12
2486 0 12 7
2845 0 12 3
2088 0 13 93
2709 0 13 88
91 0 13 82
417 0 13 78
860 0 13 74
2873 0 13 66
1161 0 13 61
503 0 13 56
2800 0 13 50
1004 0 13 45
2591 0 13 40
185 0 13 35
2770 0 13 30
2984 0 13 25
1431 0 13 21
3128 0 13 16
2744 0 13 12
912 0 13 7
3491 0 13 2
1632 0 14 93
2502 0 14 88
2352 0 14 81
794 0 14 78
2722 0 14 73
973 0 14 70
3472 0 14 64
2601 0 14 60
2154 0 14 55
783 0 14 50
159 0 14 45
3295 0 14 39
2244 0 14 34
2987 0 14 28
3767 0 14 23
1418 0 14 19
58 0 14 16
3789 0 14 11
554 0 14 7
1563 0 14 2
1433 0 15 93
2283 0 15 88
1209 0 15 81
717 0 15 78
1396 0 15 73
3602 0 15 69
3498 0 15 63
2882 0 15 59
1811 0 15 55
672 0 15 50
4138 0 15 44
2179 0 15 41
1477 0 15 37
4094 0 15 33
1570 0 15 29
1782 0 15 24
3056 0 15 20
3494 0 15 16
1859 0 15 11
3338 0 15 6
2032 0 15 2
876 0 16 93
1950 0 16 88
1052 0 16 81
2270 0 16 77
2681 0 16 74
978 0 16 66
524 0 16 61
3792 0 16 55
3574 0 16 49
3489 0 16 44
846 0 16 41
110 0 16 37
2595 0 16 33
522 0 16 29
1177 0 16 24
2776 0 16 20
2732 0 16 16
3432 0 16 10
1096 0 16 4
405 0 17 93
3843 0 17 87
1977 0 17 84
3842 0 17 79
1321 0 17 75
1545 0 17 70
875 0 17 64
2581 0 17 60
2034 0 17 55
3431 0 17 49
2654 0 17 44
1234 0 17 40
3426 0 17 34
584 0 17 28
3709 0 17 23
319 0 17 19
2749 0 17 15
1435 0 17 10
760 0 17 4
4 0 18 93
2789 0 18 87
4065 0 18 83
1211 0 18 79
545 0 18 75
3823 0 18 69
2884 0 18 63
137 0 18 58
4056 0 18 53
4146 0 18 48
1713 0 18 45
596 0 18 38
2303 0 18 32
2258 0 18 28
3085 0 18 23
2725 0 18 18
1388 0 18 13
2886 0 18 8
4107 0 18 3
4086 0 19 92
74 0 19 89
3038 0 19 83
803 0 19 79
3562 0 19 74
798 0 19 66
3299 0 19 60
642 0 19 55
2620 0 19 48
942 0 19 45
9 0 19 38
759 0 19 32
1005 0 19 28
2793 0 19 23
2171 0 19 18
153 0 19 13
2746 0 19 8
3610 0 19 3
3783 2 1 92
4154 2 1 88
544 2 1 81
1509 2 1 77
3384 2 1 73
1962 2 1 69
2616 2 1 63
2877 2 1 57
742 2 1 51
505 2 1 47
3618 2 1 41
3163 2 1 36
2832 2 1 32
2110 2 1 27
1602 2 1 22
466 2 1 17
2680 2 1 12
3641 2 1 6
1216 2 1 2
1142 2 3 92
3818 2 3 88
476 2 3 81
1071 2 3 75
3585 2 3 69
2594 2 3 63
789 2 3 57
651 2 3 51
3373 2 3 46
3832 2 3 40
1866 2 3 34
536 2 3 28
2011 2 3 23
4088 2 3 17
1472 2 3 12
2917 2 3 6
1353 2 3 1
597 2 5 92
3400 2 5 87
3210 2 5 83
2035 2 5 78
1031 2 5 73
3464 2 5 68
2288 2 5 64
2512 2 5 60
386 2 5 55
3836 2 5 46
3511 2 5 40
3046 2 5 33
3577 2 5 28
273 2 5 23
3744 2 5 17
182 2 5 11
2912 2 5 6
49 2 5 1
369 2 6 92
2349 2 6 87
4076 2 6 82
1615 2 6 77
475 2 6 73
2712 2 6 68
1881 2 6 63
191 2 6 57
3462 2 6 50
3534 2 6 44
3095 2 6 39
1936 2 6 34
2567 2 6 27
1217 2 6 22
414 2 6 17
4118 2 6 10
3969 2 6 3
3889 2 7 91
1425 2 7 85
1844 2 7 80
2573 2 7 74
790 2 7 66
3087 2 7 60
3659 2 7 54
3863 2 7 50
3564 2 7 43
1120 2 7 39
1506 2 7 33
2042 2 7 28
3660 2 7 22
1998 2 7 16
206 2 7 10
3895 2 7 3
3688 2 8 91
3153 2 8 84
3252 2 8 79
1916 2 8 74
2586 2 8 65
1658 2 8 61
3579 2 8 55
3647 2 8 46
3158 2 8 40
173 2 8 33
827 2 8 28
1817 2 8 22
1639 2 8 16
4121 2 8 9
3734 2 8 4
961 2 9 91
2698 2 9 84
380 2 9 79
1598 2 9 74
1359 2 9 65
1640 2 9 61
1397 2 9 55
3544 2 9 46
997 2 9 40
3825 2 9 32
749 2 9 27
1000 2 9 22
1032 2 9 16
2277 2 9 9
713 2 9 4
700 2 10 91
2666 2 10 84
316 2 10 79
580 2 10 74
483 2 10 65
3282 2 10 60
3138 2 10 54
2151 2 10 50
2574 2 10 43
1105 2 10 39
1150 2 10 33
1824 2 10 27
711 2 10 22
903 2 10 16
1341 2 10 9
3018 2 10 3
3396 2 11 90
3852 2 11 86
2402 2 11 81
3567 2 11 74
313 2 11 65
2895 2 11 60
987 2 11 54
891 2 11 50
1492 2 11 43
666 2 11 39
1080 2 11 33
3468 2 11 25
1282 2 11 21
2390 2 11 16
50 2 11 9
2966 2 11 3
1106 2 12 90
3764 2 12 86
170 2 12 81
3256 2 12 74
2428 2 12 64
2301 2 12 60
3572 2 12 53
1754 2 12 48
3779 2 12 44
1932 2 12 39
3966 2 12 32
253 2 12 27
4133 2 12 21
156 2 12 16
4039 2 12 8
3546 2 12 3
217 2 14 90
3229 2 14 86
2483 2 14 80
2275 2 14 74
2661 2 14 63
4013 2 14 56
2121 2 14 50
1103 2 14 43
3916 2 14 38
3125 2 14 31
2693 2 14 27
3655 2 14 21
834 2 14 15
444 2 14 10
501 2 14 2
871 2 15 89
1642 2 15 83
462 2 15 78
999 2 15 73
1760 2 15 68
1332 2 15 63
2234 2 15 56
2052 2 15 50
552 2 15 43
2733 2 15 38
2459 2 15 31
2002 2 15 27
2679 2 15 21
2251 2 15 14
2230 2 15 9
2801 2 15 3
418 2 16 89
1169 2 16 83
117 2 16 78
652 2 16 73
4061 2 16 67
821 2 16 63
2107 2 16 56
1609 2 16 50
408 2 16 43
1960 2 16 38
1694 2 16 31
1465 2 16 27
2530 2 16 21
1652 2 16 14
2144 2 16 9
2655 2 16 3
3828 2 17 88
1025 2 17 80
1523 2 17 74
1515 2 17 63
1661 2 17 56
1517 2 17 50
4033 2 17 42
161 2 17 37
938 2 17 33
3380 2 17 25
4108 2 17 20
2446 2 17 16
4157 2 17 7
950 2 17 2
3365 2 18 88
982 2 18 80
229 2 18 74
2819 2 18 62
27 2 18 57
1722 2 18 50
2548 2 18 42
3737 2 18 36
2551 2 18 32
2777 2 18 26
2451 2 18 20
2475 2 18 15
3897 2 18 9
146 2 18 3
1623 2 19 88
434 2 19 80
2104 2 19 73
2747 2 19 67
748 2 19 63
1274 2 19 56
1078 2 19 50
3063 2 19 41
2419 2 19 36
3630 2 19 31
312 2 19 27
2324 2 19 21
3714 2 19 12
1220 2 19 6
2068 3 1 87
4011 3 1 82
2858 3 1 76
2633 3 1 72
946 3 1 68
2815 3 1 61
533 3 1 55
3387 3 1 46
965 3 1 40
3273 3 1 32
1026 3 1 26
3750 3 1 19
2359 3 1 15
3184 3 1 9
3679 3 1 2
1154 3 3 87
2235 3 3 82
2101 3 3 76
1498 3 3 72
2388 3 3 67
577 3 3 63
4153 3 3 55
3183 3 3 46
4023 3 3 39
2073 3 3 32
4156 3 3 25
3934 3 3 19
2387 3 3 14
2133 3 3 9
2555 3 3 2
3164 3 5 86
2375 3 5 80
1276 3 5 73
2490 3 5 67
272 3 5 63
3834 3 5 55
2662 3 5 46
2485 3 5 39
1831 3 5 32
3839 3 5 25
3114 3 5 19
1158 3 5 14
204 3 5 9
1894 3 5 2
3059 3 6 86
872 3 6 80
212 3 6 73
1497 3 6 67
4099 3 6 61
3880 3 6 54
3729 3 6 49
2487 3 6 44
1128 3 6 39
1119 3 6 32
1599 3 6 25
882 3 6 19
2009 3 6 13
2207 3 6 8
3526 3 6 3
2963 3 11 86
801 3 11 80
3011 3 11 72
2080 3 11 67
3026 3 11 61
3813 3 11 54
3633 3 11 49
4164 3 11 43
1006 3 11 38
569 3 11 31
1070 3 11 26
3410 3 11 18
3676 3 11 12
3665 3 11 5
3760 3 12 85
736 3 12 80
2233 3 12 72
3919 3 12 66
2786 3 12 60
3268 3 12 53
1364 3 12 48
3319 3 12 44
3344 3 12 38
2570 3 12 30
3824 3 12 24
1438 3 12 20
439 3 12 15
756 3 12 9
3587 3 12 1
2122 3 14 85
679 3 14 80
913 3 14 72
1876 3 14 66
2717 3 14 60
3155 3 14 53
1054 3 14 48
4177 3 14 43
3923 3 14 37
1974 3 14 31
3287 3 14 25
3851 3 14 18
3343 3 14 12
3110 3 14 5
499 3 19 85
3259 3 19 79
99 3 19 74
2652 3 19 62
3329 3 19 56
746 3 19 50
3016 3 19 41
616 3 19 36
2442 3 19 31
333 3 19 25
3135 3 19 18
2636 3 19 12
2473 3 19 5
3505 4 1 84
220 4 1 78
3776 4 1 71
3903 4 1 68
2188 4 1 61
3559 4 1 53
2766 4 1 47
1583 4 1 41
2607 4 1 35
1851 4 1 30
2992 4 1 24
3563 4 1 19
1835 4 1 13
1686 4 1 8
1712 4 1 3
1457 4 6 84
3130 4 6 77
318 4 6 72
1297 4 6 66
2286 4 6 60
2827 4 6 53
2082 4 6 47
1398 4 6 41
1803 4 6 35
1453 4 6 30
2943 4 6 24
3482 4 6 19
375 4 6 13
740 4 6 8
3926 4 6 2
1911 4 9 83
2925 4 9 77
3920 4 9 71
3272 4 9 66
2471 4 9 59
1076 4 9 55
791 4 9 46
617 4 9 39
135 4 9 32
336 4 9 25
2618 4 9 18
529 4 9 12
1446 4 9 5
265 4 11 83
1786 4 11 77
3913 4 11 71
1668 4 11 66
1938 4 11 59
1047 4 11 55
546 4 11 46
3407 4 11 38
909 4 11 30
1521 4 11 24
445 4 11 19
2255 4 11 12
1407 4 11 5
1799 4 12 82
1641 4 12 76
1385 4 12 72
3754 4 12 65
4168 4 12 59
919 4 12 55
329 4 12 46
2274 4 12 38
1655 4 12 29
3223 4 12 23
3309 4 12 16
2109 4 12 7
3654 4 12 1
1003 4 14 79
4163 4 14 73
3001 4 14 66
1605 4 14 59
645 4 14 55
42 4 14 46
984 4 14 38
472 4 14 29
492 4 14 23
1539 4 14 16
970 4 14 7
3642 4 14 1
3635 4 16 76
618 4 16 72
3368 4 16 65
2667 4 16 59
1092 4 16 54
1229 4 16 49
3032 4 16 43
3761 4 16 36
854 4 16 31
3674 4 16 24
2915 4 16 18
523 4 16 12
1380 4 16 5
1139 4 17 75
3751 4 17 68
2058 4 17 61
484 4 17 52
24 4 17 49
2552 4 17 43
3094 4 17 36
599 4 17 31
1687 4 17 24
2112 4 17 17
3928 4 17 10
3929 4 17 1
2317 4 18 72
2755 4 18 65
2623 4 18 59
1281 4 18 53
76 4 18 47
933 4 18 41
1612 4 18 35
620 4 18 30
3045 4 18 23
1440 4 18 16
208 4 18 7
1910 4 18 1
1890 4 19 72
2748 4 19 65
1690 4 19 59
3793 4 19 52
3390 4 19 48
3753 4 19 43
2923 4 19 36
3340 4 19 30
3012 4 19 23
833 4 19 16
2714 4 19 6
3447 5 1 70
634 5 1 64
4004 5 1 59
2935 5 1 51
2575 5 1 45
3427 5 1 37
2637 5 1 30
2656 5 1 23
168 5 1 16
2284 5 1 6
1863 5 2 69
1871 5 2 63
3809 5 2 55
2236 5 2 45
1363 5 2 37
2621 5 2 30
1978 5 2 23
3573 5 2 15
994 5 2 8
3849 5 2 2
2018 5 3 98
837 5 3 95
3970 5 3 90
1577 5 3 86
567 5 3 80
804 5 3 72
2075 5 3 65
959 5 3 59
78 5 3 51
1872 5 3 45
2474 5 3 36
2061 5 3 30
3959 5 3 22
747 5 3 16
2125 5 3 6
4115 5 4 96
34 5 4 91
2364 5 4 84
2418 5 4 77
2263 5 4 71
3180 5 4 65
2820 5 4 58
3107 5 4 53
3905 5 4 46
3745 5 4 37
557 5 4 30
3341 5 4 22
93 5 4 16
371 5 4 6
3372 5 9 96
3411 5 9 90
1137 5 9 86
1308 5 9 79
3106 5 9 73
1942 5 9 66
896 5 9 58
2852 5 9 53
3799 5 9 46
2643 5 9 37
474 5 9 30
3162 5 9 22
3236 5 9 15
976 5 9 8
2437 5 9 2
2321 5 11 96
3317 5 11 90
428 5 11 86
1145 5 11 79
1971 5 11 73
1862 5 11 66
2589 5 11 57
1688 5 11 50
2880 5 11 41
4093 5 11 34
2563 5 11 27
1818 5 11 21
465 5 11 12
2003 5 11 4
2821 5 12 95
2870 5 12 90
3914 5 12 85
3231 5 12 79
506 5 12 73
1399 5 12 66
1743 5 12 57
1334 5 12 50
2715 5 12 41
2964 5 12 34
1703 5 12 27
2396 5 12 20
3747 5 12 14
1562 5 12 8
639 5 12 2
1680 5 14 95
4021 5 14 89
1024 5 14 83
2373 5 14 76
2194 5 14 71
3933 5 14 64
1113 5 14 59
20 5 14 51
1317 5 14 45
956 5 14 36
3803 5 14 29
406 5 14 23
2489 5 14 15
3999 5 14 7
863 5 14 1
2165 5 16 94
1342 5 16 88
3517 5 16 79
4175 5 16 72
563 5 16 65
2549 5 16 58
1540 5 16 53
3778 5 16 46
1710 5 16 37
3662 5 16 29
301 5 16 22
1504 5 16 15
3606 5 16 7
1949 6 1 94
3603 6 1 87
1880 6 1 82
381 6 1 76
359 6 1 71
3302 6 1 64
839 6 1 59
553 6 1 50
770 6 1 41
3214 6 1 33
2509 6 1 25
1493 6 1 18
244 6 1 12
1810 6 1 4
739 6 2 94
1861 6 2 87
155 6 2 82
3702 6 2 75
813 6 2 68
1958 6 2 61
2862 6 2 51
1044 6 2 45
858 6 2 36
2683 6 2 29
4081 6 2 21
3067 6 2 11
1536 6 2 6
2971 6 3 93
2190 6 3 87
2440 6 3 81
2634 6 3 74
2491 6 3 62
4040 6 3 55
1806 6 3 45
3523 6 3 35
3885 6 3 29
2189 6 3 21
2239 6 3 11
3418 6 3 5
2834 6 4 93
1779 6 4 87
1481 6 4 81
2222 6 4 73
3167 6 4 65
2463 6 4 58
509 6 4 53
3541 6 4 46
3570 6 4 35
3403 6 4 29
1526 6 4 21
1180 6 4 11
3689 6 4 4
1740 6 5 93
626 6 5 87
3058 6 5 80
774 6 5 72
2156 6 5 63
334 6 5 55
3858 6 5 44
2688 6 5 38
3086 6 5 28
1496 6 5 22
494 6 5 15
885 6 5 7
3249 6 6 92
1604 6 6 87
947 6 6 80
1041 6 6 71
3198 6 6 64
177 6 6 58
3652 6 6 52
3101 6 6 47
90 6 6 41
1319 6 6 33
3312 6 6 24
1296 6 6 17
2649 6 6 10
3212 6 6 1
3187 6 7 92
306 6 7 87
504 6 7 80
3812 6 7 70
3297 6 7 63
3379 6 7 54
3360 6 7 48
3924 6 7 42
2500 6 7 36
1822 6 7 29
1400 6 7 21
853 6 7 11
3261 6 7 4
1351 6 9 92
2853 6 9 86
574 6 9 79
2605 6 9 72
1904 6 9 63
2929 6 9 54
2579 6 9 48
2441 6 9 42
1244 6 9 36
702 6 9 29
3871 6 9 20
1628 6 9 14
1303 6 9 8
3879 6 9 1
808 6 11 92
2374 6 11 86
3741 6 11 78
3613 6 11 71
3195 6 11 64
2743 6 11 57
972 6 11 50
4005 6 11 39
3775 6 11 31
1568 6 11 24
3948 6 11 16
145 6 11 6
781 6 12 92
2338 6 12 86
1130 6 12 78
2975 6 12 71
2175 6 12 64
2022 6 12 57
4110 6 12 49
1755 6 12 43
2700 6 12 36
531 6 12 29
3661 6 12 19
467 6 12 12
1751 6 12 4
549 6 14 92
865 6 14 86
4122 6 14 77
4000 6 14 70
3194 6 14 63
2054 6 14 54
1176 6 14 48
1550 6 14 42
287 6 14 36
403 6 14 29
3869 6 14 18
2426 6 14 11
2106 6 14 4
362 6 16 92
3315 6 16 85
2377 6 16 79
1441 6 16 72
429 6 16 63
3070 6 16 53
2804 6 16 46
3042 6 16 35
1345 6 16 29
2857 6 16 18
2219 6 16 11
1920 6 16 4
3008 6 18 91
2209 6 18 84
3497 6 18 76
26 6 18 71
892 6 18 64
1735 6 18 57
3218 6 18 49
1378 6 18 43
2893 6 18 35
1798 6 18 28
157 6 18 22
3739 6 18 14
848 6 18 7
2692 6 19 91
1885 6 19 84
2871 6 19 76
4144 6 19 70
2950 6 19 63
2881 6 19 53
2210 6 19 46
234 6 19 35
1240 6 19 28
3509 6 19 21
223 6 19 11
211 6 19 4
2976 7 5 90
3215 7 5 85
1488 7 5 79
835 7 5 72
2366 7 5 62
3588 7 5 55
2246 7 5 44
3725 7 5 37
2342 7 5 29
2336 7 5 18
1603 7 5 11
3330 7 5 3
2577 7 9 90
3148 7 9 85
3935 7 9 78
38 7 9 71
555 7 9 64
1302 7 9 57
3072 7 9 49
2184 7 9 42
3718 7 9 35
726 7 9 28
2227 7 9 21
4124 7 9 10
831 7 9 1
2462 7 11 90
2769 7 11 85
3071 7 11 78
4075 7 11 70
2896 7 11 63
1141 7 11 53
1423 7 11 46
1231 7 11 34
1299 7 11 27
1780 7 11 20
430 7 11 14
3872 7 11 6
3484 7 12 89
3774 7 12 81
1027 7 12 72
2356 7 12 62
1724 7 12 55
1919 7 12 44
2113 7 12 37
1538 7 12 29
2212 7 12 18
1245 7 12 11
3260 7 12 3
2296 7 14 89
3397 7 14 81
3476 7 14 71
3864 7 14 63
92 7 14 53
3891 7 14 45
3179 7 14 35
1886 7 14 27
1514 7 14 20
4104 7 14 13
3704 7 14 7
1815 7 19 88
2632 7 19 79
3670 7 19 71
3784 7 19 63
2841 7 19 52
2542 7 19 47
3057 7 19 40
3248 7 19 32
268 7 19 25
908 7 19 18
3308 7 19 10
71 7 19 1
1208 8 0 88
1801 8 0 79
3366 8 0 71
588 8 0 63
2187 8 0 52
845 8 0 47
1338 8 0 40
1592 8 0 32
43 8 0 25
2874 8 0 17
2559 8 0 10
737 8 1 88
1677 8 1 79
2723 8 1 71
259 8 1 63
2056 8 1 52
3713 8 1 46
921 8 1 33
1053 8 1 24
3657 8 1 16
3405 8 1 5
2610 8 2 87
2250 8 2 79
3802 8 2 70
2568 8 2 62
309 8 2 55
101 8 2 44
907 8 2 37
400 8 2 29
4172 8 2 17
261 8 2 10
1970 8 3 87
1313 8 3 79
3615 8 3 70
2477 8 3 62
3975 8 3 54
1143 8 3 48
559 8 3 42
1734 8 3 35
904 8 3 27
1513 8 3 20
2994 8 3 13
3000 8 3 7
12 8 4 87
825 8 4 79
3039 8 4 70
1516 8 4 62
2967 8 4 54
481 8 4 48
540 8 4 42
590 8 4 35
3294 8 4 26
2831 8 4 18
17 8 4 10
271 8 5 86
3772 8 5 77
103 8 5 70
1215 8 5 62
2397 8 5 54
372 8 5 48
218 8 5 42
366 8 5 35
2941 8 5 26
2339 8 5 18
3565 8 5 9
3520 8 6 85
2983 8 6 78
3643 8 6 70
345 8 6 61
2677 8 6 51
193 8 6 44
3666 8 6 36
3154 8 6 28
1852 8 6 21
4083 8 6 10
2520 8 7 83
1995 8 7 75
3557 8 7 67
2954 8 7 61
3033 8 7 50
1750 8 7 39
3598 8 7 31
3592 8 7 23
1926 8 7 15
389 8 7 7
2319 8 9 83
1812 8 9 75
3041 8 9 67
2513 8 9 61
2726 8 9 50
1361 8 9 39
2228 8 9 31
1979 8 9 23
1564 8 9 15
2684 8 9 6
4012 8 11 82
3328 8 11 75
2510 8 11 67
1935 8 11 61
952 8 11 50
1013 8 11 39
1834 8 11 31
1765 8 11 23
1439 8 11 15
1324 8 11 6
1901 8 12 81
2606 8 12 71
3909 8 12 62
2708 8 12 53
2420 8 12 45
2718 8 12 35
2272 8 12 26
1990 8 12 18
3037 8 12 9
201 8 14 80
1331 8 14 69
239 8 14 63
1648 8 14 52
2957 8 14 46
3206 8 14 32
4045 8 14 24
1091 8 14 16
2108 8 14 5
1552 8 16 79
2758 8 16 70
216 8 16 61
2991 8 16 49
1619 8 16 42
3161 8 16 34
1008 8 16 27
1464 8 16 20
2265 8 16 13
2478 8 16 7
1494 8 17 79
1807 8 17 70
3921 8 17 60
2779 8 17 53
1408 8 17 45
1597 8 17 35
1742 8 17 26
1140 8 17 18
2919 8 17 9
932 8 18 73
2380 8 18 65
2027 8 18 58
2020 8 18 52
2824 8 18 46
2905 8 18 32
3930 8 18 24
199 8 18 16
676 8 18 5
104 8 19 96
2120 8 19 90
1865 8 19 85
1671 8 19 78
3399 8 19 70
3874 8 19 60
2439 8 19 53
1223 8 19 45
1466 8 19 35
670 8 19 26
4002 8 19 17
4046 8 19 9
3417 9 0 95
3150 9 0 89
3133 9 0 81
560 9 0 71
3235 9 0 62
2148 9 0 53
3310 9 0 44
2782 9 0 36
1125 9 0 28
623 9 0 21
2703 9 0 10
1988 9 9 95
1828 9 9 89
2347 9 9 81
3918 9 9 70
1898 9 9 60
2795 9 9 52
2105 9 9 45
410 9 9 35
2039 9 9 25
2578 9 9 17
2928 9 9 9
4127 9 11 94
532 9 11 87
685 9 11 79
1153 9 11 69
3680 9 11 62
3974 9 11 52
1530 9 11 45
181 9 11 35
928 9 11 25
111 9 11 17
1138 9 11 9
3998 9 12 94
443 9 12 87
3996 9 12 78
3064 9 12 70
1882 9 12 60
592 9 12 52
1379 9 12 45
2802 9 12 34
2759 9 12 26
2166 9 12 17
214 9 12 9
2111 9 14 94
2280 9 14 86
2460 9 14 77
3840 9 14 69
3185 9 14 62
3525 9 14 52
1306 9 14 45
636 9 14 34
290 9 14 26
1335 9 14 17
862 9 14 8
2071 9 16 94
2017 9 16 86
1268 9 16 77
3291 9 16 69
3120 9 16 62
1849 9 16 52
1667 9 16 44
2370 9 16 36
993 9 16 28
2186 9 16 20
1111 9 16 13
724 9 16 7
3706 10 0 93
4003 10 0 85
1606 10 0 78
2314 10 0 70
395 10 0 60
4095 10 0 51
3979 10 0 43
2427 10 0 35
733 10 0 25
3683 10 0 16
4101 10 0 3
2091 10 2 93
2001 10 2 85
914 10 2 78
147 10 2 70
4160 10 2 59
2369 10 2 49
1553 10 2 42
2580 10 2 34
1478 10 2 25
3324 10 2 16
2060 10 2 3
695 10 3 93
1376 10 3 85
3947 10 3 77
2730 10 3 69
269 10 3 62
1160 10 3 52
674 10 3 44
1015 10 3 36
2799 10 3 27
1265 10 3 20
292 10 3 13
230 10 3 7
2226 10 4 92
1283 10 4 85
929 10 4 77
3988 10 4 68
164 10 4 61
1879 10 4 49
2615 10 4 41
1107 10 4 33
3142 10 4 23
3701 10 4 14
3756 10 4 6
1077 10 5 92
308 10 5 85
2989 10 5 76
2556 10 5 70
3290 10 5 59
276 10 5 49
1402 10 5 41
795 10 5 33
2268 10 5 23
3627 10 5 14
1391 10 5 6
1051 10 6 92
4176 10 6 84
2493 10 6 76
1121 10 6 70
3367 10 6 58
1549 10 6 52
215 10 6 44
880 10 6 36
2031 10 6 27
4029 10 6 19
3991 10 6 11
3116 10 6 3
442 10 7 92
2846 10 7 84
2326 10 7 76
1030 10 7 70
3044 10 7 58
3853 10 7 51
3733 10 7 43
1972 10 7 35
4143 10 7 24
3171 10 7 15
1131 10 7 6
3487 10 9 91
3571 10 9 83
958 10 9 75
2004 10 9 67
2796 10 9 60
4082 10 9 51
3028 10 9 43
1288 10 9 35
3636 10 9 24
2707 10 9 15
2829 10 9 4
2608 10 12 91
2358 10 12 83
3731 10 12 74
1670 10 12 62
1610 10 12 51
1309 10 12 43
895 10 12 35
797 10 12 24
2345 10 12 15
2282 10 12 4
840 10 14 91
2074 10 14 83
3649 10 14 74
1249 10 14 62
488 10 14 51
601 10 14 43
258 10 14 35
3736 10 14 23
3371 10 14 14
551 10 14 6
482 10 16 91
1329 10 16 83
3428 10 16 74
3449 10 16 61
1744 10 16 48
188 10 16 42
1578 10 16 34
941 10 16 25
3247 10 16 16
969 10 16 3
344 10 18 91
508 10 18 83
3132 10 18 74
46 10 18 61
1482 10 18 48
4016 10 18 41
2735 10 18 32
806 10 18 24
1630 10 18 15
2225 10 18 4
240 10 19 91
1587 10 19 82
2157 10 19 75
3900 10 19 66
1358 10 19 57
2055 10 19 49
2638 10 19 40
586 10 19 32
186 10 19 24
1075 10 19 15
266 10 19 4
3172 11 0 90
1428 11 0 85
2535 11 0 76
521 11 0 70
1204 11 0 58
3667 11 0 51
3755 11 0 42
4031 11 0 33
944 11 0 23
2805 11 0 14
2754 11 0 5
1964 11 2 90
619 11 2 85
3890 11 2 75
3359 11 2 66
200 11 2 57
1235 11 2 49
2565 11 2 40
396 11 2 32
3060 11 2 23
3203 11 2 13
2028 11 2 6
1720 11 3 90
3882 11 3 84
2206 11 3 76
519 11 3 70
644 11 3 58
3473 11 3 51
3555 11 3 42
2386 11 3 33
2889 11 3 22
3500 11 3 14
1409 11 3 5
1637 11 9 90
3576 11 9 84
304 11 9 76
23 11 9 70
3089 11 9 57
610 11 9 49
1778 11 9 40
3134 11 9 30
2503 11 9 22
3292 11 9 14
1048 11 9 5
1430 11 10 90
2378 11 10 84
15 11 10 76
2494 11 10 68
3806 11 10 60
1074 11 10 51
2973 11 10 42
2673 11 10 32
2102 11 10 23
1693 11 10 13
1352 11 10 6
3995 11 11 89
2062 11 11 81
2138 11 11 70
2453 11 11 57
231 11 11 49
1775 11 11 40
3052 11 11 30
2135 11 11 22
2576 11 11 14
69 11 11 5
2053 11 12 89
1284 11 12 81
6 11 12 70
528 11 12 57
1029 11 12 48
3805 11 12 41
491 11 12 32
1320 11 12 23
52 11 12 13
3992 11 12 5
1195 11 14 89
2671 11 14 80
343 11 14 69
3238 11 14 61
878 11 14 48
1230 11 14 41
192 11 14 32
766 11 14 23
2083 11 14 12
1633 11 14 4
1086 11 16 89
3980 11 16 79
4089 11 16 68
1020 11 16 60
1009 11 16 51
2837 11 16 41
4165 11 16 31
1133 11 16 23
697 11 16 12
471 11 16 4
1692 11 18 88
415 11 18 79
680 11 18 68
931 11 18 60
4132 11 18 50
2472 11 18 38
3062 11 18 28
1467 11 18 20
4014 11 18 12
129 11 18 4
1401 11 19 88
2751 11 19 78
1705 11 19 69
2727 11 19 61
257 11 19 48
954 11 19 41
2417 11 19 31
349 11 19 23
3695 11 19 11
3047 11 19 3
1294 12 0 88
1976 12 0 78
1651 12 0 69
2571 12 0 61
167 12 0 48
294 12 0 41
2416 12 0 31
4052 12 0 22
1307 12 0 14
2007 12 0 3
1721 12 2 87
3333 12 2 78
1164 12 2 69
2438 12 2 61
166 12 2 48
1271 12 2 40
2828 12 2 30
1172 12 2 22
379 12 2 14
3389 12 2 2
866 12 3 87
2452 12 3 78
1062 12 3 69
1569 12 3 61
338 12 3 46
1969 12 3 31
629 12 3 22
960 12 3 13
1889 12 3 5
4058 12 5 86
1117 12 5 77
2330 12 5 68
787 12 5 60
888 12 5 50
2072 12 5 38
1992 12 5 28
1349 12 5 20
3386 12 5 12
3814 12 5 3
3197 12 12 85
3444 12 12 75
3159 12 12 66
568 12 12 56
3816 12 12 49
1681 12 12 40
2276 12 12 30
3963 12 12 21
1370 12 12 10
1727 12 14 85
3870 12 14 74
3943 12 14 60
384 12 14 50
154 12 14 38
4130 12 14 27
3990 12 14 19
3446 12 14 11
1650 12 14 3
1017 12 16 85
3782 12 16 74
2562 12 16 60
3528 12 16 49
1617 12 16 40
1874 12 16 30
3797 12 16 21
72 12 16 10
699 12 18 85
3463 12 18 74
2316 12 18 60
2757 12 18 49
3461 12 18 39
1412 12 18 31
4026 12 18 21
3228 12 18 9
3191 13 0 84
3499 13 0 75
2557 13 0 66
4030 13 0 55
1301 13 0 43
4120 13 0 34
850 13 0 25
1124 13 0 16
2781 13 0 2
893 13 2 84
3448 13 2 75
658 13 2 66
3607 13 2 55
142 13 2 42
2248 13 2 32
412 13 2 23
3220 13 2 10
887 13 3 83
1878 13 3 74
1533 13 3 60
1416 13 3 49
2785 13 3 39
1146 13 3 31
3715 13 3 21
2729 13 3 9
3143 13 5 82
288 13 5 75
178 13 5 66
3413 13 5 55
3690 13 5 41
1426 13 5 31
3710 13 5 20
1774 13 5 12
3586 13 5 3
2823 13 7 82
196 13 7 75
1999 13 7 65
1596 13 7 58
2836 13 7 51
2392 13 7 41
649 13 7 30
2788 13 7 21
728 13 7 9
1560 13 9 81
4017 13 9 69
1063 13 9 61
2079 13 9 45
3092 13 9 33
1243 13 9 22
3906 13 9 12
2664 13 9 3
1156 13 10 81
683 13 10 69
2261 13 10 60
881 13 10 49
2311 13 10 39
354 13 10 31
3545 13 10 20
2784 13 10 11
1035 13 10 3
2182 14 0 80
3388 14 0 68
426 14 0 60
3456 14 0 47
507 14 0 40
975 14 0 30
1909 14 0 21
3538 14 0 8
1558 14 2 79
4139 14 2 67
2232 14 2 60
2447 14 2 47
3664 14 2 39
4149 14 2 30
1270 14 2 21
2981 14 2 8
2894 14 3 78
435 14 3 69
1390 14 3 60
2399 14 3 46
3697 14 3 29
3015 14 3 16
802 14 3 2
3244 14 5 74
3726 14 5 59
3957 14 5 48
767 14 5 40
631 14 5 30
548 14 5 21
814 14 5 8
2916 14 7 73
1557 14 7 65
1034 14 7 58
1264 14 7 51
337 14 7 41
2150 14 7 29
2127 14 7 16
3686 14 7 1
690 14 9 73
688 14 9 65
4028 14 9 57
3719 14 9 47
2116 14 9 39
3177 14 9 30
495 14 9 21
3911 14 9 7
60 14 10 73
3942 14 10 64
3892 14 10 56
1289 14 10 49
710 14 10 39
2497 14 10 30
352 14 10 21
3243 14 10 7
4066 14 12 67
1355 14 12 60
4001 14 12 44
53 14 12 36
1843 14 12 27
3115 14 12 19
1462 14 12 10
4166 14 13 55
2672 14 13 41
1384 14 13 28
1272 14 13 20
2422 14 13 11
180 14 13 3
13 14 14 95
1368 14 14 89
1711 14 14 79
3931 14 14 67
277 14 14 60
3490 14 14 44
3846 14 14 35
3136 14 14 23
3151 14 14 10
340 14 15 94
656 14 15 86
317 14 15 77
1238 14 15 68
3599 14 15 59
3951 14 15 48
604 14 15 40
4162 14 15 29
1814 14 15 16
3351 14 15 1
2702 14 16 93
4087 14 16 84
3376 14 16 75
1922 14 16 65
3122 14 16 57
2888 14 16 47
3443 14 16 38
4072 14 16 27
2515 14 16 19
1445 14 16 10
2855 14 17 92
1856 14 17 84
3123 14 17 75
3458 14 17 64
1805 14 17 56
45 14 17 49
4071 14 17 38
2645 14 17 27
4043 14 17 18
572 14 17 9
2839 14 18 92
3178 14 18 83
826 14 18 74
1662 14 18 59
3460 14 18 48
4054 14 18 39
686 14 18 30
2346 14 18 20
1310 14 18 11
1167 14 18 2
1649 14 19 92
2904 14 19 83
542 14 19 74
1501 14 19 59
4053 14 19 47
2180 14 19 38
1228 14 19 27
2835 14 19 18
402 14 19 9
1122 15 0 92
3061 15 0 82
4036 15 0 74
515 15 0 59
2176 15 0 47
2036 15 0 38
957 15 0 27
2587 15 0 18
3169 15 0 8
684 15 5 92
2593 15 5 82
3819 15 5 74
437 15 5 59
88 15 5 47
3822 15 5 37
2103 15 5 28
3876 15 5 19
1241 15 5 10
500 15 7 92
1769 15 7 82
3616 15 7 74
2867 15 7 58
174 15 7 51
106 15 7 41
1776 15 7 26
1065 15 7 17
378 15 7 8
98 15 10 92
390 15 10 82
2411 15 10 74
2926 15 10 57
2193 15 10 47
2537 15 10 37
2090 15 10 28
3707 15 10 19
382 15 10 10
4128 16 0 90
1725 16 0 84
3043 16 0 75
3629 16 0 63
1090 16 0 52
2367 16 0 43
2385 16 0 34
4080 16 0 24
3631 16 0 14
210 16 0 2
3790 16 2 90
935 16 2 84
2354 16 2 75
2078 16 2 63
2425 16 2 51
3103 16 2 40
4077 16 2 29
986 16 2 15
3205 16 2 3
3398 16 3 90
2990 16 3 83
448 16 3 74
30 16 3 57
2095 16 3 47
1258 16 3 37
1975 16 3 28
242 16 3 19
2468 16 3 9
3303 16 4 90
2267 16 4 83
348 16 4 74
2505 16 4 54
3867 16 4 47
828 16 4 37
1151 16 4 28
3807 16 4 18
3769 16 4 7
1847 16 5 90
2043 16 5 83
2454 16 5 73
128 16 5 64
3542 16 5 55
4035 16 5 40
2507 16 5 29
983 16 5 15
1427 16 5 3
1714 16 7 90
285 16 7 83
705 16 7 73
4100 16 7 63
1991 16 7 51
1476 16 7 40
1973 16 7 29
564 16 7 14
274 16 7 1
2092 16 8 89
4007 16 8 78
3712 16 8 68
1869 16 8 59
2978 16 8 46
321 16 8 29
2865 16 8 13
1695 16 8 5
1994 16 10 89
2300 16 10 78
3684 16 10 68
2534 16 10 58
22 16 10 51
1279 16 10 40
3209 16 10 28
3266 16 10 18
2736 16 10 7
1422 16 11 89
456 16 11 78
2292 16 11 68
703 16 11 58
4073 16 11 50
3804 16 11 37
1066 16 11 28
1702 16 11 18
990 16 11 7
2000 16 12 88
917 16 12 78
1375 16 12 67
4178 16 12 59
1165 16 12 46
64 16 12 29
2694 16 12 12
1507 16 12 3
3632 16 13 87
2008 16 13 78
1330 16 13 67
3848 16 13 59
926 16 13 46
2541 16 13 28
364 16 13 18
939 16 13 6
1907 16 14 87
1273 16 14 78
351 16 14 67
3533 16 14 59
525 16 14 46
589 16 14 27
1316 16 14 18
677 16 14 5
3954 16 15 86
3433 16 15 76
1179 16 15 68
689 16 15 57
2066 16 15 47
3240 16 15 36
857 16 15 27
1529 16 15 17
89 16 15 8
2389 16 16 86
132 16 16 76
1001 16 16 68
4148 16 16 56
3516 16 16 48
3506 16 16 39
4069 16 16 29
2590 16 16 11
3314 16 16 1
1566 16 17 86
3682 16 17 75
449 16 17 63
1448 16 17 51
2676 16 17 39
3968 16 17 29
1360 16 17 11
2617 16 18 85
1924 16 18 74
3488 16 18 53
1233 16 18 44
3835 16 18 35
949 16 18 23
2817 16 18 10
693 16 19 85
830 16 19 74
3982 16 19 50
3720 16 19 37
3199 16 19 27
4063 16 19 16
1940 16 19 1
675 17 0 85
594 17 0 74
2412 17 0 49
1794 17 0 38
3539 17 0 25
640 17 0 16
171 17 0 1
3211 17 2 84
716 17 2 75
3007 17 2 62
3773 17 2 50
578 17 2 37
621 17 2 27
3531 17 2 16
207 17 2 3
2687 17 3 83
3485 17 3 72
1621 17 3 62
2403 17 3 50
511 17 3 37
612 17 3 27
2739 17 3 16
3149 17 3 2
611 17 7 83
664 17 7 72
1362 17 7 62
1983 17 7 50
278 17 7 37
55 17 7 27
2691 17 7 15
3078 17 7 2
4051 17 8 82
2213 17 8 74
1656 17 8 49
2254 17 8 37
3010 17 8 26
1046 17 8 17
2678 17 8 7
3941 17 10 82
3224 17 10 73
3296 17 10 63
1424 17 10 51
1883 17 10 39
3313 17 10 29
2670 17 10 10
2639 17 11 82
792 17 11 73
1109 17 11 63
682 17 11 51
1586 17 11 39
3102 17 11 29
2161 17 11 10
2304 17 12 80
2013 17 12 68
3131 17 12 56
2243 17 12 48
197 17 12 39
1088 17 12 29
1387 17 12 9
1461 17 13 80
1839 17 13 68
3040 17 13 56
2772 17 13 47
3082 17 13 35
3800 17 13 22
2628 17 13 12
1147 17 13 3
3678 17 14 79
3264 17 14 67
1458 17 14 59
87 17 14 46
3976 17 14 26
1730 17 14 16
663 17 14 2
2371 17 15 79
2706 17 15 67
614 17 15 59
4155 17 15 45
3346 17 15 32
270 17 15 23
2646 17 15 10
4171 17 16 76
320 17 16 68
1344 17 16 56
1790 17 16 47
2597 17 16 34
2622 17 16 24
2946 17 16 14
1444 17 16 5
3129 17 17 69
3354 17 17 59
3560 17 17 45
3222 17 17 32
190 17 17 23
764 17 17 10
3922 17 18 93
2657 17 18 84
671 17 18 75
2783 17 18 62
844 17 18 50
3787 17 18 36
582 17 18 27
1174 17 18 15
195 17 18 1
3552 17 19 93
1261 17 19 84
387 17 19 75
2231 17 19 62
440 17 19 50
3420 17 19 36
83 17 19 27
735 17 19 15
162 17 19 1
2630 18 0 92
4048 18 0 81
1162 18 0 67
4158 18 0 58
4006 18 0 50
943 18 0 36
4150 18 0 26
469 18 0 16
967 18 0 5
1804 18 2 92
1823 18 2 80
1357 18 2 68
785 18 2 56
1470 18 2 47
2521 18 2 31
3471 18 2 20
1225 18 2 11
2814 18 3 91
874 18 3 82
241 18 3 73
3648 18 3 62
3850 18 3 49
1674 18 3 37
2333 18 3 26
31 18 3 16
3318 18 3 4
1254 18 5 91
823 18 5 82
2665 18 5 72
583 18 5 62
1820 18 5 49
625 18 5 37
1646 18 5 26
3320 18 5 15
2048 18 5 4
377 19 0 91
126 19 0 82
1930 19 0 72
3932 19 0 61
299 19 0 45
1875 19 0 32
4079 19 0 22
2123 19 0 12
851 19 0 3
3181 19 2 90
41 19 2 83
10 19 2 72
3556 19 2 61
2297 19 2 43
723 19 2 34
2603 19 2 24
2838 19 2 14
2609 19 2 3
2948 19 3 90
4181 19 3 82
262 19 3 72
2457 19 3 61
346 19 3 43
158 19 3 34
228 19 3 24
3435 19 3 13
2492 19 3 3
2525 19 5 90
4038 19 5 82
3993 19 5 71
3022 19 5 62
1410 19 5 49
1022 19 5 36
2842 19 5 26
2909 19 5 15
3796 19 5 2
2041 19 6 90
1347 19 6 82
1522 19 6 71
720 19 6 62
1019 19 6 49
665 19 6 36
1250 19 6 26
2897 19 6 15
2734 19 6 2
1748 19 7 90
1050 19 7 82
1110 19 7 71
1257 19 7 61
1900 19 7 37
905 19 7 26
2325 19 7 15
470 19 7 2
1503 19 8 90
2740 19 8 81
2260 19 8 66
3811 19 8 54
2999 19 8 46
3467 19 8 25
3192 19 8 15
2843 19 8 1
460 19 9 90
2368 19 9 80
786 19 9 68
1371 19 9 55
3917 19 9 40
3030 19 9 28
2518 19 9 17
2256 19 9 7
3535 19 10 89
3430 19 10 77
3810 19 10 67
2704 19 10 58
3369 19 10 50
595 19 10 36
1489 19 10 25
2174 19 10 15
977 19 10 1
3298 19 11 89
2394 19 11 76
169 19 11 68
4137 19 11 54
1011 19 11 46
3202 19 11 25
1645 19 11 15
3781 19 11 2
2764 19 12 89
1213 19 12 76
3285 19 12 67
2351 19 12 58
252 19 12 50
4129 19 12 35
1753 19 12 22
3370 19 12 11
2132 19 13 89
493 19 13 76
2625 19 13 67
1473 19 13 58
4027 19 13 49
1986 19 13 35
1429 19 13 22
4103 19 13 10
1915 19 14 89
3305 19 14 75
2019 19 14 62
641 19 14 49
1543 19 14 35
478 19 14 22
2341 19 14 10
859 19 15 89
2014 19 15 75
816 19 15 62
144 19 15 48
3075 19 15 38
1868 19 15 25
398 19 15 15
3422 19 15 2
2760 19 16 88
203 19 16 78
332 19 16 67
140 19 16 58
3945 19 16 49
247 19 16 35
3221 19 16 21
3441 19 16 6
2624 19 17 88
3454 19 17 77
3639 19 17 67
3275 19 17 57
915 19 17 47
4057 19 17 30
1508 19 17 20
179 19 17 11
300 19 18 88
3035 19 18 77
383 19 18 67
1634 19 18 57
112 19 18 47
3451 19 18 30
1487 19 18 20
1657 19 18 10
3972 19 19 87
570 19 19 78
3251 19 19 66
2340 19 19 54
514 19 19 46
2854 19 19 25
1717 19 19 14
2584 19 19 2
