3133
4636 0 0 99
3562 0 0 95
1245 0 0 92
2930 0 0 90
5253 0 0 87
6227 0 0 83
4142 0 0 80
6494 0 0 77
13 0 0 75
2630 0 0 71
4510 0 0 68
4732 0 0 66
6270 0 0 63
1421 0 0 61
3990 0 0 58
4753 0 0 56
6478 0 0 53
3690 0 0 51
4091 0 0 48
243 0 0 46
2520 0 0 44
6009 0 0 41
5803 0 0 38
6538 0 0 36
6566 0 0 32
6070 0 0 29
5100 0 0 27
3400 0 0 24
1718 0 0 22
1214 0 0 20
6314 0 0 18
5212 0 0 15
1675 0 0 12
4387 0 0 8
2586 0 0 5
3528 0 0 2
3127 0 1 99
3236 0 1 95
622 0 1 92
4922 0 1 89
2241 0 1 87
4771 0 1 83
928 0 1 80
4381 0 1 76
4741 0 1 72
6493 0 1 70
1297 0 1 68
2704 0 1 66
3243 0 1 63
5443 0 1 60
5289 0 1 58
5267 0 1 55
5659 0 1 52
1581 0 1 50
6409 0 1 46
4957 0 1 43
5487 0 1 40
3451 0 1 38
5889 0 1 35
3793 0 1 32
4252 0 1 29
1474 0 1 27
3050 0 1 24
3790 0 1 21
1520 0 1 18
2090 0 1 15
4029 0 1 11
717 0 1 9
6170 0 1 7
5623 0 1 4
5610 0 1 1
3923 0 2 98
6389 0 2 94
5718 0 2 91
3853 0 2 88
3268 0 2 86
5685 0 2 82
5028 0 2 79
6359 0 2 76
4083 0 2 72
5965 0 2 70
6307 0 2 67
5976 0 2 64
4286 0 2 61
6124 0 2 57
2230 0 2 54
560 0 2 51
1594 0 2 48
5254 0 2 45
3374 0 2 41
2238 0 2 38
4799 0 2 34
5143 0 2 32
630 0 2 29
3738 0 2 26
6560 0 2 24
2642 0 2 21
5221 0 2 17
4115 0 2 14
4875 0 2 12
2215 0 2 8
1529 0 2 5
2033 0 2 2
395 0 3 98
6180 0 3 94
5568 0 3 91
1712 0 3 88
3150 0 3 85
2848 0 3 83
5263 0 3 79
6208 0 3 76
3867 0 3 72
6387 0 3 69
3356 0 3 65
4086 0 3 62
4567 0 3 60
5304 0 3 55
5286 0 3 52
5787 0 3 48
1294 0 3 45
1912 0 3 41
880 0 3 38
1498 0 3 34
3667 0 3 31
1151 0 3 29
3279 0 3 26
4792 0 3 23
4607 0 3 20
6008 0 3 16
2040 0 3 14
4470 0 3 11
1690 0 3 8
796 0 3 5
6300 0 3 1
5389 0 4 97
5027 0 4 93
5800 0 4 90
5155 0 4 87
4319 0 4 83
5106 0 4 79
6190 0 4 76
1664 0 4 72
388 0 4 69
2766 0 4 65
5481 0 4 61
6026 0 4 57
1755 0 4 54
6491 0 4 50
976 0 4 46
6203 0 4 42
5880 0 4 38
6362 0 4 33
1514 0 4 31
4763 0 4 28
4585 0 4 24
1146 0 4 21
4087 0 4 17
1077 0 4 14
2884 0 4 11
1137 0 4 8
5728 0 4 4
3489 0 4 1
4604 0 5 97
3865 0 5 93
5561 0 5 90
3170 0 5 87
1470 0 5 83
3010 0 5 79
4897 0 5 76
6254 0 5 71
3616 0 5 68
6004 0 5 65
5214 0 5 61
2501 0 5 57
1508 0 5 54
5947 0 5 50
86 0 5 46
4516 0 5 42
131 0 5 38
3244 0 5 33
6480 0 5 30
3993 0 5 27
2591 0 5 24
1097 0 5 21
2698 0 5 17
5339 0 5 13
5868 0 5 10
6439 0 5 7
4078 0 5 4
3443 0 5 1
2712 0 6 97
3119 0 6 93
6468 0 6 89
5920 0 6 86
216 0 6 82
6338 0 6 78
4928 0 6 74
4326 0 6 71
4937 0 6 67
5933 0 6 64
3203 0 6 61
1841 0 6 57
1082 0 6 54
4449 0 6 50
6076 0 6 45
1100 0 6 41
653 0 6 38
3186 0 6 33
4664 0 6 30
899 0 6 26
3706 0 6 23
2005 0 6 20
5514 0 6 16
6205 0 6 13
1486 0 6 10
5765 0 6 6
4093 0 6 3
4576 0 7 96
5801 0 7 94
5559 0 7 90
5798 0 7 86
124 0 7 82
4173 0 7 78
2190 0 7 74
3658 0 7 71
5116 0 7 66
2973 0 7 63
5384 0 7 60
4714 0 7 55
1972 0 7 51
4090 0 7 47
494 0 7 45
5426 0 7 40
6414 0 7 37
2189 0 7 35
3918 0 7 31
3157 0 7 27
4862 0 7 23
667 0 7 20
4817 0 7 16
3266 0 7 13
1045 0 7 10
3823 0 7 6
2687 0 7 3
3094 0 8 96
1645 0 8 94
2179 0 8 90
5355 0 8 86
5978 0 8 81
5474 0 8 78
1220 0 8 73
4578 0 8 71
3882 0 8 66
2290 0 8 63
4448 0 8 59
3594 0 8 57
384 0 8 54
4425 0 8 50
5628 0 8 45
5291 0 8 40
859 0 8 36
6430 0 8 32
5674 0 8 28
3472 0 8 24
2733 0 8 20
4345 0 8 16
2053 0 8 13
6052 0 8 9
2796 0 8 5
5017 0 8 1
3085 0 9 96
413 0 9 94
6245 0 9 89
1114 0 9 86
4819 0 9 81
2143 0 9 78
6163 0 9 72
2334 0 9 68
3523 0 9 65
4833 0 9 61
66 0 9 57
6250 0 9 53
1957 0 9 51
3692 0 9 47
442 0 9 44
2686 0 9 41
6226 0 9 37
5416 0 9 34
1660 0 9 31
167 0 9 27
2939 0 9 23
5457 0 9 19
3090 0 9 15
4004 0 9 11
5900 0 9 7
5946 0 9 3
708 0 10 96
3058 0 10 93
780 0 10 89
6520 0 10 85
1627 0 10 82
3423 0 10 78
5797 0 10 72
2269 0 10 68
5877 0 10 64
2813 0 10 61
5357 0 10 56
3659 0 10 53
4784 0 10 50
4882 0 10 45
4734 0 10 40
5009 0 10 35
3189 0 10 31
5853 0 10 26
2430 0 10 23
3500 0 10 19
6019 0 10 14
2026 0 10 11
4486 0 10 7
5654 0 10 3
5968 0 11 95
5324 0 11 91
261 0 11 88
285 0 11 85
6191 0 11 81
4250 0 11 77
5899 0 11 73
1663 0 11 70
1412 0 11 67
5644 0 11 64
5099 0 11 60
4508 0 11 55
1366 0 11 51
2713 0 11 47
5696 0 11 43
4397 0 11 39
5300 0 11 36
3686 0 11 32
5088 0 11 28
165 0 11 24
6064 0 11 19
3336 0 11 14
5960 0 11 10
2198 0 11 6
1908 0 11 3
3165 0 12 95
1801 0 12 91
5606 0 12 87
5830 0 12 82
2806 0 12 78
5684 0 12 72
1171 0 12 68
4696 0 12 64
4939 0 12 60
3572 0 12 55
785 0 12 51
2661 0 12 47
3280 0 12 43
5234 0 12 38
950 0 12 33
1375 0 12 30
562 0 12 26
1435 0 12 23
3093 0 12 19
2878 0 12 14
4400 0 12 10
1639 0 12 6
4435 0 12 2
5383 0 13 94
6054 0 13 89
6299 0 13 85
3911 0 13 81
53 0 13 77
4260 0 13 73
688 0 13 70
3944 0 13 66
1360 0 13 63
3862 0 13 59
3187 0 13 55
504 0 13 51
1822 0 13 47
2737 0 13 43
4849 0 13 38
3353 0 13 32
4496 0 13 28
5989 0 13 23
3081 0 13 19
881 0 13 14
6543 0 13 9
2611 0 13 5
4790 0 13 1
4670 0 14 94
5431 0 14 89
5986 0 14 85
3903 0 14 81
5849 0 14 76
6006 0 14 71
1727 0 14 66
5391 0 14 62
2724 0 14 60
2582 0 14 55
96 0 14 51
5859 0 14 46
2305 0 14 42
5754 0 14 37
5812 0 14 33
5004 0 14 29
1233 0 14 26
874 0 14 23
2834 0 14 19
5848 0 14 13
5338 0 14 9
1057 0 14 5
4248 0 14 1
4555 0 15 94
4931 0 15 89
5337 0 15 84
6247 0 15 80
1624 0 15 76
5923 0 15 71
932 0 15 66
5326 0 15 62
3796 0 15 59
4429 0 15 54
2544 0 15 50
312 0 15 45
4551 0 15 40
4238 0 15 35
1726 0 15 31
5505 0 15 26
191 0 15 23
1277 0 15 19
2826 0 15 13
4308 0 15 9
6481 0 15 4
4491 0 16 94
4606 0 16 89
5108 0 16 84
5764 0 16 80
4199 0 16 75
1789 0 16 71
6393 0 16 65
4821 0 16 61
4684 0 16 56
1177 0 16 53
4180 0 16 50
4949 0 16 44
5775 0 16 40
4011 0 16 35
1373 0 16 31
5185 0 16 26
5107 0 16 22
1092 0 16 18
5723 0 16 14
5052 0 16 9
4810 0 16 4
4272 0 17 94
4396 0 17 89
4294 0 17 84
4874 0 17 80
1088 0 17 75
1078 0 17 71
5904 0 17 65
2888 0 17 61
4388 0 17 56
6125 0 17 52
5260 0 17 48
4700 0 17 44
5109 0 17 40
2905 0 17 35
1293 0 17 31
4869 0 17 26
4572 0 17 22
1017 0 17 18
3393 0 17 14
4888 0 17 9
4580 0 17 4
3269 0 18 94
3590 0 18 89
4284 0 18 84
6269 0 18 79
1792 0 18 76
5149 0 18 71
5310 0 18 65
2619 0 18 61
2950 0 18 56
5050 0 18 52
3708 0 18 48
4562 0 18 44
4926 0 18 40
2804 0 18 35
1289 0 18 31
4804 0 18 26
3534 0 18 22
3169 0 18 17
4512 0 18 13
4131 0 18 9
3166 0 18 4
2951 0 19 94
3310 0 19 89
4192 0 19 84
1751 0 19 79
5919 0 19 75
1043 0 19 71
5002 0 19 65
2248 0 19 61
2093 0 19 56
148 0 19 52
202 0 19 48
4513 0 19 44
4427 0 19 39
463 0 19 36
1463 0 19 32
2771 0 19 28
4892 0 19 23
6007 0 19 18
1034 0 19 14
3531 0 19 9
1848 0 19 4
812 2 1 94
1199 2 1 89
6126 2 1 83
6332 2 1 78
5372 2 1 72
826 2 1 68
4674 2 1 64
4805 2 1 60
1905 2 1 55
6243 2 1 50
4415 2 1 44
4122 2 1 39
6042 2 1 35
1056 2 1 31
4434 2 1 26
6563 2 1 21
381 2 1 17
4338 2 1 13
1304 2 1 9
788 2 1 4
679 2 2 94
815 2 2 89
5400 2 2 83
5690 2 2 78
4977 2 2 72
5058 2 2 67
5614 2 2 63
5748 2 2 58
4279 2 2 55
5589 2 2 50
3843 2 2 44
4112 2 2 39
5191 2 2 34
995 2 2 31
2331 2 2 26
765 2 2 21
4837 2 2 16
6544 2 2 12
6511 2 2 7
4967 2 2 3
2735 2 3 93
496 2 3 89
5081 2 3 83
1898 2 3 78
4564 2 3 72
4032 2 3 67
4845 2 3 63
4061 2 3 58
3766 2 3 55
4677 2 3 50
1685 2 3 44
2517 2 3 39
5008 2 3 34
5201 2 3 30
3842 2 3 25
2263 2 3 22
6291 2 3 16
6237 2 3 12
4466 2 3 7
4038 2 3 3
937 2 4 93
238 2 4 89
3139 2 4 83
1858 2 4 78
2559 2 4 72
2268 2 4 67
3084 2 4 63
2753 2 4 58
1358 2 4 55
4256 2 4 50
5822 2 4 43
1327 2 4 38
5937 2 4 31
4565 2 4 25
5275 2 4 21
4593 2 4 16
6123 2 4 12
2393 2 4 7
3406 2 4 3
664 2 5 93
6132 2 5 88
5308 2 5 84
6313 2 5 78
2084 2 5 72
1551 2 5 67
282 2 5 63
1887 2 5 58
951 2 5 55
3689 2 5 50
5511 2 5 43
3541 2 5 37
4253 2 5 33
4203 2 5 29
5375 2 5 25
5183 2 5 21
4233 2 5 16
3866 2 5 12
1509 2 5 7
1903 2 5 3
4948 2 6 92
4278 2 6 88
1549 2 6 84
6184 2 6 78
1876 2 6 72
6169 2 6 66
3621 2 6 62
1946 2 6 58
6204 2 6 54
659 2 6 50
5006 2 6 43
250 2 6 37
1319 2 6 33
3632 2 6 29
4046 2 6 25
5007 2 6 21
3991 2 6 16
2136 2 6 12
5695 2 6 6
4281 2 6 2
3889 2 7 92
3966 2 7 88
5309 2 7 83
5961 2 7 77
3952 2 7 73
163 2 7 70
2732 2 7 66
2870 2 7 62
1890 2 7 58
5283 2 7 54
999 2 7 49
3682 2 7 47
1007 2 7 43
6320 2 7 36
466 2 7 32
306 2 7 28
4503 2 7 23
5238 2 7 18
6554 2 7 13
642 2 7 9
576 2 7 4
3845 2 8 92
6110 2 8 87
4787 2 8 82
2295 2 8 78
909 2 8 72
4340 2 8 66
6186 2 8 61
6285 2 8 55
2320 2 8 50
3168 2 8 43
5931 2 8 36
5956 2 8 31
2850 2 8 25
1006 2 8 21
3618 2 8 16
1722 2 8 12
4170 2 8 6
1028 2 8 2
968 2 9 92
5277 2 9 87
4316 2 9 82
821 2 9 78
6509 2 9 71
4420 2 9 65
549 2 9 61
5475 2 9 55
2302 2 9 50
2175 2 9 43
5521 2 9 36
3087 2 9 31
1770 2 9 25
3975 2 9 20
1552 2 9 16
1379 2 9 12
3369 2 9 6
4944 2 9 1
4500 2 10 91
4934 2 10 87
4300 2 10 82
3916 2 10 77
2008 2 10 73
5011 2 10 69
1075 2 10 65
392 2 10 61
4493 2 10 55
2201 2 10 50
1784 2 10 43
5125 2 10 36
3022 2 10 31
834 2 10 25
2585 2 10 20
6324 2 10 15
3070 2 10 11
3047 2 10 7
4454 2 10 2
3905 2 11 91
3711 2 11 87
3468 2 11 82
1542 2 11 77
6551 2 11 72
1037 2 11 66
3135 2 11 61
3267 2 11 55
1683 2 11 50
1605 2 11 43
4951 2 11 36
2685 2 11 31
2294 2 11 24
3914 2 11 19
2532 2 11 13
5378 2 11 8
5569 2 11 4
3448 2 12 91
3650 2 12 87
2473 2 12 82
6297 2 12 76
3377 2 12 71
2154 2 12 65
49 2 12 61
1562 2 12 55
1349 2 12 50
3938 2 12 42
4906 2 12 37
244 2 12 33
1314 2 12 29
1503 2 12 25
1219 2 12 20
3770 2 12 15
2759 2 12 11
6355 2 12 6
1267 2 12 1
3100 2 13 91
1615 2 13 87
39 2 13 82
2741 2 13 76
7 2 13 71
2069 2 13 65
5246 2 13 60
6377 2 13 54
942 2 13 49
3611 2 13 45
4265 2 13 40
1750 2 13 35
665 2 13 31
1614 2 13 24
2675 2 13 19
1895 2 13 13
4824 2 13 8
4624 2 13 4
2960 2 15 91
5366 2 15 86
3108 2 15 81
4603 2 15 76
4850 2 15 70
1234 2 15 66
2494 2 15 61
1035 2 15 55
752 2 15 50
3292 2 15 42
3804 2 15 37
3697 2 15 32
5873 2 15 27
1427 2 15 23
4735 2 15 18
3683 2 15 13
3635 2 15 8
3404 2 15 4
1704 2 16 91
3932 2 16 86
507 2 16 81
1001 2 16 76
4751 2 16 70
47 2 16 66
2333 2 16 61
134 2 16 55
45 2 16 50
1889 2 16 42
5470 2 16 36
762 2 16 31
1592 2 16 24
6147 2 16 18
2478 2 16 13
3332 2 16 8
2142 2 16 4
1269 2 17 91
3339 2 17 86
483 2 17 81
6407 2 17 75
61 2 17 71
1485 2 17 65
5031 2 17 60
6121 2 17 54
600 2 17 49
1950 2 17 45
6485 2 17 39
4445 2 17 34
4705 2 17 30
2954 2 17 25
5494 2 17 19
5608 2 17 12
3175 2 17 6
420 2 17 1
5054 2 18 90
3909 2 18 86
5835 2 18 80
4465 2 18 74
2151 2 18 71
1127 2 18 65
2634 2 18 60
5567 2 18 54
195 2 18 49
1676 2 18 45
5697 2 18 39
3239 2 18 34
4215 2 18 29
771 2 18 25
4660 2 18 19
5504 2 18 12
2987 2 18 6
559 2 19 90
3305 2 19 86
4737 2 19 80
4056 2 19 74
211 2 19 71
615 2 19 65
2407 2 19 60
6365 2 19 53
1257 2 19 50
1812 2 19 42
2972 2 19 36
5940 2 19 30
2898 2 19 25
4070 2 19 19
3376 2 19 12
214 2 19 6
469 3 1 90
5049 3 1 85
3298 3 1 81
5781 3 1 75
3671 3 1 70
6349 3 1 65
1570 3 1 60
5666 3 1 53
4057 3 1 49
4545 3 1 44
5651 3 1 38
5034 3 1 31
4409 3 1 23
271 3 1 18
446 3 1 13
1897 3 1 8
858 3 1 4
5311 3 2 89
2562 3 2 83
4270 3 2 77
5548 3 2 72
878 3 2 66
4894 3 2 60
5531 3 2 53
3535 3 2 49
3623 3 2 44
5370 3 2 38
4386 3 2 31
4378 3 2 23
6196 3 2 17
3651 3 2 13
616 3 2 8
22 3 2 4
5103 3 3 89
2087 3 3 83
2315 3 3 77
4021 3 3 72
77 3 3 66
3729 3 3 60
5024 3 3 53
3639 3 3 48
3247 3 3 43
3854 3 3 36
5282 3 3 30
2095 3 3 25
3755 3 3 19
1538 3 3 12
5843 3 3 5
4666 3 4 89
5982 3 4 82
919 3 4 76
5202 3 4 69
885 3 4 65
6354 3 4 59
3512 3 4 54
38 3 4 49
1920 3 4 44
4955 3 4 38
4933 3 4 30
546 3 4 25
3196 3 4 19
1333 3 4 12
5407 3 4 5
2841 3 5 89
4446 3 5 82
581 3 5 76
4561 3 5 69
6546 3 5 64
4559 3 5 60
4598 3 5 53
1254 3 5 48
1346 3 5 43
3515 3 5 36
4885 3 5 30
6033 3 5 24
5627 3 5 18
5592 3 5 12
2428 3 5 5
372 3 6 89
4374 3 6 82
6274 3 6 75
2952 3 6 70
5130 3 6 65
6273 3 6 59
3294 3 6 54
4827 3 6 48
619 3 6 43
2896 3 6 36
4520 3 6 30
4622 3 6 24
4136 3 6 18
3174 3 6 12
2323 3 6 5
6446 3 7 87
5949 3 7 81
3051 3 7 75
2691 3 7 70
4776 3 7 65
5811 3 7 59
3218 3 7 54
3383 3 7 48
4570 3 7 42
2814 3 7 36
2645 3 7 30
3719 3 7 24
3643 3 7 18
2256 3 7 12
1925 3 7 5
5113 3 8 87
5922 3 8 81
2449 3 8 75
2470 3 8 70
2404 3 8 65
4426 3 8 59
1174 3 8 54
6086 3 8 47
3056 3 8 42
130 3 8 36
1306 3 8 30
3707 3 8 24
2608 3 8 18
515 3 8 12
1484 3 8 5
2141 3 9 87
5603 3 9 81
2242 3 9 75
596 3 9 70
2271 3 9 65
3551 3 9 59
692 3 9 54
5340 3 9 47
2432 3 9 42
5756 3 9 35
5414 3 9 30
2014 3 9 24
6417 3 9 17
2946 3 9 13
514 3 9 8
11 3 9 4
5768 3 10 86
3517 3 10 80
3881 3 10 74
5169 3 10 70
1276 3 10 65
2112 3 10 59
4469 3 10 53
5188 3 10 47
1205 3 10 42
5302 3 10 35
2144 3 10 29
5525 3 10 24
6319 3 10 17
1378 3 10 13
354 3 10 8
6246 3 10 3
5689 3 11 86
3132 3 11 80
577 3 11 74
4517 3 11 70
1207 3 11 65
646 3 11 59
3452 3 11 53
4770 3 11 47
5650 3 11 41
2082 3 11 37
1134 3 11 32
4813 3 11 27
569 3 11 23
5808 3 11 17
3699 3 11 12
6133 3 11 4
2970 3 12 86
516 3 12 80
4683 3 12 73
4631 3 12 69
6023 3 12 64
1130 3 12 60
1805 3 12 53
2342 3 12 47
5463 3 12 41
4001 3 12 36
6161 3 12 29
5336 3 12 24
6213 3 12 17
3162 3 12 12
2381 3 12 4
2030 3 13 86
15 3 13 80
4017 3 13 73
3519 3 13 69
5581 3 13 64
1036 3 13 60
1686 3 13 53
1216 3 13 47
4723 3 13 41
3994 3 13 36
5520 3 13 29
3971 3 13 24
4713 3 13 17
5930 3 13 11
3987 3 13 6
6502 3 15 85
2957 3 15 81
1877 3 15 75
84 3 15 70
811 3 15 65
6432 3 15 58
2742 3 15 54
5128 3 15 47
4405 3 15 41
2904 3 15 36
5411 3 15 29
2158 3 15 24
3571 3 15 17
5648 3 15 11
3736 3 15 6
4915 3 16 85
5276 3 16 80
2553 3 16 73
3199 3 16 69
3606 3 16 64
1511 3 16 59
517 3 16 53
956 3 16 47
3583 3 16 41
1372 3 16 36
5033 3 16 29
1417 3 16 24
3447 3 16 17
1916 3 16 11
2935 3 16 6
1969 3 17 85
3235 3 17 80
1883 3 17 73
2126 3 17 69
2236 3 17 64
1410 3 17 59
6431 3 17 52
5906 3 17 47
3462 3 17 41
34 3 17 35
1029 3 17 29
5381 3 17 23
4994 3 17 17
322 3 17 11
833 3 17 6
1104 3 18 85
3106 3 18 80
1623 3 18 73
1278 3 18 69
1478 3 18 64
5026 3 18 58
830 3 18 54
2028 3 18 47
2844 3 18 41
5025 3 18 34
4085 3 18 29
4104 3 18 23
4947 3 18 17
146 3 18 11
2897 3 18 5
19 3 19 85
597 3 19 80
1148 3 19 73
4635 3 19 68
3273 3 19 64
4871 3 19 58
438 3 19 54
1654 3 19 47
1833 3 19 41
4823 3 19 34
2649 3 19 29
4024 3 19 23
4506 3 19 17
6569 3 19 10
5719 3 19 5
1672 4 15 84
3784 4 15 78
3913 4 15 71
5876 4 15 64
3622 4 15 58
6268 4 15 53
3491 4 15 46
63 4 15 42
5294 4 15 35
884 4 15 29
2007 4 15 23
4218 4 15 17
6216 4 15 10
4175 4 15 5
2911 5 1 83
1637 5 1 77
3811 5 1 72
6420 5 1 65
5582 5 1 58
5739 5 1 53
3471 5 1 46
1444 5 1 41
2845 5 1 34
5970 5 1 28
3829 5 1 23
3883 5 1 17
5174 5 1 10
2928 5 1 5
4475 5 3 82
6050 5 3 75
3831 5 3 69
533 5 3 64
2479 5 3 58
5193 5 3 53
1870 5 3 46
5632 5 3 40
1585 5 3 35
5595 5 3 28
3390 5 3 23
6120 5 3 16
1022 5 3 12
1945 5 3 4
4497 5 4 81
740 5 4 75
3458 5 4 69
172 5 4 64
2167 5 4 58
3490 5 4 53
1745 5 4 46
5619 5 4 40
4494 5 4 34
5404 5 4 28
2793 5 4 23
5804 5 4 16
88 5 4 12
1103 5 4 4
3856 5 5 80
144 5 5 73
4008 5 5 68
2018 5 5 64
1120 5 5 58
2384 5 5 53
721 5 5 46
5437 5 5 40
2803 5 5 34
2756 5 5 28
530 5 5 23
2948 5 5 16
6553 5 5 11
2783 5 5 5
3053 5 6 78
3459 5 6 71
3610 5 6 64
1640 5 6 57
5056 5 6 53
448 5 6 46
4330 5 6 40
2327 5 6 34
6106 5 6 27
524 5 6 23
2659 5 6 16
5386 5 6 11
820 5 6 5
5209 5 7 77
2908 5 7 72
5833 5 7 65
5570 5 7 58
2070 5 7 53
5358 5 7 45
5226 5 7 39
2286 5 7 34
5918 5 7 27
6540 5 7 22
5536 5 7 16
4359 5 7 11
245 5 7 5
4153 5 8 77
1477 5 8 72
5156 5 8 65
5533 5 8 58
1574 5 8 53
5306 5 8 45
5089 5 8 39
963 5 8 34
4632 5 8 27
6435 5 8 22
5424 5 8 16
1823 5 8 11
56 5 8 5
2446 5 9 76
3539 5 9 69
4575 5 9 63
1573 5 9 58
424 5 9 53
3827 5 9 45
3432 5 9 39
5957 5 9 33
249 5 9 29
6005 5 9 22
4391 5 9 16
1495 5 9 11
5539 5 9 4
4930 5 10 67
5312 5 10 62
1665 5 10 58
361 5 10 53
3312 5 10 45
3179 5 10 39
4287 5 10 33
6231 5 10 28
360 5 10 23
1194 5 10 16
969 5 10 11
5469 5 10 4
1011 5 11 66
2903 5 11 60
4858 5 11 52
5838 5 11 47
1122 5 11 41
1525 5 11 34
2355 5 11 27
2531 5 11 22
6238 5 11 15
1653 5 11 11
5135 5 11 4
1914 5 17 65
5287 5 17 58
6283 5 17 52
5296 5 17 47
3955 5 17 40
5307 5 17 33
2709 5 17 28
5090 5 17 22
3855 5 17 15
1229 5 17 11
3428 5 17 4
4042 5 19 62
1270 5 19 58
4708 5 19 52
4958 5 19 47
3352 5 19 40
4027 5 19 33
4908 5 19 27
1598 5 19 22
3128 5 19 15
693 5 19 11
2373 5 19 4
2246 6 1 61
5895 6 1 54
1563 6 1 47
2265 6 1 40
3681 6 1 33
2486 6 1 27
5566 6 1 21
3420 6 1 16
5364 6 1 10
2880 6 1 5
4519 6 11 59
6039 6 11 52
2459 6 11 47
1356 6 11 40
3677 6 11 33
192 6 11 27
4113 6 11 21
2225 6 11 16
3675 6 11 10
331 6 11 5
3859 6 13 59
3604 6 13 52
536 6 13 47
790 6 13 40
2977 6 13 33
5376 6 13 26
5669 6 13 20
1800 6 13 15
4963 6 13 10
5761 6 13 4
5664 6 15 58
839 6 15 52
5441 6 15 46
3976 6 15 40
2071 6 15 33
4898 6 15 26
5602 6 15 20
1370 6 15 15
3387 6 15 10
5396 6 15 4
3198 6 17 98
3705 6 17 94
4609 6 17 88
4652 6 17 83
6413 6 17 76
2785 6 17 69
1268 6 17 63
5862 6 17 57
4764 6 17 53
2184 6 17 45
1426 6 17 39
3704 6 17 33
4194 6 17 26
5471 6 17 20
1027 6 17 15
3153 6 17 10
4228 6 17 4
632 7 1 98
3434 7 1 94
2809 7 1 87
4986 7 1 81
5012 7 1 74
4985 7 1 69
674 7 1 63
5522 7 1 57
1128 7 1 53
1742 7 1 45
1118 7 1 39
3506 7 1 33
4189 7 1 26
4548 7 1 20
819 7 1 15
2660 7 1 10
3879 7 1 4
5813 7 2 97
168 7 2 93
5616 7 2 88
4408 7 2 83
2543 7 2 76
1516 7 2 69
5952 7 2 62
6025 7 2 57
6244 7 2 52
5371 7 2 46
2962 7 2 40
6441 7 2 32
4119 7 2 27
3657 7 2 21
2043 7 2 16
2992 7 2 10
3589 7 2 4
841 7 3 97
5057 7 3 92
2217 7 3 87
4522 7 3 81
3814 7 3 74
4404 7 3 69
5655 7 3 62
5365 7 3 57
4852 7 3 52
4366 7 3 46
2019 7 3 40
6153 7 3 32
3816 7 3 27
3439 7 3 21
1344 7 3 16
2983 7 3 10
1842 7 3 4
5613 7 4 96
5676 7 4 91
3319 7 4 86
4357 7 4 79
5874 7 4 75
2497 7 4 69
4456 7 4 62
3302 7 4 57
4401 7 4 52
2516 7 4 46
1062 7 4 40
5459 7 4 32
3419 7 4 27
1500 7 4 21
258 7 4 16
1987 7 4 10
1420 7 4 4
5245 7 5 96
4884 7 5 91
1161 7 5 86
3617 7 5 79
3405 7 5 75
2412 7 5 69
3890 7 5 62
2746 7 5 57
3998 7 5 52
1960 7 5 46
6522 7 5 39
2261 7 5 33
3669 7 5 26
2861 7 5 20
321 7 5 15
1315 7 5 10
6503 7 5 3
2941 7 6 96
4138 7 6 91
4584 7 6 85
5461 7 6 79
2594 7 6 75
2041 7 6 69
1465 7 6 62
6453 7 6 56
2436 7 6 51
4309 7 6 46
6462 7 6 39
5827 7 6 32
3227 7 6 27
5916 7 6 20
151 7 6 15
731 7 6 10
4647 7 6 3
2524 7 7 96
3055 7 7 91
4229 7 7 85
5279 7 7 79
1055 7 7 75
434 7 7 69
4450 7 7 61
5236 7 7 54
803 7 7 47
5953 7 7 39
4474 7 7 32
2091 7 7 27
5255 7 7 20
6229 7 7 14
3021 7 7 9
5752 7 7 3
1440 7 8 96
2292 7 8 91
2537 7 8 85
3272 7 8 79
188 7 8 75
5999 7 8 68
1937 7 8 64
1251 7 8 57
3580 7 8 52
1787 7 8 46
6175 7 8 39
3507 7 8 32
756 7 8 27
4412 7 8 20
5973 7 8 14
2383 7 8 9
5151 7 8 3
6069 7 9 95
1302 7 9 91
1445 7 9 85
2886 7 9 79
6564 7 9 74
2999 7 9 69
4161 7 9 61
2772 7 9 54
705 7 9 47
5402 7 9 39
2588 7 9 32
4487 7 9 26
1147 7 9 20
4337 7 9 14
2370 7 9 9
3514 7 9 3
4339 7 10 95
3028 7 10 90
4303 7 10 85
2672 7 10 79
5197 7 10 74
2670 7 10 69
3983 7 10 61
2683 7 10 54
6138 7 10 46
5436 7 10 39
336 7 10 32
4430 7 10 26
3982 7 10 19
1290 7 10 12
6317 7 10 3
2644 7 11 95
2168 7 11 90
4049 7 11 85
367 7 11 79
4743 7 11 74
993 7 11 69
3668 7 11 61
1341 7 11 54
2534 7 11 46
5067 7 11 39
6408 7 11 31
3786 7 11 23
742 7 11 16
1796 7 11 10
4536 7 11 3
2006 7 13 95
1998 7 13 90
3946 7 13 85
6168 7 13 78
2226 7 13 71
3158 7 13 64
547 7 13 57
2573 7 13 52
1110 7 13 46
3359 7 13 39
5405 7 13 31
3602 7 13 23
3749 7 13 15
183 7 13 10
4356 7 13 3
1455 7 15 95
531 7 15 90
5886 7 15 84
3017 7 15 78
5780 7 15 70
288 7 15 65
4829 7 15 58
6333 7 15 51
6077 7 15 45
3054 7 15 38
2165 7 15 30
1196 7 15 24
1803 7 15 17
4796 7 15 10
3741 7 15 3
6348 7 17 94
594 7 17 87
2914 7 17 81
2193 7 17 74
6515 7 17 68
1156 7 17 63
3036 7 17 57
635 7 17 52
5846 7 17 45
2011 7 17 38
1123 7 17 30
3527 7 17 23
1872 7 17 15
6450 7 17 9
2909 7 17 3
3951 7 18 94
374 7 18 87
2061 7 18 81
967 7 18 74
5513 7 18 68
5460 7 18 62
6182 7 18 56
2012 7 18 51
5497 7 18 45
1894 7 18 38
1098 7 18 30
2843 7 18 23
1275 7 18 15
4034 7 18 9
1371 7 18 3
3725 7 19 94
3328 7 19 86
1971 7 19 79
2475 7 19 74
4007 7 19 68
3915 7 19 62
6151 7 19 56
1457 7 19 51
3031 7 19 45
5908 7 19 37
844 7 19 32
2606 7 19 26
3872 7 19 19
892 7 19 12
5705 7 19 3
3347 8 1 94
1385 8 1 86
6183 8 1 78
5745 8 1 70
6207 8 1 64
6360 8 1 56
1399 8 1 51
2726 8 1 45
5677 8 1 37
6477 8 1 31
2092 8 1 23
3287 8 1 14
2253 8 1 9
69 8 1 3
3152 8 2 94
304 8 2 86
6114 8 2 78
5576 8 2 70
4595 8 2 64
6091 8 2 56
1287 8 2 51
2259 8 2 45
4064 8 2 37
6209 8 2 31
784 8 2 23
2723 8 2 14
1149 8 2 9
33 8 2 3
957 8 3 94
5235 8 3 85
5538 8 3 78
4385 8 3 70
4443 8 3 64
5065 8 3 56
704 8 3 51
5633 8 3 44
4118 8 3 38
119 8 3 30
2777 8 3 23
4832 8 3 13
3847 8 3 7
4367 8 3 2
450 8 4 94
4746 8 4 85
5094 8 4 78
2933 8 4 70
4176 8 4 64
3304 8 4 56
185 8 4 51
4557 8 4 44
3357 8 4 38
5164 8 4 29
5305 8 4 22
4914 8 4 14
286 8 4 9
4266 8 4 2
6046 8 5 93
4648 8 5 88
4344 8 5 83
386 8 5 76
697 8 5 69
3919 8 5 60
4171 8 5 52
5495 8 5 45
3817 8 5 37
4881 8 5 31
6298 8 5 22
4031 8 5 14
6272 8 5 8
5516 8 5 3
911 8 6 93
4525 8 6 88
4106 8 6 83
240 8 6 76
5740 8 6 68
2131 8 6 62
5458 8 6 56
6406 8 6 50
476 8 6 42
3861 8 6 35
2159 8 6 28
4444 8 6 22
3067 8 6 14
5345 8 6 8
5330 8 6 3
5509 8 7 92
6015 8 7 86
1698 8 7 78
2596 8 7 70
2788 8 7 64
2932 8 7 56
3898 8 7 50
2769 8 7 41
6100 8 7 33
2637 8 7 26
3331 8 7 19
6372 8 7 11
684 8 7 4
5359 8 13 92
5195 8 13 86
1618 8 13 78
1961 8 13 70
1995 8 13 64
2368 8 13 56
3537 8 13 50
2477 8 13 41
5860 8 13 33
1724 8 13 26
3003 8 13 19
4390 8 13 11
12 8 13 4
5184 8 15 92
4499 8 15 86
6500 8 15 77
1423 8 15 72
4110 8 15 65
4504 8 15 58
5519 8 15 51
4453 8 15 44
3340 8 15 38
3625 8 15 29
5124 8 15 22
3046 8 15 14
5249 8 15 8
5076 8 15 3
4916 8 17 92
4336 8 17 86
5604 8 17 77
643 8 17 72
3818 8 17 65
4321 8 17 58
4581 8 17 51
2802 8 17 44
1838 8 17 38
3307 8 17 29
1303 8 17 22
2974 8 17 14
2703 8 17 8
4694 8 17 3
3018 8 18 92
3791 8 18 86
4432 8 18 77
5712 8 18 71
2085 8 18 64
18 8 18 56
3136 8 18 50
2194 8 18 41
4147 8 18 33
818 8 18 26
2662 8 18 19
3857 8 18 11
5871 8 18 3
1635 8 19 92
2535 8 19 86
3433 8 19 77
4079 8 19 71
781 8 19 64
6484 8 19 55
5789 8 19 49
6526 8 19 43
2857 8 19 36
4659 8 19 29
5387 8 19 21
6080 8 19 15
3869 8 19 9
4099 8 19 2
5855 9 7 91
1342 9 7 85
2682 9 7 78
741 9 7 70
1976 9 7 64
4204 9 7 55
5380 9 7 49
6262 9 7 43
2024 9 7 36
4569 9 7 29
2795 9 7 21
4673 9 7 15
1557 9 7 9
3543 9 7 2
4795 9 9 91
1321 9 9 85
394 9 9 78
5344 9 9 69
3426 9 9 60
2574 9 9 52
3146 9 9 45
1830 9 9 37
4169 9 9 31
4984 9 9 22
2309 9 9 14
2171 9 9 8
1832 9 9 3
4671 9 10 91
1008 9 10 85
6532 9 10 77
2923 9 10 71
6185 9 10 63
2849 9 10 57
4778 9 10 51
2522 9 10 44
1806 9 10 38
2825 9 10 29
2787 9 10 21
2340 9 10 15
1064 9 10 9
2361 9 10 2
1773 9 11 91
853 9 11 85
5343 9 11 77
1298 9 11 71
5146 9 11 63
1246 9 11 57
2792 9 11 51
1084 9 11 44
1330 9 11 38
1285 9 11 29
2365 9 11 21
2285 9 11 15
400 9 11 9
1283 9 11 2
1499 9 13 91
316 9 13 85
5242 9 13 77
770 9 13 71
4105 9 13 63
691 9 13 57
2204 9 13 51
103 9 13 44
122 9 13 38
1176 9 13 29
1599 9 13 21
2222 9 13 15
6104 9 13 8
1334 9 13 3
1026 9 15 91
4325 9 15 84
161 9 15 78
5192 9 15 69
1818 9 15 60
1907 9 15 52
2244 9 15 45
1743 9 15 37
3897 9 15 31
4451 9 15 22
1865 9 15 14
1590 9 15 8
5301 9 15 2
877 10 0 91
1546 10 0 84
5493 10 0 77
768 10 0 71
2750 10 0 63
364 10 0 57
1407 10 0 51
6440 10 0 43
2117 10 0 35
1617 10 0 28
3936 10 0 22
1555 10 0 14
863 10 0 8
4978 10 0 2
138 10 1 91
1456 10 1 84
4748 10 1 77
748 10 1 71
1382 10 1 63
5773 10 1 56
2892 10 1 50
4772 10 1 40
5274 10 1 32
1058 10 1 26
1522 10 1 19
3256 10 1 11
5710 10 1 3
6470 10 2 90
5168 10 2 83
5882 10 2 75
4801 10 2 68
1223 10 2 62
5187 10 2 56
2116 10 2 50
4053 10 2 40
3619 10 2 32
488 10 2 26
6486 10 2 18
1 10 2 12
5557 10 2 3
5382 10 3 90
5036 10 3 83
4848 10 3 75
2547 10 3 68
3870 10 3 61
6533 10 3 53
1187 10 3 45
916 10 3 37
147 10 3 31
2200 10 3 22
1493 10 3 14
184 10 3 8
4527 10 3 2
5148 10 4 90
3413 10 4 83
4006 10 4 75
2413 10 4 68
3733 10 4 61
6525 10 4 53
773 10 4 45
5709 10 4 36
3582 10 4 29
97 10 4 21
733 10 4 15
3802 10 4 8
2801 10 4 2
4856 10 5 90
3125 10 5 83
1264 10 5 75
4437 10 5 67
2556 10 5 62
5115 10 5 56
1184 10 5 50
1292 10 5 40
2622 10 5 32
6178 10 5 25
2968 10 5 19
3039 10 5 11
4964 10 5 3
3233 10 6 90
2697 10 6 83
672 10 6 75
2748 10 6 67
1965 10 6 62
5043 10 6 56
5809 10 6 49
4802 10 6 43
1886 10 6 35
464 10 6 28
3768 10 6 22
101 10 6 14
6447 10 6 7
4030 10 6 2
2548 10 7 90
2434 10 7 83
3411 10 7 74
3871 10 7 68
2707 10 7 61
4911 10 7 53
349 10 7 45
5362 10 7 36
35 10 7 29
4 10 7 21
5645 10 7 14
6375 10 7 7
3177 10 7 2
5673 10 9 89
2499 10 9 82
5814 10 9 75
4812 10 9 66
2760 10 9 60
5369 10 9 51
5714 10 9 43
1657 10 9 35
5196 10 9 27
4306 10 9 20
4164 10 9 14
5998 10 9 7
1313 10 9 2
3830 10 10 89
888 10 10 82
4094 10 10 75
4661 10 10 66
2103 10 10 60
4589 10 10 51
5631 10 10 43
6173 10 10 34
2339 10 10 27
2034 10 10 20
2410 10 10 14
1991 10 10 7
311 10 10 2
1157 10 13 89
346 10 13 82
3848 10 13 75
3398 10 13 66
480 10 13 60
3803 10 13 51
5015 10 13 43
4379 10 13 34
2240 10 13 27
1291 10 13 20
1462 10 13 14
6555 10 13 6
567 10 15 89
4638 10 15 81
840 10 15 74
3237 10 15 68
5726 10 15 60
3709 10 15 51
4611 10 15 43
3556 10 15 34
1641 10 15 27
5974 10 15 19
1158 10 15 11
4774 10 15 3
6476 10 16 88
6251 10 16 82
2233 10 16 75
2515 10 16 66
5805 10 16 59
585 10 16 52
6111 10 16 44
6235 10 16 37
4423 10 16 30
459 10 16 23
4044 10 16 13
3414 10 16 7
6482 10 16 1
5352 10 17 88
5912 10 17 82
231 10 17 75
509 10 17 66
5421 10 17 59
5981 10 17 51
933 10 17 43
2110 10 17 34
1629 10 17 27
645 10 17 19
865 10 17 11
3410 10 17 3
4628 10 18 88
3275 10 18 82
31 10 18 75
351 10 18 66
5318 10 18 59
5408 10 18 51
6094 10 18 42
3444 10 18 35
4658 10 18 27
246 10 18 19
6260 10 18 10
2966 10 18 3
4163 10 19 88
3254 10 19 82
6405 10 19 74
16 10 19 68
3143 10 19 60
612 10 19 51
4342 10 19 42
955 10 19 35
3183 10 19 27
5910 10 19 18
4550 10 19 11
3078 10 19 3
1968 11 0 88
1532 11 0 82
5298 11 0 74
2947 11 0 67
1955 11 0 62
4077 11 0 56
4953 11 0 49
4627 11 0 43
1578 11 0 34
5176 11 0 26
2797 11 0 18
4223 11 0 11
2616 11 0 3
1746 11 1 88
3113 11 1 81
732 11 1 74
79 11 1 67
6221 11 1 61
4588 11 1 53
5023 11 1 44
4972 11 1 37
4352 11 1 30
6384 11 1 22
5363 11 1 13
3367 11 1 7
5216 11 1 1
6456 11 2 87
2027 11 2 81
696 11 2 74
5707 11 2 66
4587 11 2 59
3721 11 2 51
1472 11 2 42
5532 11 2 34
1952 11 2 26
2319 11 2 18
3071 11 2 11
417 11 2 3
5013 11 3 87
1352 11 3 81
5620 11 3 73
3072 11 3 68
1944 11 3 60
6442 11 3 50
436 11 3 40
1811 11 3 32
5959 11 3 25
1576 11 3 19
5791 11 3 10
1693 11 3 3
1442 11 4 87
1261 11 4 81
5068 11 4 73
1777 11 4 68
894 11 4 60
4324 11 4 50
6437 11 4 39
4880 11 4 31
1418 11 4 22
4511 11 4 13
2209 11 4 7
3595 11 4 1
2836 11 5 86
2745 11 5 77
644 11 5 71
5248 11 5 62
2363 11 5 56
3014 11 5 49
4389 11 5 43
2852 11 5 33
497 11 5 26
589 11 5 18
2700 11 5 11
379 11 5 3
2727 11 6 86
1240 11 6 77
5958 11 6 70
890 11 6 64
3063 11 6 55
5204 11 6 49
3907 11 6 43
2010 11 6 33
4942 11 6 25
1250 11 6 19
4989 11 6 10
347 11 6 3
2197 11 7 86
1230 11 7 77
5278 11 7 70
512 11 7 64
1211 11 7 55
5072 11 7 49
3726 11 7 43
6020 11 7 32
3887 11 7 25
6539 11 7 18
2509 11 7 11
3615 11 7 2
1209 11 9 86
746 11 9 77
3808 11 9 70
6309 11 9 63
4765 11 9 56
4844 11 9 48
2021 11 9 42
5224 11 9 34
1556 11 9 26
6271 11 9 17
3181 11 9 10
4932 11 9 2
1044 11 10 86
57 11 10 77
3557 11 10 70
6164 11 10 63
3130 11 10 56
4351 11 10 48
1845 11 10 42
5218 11 10 34
1074 11 10 26
5465 11 10 17
1942 11 10 10
4596 11 10 2
5563 11 13 85
2919 11 13 77
2860 11 13 70
5233 11 13 63
2257 11 13 56
3939 11 13 48
267 11 13 42
4206 11 13 34
701 11 13 26
5332 11 13 17
876 11 13 10
4538 11 13 2
2424 11 18 84
2879 11 18 77
2059 11 18 70
4103 11 18 63
2102 11 18 56
3901 11 18 48
5477 11 18 41
3581 11 18 33
4929 11 18 25
5019 11 18 18
5555 11 18 10
4362 11 18 2
3241 11 19 82
4623 11 19 74
3785 11 19 66
2784 11 19 59
2374 11 19 51
1206 11 19 42
3607 11 19 34
540 11 19 26
2438 11 19 17
4739 11 19 9
5783 11 19 1
1680 12 7 82
3735 12 7 74
308 12 7 66
2335 12 7 59
2055 12 7 51
150 12 7 42
1153 12 7 34
5894 12 7 25
4393 12 7 18
3033 12 7 10
3980 12 7 2
4690 12 9 81
3986 12 9 73
1656 12 9 68
4702 12 9 59
1600 12 9 51
5014 12 9 41
2690 12 9 33
3715 12 9 25
3888 12 9 18
1593 12 9 10
2730 12 9 2
1644 12 10 81
3799 12 10 73
213 12 10 68
3821 12 10 59
800 12 10 51
4755 12 10 41
334 12 10 33
6011 12 10 24
5560 12 10 16
1679 12 10 10
1070 12 10 2
432 12 11 81
2183 12 11 73
4347 12 11 67
5703 12 11 61
3978 12 11 53
1785 12 11 44
4608 12 11 37
4302 12 11 30
5681 12 11 22
4036 12 11 13
1461 12 11 7
2901 12 11 1
2996 12 13 80
6224 12 13 72
3402 12 13 65
3593 12 13 58
3 12 13 51
3747 12 13 41
5466 12 13 32
3480 12 13 25
3838 12 13 18
1354 12 13 10
294 12 13 2
1481 12 14 79
2220 12 14 74
4566 12 14 65
776 12 14 58
3089 12 14 50
6257 12 14 39
4003 12 14 31
656 12 14 22
2837 12 14 13
5535 12 14 6
428 12 16 76
5476 12 16 68
3492 12 16 59
651 12 16 51
607 12 16 41
5200 12 16 32
1820 12 16 25
3654 12 16 18
303 12 16 10
5401 12 16 1
5215 13 0 75
4973 13 0 65
1829 13 0 57
74 13 0 51
1591 13 0 40
6378 13 0 31
566 13 0 22
2557 13 0 13
4084 13 0 6
1005 13 1 75
4779 13 1 65
6146 13 1 56
3349 13 1 48
4736 13 1 41
3840 13 1 32
1108 13 1 25
970 13 1 18
5928 13 1 9
4730 13 1 1
6199 13 2 72
2794 13 2 65
5847 13 2 56
3061 13 2 48
4537 13 2 41
2150 13 2 32
689 13 2 25
4820 13 2 17
4211 13 2 9
4539 13 2 1
3309 13 3 72
2419 13 3 65
5258 13 3 56
2831 13 3 48
3752 13 3 41
681 13 3 32
4280 13 3 24
2205 13 3 16
6066 13 3 9
3902 13 3 1
4740 13 4 69
452 13 4 60
4271 13 4 50
4917 13 4 39
1684 13 4 31
5161 13 4 21
5541 13 4 14
5565 13 4 6
3584 13 5 63
1126 13 5 56
2747 13 5 48
3613 13 5 41
4033 13 5 31
2708 13 5 21
4560 13 5 14
6574 13 5 5
2216 13 13 57
6156 13 13 50
3880 13 13 39
1582 13 13 31
2484 13 13 21
3977 13 13 14
2051 13 13 5
2170 13 14 95
5885 13 14 89
200 13 14 81
6443 13 14 72
2113 13 14 65
2961 13 14 56
1364 13 14 48
3503 13 14 41
3800 13 14 31
6311 13 14 20
1160 13 14 14
1740 13 14 5
6451 13 16 94
3892 13 16 85
2885 13 16 77
1612 13 16 70
3320 13 16 63
113 13 16 56
1323 13 16 48
2949 13 16 41
3569 13 16 31
5022 13 16 20
6225 13 16 13
4055 13 16 6
2526 13 17 94
2402 13 17 85
676 13 17 77
1085 13 17 70
2855 13 17 63
6062 13 17 55
3508 13 17 49
2578 13 17 43
3849 13 17 32
3588 13 17 24
2073 13 17 16
5101 13 17 9
3526 13 17 1
2023 13 18 94
2031 13 18 85
6404 13 18 76
4891 13 18 68
2990 13 18 59
4419 13 18 50
3655 13 18 39
1468 13 18 31
4749 13 18 20
4045 13 18 13
3999 13 18 6
6071 13 19 93
3191 13 19 88
2476 13 19 81
4899 13 19 72
2066 13 19 65
1483 13 19 56
5721 13 19 47
5071 13 19 39
5554 13 19 30
4373 13 19 22
2125 13 19 13
2137 13 19 6
5878 14 0 93
2465 14 0 88
2425 14 0 81
3567 14 0 72
1844 14 0 65
1065 14 0 56
5252 14 0 47
5060 14 0 39
5280 14 0 30
1909 14 0 22
1934 14 0 13
609 14 0 6
5615 14 7 93
1449 14 7 88
1288 14 7 81
6394 14 7 71
5044 14 7 62
2254 14 7 56
3746 14 7 47
4481 14 7 39
3992 14 7 30
1794 14 7 22
1324 14 7 13
4076 14 7 5
4311 14 8 93
5051 14 8 87
254 14 8 81
5777 14 8 71
4679 14 8 62
1879 14 8 56
2208 14 8 47
2598 14 8 39
3724 14 8 30
5467 14 8 21
2002 14 8 14
1141 14 8 5
4191 14 9 93
4488 14 9 87
3636 14 9 80
4754 14 9 72
1834 14 9 65
315 14 9 56
1852 14 9 47
639 14 9 39
3251 14 9 30
4798 14 9 21
1419 14 9 14
5453 14 9 4
4128 14 10 93
4209 14 10 87
1756 14 10 80
3536 14 10 72
1415 14 10 65
234 14 10 56
1402 14 10 47
6136 14 10 38
908 14 10 29
4441 14 10 20
3894 14 10 13
4035 14 10 5
3934 14 11 93
3329 14 11 87
554 14 11 80
1849 14 11 72
1014 14 11 65
5717 14 11 55
2219 14 11 49
786 14 11 43
3156 14 11 32
5579 14 11 23
4227 14 11 12
4725 14 11 3
1662 14 14 93
2853 14 14 87
64 14 14 80
1521 14 14 72
6534 14 14 64
5888 14 14 54
5941 14 14 45
4855 14 14 36
25 14 14 29
1232 14 14 20
2139 14 14 13
3765 14 14 5
1621 14 16 93
2481 14 16 87
6261 14 16 79
1208 14 16 74
3716 14 16 65
4707 14 16 55
100 14 16 49
427 14 16 43
3092 14 16 32
5250 14 16 23
3570 14 16 12
3285 14 16 3
1310 14 17 93
338 14 17 87
6255 14 17 79
4711 14 17 73
3929 14 17 67
5701 14 17 61
3754 14 17 53
1703 14 17 44
3242 14 17 37
6342 14 17 29
5686 14 17 19
4329 14 17 10
5170 14 17 1
153 14 18 93
3202 14 18 86
4314 14 18 76
3011 14 18 68
393 14 18 59
3466 14 18 50
2386 14 18 39
3049 14 18 30
2636 14 18 21
1202 14 18 14
5347 14 18 4
5612 14 19 92
4655 14 19 85
5488 14 19 76
2000 14 19 68
6194 14 19 58
2483 14 19 50
5790 14 19 38
5727 14 19 28
2174 14 19 22
795 14 19 13
2050 14 19 5
3950 15 0 92
3813 15 0 85
5473 15 0 76
1880 15 0 68
6038 15 0 58
5626 15 0 49
5427 15 0 42
4020 15 0 33
5891 15 0 24
1977 15 0 16
5061 15 0 9
2689 15 0 1
2714 15 2 92
5829 15 2 84
518 15 2 77
6374 15 2 69
5551 15 2 59
3354 15 2 50
5428 15 2 38
5180 15 2 28
922 15 2 22
9 15 2 13
114 15 2 5
2696 15 3 92
3082 15 3 84
2504 15 3 76
380 15 3 68
5774 15 3 58
4672 15 3 49
1902 15 3 42
3963 15 3 33
2944 15 3 24
1236 15 3 16
2550 15 3 9
2367 15 3 1
1723 15 4 92
2915 15 4 84
1272 15 4 76
5839 15 4 67
4788 15 4 61
2560 15 4 53
207 15 4 44
3133 15 4 37
4676 15 4 29
5413 15 4 19
2162 15 4 10
4785 15 4 1
1603 15 5 92
314 15 5 84
332 15 5 76
5663 15 5 67
4089 15 5 61
5926 15 5 52
5269 15 5 44
2823 15 5 37
4363 15 5 29
5140 15 5 19
1689 15 5 10
555 15 5 1
700 15 6 92
255 15 6 84
5642 15 6 75
4301 15 6 65
3630 15 6 55
6397 15 6 48
1757 15 6 41
3365 15 6 31
1701 15 6 20
1814 15 6 13
6508 15 6 4
5913 15 7 91
1301 15 7 84
1667 15 7 75
4225 15 7 65
1154 15 7 55
6065 15 7 48
4152 15 7 40
2738 15 7 31
1400 15 7 20
5694 15 7 12
3099 15 7 3
4198 15 8 91
857 15 8 84
1067 15 8 75
6109 15 8 64
5558 15 8 54
4975 15 8 45
4789 15 8 36
5203 15 8 28
849 15 8 22
3554 15 8 12
2411 15 8 3
3634 15 9 91
5667 15 9 83
323 15 9 74
2856 15 9 65
6059 15 9 54
4533 15 9 45
3126 15 9 36
3665 15 9 28
451 15 9 22
2397 15 9 12
1874 15 9 3
2620 15 10 91
5454 15 10 83
5879 15 10 73
2135 15 10 67
913 15 10 61
5784 15 10 52
2356 15 10 44
111 15 10 37
4130 15 10 29
3388 15 10 19
1279 15 10 10
365 15 10 1
2491 15 11 91
4905 15 11 83
4452 15 11 73
1020 15 11 67
807 15 11 61
4234 15 11 52
1380 15 11 44
6528 15 11 36
2022 15 11 28
6281 15 11 21
893 15 11 14
3949 15 11 4
1308 15 14 91
2705 15 14 83
2104 15 14 73
275 15 14 67
6489 15 14 60
3757 15 14 50
2989 15 14 38
4721 15 14 28
5506 15 14 21
6516 15 14 13
4680 15 14 4
678 16 0 91
1783 16 0 83
1357 16 0 73
145 16 0 67
6139 16 0 60
1958 16 0 50
1808 16 0 38
3509 16 0 28
5001 16 0 21
5547 16 0 13
4312 16 0 4
235 16 2 91
1759 16 2 83
997 16 2 73
80 16 2 67
4384 16 2 60
1490 16 2 50
403 16 2 38
3283 16 2 28
4361 16 2 21
5045 16 2 13
3730 16 2 4
108 16 3 91
1454 16 3 83
837 16 3 73
6438 16 3 66
3313 16 3 58
4237 16 3 49
1507 16 3 42
1109 16 3 33
682 16 3 24
6399 16 3 15
3608 16 3 8
620 16 3 2
5313 16 14 90
1489 16 14 83
5826 16 14 72
6339 16 14 64
4954 16 14 54
4197 16 14 45
2306 16 14 36
6264 16 14 27
4149 16 14 18
5349 16 14 9
599 16 14 2
4992 16 15 90
1329 16 15 83
1117 16 15 72
4919 16 15 64
4814 16 15 54
3824 16 15 45
1869 16 15 36
6048 16 15 27
3225 16 15 18
1527 16 15 9
479 16 15 2
1332 16 16 90
6212 16 16 82
3396 16 16 74
798 16 16 65
5831 16 16 54
1713 16 16 45
6547 16 16 35
2409 16 16 27
2312 16 16 18
1073 16 16 9
3812 16 16 1
4563 16 17 89
62 16 17 81
2749 16 17 71
3042 16 17 62
817 16 17 56
618 16 17 47
3544 16 17 38
1992 16 17 28
2398 16 17 21
3016 16 17 13
2182 16 17 4
3896 16 18 89
5550 16 18 80
6012 16 18 71
6149 16 18 61
3779 16 18 52
4245 16 18 43
1674 16 18 32
4918 16 18 23
3134 16 18 12
1102 16 18 3
1345 16 19 89
4667 16 19 80
2938 16 19 71
5729 16 19 61
3025 16 19 52
971 16 19 43
1273 16 19 32
3645 16 19 23
1535 16 19 11
3425 16 19 2
5449 17 0 88
5967 17 0 80
2846 17 0 71
1188 17 0 61
2558 17 0 52
162 17 0 43
65 17 0 32
2875 17 0 23
964 17 0 11
1840 17 0 2
3371 17 2 88
5399 17 2 80
2773 17 2 71
68 17 2 61
2299 17 2 52
156 17 2 43
6312 17 2 30
2303 17 2 21
726 17 2 13
1768 17 2 4
1431 17 3 88
5356 17 3 80
1501 17 3 71
6507 17 3 60
736 17 3 50
5782 17 3 37
415 17 3 29
1259 17 3 19
6448 17 3 9
2610 17 3 1
6083 17 5 87
3317 17 5 79
4241 17 5 73
5687 17 5 66
2975 17 5 58
2577 17 5 49
1173 17 5 42
4873 17 5 32
1347 17 5 23
6487 17 5 10
1131 17 5 1
5607 17 6 87
2074 17 6 79
4108 17 6 73
5573 17 6 66
2009 17 6 58
2464 17 6 49
914 17 6 42
4768 17 6 32
809 17 6 23
5975 17 6 10
1030 17 6 1
5297 17 7 87
1112 17 7 79
1248 17 7 73
3968 17 7 66
954 17 7 58
903 17 7 49
755 17 7 42
2663 17 7 32
648 17 7 23
5658 17 7 10
505 17 7 1
2121 17 8 87
1047 17 8 79
181 17 8 73
2624 17 8 66
845 17 8 58
782 17 8 49
6179 17 8 41
2934 17 8 31
212 17 8 20
3532 17 8 12
2762 17 8 2
904 17 9 87
918 17 9 79
4912 17 9 72
4806 17 9 64
2098 17 9 54
6346 17 9 44
6197 17 9 36
5127 17 9 27
1827 17 9 18
640 17 9 9
1953 17 9 1
3762 17 10 86
1225 17 10 76
4701 17 10 67
2482 17 10 60
109 17 10 50
5501 17 10 37
5647 17 10 28
1413 17 10 21
142 17 10 13
1406 17 10 4
3745 17 11 86
1061 17 11 76
4068 17 11 67
1994 17 11 60
6289 17 11 49
4417 17 11 41
2627 17 11 31
6102 17 11 19
3637 17 11 9
1855 17 11 1
2595 17 14 86
2132 17 14 75
2127 17 14 64
502 17 14 54
5932 17 14 44
2466 17 14 36
3479 17 14 27
1054 17 14 18
296 17 14 9
1411 17 14 1
1996 17 15 86
1774 17 15 75
2032 17 15 64
6051 17 15 53
3773 17 15 43
5653 17 15 30
2155 17 15 21
3820 17 15 12
1729 17 15 2
1856 17 16 86
5397 17 16 74
5611 17 16 64
2089 17 16 53
1990 17 16 43
4547 17 16 30
2065 17 16 21
3208 17 16 12
1705 17 16 2
6206 17 17 85
2166 17 17 76
846 17 17 67
1760 17 17 60
3561 17 17 49
3555 17 17 41
1602 17 17 31
5316 17 17 19
3394 17 17 9
1181 17 17 1
6122 17 18 85
485 17 18 76
724 17 18 67
6445 17 18 59
606 17 18 50
4082 17 18 37
4842 17 18 28
1300 17 18 21
3200 17 18 12
230 17 18 2
3662 17 19 85
5085 17 19 75
961 17 19 64
5925 17 19 52
5073 17 19 42
2605 17 19 32
299 17 19 23
4447 17 19 10
429 17 19 1
2799 18 0 85
4863 18 0 75
4541 18 0 63
4995 18 0 55
5887 18 0 48
3997 18 0 40
5966 18 0 30
1762 18 0 21
2694 18 0 12
186 18 0 2
2679 18 2 85
4483 18 2 75
4323 18 2 63
4532 18 2 55
4681 18 2 48
3877 18 2 40
5190 18 2 30
864 18 2 21
2389 18 2 12
6292 18 2 1
284 18 3 85
992 18 3 75
2444 18 3 63
4459 18 3 55
2474 18 3 48
1588 18 3 40
5102 18 3 30
675 18 3 21
1813 18 3 12
4369 18 3 1
5270 18 5 84
583 18 5 75
2441 18 5 63
3712 18 5 55
917 18 5 48
5763 18 5 39
851 18 5 30
537 18 5 21
1262 18 5 12
2096 18 5 1
2988 18 6 84
6449 18 6 74
5433 18 6 64
4333 18 6 52
2725 18 6 42
2530 18 6 32
6286 18 6 22
2378 18 6 12
1947 18 6 1
1212 19 0 84
5824 19 0 74
2566 19 0 64
4290 19 0 52
1936 19 0 42
2054 19 0 32
4758 19 0 22
1753 19 0 12
1558 19 0 2
159 19 2 84
5722 19 2 74
1795 19 2 64
1083 19 2 52
1666 19 2 42
3026 19 2 31
3769 19 2 19
2668 19 2 9
2025 19 3 83
6187 19 3 71
6422 19 3 60
2859 19 3 49
753 19 3 41
1175 19 3 31
855 19 3 19
5778 19 3 8
4172 19 5 82
1403 19 5 74
1003 19 5 64
423 19 5 52
1448 19 5 42
2882 19 5 31
610 19 5 19
5010 19 5 8
4072 19 6 82
4458 19 6 73
2351 19 6 66
4268 19 6 57
4773 19 6 50
3194 19 6 37
4706 19 6 28
1145 19 6 21
5971 19 6 11
3469 19 6 1
4946 19 8 81
2681 19 8 71
6282 19 8 60
5186 19 8 48
2129 19 8 39
164 19 8 30
4207 19 8 20
1488 19 8 12
1152 19 8 1
1424 19 9 79
4663 19 9 72
4291 19 9 64
4990 19 9 51
5545 19 9 39
3366 19 9 29
6321 19 9 18
5700 19 9 8
3205 19 10 77
6101 19 10 69
4943 19 10 59
4996 19 10 49
106 19 10 41
3579 19 10 30
3477 19 10 20
219 19 10 12
778 19 10 1
5815 19 11 75
4731 19 11 62
657 19 11 56
3401 19 11 46
6279 19 11 38
4052 19 11 27
822 19 11 18
5181 19 11 8
467 19 12 75
4168 19 12 62
6363 19 12 55
6402 19 12 47
2514 19 12 38
2576 19 12 27
5724 19 12 17
3819 19 12 9
3947 19 13 71
5240 19 13 60
4490 19 13 48
6572 19 13 38
713 19 13 27
4239 19 13 17
472 19 13 9
3772 19 14 69
4528 19 14 59
4956 19 14 49
6334 19 14 40
4742 19 14 30
2639 19 14 20
52 19 14 12
1071 19 15 67
5490 19 15 59
869 19 15 49
3925 19 15 39
3007 19 15 29
6288 19 15 18
3875 19 15 8
6202 19 16 66
3833 19 16 57
2461 19 16 50
5244 19 16 36
3335 19 16 27
140 19 16 17
6230 19 16 8
5395 19 17 61
1383 19 17 52
412 19 17 42
1523 19 17 31
5439 19 17 18
3626 19 17 8
1710 19 18 94
5629 19 18 84
4988 19 18 74
89 19 18 64
4162 19 18 51
2528 19 18 39
5641 19 18 28
769 19 18 21
2580 19 18 11
350 19 19 94
4201 19 19 84
3809 19 19 74
36 19 19 64
3264 19 19 51
2463 19 19 39
2232 19 19 28
680 19 19 21
2510 19 19 11
