2582
4163 0 0 98
3639 0 0 95
4861 0 0 92
2112 0 0 88
4991 0 0 86
4392 0 0 84
2653 0 0 78
1570 0 0 75
1837 0 0 72
1799 0 0 69
4938 0 0 67
3420 0 0 63
3783 0 0 61
4100 0 0 57
4695 0 0 52
3459 0 0 48
4813 0 0 45
1820 0 0 42
3734 0 0 40
3257 0 0 37
3706 0 0 35
4470 0 0 32
1519 0 0 30
1151 0 0 27
3038 0 0 24
3417 0 0 22
607 0 0 19
2776 0 0 16
4829 0 0 12
2980 0 0 9
3904 0 0 6
4924 0 0 3
3890 0 0 1
221 0 1 98
2966 0 1 95
2970 0 1 92
512 0 1 87
4466 0 1 84
2429 0 1 78
196 0 1 75
2280 0 1 71
4407 0 1 67
2937 0 1 63
2627 0 1 60
4521 0 1 57
4141 0 1 52
2222 0 1 48
1313 0 1 45
4812 0 1 41
4001 0 1 38
4208 0 1 35
912 0 1 32
327 0 1 30
95 0 1 27
4111 0 1 23
1367 0 1 19
4408 0 1 15
3882 0 1 11
2896 0 1 9
3865 0 1 6
3405 0 1 2
2548 0 2 97
554 0 2 94
4462 0 2 90
4383 0 2 88
5043 0 2 85
3945 0 2 82
3728 0 2 79
4365 0 2 77
1750 0 2 74
4839 0 2 71
1196 0 2 67
1081 0 2 63
859 0 2 60
4553 0 2 56
3148 0 2 54
2793 0 2 52
3539 0 2 47
627 0 2 45
4588 0 2 41
3558 0 2 38
3324 0 2 35
4742 0 2 31
645 0 2 29
4838 0 2 27
4582 0 2 22
4263 0 2 18
1700 0 2 15
3328 0 2 11
2392 0 2 9
2757 0 2 6
2197 0 2 2
1050 0 3 97
3308 0 3 93
2433 0 3 90
3961 0 3 87
3747 0 3 84
5010 0 3 77
253 0 3 74
1493 0 3 71
4420 0 3 66
2038 0 3 64
363 0 3 62
2549 0 3 60
3300 0 3 56
400 0 3 53
2423 0 3 49
4546 0 3 46
941 0 3 44
1161 0 3 41
3542 0 3 38
4293 0 3 34
4876 0 3 31
4335 0 3 28
3621 0 3 25
3830 0 3 23
2795 0 3 18
4212 0 3 14
4598 0 3 11
2698 0 3 8
2238 0 3 5
4155 0 3 1
4936 0 4 96
2377 0 4 94
4409 0 4 90
4312 0 4 86
3951 0 4 84
4436 0 4 77
4966 0 4 73
4574 0 4 69
4123 0 4 65
4649 0 4 60
844 0 4 56
4121 0 4 52
2407 0 4 47
211 0 4 44
620 0 4 41
3231 0 4 38
4596 0 4 33
2830 0 4 31
2302 0 4 28
2540 0 4 25
1783 0 4 22
3469 0 4 18
3355 0 4 14
2564 0 4 11
3154 0 4 7
4279 0 4 4
474 0 4 2
3523 0 5 96
4999 0 5 92
4824 0 5 86
4224 0 5 83
3684 0 5 79
2704 0 5 75
1509 0 5 71
4201 0 5 66
4394 0 5 63
665 0 5 60
4584 0 5 55
4822 0 5 52
2336 0 5 47
1192 0 5 43
2533 0 5 40
2029 0 5 37
1344 0 5 34
3156 0 5 31
4402 0 5 27
3962 0 5 22
3885 0 5 17
5013 0 5 14
806 0 5 10
2159 0 5 8
3218 0 5 4
2861 0 5 1
1451 0 6 96
2050 0 6 92
3648 0 6 86
1067 0 6 83
1203 0 6 79
4369 0 6 74
686 0 6 71
3505 0 6 66
4776 0 6 61
3942 0 6 57
2326 0 6 52
2077 0 6 47
1464 0 6 42
2010 0 6 39
3455 0 6 37
4044 0 6 33
492 0 6 30
4437 0 6 26
1707 0 6 23
1414 0 6 18
1020 0 6 14
3886 0 6 9
1925 0 6 6
1261 0 6 2
4560 0 7 95
4087 0 7 91
2303 0 7 88
1920 0 7 85
2309 0 7 82
3928 0 7 78
2618 0 7 74
3084 0 7 70
4831 0 7 68
5032 0 7 66
4429 0 7 61
3599 0 7 57
990 0 7 52
1234 0 7 47
3714 0 7 41
628 0 7 38
4299 0 7 33
436 0 7 30
3253 0 7 26
1296 0 7 23
612 0 7 18
3428 0 7 13
2248 0 7 10
4819 0 7 6
455 0 7 2
3837 0 8 95
2263 0 8 91
1594 0 8 88
332 0 8 85
3165 0 8 81
3105 0 8 79
3834 0 8 74
1301 0 8 70
3137 0 8 67
1815 0 8 62
4943 0 8 59
2441 0 8 56
1567 0 8 52
3615 0 8 46
546 0 8 43
2132 0 8 40
1164 0 8 37
4482 0 8 32
4684 0 8 29
3340 0 8 27
2946 0 8 22
2781 0 8 17
4104 0 8 14
1995 0 8 9
1458 0 8 5
3015 0 8 1
3149 0 9 95
1962 0 9 91
2791 0 9 87
1868 0 9 84
2792 0 9 76
3092 0 9 74
4827 0 9 69
1856 0 9 65
2950 0 9 60
1442 0 9 55
1274 0 9 52
2127 0 9 46
2824 0 9 42
2027 0 9 38
1543 0 9 33
4832 0 9 29
1517 0 9 27
3585 0 9 21
653 0 9 19
2298 0 9 15
2534 0 9 11
2810 0 9 7
390 0 9 4
3168 0 9 1
2602 0 10 95
635 0 10 91
2591 0 10 86
4226 0 10 82
3780 0 10 78
1315 0 10 74
4513 0 10 69
1032 0 10 65
1922 0 10 60
1320 0 10 55
226 0 10 52
2015 0 10 46
1679 0 10 42
818 0 10 38
1177 0 10 33
4366 0 10 29
1875 0 10 26
4905 0 10 22
2288 0 10 17
3745 0 10 14
1328 0 10 9
1830 0 10 4
2559 0 11 95
153 0 11 91
2507 0 11 86
1628 0 11 82
1905 0 11 77
3370 0 11 73
4800 0 11 68
787 0 11 65
1266 0 11 60
130 0 11 55
3807 0 11 51
3473 0 11 49
4257 0 11 45
225 0 11 41
3733 0 11 37
3439 0 11 32
3681 0 11 29
4642 0 11 25
1057 0 11 22
4702 0 11 16
4611 0 11 12
2350 0 11 9
3947 0 11 3
511 0 12 95
1999 0 12 90
4357 0 12 85
1255 0 12 81
4841 0 12 78
1009 0 12 74
2815 0 12 69
4514 0 12 64
565 0 12 61
4086 0 12 56
1213 0 12 52
1338 0 12 46
1539 0 12 41
2713 0 12 37
4898 0 12 31
4314 0 12 27
2145 0 12 21
4727 0 12 18
3142 0 12 13
25 0 12 10
4741 0 12 6
147 0 12 2
4836 0 13 94
3502 0 13 90
4220 0 13 85
4246 0 13 80
4245 0 13 78
3028 0 13 73
4500 0 13 68
776 0 13 65
2458 0 13 59
1613 0 13 55
929 0 13 51
2421 0 13 48
3844 0 13 44
4410 0 13 40
4877 0 13 36
4850 0 13 33
3296 0 13 29
3199 0 13 25
3115 0 13 21
594 0 13 18
2160 0 13 13
3279 0 13 9
3699 0 13 3
4525 0 14 94
4305 0 14 88
3032 0 14 84
2568 0 14 76
1712 0 14 73
2674 0 14 68
3504 0 14 64
4106 0 14 60
2885 0 14 54
2390 0 14 51
891 0 14 48
2825 0 14 44
1356 0 14 40
3921 0 14 36
4764 0 14 32
3436 0 14 29
2078 0 14 25
3033 0 14 21
1069 0 14 17
2034 0 14 14
4640 0 14 8
2531 0 14 4
3723 0 15 94
355 0 15 88
3275 0 15 83
4793 0 15 78
1721 0 15 73
733 0 15 68
3458 0 15 64
3317 0 15 60
2700 0 15 54
572 0 15 51
274 0 15 48
952 0 15 44
3555 0 15 39
4988 0 15 36
4301 0 15 32
1470 0 15 28
2005 0 15 25
2907 0 15 21
5008 0 15 16
3392 0 15 12
4856 0 15 8
232 0 15 4
1188 0 16 94
128 0 16 88
2491 0 16 83
3060 0 16 78
521 0 16 73
87 0 16 68
1604 0 16 64
2353 0 16 60
2422 0 16 54
3352 0 16 50
1730 0 16 47
3379 0 16 41
752 0 16 37
4005 0 16 31
2615 0 16 27
510 0 16 21
1911 0 16 16
1697 0 16 12
1752 0 16 8
4993 0 16 3
4643 0 17 93
4653 0 17 89
4443 0 17 85
4112 0 17 80
2737 0 17 76
173 0 17 73
5060 0 17 67
349 0 17 61
3497 0 17 56
4666 0 17 51
3209 0 17 47
2783 0 17 41
4848 0 17 36
4162 0 17 32
3559 0 17 27
305 0 17 21
1802 0 17 16
4173 0 17 11
619 0 17 7
4415 0 17 3
4205 0 18 93
981 0 18 89
2778 0 18 85
3327 0 18 80
2725 0 18 76
4957 0 18 72
727 0 18 69
3448 0 18 64
710 0 18 60
1781 0 18 54
4053 0 18 49
3718 0 18 45
4416 0 18 40
1945 0 18 36
3479 0 18 31
1897 0 18 27
298 0 18 21
4915 0 18 15
2398 0 18 11
185 0 18 7
3884 0 18 3
3982 0 19 93
585 0 19 89
1794 0 19 85
1690 0 19 80
2375 0 19 76
3551 0 19 72
1601 0 19 68
765 0 19 64
3213 0 19 59
886 0 19 55
4417 0 19 50
4796 0 19 46
816 0 19 41
4059 0 19 36
271 0 19 31
1621 0 19 27
4866 0 19 20
2369 0 19 17
1513 0 19 14
3727 0 19 8
2667 0 19 3
2634 2 0 93
27 2 0 89
1684 2 0 85
4118 2 0 79
3157 2 0 74
2646 2 0 69
102 2 0 64
2722 2 0 59
3704 2 0 54
3545 2 0 49
3940 2 0 44
2692 2 0 39
3262 2 0 36
4485 2 0 30
2881 2 0 26
3259 2 0 22
4302 2 0 16
3264 2 0 11
3862 2 0 6
1659 2 0 1
2544 2 1 93
4932 2 1 88
735 2 1 83
1383 2 1 78
4604 2 1 72
4720 2 1 67
160 2 1 61
3000 2 1 56
2816 2 1 51
2349 2 1 47
2411 2 1 41
2784 2 1 36
4169 2 1 30
1855 2 1 26
3103 2 1 22
4233 2 1 16
1382 2 1 11
3655 2 1 6
117 2 1 1
356 2 3 93
4728 2 3 87
2574 2 3 83
2394 2 3 77
2220 2 3 73
4117 2 3 67
2082 2 3 60
1647 2 3 54
3441 2 3 49
3633 2 3 44
2209 2 3 39
2636 2 3 34
1295 2 3 31
1392 2 3 27
4778 2 3 20
330 2 3 17
4041 2 3 13
1817 2 3 9
3665 2 3 3
4413 2 5 91
3087 2 5 85
5066 2 5 78
3788 2 5 72
4307 2 5 67
2068 2 5 60
4389 2 5 53
1357 2 5 49
1687 2 5 44
1793 2 5 39
4064 2 5 33
2255 2 5 29
294 2 5 25
1618 2 5 21
4520 2 5 15
64 2 5 11
2586 2 5 6
3611 2 7 91
3009 2 7 85
4900 2 7 78
353 2 7 72
3592 2 7 67
513 2 7 60
3739 2 7 53
2662 2 7 48
4447 2 7 43
1739 2 7 40
1381 2 7 36
1439 2 7 30
3691 2 7 25
896 2 7 21
3048 2 7 15
4504 2 7 10
2845 2 7 6
1399 2 8 91
1968 2 8 85
3819 2 8 78
3527 2 8 71
3309 2 8 66
704 2 8 61
5055 2 8 55
598 2 8 50
3974 2 8 46
4887 2 8 40
3913 2 8 35
3833 2 8 31
1284 2 8 27
3532 2 8 20
4165 2 8 16
3971 2 8 10
3445 2 8 5
3653 2 10 90
834 2 10 85
1529 2 10 78
1504 2 10 71
5 2 10 66
4985 2 10 60
3181 2 10 53
2223 2 10 48
4178 2 10 43
1580 2 10 40
3763 2 10 35
272 2 10 30
3135 2 10 25
381 2 10 21
2291 2 10 15
2009 2 10 10
2213 2 10 5
2959 2 11 90
398 2 11 85
846 2 11 78
2128 2 11 70
1431 2 11 67
4491 2 11 59
3133 2 11 54
742 2 11 49
4992 2 11 43
887 2 11 40
3027 2 11 35
3002 2 11 29
4459 2 11 24
4467 2 11 21
1688 2 11 15
5056 2 11 9
2161 2 11 3
383 2 12 90
3123 2 12 84
5026 2 12 75
975 2 12 71
4780 2 12 65
1323 2 12 59
1908 2 12 54
289 2 12 49
4931 2 12 43
81 2 12 39
4478 2 12 32
2944 2 12 27
3260 2 12 20
2846 2 12 16
3941 2 12 10
2124 2 12 5
3764 2 14 88
379 2 14 83
1572 2 14 77
1693 2 14 73
3901 2 14 67
1706 2 14 59
1074 2 14 54
4303 2 14 48
3498 2 14 43
4088 2 14 38
4188 2 14 32
2081 2 14 27
2554 2 14 20
2707 2 14 16
2434 2 14 10
463 2 14 5
3434 2 16 88
4359 2 16 81
984 2 16 78
874 2 16 70
3995 2 16 66
4232 2 16 60
1332 2 16 53
1714 2 16 48
2585 2 16 43
3285 2 16 38
1950 2 16 32
2042 2 16 27
3866 2 16 19
1599 2 16 15
2811 2 16 9
1796 2 16 3
2496 2 18 88
2191 2 18 81
4987 2 18 77
1322 2 18 73
629 2 18 67
1289 2 18 59
479 2 18 54
3001 2 18 48
716 2 18 43
2756 2 18 38
964 2 18 32
4908 2 18 26
491 2 18 22
2927 2 18 16
1590 2 18 10
4583 2 18 4
2174 2 19 88
4556 2 19 80
930 2 19 76
4959 2 19 71
4492 2 19 65
5062 2 19 58
4754 2 19 55
13 2 19 50
4935 2 19 45
1000 2 19 40
2909 2 19 35
56 2 19 29
1005 2 19 24
2936 2 19 21
4364 2 19 14
4690 2 19 7
2366 2 19 3
1402 3 0 88
3164 3 0 79
2953 3 0 74
2165 3 0 69
4846 3 0 63
4940 3 0 59
2244 3 0 53
955 3 0 48
4863 3 0 42
797 3 0 38
3510 3 0 31
691 3 0 27
3526 3 0 19
5068 3 0 14
4003 3 0 7
939 3 0 3
717 3 5 88
1881 3 5 79
2032 3 5 74
2149 3 5 69
4820 3 5 63
2459 3 5 59
2055 3 5 53
3685 3 5 47
464 3 5 41
2688 3 5 36
4435 3 5 29
4278 3 5 23
4712 3 5 17
2673 3 5 13
1579 3 5 9
1741 3 5 3
3252 3 8 86
1429 3 8 82
1749 3 8 77
4761 3 8 72
3283 3 8 67
2105 3 8 58
4422 3 8 55
3716 3 8 49
4834 3 8 43
2736 3 8 38
2325 3 8 31
4730 3 8 26
4414 3 8 21
3023 3 8 14
3491 3 8 7
5006 3 8 2
4015 3 10 85
66 3 10 78
3374 3 10 69
4171 3 10 63
4522 3 10 58
2228 3 10 55
3198 3 10 49
4380 3 10 43
1135 3 10 38
2224 3 10 31
4613 3 10 26
2143 3 10 21
1804 3 10 14
2819 3 10 7
4152 3 10 2
3418 3 11 85
3709 3 11 77
1907 3 11 72
1058 3 11 67
1236 3 11 58
177 3 11 54
2981 3 11 48
3490 3 11 42
3784 3 11 37
2524 3 11 31
2838 3 11 26
1473 3 11 21
1686 3 11 14
1663 3 11 7
2457 3 11 2
2296 3 12 85
3705 3 12 77
4760 3 12 71
3983 3 12 65
3102 3 12 58
4573 3 12 53
2556 3 12 47
404 3 12 41
2413 3 12 36
4166 3 12 29
3583 3 12 23
4465 3 12 17
1550 3 12 13
1254 3 12 9
264 3 12 3
736 3 14 85
3768 3 14 76
2708 3 14 71
2912 3 14 65
2656 3 14 58
3144 3 14 53
2320 3 14 47
4264 3 14 40
858 3 14 35
4766 3 14 28
803 3 14 25
3547 3 14 20
3602 3 14 15
19 3 14 9
2865 3 14 2
107 3 16 84
3624 3 16 75
3586 3 16 70
3899 3 16 66
2521 3 16 60
4950 3 16 52
695 3 16 46
4497 3 16 40
4063 3 16 34
895 3 16 31
4799 3 16 25
2605 3 16 20
5052 3 16 14
4974 3 16 6
246 3 19 83
275 3 19 77
4660 3 19 71
336 3 19 65
1967 3 19 58
1425 3 19 53
584 3 19 47
2988 3 19 40
1487 3 19 34
696 3 19 31
3409 3 19 25
4787 3 19 19
5025 3 19 14
1592 3 19 5
2867 4 0 82
625 4 0 77
3470 4 0 71
4438 4 0 64
2509 4 0 59
5045 4 0 52
4902 4 0 45
3809 4 0 39
4040 4 0 32
4427 4 0 26
3994 4 0 20
4400 4 0 14
1133 4 0 5
1271 4 2 82
499 4 2 77
2155 4 2 71
3182 4 2 64
2378 4 2 59
4587 4 2 52
3367 4 2 45
3738 4 2 39
832 4 2 32
3261 4 2 26
3090 4 2 20
3930 4 2 14
1068 4 2 5
520 4 4 82
416 4 4 77
1979 4 4 71
583 4 4 64
2212 4 4 59
4390 4 4 52
3295 4 4 45
2961 4 4 39
4701 4 4 31
2156 4 4 25
1689 4 4 19
3485 4 4 14
779 4 4 5
4453 4 5 81
2603 4 5 77
1681 4 5 71
1546 4 5 63
3791 4 5 58
5011 4 5 52
1872 4 5 45
1548 4 5 39
4528 4 5 31
621 4 5 25
1510 4 5 19
1547 4 5 14
706 4 5 5
3111 4 6 80
256 4 6 76
1554 4 6 71
3337 4 6 62
4632 4 6 58
2355 4 6 52
1438 4 6 45
361 4 6 39
3847 4 6 31
395 4 6 25
4944 4 6 18
52 4 6 13
337 4 6 9
2237 4 6 2
1397 5 0 78
3258 5 0 69
3744 5 0 63
3605 5 0 58
1951 5 0 52
178 5 0 45
4254 5 0 38
1827 5 0 31
4544 5 0 24
269 5 0 21
1894 5 0 13
2694 5 0 8
2486 5 0 3
4260 5 2 76
1545 5 2 71
623 5 2 62
3529 5 2 58
1742 5 2 52
5009 5 2 44
780 5 2 39
2997 5 2 31
4019 5 2 24
4137 5 2 20
3152 5 2 14
3674 5 2 4
4286 5 6 75
4590 5 6 69
2965 5 6 62
4969 5 6 57
871 5 6 52
3425 5 6 44
4337 5 6 38
1664 5 6 31
3810 5 6 24
4020 5 6 20
329 5 6 14
2716 5 6 4
3201 5 8 73
39 5 8 67
3489 5 8 57
4917 5 8 51
3670 5 8 46
3858 5 8 40
1094 5 8 34
28 5 8 31
2046 5 8 24
3597 5 8 20
241 5 8 14
1238 5 8 4
162 5 9 73
4010 5 9 66
2454 5 9 60
3046 5 9 52
2285 5 9 44
4285 5 9 38
149 5 9 31
1246 5 9 24
3050 5 9 20
134 5 9 14
4094 5 9 3
3835 5 10 69
1931 5 10 62
3424 5 10 57
3444 5 10 51
3348 5 10 46
1656 5 10 40
830 5 10 34
4140 5 10 30
2106 5 10 25
3247 5 10 18
3650 5 10 12
1627 5 10 8
1955 5 10 3
3494 5 12 69
3989 5 12 61
2028 5 12 55
4997 5 12 48
1833 5 12 42
3772 5 12 37
728 5 12 31
4781 5 12 23
3064 5 12 17
3845 5 12 12
2863 5 12 7
514 5 12 2
4231 5 13 58
4223 5 13 51
2439 5 13 46
254 5 13 40
700 5 13 34
4442 5 13 29
2668 5 13 23
2828 5 13 17
3581 5 13 12
1398 5 13 7
4066 5 13 1
3777 5 14 98
757 5 14 95
1435 5 14 90
1385 5 14 84
399 5 14 75
4035 5 14 69
3225 5 14 61
2480 5 14 54
2835 5 14 48
5012 5 14 41
2253 5 14 36
2848 5 14 29
2404 5 14 23
2039 5 14 17
2360 5 14 12
1388 5 14 7
760 5 16 98
352 5 16 95
2563 5 16 89
992 5 16 85
1062 5 16 76
1370 5 16 71
4736 5 16 61
1522 5 16 54
1423 5 16 48
4348 5 16 41
1983 5 16 36
2804 5 16 29
2188 5 16 23
1241 5 16 17
1850 5 16 12
885 5 16 6
3294 5 17 97
2435 5 17 93
4028 5 17 87
4017 5 17 82
3828 5 17 76
4236 5 17 70
877 5 17 66
940 5 17 60
2107 5 17 52
190 5 17 44
3908 5 17 38
4441 5 17 30
1102 5 17 25
3083 5 17 18
3012 5 17 11
1836 5 17 6
4585 5 18 96
5064 5 18 91
1363 5 18 85
721 5 18 76
3868 5 18 70
3184 5 18 65
1453 5 18 58
3284 5 18 51
865 5 18 46
53 5 18 40
4030 5 18 33
2231 5 18 29
1887 5 18 23
4874 5 18 16
3702 5 18 9
743 5 18 2
4363 5 19 96
1890 5 19 91
603 5 19 85
335 5 19 76
3606 5 19 70
1766 5 19 65
4082 5 19 57
3014 5 19 51
4498 5 19 45
3071 5 19 38
1277 5 19 30
3573 5 19 23
3431 5 19 16
2477 5 19 9
51 5 19 2
3398 6 0 96
1434 6 0 91
4948 6 0 84
4332 6 0 74
1785 6 0 69
1637 6 0 61
113 6 0 54
3760 6 0 47
2779 6 0 40
3094 6 0 33
1416 6 0 28
4656 6 0 24
946 6 0 20
4146 6 0 13
2562 6 0 8
1329 6 0 3
2476 6 2 96
4129 6 2 90
4215 6 2 83
4322 6 2 76
3249 6 2 70
1603 6 2 65
2895 6 2 57
2202 6 2 51
2640 6 2 45
2683 6 2 38
439 6 2 30
3195 6 2 23
2829 6 2 16
1918 6 2 9
4483 6 2 1
2245 6 3 96
3617 6 3 90
3536 6 3 83
3377 6 3 76
2129 6 3 70
839 6 3 65
2307 6 3 57
654 6 3 51
4210 6 3 44
3226 6 3 38
2252 6 3 29
875 6 3 23
2780 6 3 16
847 6 3 9
3129 6 3 1
1788 6 4 96
1341 6 4 90
724 6 4 83
2622 6 4 76
2023 6 4 70
10 6 4 65
1997 6 4 57
3963 6 4 50
2875 6 4 45
969 6 4 38
1476 6 4 29
2553 6 4 22
2504 6 4 16
4256 6 4 8
688 6 4 3
485 6 5 96
4926 6 5 89
4883 6 5 84
3341 6 5 74
738 6 5 69
1353 6 5 61
3861 6 5 53
501 6 5 47
2714 6 5 40
2274 6 5 33
3 6 5 28
3410 6 5 24
2964 6 5 19
582 6 5 14
3329 6 5 3
4606 6 6 95
1607 6 6 89
4132 6 6 84
2402 6 6 74
4961 6 6 68
652 6 6 64
1498 6 6 59
4203 6 6 52
120 6 6 44
3056 6 6 38
432 6 6 29
2275 6 6 22
380 6 6 16
3594 6 6 8
4487 6 6 2
3487 6 8 95
1378 6 8 89
99 6 8 84
856 6 8 74
2855 6 8 68
641 6 8 64
4156 6 8 58
2883 6 8 51
4065 6 8 44
2655 6 8 38
4158 6 8 28
3263 6 8 24
2929 6 8 19
4401 6 8 13
1191 6 8 8
4142 6 8 2
1184 6 10 95
3990 6 10 88
4026 6 10 78
1674 6 10 69
799 6 10 61
674 6 10 53
2445 6 10 46
4990 6 10 39
4667 6 10 30
1685 6 10 23
2125 6 10 16
4567 6 10 7
944 6 12 95
2264 6 12 88
2550 6 12 78
1307 6 12 69
529 6 12 61
4655 6 12 52
5020 6 12 43
784 6 12 38
2021 6 12 28
2807 6 12 24
1912 6 12 19
3412 6 12 13
552 6 12 8
3287 6 12 2
4506 6 16 94
4894 6 16 87
1044 6 16 82
2908 6 16 76
1059 6 16 70
3826 6 16 64
3943 6 16 58
928 6 16 51
3690 6 16 44
2148 6 16 38
1811 6 16 28
1846 6 16 24
957 6 16 19
1309 6 16 13
2436 6 16 7
3339 6 17 94
3916 6 17 87
2978 6 17 81
868 6 17 77
1270 6 17 71
4431 6 17 61
3731 6 17 52
4951 6 17 43
714 6 17 38
1629 6 17 28
1692 6 17 24
3178 6 17 18
2334 6 17 11
1902 6 17 5
2831 6 18 94
3567 6 18 87
2821 6 18 81
61 6 18 77
230 6 18 71
3832 6 18 61
980 6 18 52
4818 6 18 43
258 6 18 38
933 6 18 28
212 6 18 24
3163 6 18 18
1198 6 18 11
1773 6 18 5
541 6 19 94
2612 6 19 87
679 6 19 81
3977 6 19 76
4699 6 19 69
229 6 19 61
842 6 19 52
3929 6 19 43
4774 6 19 37
8 6 19 31
3722 6 19 23
1975 6 19 16
3151 6 19 7
242 7 0 94
2484 7 0 87
231 7 0 81
1704 7 0 76
3466 7 0 69
192 7 0 61
250 7 0 52
3634 7 0 43
4329 7 0 37
2527 7 0 30
1228 7 0 23
1443 7 0 16
1921 7 0 7
3852 7 1 93
1555 7 1 87
4732 7 1 80
5024 7 1 75
3687 7 1 69
4098 7 1 60
2006 7 1 52
1865 7 1 43
4157 7 1 37
1495 7 1 30
413 7 1 23
821 7 1 16
4792 7 1 6
3751 7 2 93
4433 7 2 86
1100 7 2 82
648 7 2 76
2800 7 2 69
3816 7 2 60
1209 7 2 52
331 7 2 43
3766 7 2 37
1078 7 2 30
4576 7 2 22
4589 7 2 15
3695 7 2 8
2472 7 2 2
3066 7 3 93
3992 7 3 86
1990 7 3 81
573 7 3 76
2759 7 3 69
2004 7 3 60
725 7 3 52
4095 7 3 42
2528 7 3 37
659 7 3 30
3859 7 3 22
3616 7 3 15
3265 7 3 8
2169 7 3 2
1045 7 4 93
3915 7 4 86
862 7 4 81
1869 7 4 75
2632 7 4 69
1026 7 4 60
261 7 4 52
4622 7 4 41
4750 7 4 35
2019 7 4 28
180 7 4 24
2141 7 4 18
987 7 4 11
402 7 4 5
4923 7 5 92
2864 7 5 86
4439 7 5 80
4347 7 5 75
5053 7 5 68
425 7 5 64
549 7 5 58
1552 7 5 50
2866 7 5 45
4455 7 5 37
570 7 5 30
2227 7 5 22
1410 7 5 15
3212 7 5 8
1136 7 5 2
2552 7 6 92
504 7 6 86
3700 7 6 80
4259 7 6 75
4274 7 6 68
3316 7 6 63
2817 7 6 58
1533 7 6 50
2767 7 6 45
4227 7 6 37
2745 7 6 29
4090 7 6 21
1055 7 6 13
1863 7 6 7
763 7 8 92
76 7 8 86
2519 7 8 80
1334 7 8 75
3544 7 8 68
4421 7 8 62
3113 7 8 57
3658 7 8 50
507 7 8 45
2797 7 8 37
1879 7 8 29
2794 7 8 21
3981 7 8 12
3206 7 8 5
3429 7 12 91
4843 7 12 84
4751 7 12 73
3944 7 12 66
4878 7 12 59
3006 7 12 52
4184 7 12 41
3541 7 12 35
1936 7 12 28
4351 7 12 23
4456 7 12 15
2391 7 12 8
3430 7 12 1
3099 7 14 91
2600 7 14 84
2996 7 14 73
1877 7 14 66
3607 7 14 59
910 7 14 52
3626 7 14 41
3456 7 14 35
1807 7 14 28
2043 7 14 23
4073 7 14 15
2183 7 14 8
2679 7 14 1
3432 7 16 90
526 7 16 83
2464 7 16 76
2260 7 16 69
3641 7 16 59
482 7 16 52
3051 7 16 41
3646 7 16 34
1286 7 16 29
2710 7 16 21
2840 7 16 12
2266 7 16 5
1638 8 6 90
401 8 6 83
4614 8 6 75
3251 8 6 68
3717 8 6 62
2974 8 6 57
1670 8 6 50
175 8 6 45
2740 8 6 37
563 8 6 29
2606 8 6 21
1949 8 6 12
3118 8 6 4
4558 8 8 89
4599 8 8 83
3793 8 8 75
2894 8 8 68
2886 8 8 62
761 8 8 57
522 8 8 50
3229 8 8 44
249 8 8 38
214 8 8 28
4661 8 8 22
1208 8 8 15
666 8 8 8
1745 8 8 1
4419 8 9 89
1989 8 9 83
1642 8 9 75
2856 8 9 68
2318 8 9 62
487 8 9 57
2437 8 9 49
2809 8 9 43
3735 8 9 37
106 8 9 29
159 8 9 21
1639 8 9 12
3112 8 9 4
3394 8 10 89
142 8 10 83
1394 8 10 75
749 8 10 68
1884 8 10 62
426 8 10 57
4261 8 10 48
1491 8 10 41
3070 8 10 34
5057 8 10 28
1248 8 10 22
43 8 10 15
4434 8 10 7
3362 8 12 88
1780 8 12 78
488 8 12 69
1928 8 12 59
5014 8 12 51
2806 8 12 44
4627 8 12 37
1806 8 12 28
772 8 12 22
4982 8 12 14
2327 8 12 3
1247 8 14 88
4603 8 14 77
602 8 14 70
3082 8 14 64
4249 8 14 57
4061 8 14 48
1462 8 14 41
785 8 14 34
4947 8 14 28
443 8 14 22
4973 8 14 14
1253 8 14 3
484 8 17 88
2624 8 17 77
328 8 17 70
2555 8 17 64
3136 8 17 57
3214 8 17 48
4060 8 17 40
2022 8 17 33
2131 8 17 27
3286 8 17 19
3996 8 17 12
2761 8 17 4
359 8 19 87
313 8 19 80
917 8 19 75
2180 8 19 67
4448 8 19 56
1064 8 19 51
4042 8 19 43
2538 8 19 37
1440 8 19 28
905 8 19 21
978 8 19 12
1919 8 19 4
3644 9 0 86
1845 9 0 80
693 9 0 75
2116 9 0 67
240 9 0 56
900 9 0 51
4027 9 0 43
1948 9 0 37
606 9 0 28
658 9 0 21
157 9 0 12
4276 9 0 3
3381 9 1 86
677 9 1 80
2396 9 1 74
550 9 1 68
1832 9 1 62
4782 9 1 56
810 9 1 51
3322 9 1 43
676 9 1 37
90 9 1 28
317 9 1 21
4692 9 1 11
33 9 1 5
2073 9 2 85
1834 9 2 75
1452 9 2 67
85 9 2 56
233 9 2 51
2426 9 2 43
5069 9 2 36
1092 9 2 29
2512 9 2 20
4937 9 2 12
3776 9 2 3
429 9 5 85
18 9 5 75
914 9 5 67
3476 9 5 55
3869 9 5 48
3831 9 5 40
338 9 5 33
1278 9 5 27
2754 9 5 19
3986 9 5 12
2474 9 5 3
1551 9 6 84
1998 9 6 73
3724 9 6 65
1735 9 6 57
1993 9 6 48
3627 9 6 40
4963 9 6 32
3074 9 6 26
2289 9 6 20
4370 9 6 12
204 9 6 3
2506 9 7 81
1767 9 7 75
809 9 7 67
4980 9 7 54
2380 9 7 47
2695 9 7 40
4382 9 7 32
2427 9 7 26
1838 9 7 20
3874 9 7 12
4463 9 7 2
376 9 14 80
802 9 14 74
4672 9 14 67
4316 9 14 54
1156 9 14 47
2083 9 14 40
2095 9 14 32
777 9 14 26
125 9 14 20
2870 9 14 12
2218 9 14 2
4967 9 15 78
263 9 15 69
1568 9 15 59
2080 9 15 51
2374 9 15 43
3948 9 15 36
783 9 15 29
1960 9 15 20
1541 9 15 12
1201 9 15 2
4901 9 19 78
4469 9 19 68
559 9 19 62
3773 9 19 56
3853 9 19 50
5001 9 19 43
3293 9 19 36
3867 9 19 27
2060 9 19 19
3629 9 19 12
746 9 19 2
3636 10 0 78
3846 10 0 68
477 10 0 62
1649 10 0 56
1411 10 0 50
4771 10 0 43
2164 10 0 36
3067 10 0 27
1359 10 0 19
2928 10 0 12
616 10 0 2
3220 10 1 78
2729 10 1 68
222 10 1 62
1486 10 1 56
69 10 1 50
3145 10 1 43
2052 10 1 36
4472 10 1 26
3314 10 1 19
2812 10 1 11
3172 10 1 3
1048 10 2 78
2406 10 2 68
4569 10 2 61
4757 10 2 51
1858 10 2 43
1553 10 2 36
1765 10 2 26
2969 10 2 19
2661 10 2 11
636 10 2 3
597 10 5 78
595 10 5 68
4432 10 5 61
2379 10 5 51
4789 10 5 42
2259 10 5 37
1193 10 5 27
1885 10 5 18
2905 10 5 10
3571 10 5 4
4373 10 8 76
1641 10 8 69
1454 10 8 59
1602 10 8 51
3932 10 8 42
1724 10 8 37
199 10 8 27
1205 10 8 18
2596 10 8 10
1835 10 8 4
1325 10 9 76
4213 10 9 68
4079 10 9 61
2207 10 9 51
3814 10 9 42
1218 10 9 37
4575 10 9 26
2590 10 9 19
1232 10 9 11
519 10 9 3
3840 10 10 71
2851 10 10 61
1350 10 10 51
2589 10 10 42
4360 10 10 36
1422 10 10 26
1563 10 10 19
5054 10 10 10
720 10 10 4
1675 10 13 53
2229 10 13 46
989 10 13 39
4328 10 13 30
1929 10 13 22
3955 10 13 14
1141 10 13 3
1759 10 15 96
4119 10 15 89
41 10 15 83
4275 10 15 74
3622 10 15 67
1417 10 15 54
689 10 15 47
4952 10 15 39
2565 10 15 30
1484 10 15 22
3694 10 15 14
4396 10 15 2
4920 10 16 95
2041 10 16 88
1562 10 16 77
4928 10 16 69
1104 10 16 59
1369 10 16 51
1634 10 16 42
3507 10 16 36
911 10 16 26
1227 10 16 19
4300 10 16 10
324 10 16 4
2261 10 17 95
788 10 17 88
4022 10 17 76
3203 10 17 68
2826 10 17 61
642 10 17 50
633 10 17 43
4965 10 17 35
3991 10 17 27
115 10 17 18
2175 10 17 10
155 10 17 3
1924 10 19 95
4934 10 19 87
4072 10 19 79
1874 10 19 74
1430 10 19 67
734 10 19 54
515 10 19 47
2418 10 19 39
166 10 19 30
4323 10 19 21
3954 10 19 11
4628 10 19 2
4859 11 2 94
768 11 2 87
4051 11 2 79
4338 11 2 73
3054 11 2 65
753 11 2 57
1153 11 2 48
3452 11 2 40
1127 11 2 32
4563 11 2 25
2720 11 2 18
1718 11 2 10
20 11 2 3
3863 11 5 94
3426 11 5 86
4174 11 5 79
2941 11 5 73
1586 11 5 65
540 11 5 57
4681 11 5 47
2243 11 5 39
3091 11 5 29
1449 11 5 20
2768 11 5 11
4476 11 5 2
4159 11 7 93
2104 11 7 86
4172 11 7 79
1023 11 7 73
1364 11 7 65
4607 11 7 56
3822 11 7 49
873 11 7 43
4601 11 7 35
3509 11 7 27
2910 11 7 17
1142 11 7 11
4391 11 7 2
3827 11 8 93
1831 11 8 86
4099 11 8 79
3801 11 8 72
4048 11 8 66
3186 11 8 59
5050 11 8 50
2 11 8 43
2769 11 8 35
1187 11 8 27
2097 11 8 17
36 11 8 11
3902 11 8 2
3787 11 10 93
1231 11 10 86
3522 11 10 79
1644 11 10 72
1942 11 10 66
2114 11 10 59
3980 11 10 50
4995 11 10 42
2242 11 10 36
558 11 10 26
217 11 10 19
2610 11 10 10
2899 11 10 2
2488 11 12 93
5059 11 12 85
3917 11 12 74
954 11 12 67
4007 11 12 53
408 11 12 46
100 11 12 39
2001 11 12 29
1163 11 12 20
2049 11 12 11
3713 11 12 2
2167 11 13 93
3895 11 13 85
3789 11 13 74
647 11 13 67
277 11 13 53
3825 11 13 45
2672 11 13 37
4552 11 13 26
4851 11 13 18
1137 11 13 10
2216 11 13 2
2841 11 15 92
3823 11 15 85
4664 11 15 73
771 11 15 65
4031 11 15 56
2721 11 15 49
45 11 15 43
184 11 15 35
1118 11 15 27
592 11 15 17
4181 11 15 10
2074 11 15 2
2091 11 16 92
2631 11 16 85
3786 11 16 73
673 11 16 65
3453 11 16 56
2093 11 16 49
5004 11 16 42
2221 11 16 36
442 11 16 26
4012 11 16 18
924 11 16 10
2072 11 16 2
1211 12 0 92
820 12 0 85
3387 12 0 73
4794 12 0 64
1964 12 0 57
590 12 0 47
1957 12 0 39
1751 12 0 29
1013 12 0 20
4785 12 0 10
285 12 0 2
745 12 16 92
5018 12 16 84
321 12 16 73
3679 12 16 64
1650 12 16 57
4658 12 16 46
4526 12 16 38
4039 12 16 27
243 12 16 17
3383 12 16 10
4002 12 16 1
4752 12 18 91
309 12 18 84
257 12 18 73
3640 12 18 64
702 12 18 57
4333 12 18 45
1859 12 18 37
2619 12 18 26
3749 12 18 18
4495 12 18 9
852 12 18 1
4545 13 0 91
4502 13 0 83
4131 13 0 74
2637 13 0 66
1474 13 0 59
2094 13 0 50
1778 13 0 42
1994 13 0 36
2998 13 0 25
2173 13 0 18
4244 13 0 9
213 13 0 1
4352 13 1 91
4344 13 1 83
3120 13 1 74
1233 13 1 66
1463 13 1 59
109 13 1 50
1310 13 1 42
500 13 1 36
2424 13 1 25
168 13 1 18
3375 13 1 9
1591 13 1 1
2308 13 2 91
2381 13 2 83
2718 13 2 74
4670 13 2 65
2955 13 2 56
869 13 2 49
4802 13 2 42
4339 13 2 35
748 13 2 27
4594 13 2 16
2239 13 2 6
1938 13 11 91
1754 13 11 83
2293 13 11 74
4378 13 11 65
1655 13 11 56
493 13 11 49
1169 13 11 42
4202 13 11 35
4103 13 11 26
3601 13 11 18
3304 13 11 9
1520 13 11 1
1760 13 13 91
935 13 13 83
3918 13 13 73
2152 13 13 64
198 13 13 57
2844 13 13 45
740 13 13 37
2342 13 13 26
3446 13 13 18
481 13 13 9
1262 13 13 1
545 13 14 91
631 13 14 83
3818 13 14 73
1748 13 14 64
4304 13 14 56
4225 13 14 48
3097 13 14 40
1036 13 14 32
3698 13 14 25
5071 13 14 17
3256 13 14 9
956 13 14 1
4777 13 15 90
4631 13 15 82
4354 13 15 75
4265 13 15 66
769 13 15 59
2187 13 15 49
1162 13 15 42
2287 13 15 35
3686 13 15 26
2582 13 15 18
480 13 15 9
385 13 15 1
4639 13 16 90
3533 13 16 82
4120 13 16 75
4080 13 16 66
5037 13 16 58
4211 13 16 49
591 13 16 42
1899 13 16 35
813 13 16 26
1651 13 16 18
3416 13 16 8
3450 13 18 90
473 13 18 82
3346 13 18 75
3792 13 18 66
5003 13 18 58
1913 13 18 49
4616 13 18 41
4025 13 18 33
154 13 18 27
3964 13 18 16
4828 13 18 5
111 13 19 90
3422 13 19 81
758 13 19 75
2853 13 19 66
2515 13 19 58
396 13 19 49
4154 13 19 41
3645 13 19 33
4737 13 19 26
4773 13 19 17
3080 13 19 9
4971 14 5 89
4127 14 5 82
3079 14 5 75
151 14 5 66
1933 14 5 58
132 14 5 49
3896 14 5 41
3185 14 5 33
3369 14 5 26
959 14 5 17
267 14 5 9
3677 14 6 89
2691 14 6 82
1853 14 6 75
5036 14 6 65
315 14 6 56
3937 14 6 48
3019 14 6 40
586 14 6 32
2620 14 6 25
4903 14 6 17
124 14 6 9
3406 14 7 89
103 14 7 82
23 14 7 75
3933 14 7 65
3499 14 7 55
3692 14 7 48
2699 14 7 40
523 14 7 32
417 14 7 25
4189 14 7 17
3931 14 7 8
3116 14 8 89
4650 14 8 81
97 14 8 75
670 14 8 65
1147 14 8 55
3521 14 8 48
934 14 8 40
418 14 8 32
4107 14 8 24
1222 14 8 18
2185 14 8 7
2901 14 9 89
3671 14 9 81
3926 14 9 74
3130 14 9 65
7 14 9 55
2192 14 9 48
84 14 9 40
3752 14 9 31
2904 14 9 22
1947 14 9 14
4180 14 9 2
2796 14 10 89
3335 14 10 81
414 14 10 74
2891 14 10 65
3338 14 10 54
391 14 10 47
57 14 10 39
972 14 10 29
747 14 10 20
3946 14 10 10
3891 14 10 1
1017 14 11 89
3266 14 11 81
4097 14 11 73
1694 14 11 64
3077 14 11 56
1673 14 11 48
3720 14 11 39
4597 14 11 28
4975 14 11 19
867 14 11 10
2872 14 11 1
2593 15 3 88
1666 15 3 76
2099 15 3 68
1996 15 3 61
4945 15 3 49
3614 15 3 41
2882 15 3 33
2403 15 3 26
791 15 3 17
3887 15 3 8
1525 15 5 88
3647 15 5 75
437 15 5 65
2949 15 5 54
4222 15 5 46
1160 15 5 38
3729 15 5 27
2267 15 5 16
3042 15 5 5
3242 15 6 87
2385 15 6 79
1986 15 6 71
544 15 6 61
4577 15 6 49
1569 15 6 41
2857 15 6 33
737 15 6 26
345 15 6 17
4145 15 6 7
2827 15 7 87
965 15 7 79
3073 15 7 70
1699 15 7 64
451 15 7 56
4847 15 7 47
4996 15 7 38
3582 15 7 27
1826 15 7 16
2601 15 7 5
2537 15 8 87
415 15 8 79
2932 15 8 70
1101 15 8 64
4911 15 8 55
1157 15 8 48
2340 15 8 39
2749 15 8 28
4186 15 8 19
4648 15 8 8
2329 15 13 86
3312 15 13 79
2723 15 13 70
3196 15 13 63
916 15 13 58
105 15 13 49
1403 15 13 41
1713 15 13 33
4872 15 13 25
4170 15 13 17
2803 15 13 7
2283 15 14 86
1743 15 14 79
2008 15 14 70
3161 15 14 63
4964 15 14 57
2182 15 14 45
4033 15 14 36
1891 15 14 25
2931 15 14 17
2801 15 14 7
4910 15 15 83
2150 15 15 73
1635 15 15 64
4318 15 15 55
1097 15 15 48
1610 15 15 39
2370 15 15 28
4056 15 15 19
4198 15 15 8
4273 15 17 83
1959 15 17 73
4805 15 17 63
3363 15 17 57
4004 15 17 44
4284 15 17 37
4864 15 17 25
2465 15 17 17
1757 15 17 7
4128 15 18 83
1028 15 18 73
2604 15 18 63
2575 15 18 57
1763 15 18 44
2502 15 18 37
4821 15 18 25
1226 15 18 16
4998 15 18 4
1121 16 0 83
4428 16 0 72
1829 16 0 66
1437 16 0 58
3371 16 0 48
781 16 0 39
1506 16 0 28
1532 16 0 19
4930 16 0 7
311 16 1 83
5042 16 1 71
4309 16 1 60
4783 16 1 51
1038 16 1 42
775 16 1 35
2933 16 1 25
970 16 1 16
4729 16 1 4
2530 16 2 82
3761 16 2 74
2818 16 2 65
1200 16 2 54
2919 16 2 46
3675 16 2 37
3273 16 2 25
4791 16 2 14
2295 16 2 2
2948 16 3 80
4509 16 3 73
2420 16 3 63
1844 16 3 57
977 16 3 44
452 16 3 37
1622 16 3 25
3413 16 3 14
2063 16 3 2
600 16 8 80
4494 16 8 73
475 16 8 63
901 16 8 57
3018 16 8 43
4881 16 8 34
4688 16 8 28
4076 16 8 18
1941 16 8 7
4029 16 10 79
807 16 10 70
2898 16 10 63
800 16 10 57
1099 16 10 43
1433 16 10 34
4444 16 10 28
3457 16 10 18
3557 16 10 6
1893 16 11 79
4634 16 11 69
123 16 11 59
906 16 11 49
824 16 11 41
508 16 11 33
4705 16 11 25
1167 16 11 14
1354 16 11 2
4535 16 13 78
3376 16 13 67
3577 16 13 52
2658 16 13 41
4376 16 13 32
3587 16 13 24
581 16 13 18
4074 16 13 5
2518 16 14 78
3306 16 14 67
3534 16 14 52
1285 16 14 41
3500 16 14 32
2822 16 14 24
2676 16 14 17
3016 16 14 6
2697 16 18 77
766 16 18 69
4714 16 18 57
767 16 18 43
1224 16 18 34
3227 16 18 28
3207 16 18 18
2357 16 18 5
4939 16 19 76
1374 16 19 68
1915 16 19 60
3058 16 19 51
4795 16 19 41
3236 16 19 32
1039 16 19 24
2571 16 19 17
4721 16 19 5
2850 17 0 72
1446 17 0 66
4507 17 0 57
358 17 0 42
319 17 0 35
2119 17 0 25
773 17 0 14
3537 17 0 1
1738 17 6 72
4326 17 6 65
578 17 6 54
1006 17 6 46
3013 17 6 37
307 17 6 25
63 17 6 14
318 17 6 1
3174 17 7 70
2195 17 7 63
4247 17 7 56
3389 17 7 47
4797 17 7 38
423 17 7 27
4745 17 7 15
3210 17 7 7
4845 17 8 68
1340 17 8 60
2984 17 8 51
4675 17 8 41
2511 17 8 32
239 17 8 24
2313 17 8 17
1387 17 8 5
3856 17 11 94
2920 17 11 85
2003 17 11 73
3656 17 11 62
1419 17 11 56
3024 17 11 47
4147 17 11 38
5049 17 11 26
433 17 11 16
4490 17 11 4
2733 17 13 94
667 17 13 85
1273 17 13 73
2430 17 13 62
458 17 13 56
2947 17 13 47
3576 17 13 38
4479 17 13 26
3854 17 13 15
1538 17 13 7
2256 17 14 94
4725 17 14 84
2696 17 14 72
4078 17 14 65
26 17 14 54
2262 17 14 45
3939 17 14 36
794 17 14 25
4345 17 14 13
369 17 14 7
1661 17 15 94
1229 17 15 84
2446 17 15 72
2599 17 15 65
1755 17 15 53
3224 17 15 45
1534 17 15 36
4473 17 15 24
1477 17 15 17
694 17 15 5
1215 17 16 94
958 17 16 84
2416 17 16 72
1279 17 16 65
4619 17 16 52
903 17 16 41
94 17 16 32
4677 17 16 23
93 17 16 15
1528 17 16 7
1182 17 18 94
4823 17 18 83
3343 17 18 71
1585 17 18 60
2923 17 18 51
4190 17 18 41
4719 17 18 31
2525 17 18 22
1316 17 18 14
82 17 18 1
1002 17 19 94
4816 17 19 83
1935 17 19 71
2878 17 19 59
575 17 19 49
608 17 19 41
4183 17 19 31
1502 17 19 22
1029 17 19 14
54 17 19 7
308 18 0 94
1471 18 0 83
4581 18 0 70
2184 18 0 63
1917 18 0 56
2614 18 0 47
1049 18 0 38
1428 18 0 26
3281 18 0 15
483 18 0 7
4896 18 2 93
2201 18 2 85
1082 18 2 73
2290 18 2 62
438 18 2 56
2110 18 2 47
789 18 2 38
1022 18 2 26
2763 18 2 15
4756 18 2 6
4633 18 3 93
235 18 3 85
138 18 3 73
201 18 3 62
431 18 3 56
1346 18 3 47
4235 18 3 37
782 18 3 24
1317 18 3 17
518 18 3 5
2939 18 8 93
4368 18 8 84
2356 18 8 72
2168 18 8 64
2659 18 8 55
91 18 8 48
577 18 8 39
5021 18 8 26
656 18 8 15
3848 18 8 6
341 18 15 93
4209 18 15 84
2869 18 15 71
731 18 15 59
4548 18 15 47
2764 18 15 37
528 18 15 24
951 18 15 17
357 18 15 5
4852 19 0 92
3449 19 0 84
406 19 0 71
3873 19 0 58
1961 19 0 48
538 19 0 39
3755 19 0 26
4367 19 0 14
4114 19 0 6
4464 19 2 92
1791 19 2 84
4150 19 2 70
1889 19 2 63
1109 19 2 56
3693 19 2 46
265 19 2 37
292 19 2 24
4586 19 2 16
2331 19 2 4
2985 19 3 92
1740 19 3 84
5015 19 3 69
3638 19 3 57
4195 19 3 41
2900 19 3 31
4722 19 3 21
1275 19 3 11
3664 19 3 2
2115 19 5 92
1705 19 5 84
2930 19 5 69
3484 19 5 57
3166 19 5 41
2057 19 5 31
3737 19 5 21
4135 19 5 10
2071 19 5 1
140 19 6 92
825 19 6 84
2047 19 6 68
3610 19 6 59
4484 19 6 47
2475 19 6 37
4806 19 6 23
4914 19 6 14
3297 19 6 6
4669 19 7 91
296 19 7 83
2523 19 7 70
1728 19 7 63
651 19 7 56
3365 19 7 46
2348 19 7 36
3313 19 7 24
3998 19 7 16
1953 19 7 4
3323 19 8 91
37 19 8 83
615 19 8 70
4206 19 8 62
83 19 8 56
4680 19 8 45
638 19 8 36
3108 19 8 24
4623 19 8 15
1701 19 8 6
2040 19 10 91
4480 19 10 82
1165 19 10 74
1558 19 10 65
2893 19 10 52
672 19 10 41
1171 19 10 31
589 19 10 21
3139 19 10 10
1524 19 11 91
4023 19 11 82
845 19 11 74
568 19 11 65
2747 19 11 52
167 19 11 41
3492 19 11 30
1324 19 11 21
2102 19 11 9
4621 19 12 90
2671 19 12 81
3696 19 12 73
4282 19 12 61
3554 19 12 49
88 19 12 41
2922 19 12 30
2741 19 12 20
3141 19 12 9
1457 19 13 90
2070 19 13 81
3548 19 13 73
3730 19 13 61
2681 19 13 49
4958 19 13 40
3654 19 13 31
403 19 13 21
5065 19 13 8
4540 19 14 89
2030 19 14 81
3240 19 14 73
1298 19 14 61
1239 19 14 49
2100 19 14 40
1412 19 14 31
2431 19 14 20
1652 19 14 9
4297 19 15 89
4251 19 15 80
3938 19 15 73
301 19 15 61
4698 19 15 48
334 19 15 39
3701 19 15 26
3883 19 15 14
2706 19 15 6
3642 19 17 89
4185 19 17 80
3512 19 17 73
4505 19 17 60
1782 19 17 51
4153 19 17 41
2281 19 17 30
4393 19 17 19
4238 19 17 7
3029 19 18 89
1813 19 18 80
2649 19 18 73
4397 19 18 60
1768 19 18 51
3894 19 18 41
2113 19 18 30
942 19 18 19
3180 19 18 7
1290 19 19 89
73 19 19 80
1427 19 19 73
4327 19 19 60
770 19 19 51
465 19 19 41
1432 19 19 30
1849 19 19 18
1583 19 19 5
