2603
4048 0 0 98
3130 0 0 94
1673 0 0 91
2882 0 0 89
2591 0 0 87
4003 0 0 83
2176 0 0 81
2888 0 0 78
3378 0 0 75
2965 0 0 72
3412 0 0 69
4416 0 0 65
1458 0 0 63
2622 0 0 59
3485 0 0 57
4338 0 0 55
3204 0 0 53
3694 0 0 49
1203 0 0 47
3071 0 0 45
3554 0 0 41
2616 0 0 39
4705 0 0 36
2027 0 0 34
3662 0 0 32
4382 0 0 29
2559 0 0 27
2084 0 0 24
1849 0 0 22
4549 0 0 19
233 0 0 17
4039 0 0 13
1555 0 0 11
2532 0 0 9
3941 0 0 6
2902 0 0 3
4043 0 1 98
1977 0 1 94
4071 0 1 90
1463 0 1 87
2823 0 1 83
3280 0 1 80
3579 0 1 77
3914 0 1 74
4694 0 1 71
2215 0 1 68
3965 0 1 65
2093 0 1 62
353 0 1 59
1381 0 1 56
827 0 1 54
3464 0 1 50
3797 0 1 46
3499 0 1 43
2849 0 1 41
2363 0 1 38
4462 0 1 36
1667 0 1 33
3374 0 1 30
3137 0 1 28
1587 0 1 26
3715 0 1 23
4644 0 1 21
4553 0 1 19
3283 0 1 16
3829 0 1 12
3017 0 1 9
938 0 1 6
2112 0 1 3
2283 0 2 98
4113 0 2 93
239 0 2 89
3272 0 2 86
3065 0 2 82
479 0 2 80
1737 0 2 77
553 0 2 74
2474 0 2 70
4715 0 2 67
3172 0 2 63
940 0 2 59
3543 0 2 55
613 0 2 52
1230 0 2 49
4249 0 2 45
1251 0 2 41
1232 0 2 38
1446 0 2 36
3609 0 2 32
789 0 2 29
2344 0 2 26
3103 0 2 23
3456 0 2 20
521 0 2 18
4004 0 2 15
3860 0 2 12
4522 0 2 8
2911 0 2 6
1965 0 2 2
2419 0 3 97
2048 0 3 95
821 0 3 91
804 0 3 89
3668 0 3 85
4378 0 3 81
4567 0 3 76
3416 0 3 71
4541 0 3 67
4621 0 3 62
429 0 3 58
2298 0 3 55
2369 0 3 51
2070 0 3 48
3660 0 3 46
1296 0 3 43
2672 0 3 40
4679 0 3 37
1709 0 3 34
641 0 3 32
4767 0 3 28
3532 0 3 25
4735 0 3 22
3634 0 3 18
3483 0 3 14
4193 0 3 10
4063 0 3 7
449 0 3 4
2440 0 3 2
640 0 4 97
1142 0 4 94
3971 0 4 89
3776 0 4 84
3351 0 4 81
2899 0 4 76
2791 0 4 71
1434 0 4 67
3265 0 4 62
2905 0 4 57
1915 0 4 53
3498 0 4 49
3682 0 4 45
1042 0 4 41
1180 0 4 38
3585 0 4 35
167 0 4 32
3927 0 4 28
4177 0 4 24
299 0 4 22
2296 0 4 18
2744 0 4 14
140 0 4 10
796 0 4 7
2135 0 4 3
13 0 5 97
4555 0 5 93
4018 0 5 88
4764 0 5 85
3415 0 5 81
2551 0 5 76
1578 0 5 71
1314 0 5 67
3025 0 5 62
2561 0 5 57
978 0 5 53
3421 0 5 49
3171 0 5 45
3807 0 5 40
4417 0 5 36
905 0 5 32
4648 0 5 27
1299 0 5 24
3633 0 5 21
2126 0 5 18
1098 0 5 14
1079 0 5 9
1988 0 5 5
4355 0 5 2
1731 0 6 96
4560 0 6 92
4510 0 6 89
3067 0 6 84
2012 0 6 81
3999 0 6 75
1101 0 6 72
2515 0 6 69
3292 0 6 65
2572 0 6 61
2612 0 6 57
112 0 6 53
1677 0 6 49
1166 0 6 45
3064 0 6 40
4064 0 6 36
417 0 6 32
4558 0 6 27
452 0 6 23
4329 0 6 19
1227 0 6 16
2260 0 6 12
3491 0 6 8
1980 0 6 5
4301 0 6 2
4374 0 7 95
987 0 7 90
350 0 7 87
1580 0 7 83
273 0 7 80
3441 0 7 76
1345 0 7 71
926 0 7 67
1941 0 7 62
1905 0 7 57
46 0 7 53
3500 0 7 48
4707 0 7 45
2969 0 7 40
4559 0 7 35
4096 0 7 31
2063 0 7 28
3959 0 7 24
1994 0 7 20
1460 0 7 17
3257 0 7 13
3911 0 7 9
747 0 7 5
1241 0 7 1
3910 0 8 95
4717 0 8 89
4290 0 8 83
4734 0 8 79
1529 0 8 77
3373 0 8 73
4272 0 8 69
3135 0 8 65
2421 0 8 61
559 0 8 56
4676 0 8 53
4622 0 8 47
3657 0 8 44
3654 0 8 41
758 0 8 38
3649 0 8 34
975 0 8 31
759 0 8 28
3674 0 8 24
3938 0 8 19
3274 0 8 15
1066 0 8 12
650 0 8 8
527 0 8 4
865 0 8 1
3195 0 9 95
2798 0 9 89
2581 0 9 83
4598 0 9 79
624 0 9 75
4519 0 9 71
4608 0 9 66
4536 0 9 62
1868 0 9 57
4491 0 9 52
4421 0 9 48
6 0 9 44
3004 0 9 39
4309 0 9 36
4323 0 9 31
688 0 9 28
1067 0 9 24
1388 0 9 19
4573 0 9 14
601 0 9 9
3489 0 9 4
154 0 10 95
2332 0 10 89
489 0 10 83
1680 0 10 79
3705 0 10 74
2302 0 10 70
2165 0 10 67
1900 0 10 62
1763 0 10 57
2415 0 10 52
4060 0 10 48
4624 0 10 43
2633 0 10 40
1302 0 10 35
2773 0 10 31
4481 0 10 27
208 0 10 23
2292 0 10 19
909 0 10 14
224 0 10 9
1990 0 10 4
4525 0 11 94
901 0 11 89
4143 0 11 82
100 0 11 79
1864 0 11 74
1466 0 11 70
1834 0 11 67
1061 0 11 62
628 0 11 57
2282 0 11 52
3128 0 11 48
4497 0 11 43
4655 0 11 39
2009 0 11 36
2714 0 11 31
3536 0 11 26
4044 0 11 22
302 0 11 18
3417 0 11 13
3317 0 11 9
1809 0 11 4
3240 0 12 94
507 0 12 89
1961 0 12 82
3696 0 12 78
3019 0 12 75
751 0 12 71
4076 0 12 66
1979 0 12 62
3630 0 12 56
4319 0 12 53
1031 0 12 46
591 0 12 43
3235 0 12 39
4590 0 12 35
3834 0 12 30
4251 0 12 27
4396 0 12 22
1727 0 12 17
3051 0 12 13
1359 0 12 9
1649 0 12 4
1987 0 13 94
4208 0 13 88
2471 0 13 85
1876 0 13 81
2811 0 13 75
702 0 13 71
2675 0 13 66
1973 0 13 62
2859 0 13 56
337 0 13 53
483 0 13 46
3081 0 13 42
2874 0 13 39
4377 0 13 35
3380 0 13 30
1338 0 13 26
3712 0 13 22
367 0 13 17
1073 0 13 13
4502 0 13 8
2046 0 13 3
791 0 14 94
4140 0 14 88
2816 0 14 83
2355 0 14 78
1779 0 14 75
4661 0 14 70
328 0 14 67
4331 0 14 61
2464 0 14 55
970 0 14 51
4583 0 14 47
1919 0 14 44
2583 0 14 38
2475 0 14 34
4605 0 14 30
783 0 14 26
2914 0 14 22
4145 0 14 16
630 0 14 12
149 0 14 8
867 0 14 3
3787 0 15 93
2290 0 15 88
1792 0 15 83
2173 0 15 78
633 0 15 75
1035 0 15 70
2226 0 15 66
1336 0 15 62
2771 0 15 56
305 0 15 53
175 0 15 46
2455 0 15 42
4651 0 15 38
354 0 15 34
3994 0 15 30
2358 0 15 25
1233 0 15 22
4093 0 15 16
3392 0 15 11
2865 0 15 8
596 0 15 3
2406 0 16 93
1768 0 16 88
4397 0 16 82
4638 0 16 77
3011 0 16 73
3770 0 16 69
2838 0 16 65
4684 0 16 60
4681 0 16 58
3925 0 16 54
2825 0 16 50
2320 0 16 46
4012 0 16 41
3556 0 16 37
672 0 16 34
3339 0 16 30
1661 0 16 25
2327 0 16 21
1294 0 16 18
1938 0 16 13
4232 0 16 8
3844 0 16 2
383 0 17 93
570 0 17 88
2867 0 17 82
3228 0 17 77
1908 0 17 73
2607 0 17 69
1093 0 17 65
4539 0 17 60
4680 0 17 57
3894 0 17 51
1907 0 17 47
1312 0 17 43
4454 0 17 38
3334 0 17 33
1053 0 17 30
303 0 17 25
1095 0 17 21
443 0 17 17
1263 0 17 12
3808 0 17 7
3823 0 17 2
263 0 18 93
405 0 18 88
2357 0 18 82
3115 0 18 77
1279 0 18 72
2402 0 18 69
4645 0 18 64
2385 0 18 60
3520 0 18 56
289 0 18 53
3984 0 18 45
2895 0 18 40
648 0 18 35
2490 0 18 30
2579 0 18 24
1272 0 18 19
3725 0 18 13
1735 0 18 8
2331 0 18 2
1836 0 19 92
4300 0 19 88
3775 0 19 81
1518 0 19 75
207 0 19 70
1026 0 19 66
471 0 19 62
782 0 19 56
2240 0 19 52
2716 0 19 48
4205 0 19 43
3854 0 19 38
1618 0 19 33
1070 0 19 29
563 0 19 24
3605 0 19 18
1452 0 19 13
4314 0 19 7
2229 0 19 2
316 2 0 92
994 2 0 87
685 2 0 83
1397 2 0 78
4458 2 0 74
857 2 0 70
4391 2 0 65
4165 2 0 60
809 2 0 56
4340 2 0 51
4580 2 0 46
3082 2 0 41
2156 2 0 37
3114 2 0 33
4563 2 0 28
491 2 0 24
3562 2 0 17
1237 2 0 12
2210 2 0 7
4697 2 0 1
171 2 1 92
4250 2 1 86
2848 2 1 81
3030 2 1 74
632 2 1 70
1188 2 1 65
3008 2 1 60
4430 2 1 55
2422 2 1 50
965 2 1 45
1814 2 1 40
3774 2 1 34
2628 2 1 30
2085 2 1 24
2399 2 1 17
1200 2 1 12
1833 2 1 7
3505 2 1 1
4670 2 2 91
3872 2 2 87
517 2 2 83
1116 2 2 78
4227 2 2 74
4371 2 2 69
1945 2 2 64
792 2 2 60
4288 2 2 54
2795 2 2 49
3853 2 2 44
2322 2 2 38
1190 2 2 33
3789 2 2 28
4636 2 2 23
931 2 2 19
3357 2 2 13
3326 2 2 7
2184 2 2 1
602 2 4 91
3772 2 4 87
4742 2 4 82
2017 2 4 77
377 2 4 72
166 2 4 69
992 2 4 64
3816 2 4 59
1216 2 4 55
4029 2 4 49
3409 2 4 44
1844 2 4 38
3023 2 4 32
3737 2 4 27
765 2 4 22
3836 2 4 16
4561 2 4 10
3628 2 4 6
1962 2 4 2
69 2 6 91
1340 2 6 87
4000 2 6 82
1157 2 6 77
2883 2 6 71
2522 2 6 66
2646 2 6 61
4353 2 6 54
2582 2 6 49
3261 2 6 44
4631 2 6 37
3956 2 6 31
3327 2 6 26
2890 2 6 22
3162 2 6 16
885 2 6 10
2923 2 6 6
1229 2 6 2
4450 2 7 90
4451 2 7 86
1666 2 7 81
2886 2 7 74
2233 2 7 69
727 2 7 64
2650 2 7 59
4411 2 7 54
4347 2 7 48
1764 2 7 43
3186 2 7 38
1572 2 7 32
3047 2 7 27
723 2 7 22
3111 2 7 16
863 2 7 10
2713 2 7 6
4013 2 7 1
4192 2 8 90
4028 2 8 86
1112 2 8 81
1992 2 8 74
2121 2 8 69
180 2 8 64
1729 2 8 59
2513 2 8 54
3285 2 8 48
4489 2 8 42
1819 2 8 38
1435 2 8 32
2236 2 8 27
20 2 8 22
3015 2 8 16
2132 2 8 9
3466 2 8 3
2966 2 9 90
799 2 9 86
4749 2 9 80
2102 2 9 76
500 2 9 71
691 2 9 66
1322 2 9 61
2301 2 9 54
515 2 9 48
3180 2 9 42
3802 2 9 37
3523 2 9 31
2630 2 9 26
4672 2 9 21
2887 2 9 16
1043 2 9 9
2904 2 9 3
2653 2 10 90
1858 2 10 85
1377 2 10 81
15 2 10 74
1177 2 10 69
3992 2 10 63
4456 2 10 58
4302 2 10 53
2871 2 10 45
1192 2 10 39
3286 2 10 35
1921 2 10 30
1923 2 10 24
2250 2 10 17
3901 2 10 11
2117 2 10 8
1005 2 10 2
1409 2 12 90
84 2 12 85
3062 2 12 80
3487 2 12 75
63 2 12 70
947 2 12 65
2492 2 12 60
3232 2 12 54
395 2 12 48
1825 2 12 42
614 2 12 37
2287 2 12 31
1784 2 12 26
2186 2 12 21
368 2 12 16
4674 2 12 8
855 2 12 2
2746 2 13 89
1223 2 13 82
387 2 13 77
2491 2 13 71
4361 2 13 65
1892 2 13 60
494 2 13 54
3958 2 13 47
828 2 13 43
3020 2 13 38
499 2 13 32
1806 2 13 27
4218 2 13 21
2365 2 13 15
3098 2 13 11
3054 2 13 7
1624 2 13 1
3527 2 15 88
3762 2 15 81
4470 2 15 73
4296 2 15 68
4001 2 15 64
941 2 15 59
1672 2 15 54
3198 2 15 47
3185 2 15 42
1236 2 15 36
2763 2 15 30
1351 2 15 24
1358 2 15 17
3849 2 15 11
1657 2 15 7
566 2 15 1
2758 2 16 88
1000 2 16 81
4435 2 16 73
2401 2 16 68
1600 2 16 64
1893 2 16 58
4049 2 16 53
3865 2 16 44
4446 2 16 37
575 2 16 31
972 2 16 26
1596 2 16 21
2304 2 16 15
1821 2 16 11
4269 2 16 6
3691 2 16 1
3427 2 17 87
3151 2 17 81
1911 2 17 73
4354 2 17 67
4285 2 17 61
1993 2 17 54
4482 2 17 46
2947 2 17 41
4395 2 17 36
2667 2 17 30
1295 2 17 24
270 2 17 17
1933 2 17 11
4200 2 17 6
1881 2 17 1
1812 2 18 87
1037 2 18 81
1629 2 18 73
4262 2 18 67
3437 2 18 61
1617 2 18 54
4263 2 18 46
2720 2 18 41
3841 2 18 36
2164 2 18 30
511 2 18 24
4688 2 18 16
3809 2 18 8
4487 2 18 1
918 2 19 87
3692 2 19 80
2776 2 19 75
4094 2 19 69
3833 2 19 63
4166 2 19 58
4728 2 19 52
4719 2 19 47
320 2 19 42
424 2 19 36
1718 2 19 30
4610 2 19 23
4582 2 19 18
714 2 19 13
2469 2 19 7
1366 2 19 1
3221 3 0 86
2201 3 0 80
2335 3 0 75
3687 3 0 69
3744 3 0 63
3242 3 0 58
3719 3 0 52
4682 3 0 47
186 3 0 42
365 3 0 36
1627 3 0 30
3588 3 0 23
4344 3 0 18
5 3 0 13
1781 3 0 7
1357 3 0 1
236 3 4 86
4120 3 4 79
1831 3 4 74
93 3 4 69
1421 3 4 63
762 3 4 58
3383 3 4 52
4286 3 4 46
1239 3 4 41
1158 3 4 36
1538 3 4 30
3205 3 4 23
2098 3 4 18
3428 3 4 12
818 3 4 7
83 3 6 86
3390 3 6 79
2684 3 6 73
4074 3 6 67
3018 3 6 61
1603 3 6 54
1040 3 6 46
805 3 6 41
71 3 6 36
844 3 6 30
2801 3 6 23
1658 3 6 18
2988 3 6 12
3393 3 6 6
600 3 7 85
4 3 7 80
2122 3 7 75
3127 3 7 69
1341 3 7 63
631 3 7 58
2602 3 7 52
1612 3 7 46
51 3 7 41
3454 3 7 35
4730 3 7 29
433 3 7 24
31 3 7 16
2434 3 7 8
2185 3 7 1
2002 3 8 83
872 3 8 78
4199 3 8 74
25 3 8 69
4385 3 8 62
594 3 8 56
3756 3 8 51
2456 3 8 46
3890 3 8 40
360 3 8 34
2273 3 8 30
2115 3 8 23
2389 3 8 17
255 3 8 11
3869 3 8 6
1321 3 9 80
535 3 9 75
1719 3 9 69
3619 3 9 62
55 3 9 56
2946 3 9 51
4168 3 9 45
954 3 9 39
1285 3 9 34
713 3 9 30
1355 3 9 23
3781 3 9 16
2683 3 9 7
4124 3 10 79
1149 3 10 73
3666 3 10 67
4289 3 10 60
3749 3 10 53
3408 3 10 44
2700 3 10 37
412 3 10 31
705 3 10 26
3870 3 10 20
4097 3 10 16
4247 3 10 6
4401 3 12 78
3196 3 12 74
2503 3 12 68
4111 3 12 63
2824 3 12 56
4132 3 12 50
3424 3 12 44
2437 3 12 37
61 3 12 31
4568 3 12 25
4228 3 12 20
3755 3 12 16
1476 3 12 6
4234 3 13 78
2766 3 13 74
2001 3 13 68
3420 3 13 63
2540 3 13 56
2232 3 13 50
1982 3 13 44
2082 3 13 37
52 3 13 31
4574 3 13 24
2939 3 13 15
1803 3 13 10
4233 3 13 5
1599 3 15 78
1513 3 15 74
3803 3 15 67
3512 3 15 60
3123 3 15 53
2195 3 15 44
2010 3 15 37
3791 3 15 30
381 3 15 23
3083 3 15 16
4022 3 15 5
2674 3 19 74
2954 3 19 67
2889 3 19 60
2738 3 19 53
880 3 19 44
3640 3 19 36
4261 3 19 29
4720 3 19 23
2817 3 19 16
267 3 19 5
744 4 0 63
3481 4 0 55
3758 4 0 49
2706 4 0 44
3396 4 0 36
3480 4 0 29
1282 4 0 23
961 4 0 16
185 4 0 5
3275 4 1 96
3104 4 1 91
1028 4 1 87
2435 4 1 80
4362 4 1 74
2003 4 1 67
2391 4 1 60
1155 4 1 53
646 4 1 44
3190 4 1 36
3058 4 1 29
4512 4 1 22
2020 4 1 16
4601 4 1 4
2979 4 2 96
1468 4 2 91
66 4 2 86
3332 4 2 79
3641 4 2 72
4452 4 2 68
2239 4 2 63
670 4 2 55
2837 4 2 49
1290 4 2 44
425 4 2 36
514 4 2 29
3251 4 2 22
1912 4 2 16
2330 4 2 4
1046 4 4 96
2142 4 4 90
4743 4 4 84
335 4 4 81
1448 4 4 73
3364 4 4 67
2280 4 4 60
230 4 4 53
617 4 4 44
3492 4 4 35
4508 4 4 29
398 4 4 22
1376 4 4 16
4181 4 4 3
4324 4 6 95
1244 4 6 89
4476 4 6 81
4171 4 6 72
348 4 6 68
428 4 6 63
469 4 6 55
2708 4 6 49
964 4 6 44
3336 4 6 35
2338 4 6 29
4554 4 6 21
4431 4 6 14
4160 4 6 8
4157 4 10 95
3564 4 10 88
910 4 10 81
2945 4 10 72
89 4 10 68
345 4 10 63
338 4 10 55
4687 4 10 48
552 4 10 42
4741 4 10 35
2267 4 10 29
3767 4 10 21
4380 4 10 14
3857 4 10 8
3587 4 18 95
3091 4 18 88
639 4 18 81
280 4 18 72
4449 4 18 67
2131 4 18 60
4630 4 18 52
3969 4 18 45
4230 4 18 38
352 4 18 32
4122 4 18 26
2555 4 18 20
1485 4 18 15
2851 4 18 9
2299 4 18 3
2709 4 19 95
825 4 19 88
101 4 19 81
4009 4 19 71
3726 4 19 65
1362 4 19 60
4409 4 19 52
3452 4 19 45
3027 4 19 38
4772 4 19 31
2566 4 19 24
2536 4 19 15
2123 4 19 9
4692 4 19 2
2208 5 2 94
1128 5 2 88
4588 5 2 80
4118 5 2 74
976 5 2 67
3707 5 2 59
1639 5 2 54
278 5 2 46
3577 5 2 40
4127 5 2 33
4548 5 2 27
3547 5 2 21
3542 5 2 14
2481 5 2 8
430 5 9 94
571 5 9 88
1178 5 9 80
3529 5 9 74
447 5 9 67
3141 5 9 59
336 5 9 54
4709 5 9 45
1653 5 9 38
4723 5 9 31
1986 5 9 24
2553 5 9 14
893 5 9 8
3584 5 10 93
3188 5 10 87
2190 5 10 80
3210 5 10 74
2632 5 10 66
831 5 10 61
1334 5 10 54
4215 5 10 45
1234 5 10 38
4312 5 10 31
1922 5 10 24
1396 5 10 14
764 5 10 8
2901 5 12 93
2447 5 12 87
2068 5 12 80
1804 5 12 74
900 5 12 65
1249 5 12 60
3119 5 12 52
2659 5 12 45
740 5 12 38
3796 5 12 31
1720 5 12 24
549 5 12 14
4429 5 12 7
2741 5 14 93
2166 5 14 87
1725 5 14 80
801 5 14 74
134 5 14 65
4708 5 14 59
4547 5 14 53
257 5 14 44
3075 5 14 35
1089 5 14 29
3269 5 14 21
2962 5 14 14
3877 5 14 7
2665 5 16 93
690 5 16 87
3848 5 16 79
3079 5 16 72
3555 5 16 67
3048 5 16 59
4351 5 16 53
4486 5 16 43
2832 5 16 38
2840 5 16 31
4134 5 16 23
4141 5 16 15
1364 5 16 9
3450 5 16 2
2271 6 0 93
404 6 0 87
3472 6 0 79
2235 6 0 72
3406 6 0 67
1325 6 0 59
4335 6 0 53
3721 6 0 43
1401 6 0 38
2441 6 0 31
4105 6 0 23
3571 6 0 15
921 6 0 9
3419 6 0 1
1461 6 2 93
4007 6 2 86
2516 6 2 79
2005 6 2 72
2114 6 2 67
3880 6 2 58
2154 6 2 52
2482 6 2 45
3442 6 2 37
3231 6 2 30
3363 6 2 22
1161 6 2 16
3815 6 2 3
2417 6 4 92
4104 6 4 85
4224 6 4 79
1526 6 4 72
922 6 4 67
1309 6 4 58
1963 6 4 51
3912 6 4 45
2586 6 4 37
3160 6 4 30
3203 6 4 22
761 6 4 16
3134 6 4 3
4308 6 5 91
3528 6 5 85
1785 6 5 79
1319 6 5 72
268 6 5 67
462 6 5 58
3936 6 5 50
679 6 5 44
1879 6 5 35
227 6 5 29
2872 6 5 21
2594 6 5 14
1436 6 5 7
4020 6 6 91
3214 6 6 85
820 6 6 79
4366 6 6 71
3105 6 6 65
2717 6 6 59
2856 6 6 53
3446 6 6 43
731 6 6 38
1724 6 6 31
1400 6 6 23
1520 6 6 15
642 6 6 9
2806 6 6 1
3281 6 7 91
2803 6 7 85
135 6 7 79
3220 6 7 71
1997 6 7 65
1860 6 7 59
497 6 7 52
2042 6 7 45
376 6 7 37
2760 6 7 30
1845 6 7 21
1164 6 7 14
512 6 7 7
2992 6 9 91
2145 6 9 85
4616 6 9 78
3110 6 9 73
3279 6 9 67
2974 6 9 57
2671 6 9 51
4507 6 9 44
1862 6 9 35
11 6 9 29
1111 6 9 21
103 6 9 14
4606 6 9 6
2383 6 10 91
1537 6 10 85
4130 6 10 78
1732 6 10 73
1182 6 10 67
2588 6 10 57
2461 6 10 51
1995 6 10 44
1484 6 10 35
4496 6 10 28
3873 6 10 23
1247 6 10 15
3169 6 10 8
137 6 12 91
64 6 12 85
2834 6 12 78
1478 6 12 73
3907 6 12 66
4348 6 12 60
2944 6 12 52
1243 6 12 45
3607 6 12 36
2909 6 12 28
3215 6 12 23
1075 6 12 15
3125 6 12 8
3900 6 14 90
3394 6 14 84
3968 6 14 80
766 6 14 74
2293 6 14 64
4578 6 14 57
2297 6 14 51
2136 6 14 43
701 6 14 38
1173 6 14 31
845 6 14 23
312 6 14 15
2984 6 14 8
2472 6 16 90
840 6 16 84
2367 6 16 80
2906 6 16 73
2967 6 16 66
3578 6 16 60
1462 6 16 52
258 6 16 45
3244 6 16 36
2610 6 16 28
988 6 16 23
2699 6 16 14
3909 6 16 6
2162 6 17 90
2163 6 17 83
4498 6 17 77
1465 6 17 71
2397 6 17 64
2846 6 17 57
1843 6 17 51
1888 6 17 43
403 6 17 37
2685 6 17 30
1197 6 17 21
4609 6 17 13
1097 6 17 7
2869 6 18 89
4367 6 18 81
2518 6 18 71
2314 6 18 64
2212 6 18 57
686 6 18 51
677 6 18 43
3360 6 18 36
2160 6 18 28
393 6 18 23
2011 6 18 14
2542 6 18 6
4540 6 19 88
1160 6 19 80
2412 6 19 73
4483 6 19 65
1679 6 19 59
484 6 19 52
3197 6 19 44
518 6 19 35
4086 6 19 28
2658 6 19 21
1487 6 19 12
1778 6 19 6
2598 7 0 88
520 7 0 80
981 7 0 73
3001 7 0 65
1583 7 0 59
32 7 0 52
2483 7 0 44
4442 7 0 34
4579 7 0 29
396 7 0 21
1013 7 0 12
442 7 0 6
1877 7 2 88
966 7 2 79
1050 7 2 71
1647 7 2 64
379 7 2 57
67 7 2 51
117 7 2 43
3254 7 2 36
3754 7 2 27
1259 7 2 21
2759 7 2 11
3474 7 2 6
1759 7 4 88
466 7 4 79
4184 7 4 70
4090 7 4 64
275 7 4 57
1316 7 4 50
300 7 4 44
3354 7 4 34
4045 7 4 29
4466 7 4 20
1342 7 4 15
1183 7 4 8
1104 7 7 88
214 7 7 79
3997 7 7 70
3340 7 7 64
4328 7 7 56
2051 7 7 50
4659 7 7 43
2078 7 7 36
2148 7 7 27
2983 7 7 20
915 7 7 15
346 7 7 8
667 7 12 88
1539 7 12 78
4699 7 12 72
2353 7 12 66
2031 7 12 60
168 7 12 52
4765 7 12 43
1501 7 12 36
866 7 12 27
2288 7 12 20
4350 7 12 14
1107 7 12 6
1668 7 14 87
3213 7 14 79
141 7 14 70
2761 7 14 64
1835 7 14 56
2393 7 14 49
572 7 14 44
2580 7 14 34
2390 7 14 29
3524 7 14 20
989 7 14 14
1044 7 14 6
165 8 0 87
2750 8 0 79
72 8 0 70
2562 8 0 64
1699 8 0 56
1950 8 0 49
2805 8 0 43
1481 8 0 36
3940 8 0 26
1605 8 0 20
699 8 0 14
4405 8 0 5
3080 8 2 86
773 8 2 79
3720 8 2 69
1367 8 2 62
3402 8 2 54
3435 8 2 45
1147 8 2 36
1054 8 2 26
4596 8 2 19
4515 8 2 12
344 8 2 6
1248 8 4 86
333 8 4 79
3638 8 4 69
767 8 4 62
3003 8 4 54
1493 8 4 45
2074 8 4 35
3642 8 4 28
1949 8 4 21
2343 8 4 11
3297 8 4 6
4148 8 6 85
1504 8 6 78
4615 8 6 72
1240 8 6 66
2007 8 6 60
4646 8 6 51
3793 8 6 42
4238 8 6 35
1928 8 6 28
1899 8 6 21
1608 8 6 11
902 8 6 6
2446 8 7 85
1297 8 7 78
4078 8 7 72
465 8 7 66
1957 8 7 59
3923 8 7 51
3142 8 7 42
3537 8 7 35
841 8 7 28
593 8 7 21
1348 8 7 11
4441 8 7 5
1406 8 9 85
1258 8 9 78
2712 8 9 72
4614 8 9 65
1245 8 9 59
3704 8 9 51
1972 8 9 42
852 8 9 35
3301 8 9 27
1690 8 9 20
626 8 9 14
3407 8 9 5
850 8 10 85
1214 8 10 77
1207 8 10 71
158 8 10 64
3680 8 10 55
3919 8 10 48
508 8 10 42
457 8 10 35
2973 8 10 27
285 8 10 20
59 8 10 14
3145 8 10 5
212 8 11 85
1077 8 11 77
793 8 11 71
3404 8 11 63
3780 8 11 54
923 8 11 45
3573 8 11 34
4364 8 11 28
2729 8 11 20
3465 8 11 13
143 8 11 7
4577 8 12 84
2151 8 12 80
153 8 12 73
2506 8 12 65
16 8 12 59
2968 8 12 51
1791 8 12 42
4696 8 12 34
3788 8 12 28
2380 8 12 20
1154 8 12 13
4459 8 12 6
3656 8 13 84
1146 8 13 80
4504 8 13 72
3216 8 13 65
4107 8 13 58
2862 8 13 50
3045 8 13 43
837 8 13 36
342 8 13 26
3706 8 13 19
3743 8 13 12
2101 8 13 5
1630 8 14 81
2241 8 14 71
2703 8 14 63
3765 8 14 54
4457 8 14 44
2213 8 14 34
3703 8 14 28
999 8 14 20
3610 8 14 12
2059 8 14 5
1261 8 16 81
4464 8 16 70
2329 8 16 64
2919 8 16 55
1998 8 16 48
1404 8 16 41
2943 8 16 35
1503 8 16 27
173 8 16 20
2751 8 16 12
1371 8 16 5
79 8 18 80
3508 8 18 72
155 8 18 65
3140 8 18 58
2159 8 18 50
2615 8 18 43
4640 8 18 35
2749 8 18 26
3411 8 18 19
3032 8 18 12
3978 8 18 4
1354 8 19 79
3248 8 19 69
4306 8 19 61
4016 8 19 53
3209 8 19 43
3069 8 19 35
4761 8 19 25
4359 8 19 19
1327 8 19 12
3304 8 19 4
99 9 0 78
2341 9 0 72
3399 9 0 64
2768 9 0 55
4434 9 0 47
3293 9 0 41
495 9 0 35
4257 9 0 25
4282 9 0 19
1303 9 0 12
2641 9 0 4
4126 9 2 74
3558 9 2 63
3194 9 2 54
4299 9 2 44
1715 9 2 34
2770 9 2 28
3950 9 2 19
1078 9 2 12
116 9 2 3
1592 9 4 74
3068 9 4 63
745 9 4 54
3790 9 4 44
1201 9 4 34
1964 9 4 28
3288 9 4 19
4070 9 4 11
4307 9 4 5
4639 9 6 72
1473 9 6 64
2625 9 6 55
1837 9 6 47
2021 9 6 41
33 9 6 35
2056 9 6 25
3746 9 6 19
2194 9 6 10
4037 9 6 5
3267 9 7 72
4110 9 7 63
675 9 7 54
3463 9 7 44
1712 9 7 33
4327 9 7 27
87 9 7 20
1495 9 7 12
3903 9 7 2
1162 9 9 71
4333 9 9 62
1713 9 9 54
2530 9 9 44
35 9 9 33
3525 9 9 27
3009 9 9 19
784 9 9 10
3284 9 9 5
4005 9 16 69
3832 9 16 61
3622 9 16 53
3150 9 16 43
753 9 16 35
4311 9 16 24
411 9 16 14
329 9 16 5
145 9 18 68
4317 9 18 62
1638 9 18 54
1708 9 18 44
4751 9 18 32
3806 9 18 26
2754 9 18 19
4255 9 18 9
177 9 18 1
3208 9 19 64
504 9 19 55
1137 9 19 47
1958 9 19 41
4677 9 19 34
3667 9 19 27
2319 9 19 19
1682 9 19 9
2161 10 0 61
3515 10 0 53
1782 10 0 43
2479 10 0 34
743 10 0 27
1851 10 0 19
1108 10 0 9
4207 10 4 96
2508 10 4 89
124 10 4 81
4195 10 4 70
2052 10 4 64
4424 10 4 54
1595 10 4 44
3977 10 4 32
3624 10 4 26
2284 10 4 19
4472 10 4 8
2788 10 6 96
2251 10 6 89
14 10 6 81
3230 10 6 70
1135 10 6 64
1940 10 6 54
1122 10 6 44
3623 10 6 32
2963 10 6 26
108 10 6 19
4252 10 6 8
4392 10 7 95
81 10 7 88
362 10 7 78
4420 10 7 71
4050 10 7 62
835 10 7 54
161 10 7 44
262 10 7 31
245 10 7 23
4546 10 7 13
3771 10 7 6
1634 10 9 95
716 10 9 87
2478 10 9 79
993 10 9 69
3539 10 9 61
2627 10 9 53
944 10 9 43
1885 10 9 34
3343 10 9 26
4695 10 9 18
2884 10 9 12
2466 10 9 2
247 10 10 95
3329 10 10 86
2728 10 10 78
4246 10 10 71
3535 10 10 62
4108 10 10 53
147 10 10 43
190 10 10 34
2473 10 10 26
2128 10 10 18
1975 10 10 12
2022 10 10 2
4084 10 11 94
2822 10 11 87
2064 10 11 79
4075 10 11 68
3698 10 11 62
2253 10 11 53
4756 10 11 42
4365 10 11 34
1697 10 11 26
1331 10 11 18
1307 10 11 12
1692 10 11 2
3629 10 12 94
2698 10 12 87
1651 10 12 79
1685 10 12 68
80 10 12 62
934 10 12 53
3026 10 12 42
4079 10 12 34
435 10 12 26
1171 10 12 18
1273 10 12 12
1330 10 12 2
3384 10 13 94
1841 10 13 87
826 10 13 79
156 10 13 68
2433 10 13 61
1126 10 13 53
2181 10 13 42
2013 10 13 34
3226 10 13 25
3735 10 13 19
1733 10 13 8
3361 10 14 94
1255 10 14 87
291 10 14 79
4611 10 14 67
768 10 14 57
1276 10 14 50
1472 10 14 43
4572 10 14 33
616 10 14 27
1508 10 14 19
3606 10 14 7
3253 10 16 94
188 10 16 87
265 10 16 79
315 10 16 66
1379 10 16 59
2445 10 16 51
151 10 16 42
1565 10 16 34
2381 10 16 25
3431 10 16 19
607 10 16 7
1930 11 10 94
1769 11 10 86
2272 11 10 78
2570 11 10 71
456 11 10 62
3837 11 10 52
4468 11 10 43
1867 11 10 33
3751 11 10 26
296 11 10 18
1270 11 10 12
886 11 10 2
1736 11 16 94
615 11 16 86
4529 11 16 77
3506 11 16 70
597 11 16 64
1873 11 16 54
2739 11 16 42
1275 11 16 34
1369 11 16 25
2831 11 16 19
4552 11 16 6
125 11 17 94
2576 11 17 85
666 11 17 77
2648 11 17 70
122 11 17 64
2286 11 17 53
1499 11 17 42
673 11 17 34
3046 11 17 24
407 11 17 14
4363 11 17 4
3939 11 18 93
3690 11 18 86
1828 11 18 77
2309 11 18 70
2829 11 18 63
3658 11 18 53
1045 11 18 42
558 11 18 34
870 11 18 24
3916 11 18 13
2894 11 18 6
2315 11 19 93
1902 11 19 86
1793 11 19 77
2120 11 19 70
1991 11 19 63
2359 11 19 53
659 11 19 42
4422 11 19 33
3655 11 19 26
4313 11 19 17
4653 11 19 10
3178 11 19 5
2077 12 1 93
1457 12 1 85
3193 12 1 76
3611 12 1 70
159 12 1 63
1323 12 1 53
3260 12 1 41
4564 12 1 34
490 12 1 24
3350 12 1 13
2808 12 1 6
1882 12 2 93
1395 12 2 85
2193 12 2 76
3548 12 2 70
92 12 2 63
1052 12 2 53
3092 12 2 41
4455 12 2 34
349 12 2 24
3156 12 2 13
1910 12 2 6
1483 12 4 93
903 12 4 85
4026 12 4 75
1347 12 4 69
3278 12 4 61
4703 12 4 52
2804 12 4 43
1823 12 4 33
3372 12 4 26
3952 12 4 17
4083 12 4 10
2147 12 4 5
802 12 6 93
3663 12 6 84
3700 12 6 79
1934 12 6 65
3039 12 6 58
271 12 6 50
1283 12 6 43
721 12 6 33
2177 12 6 26
1531 12 6 17
3769 12 6 10
111 12 6 5
3708 12 7 92
2936 12 7 85
1955 12 7 74
2351 12 7 63
4265 12 7 52
2245 12 7 43
464 12 7 33
1056 12 7 26
1753 12 7 16
3570 12 7 2
2539 12 8 92
2072 12 8 85
3643 12 8 73
2326 12 8 65
1222 12 8 58
4513 12 8 49
2303 12 8 43
62 12 8 33
1702 12 8 25
913 12 8 19
2564 12 8 6
1469 12 9 92
1557 12 9 85
2696 12 9 73
1743 12 9 65
2395 12 9 57
779 12 9 50
3423 12 9 42
3783 12 9 33
163 12 9 25
3541 12 9 18
1060 12 9 12
538 12 9 2
1305 12 10 92
1383 12 10 85
2695 12 10 73
1698 12 10 65
849 12 10 57
3338 12 10 49
3496 12 10 42
1568 12 10 33
3182 12 10 24
665 12 10 13
529 12 10 6
4652 12 12 91
3358 12 12 84
2935 12 12 79
1018 12 12 65
39 12 12 57
1884 12 12 48
3553 12 12 40
2520 12 12 33
1350 12 12 24
219 12 12 13
4056 12 12 5
3846 12 13 91
2275 12 13 84
2527 12 13 79
803 12 13 65
3291 12 13 56
474 12 13 49
598 12 13 42
516 12 13 33
1127 12 13 24
3991 12 13 12
440 12 13 2
3596 12 14 91
4055 12 14 83
4292 12 14 77
1339 12 14 70
1706 12 14 62
1895 12 14 52
1953 12 14 43
3817 12 14 32
4520 12 14 25
2143 12 14 18
392 12 14 12
53 12 14 2
3268 12 15 91
2852 12 15 83
2403 12 15 77
897 12 15 70
1704 12 15 62
1022 12 15 52
1846 12 15 43
2985 12 15 32
3989 12 15 25
1771 12 15 18
2921 12 15 11
3635 12 15 5
892 12 16 91
1887 12 16 83
30 12 16 77
3347 12 16 69
4220 12 16 60
3473 12 16 51
4267 12 16 41
2960 12 16 34
2244 12 16 23
3882 12 16 13
2016 12 16 5
3043 12 17 90
1337 12 17 83
4226 12 17 76
3504 12 17 70
4236 12 17 61
2124 12 17 52
309 12 17 43
1815 12 17 32
2378 12 17 25
1567 12 17 18
2595 12 17 11
2541 12 17 5
717 12 18 90
1517 12 18 82
225 12 18 77
1585 12 18 69
904 12 18 60
2656 12 18 51
4008 12 18 41
2820 12 18 34
3851 12 18 22
371 12 18 16
2323 12 18 2
3711 12 19 89
1808 12 19 80
2956 12 19 72
3513 12 19 63
2711 12 19 52
157 12 19 43
1716 12 19 32
1861 12 19 25
722 12 19 18
2376 12 19 11
1204 12 19 5
3122 13 1 89
618 13 1 80
1650 13 1 72
2933 13 1 63
120 13 1 52
2740 13 1 42
4762 13 1 32
401 13 1 25
4474 13 1 17
3236 13 1 10
76 13 1 4
1645 13 2 89
402 13 2 80
459 13 2 72
2835 13 2 63
3040 13 2 51
144 13 2 41
2000 13 2 34
3097 13 2 22
326 13 2 16
655 13 2 1
787 13 4 89
2677 13 4 79
661 13 4 65
3041 13 4 56
426 13 4 49
3825 13 4 41
1604 13 4 34
2045 13 4 22
4774 13 4 15
4637 13 4 7
2524 14 2 88
4581 14 2 77
1507 14 2 69
668 14 2 60
284 14 2 51
2137 14 2 40
317 14 2 33
1096 14 2 24
1085 14 2 12
4407 14 2 1
467 14 4 88
4402 14 4 77
2636 14 4 68
218 14 4 61
128 14 4 52
2392 14 4 42
3295 14 4 32
310 14 4 25
4398 14 4 17
3066 14 4 10
817 14 4 3
318 14 5 88
531 14 5 77
4169 14 5 67
3149 14 5 56
4175 14 5 48
2722 14 5 40
2787 14 5 32
4625 14 5 24
78 14 5 12
2569 14 5 1
4057 14 7 87
2873 14 7 78
1610 14 7 71
3449 14 7 61
3795 14 7 51
919 14 7 40
1929 14 7 32
3879 14 7 24
3874 14 7 11
974 14 7 5
2790 14 8 87
2868 14 8 78
1118 14 8 71
1745 14 8 61
3296 14 8 51
4276 14 8 39
4241 14 8 33
3740 14 8 23
3948 14 8 12
815 14 8 1
719 14 9 87
2640 14 9 78
995 14 9 71
816 14 9 61
2073 14 9 51
4517 14 9 38
4357 14 9 30
932 14 9 21
1274 14 9 11
3773 14 9 4
38 14 10 87
2086 14 10 78
472 14 10 71
176 14 10 61
4447 14 10 50
1691 14 10 42
1370 14 10 32
3695 14 10 24
2880 14 10 11
1516 14 10 4
3717 14 12 86
1445 14 12 77
2959 14 12 67
2916 14 12 56
3497 14 12 48
2263 14 12 40
1055 14 12 32
1896 14 12 24
4664 14 12 10
528 14 12 3
3647 14 13 86
1438 14 13 77
2731 14 13 67
3626 14 13 55
513 14 13 47
1087 14 13 41
1168 14 13 34
1820 14 13 22
4534 14 13 15
2252 14 13 7
1662 14 15 86
4419 14 15 76
2187 14 15 70
2228 14 15 61
4014 14 15 50
1432 14 15 42
4040 14 15 31
3697 14 15 22
4243 14 15 15
2133 14 15 7
1110 14 17 86
2105 14 17 76
730 14 17 70
834 14 17 61
2705 14 17 50
399 14 17 42
1631 14 17 31
2324 14 17 22
2925 14 17 15
1774 14 17 7
4178 14 18 85
2620 14 18 73
1636 14 18 65
1394 14 18 56
3294 14 18 48
704 14 18 40
3953 14 18 31
4154 14 18 21
1169 14 18 11
3453 14 18 3
172 14 19 85
1854 14 19 73
603 14 19 65
4467 14 19 55
4082 14 19 46
1906 14 19 40
2638 14 19 31
4101 14 19 21
178 14 19 11
2961 14 19 3
4337 15 0 83
4182 15 0 76
4501 15 0 69
4103 15 0 59
1536 15 0 51
3224 15 0 38
2603 15 0 30
142 15 0 21
1863 15 0 10
114 15 0 3
3729 15 1 83
3568 15 1 76
4376 15 1 68
1510 15 1 60
4088 15 1 50
2055 15 1 41
242 15 1 34
1361 15 1 21
4188 15 1 9
458 15 2 83
2200 15 2 76
2845 15 2 68
1328 15 2 60
1153 15 2 50
1944 15 2 41
2642 15 2 33
3632 15 2 23
896 15 2 11
2545 15 2 3
369 15 9 82
4461 15 9 76
1983 15 9 68
868 15 9 60
629 15 9 50
277 15 9 41
2529 15 9 33
3152 15 9 23
4341 15 9 10
3287 15 9 2
1464 15 10 81
605 15 10 70
609 15 10 60
58 15 10 50
4231 15 10 40
414 15 10 31
2953 15 10 21
3982 15 10 9
3538 15 12 80
3856 15 12 71
97 15 12 61
3387 15 12 49
3191 15 12 41
2196 15 12 33
2662 15 12 23
3620 15 12 10
2428 15 12 2
2718 15 13 80
1883 15 13 71
3602 15 13 60
3820 15 13 49
2940 15 13 41
2036 15 13 33
3811 15 13 22
2762 15 13 15
1773 15 13 7
3574 16 0 79
2366 16 0 64
3924 16 0 52
1654 16 0 42
281 16 0 31
2091 16 0 21
3595 16 0 9
943 16 4 79
1102 16 4 62
4281 16 4 51
1265 16 4 38
2601 16 4 30
2877 16 4 20
862 16 4 12
2526 16 4 3
2587 16 5 78
4533 16 5 70
162 16 5 60
2029 16 5 49
1049 16 5 41
3840 16 5 32
925 16 5 24
2276 16 5 9
1956 16 6 75
4279 16 6 68
4732 16 6 59
1120 16 6 51
4213 16 6 37
3381 16 6 29
3745 16 6 19
876 16 6 6
4766 16 7 74
1140 16 7 63
324 16 7 51
3493 16 7 37
1228 16 7 29
2585 16 7 19
44 16 7 6
1174 16 9 61
877 16 9 49
544 16 9 41
2747 16 9 32
2781 16 9 23
3590 16 9 10
1579 16 9 2
3302 16 10 93
1670 16 10 84
1742 16 10 79
279 16 10 62
3987 16 10 51
3476 16 10 37
720 16 10 29
2368 16 10 19
3710 16 10 5
2174 16 12 93
34 16 12 84
912 16 12 79
179 16 12 62
3748 16 12 51
3299 16 12 37
4750 16 12 28
2663 16 12 19
3060 16 12 4
1356 16 13 93
21 16 13 84
3315 16 13 78
2400 16 13 70
4726 16 13 59
1091 16 13 51
1767 16 13 37
2793 16 13 28
1198 16 13 19
2978 16 13 4
1074 16 15 93
4214 16 15 83
3990 16 15 75
2317 16 15 68
3589 16 15 59
647 16 15 51
73 16 15 37
3646 16 15 27
4493 16 15 18
1010 16 15 11
2038 16 15 3
2167 16 16 92
2 16 16 85
1594 16 16 73
3346 16 16 64
3805 16 16 52
1410 16 16 42
4212 16 16 30
1826 16 16 20
806 16 16 12
1601 16 16 3
1751 16 17 92
3734 16 17 84
3263 16 17 78
2119 16 17 70
3133 16 17 59
2928 16 17 50
3369 16 17 40
4035 16 17 30
1015 16 17 20
794 16 17 12
1324 16 17 3
1633 16 18 92
2224 16 18 84
2976 16 18 78
1642 16 18 70
4746 16 18 58
4006 16 18 49
437 16 18 41
2571 16 18 32
1916 16 18 23
1721 16 18 9
3342 16 19 91
1441 16 19 83
3902 16 19 75
2258 16 19 68
3298 16 19 59
2139 16 19 50
1423 16 19 39
2079 16 19 33
2505 16 19 22
2207 16 19 15
916 16 19 7
3237 17 0 91
682 17 0 83
2654 17 0 75
28 17 0 68
3212 17 0 59
1795 17 0 50
419 17 0 39
696 17 0 33
543 17 0 22
1143 17 0 15
523 17 0 6
2577 17 2 91
681 17 2 83
564 17 2 75
3818 17 2 67
3486 17 2 55
3961 17 2 46
1124 17 2 40
3615 17 2 30
819 17 2 20
748 17 2 12
984 17 2 3
2204 17 4 91
339 17 4 83
215 17 4 75
2158 17 4 67
2334 17 4 55
3375 17 4 46
860 17 4 40
2996 17 4 30
473 17 4 20
697 17 4 12
206 17 4 2
2100 17 5 91
246 17 5 83
4034 17 5 74
883 17 5 63
4010 17 5 50
65 17 5 39
4375 17 5 32
757 17 5 23
3076 17 5 8
1430 17 6 91
4633 17 6 82
1761 17 6 76
1656 17 6 68
2218 17 6 59
4432 17 6 49
85 17 6 41
578 17 6 32
3913 17 6 22
205 17 6 15
4316 17 6 5
3063 17 10 90
643 17 10 82
946 17 10 76
1219 17 10 68
584 17 10 59
4400 17 10 49
4098 17 10 40
1433 17 10 30
394 17 10 20
532 17 10 12
3566 17 10 1
586 17 12 90
3792 17 12 81
460 17 12 70
2454 17 12 58
2035 17 12 49
3410 17 12 40
936 17 12 30
4686 17 12 19
2468 17 12 4
3246 17 13 89
1762 17 13 79
4492 17 13 61
3929 17 13 47
388 17 13 41
3176 17 13 31
1788 17 13 21
3518 17 13 9
2209 17 15 89
4602 17 15 78
2757 17 15 69
3322 17 15 59
2388 17 15 49
680 17 15 40
2915 17 15 29
1131 17 15 17
1144 17 15 10
808 17 15 2
4594 17 16 88
406 17 16 77
2429 17 16 67
1872 17 16 55
2661 17 16 46
2657 17 16 39
4099 17 16 32
1534 17 16 21
2538 17 16 9
2110 17 17 88
4412 17 17 76
906 17 17 68
4427 17 17 58
4593 17 17 48
4641 17 17 39
3847 17 17 32
2854 17 17 20
3966 17 17 11
2134 17 17 1
4604 17 18 87
4675 17 18 77
4235 17 18 66
195 17 18 59
1571 17 18 49
355 17 18 40
1205 17 18 29
4414 17 18 16
2669 17 18 5
3024 17 19 87
2604 17 19 77
3206 17 19 66
2168 17 19 58
4315 17 19 48
3005 17 19 39
4569 17 19 31
4740 17 19 20
3612 17 19 11
2881 17 19 1
1623 18 0 87
2230 18 0 77
3981 18 0 65
2815 18 0 55
935 18 0 46
2476 18 0 39
4031 18 0 31
2387 18 0 20
3112 18 0 11
1548 18 0 1
581 18 2 87
82 18 2 77
3426 18 2 65
2517 18 2 55
2991 18 2 45
3225 18 2 34
654 18 2 21
2384 18 2 9
3042 18 6 86
60 18 6 76
496 18 6 68
3153 18 6 58
3356 18 6 48
2565 18 6 39
3576 18 6 31
2180 18 6 19
1714 18 6 4
1874 18 8 86
4691 18 8 75
4415 18 8 66
1681 18 8 58
1999 18 8 48
1913 18 8 39
1967 18 8 31
942 18 8 19
1542 18 8 4
4332 19 0 85
836 19 0 72
1890 19 0 63
1456 19 0 50
2069 19 0 38
1787 19 0 30
4503 19 0 19
482 19 0 4
2774 19 2 85
421 19 2 72
1622 19 2 63
4721 19 2 49
3599 19 2 39
4654 19 2 30
3270 19 2 19
3752 19 2 3
911 19 3 85
50 19 3 72
323 19 3 63
4576 19 3 49
3379 19 3 39
2024 19 3 30
1824 19 3 19
2891 19 3 3
4758 19 4 84
2463 19 4 78
2567 19 4 69
3157 19 4 59
4091 19 4 48
1886 19 4 39
1399 19 4 30
441 19 4 19
4436 19 4 2
1869 19 5 84
928 19 5 78
4147 19 5 68
1648 19 5 58
4463 19 5 47
361 19 5 41
1597 19 5 31
1850 19 5 18
864 19 5 11
1747 19 6 84
4531 19 6 77
2998 19 6 65
1664 19 6 55
2015 19 6 45
3222 19 6 34
1467 19 6 19
3709 19 6 1
1996 19 8 83
3889 19 8 74
760 19 8 63
1191 19 8 49
3289 19 8 39
1004 19 8 30
1215 19 8 18
4310 19 8 10
2189 19 9 82
894 19 9 76
260 19 9 68
502 19 9 58
3549 19 9 47
3061 19 9 40
550 19 9 29
1871 19 9 16
1739 19 9 5
1512 19 10 82
2362 19 10 75
4349 19 10 66
884 19 10 58
2812 19 10 47
2926 19 10 40
1853 19 10 28
1024 19 10 19
1728 19 10 1
638 19 11 82
2285 19 11 75
4161 19 11 66
703 19 11 58
1447 19 11 47
2841 19 11 40
2775 19 11 27
3121 19 11 18
3768 19 11 10
3252 19 12 81
1271 19 12 69
3604 19 12 58
4439 19 12 45
1418 19 12 34
231 19 12 19
2264 19 12 10
3234 19 13 81
3344 19 13 68
121 19 13 58
4194 19 13 45
400 19 13 34
4303 19 13 18
4404 19 13 9
110 19 14 80
3821 19 14 70
969 19 14 58
2639 19 14 45
3648 19 14 33
4283 19 14 21
1620 19 14 9
308 19 15 79
3144 19 15 61
3678 19 15 46
2171 19 15 39
191 19 15 30
752 19 15 18
3862 19 15 9
3964 19 16 78
4128 19 16 68
4480 19 16 57
74 19 16 48
1855 19 16 39
3395 19 16 29
2715 19 16 15
1424 19 16 5
1750 19 17 77
4077 19 17 64
174 19 17 52
588 19 17 42
3158 19 17 30
454 19 17 18
3814 19 17 9
498 19 18 77
3947 19 18 64
4643 19 18 51
4693 19 18 36
1696 19 18 25
3980 19 18 17
3016 19 18 9
1194 19 19 72
3932 19 19 61
592 19 19 46
4100 19 19 38
1384 19 19 30
2146 19 19 17
2964 19 19 9
