2753
4068 0 0 97
2484 0 0 95
4117 0 0 91
2736 0 0 89
677 0 0 87
4995 0 0 84
5209 0 0 80
2008 0 0 77
2130 0 0 75
5172 0 0 73
2028 0 0 71
1524 0 0 67
3315 0 0 65
716 0 0 62
5600 0 0 59
5065 0 0 56
2186 0 0 53
5367 0 0 50
4886 0 0 48
4750 0 0 45
3488 0 0 43
5193 0 0 41
1148 0 0 38
4011 0 0 35
4591 0 0 32
5399 0 0 29
5553 0 0 26
3986 0 0 23
4810 0 0 20
5531 0 0 18
5164 0 0 14
5096 0 0 11
2475 0 0 8
839 0 0 4
4103 0 0 2
2823 0 1 97
525 0 1 94
3290 0 1 91
1979 0 1 89
280 0 1 86
1811 0 1 84
4175 0 1 80
4913 0 1 75
306 0 1 72
2242 0 1 70
3749 0 1 67
2687 0 1 65
3490 0 1 61
2016 0 1 59
4359 0 1 56
5423 0 1 52
1692 0 1 50
3415 0 1 48
3821 0 1 45
1770 0 1 42
4852 0 1 38
3501 0 1 35
2348 0 1 32
3510 0 1 29
2605 0 1 26
2579 0 1 23
1424 0 1 20
3196 0 1 17
4847 0 1 13
3927 0 1 10
1655 0 1 7
4480 0 1 3
2040 0 2 97
717 0 2 93
5035 0 2 90
2183 0 2 87
3152 0 2 84
637 0 2 80
2842 0 2 75
2975 0 2 71
385 0 2 67
1130 0 2 64
4118 0 2 61
1457 0 2 59
1481 0 2 56
177 0 2 52
554 0 2 49
907 0 2 45
1187 0 2 42
4254 0 2 38
5319 0 2 34
3285 0 2 31
5116 0 2 28
5063 0 2 26
2354 0 2 23
1100 0 2 20
2384 0 2 17
3458 0 2 13
3166 0 2 10
5320 0 2 6
5450 0 2 2
1358 0 3 97
225 0 3 93
5382 0 3 89
634 0 3 85
4281 0 3 83
4966 0 3 80
5669 0 3 74
3770 0 3 71
3671 0 3 66
2800 0 3 63
3625 0 3 61
786 0 3 59
679 0 3 56
5452 0 3 51
2665 0 3 49
5315 0 3 43
3513 0 3 41
4869 0 3 37
2784 0 3 35
4933 0 3 31
5389 0 3 27
2758 0 3 24
3654 0 3 21
3637 0 3 17
1164 0 3 13
1983 0 3 10
4887 0 3 6
5288 0 3 2
5492 0 4 96
940 0 4 93
4659 0 4 89
5479 0 4 84
3864 0 4 79
5393 0 4 75
2283 0 4 71
2834 0 4 66
1543 0 4 63
291 0 4 60
1760 0 4 57
3972 0 4 54
883 0 4 52
4773 0 4 48
1930 0 4 45
5100 0 4 41
3818 0 4 37
4345 0 4 33
5366 0 4 29
881 0 4 26
4872 0 4 22
2770 0 4 20
1345 0 4 16
3763 0 4 12
3820 0 4 9
5674 0 4 6
5155 0 4 2
3164 0 5 96
4760 0 5 92
3463 0 5 89
5470 0 5 84
205 0 5 79
3787 0 5 75
483 0 5 71
2451 0 5 66
311 0 5 63
5081 0 5 59
2776 0 5 55
5426 0 5 52
741 0 5 48
819 0 5 45
509 0 5 41
3678 0 5 37
3402 0 5 33
1710 0 5 29
4446 0 5 25
3741 0 5 23
987 0 5 20
5455 0 5 15
4952 0 5 12
3484 0 5 9
5538 0 5 6
3035 0 5 2
2443 0 6 96
2578 0 6 92
2388 0 6 89
1091 0 6 84
1991 0 6 78
5510 0 6 76
4454 0 6 72
4685 0 6 69
5127 0 6 66
4137 0 6 61
1963 0 6 58
160 0 6 56
4441 0 6 51
1287 0 6 48
5583 0 6 44
1831 0 6 41
1449 0 6 37
2883 0 6 33
1177 0 6 29
4100 0 6 25
3140 0 6 23
4145 0 6 19
2554 0 6 17
4662 0 6 12
482 0 6 8
4106 0 6 3
1805 0 7 96
5360 0 7 91
3138 0 7 88
4986 0 7 86
4961 0 7 83
4737 0 7 80
3934 0 7 74
2832 0 7 71
187 0 7 66
1585 0 7 61
2565 0 7 57
360 0 7 54
256 0 7 51
4494 0 7 47
4764 0 7 45
350 0 7 41
229 0 7 37
4616 0 7 32
268 0 7 29
3430 0 7 24
1803 0 7 21
3158 0 7 17
3366 0 7 12
5601 0 7 7
3355 0 7 3
272 0 8 96
5278 0 8 91
2635 0 8 88
2613 0 8 85
5515 0 8 81
1905 0 8 78
3435 0 8 76
5018 0 8 71
4135 0 8 65
462 0 8 61
2533 0 8 57
869 0 8 52
3438 0 8 47
4717 0 8 44
302 0 8 41
3928 0 8 36
2852 0 8 34
1002 0 8 31
1359 0 8 27
2138 0 8 23
2133 0 8 19
5029 0 8 16
5504 0 8 11
4163 0 8 6
1570 0 8 2
206 0 9 96
4392 0 9 91
2109 0 9 87
2697 0 9 83
4578 0 9 79
4841 0 9 74
690 0 9 71
3772 0 9 65
4962 0 9 60
2111 0 9 56
1203 0 9 51
3311 0 9 47
1180 0 9 44
4048 0 9 39
1128 0 9 36
4807 0 9 33
140 0 9 29
2912 0 9 23
5145 0 9 18
1659 0 9 13
827 0 9 10
1026 0 9 6
4884 0 9 1
3931 0 10 95
1132 0 10 91
5542 0 10 86
2362 0 10 83
3423 0 10 79
1502 0 10 74
3142 0 10 70
1356 0 10 67
5104 0 10 63
4670 0 10 59
1695 0 10 54
3310 0 10 50
5061 0 10 46
3601 0 10 43
3985 0 10 40
450 0 10 38
4523 0 10 34
4552 0 10 30
4684 0 10 27
5004 0 10 22
2780 0 10 19
3540 0 10 16
5228 0 10 11
3034 0 10 6
4763 0 10 1
2677 0 11 95
860 0 11 91
4423 0 11 86
751 0 11 83
2538 0 11 79
1295 0 11 74
5642 0 11 69
3502 0 11 66
492 0 11 61
2469 0 11 57
5529 0 11 51
1452 0 11 47
4877 0 11 43
1735 0 11 40
5590 0 11 36
1725 0 11 33
5323 0 11 28
2041 0 11 25
1683 0 11 21
3150 0 11 17
1398 0 11 12
5359 0 11 7
2610 0 11 3
2431 0 12 95
633 0 12 91
2888 0 12 86
620 0 12 83
202 0 12 79
250 0 12 74
4722 0 12 68
3721 0 12 66
5336 0 12 60
1472 0 12 56
431 0 12 51
523 0 12 47
2082 0 12 43
4338 0 12 39
4055 0 12 35
4618 0 12 31
4450 0 12 26
1919 0 12 22
2684 0 12 19
2159 0 12 16
4407 0 12 11
1657 0 12 6
1456 0 12 1
4716 0 13 94
3610 0 13 90
18 0 13 86
1507 0 13 82
4287 0 13 78
4606 0 13 74
3589 0 13 68
5476 0 13 65
3205 0 13 60
882 0 13 56
4230 0 13 49
3964 0 13 43
2977 0 13 39
3557 0 13 35
3104 0 13 31
4157 0 13 26
1383 0 13 22
28 0 13 18
2985 0 13 12
3585 0 13 7
5248 0 13 2
2990 0 14 94
2350 0 14 90
5401 0 14 85
696 0 14 81
278 0 14 78
1893 0 14 74
3155 0 14 68
4753 0 14 65
3186 0 14 60
4879 0 14 55
408 0 14 51
4901 0 14 46
757 0 14 43
2121 0 14 39
1835 0 14 35
2409 0 14 31
2536 0 14 26
1275 0 14 22
4237 0 14 17
4909 0 14 11
421 0 14 6
5524 0 14 2
2799 0 15 94
1034 0 15 90
2261 0 15 85
182 0 15 81
4813 0 15 77
4168 0 15 74
3481 0 15 67
1868 0 15 63
4563 0 15 59
1560 0 15 54
5285 0 15 49
3314 0 15 43
2057 0 15 39
3209 0 15 34
4385 0 15 30
596 0 15 27
2256 0 15 22
2031 0 15 17
4596 0 15 11
4504 0 15 5
3867 0 15 2
1027 0 16 94
5293 0 16 89
1019 0 16 84
1003 0 16 78
1733 0 16 74
2904 0 16 67
1086 0 16 63
2618 0 16 59
1420 0 16 54
3894 0 16 48
5339 0 16 44
3037 0 16 39
2589 0 16 34
4369 0 16 30
4605 0 16 26
4053 0 16 21
4057 0 16 16
4014 0 16 11
4220 0 16 5
4154 0 16 1
613 0 17 94
4522 0 17 89
804 0 17 84
536 0 17 78
5474 0 17 73
3842 0 17 70
3139 0 17 66
3541 0 17 60
3761 0 17 55
166 0 17 51
4377 0 17 46
1242 0 17 42
3921 0 17 38
4113 0 17 34
4038 0 17 30
2503 0 17 26
3989 0 17 21
1536 0 17 16
3055 0 17 11
4019 0 17 5
3246 0 17 1
4002 0 18 93
4625 0 18 89
5211 0 18 83
19 0 18 79
5588 0 18 73
5646 0 18 69
2604 0 18 66
672 0 18 60
5640 0 18 54
3731 0 18 48
4823 0 18 44
2548 0 18 39
801 0 18 34
3232 0 18 30
1291 0 18 26
3925 0 18 21
729 0 18 16
3022 0 18 11
3802 0 18 5
1428 0 18 1
562 0 19 93
4425 0 19 89
3900 0 19 83
3973 0 19 78
1339 0 19 73
4979 0 19 69
2164 0 19 66
5369 0 19 59
1048 0 19 54
3059 0 19 48
2984 0 19 43
300 0 19 39
5197 0 19 33
4691 0 19 28
945 0 19 25
4888 0 19 20
793 0 19 15
1049 0 19 12
2965 0 19 7
4896 0 19 2
5513 2 1 92
1276 2 1 88
406 2 1 85
5254 2 1 80
3026 2 1 74
2303 2 1 67
433 2 1 63
781 2 1 59
4525 2 1 53
2745 2 1 50
4628 2 1 46
3586 2 1 41
1729 2 1 36
2909 2 1 31
2226 2 1 26
2709 2 1 21
2809 2 1 15
3826 2 1 11
3582 2 1 5
1066 2 1 1
5225 2 4 92
503 2 4 88
4809 2 4 84
1673 2 4 77
1127 2 4 74
937 2 4 67
3453 2 4 62
4325 2 4 59
2779 2 4 53
1228 2 4 50
851 2 4 46
1258 2 4 41
1504 2 4 36
1772 2 4 31
749 2 4 26
1639 2 4 21
2691 2 4 15
1902 2 4 11
3015 2 4 5
266 2 4 1
4227 2 6 92
5556 2 6 87
622 2 6 83
1685 2 6 78
5255 2 6 72
2929 2 6 69
1654 2 6 66
4927 2 6 59
699 2 6 53
101 2 6 50
602 2 6 46
5585 2 6 40
4424 2 6 36
1616 2 6 31
4030 2 6 25
2385 2 6 20
4665 2 6 14
1950 2 6 11
2894 2 6 5
2629 2 6 2
2939 2 8 92
5485 2 8 87
296 2 8 83
1665 2 8 78
5126 2 8 72
1158 2 8 69
4968 2 8 65
1470 2 8 60
4153 2 8 54
2459 2 8 48
1579 2 8 43
5696 2 8 38
1719 2 8 34
193 2 8 30
5235 2 8 25
1509 2 8 20
3662 2 8 14
404 2 8 11
2334 2 8 5
2274 2 8 2
2153 2 9 92
4235 2 9 87
36 2 9 83
5207 2 9 77
1534 2 9 73
3943 2 9 69
3436 2 9 65
1046 2 9 60
480 2 9 54
1592 2 9 48
863 2 9 43
5239 2 9 38
668 2 9 34
5577 2 9 29
3825 2 9 22
1 2 9 17
2899 2 9 11
1494 2 9 5
4602 2 9 1
864 2 10 92
2234 2 10 86
3631 2 10 81
4342 2 10 77
459 2 10 73
3497 2 10 69
3101 2 10 65
247 2 10 60
248 2 10 54
1176 2 10 48
4996 2 10 42
3319 2 10 38
5516 2 10 33
1479 2 10 28
308 2 10 24
1035 2 10 20
548 2 10 14
4640 2 10 10
321 2 10 6
2400 2 10 1
3875 2 12 91
1491 2 12 86
2820 2 12 81
1269 2 12 77
5008 2 12 72
789 2 12 69
4361 2 12 64
2761 2 12 61
564 2 12 57
3653 2 12 51
3507 2 12 46
4305 2 12 40
4251 2 12 36
5520 2 12 30
4473 2 12 25
920 2 12 20
439 2 12 14
4611 2 12 10
5567 2 12 5
2987 2 13 91
4907 2 13 85
4159 2 13 80
4317 2 13 73
2081 2 13 69
4308 2 13 64
5016 2 13 60
5304 2 13 53
4460 2 13 49
3229 2 13 43
4433 2 13 38
4036 2 13 33
3113 2 13 27
1850 2 13 22
5562 2 13 16
4456 2 13 10
4349 2 13 5
5052 2 14 90
1414 2 14 85
5629 2 14 79
3114 2 14 73
4044 2 14 68
3031 2 14 65
4890 2 14 59
427 2 14 53
2122 2 14 49
5641 2 14 42
2930 2 14 38
438 2 14 33
3050 2 14 27
1307 2 14 22
2614 2 14 16
3703 2 14 9
1122 2 14 6
2798 2 16 90
1082 2 16 85
3441 2 16 79
1079 2 16 73
1756 2 16 67
3338 2 16 62
4225 2 16 59
48 2 16 53
1475 2 16 49
3300 2 16 42
2230 2 16 38
3401 2 16 32
3753 2 16 28
5417 2 16 23
1413 2 16 18
1815 2 16 12
1489 2 16 7
5693 2 16 1
5335 2 17 89
5521 2 17 82
1386 2 17 78
4521 2 17 72
293 2 17 69
3266 2 17 64
4902 2 17 60
5152 2 17 53
5243 2 17 48
1037 2 17 42
5527 2 17 37
4562 2 17 32
1476 2 17 28
2312 2 17 23
4973 2 17 17
294 2 17 11
428 2 17 5
5138 2 18 89
5378 2 18 82
1155 2 18 78
1965 2 18 72
4442 2 18 68
2184 2 18 65
4704 2 18 59
4631 2 18 52
2893 2 18 47
1229 2 18 43
3078 2 18 38
351 2 18 32
1199 2 18 28
3773 2 18 22
2488 2 18 16
1968 2 18 9
705 2 18 6
4322 2 19 89
5111 2 19 82
629 2 19 78
1445 2 19 72
3581 2 19 68
5357 2 19 64
4282 2 19 59
848 2 19 52
2534 2 19 46
3812 2 19 40
3696 2 19 36
5468 2 19 30
1799 2 19 25
3542 2 19 19
1987 2 19 16
1667 2 19 9
5413 2 19 5
791 3 1 89
4437 3 1 82
5203 3 1 77
1828 3 1 72
1915 3 1 68
4147 3 1 64
3651 3 1 59
239 3 1 52
2240 3 1 46
2185 3 1 40
3500 3 1 36
5036 3 1 30
5181 3 1 24
4835 3 1 19
1674 3 1 16
5212 3 1 8
4026 3 1 3
474 3 2 89
4149 3 2 82
4101 3 2 76
3124 3 2 71
3282 3 2 65
4465 3 2 59
11 3 2 52
1515 3 2 46
3539 3 2 39
5077 3 2 33
2973 3 2 27
4419 3 2 21
1731 3 2 15
316 3 2 11
100 3 2 5
30 3 3 89
2414 3 3 82
3933 3 3 76
2458 3 3 71
3156 3 3 65
1399 3 3 59
4899 3 3 51
2644 3 3 46
2491 3 3 39
3892 3 3 33
2321 3 3 27
4174 3 3 21
2968 3 3 14
2881 3 3 10
3871 3 3 5
4598 3 4 88
4508 3 4 84
1303 3 4 77
844 3 4 72
4422 3 4 67
2179 3 4 62
521 3 4 59
3038 3 4 51
1573 3 4 46
1615 3 4 39
3336 3 4 33
1077 3 4 27
2959 3 4 21
2366 3 4 14
2012 3 4 10
2733 3 4 5
3370 3 6 88
3860 3 6 84
4934 3 6 76
4630 3 6 70
1747 3 6 66
4912 3 6 59
2639 3 6 51
1538 3 6 46
5237 3 6 38
96 3 6 32
1123 3 6 28
3607 3 6 22
1483 3 6 16
5080 3 6 8
1440 3 6 3
13 3 8 88
3273 3 8 84
4366 3 8 76
4395 3 8 70
1368 3 8 66
2871 3 8 59
2039 3 8 51
5614 3 8 45
5407 3 8 40
2147 3 8 36
4253 3 8 30
4380 3 8 24
4222 3 8 19
2192 3 8 14
5565 3 8 9
4536 3 8 5
4316 3 9 87
5587 3 9 82
3431 3 9 76
3204 3 9 70
5272 3 9 65
5380 3 9 58
2428 3 9 55
5191 3 9 50
3226 3 9 45
3611 3 9 40
1602 3 9 36
2559 3 9 30
4049 3 9 24
3622 3 9 19
1407 3 9 14
5190 3 9 9
3344 3 9 5
4142 3 10 87
4673 3 10 82
3412 3 10 76
2958 3 10 70
3876 3 10 65
5084 3 10 58
2410 3 10 55
2025 3 10 50
3214 3 10 45
797 3 10 40
103 3 10 36
2076 3 10 30
3283 3 10 24
2918 3 10 19
5370 3 10 13
5067 3 10 9
685 3 10 5
3224 3 12 87
2962 3 12 82
2300 3 12 76
2817 3 12 70
3163 3 12 65
3605 3 12 58
1117 3 12 55
5552 3 12 49
2844 3 12 42
2953 3 12 37
1084 3 12 32
490 3 12 28
3442 3 12 22
934 3 12 16
4826 3 12 8
1036 3 12 3
603 3 13 87
1834 3 13 82
424 3 13 76
2045 3 13 70
5454 3 13 64
1643 3 13 59
1514 3 13 51
5566 3 13 45
5242 3 13 39
3304 3 13 33
4700 3 13 26
116 3 13 21
1200 3 13 14
4983 3 13 9
333 3 13 5
4528 3 14 86
1935 3 14 81
948 3 14 77
5073 3 14 71
2286 3 14 65
2828 3 14 58
1555 3 14 54
4094 3 14 47
1114 3 14 43
1195 3 14 38
5421 3 14 31
3543 3 14 25
2553 3 14 19
3449 3 14 13
1471 3 14 9
3783 3 14 4
2999 3 16 86
3907 3 16 80
4312 3 16 73
1297 3 16 67
1722 3 16 62
5167 3 16 58
4013 3 16 53
4982 3 16 48
834 3 16 42
2204 3 16 37
97 3 16 32
2991 3 16 27
3743 3 16 20
5656 3 16 13
5478 3 16 8
326 3 16 3
2429 3 17 86
3236 3 17 80
3690 3 17 73
1186 3 17 67
5133 3 17 61
5592 3 17 56
2430 3 17 49
1231 3 17 42
773 3 17 37
4785 3 17 31
2524 3 17 25
1788 3 17 19
2864 3 17 13
4540 3 17 8
2694 3 17 2
1946 3 18 86
3220 3 18 80
2269 3 18 73
403 3 18 67
4589 3 18 61
5213 3 18 56
261 3 18 49
840 3 18 42
506 3 18 37
3097 3 18 31
478 3 18 25
3819 3 18 18
1018 3 18 12
631 3 18 7
4306 3 19 85
2544 3 19 79
5147 3 19 72
3485 3 19 67
2145 3 19 61
4831 3 19 56
1144 3 19 48
5099 3 19 41
850 3 19 36
1876 3 19 30
1924 3 19 24
2421 3 19 19
1404 3 19 13
3708 3 19 7
961 4 1 85
2155 4 1 79
3316 4 1 72
2448 4 1 67
5157 4 1 60
4334 4 1 53
2236 4 1 48
4825 4 1 41
4381 4 1 35
79 4 1 31
415 4 1 25
3045 4 1 18
588 4 1 12
4943 4 1 6
5668 4 2 84
4330 4 2 76
1547 4 2 70
4676 4 2 64
4389 4 2 58
3306 4 2 53
1691 4 2 48
4105 4 2 41
2876 4 2 35
5607 4 2 30
950 4 2 24
3764 4 2 18
5383 4 2 11
4258 4 2 4
5163 4 3 84
3702 4 3 76
543 4 3 70
4666 4 3 64
4341 4 3 58
4627 4 3 52
5626 4 3 45
4832 4 3 39
1730 4 3 33
3181 4 3 26
5457 4 3 20
4788 4 3 13
2831 4 3 7
3544 4 4 83
570 4 4 77
4532 4 4 71
299 4 4 65
2103 4 4 58
4350 4 4 52
4397 4 4 45
4804 4 4 39
5633 4 4 32
2563 4 4 27
3403 4 4 20
3891 4 4 13
2344 4 4 7
3834 4 12 80
442 4 12 73
5508 4 12 66
1740 4 12 59
1136 4 12 51
4577 4 12 45
2341 4 12 39
4447 4 12 32
2526 4 12 27
3297 4 12 20
5595 4 12 12
4232 4 12 6
868 4 16 80
65 4 16 73
5447 4 16 66
4928 4 16 58
3868 4 16 52
4162 4 16 45
2002 4 16 39
4271 4 16 32
1884 4 16 27
2576 4 16 20
3630 4 16 12
3729 4 16 6
2923 5 4 79
2402 5 4 72
756 5 4 67
5097 5 4 60
880 5 4 53
1296 5 4 48
3327 5 4 41
61 5 4 35
719 5 4 30
5042 5 4 23
4811 5 4 17
4679 5 4 10
2626 5 4 5
1553 5 6 76
5481 5 6 69
989 5 6 64
4129 5 6 58
3064 5 6 52
3454 5 6 45
1058 5 6 39
4003 5 6 32
1604 5 6 27
2011 5 6 20
3341 5 6 12
3210 5 6 6
2856 5 8 74
24 5 8 67
3450 5 8 60
747 5 8 53
3002 5 8 47
645 5 8 43
1087 5 8 38
4693 5 8 31
3185 5 8 24
423 5 8 18
4728 5 8 11
2824 5 8 4
3538 5 10 72
4861 5 10 66
4114 5 10 58
4462 5 10 51
4510 5 10 45
735 5 10 39
3652 5 10 32
1448 5 10 27
1727 5 10 20
1664 5 10 12
2924 5 10 6
2830 5 12 72
4186 5 12 66
3924 5 12 58
4214 5 12 51
2466 5 12 45
498 5 12 39
1313 5 12 32
1220 5 12 27
342 5 12 20
1209 5 12 12
1171 5 12 6
1666 5 14 72
3996 5 14 66
3377 5 14 58
3399 5 14 51
1511 5 14 45
38 5 14 39
576 5 14 32
5509 5 14 26
4949 5 14 20
53 5 14 12
967 5 14 6
496 5 15 72
3698 5 15 66
5291 5 15 57
1955 5 15 51
5451 5 15 44
1381 5 15 39
4923 5 15 31
3062 5 15 24
3971 5 15 17
1878 5 15 10
1678 5 15 5
3679 5 16 69
5250 5 16 63
71 5 16 59
501 5 16 51
4178 5 16 44
5603 5 16 38
3649 5 16 31
3011 5 16 24
1405 5 16 17
665 5 16 10
5048 5 16 4
5330 5 18 96
2345 5 18 91
1584 5 18 85
5622 5 18 78
487 5 18 72
3357 5 18 66
4791 5 18 57
4208 5 18 50
2195 5 18 45
5632 5 18 38
537 5 18 31
2361 5 18 24
3754 5 18 16
3626 5 18 8
2611 5 18 2
2110 5 19 96
1823 5 19 91
5624 5 19 84
2574 5 19 76
1914 5 19 69
4356 5 19 63
4731 5 19 58
1973 5 19 51
2922 5 19 44
5546 5 19 38
353 5 19 31
1599 5 19 24
3071 5 19 16
2866 5 19 8
520 5 19 2
643 6 0 96
1235 6 0 91
4166 6 0 84
2438 6 0 76
923 6 0 69
2921 6 0 63
4329 6 0 58
1786 6 0 51
2479 6 0 44
4547 6 0 38
171 6 0 31
1342 6 0 24
2260 6 0 16
2646 6 0 8
400 6 0 2
5134 6 1 95
4595 6 1 90
4658 6 1 84
1696 6 1 76
824 6 1 69
1033 6 1 63
2070 6 1 58
1703 6 1 51
2141 6 1 44
1837 6 1 38
3354 6 1 30
3713 6 1 23
2826 6 1 17
121 6 1 10
4768 6 1 4
4418 6 2 95
4493 6 2 90
4511 6 2 84
1157 6 2 76
5483 6 2 68
3162 6 2 64
3077 6 2 58
1441 6 2 51
1329 6 2 44
1125 6 2 38
3326 6 2 30
1765 6 2 23
918 6 2 17
5009 6 2 9
3255 6 2 4
3953 6 3 95
4492 6 3 90
4158 6 3 84
913 6 3 76
4398 6 3 68
3079 6 3 64
2570 6 3 58
5411 6 3 50
1193 6 3 45
4656 6 3 38
4517 6 3 29
1548 6 3 22
891 6 3 16
2324 6 3 8
3555 6 3 1
2717 6 4 95
2522 6 4 90
2320 6 4 84
2295 6 4 75
5484 6 4 70
4165 6 4 64
347 6 4 58
4871 6 4 50
915 6 4 45
1059 6 4 38
3272 6 4 29
555 6 4 22
5627 6 4 14
4085 6 4 9
73 6 4 4
2094 6 6 95
5644 6 6 89
1857 6 6 82
4557 6 6 75
1649 6 6 70
3241 6 6 64
4758 6 6 57
3556 6 6 50
532 6 6 45
999 6 6 38
2316 6 6 29
5137 6 6 21
4587 6 6 13
2301 6 6 7
1391 6 8 95
3407 6 8 89
927 6 8 82
3137 6 8 75
456 6 8 70
5579 6 8 63
4496 6 8 57
1962 6 8 49
5139 6 8 41
5692 6 8 34
2433 6 8 29
5021 6 8 21
2435 6 8 13
2000 6 8 7
636 6 10 95
2896 6 10 89
5522 6 10 81
625 6 10 77
3202 6 10 71
263 6 10 65
1957 6 10 58
1776 6 10 50
3840 6 10 44
1161 6 10 37
49 6 10 31
1029 6 10 24
649 6 10 16
373 6 10 8
2811 6 10 1
416 6 12 95
1671 6 12 89
3664 6 12 81
4951 6 12 76
932 6 12 68
1587 6 12 64
2258 6 12 57
1910 6 12 49
4677 6 12 41
5572 6 12 34
2134 6 12 29
5002 6 12 21
1610 6 12 13
655 6 12 7
271 6 14 95
1588 6 14 89
1769 6 14 81
2575 6 14 76
396 6 14 68
686 6 14 64
1849 6 14 57
3115 6 14 48
2782 6 14 41
4120 6 14 34
1758 6 14 29
3781 6 14 21
728 6 14 13
320 6 14 7
5001 6 15 94
2740 6 15 89
1732 6 15 81
1179 6 15 76
5196 6 15 67
2050 6 15 60
4782 6 15 52
2202 6 15 45
890 6 15 38
1392 6 15 29
2221 6 15 21
580 6 15 13
4816 6 15 6
3160 6 16 94
2512 6 16 89
586 6 16 81
790 6 16 76
4980 6 16 67
3881 6 16 59
4941 6 16 50
3349 6 16 44
1042 6 16 37
5540 6 16 30
1551 6 16 23
897 6 16 17
4004 6 16 9
4969 6 16 3
4752 6 18 93
2244 6 18 89
5415 6 18 80
5532 6 18 72
1939 6 18 66
4651 6 18 57
2671 6 18 48
2097 6 18 41
196 6 18 34
4581 6 18 28
893 6 18 22
5282 6 18 14
1043 6 18 9
2065 6 18 3
3994 6 19 93
2037 6 19 89
5224 6 19 80
5049 6 19 72
345 6 19 66
3409 6 19 57
2166 6 19 48
1882 6 19 41
5666 6 19 33
1256 6 19 26
3329 6 19 20
2917 6 19 11
1529 6 19 4
2569 7 0 93
3748 7 0 88
3149 7 0 84
1025 7 0 75
5676 7 0 69
557 7 0 63
4405 7 0 57
5346 7 0 47
3693 7 0 42
304 7 0 37
5445 7 0 30
545 7 0 23
4915 7 0 16
5571 7 0 7
764 7 1 93
1355 7 1 88
2950 7 1 84
3406 7 1 74
3950 7 1 66
3179 7 1 57
4161 7 1 47
2778 7 1 42
15 7 1 37
3413 7 1 30
432 7 1 23
4749 7 1 16
3085 7 1 7
4096 7 2 92
1146 7 2 86
1922 7 2 80
3967 7 2 72
3670 7 2 65
1270 7 2 58
1350 7 2 50
2689 7 2 44
2049 7 2 36
926 7 2 30
4426 7 2 22
2933 7 2 14
4331 7 2 8
1937 7 2 1
4084 7 3 92
849 7 3 86
1598 7 3 80
2558 7 3 72
3635 7 3 65
784 7 3 58
1323 7 3 50
5442 7 3 43
2562 7 3 37
947 7 3 30
2727 7 3 22
1567 7 3 14
3778 7 3 8
4052 7 4 92
20 7 4 86
1596 7 4 80
2420 7 4 72
3261 7 4 65
5398 7 4 57
3394 7 4 47
1625 7 4 42
5395 7 4 36
5637 7 4 29
1542 7 4 21
43 7 4 13
3811 7 4 6
2539 7 6 92
5659 7 6 85
5188 7 6 78
2997 7 6 71
4765 7 6 64
4779 7 6 56
3242 7 6 47
5700 7 6 41
5570 7 6 33
1217 7 6 26
2191 7 6 20
2255 7 6 11
1226 7 6 4
879 7 8 92
4515 7 8 85
5184 7 8 78
5453 7 8 70
4754 7 8 63
968 7 8 57
3207 7 8 47
5373 7 8 41
4842 7 8 33
5507 7 8 25
2573 7 8 18
3519 7 8 11
986 7 8 4
77 7 10 92
3428 7 10 85
4830 7 10 78
5217 7 10 70
4288 7 10 63
5475 7 10 56
2951 7 10 47
5038 7 10 41
4428 7 10 33
2801 7 10 25
2564 7 10 18
2090 7 10 11
812 7 10 4
5 7 12 92
3562 7 12 84
3233 7 12 74
3800 7 12 66
1175 7 12 57
1506 7 12 47
4860 7 12 41
3910 7 12 33
2566 7 12 25
1952 7 12 18
5683 7 12 10
2647 7 12 4
5000 7 14 91
5654 7 14 83
135 7 14 77
5087 7 14 70
3526 7 14 63
5233 7 14 56
2657 7 14 47
3228 7 14 41
3577 7 14 33
2525 7 14 25
5645 7 14 17
2979 7 14 9
1975 7 14 3
3019 8 6 91
5443 8 6 83
3775 8 6 76
4176 8 6 67
3051 8 6 59
3108 8 6 50
5257 8 6 43
2519 8 6 37
546 8 6 30
2149 8 6 22
1372 8 6 14
3464 8 6 8
647 8 8 91
3987 8 8 83
3647 8 8 76
1406 8 8 67
2408 8 8 59
1213 8 8 50
3734 8 8 43
2205 8 8 37
4487 8 8 29
104 8 8 21
5017 8 8 12
5618 8 8 5
4646 8 10 90
1631 8 10 84
2250 8 10 74
2239 8 10 66
2980 8 10 56
2378 8 10 47
1632 8 10 41
1331 8 10 33
2248 8 10 25
3595 8 10 17
1932 8 10 9
1605 8 10 3
4410 8 12 90
1520 8 12 84
4790 8 12 73
5131 8 12 66
2033 8 12 56
5362 8 12 46
4878 8 12 38
667 8 12 29
5493 8 12 20
2187 8 12 11
4503 8 12 3
4070 8 14 90
608 8 14 84
4289 8 14 73
4123 8 14 66
1490 8 14 56
4778 8 14 46
4668 8 14 38
2520 8 14 28
4415 8 14 21
2365 8 14 12
4519 8 14 5
3382 8 17 90
4365 8 17 83
615 8 17 76
640 8 17 67
2309 8 17 59
5062 8 17 49
3462 8 17 41
795 8 17 33
1984 8 17 25
2059 8 17 17
1650 8 17 9
1554 8 17 3
2764 8 18 90
2660 8 18 83
582 8 18 76
3681 8 18 66
2835 8 18 55
5124 8 18 49
2038 8 18 41
5459 8 18 32
4203 8 18 26
1518 8 18 20
1334 8 18 11
3378 8 18 3
2413 8 19 90
711 8 19 83
5686 8 19 75
4634 8 19 69
5066 8 19 62
4097 8 19 58
4133 8 19 49
1858 8 19 41
2074 8 19 32
3832 8 19 26
227 8 19 20
621 8 19 11
1638 8 19 3
1134 9 0 90
4199 9 0 82
2879 9 0 75
4093 9 0 69
4391 9 0 62
1736 9 0 58
3279 9 0 49
1353 9 0 41
1943 9 0 32
1606 9 0 26
5093 9 0 19
4787 9 0 12
3365 9 0 5
464 9 1 90
2577 9 1 82
779 9 1 75
3043 9 1 69
3054 9 1 62
1309 9 1 58
1362 9 1 49
1151 9 1 41
4037 9 1 31
5657 9 1 23
3324 9 1 16
2952 9 1 7
5214 9 2 89
4266 9 2 80
2034 9 2 72
2351 9 2 65
5312 9 2 57
1159 9 2 47
4378 9 2 40
5429 9 2 35
556 9 2 30
936 9 2 22
5223 9 2 12
2992 9 2 5
2238 9 3 89
2719 9 3 80
1601 9 3 72
1904 9 3 65
5238 9 3 57
698 9 3 47
2308 9 3 40
3532 9 3 35
5441 9 3 29
5174 9 3 20
446 9 3 11
4217 9 3 2
2088 9 5 89
2700 9 5 80
411 9 5 72
871 9 5 65
4333 9 5 57
128 9 5 47
1953 9 5 40
2124 9 5 35
2839 9 5 29
3554 9 5 20
233 9 5 11
3692 9 5 2
1773 9 6 89
2213 9 6 80
391 9 6 72
761 9 6 65
3784 9 6 57
2723 9 6 46
4264 9 6 38
1899 9 6 28
4234 9 6 21
777 9 6 12
1215 9 6 5
1637 9 8 89
2060 9 8 80
5505 9 8 71
4200 9 8 64
4499 9 8 56
3780 9 8 46
3517 9 8 38
3123 9 8 27
5465 9 8 19
4314 9 8 12
965 9 8 5
3969 9 10 88
5609 9 10 83
3561 9 10 75
2584 9 10 69
2026 9 10 62
3471 9 10 57
5414 9 10 44
1344 9 10 36
3809 9 10 29
3274 9 10 20
5427 9 10 10
2632 9 10 4
2493 9 12 88
5123 9 12 83
3056 9 12 75
2173 9 12 69
4089 9 12 61
2252 9 12 56
3768 9 12 46
1557 9 12 38
2527 9 12 27
4470 9 12 19
4185 9 12 12
265 9 12 5
2371 9 14 88
4181 9 14 83
2046 9 14 75
2100 9 14 69
3724 9 14 61
983 9 14 56
3487 9 14 46
5103 9 14 37
2289 9 14 29
3866 9 14 19
3529 9 14 12
4556 9 14 4
2154 9 17 88
4064 9 17 83
5120 9 17 74
998 9 17 66
2637 9 17 55
4471 9 17 49
4613 9 17 40
1960 9 17 35
1838 9 17 29
3437 9 17 19
2621 9 17 12
4249 9 17 4
451 9 18 88
2648 9 18 83
5108 9 18 74
909 9 18 66
1333 9 18 55
3203 9 18 49
3575 9 18 40
1757 9 18 35
1154 9 18 29
1763 9 18 19
1938 9 18 12
4196 9 18 4
226 9 19 88
1832 9 19 83
4211 9 19 74
4429 9 19 65
1262 9 19 57
3929 9 19 43
98 9 19 37
124 9 19 29
5503 9 19 18
5146 9 19 10
911 9 19 4
5681 10 0 87
5365 10 0 81
5602 10 0 75
405 10 0 69
4697 10 0 60
2911 10 0 52
653 10 0 45
5460 10 0 37
4107 10 0 28
4189 10 0 21
3962 10 0 11
1613 10 0 2
4468 10 8 87
4086 10 8 81
4498 10 8 75
143 10 8 69
2478 10 8 60
2655 10 8 52
3923 10 8 44
1197 10 8 36
3573 10 8 29
4440 10 8 18
4932 10 8 10
4863 10 8 3
1970 10 10 87
3465 10 10 81
2290 10 10 75
4690 10 10 68
4845 10 10 63
3785 10 10 56
3468 10 10 46
5070 10 10 37
2783 10 10 28
2812 10 10 21
315 10 10 11
514 10 10 2
5438 10 12 86
2582 10 12 79
2304 10 12 72
5161 10 12 64
5175 10 12 55
2142 10 12 49
1896 10 12 40
1614 10 12 35
4994 10 12 28
1880 10 12 21
3293 10 12 10
4761 10 12 3
5432 10 14 86
2231 10 14 79
5078 10 14 71
363 10 14 64
4898 10 14 55
5530 10 14 48
1539 10 14 41
1451 10 14 31
56 10 14 23
1315 10 14 16
1526 10 14 7
5351 11 0 86
641 11 0 79
4491 11 0 71
245 11 0 64
4393 11 0 55
3883 11 0 48
4798 11 0 40
1085 11 0 35
2515 11 0 28
1024 11 0 21
2886 11 0 10
3091 11 0 3
5216 11 2 86
5559 11 2 78
4483 11 2 70
2738 11 2 63
2531 11 2 56
3993 11 2 45
5316 11 2 37
1071 11 2 28
1021 11 2 21
2708 11 2 10
3067 11 2 3
4709 11 3 86
5488 11 3 78
3356 11 3 70
1354 11 3 63
2407 11 3 56
896 11 3 45
3417 11 3 37
5377 11 3 27
2769 11 3 19
1741 11 3 12
1877 11 3 4
2932 11 4 86
4374 11 4 78
3146 11 4 70
3552 11 4 62
2218 11 4 57
2897 11 4 43
5610 11 4 36
2754 11 4 29
3060 11 4 18
4608 11 4 10
2030 11 4 3
2422 11 5 86
4224 11 5 78
1821 11 5 70
3188 11 5 62
1712 11 5 57
2542 11 5 43
5333 11 5 36
1783 11 5 29
2746 11 5 18
4548 11 5 10
1787 11 5 3
2271 11 6 86
3675 11 6 78
365 11 6 70
3169 11 6 62
214 11 6 57
1830 11 6 43
3691 11 6 36
4723 11 6 28
515 11 6 21
1923 11 6 10
1468 11 6 3
2641 11 8 85
4481 11 8 78
2281 11 8 69
734 11 8 60
4505 11 8 51
1030 11 8 44
905 11 8 36
3307 11 8 28
310 11 8 21
1879 11 8 10
3 11 8 3
2905 11 9 84
336 11 9 73
3685 11 9 66
1137 11 9 55
1505 11 9 48
3632 11 9 40
5095 11 9 34
1621 11 9 28
4184 11 9 20
5251 11 9 10
5636 11 9 2
1031 11 10 84
191 11 10 73
3215 11 10 66
1081 11 10 55
900 11 10 48
2678 11 10 40
4111 11 10 34
1259 11 10 28
2137 11 10 20
4124 11 10 10
4957 11 10 2
4307 11 12 83
3930 11 12 74
1546 11 12 65
5180 11 12 56
697 11 12 45
3073 11 12 37
3419 11 12 27
2739 11 12 19
5232 11 12 11
119 11 12 2
287 11 16 83
794 11 16 74
1337 11 16 65
3528 11 16 56
4448 11 16 44
541 11 16 36
5082 11 16 27
2640 11 16 19
5148 11 16 11
113 11 16 2
2785 11 17 82
568 11 17 75
2335 11 17 68
2803 11 17 63
2370 11 17 56
3278 11 17 44
5261 11 17 35
1552 11 17 28
970 11 17 20
3922 11 17 10
4427 11 17 2
1138 11 18 82
329 11 18 75
1807 11 18 68
2310 11 18 63
1443 11 18 56
2602 11 18 44
1742 11 18 35
69 11 18 28
4766 11 18 19
4108 11 18 11
5663 11 18 1
585 11 19 82
5252 11 19 74
4277 11 19 64
4128 11 19 55
354 11 19 48
2543 11 19 40
4024 11 19 34
346 11 19 28
3498 11 19 19
3512 11 19 11
4295 11 19 1
725 12 0 79
4432 12 0 71
3916 12 0 63
894 12 0 56
3524 12 0 43
3572 12 0 36
4959 12 0 27
4379 12 0 18
4140 12 0 10
3901 12 0 2
980 12 2 78
2171 12 2 69
5495 12 2 59
5046 12 2 49
1442 12 2 40
2078 12 2 34
149 12 2 28
2673 12 2 19
3004 12 2 11
2457 12 2 2
4859 12 3 77
4236 12 3 70
2021 12 3 62
5022 12 3 56
1597 12 3 43
1790 12 3 36
2468 12 3 27
4202 12 3 18
3673 12 3 10
4226 12 3 1
3861 12 8 76
2796 12 8 66
689 12 8 55
4416 12 8 47
1439 12 8 40
1141 12 8 34
5486 12 8 27
4066 12 8 18
2032 12 8 10
4192 12 8 1
5117 12 9 73
4653 12 9 65
2685 12 9 56
678 12 9 43
63 12 9 36
605 12 9 27
3911 12 9 18
2004 12 9 10
3680 12 9 2
3789 12 10 72
3677 12 10 64
3813 12 10 55
4355 12 10 47
194 12 10 40
5698 12 10 33
995 12 10 25
3887 12 10 16
238 12 10 7
3639 12 12 67
4516 12 12 58
5375 12 12 48
1824 12 12 40
3191 12 12 33
938 12 12 25
3863 12 12 16
4643 12 12 6
654 12 14 66
5631 12 14 54
1581 12 14 47
5220 12 14 39
3170 12 14 31
5289 12 14 22
1110 12 14 12
1716 12 14 4
1967 12 15 53
2492 12 15 47
2874 12 15 39
910 12 15 31
4978 12 15 22
9 12 15 12
1238 12 15 4
184 12 16 48
1410 12 16 40
1771 12 16 33
35 12 16 25
2750 12 16 16
3024 12 16 6
4059 12 17 97
3444 12 17 92
4256 12 17 83
609 12 17 74
5555 12 17 63
109 12 17 56
4699 12 17 42
2396 12 17 36
231 12 17 27
3491 12 17 18
1721 12 17 10
4593 12 17 1
4682 12 18 96
3895 12 18 90
1715 12 18 82
5200 12 18 74
1121 12 18 63
3521 12 18 55
2546 12 18 47
2067 12 18 39
3016 12 18 30
855 12 18 21
5643 12 18 9
3869 12 18 1
2207 12 19 95
4867 12 19 88
638 12 19 83
5558 12 19 73
2456 12 19 65
2595 12 19 55
1966 12 19 47
1701 12 19 39
2634 12 19 30
5198 12 19 20
2872 12 19 10
3008 12 19 1
312 13 0 95
4864 13 0 88
14 13 0 83
5462 13 0 73
2092 13 0 65
2403 13 0 55
854 13 0 47
944 13 0 39
2160 13 0 30
3991 13 0 20
2196 13 0 10
3886 13 2 94
2346 13 2 89
842 13 2 80
5466 13 2 71
3870 13 2 63
2882 13 2 55
3473 13 2 46
3320 13 2 37
3334 13 2 27
2085 13 2 18
811 13 2 10
3571 13 3 94
1806 13 3 89
5396 13 3 79
4075 13 3 71
3603 13 3 63
1761 13 3 55
2123 13 3 46
1688 13 3 37
2229 13 3 27
2024 13 3 18
3275 13 3 9
1022 13 5 94
964 13 5 89
5283 13 5 79
288 13 5 71
3551 13 5 63
3618 13 5 54
1126 13 5 47
704 13 5 39
5390 13 5 29
1415 13 5 18
1017 13 5 9
45 13 6 94
559 13 6 89
3850 13 6 79
4047 13 6 70
1430 13 6 62
3835 13 6 56
1308 13 6 42
5011 13 6 35
5258 13 6 27
1583 13 6 18
5247 13 6 8
5690 13 10 93
1330 13 10 88
2066 13 10 82
5064 13 10 74
2329 13 10 62
3323 13 10 56
599 13 10 42
4698 13 10 35
4554 13 10 27
660 13 10 18
3806 13 10 8
5541 13 12 93
1040 13 12 88
1004 13 12 82
4939 13 12 74
2113 13 12 62
2845 13 12 56
1998 13 12 41
770 13 12 31
4604 13 12 22
2695 13 12 11
277 13 14 93
738 13 14 88
3218 13 14 81
371 13 14 75
1762 13 14 68
2048 13 14 63
3594 13 14 54
886 13 14 47
461 13 14 39
4696 13 14 29
1369 13 14 18
3668 13 14 8
5329 14 0 92
3628 14 0 83
4518 14 0 73
547 14 0 65
5418 14 0 54
4784 14 0 46
4171 14 0 36
54 14 0 27
1865 14 0 17
110 14 0 9
4880 14 2 92
1473 14 2 83
1728 14 2 73
340 14 2 65
3796 14 2 54
4675 14 2 46
853 14 2 36
3688 14 2 26
4131 14 2 19
2964 14 2 11
4533 14 3 92
558 14 3 83
1619 14 3 73
4729 14 3 64
3126 14 3 55
402 14 3 46
2473 14 3 35
974 14 3 27
1768 14 3 17
4223 14 3 8
3756 14 5 92
476 14 5 83
4786 14 5 72
3531 14 5 64
2419 14 5 55
5374 14 5 45
3025 14 5 37
959 14 5 27
4827 14 5 16
1387 14 5 6
2827 14 6 92
5489 14 6 82
4069 14 6 74
2868 14 6 61
5305 14 6 55
4745 14 6 45
2333 14 6 37
952 14 6 27
4655 14 6 16
1244 14 6 6
803 14 16 92
4259 14 16 82
4062 14 16 74
2139 14 16 61
5222 14 16 55
4245 14 16 45
1384 14 16 37
2858 14 16 26
2053 14 16 19
2156 14 16 11
737 14 17 92
4246 14 17 82
3902 14 17 74
4734 14 17 60
3105 14 17 51
4466 14 17 43
3804 14 17 35
153 14 17 27
2840 14 17 16
4252 14 17 5
5517 14 18 91
2504 14 18 83
4660 14 18 72
2393 14 18 64
90 14 18 55
2720 14 18 45
4629 14 18 36
2322 14 18 26
688 14 18 19
2104 14 18 11
5076 14 19 91
2373 14 19 83
3564 14 19 72
2313 14 19 64
5205 14 19 54
4551 14 19 46
1458 14 19 35
3854 14 19 26
4567 14 19 18
1460 14 19 8
3874 15 0 91
2232 15 0 83
3548 15 0 72
1467 15 0 64
1575 15 0 54
3838 15 0 46
715 15 0 34
3328 15 0 27
1147 15 0 16
714 15 0 5
3128 15 8 91
1633 15 8 83
3303 15 8 72
3021 15 8 63
2247 15 8 54
2150 15 8 46
3769 15 8 33
5419 15 8 24
4739 15 8 15
5156 15 8 10
1376 15 10 91
183 15 10 83
2035 15 10 72
2651 15 10 63
2209 15 10 54
1867 15 10 46
1503 15 10 33
4897 15 10 24
2938 15 10 15
4501 15 10 10
5561 15 12 90
1316 15 12 82
2885 15 12 74
426 15 12 60
1426 15 12 51
4238 15 12 43
3129 15 12 35
284 15 12 26
3368 15 12 18
2450 15 12 7
5299 15 13 90
5518 15 13 80
5385 15 13 71
2676 15 13 63
1990 15 13 54
1142 15 13 46
169 15 13 33
3914 15 13 24
2200 15 13 15
3663 15 13 10
2389 15 16 90
5313 15 16 80
4042 15 16 71
1945 15 16 63
3350 15 16 53
1185 15 16 47
4838 15 16 38
2302 15 16 27
579 15 16 16
619 15 16 5
1600 15 17 90
4561 15 17 80
2752 15 17 71
260 15 17 63
3287 15 17 53
530 15 17 47
4736 15 17 38
1478 15 17 27
544 15 17 16
5494 15 17 4
440 15 18 90
2638 15 18 80
2127 15 18 71
134 15 18 63
1801 15 18 53
4756 15 18 46
4721 15 18 32
581 15 18 26
2279 15 18 18
1863 15 18 7
3686 15 19 89
2168 15 19 79
3859 15 19 70
4050 15 19 61
5106 15 19 55
2683 15 19 45
2735 15 19 36
5381 15 19 25
2176 15 19 16
4269 15 19 4
3281 16 0 89
1949 16 0 79
3466 16 0 70
2819 16 0 61
5069 16 0 55
2287 16 0 45
443 16 0 36
4403 16 0 25
21 16 0 16
1008 16 0 4
3003 16 2 89
1072 16 2 79
2612 16 2 70
2439 16 2 61
3065 16 2 55
467 16 2 45
4991 16 2 35
4320 16 2 25
4367 16 2 15
4284 16 2 9
2892 16 3 89
2087 16 3 78
1000 16 3 69
3805 16 3 58
4971 16 3 48
242 16 3 40
1711 16 3 33
1814 16 3 24
154 16 3 15
4207 16 3 9
6 16 4 89
2027 16 4 78
924 16 4 69
2807 16 4 58
2453 16 4 48
4594 16 4 39
2165 16 4 29
1170 16 4 18
4931 16 4 6
4524 16 5 88
2786 16 5 81
5608 16 5 74
317 16 5 60
528 16 5 51
3978 16 5 43
2658 16 5 35
3968 16 5 25
2434 16 5 15
1684 16 5 9
513 16 6 88
2654 16 6 81
4726 16 6 74
895 16 6 59
3660 16 6 49
343 16 6 39
74 16 6 29
1083 16 6 18
2029 16 6 6
290 16 8 88
1969 16 8 81
3593 16 8 74
4549 16 8 58
2083 16 8 48
4290 16 8 39
5670 16 8 28
1549 16 8 19
953 16 8 11
158 16 10 88
828 16 10 81
2895 16 10 74
4150 16 10 58
1379 16 10 48
3047 16 10 39
3909 16 10 28
1133 16 10 19
148 16 10 11
5648 16 12 87
5661 16 12 80
1241 16 12 71
3644 16 12 62
904 16 12 56
739 16 12 41
12 16 12 31
4520 16 12 22
4836 16 12 10
3793 16 13 87
5075 16 13 80
969 16 13 71
3337 16 13 62
3052 16 13 55
1080 16 13 44
1589 16 13 35
2943 16 13 25
1917 16 13 15
5639 16 13 8
3646 17 0 87
4770 17 0 80
4639 17 0 70
2114 17 0 61
1265 17 0 55
125 17 0 44
1062 17 0 35
2177 17 0 25
1909 17 0 15
4774 17 0 8
3177 17 2 87
3897 17 2 80
4213 17 2 70
1779 17 2 61
2198 17 2 54
1045 17 2 46
2297 17 2 32
4592 17 2 25
1253 17 2 15
2105 17 2 8
3030 17 3 87
3735 17 3 80
743 17 3 70
1487 17 3 61
1408 17 3 54
4834 17 3 45
4436 17 3 35
1864 17 3 25
517 17 3 15
156 17 3 8
1846 17 8 87
3527 17 8 80
58 17 8 70
4228 17 8 60
5281 17 8 50
2741 17 8 43
1648 17 8 35
1327 17 8 25
4883 17 8 14
2352 17 8 8
3687 17 10 86
3183 17 10 78
168 17 10 69
2328 17 10 58
1314 17 10 48
1630 17 10 39
1644 17 10 28
244 17 10 18
2022 17 10 6
2009 17 12 86
3039 17 12 78
147 17 12 69
5348 17 12 57
1112 17 12 43
1444 17 12 35
4775 17 12 24
5574 17 12 14
917 17 12 8
279 17 13 86
808 17 13 78
5331 17 13 68
64 17 13 63
1435 17 13 53
3516 17 13 46
1906 17 13 32
4239 17 13 25
4274 17 13 14
3348 17 13 7
224 17 14 86
201 17 14 77
2442 17 14 70
1569 17 14 60
4134 17 14 50
2603 17 14 43
656 17 14 35
2441 17 14 24
5523 17 14 14
3298 17 14 7
108 17 15 85
3981 17 15 78
4974 17 15 68
4663 17 15 62
2935 17 15 55
2763 17 15 43
565 17 15 35
504 17 15 24
3237 17 15 14
3178 17 15 7
1201 17 16 84
142 17 16 73
3518 17 16 64
1347 17 16 54
4610 17 16 45
3393 17 16 35
324 17 16 24
978 17 16 14
3157 17 16 7
3569 17 17 82
2590 17 17 74
5308 17 17 57
5219 17 17 42
3110 17 17 35
159 17 17 24
833 17 17 14
2540 17 17 7
867 17 18 82
1243 17 18 74
5169 17 18 56
1934 17 18 39
1092 17 18 28
4793 17 18 17
4173 17 18 8
325 17 19 81
2877 17 19 74
4472 17 19 56
4730 17 19 38
4155 17 19 26
1106 17 19 18
3020 17 19 5
1519 18 0 80
5471 18 0 69
5176 18 0 57
3884 18 0 42
782 18 0 35
5136 18 0 23
874 18 0 16
5143 18 0 3
594 18 2 79
1120 18 2 70
765 18 2 60
2398 18 2 50
700 18 2 43
4046 18 2 34
2853 18 2 27
5379 18 2 15
4894 18 2 7
4678 18 3 78
4759 18 3 68
111 18 3 62
2711 18 3 55
1236 18 3 43
3192 18 3 34
1913 18 3 27
4546 18 3 15
3849 18 3 7
2243 18 5 78
1469 18 5 68
5105 18 5 61
807 18 5 53
2729 18 5 46
1266 18 5 32
4146 18 5 25
1819 18 5 14
1168 18 5 7
981 18 6 78
1108 18 6 68
4599 18 6 61
733 18 6 53
5345 18 6 45
2627 18 6 35
3120 18 6 23
5655 18 6 15
2728 18 6 7
5194 18 8 77
4870 18 8 69
1425 18 8 57
2140 18 8 42
10 18 8 35
673 18 8 23
3771 18 8 15
1977 18 8 7
1980 19 0 74
3514 19 0 56
3824 19 0 38
2907 19 0 25
1011 19 0 14
4953 19 0 6
597 19 2 72
2455 19 2 63
3219 19 2 52
3855 19 2 44
5171 19 2 34
4935 19 2 26
181 19 2 18
2726 19 2 5
3347 19 3 71
2878 19 3 62
1250 19 3 55
393 19 3 43
3053 19 3 34
4413 19 3 26
5051 19 3 17
3744 19 3 8
710 19 5 67
2742 19 5 57
5309 19 5 41
3359 19 5 30
2170 19 5 20
1892 19 5 10
4445 19 6 66
4619 19 6 54
2349 19 6 45
1829 19 6 35
2529 19 6 22
4674 19 6 10
4354 19 8 66
4265 19 8 54
706 19 8 45
726 19 8 35
1192 19 8 21
4637 19 8 9
671 19 9 66
1642 19 9 54
4028 19 9 44
4792 19 9 34
2862 19 9 26
1283 19 9 17
2969 19 9 8
5617 19 10 65
3745 19 10 54
3211 19 10 44
3833 19 10 34
3422 19 10 25
117 19 10 14
2625 19 10 6
2692 19 11 57
4476 19 11 40
5687 19 11 32
4063 19 11 25
60 19 11 14
1836 19 11 6
5256 19 12 96
2725 19 12 90
1972 19 12 80
5189 19 12 69
3234 19 12 56
1774 19 12 37
912 19 12 26
274 19 12 17
2246 19 12 8
3172 19 13 95
4125 19 13 88
814 19 13 81
933 19 13 74
942 19 13 54
3121 19 13 44
3159 19 13 34
3213 19 13 25
3042 19 13 13
3296 19 13 6
72 19 14 94
136 19 14 89
4497 19 14 77
3193 19 14 69
1463 19 14 56
4248 19 14 34
1450 19 14 25
2919 19 14 13
3823 19 14 5
4848 19 15 93
307 19 15 88
4116 19 15 80
5162 19 15 69
4638 19 15 55
107 19 15 43
2259 19 15 34
4853 19 15 24
5589 19 15 13
5549 19 15 4
4469 19 16 93
257 19 16 88
4073 19 16 80
3755 19 16 69
4034 19 16 55
44 19 16 41
2061 19 16 30
3725 19 16 19
5568 19 16 10
3899 19 17 93
4484 19 17 87
1687 19 17 80
3427 19 17 69
4018 19 17 55
1853 19 17 40
4394 19 17 32
2380 19 17 25
2382 19 17 13
4008 19 17 4
3448 19 18 93
2406 19 18 87
976 19 18 80
383 19 18 69
3405 19 18 55
1997 19 18 39
3599 19 18 27
3952 19 18 15
46 19 18 7
2143 19 19 93
2126 19 19 87
589 19 19 80
339 19 19 68
5098 19 19 60
1198 19 19 50
644 19 19 43
47 19 19 34
4144 19 19 24
2294 19 19 13
1088 19 19 4
