2696
4947 0 0 98
3662 0 0 95
3107 0 0 92
3700 0 0 89
3179 0 0 86
4894 0 0 82
4355 0 0 78
3517 0 0 75
1014 0 0 72
106 0 0 70
4232 0 0 68
2396 0 0 66
2746 0 0 64
4726 0 0 60
5155 0 0 57
3564 0 0 55
4651 0 0 52
3445 0 0 48
4692 0 0 45
4273 0 0 41
4088 0 0 38
3471 0 0 35
3310 0 0 33
3845 0 0 29
4580 0 0 26
4628 0 0 24
924 0 0 21
2478 0 0 18
2643 0 0 16
2774 0 0 13
3366 0 0 11
4903 0 0 8
1235 0 0 5
3406 0 0 3
4653 0 1 98
4506 0 1 94
5198 0 1 90
4509 0 1 88
3388 0 1 85
3105 0 1 83
429 0 1 81
4890 0 1 78
1302 0 1 75
4887 0 1 71
2610 0 1 69
3851 0 1 66
3323 0 1 63
1095 0 1 60
873 0 1 57
538 0 1 54
848 0 1 51
3452 0 1 49
4809 0 1 45
4196 0 1 41
3047 0 1 38
4946 0 1 34
4755 0 1 31
4839 0 1 28
4963 0 1 24
4814 0 1 20
654 0 1 18
3518 0 1 14
4019 0 1 11
1727 0 1 8
3474 0 1 4
1294 0 1 2
1137 0 2 98
658 0 2 94
5090 0 2 90
4573 0 2 86
4522 0 2 82
4023 0 2 78
4142 0 2 74
5180 0 2 71
1205 0 2 67
3499 0 2 65
4771 0 2 63
4761 0 2 59
794 0 2 57
1589 0 2 53
5014 0 2 50
4098 0 2 46
443 0 2 43
2708 0 2 41
956 0 2 37
3277 0 2 35
2326 0 2 33
3520 0 2 29
1915 0 2 26
3314 0 2 24
4204 0 2 20
4567 0 2 16
2372 0 2 13
2208 0 2 9
2045 0 2 6
4419 0 2 3
3470 0 3 97
3337 0 3 95
1663 0 3 92
1494 0 3 89
5185 0 3 85
1329 0 3 83
3940 0 3 80
4332 0 3 76
2287 0 3 73
4144 0 3 70
4445 0 3 67
4264 0 3 62
951 0 3 60
727 0 3 57
847 0 3 53
4078 0 3 49
1550 0 3 45
4434 0 3 40
3628 0 3 36
2569 0 3 32
435 0 3 29
390 0 3 25
1696 0 3 22
5114 0 3 19
4543 0 3 17
1922 0 3 15
2014 0 3 13
567 0 3 9
935 0 3 6
3184 0 3 3
4429 0 4 96
5001 0 4 93
2928 0 4 90
3571 0 4 86
4262 0 4 82
3552 0 4 78
789 0 4 74
5065 0 4 71
722 0 4 67
3966 0 4 62
531 0 4 59
4327 0 4 55
209 0 4 52
2150 0 4 48
2848 0 4 45
3834 0 4 40
2894 0 4 36
870 0 4 31
4031 0 4 28
2133 0 4 24
3949 0 4 19
2523 0 4 16
3398 0 4 12
2576 0 4 10
2182 0 4 7
5048 0 4 4
1154 0 4 1
3430 0 5 96
4961 0 5 93
1901 0 5 90
4934 0 5 85
4633 0 5 82
3467 0 5 78
4915 0 5 73
1866 0 5 70
3745 0 5 66
1327 0 5 63
579 0 5 59
3403 0 5 54
611 0 5 51
4244 0 5 48
4014 0 5 44
2796 0 5 41
906 0 5 37
4987 0 5 33
1206 0 5 29
4843 0 5 24
3666 0 5 19
1967 0 5 16
2682 0 5 12
4821 0 5 8
3039 0 5 3
455 0 6 96
372 0 6 93
4539 0 6 88
2882 0 6 84
4720 0 6 81
3328 0 6 78
4531 0 6 72
4979 0 6 69
4235 0 6 65
426 0 6 62
2942 0 6 58
4523 0 6 53
3349 0 6 49
386 0 6 45
2706 0 6 40
1427 0 6 36
4159 0 6 30
4137 0 6 27
735 0 6 25
933 0 6 22
4892 0 6 19
676 0 6 16
2440 0 6 12
2065 0 6 8
2097 0 6 3
161 0 7 96
4678 0 7 92
4935 0 7 88
2737 0 7 83
3633 0 7 80
1545 0 7 76
3024 0 7 72
4593 0 7 68
2228 0 7 66
5047 0 7 62
251 0 7 58
3921 0 7 53
4850 0 7 48
2934 0 7 44
2500 0 7 41
748 0 7 37
3083 0 7 33
4450 0 7 28
4786 0 7 23
3013 0 7 21
3957 0 7 17
3488 0 7 14
2448 0 7 11
1041 0 7 8
682 0 7 3
3631 0 8 95
4532 0 8 91
2635 0 8 89
4243 0 8 85
4093 0 8 82
2724 0 8 78
3839 0 8 72
1603 0 8 68
3690 0 8 65
4846 0 8 61
1799 0 8 58
2798 0 8 53
4673 0 8 48
1212 0 8 44
2321 0 8 41
570 0 8 37
4977 0 8 32
1997 0 8 28
4722 0 8 23
3901 0 8 20
2984 0 8 16
2429 0 8 12
3598 0 8 7
1822 0 8 4
3027 0 9 95
3671 0 9 91
2285 0 9 86
4092 0 9 82
2582 0 9 78
1905 0 9 72
1131 0 9 68
1533 0 9 65
557 0 9 61
4535 0 9 57
749 0 9 53
4757 0 9 47
2583 0 9 44
2989 0 9 40
4594 0 9 35
4955 0 9 32
2322 0 9 27
4773 0 9 22
4886 0 9 18
2611 0 9 14
738 0 9 11
3732 0 9 7
4110 0 9 3
2773 0 10 95
2357 0 10 91
3778 0 10 85
2900 0 10 82
1854 0 10 78
298 0 10 72
4598 0 10 67
3545 0 10 62
4392 0 10 57
84 0 10 53
4737 0 10 47
1265 0 10 43
2767 0 10 40
4387 0 10 35
1244 0 10 32
1368 0 10 27
4446 0 10 22
4663 0 10 18
4343 0 10 13
63 0 10 9
4485 0 10 5
3916 0 10 1
2693 0 11 95
2167 0 11 91
1899 0 11 85
2736 0 11 82
1400 0 11 78
5059 0 11 71
4957 0 11 66
4759 0 11 62
4158 0 11 57
3139 0 11 52
503 0 11 48
4912 0 11 43
4945 0 11 39
4902 0 11 37
4198 0 11 32
3727 0 11 26
2425 0 11 24
3306 0 11 19
3461 0 11 15
5187 0 11 11
3549 0 11 7
1290 0 11 3
2044 0 12 95
1488 0 12 91
4750 0 12 84
4677 0 12 81
2191 0 12 77
3362 0 12 74
4385 0 12 70
4836 0 12 65
3625 0 12 60
4461 0 12 56
132 0 12 53
4702 0 12 47
1019 0 12 43
3988 0 12 39
2926 0 12 36
1254 0 12 30
1060 0 12 27
4073 0 12 22
2405 0 12 18
3543 0 12 13
4756 0 12 8
549 0 12 3
2008 0 13 95
9 0 13 91
3713 0 13 84
2827 0 13 81
1795 0 13 76
94 0 13 72
1713 0 13 67
68 0 13 62
2195 0 13 57
2559 0 13 52
2352 0 13 47
3755 0 13 42
2744 0 13 39
2056 0 13 36
107 0 13 30
4001 0 13 26
1926 0 13 23
3504 0 13 20
959 0 13 16
2026 0 13 12
2658 0 13 7
2090 0 13 2
1435 0 14 95
4454 0 14 90
4471 0 14 85
4103 0 14 81
788 0 14 76
4827 0 14 71
3863 0 14 66
4701 0 14 62
4483 0 14 56
4975 0 14 51
1685 0 14 47
4772 0 14 41
273 0 14 37
613 0 14 32
3390 0 14 26
3311 0 14 22
764 0 14 18
3159 0 14 13
4118 0 14 8
4960 0 14 2
1028 0 15 95
3303 0 15 90
4347 0 15 85
3893 0 15 81
4614 0 15 75
2626 0 15 71
3178 0 15 66
752 0 15 62
1606 0 15 56
3089 0 15 51
2707 0 15 46
4719 0 15 42
3521 0 15 38
4689 0 15 34
3878 0 15 31
1865 0 15 28
3417 0 15 23
3042 0 15 20
5202 0 15 15
5034 0 15 11
4528 0 15 6
2456 0 15 3
4788 0 16 94
4844 0 16 89
760 0 16 85
2730 0 16 80
2831 0 16 75
3232 0 16 70
4584 0 16 65
3127 0 16 60
4435 0 16 56
1596 0 16 51
1215 0 16 46
2217 0 16 42
2948 0 16 38
4645 0 16 34
3393 0 16 30
3133 0 16 26
5046 0 16 21
4148 0 16 16
1608 0 16 12
2504 0 16 7
4375 0 16 1
3343 0 17 94
863 0 17 89
4176 0 17 84
1501 0 17 80
1821 0 17 75
2770 0 17 70
1715 0 17 65
2141 0 17 60
2986 0 17 56
1115 0 17 50
3659 0 17 46
1710 0 17 42
2351 0 17 38
3334 0 17 34
603 0 17 30
2480 0 17 26
2075 0 17 21
3090 0 17 16
1279 0 17 12
2033 0 17 7
3253 0 17 1
1751 0 18 94
371 0 18 89
3743 0 18 84
2625 0 18 79
1036 0 18 77
2794 0 18 74
2820 0 18 70
1641 0 18 65
2039 0 18 60
4497 0 18 55
4173 0 18 51
637 0 18 46
540 0 18 42
1291 0 18 38
1722 0 18 34
174 0 18 29
2651 0 18 24
2694 0 18 19
2158 0 18 15
4624 0 18 11
4512 0 18 6
2391 0 18 3
327 0 19 94
345 0 19 89
2404 0 19 84
1831 0 19 79
2347 0 19 76
3206 0 19 71
1510 0 19 66
5037 0 19 61
3421 0 19 57
2418 0 19 52
4004 0 19 46
4949 0 19 41
3373 0 19 36
5159 0 19 29
2650 0 19 24
2400 0 19 19
1540 0 19 15
2842 0 19 11
3930 0 19 6
1877 0 19 3
4237 2 1 93
4271 2 1 88
2654 2 1 83
2507 2 1 80
1602 2 1 75
1868 2 1 70
1045 2 1 65
2020 2 1 60
2847 2 1 55
2428 2 1 51
5181 2 1 45
4832 2 1 39
574 2 1 36
2277 2 1 29
949 2 1 24
2366 2 1 19
706 2 1 15
3799 2 1 10
1604 2 1 6
4547 2 1 2
3269 2 3 93
3330 2 3 88
3201 2 3 82
3765 2 3 77
1989 2 3 73
1194 2 3 70
953 2 3 65
1689 2 3 60
2668 2 3 55
4994 2 3 50
3208 2 3 46
4275 2 3 41
1792 2 3 36
1109 2 3 29
5042 2 3 23
1875 2 3 19
2342 2 3 14
1 2 3 11
1970 2 3 6
4308 2 3 2
1757 2 5 93
2551 2 5 88
3167 2 5 82
664 2 5 77
922 2 5 73
934 2 5 69
4981 2 5 64
3198 2 5 60
1765 2 5 55
3280 2 5 50
2681 2 5 46
3902 2 5 41
5200 2 5 35
3748 2 5 31
5164 2 5 27
2766 2 5 22
740 2 5 18
1677 2 5 13
1108 2 5 8
4601 2 5 2
133 2 7 93
876 2 7 88
3153 2 7 82
2212 2 7 76
2676 2 7 71
750 2 7 66
3180 2 7 61
1471 2 7 57
3466 2 7 51
5067 2 7 45
2518 2 7 39
3654 2 7 35
3087 2 7 31
4349 2 7 27
2601 2 7 22
4006 2 7 17
234 2 7 14
5131 2 7 10
4591 2 7 5
4865 2 8 92
4667 2 8 88
2337 2 8 82
1832 2 8 76
1732 2 8 71
340 2 8 66
2630 2 8 61
1223 2 8 57
1737 2 8 51
4293 2 8 45
1335 2 8 39
3109 2 8 35
2924 2 8 31
1069 2 8 27
2037 2 8 22
1049 2 8 17
223 2 8 14
4114 2 8 10
3706 2 8 5
4858 2 9 92
4520 2 9 88
1546 2 9 82
127 2 9 75
1803 2 9 70
528 2 9 65
4404 2 9 59
1617 2 9 54
231 2 9 51
1910 2 9 45
102 2 9 39
2597 2 9 35
999 2 9 31
2473 2 9 26
1718 2 9 21
1357 2 9 16
744 2 9 12
278 2 9 7
2893 2 9 1
4579 2 10 92
502 2 10 88
842 2 10 82
2180 2 10 74
1636 2 10 70
4464 2 10 64
4988 2 10 59
2634 2 10 53
4341 2 10 47
4431 2 10 41
5126 2 10 35
561 2 10 31
2054 2 10 26
671 2 10 21
5101 2 10 15
2838 2 10 10
2803 2 10 5
4362 2 12 92
4236 2 12 87
1807 2 12 84
697 2 12 79
1938 2 12 76
791 2 12 71
2672 2 12 65
4029 2 12 59
2267 2 12 53
3590 2 12 47
2234 2 12 41
5119 2 12 35
3761 2 12 30
912 2 12 26
92 2 12 21
4478 2 12 15
50 2 12 10
2048 2 12 5
3742 2 14 92
3970 2 14 86
2203 2 14 82
1064 2 14 74
422 2 14 70
3519 2 14 64
4242 2 14 59
135 2 14 53
3106 2 14 47
816 2 14 41
5008 2 14 35
3030 2 14 30
3791 2 14 25
693 2 14 22
3230 2 14 16
4540 2 14 11
1143 2 14 6
1622 2 14 2
3492 2 15 92
2184 2 15 86
5040 2 15 81
4425 2 15 75
1136 2 15 70
782 2 15 64
4035 2 15 59
72 2 15 53
3031 2 15 47
699 2 15 41
1595 2 15 35
1851 2 15 30
83 2 15 25
89 2 15 22
5012 2 15 15
3953 2 15 9
4363 2 15 5
881 2 16 92
5024 2 16 85
3317 2 16 79
1585 2 16 75
798 2 16 70
207 2 16 64
3220 2 16 59
54 2 16 53
2384 2 16 47
4477 2 16 40
688 2 16 35
1814 2 16 29
2561 2 16 23
1858 2 16 19
1735 2 16 14
3585 2 16 10
1371 2 16 5
290 2 17 92
1953 2 17 85
3228 2 17 79
1278 2 17 75
224 2 17 70
128 2 17 64
3140 2 17 59
2997 2 17 52
1991 2 17 46
3686 2 17 41
595 2 17 35
1724 2 17 29
2199 2 17 23
4263 2 17 18
5038 2 17 12
4873 2 17 6
5123 2 17 1
4596 2 18 91
1395 2 18 84
5103 2 18 78
2946 2 18 71
5136 2 18 64
2844 2 18 59
4869 2 18 51
1896 2 18 45
4258 2 18 38
1300 2 18 34
69 2 18 29
1598 2 18 23
1298 2 18 18
66 2 18 12
3424 2 18 6
4749 2 18 1
3093 2 19 91
1373 2 19 84
3933 2 19 78
1793 2 19 71
4620 2 19 64
2835 2 19 59
4505 2 19 51
339 2 19 45
1940 2 19 38
602 2 19 34
4487 2 19 28
2936 2 19 23
810 2 19 18
2380 2 19 11
3859 2 19 5
1390 3 1 91
487 3 1 84
2354 3 1 78
4326 3 1 70
4102 3 1 63
5108 3 1 58
5111 3 1 52
505 3 1 46
3368 3 1 41
3649 3 1 34
2202 3 1 28
2853 3 1 23
5098 3 1 17
4122 3 1 13
5116 3 1 7
704 3 1 1
318 3 3 91
168 3 3 84
1404 3 3 78
3965 3 3 70
1038 3 3 63
4905 3 3 58
4231 3 3 52
480 3 3 46
3352 3 3 41
2243 3 3 34
4163 3 3 27
166 3 3 22
3426 3 3 15
2482 3 3 9
3678 3 3 5
4841 3 5 90
3355 3 5 85
1496 3 5 79
2299 3 5 74
2965 3 5 69
4153 3 5 64
997 3 5 59
3591 3 5 51
4104 3 5 44
2242 3 5 40
4167 3 5 34
1823 3 5 27
2897 3 5 21
4267 3 5 15
2471 3 5 9
1059 3 5 5
4781 3 6 90
2930 3 6 85
401 3 6 79
2092 3 6 74
3118 3 6 68
4384 3 6 64
358 3 6 59
2623 3 6 51
3855 3 6 44
5054 3 6 39
930 3 6 35
754 3 6 29
2791 3 6 22
3068 3 6 15
2058 3 6 9
3783 3 6 4
2799 3 7 90
2645 3 7 85
4926 3 7 78
3684 3 7 70
4739 3 7 62
4269 3 7 55
1744 3 7 50
2220 3 7 46
2382 3 7 41
149 3 7 34
576 3 7 27
2832 3 7 21
1029 3 7 15
4027 3 7 8
4234 3 7 2
2792 3 8 89
3526 3 8 83
310 3 8 80
489 3 8 75
4675 3 8 69
3917 3 8 64
3998 3 8 58
3165 3 8 52
205 3 8 46
283 3 8 41
3448 3 8 33
3986 3 8 28
1168 3 8 23
2580 3 8 17
2613 3 8 13
5115 3 8 7
4537 3 8 1
4219 3 9 88
492 3 9 82
772 3 9 74
1925 3 9 67
5013 3 9 61
972 3 9 57
1470 3 9 51
490 3 9 44
917 3 9 39
696 3 9 35
4611 3 9 28
363 3 9 23
1557 3 9 17
1509 3 9 13
4978 3 9 7
3186 3 9 1
1121 3 10 88
4386 3 10 81
4272 3 10 75
3803 3 10 69
3637 3 10 64
3885 3 10 58
1625 3 10 52
4664 3 10 45
295 3 10 38
3413 3 10 33
2489 3 10 28
4479 3 10 22
2313 3 10 15
3776 3 10 8
3121 3 10 2
15 3 12 88
4157 3 12 81
3066 3 12 75
2080 3 12 69
3229 3 12 64
3777 3 12 58
1358 3 12 52
3621 3 12 45
4358 3 12 37
3506 3 12 31
1330 3 12 26
5093 3 12 20
3263 3 12 15
2477 3 12 8
1730 3 12 2
4569 3 14 87
383 3 14 84
104 3 14 78
2992 3 14 70
4521 3 14 62
3814 3 14 55
1065 3 14 50
28 3 14 46
5137 3 14 40
5033 3 14 33
1902 3 14 28
2912 3 14 22
2041 3 14 15
878 3 14 8
1619 3 14 2
1083 3 15 87
3007 3 15 83
4699 3 15 79
1461 3 15 74
1192 3 15 67
3254 3 15 61
3877 3 15 56
3556 3 15 49
4357 3 15 44
900 3 15 39
2740 3 15 34
4953 3 15 26
635 3 15 20
1511 3 15 15
630 3 15 8
523 3 15 2
4124 3 16 86
3251 3 16 81
1651 3 16 75
1225 3 16 69
2653 3 16 64
3224 3 16 58
1093 3 16 52
275 3 16 45
2464 3 16 37
3144 3 16 31
1087 3 16 26
4868 3 16 19
967 3 16 14
2886 3 16 10
36 3 16 5
3542 3 17 86
820 3 17 81
462 3 17 75
452 3 17 69
2585 3 17 64
2618 3 17 58
4871 3 17 51
436 3 17 44
336 3 17 39
1889 3 17 34
4662 3 17 26
4373 3 17 19
360 3 17 14
1872 3 17 10
4132 3 17 4
1023 3 18 86
4209 3 18 80
5173 3 18 74
398 3 18 67
3221 3 18 61
1259 3 18 56
2646 3 18 49
3594 3 18 44
5188 3 18 38
2511 3 18 33
3991 3 18 27
2617 3 18 21
4878 3 18 14
232 3 18 10
3928 3 18 4
519 3 19 86
4028 3 19 80
3808 3 19 74
4121 3 19 66
1671 3 19 61
306 3 19 56
1911 3 19 49
3438 3 19 44
3396 3 19 38
2127 3 19 33
3408 3 19 27
957 3 19 21
4324 3 19 14
4560 3 19 9
3689 3 19 4
2829 4 1 85
3964 4 1 78
2710 4 1 70
581 4 1 62
3350 4 1 55
1012 4 1 50
4971 4 1 45
172 4 1 37
2059 4 1 31
3415 4 1 25
3840 4 1 21
3645 4 1 14
4041 4 1 9
4119 4 1 3
2467 4 3 84
3607 4 3 77
3173 4 3 72
1256 4 3 67
2206 4 3 61
5018 4 3 55
4178 4 3 49
2103 4 3 44
3211 4 3 38
368 4 3 33
2060 4 3 27
4708 4 3 20
1472 4 3 15
623 4 3 8
5208 4 3 1
2542 4 5 83
2470 4 5 79
5174 4 5 73
3898 4 5 68
3501 4 5 64
1859 4 5 58
2895 4 5 51
2637 4 5 43
4 4 5 39
5140 4 5 33
726 4 5 27
2379 4 5 20
1054 4 5 15
5194 4 5 7
378 4 6 83
2301 4 6 79
4823 4 6 73
3491 4 6 68
2363 4 6 64
1845 4 6 58
2306 4 6 51
1354 4 6 43
3225 4 6 38
5204 4 6 32
2639 4 6 26
3288 4 6 19
1221 4 6 13
4647 4 6 7
3486 4 10 80
2154 4 10 74
4820 4 10 65
3546 4 10 59
1267 4 10 51
4365 4 10 42
4918 4 10 37
1140 4 10 31
3205 4 10 25
1983 4 10 21
2960 4 10 14
3715 4 10 9
2107 4 10 3
3435 4 12 79
3044 4 12 73
1804 4 12 68
683 4 12 64
801 4 12 58
2323 4 12 50
4712 4 12 45
4428 4 12 36
622 4 12 29
2638 4 12 22
1971 4 12 15
4805 4 12 7
2441 4 14 79
756 4 14 73
5039 4 14 67
1441 4 14 61
4989 4 14 55
2339 4 14 49
500 4 14 44
985 4 14 38
5079 4 14 32
1626 4 14 26
3240 4 14 19
954 4 14 13
3642 4 14 7
779 5 1 79
442 5 1 73
4285 5 1 67
4182 5 1 60
1436 5 1 55
1146 5 1 49
4574 5 1 43
158 5 1 38
4950 5 1 32
1160 5 1 26
227 5 1 19
3276 5 1 12
3374 5 1 6
4585 5 3 78
1947 5 3 70
4906 5 3 61
3274 5 3 55
440 5 3 49
3503 5 3 43
4778 5 3 37
124 5 3 31
3048 5 3 25
1746 5 3 21
807 5 3 14
2527 5 3 9
4962 5 3 2
2185 5 7 78
1592 5 7 70
4359 5 7 61
1876 5 7 55
4993 5 7 48
3873 5 7 43
4475 5 7 37
4160 5 7 30
4583 5 7 24
799 5 7 19
2508 5 7 12
2978 5 7 6
2669 5 8 76
11 5 8 71
3418 5 8 64
430 5 8 58
3147 5 8 49
2629 5 8 43
1987 5 8 37
4484 5 8 29
2533 5 8 22
1676 5 8 15
4607 5 8 7
1289 5 10 76
3581 5 10 70
3217 5 10 61
559 5 10 55
3825 5 10 48
3613 5 10 43
169 5 10 37
3646 5 10 29
2824 5 10 21
474 5 10 14
192 5 10 9
4577 5 10 2
3084 5 12 75
181 5 12 69
1766 5 12 64
3265 5 12 57
1645 5 12 50
1658 5 12 45
3853 5 12 36
4331 5 12 28
2519 5 12 22
5128 5 12 14
532 5 12 8
3943 5 12 1
2264 5 14 73
3315 5 14 67
2209 5 14 60
1708 5 14 54
4741 5 14 49
1654 5 14 43
4007 5 14 36
2160 5 14 28
1446 5 14 21
5130 5 14 13
841 5 14 7
1418 5 16 73
2544 5 16 67
3660 5 16 59
821 5 16 51
3361 5 16 42
1315 5 16 37
3512 5 16 29
1842 5 16 21
4734 5 16 13
1844 5 16 6
2665 5 17 68
451 5 17 64
3038 5 17 57
1374 5 17 50
963 5 17 45
2678 5 17 36
1532 5 17 28
308 5 17 21
3286 5 17 13
1716 5 17 6
617 5 18 67
4671 5 18 58
80 5 18 49
3568 5 18 42
837 5 18 37
155 5 18 29
471 5 18 21
1914 5 18 13
5146 5 18 5
769 5 19 66
4076 5 19 60
434 5 19 54
4230 5 19 49
771 5 19 42
3472 5 19 36
665 5 19 28
4179 5 19 20
428 5 19 15
3644 5 19 7
5183 6 1 97
1828 6 1 94
96 6 1 89
3243 6 1 83
470 6 1 79
4826 6 1 72
964 6 1 67
3790 6 1 58
4669 6 1 48
3112 6 1 43
3769 6 1 36
468 6 1 28
3065 6 1 20
4194 6 1 14
5157 6 1 7
4313 6 3 96
4563 6 3 92
1401 6 3 85
2666 6 3 78
4548 6 3 69
663 6 3 64
1184 6 3 57
992 6 3 50
4265 6 3 44
4287 6 3 37
3110 6 3 28
2392 6 3 20
3570 6 3 14
4489 6 3 7
2655 6 4 96
3963 6 4 92
4964 6 4 84
3482 6 4 77
3804 6 4 71
2338 6 4 64
743 6 4 57
4466 6 4 49
136 6 4 42
2288 6 4 36
4896 6 4 27
5094 6 4 19
2463 6 4 12
2236 6 4 6
4815 6 5 95
2358 6 5 90
2412 6 5 85
4364 6 5 77
3600 6 5 71
1824 6 5 64
4315 6 5 55
3657 6 5 48
2411 6 5 43
1747 6 5 36
3122 6 5 27
3098 6 5 19
2005 6 5 12
5162 6 5 5
737 6 6 95
117 6 6 90
2216 6 6 85
2941 6 6 77
1238 6 6 71
5215 6 6 63
4813 6 6 58
4109 6 6 48
2253 6 6 43
1613 6 6 36
2563 6 6 27
2225 6 6 19
1698 6 6 12
4252 6 6 5
681 6 7 95
3538 6 7 89
3806 6 7 82
228 6 7 74
4010 6 7 65
2743 6 7 59
43 6 7 51
2012 6 7 42
1528 6 7 36
4891 6 7 26
48 6 7 19
4984 6 7 11
2593 6 7 5
374 6 8 95
1590 6 8 89
3587 6 8 82
4700 6 8 73
527 6 8 67
3402 6 8 58
346 6 8 48
222 6 8 43
533 6 8 36
3389 6 8 26
4415 6 8 18
3967 6 8 10
2916 6 8 4
4833 6 10 94
3847 6 10 88
3041 6 10 81
3935 6 10 74
3502 6 10 65
2176 6 10 59
4533 6 10 50
2822 6 10 44
3500 6 10 37
2982 6 10 28
1649 6 10 20
1139 6 10 14
4040 6 10 7
4086 6 12 94
2717 6 12 88
2804 6 12 81
2901 6 12 74
3341 6 12 65
1864 6 12 59
4369 6 12 50
1426 6 12 44
3268 6 12 37
3142 6 12 27
1646 6 12 19
4801 6 12 11
4208 6 12 4
2757 6 14 94
1945 6 14 88
2631 6 14 81
2787 6 14 74
3321 6 14 65
370 6 14 59
3837 6 14 50
928 6 14 44
3059 6 14 37
790 6 14 27
1056 6 14 19
4774 6 14 11
2290 6 14 4
2550 6 16 94
1363 6 16 88
1682 6 16 81
2152 6 16 74
3296 6 16 65
3108 6 16 58
3379 6 16 47
4337 6 16 40
3856 6 16 33
4991 6 16 26
4316 6 16 18
2525 6 16 10
2311 6 16 4
2305 7 1 94
1216 7 1 88
162 7 1 81
1734 7 1 74
2993 7 1 65
2280 7 1 58
2098 7 1 47
3531 7 1 40
3553 7 1 33
4492 7 1 26
3627 7 1 18
1934 7 1 10
1198 7 1 4
700 7 14 94
5206 7 14 87
2490 7 14 83
71 7 14 79
3954 7 14 72
352 7 14 67
2996 7 14 58
93 7 14 47
3513 7 14 40
3264 7 14 33
4152 7 14 26
2598 7 14 18
1487 7 14 10
5077 7 14 3
333 7 16 94
4848 7 16 87
4852 7 16 82
1869 7 16 73
4660 7 16 66
2016 7 16 60
4970 7 16 53
1566 7 16 47
64 7 16 40
1570 7 16 33
4060 7 16 26
1214 7 16 18
4791 7 16 9
4550 7 16 2
38 7 18 94
4626 7 18 87
3259 7 18 82
1516 7 18 72
4047 7 18 66
1731 7 18 60
4644 7 18 53
850 7 18 47
3433 7 18 39
3477 7 18 33
3670 7 18 26
1180 7 18 18
3528 7 18 9
4055 7 18 2
3480 7 19 93
3189 7 19 87
1618 7 19 82
829 7 19 72
3651 7 19 66
1615 7 19 60
3786 7 19 53
241 7 19 47
1695 7 19 39
3063 7 19 33
919 7 19 26
936 7 19 18
3339 7 19 9
3604 7 19 2
2841 8 1 93
4966 8 1 86
2828 8 1 80
1375 8 1 74
1644 8 1 65
5035 8 1 57
3166 8 1 49
3864 8 1 41
1720 8 1 33
402 8 1 26
860 8 1 18
3187 8 1 9
3218 8 1 2
1197 8 3 93
4582 8 3 86
4270 8 3 79
3281 8 3 72
3305 8 3 66
2935 8 3 59
3800 8 3 50
896 8 3 44
1519 8 3 37
101 8 3 27
858 8 3 19
4546 8 3 11
1336 8 3 4
4632 8 5 92
3826 8 5 84
1841 8 5 77
496 8 5 71
4838 8 5 63
2862 8 5 58
2790 8 5 46
4050 8 5 40
1322 8 5 33
3035 8 5 25
1128 8 5 21
1364 8 5 13
2562 8 5 5
2501 8 14 92
1627 8 14 84
811 8 14 77
2514 8 14 70
834 8 14 61
5106 8 14 54
2099 8 14 49
2705 8 14 41
1505 8 14 33
2205 8 14 25
52 8 14 21
1100 8 14 13
1813 8 14 5
2134 8 16 92
2536 8 16 83
1975 8 16 78
2038 8 16 69
585 8 16 64
3446 8 16 55
2987 8 16 48
4377 8 16 42
4941 8 16 35
4046 8 16 28
646 8 16 20
5057 8 16 13
1601 8 16 5
966 8 18 92
859 8 18 83
1129 8 18 78
1968 8 18 69
5010 8 18 63
2062 8 18 58
2304 8 18 45
1285 8 18 36
2876 8 18 26
521 8 18 18
1668 8 18 9
1699 8 18 2
655 8 19 92
284 8 19 83
4516 8 19 77
2223 8 19 70
651 8 19 61
4486 8 19 54
4476 8 19 48
818 8 19 42
1950 8 19 35
2252 8 19 28
491 8 19 20
5049 8 19 13
338 8 19 5
3809 9 1 91
2727 9 1 83
2449 9 1 77
1527 9 1 70
2567 9 1 60
3614 9 1 53
137 9 1 47
1442 9 1 39
2147 9 1 33
1707 9 1 25
4228 9 1 20
4765 9 1 13
3836 9 1 4
3636 9 3 91
2268 9 3 83
4070 9 3 76
2836 9 3 70
2289 9 3 60
3325 9 3 53
5083 9 3 46
2232 9 3 40
982 9 3 33
1152 9 3 25
2458 9 3 20
24 9 3 13
3672 9 3 4
1709 9 5 91
1628 9 5 83
3376 9 5 76
2257 9 5 70
3816 9 5 59
1384 9 5 50
189 9 5 44
4655 9 5 36
2906 9 5 25
1123 9 5 20
4830 9 5 12
3440 9 5 5
4250 9 6 90
1024 9 6 85
1004 9 6 77
872 9 6 70
3037 9 6 59
2281 9 6 49
3375 9 6 40
5002 9 6 32
4776 9 6 25
852 9 6 20
4681 9 6 12
1985 9 6 5
2966 9 7 90
947 9 7 85
3763 9 7 76
2095 9 7 70
2605 9 7 59
1963 9 7 49
639 9 7 40
2609 9 7 32
4605 9 7 25
441 9 7 20
2244 9 7 12
121 9 7 5
2452 9 8 90
385 9 8 85
3046 9 8 76
1208 9 8 70
1366 9 8 59
1189 9 8 49
1415 9 8 39
1621 9 8 33
1017 9 8 25
320 9 8 20
1188 9 8 12
3812 9 8 4
884 9 9 90
4500 9 9 84
544 9 9 77
5138 9 9 69
3830 9 9 63
1437 9 9 58
1181 9 9 45
4549 9 9 35
2214 9 9 28
267 9 9 20
1030 9 9 12
2909 9 9 4
4588 9 10 89
3086 9 10 82
2052 9 10 71
3801 9 10 63
835 9 10 58
4268 9 10 43
5163 9 10 35
1600 9 10 28
41 9 10 20
730 9 10 12
2153 9 10 4
1612 9 11 89
2899 9 11 82
1785 9 11 71
3134 9 11 63
4711 9 11 57
2074 9 11 49
1274 9 11 39
1524 9 11 33
311 9 11 25
4049 9 11 19
3000 9 11 11
787 9 11 4
838 9 12 89
712 9 12 82
134 9 12 71
2522 9 12 63
2530 9 12 57
1476 9 12 49
5193 9 12 38
3535 9 12 32
4336 9 12 25
2795 9 12 19
2198 9 12 11
4309 9 12 3
4710 9 14 88
2329 9 14 80
698 9 14 74
1498 9 14 65
2915 9 14 57
293 9 14 49
4400 9 14 38
587 9 14 32
3566 9 14 25
761 9 14 19
1873 9 14 11
19 9 14 3
4514 9 16 88
1994 9 16 80
3611 9 16 73
4280 9 16 66
2687 9 16 59
4672 9 16 48
301 9 16 42
230 9 16 35
1563 9 16 28
4457 9 16 19
1684 9 16 11
4233 9 16 2
3728 9 18 88
1460 9 18 80
5028 9 18 72
2786 9 18 66
484 9 18 59
4442 9 18 48
4834 9 18 41
1116 9 18 33
2870 9 18 24
4623 9 18 18
2588 9 18 8
2499 9 18 1
2818 10 1 88
1142 10 1 80
1659 10 1 72
2784 10 1 66
4502 10 1 58
3910 10 1 43
4150 10 1 35
4296 10 1 27
4845 10 1 18
1432 10 1 8
1597 10 1 1
2731 10 3 88
3266 10 3 79
554 10 3 72
2035 10 3 66
2532 10 3 58
1144 10 3 43
1648 10 3 35
2450 10 3 27
4367 10 3 18
802 10 3 8
309 10 3 1
3927 10 5 87
909 10 5 82
4410 10 5 70
3909 10 5 58
747 10 5 42
5003 10 5 34
3731 10 5 26
82 10 5 18
724 10 5 8
247 10 5 1
3442 10 6 87
687 10 6 82
4407 10 6 70
3484 10 6 58
5088 10 6 41
5145 10 6 32
3154 10 6 25
3316 10 6 18
2977 10 6 7
1296 10 7 87
604 10 7 82
4190 10 7 70
2958 10 7 58
1837 10 7 40
1025 10 7 32
1786 10 7 25
2922 10 7 18
2923 10 7 7
946 10 8 87
5171 10 8 81
1281 10 8 74
980 10 8 65
2797 10 8 57
4005 10 8 48
3773 10 8 41
3298 10 8 32
2660 10 8 24
2475 10 8 18
1406 10 8 7
126 10 9 87
4687 10 9 81
113 10 9 74
81 10 9 65
1706 10 9 57
2914 10 9 48
3479 10 9 41
2716 10 9 32
1770 10 9 24
1986 10 9 18
1183 10 9 7
4876 10 10 86
3869 10 10 79
265 10 10 72
150 10 10 66
286 10 10 58
1809 10 10 40
3741 10 10 31
1067 10 10 25
1361 10 10 18
773 10 10 7
4674 10 11 86
2692 10 11 79
208 10 11 72
5217 10 11 65
332 10 11 57
2166 10 11 48
3370 10 11 41
2029 10 11 32
1631 10 11 24
4831 10 11 17
3980 10 11 12
4928 10 11 3
2702 10 12 86
4925 10 12 78
178 10 12 69
3463 10 12 63
710 10 12 57
1253 10 12 48
4045 10 12 40
3040 10 12 30
4360 10 12 24
2944 10 12 17
2670 10 12 12
691 10 12 3
44 10 14 86
4732 10 14 78
4171 10 14 68
4383 10 14 63
563 10 14 57
221 10 14 48
2962 10 14 40
1261 10 14 30
3632 10 14 24
1609 10 14 17
1739 10 14 12
3151 10 14 2
1826 10 16 85
5105 10 16 75
4740 10 16 68
4294 10 16 63
197 10 16 57
3196 10 16 47
766 10 16 39
960 10 16 33
2401 10 16 24
5056 10 16 16
1893 10 16 11
4064 10 16 2
1040 10 18 85
2703 10 18 75
3043 10 18 68
2810 10 18 63
4798 10 18 56
759 10 18 48
596 10 18 40
568 10 18 30
3095 10 18 24
4328 10 18 16
1304 10 18 11
2592 10 18 2
4606 11 1 84
147 11 1 77
5085 11 1 69
2606 11 1 63
4735 11 1 56
4716 11 1 47
116 11 1 39
5195 11 1 32
1567 11 1 24
2910 11 1 16
5117 11 1 10
4917 11 1 3
3436 11 3 84
4705 11 3 76
590 11 3 70
2570 11 3 57
3081 11 3 47
79 11 3 39
4177 11 3 32
1268 11 3 24
2119 11 3 16
4764 11 3 10
3175 11 3 3
4717 11 14 83
2937 11 14 76
3771 11 14 69
2443 11 14 63
3026 11 14 56
4559 11 14 47
4154 11 14 38
486 11 14 32
1210 11 14 24
4983 11 14 15
2723 11 14 7
4105 11 16 83
1791 11 16 76
3764 11 16 69
1347 11 16 63
1526 11 16 56
3629 11 16 47
2603 11 16 38
2494 11 16 31
506 11 16 25
2782 11 16 17
1417 11 16 12
1334 11 16 2
2483 11 18 83
1120 11 18 76
3464 11 18 69
199 11 18 63
1247 11 18 56
1162 11 18 47
723 11 18 38
1439 11 18 31
5132 11 18 24
3882 11 18 15
1331 11 18 7
3104 12 1 81
4899 12 1 73
3667 12 1 66
282 12 1 58
2434 12 1 37
4972 12 1 26
4017 12 1 17
356 12 1 11
2096 12 1 2
3729 12 3 79
3119 12 3 71
1607 12 3 63
1072 12 3 56
423 12 3 47
4635 12 3 37
4578 12 3 26
2604 12 3 17
2648 12 3 10
2859 12 3 3
3384 12 5 78
2725 12 5 68
164 12 5 63
911 12 5 56
4218 12 5 46
805 12 5 40
337 12 5 30
1462 12 5 24
3789 12 5 15
391 12 5 7
2438 12 6 78
1993 12 6 68
1190 12 6 62
1485 12 6 55
2455 12 6 48
3952 12 6 39
250 12 6 32
1031 12 6 24
3726 12 6 15
3920 12 6 6
4034 12 7 76
3345 12 7 69
4939 12 7 62
1484 12 7 55
4432 12 7 47
384 12 7 37
4488 12 7 26
5190 12 7 16
3033 12 7 10
2248 12 7 3
701 12 8 76
4424 12 8 68
445 12 8 62
424 12 8 55
2615 12 8 47
115 12 8 37
4389 12 8 26
4570 12 8 16
2124 12 8 10
1015 12 8 3
1200 12 9 73
3320 12 9 66
5071 12 9 57
2951 12 9 47
4879 12 9 36
2776 12 9 25
2547 12 9 17
2355 12 9 10
376 12 9 3
1269 12 10 9
1587 12 10 2
3158 12 11 96
3163 12 11 91
1286 12 11 83
3412 12 11 75
2990 12 11 68
4937 12 11 61
4288 12 11 54
4215 12 11 48
2801 12 11 39
5168 12 11 31
4998 12 11 24
4995 12 11 14
3846 12 11 7
5030 12 12 95
1422 12 12 89
509 12 12 82
1675 12 12 70
1578 12 12 57
4828 12 12 46
504 12 12 40
3641 12 12 29
3588 12 12 20
409 12 12 12
4706 12 12 1
4133 12 14 95
191 12 14 89
411 12 14 82
3992 12 14 69
2481 12 14 62
114 12 14 55
2170 12 14 47
4642 12 14 36
2750 12 14 25
2222 12 14 17
736 12 14 10
3096 12 14 2
3934 13 1 95
2019 13 1 88
3016 13 1 79
1264 13 1 71
1213 13 1 63
515 13 1 56
4107 13 1 46
1513 13 1 39
4368 13 1 31
3580 13 1 24
3128 13 1 14
1382 13 1 7
3904 13 3 95
4459 13 3 87
3734 13 3 81
3779 13 3 73
1105 13 3 66
5055 13 3 57
4797 13 3 46
2834 13 3 37
4214 13 3 26
3707 13 3 16
778 13 3 10
3057 13 3 2
2101 13 12 95
3984 13 12 87
2151 13 12 81
2661 13 12 73
4804 13 12 65
4885 13 12 56
1307 13 12 46
1538 13 12 37
3897 13 12 26
2920 13 12 16
461 13 12 10
1599 13 12 2
1924 13 14 95
4510 13 14 86
4390 13 14 78
1981 13 14 68
2140 13 14 61
1370 13 14 54
3308 13 14 48
2371 13 14 39
4181 13 14 31
3275 13 14 24
2689 13 14 14
1061 13 14 7
864 13 16 95
4185 13 16 86
2843 13 16 78
1280 13 16 68
4688 13 16 60
2258 13 16 53
4654 13 16 46
1438 13 16 37
2165 13 16 26
1653 13 16 16
5020 13 16 9
641 13 16 2
601 13 17 95
4085 13 17 86
4965 13 17 77
4518 13 17 69
2175 13 17 62
763 13 17 54
2314 13 17 48
2260 13 17 39
3907 13 17 31
1483 13 17 24
4169 13 17 13
2211 13 17 4
4538 13 18 94
4370 13 18 87
1536 13 18 81
2278 13 18 73
4113 13 18 65
3961 13 18 56
4251 13 18 45
4080 13 18 35
1002 13 18 27
3890 13 18 18
729 13 18 7
3634 13 19 94
2486 13 19 87
781 13 19 81
1884 13 19 73
3891 13 19 65
3677 13 19 56
3795 13 19 45
3948 13 19 35
926 13 19 27
732 13 19 18
522 13 19 7
2771 14 1 94
914 14 1 87
4108 14 1 80
3478 14 1 71
978 14 1 63
5214 14 1 55
1629 14 1 47
3125 14 1 36
3973 14 1 24
2963 14 1 13
5004 14 1 3
5074 14 3 93
2393 14 3 86
4340 14 3 77
4140 14 3 69
2028 14 3 62
242 14 3 54
1481 14 3 48
4462 14 3 38
1324 14 3 31
5184 14 3 23
1133 14 3 17
165 14 3 10
1360 14 3 2
2925 14 4 93
1311 14 4 86
2572 14 4 77
3759 14 4 69
1480 14 4 62
4752 14 4 53
3753 14 4 46
1011 14 4 37
3309 14 4 25
3623 14 4 16
4507 14 4 9
4009 14 4 1
2001 14 5 93
1112 14 5 86
475 14 5 77
2046 14 5 69
1308 14 5 62
4697 14 5 53
2275 14 5 46
823 14 5 37
2872 14 5 25
3469 14 5 16
4197 14 5 9
3295 14 5 1
5199 14 7 92
4862 14 7 82
3255 14 7 69
405 14 7 62
3906 14 7 53
3624 14 7 45
1383 14 7 35
5036 14 7 26
1353 14 7 16
2889 14 7 9
3074 14 7 1
2970 14 8 92
4519 14 8 82
1634 14 8 69
3860 14 8 61
5058 14 8 53
3558 14 8 45
891 14 8 35
5102 14 8 25
2700 14 8 16
1271 14 8 9
3053 14 8 1
2811 14 9 92
2018 14 9 82
5169 14 9 67
4897 14 9 57
2975 14 9 46
4900 14 9 36
3939 14 9 24
2207 14 9 12
3103 14 9 1
2343 14 10 92
1155 14 10 81
1490 14 10 73
3354 14 10 65
3575 14 10 56
3616 14 10 45
621 14 10 35
4747 14 10 25
2640 14 10 16
1193 14 10 9
2869 14 10 1
2002 14 11 92
4637 14 11 80
1867 14 11 71
4130 14 11 62
2756 14 11 53
3411 14 11 45
5029 14 11 34
627 14 11 26
524 14 11 16
46 14 11 9
1176 14 11 1
4084 14 12 91
255 14 12 83
3247 14 12 75
1548 14 12 68
2238 14 12 60
1935 14 12 53
3006 14 12 45
3617 14 12 34
2884 14 12 25
2436 14 12 16
42 14 12 8
6 14 12 1
4026 14 14 91
45 14 14 83
1312 14 14 75
1448 14 14 68
659 14 14 60
1894 14 14 53
2308 14 14 45
3459 14 14 34
2362 14 14 25
2297 14 14 16
4354 14 14 7
3271 14 16 91
5027 14 16 82
3432 14 16 67
61 14 16 57
1407 14 16 46
3695 14 16 36
2331 14 16 24
4863 14 16 11
1881 14 16 2
1157 15 1 91
4414 15 1 82
1743 15 1 67
40 15 1 57
324 15 1 46
1396 15 1 36
1862 15 1 24
4238 15 1 11
4723 15 1 1
4116 15 5 90
3950 15 5 83
558 15 5 75
5080 15 5 67
2510 15 5 56
2991 15 5 45
1367 15 5 34
2094 15 5 25
1150 15 5 16
869 15 5 7
3279 16 1 90
3711 16 1 83
313 16 1 75
4525 16 1 67
1554 16 1 56
1887 16 1 45
51 16 1 34
1688 16 1 25
321 16 1 16
1034 16 1 6
2663 16 2 90
3680 16 2 83
2250 16 2 74
2113 16 2 64
3428 16 2 55
2817 16 2 46
3829 16 2 35
3236 16 2 25
4621 16 2 15
2420 16 2 6
2340 16 3 90
3156 16 3 83
2030 16 3 74
109 16 3 64
3193 16 3 55
2457 16 3 46
2932 16 3 35
2972 16 3 25
1057 16 3 15
1026 16 3 6
1758 16 5 90
2871 16 5 83
1996 16 5 74
2502 16 5 63
2496 16 5 55
2064 16 5 46
2913 16 5 35
1209 16 5 25
973 16 5 15
5201 16 5 5
1295 16 6 90
2868 16 6 83
1577 16 6 74
2491 16 6 63
212 16 6 55
4631 16 6 45
4255 16 6 33
714 16 6 24
2091 16 6 11
2446 16 6 1
1079 16 7 90
640 16 7 83
958 16 7 74
1733 16 7 63
5177 16 7 54
1474 16 7 48
3931 16 7 38
1170 16 7 31
4901 16 7 23
3076 16 7 16
3190 16 7 5
373 16 8 90
305 16 8 83
512 16 8 74
1314 16 8 63
3353 16 8 54
1310 16 8 48
2875 16 8 38
1165 16 8 31
1736 16 8 23
2558 16 8 16
3023 16 8 5
281 16 9 90
152 16 9 83
4919 16 9 73
2976 16 9 65
2333 16 9 56
4033 16 9 44
4302 16 9 36
952 16 9 24
5129 16 9 10
334 16 9 2
4767 16 10 89
4718 16 10 81
675 16 10 73
2814 16 10 65
1164 16 10 56
4013 16 10 44
4120 16 10 36
694 16 10 24
4256 16 10 10
4325 16 10 1
907 16 11 89
4397 16 11 81
5192 16 11 72
4609 16 11 65
4496 16 11 55
1349 16 11 45
3995 16 11 33
3164 16 11 23
1918 16 11 16
1377 16 11 5
103 16 12 89
1282 16 12 81
3582 16 12 72
3705 16 12 65
3923 16 12 55
1027 16 12 45
3602 16 12 33
1492 16 12 23
1852 16 12 16
4257 16 12 4
35 16 13 89
565 16 13 81
3516 16 13 72
3267 16 13 65
3429 16 13 55
494 16 13 45
3601 16 13 33
349 16 13 23
1650 16 13 16
4117 16 13 4
910 16 14 88
2969 16 14 79
399 16 14 71
375 16 14 62
2493 16 14 53
3025 16 14 44
3372 16 14 36
3289 16 14 23
5212 16 14 15
4298 16 14 5
908 16 15 88
1801 16 15 79
188 16 15 71
4690 16 15 61
2462 16 15 53
2701 16 15 44
1037 16 15 36
2063 16 15 23
4954 16 15 15
4166 16 15 5
437 16 16 88
927 16 16 79
4184 16 16 70
5112 16 16 56
3589 16 16 44
507 16 16 36
1693 16 16 23
4888 16 16 15
3357 16 16 4
4777 16 17 87
4066 16 17 80
1096 16 17 70
4123 16 17 56
899 16 17 44
3956 16 17 35
1273 16 17 24
3955 16 17 10
2178 16 17 1
4467 16 18 87
2241 16 18 80
942 16 18 70
1674 16 18 56
669 16 18 44
3656 16 18 35
1068 16 18 24
3567 16 18 10
1135 16 18 1
3245 16 19 87
1839 16 19 80
483 16 19 70
921 16 19 56
465 16 19 44
3347 16 19 35
636 16 19 24
904 16 19 10
244 16 19 1
3129 17 1 87
1119 17 1 80
4460 17 1 69
2040 17 1 61
1936 17 1 53
2071 17 1 44
3131 17 1 35
3861 17 1 23
2783 17 1 15
1886 17 1 4
3034 17 2 87
4824 17 2 79
3574 17 2 70
5097 17 2 55
4787 17 2 43
5023 17 2 34
485 17 2 25
2309 17 2 14
1018 17 2 7
213 17 3 86
262 17 3 77
1386 17 3 69
1870 17 3 61
535 17 3 53
1843 17 3 44
2083 17 3 35
2684 17 3 23
2677 17 3 15
1797 17 3 4
4146 17 5 85
1090 17 5 75
3793 17 5 67
867 17 5 56
5216 17 5 43
3508 17 5 34
4696 17 5 24
4789 17 5 9
5165 17 6 84
3714 17 6 76
4011 17 6 68
4840 17 6 59
4246 17 6 47
2720 17 6 36
1410 17 6 23
895 17 6 15
786 17 6 4
5100 17 7 83
4455 17 7 73
2622 17 7 65
2952 17 7 55
3708 17 7 43
3496 17 7 34
4472 17 7 24
4438 17 7 9
3410 17 8 83
4212 17 8 73
141 17 8 65
2004 17 8 55
3019 17 8 43
1879 17 8 34
4205 17 8 24
2933 17 8 9
2235 17 9 83
3756 17 9 73
2126 17 9 64
1075 17 9 55
1423 17 9 43
1323 17 9 34
1923 17 9 24
1262 17 9 9
2043 17 10 83
3658 17 10 73
1990 17 10 64
4561 17 10 54
4290 17 10 47
252 17 10 35
1780 17 10 23
3292 17 10 14
13 17 10 7
3638 17 11 82
1340 17 11 66
4416 17 11 57
5041 17 11 45
3223 17 11 33
47 17 11 23
1489 17 11 14
4942 17 11 6
2813 17 12 82
98 17 12 66
4100 17 12 57
1673 17 12 45
2891 17 12 33
3635 17 12 22
4855 17 12 14
4552 17 12 6
894 17 13 82
3820 17 13 64
2659 17 13 54
3768 17 13 47
1632 17 13 34
1717 17 13 24
4413 17 13 8
193 17 14 82
1074 17 14 64
1574 17 14 54
3679 17 14 47
271 17 14 34
5151 17 14 23
49 17 14 14
4065 17 14 6
1134 17 15 80
5095 17 15 68
2579 17 15 59
2296 17 15 46
2762 17 15 35
1667 17 15 23
5068 17 15 13
4854 17 15 3
1773 17 16 79
1258 17 16 70
1944 17 16 55
5153 17 16 42
4691 17 16 34
4371 17 16 23
3712 17 16 13
3367 17 16 3
288 17 17 79
4590 17 17 69
1021 17 17 61
4587 17 17 52
2856 17 17 44
998 17 17 35
1552 17 17 23
257 17 17 13
1447 17 17 3
2620 17 18 78
249 17 18 68
1948 17 18 59
1234 17 18 46
629 17 18 35
775 17 18 23
1611 17 18 12
1517 17 18 1
477 17 19 78
625 17 19 67
4406 17 19 55
4024 17 19 42
4529 17 19 34
2444 17 19 23
95 17 19 12
2210 17 19 1
458 19 0 77
5186 19 0 68
499 19 0 59
5154 19 0 45
1783 19 0 33
1638 19 0 22
3880 19 0 14
1520 19 0 6
4803 19 1 75
2422 19 1 67
2125 19 1 55
3757 19 1 42
3871 19 1 34
1788 19 1 23
3551 19 1 11
1434 19 1 1
2826 19 2 71
4622 19 2 61
3962 19 2 52
2034 19 2 44
3865 19 2 34
3409 19 2 22
3876 19 2 14
1199 19 2 6
3069 19 3 68
316 19 3 59
2381 19 3 45
163 19 3 33
3285 19 3 21
945 19 3 13
871 19 3 3
2350 19 4 66
3831 19 4 57
4513 19 4 44
3622 19 4 34
3775 19 4 21
652 19 4 13
657 19 4 3
4501 19 5 16
1946 19 5 4
395 19 6 94
5161 19 6 86
4743 19 6 76
2719 19 6 68
3383 19 6 58
3989 19 6 36
2938 19 6 22
905 19 6 14
142 19 6 6
177 19 7 94
4527 19 7 86
4468 19 7 76
2517 19 7 68
2365 19 7 58
322 19 7 36
1565 19 7 22
314 19 7 14
3819 19 7 5
58 19 8 94
2728 19 8 86
4374 19 8 76
2219 19 8 68
3842 19 8 57
1890 19 8 44
3511 19 8 34
1657 19 8 21
3009 19 8 12
3736 19 9 93
2089 19 9 85
359 19 9 75
1531 19 9 67
822 19 9 55
4779 19 9 41
3987 19 9 31
666 19 9 23
3548 19 9 11
739 19 10 93
888 19 10 85
4742 19 10 74
1141 19 10 63
3008 19 10 54
3664 19 10 47
4659 19 10 33
1240 19 10 21
2320 19 10 12
3572 19 11 92
3913 19 11 80
3536 19 11 68
444 19 11 57
1050 19 11 44
3148 19 11 34
1584 19 11 21
1518 19 11 12
2006 19 12 92
1230 19 12 80
1838 19 12 68
3781 19 12 56
1774 19 12 43
3982 19 12 33
33 19 12 21
1497 19 12 12
1906 19 13 92
3561 19 13 79
3099 19 13 69
148 19 13 61
2076 19 13 52
4818 19 13 43
3185 19 13 33
4790 19 13 20
3760 19 13 11
1345 19 14 92
1810 19 14 79
1032 19 14 69
4474 19 14 60
1547 19 14 53
1637 19 14 44
1702 19 14 34
1276 19 14 20
3369 19 14 11
4568 19 15 91
3291 19 15 82
1305 19 15 63
2680 19 15 54
2981 19 15 47
1103 19 15 33
2581 19 15 20
2778 19 15 11
4318 19 16 91
3124 19 16 82
2516 19 16 62
2279 19 16 53
1058 19 16 44
1572 19 16 34
2880 19 16 19
4310 19 16 10
4224 19 17 91
2430 19 17 82
2105 19 17 60
1020 19 17 53
1008 19 17 44
1506 19 17 34
4380 19 17 18
3821 19 17 6
3494 19 18 91
2215 19 18 82
410 19 18 60
4931 19 18 52
4292 19 18 43
1380 19 18 33
5051 19 18 19
2600 19 18 9
3422 19 19 91
4914 19 19 81
3261 19 19 72
4399 19 19 64
3852 19 19 53
955 19 19 44
4625 19 19 33
4782 19 19 19
815 19 19 9
