2485
3738 0 0 99
2389 0 0 97
2792 0 0 95
3531 0 0 92
1824 0 0 89
3813 0 0 87
2066 0 0 83
3578 0 0 80
3503 0 0 76
4061 0 0 73
350 0 0 71
1998 0 0 68
2180 0 0 66
3032 0 0 64
1028 0 0 61
3706 0 0 58
3446 0 0 56
3965 0 0 53
4013 0 0 50
3522 0 0 47
2649 0 0 44
39 0 0 42
2547 0 0 39
3665 0 0 36
3378 0 0 33
3231 0 0 29
1953 0 0 26
3350 0 0 22
2450 0 0 18
3320 0 0 15
3970 0 0 12
3984 0 0 9
2974 0 0 6
3829 0 0 3
1078 0 1 98
1214 0 1 95
3544 0 1 90
3495 0 1 87
1745 0 1 83
3957 0 1 79
2143 0 1 75
3436 0 1 71
630 0 1 68
313 0 1 65
7 0 1 62
3583 0 1 57
2190 0 1 54
352 0 1 51
3124 0 1 48
3074 0 1 46
483 0 1 43
3144 0 1 40
1354 0 1 37
4140 0 1 33
1970 0 1 29
2045 0 1 25
604 0 1 22
1237 0 1 18
804 0 1 15
2176 0 1 12
4104 0 1 7
3106 0 1 4
1424 0 1 1
444 0 2 98
3484 0 2 94
3598 0 2 90
2631 0 2 86
3061 0 2 83
3529 0 2 79
586 0 2 75
1481 0 2 71
131 0 2 68
3088 0 2 64
240 0 2 61
1503 0 2 58
3345 0 2 54
1271 0 2 50
3294 0 2 47
613 0 2 43
452 0 2 40
4031 0 2 36
3464 0 2 32
3114 0 2 29
1070 0 2 25
3460 0 2 21
1826 0 2 19
1534 0 2 16
182 0 2 13
3825 0 2 11
3904 0 2 8
2342 0 2 5
4162 0 2 1
3982 0 3 97
4121 0 3 92
709 0 3 88
3624 0 3 86
3038 0 3 83
2523 0 3 79
5 0 3 75
740 0 3 71
3773 0 3 67
2873 0 3 65
2610 0 3 61
4074 0 3 57
2002 0 3 53
2965 0 3 49
3519 0 3 46
3444 0 3 42
194 0 3 39
2383 0 3 35
3729 0 3 33
1651 0 3 29
349 0 3 25
1733 0 3 21
2379 0 3 18
3113 0 3 14
1740 0 3 10
800 0 3 8
3621 0 3 4
223 0 3 1
3525 0 4 97
1316 0 4 92
540 0 4 88
2155 0 4 85
3126 0 4 82
4189 0 4 79
2949 0 4 74
1513 0 4 71
2986 0 4 67
2678 0 4 64
3582 0 4 60
4147 0 4 57
1462 0 4 53
938 0 4 49
2867 0 4 45
3487 0 4 43
2252 0 4 39
3619 0 4 34
281 0 4 31
76 0 4 28
2144 0 4 26
3995 0 4 21
3418 0 4 17
151 0 4 15
1472 0 4 11
3768 0 4 8
3334 0 4 4
137 0 4 1
2376 0 5 97
4197 0 5 91
3004 0 5 88
1001 0 5 84
3193 0 5 81
2747 0 5 78
4165 0 5 73
3839 0 5 69
3643 0 5 66
561 0 5 64
2592 0 5 60
1009 0 5 57
889 0 5 53
2896 0 5 48
3681 0 5 44
3882 0 5 41
3372 0 5 38
3028 0 5 35
3958 0 5 32
2698 0 5 29
91 0 5 25
3408 0 5 20
3343 0 5 17
1154 0 5 14
3891 0 5 8
2602 0 5 4
2241 0 6 97
4145 0 6 91
2517 0 6 87
187 0 6 83
3625 0 6 78
2554 0 6 73
3387 0 6 69
3267 0 6 65
2348 0 6 61
2770 0 6 57
589 0 6 53
1054 0 6 48
3243 0 6 44
3756 0 6 40
1509 0 6 36
3063 0 6 32
3637 0 6 28
3545 0 6 25
978 0 6 20
3720 0 6 16
3506 0 6 12
961 0 6 7
820 0 6 3
1793 0 7 97
3978 0 7 91
3795 0 7 86
2280 0 7 83
1973 0 7 78
1150 0 7 73
1762 0 7 69
2913 0 7 65
3047 0 7 60
307 0 7 57
423 0 7 53
309 0 7 48
3215 0 7 44
2886 0 7 40
1395 0 7 36
2193 0 7 32
191 0 7 28
4117 0 7 24
803 0 7 22
906 0 7 18
1906 0 7 14
2064 0 7 8
3914 0 7 3
2934 0 8 96
1905 0 8 94
1774 0 8 90
3998 0 8 85
342 0 8 82
3594 0 8 78
1381 0 8 72
4091 0 8 69
1747 0 8 65
2933 0 8 60
2687 0 8 56
2617 0 8 53
4125 0 8 47
364 0 8 43
797 0 8 39
451 0 8 34
1275 0 8 30
1560 0 8 28
2763 0 8 24
4131 0 8 21
247 0 8 16
1268 0 8 11
3626 0 8 8
3725 0 8 3
2888 0 9 96
4163 0 9 93
4010 0 9 89
2578 0 9 85
2699 0 9 81
2879 0 9 77
2398 0 9 75
3425 0 9 69
1217 0 9 65
1213 0 9 60
226 0 9 56
4035 0 9 52
3740 0 9 48
727 0 9 44
716 0 9 40
1384 0 9 36
1821 0 9 31
2961 0 9 26
3012 0 9 21
1924 0 9 15
3861 0 9 10
3449 0 9 7
2955 0 9 2
683 0 10 96
1315 0 10 92
2122 0 10 87
2736 0 10 82
1118 0 10 78
1017 0 10 72
655 0 10 69
596 0 10 65
290 0 10 60
3486 0 10 55
1170 0 10 53
2890 0 10 47
3182 0 10 42
341 0 10 38
1452 0 10 33
3770 0 10 28
1865 0 10 24
689 0 10 19
1080 0 10 16
211 0 10 11
2932 0 10 8
822 0 10 3
2118 0 11 95
2760 0 11 90
2061 0 11 85
1848 0 11 80
276 0 11 76
3001 0 11 73
1592 0 11 68
2078 0 11 64
2060 0 11 60
2422 0 11 55
3922 0 11 51
2750 0 11 48
3881 0 11 43
2982 0 11 38
424 0 11 33
2650 0 11 28
554 0 11 24
3838 0 11 18
1302 0 11 14
1142 0 11 8
3629 0 11 1
1648 0 12 95
874 0 12 90
986 0 12 85
251 0 12 79
1379 0 12 74
2159 0 12 70
2684 0 12 66
2152 0 12 63
3554 0 12 61
4141 0 12 56
888 0 12 52
2788 0 12 48
2956 0 12 43
1880 0 12 38
3900 0 12 32
3499 0 12 27
3094 0 12 23
2029 0 12 19
1378 0 12 15
3572 0 12 10
2217 0 12 6
2865 0 12 1
1510 0 13 95
4160 0 13 89
1548 0 13 85
2791 0 13 78
843 0 13 72
3812 0 13 68
1412 0 13 64
1101 0 13 60
1759 0 13 55
1394 0 13 51
1137 0 13 46
2767 0 13 42
317 0 13 38
3421 0 13 32
2615 0 13 27
2928 0 13 23
1712 0 13 19
885 0 13 15
2668 0 13 10
2454 0 13 5
3178 0 13 1
311 0 14 95
3498 0 14 88
4003 0 14 83
960 0 14 78
398 0 14 72
3439 0 14 68
227 0 14 64
528 0 14 60
3682 0 14 54
235 0 14 50
995 0 14 46
3952 0 14 41
132 0 14 38
1744 0 14 32
857 0 14 27
1940 0 14 23
783 0 14 19
234 0 14 15
2340 0 14 9
1846 0 14 6
2246 0 14 1
2737 0 15 94
1655 0 15 90
133 0 15 85
1341 0 15 78
2999 0 15 71
2095 0 15 67
2296 0 15 63
3757 0 15 60
3087 0 15 54
4052 0 15 49
1882 0 15 45
4161 0 15 42
303 0 15 38
2507 0 15 31
1989 0 15 26
2713 0 15 21
1350 0 15 15
1144 0 15 9
3197 0 15 5
374 0 15 1
2703 0 16 94
183 0 16 90
1784 0 16 84
2969 0 16 80
3912 0 16 75
2813 0 16 69
4171 0 16 63
1841 0 16 60
2465 0 16 54
3977 0 16 49
3883 0 16 44
1885 0 16 39
178 0 16 34
3139 0 16 29
1952 0 16 24
1559 0 16 18
216 0 16 14
1760 0 16 7
881 0 16 2
1274 0 17 94
2757 0 17 89
529 0 17 85
3520 0 17 77
4043 0 17 74
1965 0 17 70
3200 0 17 65
2208 0 17 59
3588 0 17 55
602 0 17 51
3787 0 17 45
1015 0 17 42
3808 0 17 37
3384 0 17 33
1941 0 17 28
3478 0 17 23
1597 0 17 18
2237 0 17 13
3954 0 17 10
2337 0 17 5
4196 0 18 93
2798 0 18 89
260 0 18 85
3505 0 18 77
4177 0 18 73
4118 0 18 67
982 0 18 63
3137 0 18 59
3509 0 18 55
3753 0 18 50
3920 0 18 45
1291 0 18 41
3308 0 18 37
2588 0 18 32
312 0 18 27
1317 0 18 23
1432 0 18 18
1914 0 18 13
3703 0 18 10
1196 0 18 5
3936 0 19 93
1918 0 19 89
86 0 19 83
817 0 19 78
249 0 19 71
2016 0 19 67
4080 0 19 62
3270 0 19 57
3667 0 19 51
3543 0 19 45
4050 0 19 40
3654 0 19 35
2642 0 19 31
937 0 19 26
1687 0 19 21
1108 0 19 15
521 0 19 9
2387 0 19 5
3580 2 0 93
172 2 0 89
3254 2 0 82
300 2 0 78
3944 2 0 70
2907 2 0 65
2129 2 0 59
1469 2 0 55
3647 2 0 50
1336 2 0 45
3390 2 0 40
2570 2 0 35
1852 2 0 31
114 2 0 26
1038 2 0 21
2287 2 0 14
1627 2 0 7
28 2 0 2
2388 2 1 93
1022 2 1 88
1443 2 1 83
3585 2 1 77
3892 2 1 73
3934 2 1 67
3558 2 1 62
2564 2 1 57
3661 2 1 51
2834 2 1 45
934 2 1 40
1439 2 1 35
3611 2 1 30
3058 2 1 27
955 2 1 23
6 2 1 18
1267 2 1 13
3095 2 1 10
215 2 1 5
2239 2 2 93
542 2 2 88
3181 2 2 82
4096 2 2 77
2548 2 2 73
2656 2 2 67
3313 2 2 62
2486 2 2 57
2098 2 2 51
2136 2 2 45
3870 2 2 39
3315 2 2 33
1866 2 2 28
2959 2 2 23
4191 2 2 17
1110 2 2 14
3640 2 2 6
383 2 3 93
198 2 3 88
2215 2 3 82
3235 2 3 77
2137 2 3 73
2435 2 3 67
2935 2 3 62
2425 2 3 57
1898 2 3 51
1573 2 3 45
2836 2 3 39
2636 2 3 33
962 2 3 28
2765 2 3 23
2634 2 3 17
2534 2 3 13
1524 2 3 9
2263 2 3 5
274 2 6 93
449 2 6 87
1361 2 6 82
2937 2 6 77
754 2 6 73
2298 2 6 67
2667 2 6 62
535 2 6 57
3704 2 6 49
3723 2 6 44
1353 2 6 39
1511 2 6 33
2923 2 6 27
1706 2 6 22
4186 2 6 17
2384 2 6 13
863 2 6 9
552 2 6 5
3341 2 7 92
2779 2 7 86
3479 2 7 82
1233 2 7 77
2 2 7 73
1971 2 7 67
1711 2 7 62
338 2 7 57
3452 2 7 49
3575 2 7 44
3593 2 7 38
1034 2 7 31
2372 2 7 25
801 2 7 20
2493 2 7 16
3989 2 7 10
2894 2 7 4
2854 2 8 92
1763 2 8 86
1936 2 8 82
2782 2 8 76
3927 2 8 72
702 2 8 68
3732 2 8 63
2848 2 8 59
3457 2 8 54
3326 2 8 49
2690 2 8 44
2510 2 8 38
3128 2 8 30
2475 2 8 27
3742 2 8 21
474 2 8 14
2734 2 8 6
2587 2 9 92
1145 2 9 86
2883 2 9 81
2233 2 9 77
4063 2 9 72
1578 2 9 67
431 2 9 62
2054 2 9 56
2424 2 9 51
1374 2 9 45
2633 2 9 39
940 2 9 33
2481 2 9 27
3293 2 9 21
2806 2 9 13
1338 2 9 8
2802 2 9 1
1867 2 10 92
439 2 10 86
1732 2 10 81
2123 2 10 77
3751 2 10 72
3913 2 10 66
1566 2 10 63
2758 2 10 59
2419 2 10 54
112 2 10 49
1171 2 10 44
1554 2 10 38
254 2 10 30
2680 2 10 26
975 2 10 21
1982 2 10 12
3213 2 10 6
1157 2 11 92
111 2 11 86
3942 2 11 80
2165 2 11 75
2583 2 11 69
2664 2 11 63
1305 2 11 59
3807 2 11 53
2681 2 11 47
2707 2 11 42
2663 2 11 37
2350 2 11 32
2629 2 11 26
335 2 11 21
1903 2 11 12
2771 2 11 6
2784 2 12 91
2904 2 12 86
1620 2 12 80
1265 2 12 75
2441 2 12 69
2451 2 12 62
813 2 12 56
2345 2 12 51
1371 2 12 45
1153 2 12 39
3340 2 12 32
243 2 12 26
4029 2 12 20
1476 2 12 16
2416 2 12 10
2464 2 12 4
3192 2 14 90
3574 2 14 83
1664 2 14 77
662 2 14 72
3351 2 14 66
570 2 14 63
3822 2 14 57
1600 2 14 49
3406 2 14 43
1166 2 14 38
2377 2 14 29
1823 2 14 24
242 2 14 18
632 2 14 13
584 2 14 8
2778 2 14 1
1753 2 15 90
3482 2 15 83
1247 2 15 77
72 2 15 72
3295 2 15 66
177 2 15 63
3528 2 15 57
93 2 15 49
3662 2 15 42
1429 2 15 37
3381 2 15 31
1933 2 15 25
3792 2 15 19
30 2 15 15
4107 2 15 8
2766 2 15 1
942 2 17 90
481 2 17 83
1140 2 17 77
2828 2 17 71
1922 2 17 67
594 2 17 61
1893 2 17 55
1520 2 17 50
1279 2 17 45
890 2 17 39
3154 2 17 32
3567 2 17 25
1647 2 17 19
3739 2 17 14
2405 2 17 6
703 2 18 90
396 2 18 83
1669 2 18 76
2819 2 18 72
749 2 18 65
129 2 18 59
3561 2 18 53
2214 2 18 47
2632 2 18 42
1193 2 18 37
2648 2 18 31
562 2 18 24
3592 2 18 17
2360 2 18 13
369 2 18 8
2434 2 18 1
964 2 19 89
603 2 19 82
2356 2 19 76
2331 2 19 72
220 2 19 65
3430 2 19 58
790 2 19 54
3301 2 19 48
3493 2 19 42
305 2 19 37
2178 2 19 31
1822 2 19 23
1754 2 19 17
2487 2 19 12
2282 2 19 6
4174 3 0 88
1988 3 0 82
2081 3 0 76
2319 3 0 72
3711 3 0 64
268 3 0 60
59 3 0 54
2279 3 0 48
2624 3 0 42
3284 3 0 36
1188 3 0 31
904 3 0 23
3823 3 0 16
362 3 0 10
615 3 0 4
3969 3 6 88
1415 3 6 82
1628 3 6 76
1886 3 6 72
3256 3 6 64
3454 3 6 59
2912 3 6 53
1967 3 6 47
2589 3 6 42
3148 3 6 36
3302 3 6 30
52 3 6 26
3754 3 6 20
943 3 6 16
3194 3 6 9
416 3 6 5
246 3 10 88
1068 3 10 82
747 3 10 76
1191 3 10 72
3244 3 10 64
2397 3 10 59
3828 3 10 52
113 3 10 48
1658 3 10 42
3104 3 10 36
3092 3 10 30
3214 3 10 25
1477 3 10 19
3467 3 10 14
437 3 10 6
140 3 11 88
920 3 11 82
3367 3 11 75
2623 3 11 68
2141 3 11 63
731 3 11 57
3960 3 11 48
445 3 11 42
3031 3 11 36
2260 3 11 30
836 3 11 25
1005 3 11 19
3330 3 11 14
3177 3 11 5
2559 3 17 87
410 3 17 82
3250 3 17 75
2693 3 17 67
555 3 17 61
1491 3 17 55
1030 3 17 50
3834 3 17 44
36 3 17 38
2235 3 17 29
1333 3 17 24
3510 3 17 17
2404 3 17 12
3513 3 17 5
3775 3 18 86
1544 3 18 80
844 3 18 75
2444 3 18 67
2858 3 18 60
2290 3 18 53
3276 3 18 46
3091 3 18 41
3907 3 18 36
2031 3 18 30
2830 3 18 24
1413 3 18 17
2212 3 18 12
1194 3 18 5
2910 3 19 86
1202 3 19 80
786 3 19 75
1324 3 19 67
2015 3 19 60
2034 3 19 53
1179 3 19 46
3084 3 19 41
3342 3 19 36
388 3 19 30
2125 3 19 24
933 3 19 17
1615 3 19 12
138 3 19 5
4132 4 0 85
2812 4 0 77
2831 4 0 70
4166 4 0 64
2303 4 0 59
3641 4 0 52
1610 4 0 47
3262 4 0 41
2899 4 0 36
3761 4 0 29
3443 4 0 23
1777 4 0 16
2942 4 0 9
3597 4 0 4
3489 4 1 85
1062 4 1 77
1805 4 1 70
2232 4 1 64
3679 4 1 58
4002 4 1 53
648 4 1 46
2709 4 1 41
1677 4 1 36
2173 4 1 29
2761 4 1 23
963 4 1 16
2918 4 1 9
3504 4 1 3
2471 4 2 84
2127 4 2 80
1741 4 2 74
4073 4 2 69
4157 4 2 61
1067 4 2 55
2292 4 2 49
2940 4 2 42
2595 4 2 36
1869 4 2 29
1428 4 2 22
3052 4 2 17
1310 4 2 12
122 4 2 5
894 4 3 84
2220 4 3 79
931 4 3 74
193 4 3 69
3392 4 3 61
3147 4 3 54
1200 4 3 48
435 4 3 42
2402 4 3 36
1307 4 3 29
911 4 3 22
1921 4 3 17
723 4 3 12
3445 4 3 4
3131 4 4 83
1363 4 4 76
3743 4 4 71
500 4 4 67
1206 4 4 60
1943 4 4 53
2613 4 4 45
1318 4 4 38
548 4 4 29
762 4 4 22
793 4 4 17
49 4 4 12
1797 4 4 4
1024 4 6 80
564 4 6 74
3981 4 6 68
2971 4 6 62
2930 4 6 55
1995 4 6 49
2390 4 6 42
3098 4 6 35
2871 4 6 30
1764 4 6 24
337 4 6 17
3997 4 6 11
1523 4 6 8
616 4 6 1
1339 4 8 76
3584 4 8 71
3660 4 8 66
2413 4 8 61
469 4 8 54
785 4 8 48
2585 4 8 41
902 4 8 36
4100 4 8 28
3649 4 8 22
4136 4 8 16
165 4 8 9
590 4 8 3
3613 4 9 73
1736 4 9 67
1115 4 9 60
1123 4 9 53
3230 4 9 44
3097 4 9 37
991 4 9 31
298 4 9 23
3842 4 9 15
2710 4 9 8
426 4 9 1
2467 4 10 71
2535 4 10 66
1997 4 10 61
322 4 10 54
721 4 10 48
2460 4 10 41
3285 4 10 35
2531 4 10 30
605 4 10 24
1917 4 10 16
2116 4 10 8
184 4 10 1
572 4 11 69
2665 4 11 61
2301 4 11 53
3190 4 11 44
771 4 11 37
4008 4 11 30
3371 4 11 23
3260 4 11 15
2153 4 11 8
1403 4 11 1
1095 4 13 61
518 4 13 53
2721 4 13 44
4026 4 13 35
2254 4 13 30
2612 4 13 23
2655 4 13 15
3869 4 13 7
2488 4 14 98
622 4 14 94
440 4 14 89
450 4 14 82
2075 4 14 75
358 4 14 67
551 4 14 60
3846 4 14 52
1083 4 14 47
3135 4 14 41
264 4 14 35
3559 4 14 29
119 4 14 22
3346 4 14 16
1431 4 14 8
760 4 17 97
3339 4 17 91
1320 4 17 86
1082 4 17 80
272 4 17 74
3216 4 17 68
3536 4 17 61
3037 4 17 52
3986 4 17 46
1960 4 17 41
1820 4 17 34
2394 4 17 29
3762 4 17 21
297 4 17 12
1289 4 17 4
2749 5 3 96
692 5 3 92
3217 5 3 84
1437 5 3 79
3096 5 3 73
1098 5 3 67
2069 5 3 59
2458 5 3 52
2662 5 3 46
286 5 3 41
699 5 3 34
3865 5 3 28
3353 5 3 22
2859 5 3 16
4014 5 3 7
1480 5 4 96
4192 5 4 91
501 5 4 86
1347 5 4 79
1954 5 4 73
3234 5 4 66
31 5 4 61
2188 5 4 52
2209 5 4 46
3223 5 4 40
2489 5 4 34
3165 5 4 28
3066 5 4 22
559 5 4 16
3785 5 4 7
1516 5 6 95
2981 5 6 88
4176 5 6 81
2852 5 6 76
3201 5 6 71
1633 5 6 66
3975 5 6 60
1928 5 6 52
1949 5 6 46
3138 5 6 40
1407 5 6 34
1114 5 6 28
2701 5 6 22
4158 5 6 15
3867 5 6 7
984 5 8 95
2035 5 8 88
2568 5 8 81
2604 5 8 76
1932 5 8 71
17 5 8 66
3937 5 8 60
1864 5 8 52
4199 5 8 45
1061 5 8 38
217 5 8 29
2911 5 8 21
231 5 8 12
909 5 8 4
3750 5 11 94
816 5 11 88
1978 5 11 81
810 5 11 76
1799 5 11 71
4049 5 11 65
1368 5 11 58
2712 5 11 52
1168 5 11 45
838 5 11 38
3208 5 11 26
3409 5 11 20
523 5 11 15
2921 5 11 7
2936 5 13 94
3404 5 13 87
3608 5 13 80
1519 5 13 73
2576 5 13 66
3010 5 13 60
1451 5 13 52
96 5 13 45
99 5 13 38
2018 5 13 26
2882 5 13 20
466 5 13 15
2807 5 13 7
2669 5 14 94
2373 5 14 87
2900 5 14 80
2273 5 14 72
2775 5 14 64
3024 5 14 57
3450 5 14 48
2380 5 14 41
4084 5 14 33
1556 5 14 27
2533 5 14 21
181 5 14 12
3979 5 14 3
2258 5 17 94
875 5 17 87
1663 5 17 80
2070 5 17 72
2187 5 17 64
1514 5 17 56
776 5 17 51
1290 5 17 45
4075 5 17 37
3968 5 17 29
2505 5 17 21
3523 5 17 11
3893 5 17 7
143 5 19 94
2330 5 19 86
1075 5 19 79
2266 5 19 72
1243 5 19 64
461 5 19 56
331 5 19 51
3491 5 19 44
3778 5 19 35
2502 5 19 29
1780 5 19 21
1968 5 19 11
2408 5 19 7
2621 6 0 93
3251 6 0 86
1738 6 0 78
3304 6 0 70
1913 6 0 64
4020 6 0 55
1567 6 0 49
720 6 0 42
2480 6 0 35
694 6 0 29
3854 6 0 20
3617 6 0 14
2539 6 0 5
1416 6 1 93
3011 6 1 86
767 6 1 77
1199 6 1 70
1871 6 1 64
3224 6 1 55
1130 6 1 49
3935 6 1 41
3277 6 1 33
1406 6 1 27
2459 6 1 21
1260 6 1 11
1478 6 1 7
1173 6 4 93
1161 6 4 86
253 6 4 77
1449 6 4 69
2500 6 4 61
1868 6 4 52
3440 6 4 44
649 6 4 35
2320 6 4 28
1319 6 4 22
3903 6 4 15
2620 6 4 7
1116 6 8 93
3059 6 8 85
697 6 8 77
818 6 8 69
53 6 8 61
637 6 8 52
2808 6 8 44
425 6 8 35
2308 6 8 28
454 6 8 22
2110 6 8 15
2307 6 8 7
932 6 10 93
1259 6 10 85
228 6 10 77
3538 6 10 68
2556 6 10 61
4128 6 10 51
2772 6 10 44
3699 6 10 34
4119 6 10 27
1659 6 10 21
1020 6 10 11
3790 6 10 6
4099 6 11 92
1229 6 11 84
1526 6 11 78
1069 6 11 70
3788 6 11 63
37 6 11 57
1493 6 11 48
859 6 11 41
3085 6 11 33
646 6 11 27
657 6 11 21
1583 6 11 10
381 6 11 4
4030 6 12 92
819 6 12 84
1239 6 12 78
2058 6 12 69
2455 6 12 60
293 6 12 52
2781 6 12 44
1055 6 12 34
3645 6 12 27
2461 6 12 20
2068 6 12 14
2284 6 12 5
3685 6 13 92
3472 6 13 83
4130 6 13 75
3951 6 13 66
2811 6 13 60
3878 6 13 51
1696 6 13 44
2720 6 13 33
256 6 13 27
1832 6 13 20
432 6 13 14
2130 6 13 5
3705 6 14 91
4095 6 14 85
153 6 14 77
1839 6 14 68
2551 6 14 61
1131 6 14 51
402 6 14 44
1400 6 14 33
102 6 14 27
1048 6 14 20
2658 6 14 13
115 6 14 8
2868 6 15 91
3946 6 15 85
2837 6 15 76
1257 6 15 71
3410 6 15 65
3906 6 15 57
574 6 15 47
3112 6 15 41
2549 6 15 33
3653 6 15 26
950 6 15 20
1859 6 15 13
1662 6 15 7
3836 6 17 90
179 6 17 83
3175 6 17 75
2818 6 17 65
3264 6 17 57
332 6 17 47
2164 6 17 41
1335 6 17 33
2409 6 17 26
619 6 17 20
229 6 17 13
3801 6 17 6
3586 6 19 90
4190 6 19 82
1329 6 19 75
2120 6 19 65
2925 6 19 57
2512 6 19 46
2801 6 19 40
704 6 19 34
2724 6 19 27
608 6 19 19
2251 6 19 14
1984 6 19 5
1887 7 0 90
3963 7 0 82
3741 7 0 74
2829 7 0 68
2154 7 0 61
239 7 0 51
3985 7 0 43
3153 7 0 37
3170 7 0 29
2695 7 0 20
4146 7 0 12
2600 7 0 3
1507 7 1 90
1683 7 1 82
3648 7 1 74
1856 7 1 68
1391 7 1 61
4167 7 1 50
2321 7 1 44
2586 7 1 32
3258 7 1 25
640 7 1 19
3745 7 1 13
2055 7 1 6
8 7 2 90
1682 7 2 82
3607 7 2 74
344 7 2 68
1390 7 2 61
3988 7 2 50
471 7 2 44
1050 7 2 32
1808 7 2 25
3929 7 2 18
3595 7 2 12
2156 7 2 3
2970 7 4 89
200 7 4 82
3082 7 4 74
3184 7 4 67
1016 7 4 59
983 7 4 52
1685 7 4 44
907 7 4 32
1704 7 4 25
3337 7 4 18
2036 7 4 12
4110 7 4 2
2195 7 15 89
3871 7 15 81
4069 7 15 75
787 7 15 65
1772 7 15 57
1665 7 15 46
2640 7 15 40
110 7 15 34
1735 7 15 27
532 7 15 19
3576 7 15 13
1698 7 15 6
1019 7 17 89
3858 7 17 81
3355 7 17 75
591 7 17 65
1141 7 17 57
149 7 17 46
2515 7 17 40
3635 7 17 33
3821 7 17 25
1334 7 17 18
1829 7 17 12
3714 7 17 2
674 7 19 89
3737 7 19 81
1644 7 19 75
2964 7 19 64
3056 7 19 55
3845 7 19 48
769 7 19 41
4083 7 19 32
1488 7 19 25
3779 7 19 17
3515 7 19 11
2519 7 19 6
406 8 2 89
3492 8 2 81
3317 8 2 74
2715 8 2 67
301 8 2 59
3815 8 2 51
3524 8 2 43
2255 8 2 37
2639 8 2 29
2191 8 2 20
3755 8 2 12
3686 8 2 2
330 8 4 89
3035 8 4 81
2101 8 4 74
958 8 4 67
3136 8 4 58
403 8 4 52
1222 8 4 44
456 8 4 31
2080 8 4 22
2057 8 4 15
4058 8 4 6
3133 8 6 88
680 8 6 81
4070 8 6 73
2490 8 6 66
2121 8 6 60
3841 8 6 51
3483 8 6 43
1737 8 6 37
972 8 6 29
2028 8 6 20
3245 8 6 12
2948 8 6 2
1112 8 7 88
438 8 7 80
1722 8 7 72
3847 8 7 63
1 8 7 57
3564 8 7 45
2845 8 7 37
2353 8 7 28
2245 8 7 21
1479 8 7 10
3959 8 7 3
3939 8 8 87
370 8 8 80
1691 8 8 72
1582 8 8 63
3730 8 8 56
3579 8 8 50
2412 8 8 43
3382 8 8 36
3570 8 8 28
1133 8 8 21
737 8 8 10
3451 8 8 3
1950 8 9 87
3156 8 9 79
2067 8 9 72
2105 8 9 62
1757 8 9 55
3394 8 9 48
333 8 9 41
3633 8 9 32
2158 8 9 24
1219 8 9 16
3414 8 9 7
973 8 10 87
724 8 10 79
1692 8 10 72
1679 8 10 62
866 8 10 55
3282 8 10 48
2222 8 10 40
3145 8 10 33
2748 8 10 25
1657 8 10 17
3424 8 10 11
1812 8 10 6
1025 8 11 86
4170 8 11 76
3555 8 11 70
2529 8 11 63
1804 8 11 56
2816 8 11 50
1012 8 11 43
2367 8 11 36
3236 8 11 28
1129 8 11 21
2177 8 11 9
2780 8 11 2
497 8 12 86
3344 8 12 76
2756 8 12 70
1105 8 12 63
1715 8 12 56
2541 8 12 50
29 8 12 43
1870 8 12 36
2840 8 12 28
1127 8 12 21
563 8 12 9
1786 8 12 2
2274 8 13 85
2420 8 13 76
1162 8 13 70
777 8 13 63
678 8 13 56
966 8 13 50
3490 8 13 42
710 8 13 35
693 8 13 28
1036 8 13 21
3655 8 13 8
1875 8 15 84
719 8 15 78
3774 8 15 68
1355 8 15 61
1581 8 15 49
3817 8 15 41
1436 8 15 32
4175 8 15 23
1277 8 15 15
1312 8 15 6
1911 8 17 83
1117 8 17 75
2800 8 17 64
2358 8 17 55
3072 8 17 48
1263 8 17 40
2378 8 17 33
2682 8 17 25
1107 8 17 17
765 8 17 11
197 8 17 6
1345 8 19 83
847 8 19 75
2479 8 19 64
650 8 19 55
2247 8 19 48
244 8 19 40
2820 8 19 32
3540 8 19 23
1226 8 19 15
421 8 19 6
1325 9 0 81
1958 9 0 73
3550 9 0 65
926 9 0 57
3017 9 0 45
2577 9 0 37
1731 9 0 28
3863 9 0 20
1888 9 0 12
2563 9 0 2
2518 9 2 79
411 9 2 72
1675 9 2 62
4046 9 2 54
315 9 2 48
3246 9 2 39
3050 9 2 32
3349 9 2 23
750 9 2 15
1916 9 2 5
1863 9 4 79
4101 9 4 71
1853 9 4 65
78 9 4 57
45 9 4 45
1553 9 4 37
1525 9 4 28
3851 9 4 20
3765 9 4 10
3174 9 4 3
636 9 6 79
2675 9 6 71
446 9 6 65
2992 9 6 56
261 9 6 50
3469 9 6 42
515 9 6 35
3562 9 6 27
519 9 6 19
2385 9 6 13
4129 9 6 5
1018 9 7 78
2660 9 7 68
974 9 7 60
2862 9 7 51
3362 9 7 43
4112 9 7 35
2783 9 7 27
3806 9 7 17
3696 9 7 10
944 9 7 3
1221 9 8 77
359 9 8 68
71 9 8 60
2821 9 8 51
1100 9 8 43
1156 9 8 34
841 9 8 27
50 9 8 17
2975 9 8 10
3310 9 8 2
4151 9 9 75
2228 9 9 64
479 9 9 55
948 9 9 48
2733 9 9 39
2463 9 9 32
1136 9 9 23
1076 9 9 14
1904 9 9 5
4164 9 10 69
2065 9 10 60
1828 9 10 51
1060 9 10 43
2449 9 10 33
2484 9 10 25
1073 9 10 17
2151 9 10 10
3149 9 10 2
3016 9 15 69
168 9 15 60
1365 9 15 51
221 9 15 43
1765 9 15 33
1090 9 15 25
858 9 15 17
671 9 15 10
2794 9 15 2
1623 9 17 97
3109 9 17 91
3043 9 17 85
3458 9 17 75
2048 9 17 64
105 9 17 55
3820 9 17 47
2047 9 17 41
945 9 17 32
988 9 17 22
833 9 17 15
1646 9 17 5
25 9 19 94
2006 9 19 86
2647 9 19 76
588 9 19 70
644 9 19 63
371 9 19 56
3179 9 19 49
1979 9 19 41
729 9 19 32
825 9 19 22
4087 9 19 14
1901 9 19 5
4011 10 0 93
2608 10 0 84
514 10 0 78
2312 10 0 68
3724 10 0 59
3470 10 0 51
166 10 0 43
3569 10 0 32
3111 10 0 21
3233 10 0 8
2265 10 4 93
1466 10 4 84
2536 10 4 77
3766 10 4 67
1023 10 4 58
295 10 4 52
414 10 4 44
2229 10 4 30
2525 10 4 22
939 10 4 14
1376 10 4 4
2043 10 6 93
876 10 6 84
2524 10 6 77
3132 10 6 66
1819 10 6 60
2581 10 6 50
3212 10 6 42
1042 10 6 34
176 10 6 27
3763 10 6 15
1542 10 6 5
3160 10 11 92
3075 10 11 83
2407 10 11 74
856 10 11 67
230 10 11 58
4090 10 11 51
3848 10 11 42
69 10 11 34
3789 10 11 26
3710 10 11 19
1285 10 11 13
3767 10 11 5
2528 10 13 92
2442 10 13 83
2256 10 13 74
3987 10 13 66
1033 10 13 60
2009 10 13 49
1121 10 13 41
3916 10 13 31
923 10 13 22
936 10 13 14
1021 10 13 4
366 10 15 92
1489 10 15 83
924 10 15 74
3485 10 15 66
171 10 15 60
273 10 15 49
127 10 15 41
685 10 15 31
4144 10 15 21
1306 10 15 8
3873 10 19 91
2316 10 19 85
2853 10 19 75
1708 10 19 64
4 10 19 55
2790 10 19 47
3020 10 19 40
1842 10 19 32
3064 10 19 21
1723 10 19 7
1172 11 0 91
1426 11 0 85
2359 11 0 75
3783 11 0 63
4116 11 0 55
2313 11 0 47
2722 11 0 40
1332 11 0 32
3278 11 0 20
3733 11 0 10
2041 11 0 2
842 11 1 91
1327 11 1 85
1344 11 1 75
3323 11 1 63
4120 11 1 54
207 11 1 48
2323 11 1 39
2447 11 1 32
192 11 1 20
3428 11 1 10
4172 11 1 1
142 11 2 91
277 11 2 85
1174 11 2 75
2616 11 2 63
3507 11 2 54
3453 11 2 47
1630 11 2 40
3872 11 2 31
3397 11 2 21
1717 11 2 7
66 11 4 91
3879 11 4 84
2145 11 4 77
164 11 4 66
3225 11 4 59
2582 11 4 51
2452 11 4 42
3176 11 4 33
394 11 4 25
3928 11 4 16
4134 11 4 6
2597 11 8 90
1540 11 8 82
653 11 8 74
3027 11 8 65
1577 11 8 56
2645 11 8 49
3639 11 8 40
1790 11 8 31
3325 11 8 21
840 11 8 7
2456 11 9 90
868 11 9 82
2622 11 9 73
2628 11 9 65
1264 11 9 56
1937 11 9 49
2689 11 9 40
618 11 9 31
4078 11 9 20
2742 11 9 10
3666 11 9 1
1851 11 19 90
3744 11 19 81
1135 11 19 73
2403 11 19 65
1238 11 19 56
2300 11 19 48
1147 11 19 39
2326 11 19 32
2428 11 19 19
496 11 19 13
2705 11 19 5
3973 12 2 89
2995 12 2 81
667 12 2 73
1649 12 2 65
1046 12 2 56
3366 12 2 47
1500 12 2 40
4016 12 2 30
1619 12 2 22
652 12 2 14
3859 12 2 3
3610 12 4 89
1528 12 4 81
443 12 4 73
1470 12 4 65
3370 12 4 55
1331 12 4 47
1611 12 4 39
2276 12 4 32
1896 12 4 19
3039 12 4 12
1720 12 4 2
2046 12 6 89
1045 12 6 81
429 12 6 73
1301 12 6 65
959 12 6 55
4001 12 6 46
2427 12 6 40
3932 12 6 30
1584 12 6 22
459 12 6 13
2466 12 6 5
543 12 7 89
384 12 7 81
3855 12 7 72
794 12 7 61
1276 12 7 49
1599 12 7 40
3715 12 7 30
1373 12 7 22
3632 12 7 12
788 12 7 1
901 12 8 87
252 12 8 79
1725 12 8 71
3534 12 8 64
4064 12 8 54
3076 12 8 47
607 12 8 39
1721 12 8 32
339 12 8 18
1027 12 8 11
3967 12 8 5
3497 12 9 86
146 12 9 75
3140 12 9 62
1555 12 9 54
1985 12 9 47
51 12 9 39
1710 12 9 32
3532 12 9 17
582 12 9 10
3560 12 9 1
3162 12 11 86
3042 12 11 74
2306 12 11 65
3380 12 11 54
992 12 11 47
3541 12 11 38
695 12 11 26
2294 12 11 19
2347 12 11 12
3268 12 11 5
728 12 12 85
741 12 12 75
2037 12 12 62
4105 12 12 53
2076 12 12 44
1356 12 12 30
1086 12 12 22
1785 12 12 12
2375 12 12 5
64 12 13 85
1667 12 13 74
2147 12 13 65
2659 12 13 54
949 12 13 47
1801 12 13 38
407 12 13 26
3158 12 13 18
130 12 13 11
2297 12 13 5
2990 12 14 84
1673 12 14 77
1920 12 14 65
1806 12 14 54
477 12 14 46
2042 12 14 40
1498 12 14 30
968 12 14 22
726 12 14 12
2201 12 14 5
1742 12 15 84
2361 12 15 76
361 12 15 70
2443 12 15 62
2743 12 15 53
2011 12 15 44
862 12 15 28
2128 12 15 20
2022 12 15 10
3437 12 15 1
1122 12 17 84
2030 12 17 76
2895 12 17 69
3930 12 17 59
766 12 17 51
3565 12 17 40
173 12 17 30
225 12 17 22
419 12 17 12
834 12 17 5
2947 12 19 83
3996 12 19 73
1273 12 19 65
1653 12 19 54
3298 12 19 45
539 12 19 37
302 12 19 28
1645 12 19 19
1789 12 19 12
4178 12 19 4
2520 13 0 83
1618 13 0 73
1181 13 0 65
1485 13 0 54
3015 13 0 45
476 13 0 37
3798 13 0 27
873 13 0 14
1059 13 0 3
1860 13 2 83
1474 13 2 73
748 13 2 65
525 13 2 54
1716 13 2 45
4109 13 2 36
2619 13 2 28
1626 13 2 19
845 13 2 12
3804 13 2 4
1770 13 4 82
1008 13 4 73
2929 13 4 64
1897 13 4 53
538 13 4 44
1293 13 4 27
3191 13 4 13
1248 13 4 5
2880 13 13 81
3657 13 13 72
3398 13 13 60
3336 13 13 48
3921 13 13 38
3999 13 13 25
3431 13 13 15
1294 13 13 5
1976 13 17 81
2762 13 17 72
1703 13 17 60
2823 13 17 48
2626 13 17 38
3488 13 17 25
2063 13 17 15
3281 13 17 4
2967 13 19 80
355 13 19 72
3764 13 19 59
3396 13 19 50
3473 13 19 41
826 13 19 30
3364 13 19 21
2469 13 19 6
1295 14 0 80
3819 14 0 71
378 14 0 64
1862 14 0 53
516 14 0 44
1053 14 0 27
1729 14 0 13
536 14 0 5
3456 14 2 79
88 14 2 71
3389 14 2 63
2850 14 2 54
3333 14 2 44
3876 14 2 26
2860 14 2 18
3286 14 2 10
2666 14 2 1
2979 14 4 78
2073 14 4 68
3079 14 4 59
2354 14 4 50
1322 14 4 41
4173 14 4 29
1934 14 4 20
1955 14 4 10
969 14 4 1
2543 14 7 75
1945 14 7 62
579 14 7 53
258 14 7 44
2637 14 7 26
1272 14 7 18
1475 14 7 10
1231 14 7 2
4079 14 8 74
498 14 8 65
4148 14 8 53
4193 14 8 43
915 14 8 32
1596 14 8 17
491 14 8 10
745 14 8 2
57 14 9 41
2643 14 9 29
1223 14 9 20
1209 14 9 10
1557 14 9 1
557 14 10 94
730 14 10 86
2893 14 10 74
3864 14 10 64
1671 14 10 53
3502 14 10 43
3722 14 10 31
3332 14 10 20
2863 14 10 9
789 14 10 1
3694 14 11 93
470 14 11 84
2012 14 11 76
2473 14 11 68
2670 14 11 59
2099 14 11 50
1201 14 11 41
2288 14 11 29
3391 14 11 19
87 14 11 12
2954 14 11 4
2504 14 12 93
4154 14 12 83
3057 14 12 72
3242 14 12 59
248 14 12 50
1284 14 12 40
157 14 12 30
2719 14 12 21
2139 14 12 6
1858 14 13 93
3083 14 13 83
204 14 13 72
3055 14 13 58
2462 14 13 51
2189 14 13 40
3518 14 13 28
872 14 13 19
3257 14 13 11
2513 14 13 4
2917 14 15 92
1091 14 15 83
1425 14 15 71
2185 14 15 63
2745 14 15 54
2718 14 15 44
1387 14 15 26
3902 14 15 16
2142 14 15 6
2369 14 17 92
320 14 17 82
11 14 17 73
2683 14 17 64
919 14 17 53
3853 14 17 42
2322 14 17 33
3933 14 17 24
1002 14 17 16
2003 14 17 6
953 14 19 92
304 14 19 82
2751 14 19 72
1813 14 19 58
2318 14 19 51
155 14 19 39
1637 14 19 32
3752 14 19 16
1254 14 19 6
75 15 0 92
163 15 0 82
1401 15 0 72
1256 15 0 58
1787 15 0 51
2571 15 0 38
1300 15 0 25
1550 15 0 15
3511 15 0 3
1385 15 5 91
3229 15 5 84
802 15 5 76
1484 15 5 68
2082 15 5 59
2768 15 5 49
706 15 5 40
3501 15 5 28
576 15 5 19
3255 15 5 11
1817 15 5 4
503 15 7 91
3209 15 7 84
3971 15 7 75
1527 15 7 62
4187 15 7 52
3222 15 7 43
3309 15 7 31
2922 15 7 20
861 15 7 8
13 15 8 91
1435 15 8 84
1909 15 8 75
2702 15 8 61
2723 15 8 48
1749 15 8 38
592 15 8 25
202 15 8 15
879 15 8 3
3122 15 9 90
3040 15 9 81
1308 15 9 72
2150 15 9 57
3196 15 9 43
1981 15 9 31
2275 15 9 20
606 15 9 8
47 15 10 90
2234 15 10 81
1099 15 10 72
493 15 10 57
2941 15 10 43
3272 15 10 30
558 15 10 20
203 15 10 8
9 15 11 90
1874 15 11 81
4022 15 11 71
2052 15 11 63
2553 15 11 54
2341 15 11 44
1057 15 11 24
839 15 11 16
3940 15 11 5
2555 15 12 89
2396 15 12 80
1195 15 12 71
1617 15 12 63
1585 15 12 54
1727 15 12 44
3189 15 12 22
209 15 12 12
1791 15 12 4
2993 15 13 88
2673 15 13 79
4138 15 13 69
2545 15 13 59
1915 15 13 49
3776 15 13 39
3021 15 13 31
4182 15 13 19
2366 15 13 11
903 15 13 4
2876 15 15 88
2381 15 15 79
3777 15 15 69
1761 15 15 59
1286 15 15 49
3474 15 15 39
1370 15 15 31
1752 15 15 19
1234 15 15 11
3950 15 15 3
486 15 17 88
1802 15 17 79
3206 15 17 69
1235 15 17 59
805 15 17 49
2677 15 17 39
4076 15 17 30
4185 15 17 19
708 15 17 11
3908 15 17 3
379 16 3 85
1593 16 3 74
3003 16 3 64
2978 16 3 52
3081 16 3 43
2216 16 3 29
2824 16 3 19
2558 16 3 10
279 16 7 84
1175 16 7 75
510 16 7 61
3232 16 7 47
238 16 7 38
357 16 7 23
893 16 7 14
1148 16 7 2
40 16 13 84
3433 16 13 74
2857 16 13 64
1707 16 13 52
2277 16 13 43
1564 16 13 29
1587 16 13 19
2364 16 13 10
4071 16 15 82
690 16 15 72
2924 16 15 56
3359 16 15 47
4081 16 15 37
2976 16 15 27
3419 16 15 12
3141 16 15 3
1258 16 17 82
3896 16 17 71
1186 16 17 63
1125 16 17 54
878 16 17 44
2281 16 17 22
2864 16 17 11
2855 16 17 3
1250 16 18 82
2269 16 18 71
310 16 18 63
126 16 18 54
779 16 18 44
1930 16 18 22
1184 16 18 11
669 16 18 3
504 16 19 82
3599 16 19 70
2440 16 19 62
3249 16 19 52
2963 16 19 42
2111 16 19 33
3117 16 19 24
95 16 19 16
1330 16 19 5
1843 17 1 81
2686 17 1 71
2906 17 1 62
2482 17 1 52
2892 17 1 42
1899 17 1 33
2197 17 1 24
3802 17 1 15
120 17 1 3
3205 17 2 78
465 17 2 68
3781 17 2 58
799 17 2 51
2951 17 2 37
2124 17 2 27
1242 17 2 12
3602 17 2 2
404 17 3 75
135 17 3 61
3110 17 3 47
3953 17 3 37
376 17 3 27
4194 17 3 11
3347 17 3 2
1167 17 4 73
2470 17 4 64
1636 17 4 52
3924 17 4 41
1287 17 4 29
952 17 4 19
1139 17 4 10
2299 17 5 69
1224 17 5 59
85 17 5 49
3923 17 5 38
2182 17 5 22
848 17 5 11
3045 17 5 2
3199 17 7 62
2268 17 7 52
895 17 7 41
3827 17 7 27
1120 17 7 10
1386 17 9 91
1035 17 9 84
2355 17 9 74
2797 17 9 64
224 17 9 52
628 17 9 41
368 17 9 27
1109 17 9 9
864 17 10 91
691 17 10 84
2272 17 10 74
2414 17 10 64
3151 17 10 51
2148 17 10 35
1372 17 10 27
43 17 10 9
1743 17 11 90
1245 17 11 81
753 17 11 71
2671 17 11 62
1565 17 11 52
4017 17 11 40
1923 17 11 28
3689 17 11 18
83 17 11 10
1591 17 15 90
3463 17 15 80
853 17 15 71
2537 17 15 62
250 17 15 52
3099 17 15 40
3692 17 15 27
3552 17 15 6
1463 17 19 90
1351 17 19 80
3868 17 19 70
1496 17 19 62
4065 17 19 50
467 17 19 40
3423 17 19 27
2744 17 19 5
1220 18 9 90
2591 18 9 79
3018 18 9 69
325 18 9 59
4153 18 9 47
3500 18 9 37
3931 18 9 26
2877 18 9 15
567 18 9 2
94 18 13 90
1850 18 13 79
1504 18 13 69
218 18 13 59
3427 18 13 47
2478 18 13 37
4149 18 13 23
4041 18 13 13
4156 18 13 4
3945 18 14 89
1993 18 14 80
1746 18 14 70
1298 18 14 62
3652 18 14 50
599 18 14 39
4045 18 14 30
4032 18 14 19
1056 18 14 10
3894 18 15 89
4124 18 15 78
3150 18 15 67
44 18 15 58
569 18 15 51
346 18 15 35
3533 18 15 26
1468 18 15 14
980 18 15 1
2706 18 17 89
3726 18 17 78
2603 18 17 67
2741 18 17 57
3658 18 17 42
3188 18 17 32
1825 18 17 16
2994 18 17 4
1718 19 0 89
2579 19 0 78
2027 19 0 67
2439 19 0 57
1902 19 0 42
2856 19 0 32
1051 19 0 16
782 19 0 4
1444 19 1 89
3735 19 1 77
2472 19 1 62
1935 19 1 50
3357 19 1 38
2133 19 1 22
3884 19 1 10
928 19 2 89
2112 19 2 77
2025 19 2 61
2436 19 2 47
20 19 2 37
3173 19 2 23
3748 19 2 13
2977 19 2 4
3496 19 3 88
1183 19 3 79
658 19 3 69
4169 19 3 58
3709 19 3 50
696 19 3 38
1834 19 3 21
1586 19 3 6
2079 19 4 88
4181 19 4 78
1767 19 4 67
899 19 4 57
1579 19 4 41
3442 19 4 26
3809 19 4 13
2291 19 4 4
321 19 5 88
3716 19 5 78
3650 19 5 66
1728 19 5 59
2714 19 5 47
3566 19 5 36
123 19 5 28
1464 19 5 18
3183 19 5 9
3316 19 6 87
4133 19 6 78
3461 19 6 66
441 19 6 59
1358 19 6 47
3373 19 6 36
3403 19 6 27
967 19 6 5
1467 19 7 87
3698 19 7 78
2259 19 7 66
2991 19 7 58
2168 19 7 50
3620 19 7 37
3019 19 7 22
3014 19 7 10
399 19 8 87
3368 19 8 78
1957 19 8 66
2204 19 8 58
3760 19 8 49
2115 19 8 38
795 19 8 19
981 19 8 10
324 19 9 87
2183 19 9 78
16 19 9 66
2019 19 9 58
296 19 9 49
2672 19 9 37
2494 19 9 22
2731 19 9 10
2711 19 11 84
537 19 11 74
380 19 11 64
1551 19 11 51
3065 19 11 34
1440 19 11 26
3727 19 11 13
306 19 11 4
2200 19 12 84
2814 19 12 73
1531 19 12 64
1192 19 12 51
2716 19 12 34
1405 19 12 26
3376 19 12 13
3803 19 12 3
3435 19 13 83
2601 19 13 70
609 19 13 62
1894 19 13 50
2638 19 13 37
2109 19 13 22
1661 19 13 10
1926 19 17 83
3976 19 17 69
707 19 17 57
3361 19 17 40
62 19 17 27
1512 19 17 4
1539 19 18 83
3512 19 18 69
2891 19 18 56
2270 19 18 47
2445 19 18 36
2516 19 18 25
1879 19 18 14
4021 19 18 2
3697 19 19 82
541 19 19 70
2984 19 19 61
3360 19 19 46
1779 19 19 40
4088 19 19 26
1558 19 19 12
2777 19 19 2
