2946
5204 0 0 99
3725 0 0 97
1271 0 0 93
3253 0 0 91
5248 0 0 87
4086 0 0 84
4837 0 0 81
3345 0 0 78
4589 0 0 74
3676 0 0 72
769 0 0 70
2424 0 0 68
4862 0 0 66
1747 0 0 63
2907 0 0 61
5139 0 0 58
5509 0 0 55
4956 0 0 52
2915 0 0 49
5007 0 0 46
1154 0 0 44
4938 0 0 41
5222 0 0 38
4444 0 0 35
1924 0 0 32
3805 0 0 29
1417 0 0 26
4469 0 0 24
2317 0 0 22
4897 0 0 19
5586 0 0 16
4323 0 0 13
4436 0 0 10
3007 0 0 8
416 0 0 6
4851 0 0 4
5419 0 0 2
2929 0 1 98
3320 0 1 95
5536 0 1 93
4780 0 1 90
5262 0 1 86
5455 0 1 83
5067 0 1 80
4337 0 1 77
2715 0 1 74
3619 0 1 71
5202 0 1 68
3225 0 1 65
2127 0 1 63
3356 0 1 60
3900 0 1 57
4904 0 1 53
5489 0 1 51
4243 0 1 49
5173 0 1 45
4729 0 1 42
3277 0 1 39
5273 0 1 35
852 0 1 32
3090 0 1 28
4884 0 1 24
4763 0 1 21
1884 0 1 18
4684 0 1 15
1621 0 1 13
445 0 1 10
4227 0 1 7
1320 0 1 5
4225 0 1 1
2712 0 2 98
4983 0 2 94
3700 0 2 91
5185 0 2 86
5300 0 2 83
591 0 2 80
4026 0 2 77
1293 0 2 74
2705 0 2 71
4610 0 2 67
4613 0 2 65
1749 0 2 63
2330 0 2 60
3192 0 2 56
5036 0 2 53
5025 0 2 51
3042 0 2 48
4127 0 2 45
3025 0 2 42
2396 0 2 39
4021 0 2 35
5001 0 2 31
5285 0 2 29
4902 0 2 25
3409 0 2 23
5225 0 2 19
4641 0 2 16
3189 0 2 13
5591 0 2 9
88 0 2 7
3487 0 2 4
3453 0 2 1
1315 0 3 98
3600 0 3 94
3343 0 3 91
2893 0 3 86
2432 0 3 83
5011 0 3 79
3067 0 3 76
3151 0 3 73
3779 0 3 71
4085 0 3 67
4117 0 3 63
4364 0 3 59
5048 0 3 57
4477 0 3 53
5558 0 3 48
4732 0 3 44
3231 0 3 41
5261 0 3 37
4609 0 3 35
4255 0 3 31
3060 0 3 28
4668 0 3 24
4406 0 3 21
1041 0 3 18
4801 0 3 14
2804 0 3 11
3430 0 3 7
5520 0 3 3
4695 0 3 1
2368 0 4 97
5236 0 4 92
5017 0 4 90
196 0 4 86
4834 0 4 82
5499 0 4 79
2732 0 4 76
4377 0 4 72
1127 0 4 69
4809 0 4 67
3315 0 4 63
4345 0 4 59
3078 0 4 55
4680 0 4 52
5555 0 4 48
3339 0 4 44
1087 0 4 41
1626 0 4 37
3328 0 4 35
2826 0 4 31
1240 0 4 27
1117 0 4 24
725 0 4 20
2944 0 4 18
4650 0 4 14
4499 0 4 10
3029 0 4 6
4137 0 4 3
2088 0 5 97
2747 0 5 92
3774 0 5 89
2399 0 5 87
1644 0 5 84
5093 0 5 80
5428 0 5 76
788 0 5 72
4113 0 5 68
112 0 5 65
4504 0 5 62
1726 0 5 59
2937 0 5 55
1837 0 5 52
5407 0 5 48
1609 0 5 44
4007 0 5 40
4642 0 5 38
3995 0 5 35
1183 0 5 31
5332 0 5 26
3969 0 5 24
4020 0 5 19
1876 0 5 15
5377 0 5 12
4709 0 5 8
3979 0 5 5
1374 0 6 97
1506 0 6 92
3546 0 6 89
1153 0 6 86
2751 0 6 82
3551 0 6 79
5462 0 6 75
1848 0 6 73
2001 0 6 70
1501 0 6 68
4450 0 6 64
483 0 6 61
5210 0 6 57
2358 0 6 53
4511 0 6 48
4440 0 6 43
4890 0 6 41
1527 0 6 37
2709 0 6 35
3776 0 6 30
400 0 6 27
4603 0 6 23
1223 0 6 19
1239 0 6 15
2004 0 6 12
2731 0 6 8
3035 0 6 5
1128 0 7 97
588 0 7 92
4414 0 7 88
2993 0 7 85
4726 0 7 82
2140 0 7 79
5370 0 7 75
5096 0 7 72
4070 0 7 67
3250 0 7 63
4102 0 7 59
2753 0 7 55
4792 0 7 51
5282 0 7 47
4811 0 7 44
2986 0 7 40
4708 0 7 37
3781 0 7 34
1719 0 7 32
2599 0 7 28
3235 0 7 24
2614 0 7 19
4439 0 7 14
2394 0 7 9
5024 0 7 6
2519 0 7 2
866 0 8 97
175 0 8 92
3915 0 8 88
999 0 8 85
4522 0 8 82
1844 0 8 79
4976 0 8 75
4741 0 8 72
2763 0 8 67
617 0 8 63
1864 0 8 59
2752 0 8 55
2434 0 8 51
1961 0 8 47
4288 0 8 44
1566 0 8 40
4662 0 8 37
3879 0 8 33
1796 0 8 31
5008 0 8 26
3733 0 8 23
4418 0 8 18
2291 0 8 14
2205 0 8 9
5457 0 8 5
5064 0 9 96
5539 0 9 94
1298 0 9 91
2174 0 9 86
1605 0 9 82
1778 0 9 78
3159 0 9 74
539 0 9 70
927 0 9 68
1757 0 9 64
499 0 9 60
5552 0 9 55
2104 0 9 51
795 0 9 47
3030 0 9 44
5574 0 9 39
2779 0 9 34
4051 0 9 31
4509 0 9 26
14 0 9 23
4100 0 9 17
5231 0 9 14
975 0 9 9
5141 0 9 5
5295 0 10 95
2113 0 10 92
1511 0 10 88
465 0 10 85
5087 0 10 81
2499 0 10 77
4175 0 10 73
3696 0 10 69
3226 0 10 67
3398 0 10 62
104 0 10 59
1116 0 10 55
5344 0 10 50
4961 0 10 47
3006 0 10 44
4864 0 10 39
3312 0 10 33
3789 0 10 30
5249 0 10 26
4470 0 10 22
1893 0 10 19
3841 0 10 14
4669 0 10 8
1022 0 10 5
4969 0 11 95
1603 0 11 92
983 0 11 88
4524 0 11 84
1869 0 11 80
5062 0 11 75
4322 0 11 72
2711 0 11 67
2207 0 11 62
5075 0 11 58
5276 0 11 55
4992 0 11 50
4019 0 11 47
2182 0 11 44
4022 0 11 39
1319 0 11 33
1728 0 11 30
1704 0 11 26
4292 0 11 22
4948 0 11 18
962 0 11 14
4422 0 11 8
4836 0 11 4
4158 0 12 95
581 0 12 92
3983 0 12 87
5592 0 12 83
4623 0 12 79
965 0 12 75
3392 0 12 72
605 0 12 67
905 0 12 62
2919 0 12 58
4621 0 12 54
82 0 12 51
291 0 12 47
4725 0 12 43
4343 0 12 41
3196 0 12 36
138 0 12 34
2887 0 12 31
1668 0 12 26
4239 0 12 22
4528 0 12 18
3243 0 12 13
2451 0 12 9
4849 0 12 5
3518 0 13 95
5065 0 13 91
1809 0 13 86
2688 0 13 81
1349 0 13 77
3193 0 13 73
2258 0 13 68
5197 0 13 63
5205 0 13 58
3625 0 13 54
2184 0 13 50
2221 0 13 47
2837 0 13 43
2882 0 13 41
2203 0 13 36
4705 0 13 33
5232 0 13 29
4357 0 13 25
5534 0 13 21
472 0 13 18
2973 0 13 13
1280 0 13 9
5450 0 13 4
3255 0 14 95
751 0 14 91
738 0 14 86
2059 0 14 81
5408 0 14 76
4516 0 14 71
3281 0 14 67
435 0 14 62
2216 0 14 58
2652 0 14 54
2873 0 14 49
2635 0 14 45
5227 0 14 41
1590 0 14 36
491 0 14 32
2191 0 14 28
3013 0 14 24
2218 0 14 19
2735 0 14 14
1908 0 14 8
4006 0 14 4
2249 0 15 95
514 0 15 91
5041 0 15 85
3246 0 15 81
2273 0 15 76
4505 0 15 71
3032 0 15 67
338 0 15 62
1438 0 15 57
787 0 15 53
2463 0 15 48
4309 0 15 43
3605 0 15 39
930 0 15 33
3976 0 15 29
3440 0 15 25
5404 0 15 20
5556 0 15 16
1167 0 15 13
704 0 15 9
5305 0 15 4
1822 0 16 95
379 0 16 91
4802 0 16 85
4221 0 16 80
4606 0 16 75
618 0 16 72
989 0 16 66
2868 0 16 62
4663 0 16 56
4714 0 16 52
3481 0 16 47
1137 0 16 43
5333 0 16 38
822 0 16 35
271 0 16 30
4874 0 16 25
5306 0 16 20
4490 0 16 16
4893 0 16 12
2524 0 16 8
3441 0 16 4
815 0 17 95
1973 0 17 90
201 0 17 85
4104 0 17 80
2134 0 17 75
5192 0 17 71
2836 0 17 67
3391 0 17 61
5108 0 17 57
234 0 17 53
2281 0 17 48
3228 0 17 43
3567 0 17 38
5290 0 17 34
1219 0 17 31
250 0 17 26
3270 0 17 22
2256 0 17 18
4244 0 17 12
251 0 17 8
2124 0 17 4
157 0 18 95
5198 0 18 89
5072 0 18 85
3668 0 18 80
1133 0 18 75
2695 0 18 70
2916 0 18 66
2011 0 18 62
2739 0 18 56
4340 0 18 52
3399 0 18 47
1106 0 18 43
3562 0 18 38
2427 0 18 34
184 0 18 31
5513 0 18 25
4348 0 18 20
3265 0 18 16
5358 0 18 11
537 0 18 7
5308 0 18 2
4054 0 19 94
1104 0 19 91
4762 0 19 85
1462 0 19 80
682 0 19 75
1339 0 19 70
1722 0 19 66
320 0 19 62
2542 0 19 56
3988 0 19 52
2683 0 19 47
372 0 19 43
2395 0 19 38
2245 0 19 34
3991 0 19 30
4013 0 19 25
2985 0 19 20
2272 0 19 16
3522 0 19 11
4990 0 19 6
2496 0 19 2
5352 2 0 93
3508 2 0 90
5365 2 0 84
573 2 0 80
407 2 0 75
5095 2 0 69
5125 2 0 66
3590 2 0 61
4224 2 0 57
3416 2 0 52
2508 2 0 47
5329 2 0 42
4554 2 0 38
1460 2 0 34
3814 2 0 30
2405 2 0 25
2260 2 0 20
2170 2 0 16
3318 2 0 11
3645 2 0 6
1828 2 0 2
3908 2 1 93
5107 2 1 89
4202 2 1 85
130 2 1 80
4861 2 1 74
4886 2 1 69
3673 2 1 65
3414 2 1 62
5571 2 1 55
4703 2 1 50
1368 2 1 47
4879 2 1 42
4533 2 1 38
5043 2 1 33
4986 2 1 28
676 2 1 24
4786 2 1 18
2881 2 1 12
1520 2 1 7
1730 2 1 2
2226 2 2 93
4519 2 2 89
3327 2 2 85
5382 2 2 79
903 2 2 75
4229 2 2 69
5212 2 2 64
288 2 2 60
5471 2 2 55
4335 2 2 50
4383 2 2 46
4896 2 2 43
1323 2 2 38
4209 2 2 33
4542 2 2 28
5005 2 2 23
3593 2 2 17
3950 2 2 14
904 2 2 8
5186 2 2 3
1813 2 3 93
3608 2 3 89
2056 2 3 85
592 2 3 79
4968 2 3 74
4767 2 3 69
5171 2 3 64
4727 2 3 58
477 2 3 54
5488 2 3 48
297 2 3 43
5177 2 3 37
1377 2 3 33
4922 2 3 27
3636 2 3 23
683 2 3 17
1409 2 3 14
722 2 3 8
4369 2 3 3
973 2 4 93
2730 2 4 89
1256 2 4 85
3371 2 4 78
2025 2 4 74
2784 2 4 69
4607 2 4 64
4459 2 4 58
3956 2 4 53
1275 2 4 48
4222 2 4 42
2811 2 4 38
3560 2 4 32
1444 2 4 28
3488 2 4 23
4711 2 4 16
2357 2 4 11
2580 2 4 6
1740 2 4 2
5381 2 5 92
3214 2 5 87
4927 2 5 83
3801 2 5 79
2756 2 5 74
2447 2 5 69
2855 2 5 64
4333 2 5 58
3949 2 5 53
5524 2 5 47
2279 2 5 42
242 2 5 38
3354 2 5 32
1473 2 5 27
2596 2 5 23
4347 2 5 16
1770 2 5 11
1282 2 5 6
563 2 5 2
4281 2 7 92
1926 2 7 87
2397 2 7 83
2090 2 7 79
2064 2 7 74
2418 2 7 69
2204 2 7 64
4269 2 7 58
3248 2 7 53
5359 2 7 47
1979 2 7 42
4882 2 7 37
863 2 7 33
4114 2 7 27
968 2 7 23
4257 2 7 16
534 2 7 11
4597 2 7 5
2676 2 8 92
1857 2 8 87
93 2 8 82
748 2 8 78
4082 2 8 73
5397 2 8 67
3112 2 8 61
3964 2 8 57
2616 2 8 52
2373 2 8 47
5174 2 8 41
1574 2 8 36
5485 2 8 31
4204 2 8 25
1052 2 8 20
1702 2 8 16
5411 2 8 10
2872 2 8 6
4208 2 8 1
1732 2 10 92
5345 2 10 86
4055 2 10 80
3975 2 10 74
1247 2 10 69
4517 2 10 63
5146 2 10 58
1997 2 10 53
3765 2 10 47
4794 2 10 41
5545 2 10 35
4169 2 10 29
1824 2 10 25
637 2 10 20
1336 2 10 15
4349 2 10 11
4012 2 10 5
1670 2 11 92
3526 2 11 86
1295 2 11 80
3549 2 11 74
777 2 11 69
4106 2 11 63
4147 2 11 58
1129 2 11 53
3278 2 11 47
4130 2 11 41
4754 2 11 35
3296 2 11 29
39 2 11 25
5349 2 11 19
1470 2 11 14
127 2 11 8
4295 2 11 3
5267 2 12 91
3864 2 12 85
3140 2 12 78
3175 2 12 73
1139 2 12 67
3742 2 12 60
2590 2 12 55
1941 2 12 50
2643 2 12 46
1326 2 12 43
4923 2 12 37
4390 2 12 32
1471 2 12 27
4287 2 12 22
336 2 12 18
485 2 12 12
1065 2 12 7
685 2 12 2
4044 2 13 91
3478 2 13 85
253 2 13 78
1113 2 13 73
4854 2 13 66
2506 2 13 61
3653 2 13 57
5051 2 13 51
5190 2 13 46
2588 2 13 42
3745 2 13 37
3000 2 13 32
384 2 13 27
4263 2 13 22
5433 2 13 17
4964 2 13 13
2615 2 13 8
4184 2 13 3
2626 2 14 91
46 2 14 85
5501 2 14 77
1833 2 14 73
4615 2 14 66
158 2 14 61
2362 2 14 57
3713 2 14 51
3319 2 14 46
1060 2 14 42
3212 2 14 37
2211 2 14 32
5463 2 14 26
1097 2 14 22
3754 2 14 17
1839 2 14 13
5422 2 14 7
5343 2 14 1
2359 2 15 91
5034 2 15 84
3666 2 15 79
4838 2 15 73
4425 2 15 66
5105 2 15 60
2209 2 15 55
4483 2 15 49
2375 2 15 45
4275 2 15 41
4693 2 15 35
3012 2 15 29
4458 2 15 24
4235 2 15 18
339 2 15 12
874 2 15 7
3505 2 15 1
702 2 16 91
4655 2 16 84
1458 2 16 79
4180 2 16 73
4056 2 16 66
4207 2 16 60
5418 2 16 54
3350 2 16 48
3712 2 16 42
5044 2 16 36
4991 2 16 31
2629 2 16 25
3865 2 16 19
984 2 16 14
1958 2 16 7
2145 2 16 1
511 2 17 91
4228 2 17 84
922 2 17 79
3568 2 17 73
2139 2 17 66
4059 2 17 60
3141 2 17 54
2988 2 17 48
3539 2 17 42
3317 2 17 36
4140 2 17 31
1449 2 17 25
3834 2 17 19
807 2 17 14
1678 2 17 7
3587 2 17 1
395 2 18 91
2577 2 18 84
5296 2 18 78
569 2 18 73
1290 2 18 66
1860 2 18 60
1666 2 18 54
2777 2 18 48
3061 2 18 42
2070 2 18 36
3446 2 18 31
4308 2 18 24
2253 2 18 18
5002 2 18 11
3410 2 18 5
5114 2 19 90
3614 2 19 84
1955 2 19 78
3899 2 19 72
470 2 19 66
1711 2 19 60
1664 2 19 54
2196 2 19 48
2894 2 19 42
1786 2 19 36
2498 2 19 31
2707 2 19 24
1537 2 19 18
4090 2 19 11
5180 2 19 4
2653 3 0 90
2769 3 0 84
1221 3 0 78
1515 3 0 72
4731 3 0 65
1419 3 0 62
3890 3 0 55
4258 3 0 49
91 3 0 45
3615 3 0 41
4272 3 0 35
2834 3 0 29
2122 3 0 24
1530 3 0 18
3452 3 0 11
3947 3 0 4
1829 3 1 90
516 3 1 84
1156 3 1 78
1496 3 1 71
2190 3 1 67
2719 3 1 60
1199 3 1 54
4116 3 1 47
3106 3 1 41
1808 3 1 35
155 3 1 29
4944 3 1 23
4119 3 1 16
1980 3 1 10
2495 3 1 6
3182 3 1 1
5475 3 2 89
908 3 2 85
4850 3 2 77
4831 3 2 72
4423 3 2 65
576 3 2 62
3394 3 2 55
3723 3 2 49
5242 3 2 44
1177 3 2 39
1224 3 2 32
5320 3 2 26
4743 3 2 21
5327 3 2 17
5540 3 2 12
5451 3 2 6
2102 3 2 1
5361 3 3 89
5410 3 3 84
5092 3 3 77
4068 3 3 72
4248 3 3 65
1341 3 3 61
1807 3 3 57
3462 3 3 51
3306 3 3 46
4099 3 3 41
1536 3 3 35
5235 3 3 28
2390 3 3 23
3952 3 3 16
1387 3 3 10
2016 3 3 6
1016 3 3 1
5237 3 4 89
4605 3 4 84
4400 3 4 77
1612 3 4 72
527 3 4 65
985 3 4 61
1233 3 4 57
3308 3 4 51
4382 3 4 45
3499 3 4 41
4730 3 4 34
1793 3 4 30
432 3 4 25
3788 3 4 19
718 3 4 14
897 3 4 7
1082 3 5 89
3073 3 5 84
3783 3 5 77
1330 3 5 72
203 3 5 65
200 3 5 61
2949 3 5 56
3075 3 5 52
5098 3 5 46
3473 3 5 40
4773 3 5 36
285 3 5 31
928 3 5 24
461 3 5 18
3928 3 5 10
4270 3 5 5
4277 3 7 88
2613 3 7 84
2582 3 7 77
594 3 7 72
58 3 7 65
668 3 7 60
5468 3 7 53
262 3 7 47
2604 3 7 41
3749 3 7 34
5094 3 7 29
2681 3 7 23
3945 3 7 16
924 3 7 10
4249 3 7 5
3918 3 8 88
1521 3 8 83
4784 3 8 78
193 3 8 71
5211 3 8 66
4231 3 8 59
452 3 8 55
3323 3 8 49
5119 3 8 44
3259 3 8 38
3206 3 8 32
3694 3 8 26
4405 3 8 21
646 3 8 17
4326 3 8 12
798 3 8 6
1533 3 10 88
883 3 10 83
3018 3 10 78
5035 3 10 70
1679 3 10 66
4185 3 10 59
3127 3 10 54
3741 3 10 47
2406 3 10 41
2553 3 10 34
4128 3 10 29
1756 3 10 23
3574 3 10 16
5241 3 10 9
4129 3 10 4
1019 3 11 88
90 3 11 83
1865 3 11 78
3019 3 11 70
5164 3 11 65
3068 3 11 59
3124 3 11 54
3641 3 11 47
2336 3 11 41
1637 3 11 34
1369 3 11 29
1212 3 11 23
3321 3 11 16
4624 3 11 9
3152 3 11 4
2078 3 12 87
5144 3 12 81
2042 3 12 76
4479 3 12 71
4947 3 12 66
3579 3 12 59
2065 3 12 54
3219 3 12 47
443 3 12 41
4412 3 12 33
3948 3 12 27
3272 3 12 22
1646 3 12 17
4161 3 12 12
5123 3 12 5
1255 3 13 87
4728 3 13 81
1314 3 13 76
4279 3 13 71
3360 3 13 66
3158 3 13 59
749 3 13 54
2859 3 13 47
5406 3 13 40
3972 3 13 36
277 3 13 31
126 3 13 24
413 3 13 18
3134 3 13 10
2619 3 13 5
2701 3 14 86
503 3 14 80
2188 3 14 74
4778 3 14 68
4359 3 14 63
2319 3 14 58
889 3 14 53
4548 3 14 46
3364 3 14 40
2480 3 14 36
5100 3 14 30
4981 3 14 24
4797 3 14 17
1353 3 14 12
3450 3 14 5
2449 3 15 86
5515 3 15 79
1051 3 15 73
509 3 15 66
2917 3 15 59
651 3 15 54
2565 3 15 47
1987 3 15 40
4408 3 15 35
5129 3 15 28
5111 3 15 22
4092 3 15 16
4108 3 15 9
996 3 15 4
2710 3 16 85
4329 3 16 77
5337 3 16 71
2857 3 16 66
2019 3 16 59
341 3 16 54
1991 3 16 47
1281 3 16 40
2982 3 16 34
5317 3 16 28
4541 3 16 22
3875 3 16 16
3497 3 16 9
358 3 16 4
1931 3 17 84
1580 3 17 77
5175 3 17 71
2097 3 17 66
360 3 17 59
5294 3 17 53
4416 3 17 46
3116 3 17 40
3953 3 17 33
3895 3 17 27
2536 3 17 22
1727 3 17 16
3464 3 17 9
3767 3 17 3
4067 3 18 82
4293 3 18 77
1676 3 18 71
4645 3 18 65
2632 3 18 59
3083 3 18 53
2224 3 18 46
4253 3 18 39
5091 3 18 31
4905 3 18 23
2671 3 18 16
2332 3 18 9
3287 3 18 3
4856 3 19 80
382 3 19 74
4649 3 19 68
3577 3 19 63
1531 3 19 58
3806 3 19 52
4910 3 19 46
3311 3 19 39
4940 3 19 31
4827 3 19 23
2627 3 19 16
1653 3 19 9
1063 3 19 3
237 4 5 80
1716 4 5 73
3466 4 5 65
1806 4 5 59
2909 4 5 53
2081 4 5 46
2514 4 5 39
4532 4 5 31
3177 4 5 23
1817 4 5 16
1461 4 5 9
278 4 5 3
5434 4 7 79
556 4 7 73
3049 4 7 65
4998 4 7 58
2605 4 7 52
4676 4 7 46
869 4 7 39
3580 4 7 31
1826 4 7 23
1078 4 7 16
1310 4 7 9
4266 4 7 2
5402 4 10 79
3768 4 10 72
3143 4 10 64
3648 4 10 58
2573 4 10 52
3661 4 10 46
2544 4 10 38
2947 4 10 32
1469 4 10 26
4142 4 10 20
4150 4 10 14
870 4 10 7
2563 5 0 78
631 5 0 70
4361 5 0 65
4629 5 0 58
1956 5 0 52
2790 5 0 46
517 5 0 38
396 5 0 32
1381 5 0 26
2146 5 0 20
2228 5 0 14
664 5 0 7
1606 5 1 78
4110 5 1 69
3040 5 1 63
5191 5 1 57
1172 5 1 51
4531 5 1 44
4932 5 1 37
2863 5 1 31
230 5 1 23
1015 5 1 16
1243 5 1 9
4260 5 1 2
625 5 2 76
1643 5 2 71
2442 5 2 65
2459 5 2 58
1120 5 2 52
2275 5 2 46
5086 5 2 37
1405 5 2 31
4448 5 2 22
954 5 2 16
18 5 2 9
2517 5 2 2
4550 5 3 74
4482 5 3 68
3184 5 3 63
3632 5 3 57
471 5 3 51
3664 5 3 44
2621 5 3 37
267 5 3 31
4040 5 3 22
818 5 3 16
5018 5 3 8
3744 5 3 3
4402 5 5 74
4464 5 5 68
2718 5 5 63
3142 5 5 57
5376 5 5 50
1507 5 5 46
2920 5 5 37
3285 5 5 30
4467 5 5 24
3708 5 5 17
3846 5 5 11
3081 5 5 4
1402 5 7 74
3709 5 7 68
5582 5 7 62
4473 5 7 54
1425 5 7 47
4979 5 7 39
2889 5 7 31
3085 5 7 22
515 5 7 16
3458 5 7 8
2177 5 7 3
4595 5 10 73
2072 5 10 65
356 5 10 58
5486 5 10 51
2630 5 10 44
1364 5 10 37
3207 5 10 30
3844 5 10 24
2393 5 10 17
3429 5 10 11
3016 5 10 4
772 5 12 70
2410 5 12 65
349 5 12 58
5230 5 12 51
1965 5 12 44
854 5 12 37
3070 5 12 30
2513 5 12 24
1423 5 12 17
2476 5 12 11
2287 5 12 4
3943 5 13 69
2526 5 13 63
1665 5 13 57
5038 5 13 50
2307 5 13 45
3433 5 13 41
3166 5 13 33
3532 5 13 27
2050 5 13 22
5399 5 13 15
3912 5 13 11
1870 5 13 4
249 5 14 61
2891 5 14 56
2936 5 14 52
1886 5 14 46
2086 5 14 37
1413 5 14 30
4429 5 14 23
178 5 14 16
2304 5 14 8
590 5 14 3
4256 5 15 54
1265 5 15 47
4638 5 15 39
2648 5 15 31
1815 5 15 22
3594 5 15 15
1372 5 15 11
1220 5 15 4
2264 5 16 97
4498 5 16 91
961 5 16 84
1253 5 16 77
392 5 16 71
1361 5 16 65
4935 5 16 57
1867 5 16 50
222 5 16 45
2085 5 16 41
2921 5 16 33
2377 5 16 27
1011 5 16 22
3154 5 16 15
1297 5 16 10
5274 5 16 4
3761 5 17 96
85 5 17 94
3468 5 17 90
5357 5 17 83
4069 5 17 77
5502 5 17 70
684 5 17 65
3176 5 17 57
733 5 17 50
4909 5 17 44
4914 5 17 36
3978 5 17 30
4312 5 17 23
5420 5 17 15
1042 5 17 10
2848 5 17 4
1835 5 18 96
4151 5 18 93
2284 5 18 88
4413 5 18 82
3804 5 18 77
3937 5 18 70
4994 5 18 64
1995 5 18 58
5148 5 18 51
342 5 18 44
4661 5 18 36
314 5 18 30
2003 5 18 23
4494 5 18 15
3401 5 18 9
5542 5 18 1
1257 5 19 96
4048 5 19 92
3017 5 19 86
3513 5 19 79
331 5 19 72
2806 5 19 64
414 5 19 58
4375 5 19 51
298 5 19 44
3794 5 19 36
238 5 19 30
1107 5 19 23
2293 5 19 15
706 5 19 8
5287 5 19 2
2775 6 0 95
3962 6 0 89
2788 6 0 84
752 6 0 77
2942 6 0 70
4790 6 0 64
162 6 0 58
2871 6 0 51
3525 6 0 43
3427 6 0 37
5127 6 0 29
5388 6 0 22
1453 6 0 15
206 6 0 8
3105 6 0 2
2472 6 1 95
3548 6 1 89
2022 6 1 84
5535 6 1 76
814 6 1 71
15 6 1 65
649 6 1 57
3201 6 1 49
4835 6 1 44
3496 6 1 36
1904 6 1 29
4756 6 1 22
4103 6 1 14
1067 6 1 6
1633 6 2 95
2741 6 2 89
780 6 2 84
5167 6 2 76
5269 6 2 70
2594 6 2 64
4891 6 2 57
2385 6 2 49
1915 6 2 44
3251 6 2 36
340 6 2 29
3355 6 2 22
2807 6 2 14
925 6 2 6
940 6 3 95
995 6 3 89
1452 6 3 83
548 6 3 77
2391 6 3 70
1169 6 3 63
4999 6 3 56
2702 6 3 52
5179 6 3 45
1866 6 3 41
2661 6 3 33
1303 6 3 27
284 6 3 22
708 6 3 14
5154 6 3 5
5465 6 5 94
2469 6 5 90
5168 6 5 83
3894 6 5 76
2742 6 5 70
1008 6 5 63
4702 6 5 56
3898 6 5 51
2880 6 5 43
1548 6 5 37
3837 6 5 29
2185 6 5 22
5363 6 5 13
5224 6 5 7
5272 6 7 94
5247 6 7 89
1145 6 7 83
3857 6 7 76
1456 6 7 70
334 6 7 63
3831 6 7 56
1249 6 7 51
1691 6 7 43
1321 6 7 37
3448 6 7 29
1205 6 7 22
3929 6 7 13
4502 6 7 7
4421 6 10 94
2136 6 10 89
812 6 10 83
3411 6 10 76
1215 6 10 70
5 6 10 63
3286 6 10 56
1235 6 10 51
1535 6 10 43
375 6 10 37
2703 6 10 29
3074 6 10 21
642 6 10 17
1744 6 10 11
266 6 10 4
4042 6 12 94
942 6 12 89
99 6 12 83
2356 6 12 76
4842 6 12 69
1873 6 12 63
2609 6 12 56
910 6 12 51
154 6 12 43
5116 6 12 36
3997 6 12 28
3223 6 12 22
1675 6 12 13
3065 6 12 7
3565 6 13 94
4206 6 13 88
4399 6 13 82
3504 6 13 77
5057 6 13 69
836 6 13 63
1600 6 13 56
5209 6 13 50
4537 6 13 44
2817 6 13 36
3407 6 13 28
2655 6 13 22
1589 6 13 13
2259 6 13 7
2687 6 14 94
3566 6 14 88
2439 6 14 82
3001 6 14 77
4339 6 14 69
460 6 14 63
3263 6 14 55
958 6 14 49
1508 6 14 44
1685 6 14 36
3149 6 14 28
2119 6 14 22
746 6 14 13
4690 6 14 6
2682 6 15 94
2642 6 15 88
2312 6 15 82
508 6 15 77
3249 6 15 69
335 6 15 63
3161 6 15 55
192 6 15 49
510 6 15 44
1027 6 15 36
2714 6 15 28
1847 6 15 22
4268 6 15 12
2381 6 15 5
2535 6 16 94
2431 6 16 88
1579 6 16 82
233 6 16 77
2842 6 16 69
309 6 16 63
1399 6 16 55
3028 6 16 48
2046 6 16 41
1910 6 16 33
804 6 16 27
3359 6 16 21
3039 6 16 16
1684 6 16 8
1902 6 16 2
2080 6 17 94
2323 6 17 88
4622 6 17 81
529 6 17 76
4654 6 17 69
4373 6 17 62
2787 6 17 54
4525 6 17 46
1395 6 17 37
2551 6 17 28
884 6 17 22
3449 6 17 12
1964 6 17 4
1431 6 18 94
2242 6 18 88
2983 6 18 81
4936 6 18 75
3491 6 18 69
4091 6 18 62
2758 6 18 54
1382 6 18 46
1189 6 18 37
2310 6 18 28
5504 6 18 21
2856 6 18 16
620 6 18 8
966 6 18 2
1412 6 19 94
345 6 19 88
2094 6 19 80
579 6 19 73
896 6 19 65
601 6 19 57
2320 6 19 49
4928 6 19 43
4404 6 19 36
2587 6 19 28
3529 6 19 21
1667 6 19 16
5253 6 19 7
364 7 3 94
4300 7 3 87
737 7 3 81
4462 7 3 75
2875 7 3 69
856 7 3 62
2578 7 3 54
5045 7 3 45
4301 7 3 40
1024 7 3 33
662 7 3 27
2052 7 3 21
1641 7 3 16
4950 7 3 7
1502 7 5 93
1498 7 5 88
1593 7 5 80
4824 7 5 72
1907 7 5 64
3843 7 5 57
393 7 5 49
4251 7 5 43
1901 7 5 36
2282 7 5 28
3436 7 5 21
2144 7 5 15
5216 7 5 7
1416 7 7 93
1420 7 7 88
3819 7 7 79
4943 7 7 71
4888 7 7 64
2601 7 7 57
4327 7 7 48
1899 7 7 41
1558 7 7 33
660 7 7 27
1111 7 7 21
1929 7 7 15
4855 7 7 7
891 7 9 93
5049 7 9 87
634 7 9 81
4366 7 9 75
1896 7 9 69
4518 7 9 61
2866 7 9 56
3572 7 9 50
4321 7 9 44
4996 7 9 35
4755 7 9 28
1268 7 9 21
1367 7 9 15
4396 7 9 7
5318 7 10 92
3011 7 10 86
1296 7 10 79
4715 7 10 71
4136 7 10 64
1343 7 10 57
1288 7 10 48
4863 7 10 40
5302 7 10 32
1006 7 10 26
608 7 10 20
1572 7 10 14
667 7 10 5
5010 7 12 92
2543 7 12 86
293 7 12 79
1916 7 12 71
3934 7 12 64
21 7 12 57
292 7 12 48
380 7 12 40
4683 7 12 32
837 7 12 26
4094 7 12 19
691 7 12 14
570 7 12 5
1427 8 0 92
5461 8 0 85
3457 8 0 77
1457 8 0 69
3662 8 0 61
2158 8 0 56
3137 8 0 50
4061 8 0 44
2728 8 0 35
4368 8 0 28
1163 8 0 21
1238 8 0 15
2412 8 0 7
1376 8 1 92
3269 8 1 85
2989 8 1 77
851 8 1 69
3545 8 1 61
1892 8 1 56
2928 8 1 50
2890 8 1 44
399 8 1 35
1018 8 1 28
2348 8 1 20
1797 8 1 13
4064 8 1 6
5203 8 3 91
820 8 3 84
4774 8 3 76
4558 8 3 69
3395 8 3 61
4319 8 3 55
1197 8 3 48
5080 8 3 39
1002 8 3 31
1753 8 3 22
2957 8 3 12
111 8 3 4
4908 8 5 91
518 8 5 84
4076 8 5 76
4159 8 5 69
1421 8 5 61
969 8 5 55
1173 8 5 48
2961 8 5 39
698 8 5 31
860 8 5 21
759 8 5 15
2392 8 5 7
3858 8 7 91
2727 8 7 83
2181 8 7 76
3680 8 7 69
1230 8 7 61
194 8 7 55
919 8 7 48
4016 8 7 38
3538 8 7 31
4825 8 7 20
1476 8 7 13
311 8 7 6
4828 8 9 90
4617 8 9 83
1226 8 9 76
1174 8 9 69
882 8 9 61
2244 8 9 54
4687 8 9 45
4167 8 9 40
4132 8 9 32
467 8 9 26
3802 8 9 19
428 8 9 14
5103 8 9 4
2478 8 10 90
2457 8 10 83
1077 8 10 76
823 8 10 69
561 8 10 61
1485 8 10 54
3145 8 10 45
2386 8 10 40
3531 8 10 32
5055 8 10 25
1911 8 10 19
4818 8 10 13
3015 8 10 5
4362 8 14 89
3027 8 14 82
4644 8 14 76
686 8 14 69
5386 8 14 60
808 8 14 53
756 8 14 46
5338 8 14 36
1734 8 14 28
540 8 14 20
5421 8 14 12
3274 8 14 3
3379 8 15 89
4830 8 15 81
3855 8 15 75
1392 8 15 69
4360 8 15 60
654 8 15 53
146 8 15 46
4341 8 15 36
1132 8 15 28
5565 8 15 19
3822 8 15 13
2250 8 15 5
2316 8 16 89
3885 8 16 81
3482 8 16 75
366 8 16 69
3179 8 16 60
20 8 16 53
4460 8 16 45
1832 8 16 40
2670 8 16 32
4306 8 16 25
1283 8 16 19
3357 8 16 13
532 8 16 5
1443 8 17 89
2899 8 17 81
623 8 17 75
3520 8 17 68
5405 8 17 62
2247 8 17 54
2549 8 17 45
211 8 17 40
2533 8 17 32
4296 8 17 25
1250 8 17 19
720 8 17 13
3486 8 17 4
1158 8 18 89
2654 8 18 81
5292 8 18 74
3527 8 18 68
5145 8 18 62
640 8 18 54
2192 8 18 45
4866 8 18 39
4315 8 18 30
912 8 18 22
1852 8 18 12
1410 8 18 3
417 8 19 89
1897 8 19 81
3758 8 19 74
2903 8 19 67
2222 8 19 60
5366 8 19 52
4697 8 19 45
1193 8 19 39
3638 8 19 30
302 8 19 22
593 8 19 12
1301 8 19 3
5280 9 0 88
449 9 0 79
4211 9 0 70
5403 9 0 62
3084 9 0 53
4214 9 0 45
1093 9 0 39
838 9 0 30
199 9 0 22
4539 9 0 11
103 9 0 4
2338 9 7 88
1565 9 7 78
1146 9 7 69
2492 9 7 60
3820 9 7 52
4078 9 7 45
152 9 7 39
650 9 7 30
5056 9 7 21
3583 9 7 14
2189 9 7 4
4987 9 9 87
3191 9 9 80
4237 9 9 72
1276 9 9 64
5142 9 9 56
2649 9 9 50
2511 9 9 44
2154 9 9 34
3718 9 9 28
5528 9 9 19
420 9 9 13
1337 9 9 4
3851 9 10 87
2686 9 10 80
3322 9 10 72
1144 9 10 64
3955 9 10 56
2625 9 10 50
1968 9 10 44
1312 9 10 34
3658 9 10 28
4489 9 10 19
4588 9 10 12
5315 9 10 2
5523 9 12 86
5151 9 12 78
97 9 12 69
1986 9 12 60
1859 9 12 52
3693 9 12 45
25 9 12 39
165 9 12 30
4926 9 12 21
2932 9 12 14
859 9 12 4
4577 9 13 86
3989 9 13 78
2421 9 13 68
4328 9 13 62
830 9 13 53
1885 9 13 45
5583 9 13 38
3071 9 13 31
4313 9 13 20
4556 9 13 12
3906 9 13 2
4017 9 14 86
3660 9 14 78
5589 9 14 67
964 9 14 60
1210 9 14 52
1654 9 14 45
5369 9 14 38
1731 9 14 31
5479 9 14 19
4271 9 14 12
2210 9 14 2
433 9 15 86
1652 9 15 78
5193 9 15 67
895 9 15 60
5030 9 15 51
4 9 15 43
1000 9 15 36
4276 9 15 27
688 9 15 21
2101 9 15 14
3434 9 15 3
1550 9 16 85
2970 9 16 77
5575 9 16 68
4047 9 16 62
5160 9 16 52
4941 9 16 44
5435 9 16 33
3541 9 16 26
5530 9 16 18
2830 9 16 10
2650 9 16 4
5505 9 17 84
3533 9 17 76
5522 9 17 68
2058 9 17 62
2904 9 17 52
3555 9 17 44
5389 9 17 33
875 9 17 26
5508 9 17 18
2722 9 17 10
1380 9 17 4
5266 9 18 84
3262 9 18 76
4585 9 18 68
4194 9 18 61
920 9 18 54
76 9 18 45
4286 9 18 38
1218 9 18 31
3254 9 18 19
3687 9 18 12
1401 9 18 1
3649 9 19 84
1528 9 19 76
4141 9 19 68
3397 9 19 61
907 9 19 54
5181 9 19 44
5131 9 19 32
3891 9 19 25
4821 9 19 18
1994 9 19 10
1143 9 19 4
3292 10 0 83
3722 10 0 75
2575 10 0 68
2690 10 0 61
5313 10 0 53
1477 10 0 45
4039 10 0 38
565 10 0 31
2231 10 0 19
3368 10 0 12
1214 10 0 1
3735 10 1 81
774 10 1 74
2631 10 1 67
5492 10 1 59
1871 10 1 53
1463 10 1 45
3728 10 1 38
5023 10 1 30
4431 10 1 21
1992 10 1 14
2254 10 1 3
672 10 2 81
255 10 2 74
2076 10 2 67
3809 10 2 59
3089 10 2 52
1953 10 2 44
4278 10 2 32
3867 10 2 25
3554 10 2 18
1035 10 2 10
4602 10 2 3
3692 10 3 80
2800 10 3 72
5324 10 3 63
7 10 3 55
480 10 3 48
3113 10 3 38
2525 10 3 30
2673 10 3 21
1874 10 3 14
1160 10 3 3
1061 10 4 79
3419 10 4 70
4336 10 4 62
2815 10 4 52
960 10 4 44
4599 10 4 31
437 10 4 18
778 10 4 10
3304 10 4 3
1234 10 5 75
1567 10 5 68
6 10 5 61
3870 10 5 53
803 10 5 45
3640 10 5 38
1552 10 5 30
2183 10 5 21
1741 10 5 13
868 10 5 4
4417 10 7 74
1681 10 7 67
3503 10 7 59
2896 10 7 52
4887 10 7 43
4294 10 7 35
3874 10 7 27
337 10 7 21
1165 10 7 13
4885 10 7 3
1969 10 9 72
3994 10 9 63
4798 10 9 54
2960 10 9 44
3493 10 9 31
1540 10 9 16
3130 10 9 7
5135 10 10 69
1634 10 10 60
4156 10 10 51
4931 10 10 42
1389 10 10 36
3907 10 10 27
5132 10 10 20
2801 10 10 12
955 10 10 1
3156 10 12 68
4143 10 12 60
248 10 12 51
4906 10 12 42
1266 10 12 36
1758 10 12 27
3731 10 12 20
2354 10 12 12
933 10 12 1
5301 11 15 58
1360 11 15 51
4403 11 15 42
5221 11 15 35
3442 11 15 27
4857 11 15 19
3021 11 15 12
4777 11 15 3
4768 11 16 30
681 11 16 21
5569 11 16 12
4692 11 16 3
1200 11 17 97
2268 11 17 91
2387 11 17 83
3289 11 17 75
1305 11 17 68
2521 11 17 60
4562 11 17 50
1805 11 17 44
2818 11 17 31
1152 11 17 16
403 11 17 7
28 11 18 96
1513 11 18 92
2647 11 18 85
3703 11 18 76
3762 11 18 68
2093 11 18 60
3467 11 18 49
1577 11 18 43
2383 11 18 35
2111 11 18 27
4719 11 18 19
2995 11 18 12
2755 11 18 3
4196 11 19 95
898 11 19 89
1388 11 19 80
1647 11 19 72
3421 11 19 63
3675 11 19 54
2952 11 19 44
4666 11 19 30
243 11 19 21
5340 11 19 12
2060 11 19 3
3044 12 1 95
4975 12 1 88
739 12 1 78
4718 12 1 67
2433 12 1 59
1689 12 1 52
3815 12 1 43
1854 12 1 35
1549 12 1 27
2782 12 1 19
1371 12 1 12
4003 12 1 2
2131 12 3 95
4571 12 3 88
378 12 3 78
3905 12 3 67
2403 12 3 59
1138 12 3 52
3163 12 3 43
1057 12 3 35
595 12 3 27
2301 12 3 19
1161 12 3 12
3970 12 3 2
5519 12 4 94
3517 12 4 87
2560 12 4 80
79 12 4 72
2637 12 4 63
2512 12 4 54
2729 12 4 44
982 12 4 30
5074 12 4 20
1089 12 4 12
3374 12 4 2
4262 12 6 94
3257 12 6 87
2448 12 6 80
4960 12 6 71
2941 12 6 64
3209 12 6 56
1264 12 6 50
992 12 6 44
4812 12 6 29
2846 12 6 21
3823 12 6 12
2446 12 6 2
4162 12 7 94
2734 12 7 87
1488 12 7 80
4310 12 7 71
2641 12 7 64
2832 12 7 56
1004 12 7 50
4168 12 7 43
5243 12 7 34
3008 12 7 28
3146 12 7 19
5356 12 7 11
2173 12 7 2
3569 12 8 94
2539 12 8 87
124 12 8 80
3420 12 8 71
2363 12 8 64
2644 12 8 56
305 12 8 50
2912 12 8 43
2569 12 8 34
2825 12 8 28
2473 12 8 19
5153 12 8 11
1960 12 8 2
2939 12 9 94
2415 12 9 87
3215 12 9 79
2333 12 9 70
2137 12 9 62
2680 12 9 52
1102 12 9 43
4285 12 9 33
5425 12 9 25
2199 12 9 18
4765 12 9 9
5009 12 9 1
1983 12 11 94
1033 12 11 87
347 12 11 79
1547 12 11 70
1318 12 11 62
929 12 11 52
974 12 11 43
3603 12 11 33
3921 12 11 25
1359 12 11 18
4546 12 11 9
4846 12 11 1
1895 12 13 94
4826 12 13 86
2927 12 13 77
5156 12 13 68
1054 12 13 60
2969 12 13 49
1229 12 13 43
3381 12 13 33
3476 12 13 25
405 12 13 18
5560 12 13 8
50 12 13 1
159 12 15 94
1872 12 15 86
1790 12 15 77
3959 12 15 68
5396 12 15 58
81 12 15 51
4153 12 15 42
4898 12 15 35
3187 12 15 26
1890 12 15 18
5128 12 15 8
3910 12 16 93
3836 12 16 87
4354 12 16 78
190 12 16 67
1408 12 16 59
486 12 16 52
3876 12 16 42
4872 12 16 35
2503 12 16 26
1636 12 16 18
3056 12 16 8
3683 12 17 93
3832 12 17 87
3425 12 17 78
5391 12 17 66
4573 12 17 58
5297 12 17 50
1411 12 17 43
3258 12 17 33
3204 12 17 25
4298 12 17 17
4699 12 17 10
2274 12 17 3
2464 12 18 93
2008 12 18 87
2612 12 18 78
3933 12 18 66
3523 12 18 58
3746 12 18 50
524 12 18 43
1710 12 18 33
2337 12 18 25
3957 12 18 17
4043 12 18 10
1776 12 18 3
2163 12 19 93
5042 12 19 86
299 12 19 77
3628 12 19 68
4847 12 19 58
3349 12 19 50
502 12 19 43
1378 12 19 33
993 12 19 25
2902 12 19 17
2197 12 19 10
4384 12 19 2
1555 13 1 93
3502 13 1 86
5448 13 1 76
2225 13 1 68
2634 13 1 58
3333 13 1 50
168 13 1 43
597 13 1 33
5353 13 1 24
533 13 1 17
1875 13 1 10
3690 13 1 2
5443 13 3 92
4409 13 3 84
4806 13 3 75
388 13 3 68
2277 13 3 58
3171 13 3 50
3299 13 3 42
3914 13 3 35
1308 13 3 26
506 13 3 18
2933 13 3 8
5157 13 4 92
4066 13 4 84
3626 13 4 75
4817 13 4 67
1126 13 4 59
4446 13 4 51
1050 13 4 42
1752 13 4 35
3611 13 4 25
2084 13 4 17
1777 13 4 10
3168 13 4 2
4611 13 9 91
1571 13 9 83
2606 13 9 75
3797 13 9 67
5593 13 9 58
2378 13 9 50
2484 13 9 42
3981 13 9 34
408 13 9 28
1049 13 9 19
3367 13 9 11
1358 13 9 2
2858 13 11 91
431 13 11 83
2126 13 11 75
1014 13 11 67
4192 13 11 58
2342 13 11 50
5590 13 11 41
571 13 11 33
4652 13 11 24
4627 13 11 16
3609 13 11 6
2792 13 13 91
3553 13 13 82
2584 13 13 76
2030 13 13 68
5115 13 13 57
5331 13 13 47
3716 13 13 39
41 13 13 30
3862 13 13 20
906 13 13 12
552 13 13 2
1771 13 15 91
2678 13 15 82
2562 13 15 76
464 13 15 68
4764 13 15 57
4939 13 15 47
4889 13 15 38
636 13 15 30
3396 13 15 20
4105 13 15 11
4804 13 15 1
1539 14 1 91
758 14 1 82
2308 14 1 76
8 14 1 68
4426 14 1 57
1948 14 1 47
3500 14 1 38
560 14 1 30
1853 14 1 20
2141 14 1 11
3472 14 1 1
797 14 3 91
4586 14 3 81
44 14 3 74
3618 14 3 66
3087 14 3 58
1176 14 3 50
2489 14 3 41
5026 14 3 32
1046 14 3 25
1879 14 3 17
1342 14 3 10
1878 14 3 2
695 14 4 91
4358 14 4 81
4955 14 4 73
4612 14 4 64
950 14 4 56
5350 14 4 49
555 14 4 43
268 14 4 33
2278 14 4 24
4053 14 4 16
2793 14 4 6
5006 14 5 90
1099 14 5 82
1568 14 5 76
4810 14 5 67
3633 14 5 58
558 14 5 50
2408 14 5 41
4869 14 5 32
4600 14 5 24
3305 14 5 16
2178 14 5 6
997 14 6 90
289 14 6 82
1184 14 6 76
4045 14 6 67
3076 14 6 58
2416 14 6 49
3055 14 6 42
3923 14 6 34
66 14 6 28
926 14 6 19
3341 14 6 11
3432 14 6 1
523 14 7 90
3853 14 7 81
3729 14 7 73
1400 14 7 64
612 14 7 56
4041 14 7 49
2388 14 7 42
3624 14 7 34
4534 14 7 27
902 14 7 19
900 14 7 11
73 14 7 1
49 14 8 90
2717 14 8 81
3463 14 8 73
1237 14 8 64
546 14 8 56
3986 14 8 49
719 14 8 42
2570 14 8 34
1064 14 8 27
5494 14 8 18
1202 14 8 8
4552 14 9 89
4736 14 9 79
1373 14 9 70
1206 14 9 62
425 14 9 52
512 14 9 42
2532 14 9 34
559 14 9 27
3748 14 9 18
332 14 9 8
4544 14 11 89
2972 14 11 79
1187 14 11 70
1055 14 11 62
241 14 11 52
5414 14 11 41
4476 14 11 32
4111 14 11 24
1058 14 11 16
83 14 11 6
4379 14 13 89
2520 14 13 79
4982 14 13 69
1588 14 13 60
1617 14 13 49
78 14 13 42
2465 14 13 34
5466 14 13 26
5188 14 13 17
4551 14 13 9
3616 14 15 89
1211 14 15 79
4545 14 15 69
1302 14 15 60
1602 14 15 49
1538 14 15 41
419 14 15 32
1516 14 15 24
361 14 15 16
3753 14 15 5
3144 14 17 89
5527 14 17 78
2744 14 17 66
2283 14 17 58
1949 14 17 49
697 14 17 41
3655 14 17 31
5459 14 17 15
74 14 17 7
5439 14 18 88
2723 14 18 77
4640 14 18 67
3009 14 18 58
793 14 18 49
4352 14 18 40
1583 14 18 32
1157 14 18 24
5081 14 18 15
55 14 18 7
5380 14 19 88
1838 14 19 77
3498 14 19 67
2344 14 19 58
23 14 19 49
3927 14 19 40
791 14 19 32
5015 14 19 23
1227 14 19 15
4183 14 19 6
2905 15 1 87
2152 15 1 78
2527 15 1 66
5497 15 1 57
4536 15 1 46
2061 15 1 36
1056 15 1 27
2586 15 1 18
4259 15 1 7
2263 15 11 87
1545 15 11 78
118 15 11 66
3375 15 11 57
4124 15 11 46
957 15 11 36
27 15 11 27
316 15 11 18
3604 15 11 7
1181 16 1 87
2021 16 1 77
3840 16 1 66
2840 16 1 57
2708 16 1 46
824 16 1 35
2027 16 1 25
1699 16 1 17
3719 16 1 9
24 16 2 87
1656 16 2 77
3388 16 2 66
5213 16 2 56
2608 16 2 49
1662 16 2 40
5438 16 2 31
4681 16 2 15
1988 16 2 6
5255 16 3 86
4093 16 3 76
4025 16 3 67
878 16 3 58
5013 16 3 48
1013 16 3 38
306 16 3 30
1363 16 3 20
140 16 3 11
609 16 3 2
3597 16 4 86
2444 16 4 76
3930 16 4 67
4584 16 4 57
451 16 4 46
519 16 4 35
1261 16 4 25
498 16 4 17
3256 16 4 9
3295 16 5 86
2055 16 5 76
3610 16 5 67
3644 16 5 57
5027 16 5 45
3586 16 5 38
5176 16 5 29
2289 16 5 21
2518 16 5 12
453 16 5 2
3066 16 6 86
2161 16 6 75
329 16 6 67
3556 16 6 57
1086 16 6 45
3118 16 6 38
5003 16 6 29
1500 16 6 21
100 16 6 12
4195 16 6 1
2798 16 7 86
1514 16 7 75
4576 16 7 65
487 16 7 57
953 16 7 45
2266 16 7 38
4376 16 7 29
1346 16 7 21
2945 16 7 11
1474 16 7 1
2401 16 8 86
873 16 8 75
2666 16 8 65
5194 16 8 56
2488 16 8 49
4187 16 8 39
4427 16 8 29
3941 16 8 20
5400 16 8 10
1448 16 8 1
1076 16 9 86
522 16 9 75
2482 16 9 65
4205 16 9 56
1781 16 9 49
3435 16 9 39
4197 16 9 29
1818 16 9 20
3967 16 9 10
1151 16 9 1
1933 16 11 85
1669 16 11 76
1963 16 11 67
2935 16 11 57
792 16 11 45
3966 16 11 37
1591 16 11 28
411 16 11 19
4977 16 11 10
2738 16 12 84
3563 16 12 75
4995 16 12 64
2962 16 12 55
3316 16 12 47
2487 16 12 38
2797 16 12 29
4772 16 12 19
4038 16 12 10
1763 16 13 84
2602 16 13 75
4865 16 13 64
1703 16 13 55
3121 16 13 47
5183 16 13 37
1062 16 13 28
3620 16 13 18
3509 16 13 7
4367 16 14 82
589 16 14 76
1816 16 14 67
842 16 14 57
3845 16 14 44
1393 16 14 29
3935 16 14 19
3756 16 14 10
3984 16 15 82
5085 16 15 75
4189 16 15 64
353 16 15 55
2628 16 15 47
4500 16 15 37
390 16 15 28
3474 16 15 18
2940 16 15 7
2733 16 16 82
4745 16 16 75
3782 16 16 64
125 16 16 55
1479 16 16 47
4072 16 16 37
4993 16 16 27
5195 16 16 17
1707 16 16 9
1708 16 17 82
4331 16 17 75
1692 16 17 64
105 16 17 55
5283 16 17 46
3752 16 17 34
4493 16 17 26
4805 16 17 17
1362 16 17 9
4317 16 18 81
1242 16 18 73
312 16 18 64
5286 16 18 54
1856 16 18 44
643 16 18 29
3511 16 18 19
3671 16 18 10
1799 16 19 81
1100 16 19 73
265 16 19 64
4495 16 19 54
348 16 19 44
4867 16 19 27
2906 16 19 17
911 16 19 9
4769 17 1 80
1560 17 1 71
2166 17 1 64
4325 17 1 54
301 17 1 44
4468 17 1 27
2350 17 1 17
553 17 1 9
3736 17 2 79
4395 17 2 69
980 17 2 60
4234 17 2 48
5050 17 2 37
4461 17 2 27
2229 17 2 17
281 17 2 9
3115 17 3 79
4135 17 3 69
862 17 3 60
4075 17 3 48
4428 17 3 37
4034 17 3 27
1595 17 3 17
3727 17 3 8
3800 17 4 77
1482 17 4 66
3901 17 4 56
607 17 4 49
645 17 4 39
135 17 4 29
3405 17 4 19
4665 17 4 9
4559 17 5 76
131 17 5 67
488 17 5 57
2975 17 5 44
275 17 5 27
182 17 5 17
2237 17 5 8
3681 17 6 75
3229 17 6 63
2066 17 6 54
5279 17 6 43
5288 17 6 32
4646 17 6 23
2778 17 6 14
890 17 6 3
2750 17 7 75
1717 17 7 63
1661 17 7 54
5200 17 7 43
4816 17 7 32
3241 17 7 23
2767 17 7 14
886 17 7 2
761 17 8 74
3314 17 8 66
2014 17 8 56
5347 17 8 48
4338 17 8 37
1671 17 8 27
1441 17 8 16
3057 17 8 5
2169 17 9 72
2398 17 9 63
313 17 9 54
4089 17 9 43
4583 17 9 32
3237 17 9 23
2571 17 9 14
5033 17 9 1
3213 17 11 71
216 17 11 64
2824 17 11 54
3334 17 11 43
4398 17 11 32
1802 17 11 23
3847 17 11 13
4232 17 11 3
1332 17 12 71
204 17 12 64
1422 17 12 54
3252 17 12 43
2409 17 12 32
5436 17 12 22
3412 17 12 11
1974 17 13 70
191 17 13 62
5316 17 13 51
319 17 13 42
655 17 13 34
2420 17 13 26
4415 17 13 17
5477 17 13 7
2694 17 14 69
3760 17 14 59
4355 17 14 51
4978 17 14 41
3346 17 14 31
1912 17 14 15
754 17 14 6
3129 17 15 67
3004 17 15 56
1148 17 15 48
1324 17 15 37
5246 17 15 26
3247 17 15 17
5387 17 15 7
3185 17 16 65
4484 17 16 55
2309 17 16 46
3291 17 16 34
4273 17 16 25
3833 17 16 16
723 17 16 5
2164 17 17 64
1204 17 17 54
2736 17 17 43
5568 17 17 31
1804 17 17 15
4139 17 17 5
4966 17 18 38
937 17 18 29
1081 17 18 19
1331 17 18 9
2095 17 19 93
3475 17 19 86
3542 17 19 74
3194 17 19 66
5371 17 19 55
5378 17 19 45
2168 17 19 37
3058 17 19 26
3052 17 19 17
3859 17 19 7
1101 19 0 93
2241 19 0 86
1357 19 0 74
2677 19 0 66
3873 19 0 55
5165 19 0 45
1738 19 0 37
3024 19 0 26
1546 19 0 17
3338 19 0 7
1030 19 1 93
1762 19 1 86
1231 19 1 74
2335 19 1 66
2773 19 1 55
4594 19 1 45
5373 19 1 36
12 19 1 27
4080 19 1 15
3443 19 1 5
4465 19 2 92
3886 19 2 84
520 19 2 75
635 19 2 63
4967 19 2 53
4770 19 2 44
2167 19 2 26
504 19 2 17
5449 19 2 6
2819 19 3 92
3790 19 3 84
4065 19 3 74
2103 19 3 66
1999 19 3 55
4023 19 3 45
4859 19 3 36
1304 19 3 26
5259 19 3 16
2841 19 3 4
921 19 4 92
2748 19 4 84
1619 19 4 74
1686 19 4 66
1038 19 4 55
2879 19 4 45
4832 19 4 36
3415 19 4 25
3288 19 4 16
2302 19 4 4
4252 19 5 91
3422 19 5 81
1094 19 5 73
3985 19 5 63
4433 19 5 53
4032 19 5 44
4581 19 5 25
1585 19 5 16
5549 19 5 3
2559 19 6 91
4474 19 6 80
4497 19 6 70
5299 19 6 61
3244 19 6 53
3578 19 6 44
1650 19 6 24
4673 19 6 15
1932 19 6 5
2314 19 7 91
3573 19 7 80
3872 19 7 70
5147 19 7 61
2965 19 7 53
1819 19 7 44
3884 19 7 22
3471 19 7 10
1917 19 8 91
2908 19 8 80
3148 19 8 70
1195 19 8 61
5014 19 8 52
4420 19 8 41
2436 19 8 31
142 19 8 15
1023 19 8 5
782 19 9 91
2153 19 9 80
2063 19 9 70
675 19 9 61
2430 19 9 52
3669 19 9 41
2020 19 9 31
2013 19 9 12
4895 19 10 90
2128 19 10 81
5525 19 10 72
1059 19 10 63
3771 19 10 53
931 19 10 44
1039 19 10 22
19 19 10 10
4880 19 11 90
1922 19 11 81
4241 19 11 72
119 19 11 63
3743 19 11 53
4549 19 11 43
5362 19 11 31
5440 19 11 10
4578 19 12 90
1735 19 12 81
2176 19 12 72
5437 19 12 62
3777 19 12 51
3098 19 12 41
1105 19 12 31
1190 19 12 10
3830 19 13 90
1659 19 13 81
1970 19 13 72
1760 19 13 62
1966 19 13 51
801 19 13 41
161 19 13 31
2502 19 13 9
1775 19 14 90
1244 19 14 81
5521 19 14 71
5208 19 14 63
673 19 14 53
3887 19 14 43
1068 19 14 31
699 19 14 7
1150 19 15 90
721 19 15 81
5196 19 15 71
4443 19 15 63
671 19 15 53
2645 19 15 43
1 19 15 31
1700 19 15 6
122 19 16 90
4716 19 16 80
1701 19 16 70
328 19 16 61
458 19 16 52
3103 19 16 41
4071 19 16 30
4144 19 16 19
5303 19 16 8
5372 19 17 89
4883 19 17 78
2981 19 17 65
2540 19 17 55
1850 19 17 45
4733 19 17 36
1800 19 17 25
1379 19 17 16
5429 19 17 3
3961 19 18 89
4868 19 18 78
1414 19 18 65
690 19 18 55
1638 19 18 45
3238 19 18 36
176 19 18 25
935 19 18 16
1499 19 18 3
3559 19 19 89
4657 19 19 78
308 19 19 65
350 19 19 55
346 19 19 45
621 19 19 36
5351 19 19 24
3863 19 19 15
381 19 19 5
