2809
6414 0 0 97
6233 0 0 94
2365 0 0 92
4084 0 0 90
6373 0 0 87
3895 0 0 85
6100 0 0 82
4434 0 0 78
6548 0 0 75
5962 0 0 72
4407 0 0 69
2015 0 0 66
5810 0 0 63
4748 0 0 61
2019 0 0 58
5765 0 0 56
4458 0 0 54
576 0 0 52
3299 0 0 50
6304 0 0 47
5949 0 0 44
4439 0 0 41
876 0 0 36
5070 0 0 33
5945 0 0 29
6409 0 0 27
759 0 0 25
4168 0 0 21
2179 0 0 19
5817 0 0 16
4576 0 0 14
3986 0 0 12
1645 0 0 10
4367 0 0 7
1166 0 0 4
2458 0 0 1
4479 0 1 97
2356 0 1 94
2032 0 1 92
4620 0 1 89
4283 0 1 87
6204 0 1 84
174 0 1 82
4348 0 1 78
3360 0 1 75
1012 0 1 72
2556 0 1 69
5208 0 1 65
188 0 1 62
5609 0 1 57
4711 0 1 54
4418 0 1 51
2322 0 1 48
2149 0 1 46
368 0 1 44
2943 0 1 41
520 0 1 36
4261 0 1 32
6545 0 1 28
361 0 1 25
3799 0 1 21
5345 0 1 18
6043 0 1 15
6398 0 1 13
6137 0 1 10
2660 0 1 7
4547 0 1 3
3812 0 1 1
3480 0 2 97
5089 0 2 93
611 0 2 91
4731 0 2 88
5337 0 2 85
6571 0 2 81
3816 0 2 78
3130 0 2 74
619 0 2 71
6550 0 2 69
2981 0 2 65
5701 0 2 61
1294 0 2 58
5818 0 2 55
2632 0 2 52
1720 0 2 50
6277 0 2 47
5508 0 2 43
5494 0 2 40
2496 0 2 38
5059 0 2 35
5537 0 2 32
5750 0 2 28
6293 0 2 24
4878 0 2 20
300 0 2 17
297 0 2 15
4080 0 2 12
6453 0 2 8
4660 0 2 6
3333 0 2 4
1859 0 3 97
4377 0 3 92
3394 0 3 89
1876 0 3 87
4969 0 3 84
4588 0 3 81
3432 0 3 78
4970 0 3 73
5258 0 3 70
6355 0 3 67
6573 0 3 63
2912 0 3 61
5803 0 3 57
2821 0 3 54
1390 0 3 51
1350 0 3 48
3910 0 3 45
1140 0 3 43
1853 0 3 39
2053 0 3 37
5852 0 3 35
2766 0 3 32
4839 0 3 28
5390 0 3 24
4484 0 3 20
5870 0 3 16
4147 0 3 14
5778 0 3 10
6432 0 3 6
3149 0 3 3
6002 0 4 96
6379 0 4 93
3560 0 4 90
882 0 4 87
1580 0 4 84
3038 0 4 81
5353 0 4 77
2927 0 4 75
5415 0 4 71
5867 0 4 68
4074 0 4 65
3083 0 4 61
3069 0 4 57
567 0 4 54
2131 0 4 50
4148 0 4 47
2888 0 4 43
5787 0 4 38
3550 0 4 35
2159 0 4 32
4796 0 4 28
663 0 4 24
6457 0 4 19
6242 0 4 15
5662 0 4 11
4014 0 4 9
1239 0 4 7
2644 0 4 3
5881 0 5 96
4248 0 5 93
4876 0 5 89
2824 0 5 86
3450 0 5 84
693 0 5 81
4680 0 5 77
6041 0 5 74
3329 0 5 70
1161 0 5 67
5933 0 5 63
6521 0 5 60
3541 0 5 57
4962 0 5 53
4041 0 5 50
948 0 5 46
4795 0 5 43
5120 0 5 38
5533 0 5 34
6042 0 5 31
5930 0 5 28
3994 0 5 23
1297 0 5 19
4818 0 5 15
4313 0 5 11
1019 0 5 8
5257 0 5 4
5179 0 6 96
2759 0 6 93
2760 0 6 88
2389 0 6 85
6075 0 6 81
4036 0 6 77
5822 0 6 73
6149 0 6 69
1044 0 6 65
1978 0 6 61
1282 0 6 57
1632 0 6 53
2598 0 6 50
6258 0 6 45
5993 0 6 41
497 0 6 36
2886 0 6 32
3386 0 6 28
2646 0 6 23
6546 0 6 18
3563 0 6 15
3818 0 6 11
5323 0 6 7
1173 0 6 3
4565 0 7 96
5694 0 7 92
4077 0 7 88
2220 0 7 85
4164 0 7 81
3797 0 7 77
5523 0 7 73
5982 0 7 69
642 0 7 65
1104 0 7 61
1117 0 7 57
5847 0 7 52
5162 0 7 49
1904 0 7 45
5007 0 7 40
5371 0 7 37
1483 0 7 34
4718 0 7 31
4396 0 7 28
754 0 7 23
6253 0 7 18
1802 0 7 15
2316 0 7 11
2809 0 7 7
1153 0 7 3
4170 0 8 96
4871 0 8 92
3925 0 8 88
955 0 8 85
3061 0 8 81
1494 0 8 77
2727 0 8 73
4349 0 8 69
5159 0 8 64
4127 0 8 62
4323 0 8 57
4833 0 8 52
6538 0 8 48
4462 0 8 44
1552 0 8 40
5984 0 8 36
6022 0 8 31
3923 0 8 28
2346 0 8 22
4294 0 8 19
4623 0 8 15
1072 0 8 11
5024 0 8 6
6008 0 8 2
3681 0 9 96
4069 0 9 91
4303 0 9 88
3430 0 9 84
6177 0 9 80
5517 0 9 77
6557 0 9 72
6083 0 9 68
2155 0 9 65
5738 0 9 60
1825 0 9 57
4551 0 9 52
2719 0 9 48
2946 0 9 44
1534 0 9 40
2723 0 9 36
2497 0 9 31
2207 0 9 28
1587 0 9 22
3581 0 9 19
3100 0 9 15
420 0 9 11
4536 0 9 6
3792 0 9 2
2591 0 10 96
2976 0 10 91
1763 0 10 88
2833 0 10 84
4567 0 10 80
3920 0 10 77
5740 0 10 72
5633 0 10 68
1370 0 10 65
5469 0 10 60
5924 0 10 56
237 0 10 54
1811 0 10 50
5707 0 10 45
4885 0 10 40
1607 0 10 36
6049 0 10 30
6203 0 10 28
1022 0 10 22
4651 0 10 18
4167 0 10 14
2783 0 10 10
3657 0 10 6
2986 0 10 2
1821 0 11 96
5753 0 11 90
5545 0 11 86
5194 0 11 83
6087 0 11 80
3780 0 11 77
3651 0 11 72
5167 0 11 68
157 0 11 65
4637 0 11 60
3131 0 11 56
6382 0 11 53
500 0 11 50
4019 0 11 45
4784 0 11 40
5414 0 11 35
733 0 11 32
2626 0 11 28
2707 0 11 21
3636 0 11 18
2394 0 11 14
1937 0 11 10
3602 0 11 6
1562 0 11 2
385 0 12 96
4785 0 12 90
4502 0 12 86
5382 0 12 82
2355 0 12 78
1924 0 12 73
1433 0 12 69
5148 0 12 64
3979 0 12 62
4092 0 12 57
871 0 12 52
6274 0 12 47
2634 0 12 43
727 0 12 38
5298 0 12 34
1547 0 12 31
5663 0 12 27
5629 0 12 24
5952 0 12 19
1211 0 12 15
1950 0 12 10
1780 0 12 6
120 0 12 2
5996 0 13 95
812 0 13 92
2903 0 13 88
2731 0 13 84
5407 0 13 79
5411 0 13 77
2694 0 13 72
1291 0 13 68
4271 0 13 64
4224 0 13 60
1727 0 13 56
5267 0 13 53
4965 0 13 49
1051 0 13 45
2506 0 13 40
3075 0 13 35
5886 0 13 30
1292 0 13 28
1852 0 13 21
4020 0 13 17
4780 0 13 14
1649 0 13 10
1778 0 13 6
5292 0 13 1
5754 0 14 95
5829 0 14 91
994 0 14 88
4099 0 14 83
6040 0 14 80
271 0 14 77
2442 0 14 72
978 0 14 68
3046 0 14 64
4068 0 14 60
1611 0 14 56
4145 0 14 52
5862 0 14 47
1831 0 14 43
4903 0 14 37
5606 0 14 33
5490 0 14 29
3615 0 14 26
3596 0 14 24
4600 0 14 19
695 0 14 15
1283 0 14 10
1287 0 14 6
4756 0 14 1
4199 0 15 95
1766 0 15 91
5922 0 15 87
314 0 15 83
5399 0 15 80
2843 0 15 76
3728 0 15 74
1927 0 15 70
3869 0 15 66
4622 0 15 62
4025 0 15 57
6057 0 15 51
3357 0 15 47
1373 0 15 43
4521 0 15 37
1116 0 15 33
5250 0 15 29
170 0 15 26
3254 0 15 23
6176 0 15 18
6298 0 15 13
5200 0 15 10
745 0 15 6
4103 0 15 1
510 0 16 95
1519 0 16 91
3088 0 16 87
4662 0 16 82
1882 0 16 78
1870 0 16 73
5781 0 16 68
2700 0 16 64
3211 0 16 60
3883 0 16 55
3588 0 16 51
6302 0 16 46
4243 0 16 43
3899 0 16 37
6418 0 16 32
8 0 16 28
1443 0 16 21
3167 0 16 17
5685 0 16 13
1711 0 16 10
6312 0 16 5
6332 0 16 2
6148 0 17 94
875 0 17 92
2677 0 17 88
2054 0 17 83
1959 0 17 80
1872 0 17 76
4669 0 17 73
5481 0 17 68
4753 0 17 63
4607 0 17 60
3120 0 17 55
2772 0 17 51
4309 0 17 46
4658 0 17 42
6264 0 17 39
1583 0 17 37
6122 0 17 31
4322 0 17 27
4527 0 17 24
1669 0 17 19
6257 0 17 14
60 0 17 10
2817 0 17 5
4429 0 17 2
4646 0 18 94
6443 0 18 91
4424 0 18 86
2349 0 18 82
1620 0 18 77
2226 0 18 72
5570 0 18 67
5884 0 18 62
2793 0 18 57
5117 0 18 51
3949 0 18 46
4006 0 18 42
4749 0 18 39
142 0 18 37
5954 0 18 31
4030 0 18 27
2597 0 18 24
5291 0 18 18
5840 0 18 13
6241 0 18 9
4539 0 18 6
3609 0 18 1
1808 0 19 94
3460 0 19 90
2361 0 19 86
5324 0 19 81
781 0 19 77
1714 0 19 72
5064 0 19 67
4290 0 19 62
1507 0 19 57
4340 0 19 51
3819 0 19 46
2516 0 19 42
1913 0 19 38
4790 0 19 34
4430 0 19 30
6219 0 19 27
2414 0 19 24
4673 0 19 18
5649 0 19 13
1061 0 19 9
5022 0 19 5
5083 0 19 1
823 2 6 94
2295 2 6 90
3762 2 6 85
2842 2 6 81
393 2 6 77
633 2 6 72
3882 2 6 67
2906 2 6 62
677 2 6 57
2654 2 6 51
2391 2 6 46
6468 2 6 41
6091 2 6 35
3425 2 6 30
4405 2 6 27
1327 2 6 24
4578 2 6 18
5552 2 6 13
245 2 6 9
3865 2 6 5
5600 2 8 93
2275 2 8 88
885 2 8 83
984 2 8 80
5035 2 8 75
4949 2 8 70
310 2 8 66
3954 2 8 62
549 2 8 57
2073 2 8 51
1105 2 8 46
6068 2 8 41
2188 2 8 35
3313 2 8 30
6552 2 8 26
2213 2 8 23
6188 2 8 17
4943 2 8 13
5219 2 8 8
2141 2 8 4
4062 2 9 93
2274 2 9 88
6388 2 9 82
5002 2 9 76
3999 2 9 73
4665 2 9 68
4264 2 9 63
3039 2 9 60
2969 2 9 55
1273 2 9 51
4546 2 9 45
1987 2 9 40
923 2 9 35
2033 2 9 30
1989 2 9 26
1021 2 9 23
5261 2 9 17
3737 2 9 13
4528 2 9 8
5798 2 9 3
3092 2 10 93
6217 2 10 87
3374 2 10 82
3583 2 10 76
1934 2 10 72
3777 2 10 67
1403 2 10 62
5682 2 10 56
3714 2 10 52
4934 2 10 47
1244 2 10 43
3748 2 10 37
5376 2 10 31
4017 2 10 27
509 2 10 24
337 2 10 18
4544 2 10 13
3314 2 10 8
4411 2 10 3
2883 2 11 93
5423 2 11 87
3021 2 11 82
1845 2 11 76
1364 2 11 72
3003 2 11 67
4341 2 11 61
6216 2 11 56
1099 2 11 52
4832 2 11 47
909 2 11 43
2716 2 11 37
2482 2 11 31
3621 2 11 27
4155 2 11 22
5826 2 11 17
1779 2 11 13
1604 2 11 8
3028 2 11 3
2433 2 12 93
4540 2 12 87
1840 2 12 82
1118 2 12 76
2511 2 12 71
6187 2 12 67
1577 2 12 61
5679 2 12 56
6172 2 12 51
1988 2 12 45
5971 2 12 39
6539 2 12 36
5477 2 12 30
1878 2 12 26
3133 2 12 22
5746 2 12 17
6415 2 12 12
5574 2 12 8
1980 2 12 3
926 2 14 93
4150 2 14 87
499 2 14 82
1088 2 14 76
2199 2 14 71
4586 2 14 67
6259 2 14 60
964 2 14 55
487 2 14 51
961 2 14 45
4372 2 14 39
5699 2 14 35
1411 2 14 29
4208 2 14 25
3350 2 14 21
3071 2 14 17
4874 2 14 12
4250 2 14 8
1178 2 14 3
5269 2 15 92
6367 2 15 87
164 2 15 82
127 2 15 76
625 2 15 71
1957 2 15 67
5234 2 15 60
782 2 15 55
183 2 15 51
717 2 15 45
4235 2 15 39
5099 2 15 35
1389 2 15 29
5947 2 15 24
4768 2 15 17
3231 2 15 12
4001 2 15 8
447 2 15 3
4688 2 17 92
4554 2 17 87
6481 2 17 81
4314 2 17 76
5122 2 17 70
6419 2 17 65
3980 2 17 60
4776 2 17 54
933 2 17 50
3037 2 17 45
4119 2 17 39
3791 2 17 35
372 2 17 29
5163 2 17 24
3729 2 17 17
4830 2 17 11
2845 2 17 6
2083 2 17 1
4633 2 18 92
4227 2 18 87
4974 2 18 81
3992 2 18 76
3926 2 18 70
4635 2 18 65
3795 2 18 60
2248 2 18 54
6478 2 18 49
6226 2 18 44
1484 2 18 40
77 2 18 35
6211 2 18 28
1218 2 18 21
2936 2 18 17
4493 2 18 11
2839 2 18 6
4197 2 19 92
3904 2 19 87
172 2 19 81
3871 2 19 75
4732 2 19 70
3889 2 19 65
1963 2 19 60
741 2 19 54
5776 2 19 49
5412 2 19 44
591 2 19 40
5942 2 19 34
2639 2 19 30
5188 2 19 25
2687 2 19 21
2851 2 19 17
6369 2 19 10
1495 2 19 5
3521 3 0 92
3620 3 0 87
5603 3 0 80
4743 3 0 75
4317 3 0 70
3821 3 0 65
1804 3 0 60
6556 3 0 53
4826 3 0 49
3232 3 0 44
64 3 0 40
4681 3 0 34
1748 3 0 30
4738 3 0 25
2064 3 0 21
1501 3 0 17
6228 3 0 10
4676 3 0 4
1289 3 1 92
3567 3 1 87
3002 3 1 80
3669 3 1 75
3664 3 1 70
3725 3 1 65
1741 3 1 60
3585 3 1 53
5666 3 1 48
6533 3 1 43
348 3 1 37
2279 3 1 31
1485 3 1 27
4065 3 1 22
4605 3 1 17
6120 3 1 10
1314 3 1 4
1160 3 2 92
2008 3 2 87
2738 3 2 80
3502 3 2 75
3435 3 2 70
2752 3 2 65
1461 3 2 60
2139 3 2 53
4533 3 2 48
5036 3 2 43
70 3 2 37
873 3 2 31
1429 3 2 27
2618 3 2 22
3617 3 2 17
3837 3 2 10
860 3 2 4
903 3 3 92
345 3 3 87
1404 3 3 80
2866 3 3 75
2952 3 3 70
973 3 3 65
1315 3 3 60
4467 3 3 52
4624 3 3 47
864 3 3 43
2192 3 3 36
4428 3 3 30
4335 3 3 25
1805 3 3 21
231 3 3 17
3761 3 3 10
299 3 3 4
519 3 4 92
6282 3 4 86
3226 3 4 81
769 3 4 75
2836 3 4 70
618 3 4 65
4674 3 4 59
5198 3 4 56
5294 3 4 51
455 3 4 45
2819 3 4 39
6326 3 4 34
5680 3 4 29
1571 3 4 24
3559 3 4 17
3529 3 4 10
5903 3 4 3
6307 3 6 91
4399 3 6 86
6158 3 6 80
2635 3 6 75
2452 3 6 70
433 3 6 65
3086 3 6 59
6044 3 6 55
2882 3 6 50
2129 3 6 45
2599 3 6 39
2659 3 6 34
3548 3 6 29
915 3 6 24
3352 3 6 17
3152 3 6 10
5354 3 6 3
6024 3 8 91
3446 3 8 86
4410 3 8 80
379 3 8 75
1820 3 8 70
5913 3 8 64
3383 3 8 59
4896 3 8 55
2347 3 8 50
1982 3 8 45
1286 3 8 39
1422 3 8 34
2327 3 8 29
415 3 8 24
1846 3 8 17
3053 3 8 10
5315 3 8 3
5693 3 12 91
2857 3 12 86
4382 3 12 80
4792 3 12 74
3826 3 12 69
3160 3 12 64
5835 3 12 58
4327 3 12 54
995 3 12 49
2333 3 12 44
4691 3 12 39
1348 3 12 34
1150 3 12 29
88 3 12 24
1344 3 12 17
2769 3 12 10
3683 3 12 3
4778 3 14 91
2278 3 14 86
3727 3 14 80
2490 3 14 74
3752 3 14 69
6498 3 14 63
2880 3 14 60
4362 3 14 52
4128 3 14 47
6194 3 14 42
6163 3 14 37
6455 3 14 30
2988 3 14 25
5675 3 14 20
4373 3 14 16
3157 3 14 13
160 3 14 8
5802 3 14 2
4519 3 15 91
412 3 15 86
2335 3 15 80
1543 3 15 74
1436 3 15 69
4854 3 15 63
535 3 15 60
3185 3 15 52
1121 3 15 47
5470 3 15 42
5436 3 15 37
1837 3 15 30
6473 3 15 24
866 3 15 17
1891 3 15 10
513 3 15 3
2881 3 17 91
5743 3 17 85
2818 3 17 81
6073 3 17 74
6134 3 17 68
3699 3 17 63
4483 3 17 59
4739 3 17 55
2069 3 17 50
1893 3 17 45
6151 3 17 38
6359 3 17 33
2296 3 17 29
5273 3 17 23
5183 3 17 17
1023 3 17 9
5612 3 17 4
2600 3 18 91
4383 3 18 85
6485 3 18 80
548 3 18 74
5999 3 18 68
1996 3 18 63
4449 3 18 59
857 3 18 55
2036 3 18 50
196 3 18 45
5990 3 18 38
3662 3 18 33
2147 3 18 29
5133 3 18 23
3135 3 18 16
1847 3 18 13
6047 3 18 7
352 3 18 3
644 3 19 91
4209 3 19 85
4330 3 19 80
6488 3 19 73
1481 3 19 68
1380 3 19 63
1257 3 19 59
292 3 19 55
6547 3 19 49
1504 3 19 44
3804 3 19 39
1235 3 19 34
6523 3 19 28
4911 3 19 20
1546 3 19 16
5375 3 19 12
5692 3 19 7
3586 3 19 2
496 4 0 91
3388 4 0 85
2942 4 0 80
6020 4 0 73
841 4 0 68
6554 4 0 62
5510 4 0 56
5121 4 0 51
4767 4 0 44
3768 4 0 39
566 4 0 34
6173 4 0 28
2996 4 0 20
376 4 0 16
3841 4 0 12
3501 4 0 7
2966 4 0 2
5842 4 6 90
2858 4 6 85
2137 4 6 80
5449 4 6 73
5405 4 6 66
1259 4 6 62
2262 4 6 56
4257 4 6 51
3441 4 6 44
3518 4 6 39
6508 4 6 33
1709 4 6 29
4245 4 6 23
1231 4 6 16
3004 4 6 12
3240 4 6 7
1801 4 6 2
4189 4 8 90
1430 4 8 85
392 4 8 80
4850 4 8 73
5231 4 8 66
390 4 8 62
1586 4 8 56
3281 4 8 51
3172 4 8 44
2161 4 8 39
6212 4 8 33
5611 4 8 28
6018 4 8 19
1020 4 8 14
5111 4 8 9
2837 4 8 4
3872 4 9 90
1138 4 9 85
387 4 9 80
2401 4 9 73
4509 4 9 66
5285 4 9 61
5532 4 9 56
3129 4 9 50
6125 4 9 44
680 4 9 39
4343 4 9 33
2531 4 9 28
5758 4 9 19
779 4 9 14
1391 4 9 9
1757 4 9 4
2304 4 10 90
6586 4 10 84
4043 4 10 79
4840 4 10 76
2337 4 10 70
4316 4 10 64
5348 4 10 58
3739 4 10 54
4912 4 10 48
4959 4 10 43
1151 4 10 36
4180 4 10 30
6284 4 10 24
5573 4 10 16
6551 4 10 11
6154 4 10 5
1660 4 12 90
3776 4 12 84
3453 4 12 79
1718 4 12 76
408 4 12 70
3800 4 12 64
1081 4 12 58
972 4 12 54
4506 4 12 48
3625 4 12 43
351 4 12 36
407 4 12 30
4835 4 12 24
4534 4 12 16
5845 4 12 11
3573 4 12 5
6236 4 17 89
459 4 17 85
5589 4 17 79
6196 4 17 75
1665 4 17 70
3306 4 17 64
6490 4 17 57
1084 4 17 51
1323 4 17 44
4772 4 17 38
1584 4 17 33
2340 4 17 28
5578 4 17 19
606 4 17 14
1261 4 17 9
4002 4 17 3
5295 5 0 89
185 5 0 85
5235 5 0 79
2909 5 0 75
349 5 0 70
5795 5 0 63
3174 5 0 58
4909 5 0 53
4016 5 0 48
1464 5 0 43
5125 5 0 35
6064 5 0 28
5488 5 0 19
6016 5 0 13
5501 5 0 7
1553 5 0 2
1392 5 2 89
6425 5 2 84
3215 5 2 79
1608 5 2 75
6489 5 2 69
4771 5 2 63
1612 5 2 58
2377 5 2 53
2758 5 2 48
6348 5 2 42
3867 5 2 37
168 5 2 30
4113 5 2 24
3331 5 2 16
4953 5 2 11
2987 5 2 5
4770 5 4 88
5480 5 4 82
6590 5 4 75
4137 5 4 69
3204 5 4 63
822 5 4 58
2280 5 4 53
1545 5 4 48
4465 5 4 42
997 5 4 37
6210 5 4 29
3284 5 4 23
1068 5 4 16
3531 5 4 11
1573 5 4 5
3811 5 6 88
3914 5 6 82
4015 5 6 75
2197 5 6 69
2086 5 6 63
4744 5 6 57
6465 5 6 50
3271 5 6 44
2510 5 6 38
6305 5 6 32
3779 5 6 27
425 5 6 22
2767 5 6 17
887 5 6 9
3876 5 6 3
1637 5 10 88
3772 5 10 82
2997 5 10 75
2132 5 10 69
966 5 10 63
4363 5 10 57
6427 5 10 50
3030 5 10 44
4247 5 10 37
5735 5 10 29
702 5 10 23
842 5 10 16
5634 5 10 10
355 5 10 3
2535 5 12 87
3079 5 12 79
721 5 12 75
2105 5 12 69
6342 5 12 62
57 5 12 56
2670 5 12 50
2051 5 12 44
3817 5 12 37
5605 5 12 29
5955 5 12 22
1069 5 12 17
6023 5 12 8
5146 5 12 2
450 5 14 87
1836 5 14 79
615 5 14 75
253 5 14 69
5696 5 14 62
5395 5 14 55
6265 5 14 49
1394 5 14 44
2744 5 14 37
4240 5 14 29
5088 5 14 22
612 5 14 17
4538 5 14 8
4689 5 14 2
4210 5 15 86
1010 5 15 80
5303 5 15 72
2764 5 15 67
5110 5 15 60
2861 5 15 52
59 5 15 47
4638 5 15 42
790 5 15 37
4234 5 15 29
3552 5 15 22
4918 5 15 16
5046 5 15 10
6261 5 15 2
851 5 17 86
506 5 17 80
4610 5 17 72
2312 5 17 67
4584 5 17 60
3639 5 17 51
2601 5 17 43
4599 5 17 35
5934 5 17 28
3111 5 17 19
1767 5 17 13
4612 5 17 7
400 5 17 2
246 5 19 86
2786 5 19 79
6383 5 19 74
5128 5 19 68
6012 5 19 62
4694 5 19 55
5655 5 19 49
1274 5 19 44
2725 5 19 37
3906 5 19 29
2383 5 19 22
4866 5 19 16
4698 5 19 10
6250 5 19 2
2751 6 0 85
3291 6 0 79
5075 6 0 74
3807 6 0 68
5752 6 0 62
2492 6 0 55
5256 6 0 49
5383 6 0 43
3782 6 0 35
5590 6 0 28
2445 6 0 19
914 6 0 13
4370 6 0 7
3591 6 0 1
63 6 2 85
5800 6 2 78
1592 6 2 73
3756 6 2 66
4592 6 2 61
4296 6 2 56
2521 6 2 50
1406 6 2 44
472 6 2 37
3251 6 2 29
1600 6 2 22
3516 6 2 16
2878 6 2 10
5254 6 2 2
4440 6 4 84
2534 6 4 79
2685 6 4 74
3320 6 4 68
4263 6 4 62
6421 6 4 54
2370 6 4 48
4401 6 4 42
396 6 4 37
2983 6 4 29
1469 6 4 22
2446 6 4 16
2344 6 4 10
929 6 4 2
3013 6 6 84
5401 6 6 78
6505 6 6 72
5917 6 6 66
2428 6 6 61
4219 6 6 56
1537 6 6 50
962 6 6 44
1182 6 6 36
153 6 6 30
3459 6 6 24
658 6 6 16
2121 6 6 10
557 6 6 2
2133 6 8 84
3258 6 8 78
4270 6 8 72
5729 6 8 66
1196 6 8 61
2315 6 8 56
1308 6 8 50
4255 6 8 43
2918 6 8 35
5274 6 8 28
935 6 8 19
530 6 8 13
4086 6 8 7
3216 6 8 1
708 6 15 84
3127 6 15 78
4132 6 15 72
1449 6 15 66
5839 6 15 60
3391 6 15 51
2301 6 15 43
2682 6 15 35
3731 6 15 28
140 6 15 19
5358 6 15 12
3142 6 15 7
2474 6 15 1
6171 6 17 83
3838 6 17 79
2090 6 17 74
2328 6 17 68
2154 6 17 62
5704 6 17 54
1618 6 17 48
2408 6 17 42
6295 6 17 36
6542 6 17 29
405 6 17 22
1466 6 17 16
2040 6 17 10
5703 6 17 1
2683 6 19 82
685 6 19 75
6361 6 19 68
2047 6 19 62
5492 6 19 54
45 6 19 48
198 6 19 42
6222 6 19 36
6056 6 19 29
5554 6 19 21
4566 6 19 16
1284 6 19 10
1931 6 19 1
1746 7 0 82
552 7 0 75
4361 7 0 68
580 7 0 62
4708 7 0 54
5830 7 0 47
4364 7 0 42
5736 7 0 36
6506 7 0 28
3184 7 0 18
2967 7 0 13
2838 7 0 7
1015 7 0 1
1278 7 2 82
5660 7 2 74
1542 7 2 68
521 7 2 62
4050 7 2 54
4924 7 2 47
4157 7 2 42
5187 7 2 36
5245 7 2 28
2567 7 2 18
384 7 2 13
696 7 2 7
891 7 2 1
1082 7 4 82
4742 7 4 74
4908 7 4 67
102 7 4 60
3214 7 4 51
1243 7 4 43
2489 7 4 35
260 7 4 28
4687 7 4 17
3533 7 4 8
4661 7 4 2
4318 7 6 80
4161 7 6 72
1439 7 6 66
4151 7 6 60
2931 7 6 51
6462 7 6 42
6575 7 6 35
5602 7 6 27
6570 7 6 21
4149 7 6 16
1238 7 6 10
1445 7 6 3
3808 7 8 80
3698 7 8 72
1109 7 8 66
2366 7 8 60
1786 7 8 51
6126 7 8 42
5607 7 8 35
5527 7 8 27
4427 7 8 21
3087 7 8 16
853 7 8 10
731 7 8 3
3169 7 9 80
3288 7 9 72
369 7 9 66
6568 7 9 59
6482 7 9 54
2827 7 9 47
3849 7 9 42
5302 7 9 35
5278 7 9 27
3416 7 9 21
1880 7 9 16
359 7 9 10
275 7 9 3
1907 7 10 80
1014 7 10 72
6337 7 10 65
1610 7 10 59
4972 7 10 54
2802 7 10 47
3562 7 10 42
5276 7 10 35
4793 7 10 27
1080 7 10 21
4860 7 10 15
4321 7 10 9
5615 7 10 2
5838 7 11 76
5496 7 11 69
5560 7 11 62
2518 7 11 54
2254 7 11 47
2314 7 11 42
2891 7 11 35
2276 7 11 27
5843 7 11 20
6351 7 11 15
3678 7 11 9
5301 7 11 2
3397 7 12 76
3810 7 12 69
2374 7 12 62
2084 7 12 54
1440 7 12 47
2212 7 12 42
2352 7 12 35
2044 7 12 27
5413 7 12 20
6069 7 12 15
3719 7 12 8
3935 7 12 2
113 7 13 76
3440 7 13 69
2034 7 13 62
1683 7 13 54
825 7 13 47
3505 7 13 41
2103 7 13 35
1362 7 13 27
5253 7 13 20
5896 7 13 15
1383 7 13 8
3466 7 13 2
5504 7 15 74
417 7 15 67
6436 7 15 59
4012 7 15 54
3181 7 15 46
4422 7 15 41
1338 7 15 35
734 7 15 27
4374 7 15 20
4791 7 15 15
653 7 15 8
3116 7 15 2
3686 7 19 74
3866 7 19 66
6162 7 19 59
2104 7 19 54
1756 7 19 46
2686 7 19 41
1030 7 19 35
6403 7 19 26
2978 7 19 22
1268 7 19 16
6108 7 19 9
4194 7 19 2
3123 8 0 73
1149 8 0 66
5351 8 0 59
1725 8 0 54
6244 8 0 45
5823 8 0 38
4890 8 0 32
2688 8 0 27
1371 8 0 20
3764 8 0 15
6150 8 0 7
617 8 0 1
6015 8 2 71
6235 8 2 66
5182 8 2 59
4852 8 2 53
1518 8 2 48
4205 8 2 41
5115 8 2 34
4499 8 2 28
4570 8 2 17
22 8 2 8
1998 8 2 2
4941 8 3 70
4627 8 3 63
3996 8 3 57
5944 8 3 50
2770 8 3 43
796 8 3 35
5392 8 3 26
1745 8 3 22
262 8 3 16
4954 8 3 9
3847 8 3 2
2908 8 4 70
4543 8 4 63
3005 8 4 57
4682 8 4 50
2307 8 4 43
5105 8 4 34
4385 8 4 28
905 8 4 17
3277 8 4 7
325 8 4 1
1203 8 6 69
259 8 6 62
1512 8 6 54
5882 8 6 45
3842 8 6 38
3896 8 6 32
2214 8 6 27
1000 8 6 20
700 8 6 15
4998 8 6 7
2297 8 8 47
2775 8 8 41
3245 8 8 34
2947 8 8 28
147 8 8 17
1921 8 8 7
6300 8 13 98
2524 8 13 96
4288 8 13 90
1471 8 13 84
2457 8 13 78
2860 8 13 72
5872 8 13 65
189 8 13 59
4806 8 13 53
952 8 13 48
4117 8 13 41
1908 8 13 34
1849 8 13 28
481 8 13 16
4761 8 13 9
3304 8 13 2
2114 8 15 98
4371 8 15 95
6025 8 15 90
4816 8 15 83
740 8 15 79
1955 8 15 74
869 8 15 66
4805 8 15 59
1817 8 15 53
5604 8 15 47
1419 8 15 41
1122 8 15 34
6411 8 15 27
6370 8 15 19
3077 8 15 12
2771 8 15 7
1210 8 17 98
2656 8 17 95
4138 8 17 90
3703 8 17 83
6084 8 17 78
1129 8 17 72
5157 8 17 65
5174 8 17 58
2178 8 17 53
5277 8 17 47
1055 8 17 41
819 8 17 34
3718 8 17 27
4456 8 17 19
2382 8 17 12
899 8 17 7
6375 8 18 97
4118 8 18 92
5108 8 18 86
1463 8 18 79
1352 8 18 74
5963 8 18 65
5080 8 18 58
5144 8 18 52
6406 8 18 46
2529 8 18 41
126 8 18 34
2808 8 18 27
4251 8 18 19
3154 8 18 11
129 8 18 5
6260 8 19 97
4115 8 19 92
5097 8 19 86
1131 8 19 79
5767 8 19 73
976 8 19 66
3553 8 19 59
130 8 19 53
4404 8 19 47
5905 8 19 40
5855 8 19 33
5566 8 19 27
4134 8 19 19
3052 8 19 11
6316 8 19 4
2798 9 0 97
2922 9 0 92
5086 9 0 86
5766 9 0 78
867 9 0 72
3489 9 0 64
4598 9 0 57
4034 9 0 50
1448 9 0 43
4813 9 0 34
1877 9 0 27
2196 9 0 19
1444 9 0 11
5744 9 0 4
2563 9 6 97
2258 9 6 92
3796 9 6 86
5588 9 6 78
5897 9 6 71
6037 9 6 66
3190 9 6 59
112 9 6 53
4094 9 6 47
5684 9 6 40
5755 9 6 33
5564 9 6 27
1412 9 6 19
6430 9 6 10
1302 9 6 2
6534 9 9 95
3524 9 9 90
3024 9 9 83
5939 9 9 78
5583 9 9 71
5176 9 9 66
2268 9 9 59
5521 9 9 52
6098 9 9 46
6529 9 9 40
5343 9 9 33
3219 9 9 27
6433 9 9 18
2164 9 9 12
570 9 9 7
5177 10 0 95
3375 10 0 90
1798 10 0 83
3178 10 0 78
3424 10 0 71
4583 10 0 66
1938 10 0 59
4895 10 0 52
5483 10 0 46
4656 10 0 40
1101 10 0 33
2379 10 0 27
5475 10 0 18
2000 10 0 12
4218 10 0 6
4685 10 2 95
1758 10 2 90
1401 10 2 83
3730 10 2 77
4548 10 2 71
1984 10 2 66
1732 10 2 59
3975 10 2 52
3828 10 2 46
2308 10 2 40
1070 10 2 33
5708 10 2 26
4225 10 2 21
4355 10 2 15
2739 10 2 7
2057 10 3 95
1368 10 3 90
5506 10 3 82
3824 10 3 74
5572 10 3 65
3890 10 3 58
3649 10 3 52
3017 10 3 46
1477 10 3 40
5811 10 3 32
1764 10 3 27
4376 10 3 18
236 10 3 12
3742 10 3 6
1664 10 4 95
5671 10 4 89
5037 10 4 84
1396 10 4 78
3272 10 4 71
1976 10 4 66
1673 10 4 59
6543 10 4 51
5450 10 4 42
2138 10 4 35
5243 10 4 26
4106 10 4 21
4004 10 4 15
94 10 4 7
1388 10 6 95
4518 10 6 89
5030 10 6 84
6350 10 6 77
4516 10 6 71
1415 10 6 66
718 10 6 59
6147 10 6 51
4946 10 6 42
373 10 6 35
3745 10 6 26
3672 10 6 21
900 10 6 15
21 10 6 7
1057 10 7 95
2270 10 7 89
3582 10 7 84
5350 10 7 77
3653 10 7 71
1024 10 7 66
431 10 7 59
2763 10 7 51
4452 10 7 42
6412 10 7 34
1875 10 7 27
3389 10 7 18
5433 10 7 11
5282 10 7 4
977 10 8 95
641 10 8 89
2705 10 8 84
3940 10 8 77
3619 10 8 71
6324 10 8 65
3047 10 8 58
3042 10 8 52
2216 10 8 46
849 10 8 40
4777 10 8 32
1190 10 8 27
2868 10 8 18
4899 10 8 11
4293 10 8 4
5751 10 9 94
1376 10 9 90
5093 10 9 82
3487 10 9 74
3661 10 9 65
1936 10 9 58
2080 10 9 52
6591 10 9 45
3775 10 9 38
3119 10 9 32
6393 10 9 26
1266 10 9 21
135 10 9 15
5027 10 9 6
5329 10 11 94
807 10 11 90
3000 10 11 82
2806 10 11 74
3608 10 11 65
1856 10 11 58
6483 10 11 51
1705 10 11 42
5789 10 11 34
1250 10 11 27
896 10 11 18
4332 10 11 11
2941 10 11 4
4932 10 13 94
5440 10 13 89
986 10 13 84
2850 10 13 77
2617 10 13 71
5974 10 13 65
1595 10 13 58
4985 10 13 51
5813 10 13 41
6106 10 13 33
4925 10 13 26
92 10 13 21
4829 10 13 14
239 10 13 9
889 10 13 2
4059 10 15 94
3094 10 15 89
2513 10 15 83
3303 10 15 77
272 10 15 71
5259 10 15 65
558 10 15 58
4312 10 15 51
305 10 15 41
5967 10 15 33
4337 10 15 26
6535 10 15 20
5071 10 15 14
4393 10 15 8
1306 10 15 2
3773 10 16 94
1894 10 16 89
6051 10 16 82
2017 10 16 74
3292 10 16 65
5514 10 16 57
3854 10 16 50
1357 10 16 43
4779 10 16 34
1197 10 16 27
852 10 16 18
2059 10 16 11
2236 10 16 4
2614 10 18 94
980 10 18 89
5770 10 18 82
1216 10 18 74
494 10 18 65
4171 10 18 57
2440 10 18 50
6009 10 18 42
1759 10 18 34
12 10 18 27
5687 10 18 17
1897 10 18 7
2264 10 19 94
467 10 19 89
5505 10 19 82
6138 10 19 73
829 10 19 66
235 10 19 59
2244 10 19 51
5911 10 19 40
3239 10 19 32
5084 10 19 26
4919 10 19 20
4838 10 19 14
5085 10 19 7
1205 11 0 94
6491 11 0 88
2979 11 0 82
4990 11 0 73
5266 11 0 65
533 11 0 57
6335 11 0 49
5305 11 0 43
3787 11 0 34
4868 11 0 26
4828 11 0 20
2339 11 0 14
4352 11 0 7
3646 11 2 93
3789 11 2 87
6092 11 2 78
1489 11 2 71
4409 11 2 65
4801 11 2 56
283 11 2 50
4299 11 2 42
1349 11 2 34
4379 11 2 26
4311 11 2 20
1139 11 2 14
2078 11 2 7
1367 11 3 93
3558 11 3 87
5854 11 3 78
5372 11 3 70
3884 11 3 63
2872 11 3 57
3674 11 3 49
2463 11 3 43
1155 11 3 34
3443 11 3 26
4236 11 3 20
904 11 3 14
5317 11 3 6
403 11 9 93
3528 11 9 87
4815 11 9 78
5210 11 9 70
3687 11 9 63
2321 11 9 57
2750 11 9 49
686 11 9 43
924 11 9 34
2323 11 9 26
3868 11 9 20
5958 11 9 13
6039 11 9 6
346 11 11 93
3395 11 11 87
3732 11 11 78
4987 11 11 70
3503 11 11 63
1510 11 11 57
1729 11 11 49
579 11 11 43
5728 11 11 33
3809 11 11 26
3720 11 11 20
5853 11 11 13
4044 11 11 6
5451 11 15 92
3376 11 15 86
4504 11 15 78
4212 11 15 70
3475 11 15 63
316 11 15 57
427 11 15 49
6060 11 15 42
5908 11 15 33
3327 11 15 26
4951 11 15 19
3709 11 15 10
504 11 15 2
4508 11 16 92
3250 11 16 86
4101 11 16 78
3148 11 16 70
1760 11 16 63
6208 11 16 56
4964 11 16 49
5015 11 16 42
5103 11 16 33
2605 11 16 26
4668 11 16 19
2994 11 16 10
6581 11 16 1
4166 11 18 92
1148 11 18 86
2655 11 18 78
6416 11 18 69
5631 11 18 61
1361 11 18 56
4889 11 18 49
4773 11 18 42
2816 11 18 33
2175 11 18 26
3474 11 18 19
2109 11 18 10
4857 11 18 1
1555 11 19 92
937 11 19 86
1223 11 19 78
4950 11 19 69
5503 11 19 61
982 11 19 56
4359 11 19 49
4530 11 19 42
206 11 19 33
1915 11 19 26
2200 11 19 19
1930 11 19 10
2648 11 19 1
1470 12 0 92
897 12 0 86
5143 12 0 77
5020 12 0 70
1272 12 0 63
4897 12 0 56
985 12 0 49
3337 12 0 42
52 12 0 33
942 12 0 26
105 12 0 19
925 12 0 10
2298 12 0 1
90 12 2 92
4206 12 2 85
5669 12 2 78
2180 12 2 69
4254 12 2 61
855 12 2 56
6065 12 2 48
3072 12 2 41
5763 12 2 33
6531 12 2 25
5151 12 2 20
5730 12 2 13
3897 12 2 6
3909 12 3 91
2007 12 3 85
5113 12 3 78
1530 12 3 69
3659 12 3 61
3968 12 3 55
5033 12 3 49
2923 12 3 42
4384 12 3 32
4239 12 3 26
6371 12 3 18
1806 12 3 11
1704 12 3 4
3105 12 6 91
528 12 6 85
4975 12 6 78
6511 12 6 68
72 12 6 62
1013 12 6 54
5841 12 6 45
3469 12 6 38
2820 12 6 32
4057 12 6 26
5347 12 6 18
919 12 6 11
1264 12 6 4
6086 12 7 90
2608 12 7 82
3972 12 7 73
3885 12 7 65
2005 12 7 56
2173 12 7 48
2035 12 7 41
5641 12 7 33
3495 12 7 25
3577 12 7 20
4532 12 7 13
3099 12 7 6
5639 12 9 90
6033 12 9 81
5549 12 9 74
493 12 9 65
1659 12 9 56
1413 12 9 48
1755 12 9 41
2227 12 9 33
3201 12 9 25
3421 12 9 20
4178 12 9 13
2695 12 9 6
5339 12 11 90
2246 12 11 81
4557 12 11 74
318 12 11 65
1452 12 11 56
945 12 11 48
202 12 11 41
1255 12 11 33
2657 12 11 25
2841 12 11 19
2822 12 11 9
1033 12 11 1
3931 12 12 89
2532 12 12 82
582 12 12 73
3697 12 12 65
176 12 12 56
327 12 12 48
6132 12 12 40
1841 12 12 32
3507 12 12 26
2954 12 12 18
5719 12 12 10
971 12 12 1
2974 12 13 89
5724 12 13 81
2780 12 13 74
177 12 13 65
5885 12 13 55
4737 12 13 49
2116 12 13 42
5063 12 13 31
1176 12 13 27
4447 12 13 17
901 12 13 7
913 12 15 89
5168 12 15 81
1869 12 15 74
5047 12 15 64
3454 12 15 57
5518 12 15 48
4146 12 15 40
1508 12 15 32
5507 12 15 25
2704 12 15 19
4716 12 15 8
785 12 15 2
4568 12 16 88
1567 12 16 82
5222 12 16 72
2698 12 16 64
922 12 16 57
5066 12 16 48
6540 12 16 39
3767 12 16 33
2478 12 16 25
2145 12 16 19
4692 12 16 8
6442 12 16 1
3508 12 18 88
6386 12 18 81
844 12 18 74
4143 12 18 64
475 12 18 57
4461 12 18 48
6247 12 18 39
1326 12 18 33
114 12 18 25
1939 12 18 19
4454 12 18 8
1999 12 18 1
6281 13 0 87
3604 13 0 78
3264 13 0 68
6428 13 0 61
3361 13 0 55
837 13 0 49
1384 13 0 42
3057 13 0 31
111 13 0 27
838 13 0 17
555 13 0 7
5874 13 1 87
2811 13 1 78
5774 13 1 67
4448 13 1 59
550 13 1 51
5466 13 1 40
6028 13 1 31
4855 13 1 26
139 13 1 18
5408 13 1 10
880 13 1 1
3685 13 2 87
551 13 2 78
3482 13 2 67
3716 13 2 59
488 13 2 51
5338 13 2 40
4071 13 2 31
3224 13 2 26
5863 13 2 17
290 13 2 7
3237 13 3 87
6243 13 3 77
2075 13 3 70
5726 13 3 62
6296 13 3 53
3850 13 3 47
4762 13 3 40
1964 13 3 31
2472 13 3 26
3820 13 3 17
167 13 3 7
2494 13 4 87
6110 13 4 77
5816 13 4 69
2257 13 4 61
1328 13 4 55
676 13 4 49
3478 13 4 41
242 13 4 33
5553 13 4 24
6452 13 4 15
3572 13 4 6
3378 13 6 86
3597 13 6 77
5691 13 6 69
7 13 6 61
1113 13 6 55
233 13 6 49
3255 13 6 41
6035 13 6 32
4490 13 6 25
4090 13 6 18
1890 13 6 10
338 13 6 1
608 13 7 86
2944 13 7 77
3963 13 7 69
3755 13 7 60
6095 13 7 50
870 13 7 42
2733 13 7 31
336 13 7 26
2416 13 7 17
5859 13 7 6
138 14 4 86
6186 14 4 76
2668 14 4 69
470 14 4 60
3747 14 4 50
6062 14 4 41
5563 14 4 32
3173 14 4 25
3644 14 4 18
6130 14 4 9
125 14 4 1
4819 14 7 85
3626 14 7 78
1719 14 7 67
623 14 7 59
6182 14 7 50
5951 14 7 41
4276 14 7 32
3144 14 7 25
2251 14 7 18
5499 14 7 9
1560 14 7 1
4275 14 8 85
3353 14 8 78
793 14 8 67
5626 14 8 58
3864 14 8 51
4233 14 8 40
1359 14 8 31
5894 14 8 25
3911 14 8 17
4683 14 8 6
1047 14 10 85
2671 14 10 78
5672 14 10 65
5388 14 10 55
195 14 10 49
2088 14 10 41
3962 14 10 32
1539 14 10 25
3302 14 10 17
3345 14 10 6
6469 14 12 84
768 14 12 77
1056 14 12 69
3953 14 12 59
6014 14 12 50
5801 14 12 41
3955 14 12 32
1288 14 12 25
2642 14 12 17
3132 14 12 6
3888 14 15 84
4606 14 15 76
6500 14 15 68
6404 14 15 61
4577 14 15 54
3978 14 15 45
2957 14 15 38
2309 14 15 32
5021 14 15 24
5957 14 15 15
1320 14 15 6
3839 14 19 84
2835 14 19 76
5045 14 19 68
6027 14 19 61
3257 14 19 54
2807 14 19 45
1256 14 19 38
1345 14 19 32
4693 14 19 24
5906 14 19 15
190 14 19 6
2653 15 0 84
1230 15 0 76
4639 15 0 68
3107 15 0 61
3210 15 0 54
2517 15 0 45
5764 15 0 37
5381 15 0 28
6519 15 0 15
5980 15 0 5
1455 15 1 83
2734 15 1 77
149 15 1 69
2615 15 1 59
3379 15 1 50
4994 15 1 41
2603 15 1 32
4595 15 1 24
4825 15 1 15
5461 15 1 5
367 15 2 83
2464 15 2 77
4963 15 2 68
2182 15 2 61
2955 15 2 54
689 15 2 45
4872 15 2 37
5078 15 2 28
6358 15 2 15
2859 15 2 5
263 15 4 83
2284 15 4 77
4751 15 4 68
124 15 4 61
1647 15 4 54
375 15 4 45
4859 15 4 37
5049 15 4 28
5596 15 4 15
1467 15 4 5
2949 15 5 82
3743 15 5 72
1886 15 5 64
4862 15 5 56
5610 15 5 47
3614 15 5 40
604 15 5 31
3274 15 5 25
1341 15 5 17
1972 15 5 6
1564 15 10 82
3447 15 10 72
724 15 10 64
294 15 10 56
4265 15 10 47
3241 15 10 40
6160 15 10 30
3048 15 10 24
3993 15 10 15
419 15 10 5
1457 15 12 82
1789 15 12 72
6408 15 12 63
4587 15 12 56
3437 15 12 47
2736 15 12 40
5060 15 12 30
3022 15 12 24
3587 15 12 15
207 15 12 5
5079 15 13 81
5548 15 13 73
3455 15 13 65
4040 15 13 55
4438 15 13 48
5937 15 13 39
4474 15 13 32
3715 15 13 24
2616 15 13 15
6577 15 13 4
4426 15 14 81
5368 15 14 73
1531 15 14 65
3908 15 14 55
6396 15 14 47
2533 15 14 40
2106 15 14 30
3547 15 14 23
6135 15 14 15
6422 15 14 4
834 15 15 81
4228 15 15 73
594 15 15 65
540 15 15 55
6266 15 15 47
1698 15 15 40
713 15 15 30
3286 15 15 23
5598 15 15 15
5331 15 15 4
3632 15 17 80
831 15 17 72
6299 15 17 63
2528 15 17 56
3396 15 17 47
1490 15 17 40
181 15 17 30
3175 15 17 23
5478 15 17 15
5310 15 17 4
811 16 0 80
6354 16 0 71
2960 16 0 65
4008 16 0 54
209 16 0 45
4717 16 0 37
4930 16 0 28
3384 16 0 15
3823 16 0 4
186 16 7 80
3759 16 7 71
1487 16 7 65
2631 16 7 54
89 16 7 45
4561 16 7 37
2381 16 7 28
3186 16 7 15
6026 16 7 3
2574 16 8 79
3035 16 8 73
4640 16 8 64
6509 16 8 55
6256 16 8 47
1774 16 8 39
3848 16 8 32
6578 16 8 23
4615 16 8 15
2826 16 8 3
3463 16 9 78
3964 16 9 65
446 16 9 54
5875 16 9 44
489 16 9 36
4133 16 9 28
3031 16 9 15
2742 16 9 3
3023 16 10 78
3147 16 10 65
123 16 10 54
296 16 10 44
6526 16 10 35
3162 16 10 26
1217 16 10 17
2471 16 10 5
4927 16 15 77
4088 16 15 68
5369 16 15 60
2313 16 15 50
4643 16 15 41
2410 16 15 32
5791 16 15 23
4135 16 15 15
1874 16 15 3
6275 16 17 76
4220 16 17 68
4388 16 17 60
6103 16 17 49
1295 16 17 41
993 16 17 32
5178 16 17 23
3381 16 17 15
356 16 17 3
5140 16 18 76
3630 16 18 68
4190 16 18 60
6090 16 18 49
465 16 18 41
969 16 18 32
4873 16 18 23
3223 16 18 15
6466 16 18 2
3500 16 19 76
3428 16 19 68
3372 16 19 60
3468 16 19 49
5074 16 19 40
4907 16 19 29
3933 16 19 21
2846 16 19 14
4460 16 19 6
2651 17 0 76
3076 17 0 68
1005 17 0 60
1049 17 0 49
3880 17 0 40
2177 17 0 29
74 17 0 21
2762 17 0 14
4338 17 0 6
3601 17 2 75
3905 17 2 68
6052 17 2 59
3263 17 2 50
4469 17 2 41
5286 17 2 31
3124 17 2 25
780 17 2 17
2306 17 2 5
1269 17 3 75
3668 17 3 68
4629 17 3 59
2679 17 3 50
4195 17 3 41
2253 17 3 31
2667 17 3 25
286 17 3 17
1083 17 3 5
3319 17 4 74
136 17 4 64
5630 17 4 55
5851 17 4 47
104 17 4 39
3712 17 4 32
4843 17 4 23
3205 17 4 15
5681 17 4 2
2692 17 7 73
3594 17 7 64
5224 17 7 55
4487 17 7 47
6079 17 7 38
1227 17 7 32
3835 17 7 23
2176 17 7 15
4282 17 7 2
6494 17 8 72
5987 17 8 63
1641 17 8 56
2577 17 8 47
5901 17 8 38
690 17 8 32
3085 17 8 23
2157 17 8 15
3411 17 8 2
5720 17 9 69
2221 17 9 59
2493 17 9 50
3494 17 9 41
2058 17 9 31
187 17 9 25
6389 17 9 16
3740 17 9 9
4286 17 10 59
1751 17 10 50
3373 17 10 41
484 17 10 31
5673 17 10 24
1848 17 10 15
1969 17 10 2
4207 17 12 49
2904 17 12 40
280 17 12 29
6309 17 12 20
3623 17 12 13
774 17 12 6
5969 17 13 96
2358 17 13 90
1557 17 13 81
4176 17 13 73
3158 17 13 64
4727 17 13 55
3103 17 13 47
4123 17 13 38
672 17 13 32
2547 17 13 23
6484 17 13 14
3610 17 13 6
3554 17 14 95
4944 17 14 88
5921 17 14 81
4136 17 14 73
2735 17 14 64
4112 17 14 55
2259 17 14 47
2781 17 14 38
670 17 14 32
2417 17 14 23
6447 17 14 14
3412 17 14 6
2890 17 15 95
4129 17 15 88
5793 17 15 81
2862 17 15 73
1652 17 15 64
3952 17 15 55
2204 17 15 47
877 17 15 38
6365 17 15 31
5216 17 15 24
1688 17 15 15
1195 17 15 2
2238 17 17 95
4010 17 17 88
3863 17 17 81
1685 17 17 73
1208 17 17 64
3814 17 17 55
2142 17 17 47
226 17 17 38
4475 17 17 31
3878 17 17 24
1605 17 17 15
979 17 17 2
568 17 18 95
3519 17 18 88
1594 17 18 81
6272 17 18 72
5653 17 18 63
797 17 18 56
5509 17 18 46
6085 17 18 39
3603 17 18 32
1994 17 18 23
6191 17 18 14
1928 17 18 6
3794 17 19 94
3793 17 19 88
715 17 19 81
5150 17 19 72
5648 17 19 63
5384 17 19 55
697 17 19 47
6005 17 19 37
1884 17 19 28
5380 17 19 14
462 17 19 6
6165 18 0 93
3110 18 0 87
4033 18 0 77
2240 18 0 68
4571 18 0 59
537 18 0 50
2233 18 0 41
5953 18 0 30
1960 18 0 23
4659 18 0 14
3607 18 0 5
5029 18 2 93
1793 18 2 87
1730 18 2 77
371 18 2 68
4492 18 2 59
3584 18 2 49
659 18 2 40
5524 18 2 28
3197 18 2 14
3203 18 2 5
4211 18 3 93
1771 18 3 87
1589 18 3 77
161 18 3 68
2879 18 3 59
1172 18 3 49
29 18 3 40
4800 18 3 28
1627 18 3 14
2439 18 3 5
3784 19 0 93
1067 19 0 87
1529 19 0 77
40 19 0 68
1702 19 0 59
737 19 0 49
4619 19 0 39
3556 19 0 32
6537 19 0 22
251 19 0 16
5677 19 0 8
3667 19 2 93
5427 19 2 86
5516 19 2 76
2789 19 2 68
2166 19 2 58
3221 19 2 51
2367 19 2 40
4582 19 2 28
1556 19 2 14
809 19 2 5
2803 19 3 93
4947 19 3 86
4702 19 3 76
1263 19 3 68
1750 19 3 58
2542 19 3 51
2245 19 3 40
3710 19 3 28
4931 19 3 13
512 19 3 6
2681 19 5 93
4750 19 5 86
4072 19 5 76
110 19 5 68
1636 19 5 58
1462 19 5 51
1492 19 5 40
2916 19 5 28
4390 19 5 13
5686 19 5 5
1833 19 6 93
3938 19 6 86
5932 19 6 75
2427 19 6 68
306 19 6 58
910 19 6 51
651 19 6 40
2897 19 6 28
4315 19 6 13
5031 19 6 5
6129 19 7 92
4061 19 7 85
2362 19 7 78
2122 19 7 65
2799 19 7 53
2773 19 7 47
5263 19 7 37
3026 19 7 27
752 19 7 17
2932 19 7 4
5431 19 8 92
424 19 8 85
1629 19 8 78
1458 19 8 65
2500 19 8 53
2360 19 8 47
5011 19 8 37
2006 19 8 27
3907 19 8 16
3805 19 8 8
1979 19 9 92
6450 19 9 84
662 19 9 76
78 19 9 68
2964 19 9 57
3406 19 9 48
5902 19 9 39
2804 19 9 32
4511 19 9 22
106 19 9 16
3564 19 9 8
1382 19 10 92
6050 19 10 84
5328 19 10 75
1488 19 10 68
2305 19 10 57
1076 19 10 48
5860 19 10 39
2469 19 10 32
5410 19 10 21
1226 19 10 14
5237 19 10 4
712 19 11 92
5650 19 11 84
4915 19 11 75
6362 19 11 67
5275 19 11 58
4215 19 11 50
1234 19 11 41
4642 19 11 30
1879 19 11 23
3534 19 11 14
3836 19 11 4
320 19 12 92
5042 19 12 84
4765 19 12 75
5522 19 12 67
1863 19 12 58
3165 19 12 50
5555 19 12 40
2201 19 12 28
4936 19 12 12
2460 19 12 6
6238 19 13 91
213 19 13 85
1358 19 13 78
343 19 13 65
2325 19 13 53
2303 19 13 47
4846 19 13 37
1454 19 13 27
1372 19 13 16
2115 19 13 8
3970 19 14 91
5119 19 14 84
4177 19 14 74
4804 19 14 63
4305 19 14 55
6287 19 14 46
5833 19 14 39
2256 19 14 32
3050 19 14 21
466 19 14 14
340 19 14 4
3535 19 15 91
4902 19 15 84
4079 19 15 74
3942 19 15 63
3290 19 15 55
5871 19 15 46
4524 19 15 39
1527 19 15 32
3044 19 15 21
68 19 15 14
4851 19 15 3
3198 19 16 91
2584 19 16 84
3410 19 16 74
2652 19 16 63
2876 19 16 55
3364 19 16 46
4466 19 16 39
53 19 16 32
821 19 16 21
5876 19 16 13
4754 19 16 5
2143 19 17 91
1910 19 17 84
846 19 17 74
2586 19 17 63
2805 19 17 55
2585 19 17 46
4045 19 17 39
3887 19 17 31
2359 19 17 24
311 19 17 15
5762 19 17 1
1563 19 18 91
777 19 18 84
32 19 18 74
2282 19 18 63
722 19 18 55
1706 19 18 46
3259 19 18 39
2989 19 18 31
67 19 18 24
193 19 18 15
3143 19 18 1
881 19 19 91
3693 19 19 83
377 19 19 77
5260 19 19 67
1220 19 19 58
1888 19 19 50
5077 19 19 40
5430 19 19 27
107 19 19 16
1579 19 19 8
