2859
3377 0 0 99
2847 0 0 97
4038 0 0 95
4541 0 0 91
651 0 0 89
5288 0 0 87
5839 0 0 84
5550 0 0 81
1599 0 0 78
5798 0 0 76
3007 0 0 74
3319 0 0 72
5617 0 0 70
5092 0 0 67
5481 0 0 65
3504 0 0 62
3948 0 0 59
5087 0 0 56
5422 0 0 53
434 0 0 51
5090 0 0 49
911 0 0 46
4608 0 0 43
9 0 0 40
3779 0 0 38
5488 0 0 34
3926 0 0 30
3440 0 0 27
1502 0 0 25
3115 0 0 23
5098 0 0 20
3724 0 0 16
2112 0 0 13
5249 0 0 10
5842 0 0 7
5404 0 0 4
683 0 0 1
1007 0 1 99
3206 0 1 96
5973 0 1 93
2825 0 1 91
4061 0 1 88
5928 0 1 86
5420 0 1 83
3210 0 1 81
923 0 1 77
4799 0 1 74
3326 0 1 71
4960 0 1 67
4471 0 1 63
5840 0 1 59
2917 0 1 56
1392 0 1 53
3357 0 1 49
105 0 1 46
860 0 1 43
3066 0 1 39
5502 0 1 36
5415 0 1 33
2418 0 1 31
1415 0 1 27
4392 0 1 24
2662 0 1 21
4190 0 1 18
5799 0 1 14
4071 0 1 11
4552 0 1 9
2051 0 1 6
3701 0 1 4
6047 0 2 98
2598 0 2 95
2276 0 2 91
3186 0 2 88
5477 0 2 84
4490 0 2 81
815 0 2 77
468 0 2 74
1614 0 2 71
4184 0 2 67
6125 0 2 62
1564 0 2 58
5306 0 2 55
6069 0 2 53
1860 0 2 49
5334 0 2 45
3332 0 2 43
1402 0 2 39
3841 0 2 36
4786 0 2 33
2447 0 2 30
177 0 2 27
3861 0 2 23
3092 0 2 20
2803 0 2 16
5809 0 2 12
1863 0 2 10
2061 0 2 7
5097 0 2 3
886 0 3 97
3601 0 3 95
2052 0 3 91
3081 0 3 88
2359 0 3 84
4303 0 3 80
2437 0 3 77
4621 0 3 73
6048 0 3 71
322 0 3 67
3846 0 3 62
5073 0 3 57
6093 0 3 54
2460 0 3 51
4129 0 3 48
605 0 3 45
2664 0 3 42
220 0 3 39
5416 0 3 35
3533 0 3 33
719 0 3 30
5234 0 3 25
2577 0 3 23
5906 0 3 19
4106 0 3 17
3286 0 3 15
1048 0 3 12
938 0 3 10
311 0 3 7
1109 0 3 3
4849 0 4 96
1128 0 4 93
2763 0 4 90
945 0 4 88
514 0 4 84
5071 0 4 79
2015 0 4 76
724 0 4 74
949 0 4 71
5471 0 4 66
4309 0 4 64
3518 0 4 62
3315 0 4 57
1725 0 4 54
1136 0 4 51
4348 0 4 47
5616 0 4 44
6001 0 4 40
4648 0 4 37
3938 0 4 33
5175 0 4 29
4669 0 4 25
1366 0 4 22
4121 0 4 20
4737 0 4 15
3763 0 4 11
583 0 4 8
4284 0 4 6
4909 0 4 3
4510 0 5 96
3392 0 5 92
5642 0 5 88
3382 0 5 83
3116 0 5 81
375 0 5 77
4585 0 5 73
4652 0 5 70
4503 0 5 66
5237 0 5 62
2926 0 5 57
3431 0 5 53
5729 0 5 48
4388 0 5 44
5718 0 5 40
4720 0 5 36
1444 0 5 33
3588 0 5 29
3061 0 5 25
1043 0 5 22
3122 0 5 19
2174 0 5 17
3502 0 5 14
3497 0 5 11
178 0 5 8
3060 0 5 6
3754 0 5 3
3634 0 6 96
1816 0 6 92
3384 0 6 88
5679 0 6 82
2462 0 6 80
2027 0 6 77
3934 0 6 73
1275 0 6 70
2909 0 6 66
2315 0 6 62
1807 0 6 57
2403 0 6 53
4604 0 6 48
2307 0 6 44
4912 0 6 40
1428 0 6 36
5820 0 6 32
5951 0 6 29
2223 0 6 25
4571 0 6 21
5084 0 6 17
1723 0 6 14
1908 0 6 11
5267 0 6 7
2934 0 6 2
5765 0 7 95
394 0 7 91
3265 0 7 87
1019 0 7 84
3648 0 7 79
3069 0 7 75
3351 0 7 71
4716 0 7 66
4514 0 7 61
4898 0 7 58
1981 0 7 55
1688 0 7 52
6119 0 7 48
1934 0 7 44
4591 0 7 40
841 0 7 36
4112 0 7 32
3395 0 7 28
2884 0 7 25
3980 0 7 21
4682 0 7 17
3649 0 7 13
4290 0 7 9
59 0 7 6
3842 0 7 2
3885 0 8 95
3769 0 8 90
5991 0 8 87
3433 0 8 83
5654 0 8 80
2068 0 8 76
5368 0 8 72
5178 0 8 70
2754 0 8 66
3388 0 8 61
4808 0 8 58
1088 0 8 55
920 0 8 52
4857 0 8 48
634 0 8 44
1228 0 8 40
685 0 8 36
1504 0 8 32
1805 0 8 28
4948 0 8 24
4605 0 8 20
4625 0 8 15
1556 0 8 11
2627 0 8 7
2020 0 8 2
3436 0 9 95
3190 0 9 90
5538 0 9 87
1483 0 9 83
3259 0 9 80
950 0 9 76
3965 0 9 72
2285 0 9 68
5660 0 9 65
2892 0 9 62
731 0 9 57
3783 0 9 52
3784 0 9 48
4258 0 9 43
379 0 9 39
2705 0 9 35
5083 0 9 32
1194 0 9 28
4281 0 9 24
4340 0 9 20
4513 0 9 15
802 0 9 11
2569 0 9 7
1987 0 9 2
1569 0 10 95
2429 0 10 90
2837 0 10 86
129 0 10 83
3244 0 10 80
516 0 10 76
1985 0 10 72
1542 0 10 68
623 0 10 64
1954 0 10 61
3570 0 10 58
3582 0 10 54
982 0 10 51
4056 0 10 47
1017 0 10 44
5969 0 10 39
376 0 10 35
4037 0 10 32
6122 0 10 27
3057 0 10 23
2748 0 10 19
933 0 10 17
3329 0 10 13
4262 0 10 8
4461 0 10 4
611 0 11 95
2234 0 11 90
1813 0 11 86
6123 0 11 82
8 0 11 80
113 0 11 76
5827 0 11 71
2942 0 11 66
2812 0 11 61
5870 0 11 57
3619 0 11 52
2641 0 11 48
3005 0 11 43
4199 0 11 38
3958 0 11 34
3439 0 11 30
4502 0 11 25
2476 0 11 21
4542 0 11 17
3142 0 11 13
3461 0 11 8
1003 0 11 4
5986 0 12 94
3789 0 12 92
3202 0 12 88
4189 0 12 82
2785 0 12 79
4092 0 12 74
864 0 12 71
1892 0 12 66
2330 0 12 61
5152 0 12 57
1173 0 12 52
775 0 12 48
1302 0 12 43
3686 0 12 38
3560 0 12 34
3155 0 12 30
2504 0 12 25
2370 0 12 21
4024 0 12 17
1733 0 12 13
3078 0 12 8
2176 0 12 3
5307 0 13 94
4937 0 13 91
5261 0 13 86
4686 0 13 82
5349 0 13 78
3705 0 13 75
1361 0 13 71
962 0 13 66
402 0 13 61
5132 0 13 57
5873 0 13 51
5962 0 13 46
117 0 13 43
1819 0 13 38
1867 0 13 34
1288 0 13 30
2076 0 13 25
2211 0 13 21
2412 0 13 17
6056 0 13 12
352 0 13 10
5728 0 13 6
3558 0 13 2
4991 0 14 94
6006 0 14 90
5926 0 14 85
4186 0 14 82
4984 0 14 78
5801 0 14 74
3897 0 14 70
2378 0 14 66
3282 0 14 60
5890 0 14 56
5000 0 14 52
429 0 14 48
1143 0 14 43
1454 0 14 38
6120 0 14 33
3806 0 14 28
538 0 14 24
5754 0 14 19
3087 0 14 16
5172 0 14 12
2133 0 14 9
6071 0 14 5
3927 0 14 1
4131 0 15 94
4139 0 15 90
4511 0 15 85
2830 0 15 82
3639 0 15 78
5774 0 15 74
5835 0 15 69
3047 0 15 66
1083 0 15 60
4650 0 15 56
4022 0 15 52
407 0 15 48
1122 0 15 43
4589 0 15 37
2567 0 15 33
3452 0 15 28
480 0 15 24
5205 0 15 19
5096 0 15 15
5483 0 15 10
5675 0 15 6
3407 0 15 2
4105 0 16 94
2208 0 16 90
2787 0 16 85
1604 0 16 82
2431 0 16 78
3662 0 16 74
5476 0 16 69
5263 0 16 65
882 0 16 62
5367 0 16 56
3209 0 16 52
6067 0 16 46
3468 0 16 42
4070 0 16 38
4612 0 16 33
3011 0 16 28
5189 0 16 23
579 0 16 19
4830 0 16 15
4667 0 16 10
3793 0 16 6
2062 0 16 2
3271 0 17 94
1945 0 17 90
1416 0 17 85
4884 0 17 81
5889 0 17 76
3856 0 17 71
487 0 17 66
454 0 17 60
566 0 17 56
2936 0 17 52
5625 0 17 46
3058 0 17 42
2165 0 17 37
994 0 17 33
2651 0 17 28
3474 0 17 23
3976 0 17 18
2556 0 17 14
4885 0 17 10
40 0 17 6
1870 0 17 2
1877 0 18 94
1387 0 18 90
1021 0 18 85
4729 0 18 81
5107 0 18 76
2525 0 18 71
460 0 18 66
5583 0 18 59
1888 0 18 56
2524 0 18 52
5434 0 18 45
5791 0 18 41
1617 0 18 39
6115 0 18 34
4162 0 18 29
5235 0 18 24
5048 0 18 19
1025 0 18 15
3949 0 18 10
5214 0 18 5
3712 0 18 1
1294 0 19 94
5880 0 19 89
1781 0 19 85
2421 0 19 81
4395 0 19 76
1150 0 19 71
5560 0 19 65
5676 0 19 61
3455 0 19 57
5575 0 19 51
5045 0 19 46
5082 0 19 41
1467 0 19 39
5486 0 19 34
2423 0 19 29
5200 0 19 24
3796 0 19 19
831 0 19 15
1582 0 19 10
3969 0 19 5
1527 0 19 1
5029 2 0 93
3708 2 0 89
359 2 0 85
4477 2 0 80
3480 2 0 75
5102 2 0 70
821 2 0 66
796 2 0 59
5115 2 0 55
2316 2 0 51
2451 2 0 46
3707 2 0 41
2691 2 0 38
4611 2 0 33
6037 2 0 27
2091 2 0 23
3513 2 0 18
2124 2 0 13
4630 2 0 7
610 2 0 2
1464 2 1 93
1829 2 1 89
120 2 1 85
4048 2 1 80
3294 2 1 75
5064 2 1 70
3940 2 1 65
4852 2 1 61
3040 2 1 57
4811 2 1 51
1665 2 1 46
2209 2 1 41
5274 2 1 37
5779 2 1 32
2517 2 1 27
1458 2 1 23
2863 2 1 18
1915 2 1 13
4272 2 1 7
5959 2 1 1
1305 2 2 93
5670 2 2 88
1970 2 2 82
1989 2 2 78
2668 2 2 74
4063 2 2 69
1716 2 2 65
3114 2 2 61
2554 2 2 57
2866 2 2 51
1106 2 2 46
973 2 2 41
5664 2 2 36
211 2 2 32
1929 2 2 27
964 2 2 23
5504 2 2 17
2131 2 2 12
4516 2 2 8
2132 2 2 3
1217 2 4 93
4376 2 4 88
1650 2 4 82
5348 2 4 77
5284 2 4 72
1241 2 4 68
179 2 4 63
5748 2 4 59
4659 2 4 55
1368 2 4 51
820 2 4 46
2882 2 4 40
6026 2 4 35
81 2 4 32
1084 2 4 27
92 2 4 23
5209 2 4 17
1868 2 4 12
4374 2 4 7
3875 2 4 1
1132 2 5 93
3865 2 5 88
1549 2 5 82
5049 2 5 77
4275 2 5 72
5713 2 5 67
2897 2 5 62
4169 2 5 56
2217 2 5 52
5169 2 5 45
2689 2 5 41
3522 2 5 36
5072 2 5 31
323 2 5 27
5294 2 5 22
1353 2 5 19
134 2 5 15
985 2 5 10
1313 2 5 5
710 2 5 1
3888 2 6 92
2009 2 6 88
331 2 6 82
4277 2 6 77
607 2 6 72
5525 2 6 67
2334 2 6 62
4089 2 6 56
3596 2 6 51
5977 2 6 45
1671 2 6 41
489 2 6 36
1931 2 6 31
4528 2 6 26
3516 2 6 23
5204 2 6 17
5360 2 6 11
2548 2 6 7
3137 2 6 1
2253 2 7 92
5190 2 7 87
5491 2 7 82
2125 2 7 77
5557 2 7 71
4910 2 7 65
2246 2 7 61
337 2 7 57
2846 2 7 51
1803 2 7 45
361 2 7 41
455 2 7 36
966 2 7 31
4287 2 7 26
1055 2 7 23
5184 2 7 17
2064 2 7 11
1105 2 7 7
2988 2 7 1
4452 2 8 91
3270 2 8 86
875 2 8 82
5900 2 8 76
3952 2 8 70
2822 2 8 64
1386 2 8 61
6108 2 8 56
3524 2 8 51
1014 2 8 45
99 2 8 41
4349 2 8 35
4397 2 8 31
2893 2 8 26
2317 2 8 22
5847 2 8 17
5885 2 8 10
5314 2 8 4
3996 2 9 91
2768 2 9 86
238 2 9 82
5467 2 9 76
2609 2 9 70
1262 2 9 64
2019 2 9 60
4399 2 9 55
1186 2 9 51
4938 2 9 44
3159 2 9 39
3219 2 9 34
969 2 9 29
4385 2 9 24
2728 2 9 19
5603 2 9 14
3398 2 9 10
4773 2 9 4
2858 2 10 91
1064 2 10 86
5693 2 10 81
2819 2 10 76
1995 2 10 70
6051 2 10 63
4042 2 10 59
3306 2 10 55
1184 2 10 51
663 2 10 44
5515 2 10 38
3034 2 10 33
5712 2 10 27
4733 2 10 22
989 2 10 17
5674 2 10 10
2207 2 10 4
1818 2 11 91
5450 2 11 85
2645 2 11 80
3093 2 11 75
4833 2 11 70
1583 2 11 63
408 2 11 59
2984 2 11 55
5570 2 11 50
1986 2 11 48
4888 2 11 42
1722 2 11 37
2810 2 11 32
5148 2 11 26
1924 2 11 22
5319 2 11 16
5703 2 11 11
90 2 11 7
1701 2 11 1
5794 2 13 90
879 2 13 85
2391 2 13 80
2910 2 13 75
4299 2 13 70
1409 2 13 63
131 2 13 59
1546 2 13 55
5147 2 13 50
4963 2 13 47
80 2 13 44
5121 2 13 38
2135 2 13 33
5180 2 13 27
1691 2 13 22
4207 2 13 16
5109 2 13 11
948 2 13 6
1357 2 13 2
5629 2 14 90
78 2 14 85
849 2 14 80
2484 2 14 75
4223 2 14 70
6082 2 14 62
3931 2 14 56
2680 2 14 51
4405 2 14 43
4520 2 14 37
6103 2 14 31
2528 2 14 26
1642 2 14 22
4146 2 14 16
2047 2 14 11
4387 2 14 5
4780 2 16 90
5524 2 16 84
3418 2 16 79
2851 2 16 74
696 2 16 69
721 2 16 65
5878 2 16 60
2101 2 16 55
3975 2 16 50
5913 2 16 46
2294 2 16 40
635 2 16 35
5612 2 16 30
1724 2 16 25
2202 2 16 21
1139 2 16 17
5010 2 16 10
285 2 16 4
4704 2 17 90
5449 2 17 84
2665 2 17 79
1499 2 17 74
5896 2 17 68
2139 2 17 62
3679 2 17 56
5521 2 17 50
4053 2 17 46
1023 2 17 40
522 2 17 35
4721 2 17 30
1072 2 17 25
825 2 17 21
4547 2 17 16
1735 2 17 11
3343 2 17 5
3914 2 18 90
1190 2 18 84
1399 2 18 79
1253 2 18 74
1557 2 18 68
1413 2 18 62
1221 2 18 56
3807 2 18 50
2742 2 18 46
5823 2 18 39
3212 2 18 34
4750 2 18 28
3133 2 18 23
5039 2 18 17
3422 2 18 10
5536 2 18 3
3654 2 19 90
5935 2 19 83
5800 2 19 79
4973 2 19 73
1473 2 19 69
641 2 19 65
4181 2 19 60
4337 2 19 54
5456 2 19 50
2492 2 19 46
4140 2 19 39
2357 2 19 34
1138 2 19 28
744 2 19 23
1810 2 19 17
2596 2 19 10
5387 2 19 3
1344 3 0 90
5567 3 0 83
4403 3 0 79
1610 3 0 73
1206 3 0 69
321 3 0 65
1668 3 0 60
1479 3 0 54
4955 3 0 50
1587 3 0 46
4003 3 0 39
184 3 0 34
6066 3 0 27
3995 3 0 21
4216 3 0 16
6102 3 0 10
4781 3 0 3
608 3 1 90
5187 3 1 83
2541 3 1 79
1373 3 1 73
2767 3 1 68
1284 3 1 62
5775 3 1 55
3547 3 1 50
4476 3 1 45
5605 3 1 40
415 3 1 35
4317 3 1 30
4802 3 1 24
5907 3 1 18
620 3 1 13
3149 3 1 7
5903 3 1 1
3748 3 2 89
4055 3 2 84
418 3 2 79
409 3 2 73
2301 3 2 68
3203 3 2 61
5108 3 2 56
3465 3 2 50
4439 3 2 45
4150 3 2 40
4018 3 2 34
3458 3 2 27
3951 3 2 21
3519 3 2 16
2490 3 2 10
4691 3 2 3
3492 3 8 89
3973 3 8 84
4771 3 8 78
1495 3 8 74
474 3 8 68
2695 3 8 61
4861 3 8 56
1269 3 8 50
2647 3 8 45
3472 3 8 40
3016 3 8 34
2829 3 8 27
3758 3 8 21
3051 3 8 16
2363 3 8 10
2977 3 8 3
3150 3 9 89
1801 3 9 84
4242 3 9 78
1240 3 9 74
299 3 9 68
2663 3 9 61
4847 3 9 56
965 3 9 50
2158 3 9 45
1827 3 9 40
2637 3 9 34
1680 3 9 27
939 3 9 21
1359 3 9 16
5246 3 9 9
5508 3 9 5
5544 3 10 88
4171 3 10 81
5894 3 10 75
4006 3 10 70
4832 3 10 62
4865 3 10 55
2160 3 10 50
836 3 10 45
1727 3 10 40
2635 3 10 34
588 3 10 27
5909 3 10 20
2376 3 10 15
5819 3 10 9
4694 3 10 5
4875 3 11 88
1329 3 11 81
4862 3 11 74
5966 3 11 67
2040 3 11 62
1468 3 11 55
1625 3 11 50
5221 3 11 44
2849 3 11 38
444 3 11 32
4664 3 11 26
3775 3 11 21
1170 3 11 16
2883 3 11 9
3419 3 11 5
4253 3 13 88
5623 3 13 80
1899 3 13 75
4906 3 13 69
5996 3 13 64
587 3 13 60
1405 3 13 54
4295 3 13 50
4854 3 13 44
2022 3 13 38
46 3 13 32
4282 3 13 26
590 3 13 21
6010 3 13 15
5260 3 13 9
959 3 13 5
1656 3 14 88
4064 3 14 80
300 3 14 75
3734 3 14 69
5709 3 14 64
5119 3 14 59
367 3 14 55
6060 3 14 49
3521 3 14 45
1478 3 14 40
2144 3 14 34
181 3 14 27
3515 3 14 20
1789 3 14 15
3894 3 14 9
5783 3 14 4
3020 3 16 87
3873 3 16 82
5291 3 16 76
1101 3 16 70
2117 3 16 62
1420 3 16 55
4943 3 16 49
2649 3 16 45
5426 3 16 39
2571 3 16 33
5011 3 16 27
2592 3 16 20
857 3 16 15
3037 3 16 9
2191 3 16 4
2973 3 17 87
3112 3 17 82
3889 3 17 76
291 3 17 70
520 3 17 62
782 3 17 55
4460 3 17 49
2346 3 17 45
2820 3 17 39
1848 3 17 33
3915 3 17 27
2111 3 17 20
755 3 17 15
4044 3 17 8
1524 3 17 3
1018 3 18 87
3089 3 18 82
2374 3 18 76
1 3 18 70
4125 3 18 61
4706 3 18 56
5618 3 18 49
873 3 18 45
2155 3 18 39
1670 3 18 33
3413 3 18 27
4221 3 18 19
3791 3 18 14
3134 3 18 10
2375 3 18 3
3213 3 19 86
1257 3 19 81
2340 3 19 74
5331 3 19 67
1748 3 19 62
411 3 19 55
3988 3 19 49
5864 3 19 44
1694 3 19 38
5789 3 19 31
1512 3 19 26
5282 3 19 20
599 3 19 15
2667 3 19 8
5171 3 19 2
3180 4 2 86
2026 4 2 80
5994 4 2 74
5185 4 2 67
702 4 2 62
5647 4 2 54
4185 4 2 50
2999 4 2 44
694 4 2 38
3412 4 2 31
55 4 2 26
5058 4 2 20
3851 4 2 14
3127 4 2 10
665 4 2 3
1682 4 4 86
817 4 4 80
4306 4 4 74
3642 4 4 67
12 4 4 62
2409 4 4 54
1771 4 4 50
1492 4 4 44
6013 4 4 37
4325 4 4 31
5373 4 4 25
497 4 4 21
4748 4 4 15
2532 4 4 8
4615 4 4 2
888 4 5 86
4164 4 5 79
5756 4 5 72
4586 4 5 67
2998 4 5 61
2168 4 5 56
3868 4 5 49
5672 4 5 44
5056 4 5 37
3937 4 5 31
4068 4 5 25
4522 4 5 20
2235 4 5 14
96 4 5 10
614 4 5 3
5946 4 6 85
5572 4 6 79
5366 4 6 72
4441 4 6 67
1832 4 6 61
1611 4 6 56
2218 4 6 49
5015 4 6 44
4391 4 6 37
3862 4 6 31
2729 4 6 25
3627 4 6 20
1969 4 6 14
5837 4 6 9
1905 4 6 4
4008 4 7 85
4636 4 7 79
1947 4 7 72
3026 4 7 67
1015 4 7 61
5705 4 7 55
3481 4 7 49
4054 4 7 44
4127 4 7 37
3703 4 7 31
2514 4 7 25
2781 4 7 20
1815 4 7 14
6076 4 7 8
4108 4 7 2
3432 4 8 84
3144 4 8 78
4725 4 8 73
1699 4 8 68
5275 4 8 60
1328 4 8 54
110 4 8 50
550 4 8 44
2065 4 8 37
3135 4 8 31
273 4 8 25
2595 4 8 20
788 4 8 14
3579 4 8 8
3761 4 8 2
4298 4 13 83
1149 4 13 79
1044 4 13 72
2293 4 13 67
618 4 13 61
5688 4 13 55
2547 4 13 49
3903 4 13 44
826 4 13 37
1862 4 13 31
192 4 13 25
1950 4 13 20
616 4 13 14
2727 4 13 8
2084 4 13 2
2464 4 16 83
5507 4 16 78
3946 4 16 73
1124 4 16 68
3426 4 16 60
5016 4 16 53
4276 4 16 48
4564 4 16 42
2980 4 16 36
5877 4 16 30
4599 4 16 24
5598 4 16 18
107 4 16 13
676 4 16 7
5769 4 16 1
5722 5 1 80
3574 5 1 74
1783 5 1 67
567 5 1 61
5326 5 1 55
2159 5 1 49
3189 5 1 44
791 5 1 37
1620 5 1 31
4825 5 1 24
5474 5 1 18
5689 5 1 12
3027 5 1 7
3723 5 1 1
2397 5 2 80
1612 5 2 74
1236 5 2 67
5133 5 2 60
4715 5 2 53
3848 5 2 48
2543 5 2 42
2326 5 2 36
4485 5 2 30
4478 5 2 24
3836 5 2 18
349 5 2 12
1851 5 2 7
3609 5 2 1
1922 5 4 80
4642 5 4 73
531 5 4 68
1975 5 4 60
3482 5 4 53
2869 5 4 48
1439 5 4 42
2226 5 4 36
2487 5 4 30
3790 5 4 24
3600 5 4 18
122 5 4 12
1325 5 4 7
2254 5 4 1
1397 5 9 80
3333 5 9 73
4953 5 9 67
5128 5 9 60
1846 5 9 53
1588 5 9 48
4950 5 9 41
4229 5 9 35
3859 5 9 30
2385 5 9 24
3050 5 9 18
5830 5 9 11
2677 5 9 5
5998 5 10 79
5226 5 10 71
3700 5 10 65
765 5 10 60
1168 5 10 53
639 5 10 48
4132 5 10 41
3697 5 10 35
1942 5 10 30
2371 5 10 24
1762 5 10 18
5219 5 10 11
937 5 10 5
907 5 11 79
4790 5 11 71
3535 5 11 65
373 5 11 60
549 5 11 53
6116 5 11 47
4908 5 11 43
539 5 11 37
118 5 11 31
4765 5 11 24
4420 5 11 17
245 5 11 10
5484 5 11 2
1585 5 18 78
3849 5 18 73
3850 5 18 67
4278 5 18 60
5500 5 18 52
4334 5 18 45
5653 5 18 38
1336 5 18 31
4428 5 18 24
3046 5 18 17
3510 5 18 9
268 5 18 4
5138 5 19 77
4212 5 19 71
2339 5 19 65
4444 5 19 58
4426 5 19 53
6050 5 19 47
4352 5 19 42
5431 5 19 35
1596 5 19 30
1684 5 19 24
2474 5 19 17
3100 5 19 9
4553 5 19 3
4357 6 1 77
3506 6 1 71
6052 6 1 64
2751 6 1 59
5972 6 1 54
2982 6 1 49
709 6 1 44
633 6 1 37
5917 6 1 30
466 6 1 24
1331 6 1 17
4259 6 1 8
1661 6 1 2
3302 6 2 77
1911 6 2 71
5630 6 2 64
1553 6 2 59
5381 6 2 54
1705 6 2 49
3943 6 2 43
85 6 2 37
4836 6 2 30
5475 6 2 23
580 6 2 17
3411 6 2 8
1299 6 2 2
4168 6 11 70
2870 6 11 61
4972 6 11 55
1059 6 11 49
5939 6 11 42
2656 6 11 35
4985 6 11 29
3414 6 11 24
4815 6 11 16
2273 6 11 9
3765 6 11 3
1216 6 13 59
4492 6 13 54
953 6 13 49
3798 6 13 42
2331 6 13 35
3986 6 13 29
1309 6 13 24
4375 6 13 16
2104 6 13 9
3711 6 13 3
5739 6 15 95
1880 6 15 90
2607 6 15 83
5340 6 15 78
1600 6 15 73
3694 6 15 67
3437 6 15 60
5012 6 15 52
3941 6 15 45
4235 6 15 38
1016 6 15 31
2746 6 15 24
2843 6 15 16
187 6 15 9
2853 6 15 3
5429 6 16 95
1193 6 16 90
988 6 16 83
4202 6 16 78
155 6 16 73
3628 6 16 67
2388 6 16 60
4891 6 16 52
3222 6 16 45
5407 6 16 37
4419 6 16 30
4994 6 16 23
451 6 16 17
1146 6 16 8
891 6 16 2
4651 6 17 95
6085 6 17 89
5378 6 17 83
3442 6 17 78
2613 6 17 72
5782 6 17 66
5436 6 17 58
4091 6 17 53
5989 6 17 47
3659 6 17 42
1369 6 17 35
2823 6 17 29
320 6 17 24
1337 6 17 16
5541 6 17 8
343 6 17 2
3685 6 18 95
2417 6 18 89
2987 6 18 83
1201 6 18 78
1327 6 18 72
3402 6 18 66
2506 6 18 58
2529 6 18 53
5838 6 18 47
5763 6 18 41
3523 6 18 35
2450 6 18 29
3919 6 18 23
404 6 18 17
3573 6 18 6
1356 6 18 1
3371 6 19 95
314 6 19 89
2862 6 19 83
5764 6 19 77
6126 6 19 70
1108 6 19 61
4393 6 19 55
290 6 19 49
3771 6 19 42
5218 6 19 34
5526 6 19 26
4446 6 19 20
91 6 19 14
1623 6 19 8
6014 6 19 1
2919 7 1 95
5910 7 1 88
2886 7 1 80
363 7 1 73
3310 7 1 67
1164 7 1 60
1704 7 1 52
2175 7 1 45
5094 7 1 37
3266 7 1 30
4798 7 1 23
4641 7 1 16
5479 7 1 8
3636 7 1 1
1296 7 2 95
5338 7 2 88
2510 7 2 80
56 7 2 73
2485 7 2 67
854 7 2 60
5140 7 2 51
4065 7 2 43
4801 7 2 36
2481 7 2 30
4601 7 2 23
4415 7 2 16
5077 7 2 8
3495 7 2 1
214 7 4 95
4707 7 4 88
2430 7 4 80
3835 7 4 72
3083 7 4 66
1887 7 4 58
2448 7 4 53
5733 7 4 47
3340 7 4 41
2899 7 4 35
591 7 4 29
1412 7 4 23
4345 7 4 16
4084 7 4 8
139 7 4 1
5777 7 5 94
2546 7 5 89
2618 7 5 83
5405 7 5 77
5153 7 5 70
450 7 5 61
2600 7 5 55
5930 7 5 48
3106 7 5 41
2304 7 5 35
198 7 5 29
4157 7 5 22
2780 7 5 16
3736 7 5 8
3148 7 6 94
2043 7 6 89
443 7 6 83
3942 7 6 77
5103 7 6 70
4969 7 6 60
4323 7 6 51
1898 7 6 43
3230 7 6 36
2252 7 6 30
4430 7 6 23
4252 7 6 16
3036 7 6 8
1812 7 7 94
1932 7 7 89
5659 7 7 82
5662 7 7 75
2153 7 7 69
2542 7 7 64
862 7 7 59
4440 7 7 54
5671 7 7 48
692 7 7 41
1449 7 7 35
4534 7 7 28
486 7 7 23
2700 7 7 16
2136 7 7 8
1766 7 8 94
4394 7 8 88
2100 7 8 80
3368 7 8 72
3032 7 8 66
1320 7 8 58
1324 7 8 53
5556 7 8 47
2938 7 8 41
1311 7 8 35
5409 7 8 27
2686 7 8 19
6075 7 8 13
372 7 8 7
6025 7 10 93
3136 7 10 88
1904 7 10 80
153 7 10 72
1494 7 10 66
301 7 10 58
4983 7 10 52
922 7 10 45
3509 7 10 37
2986 7 10 30
1119 7 10 23
1791 7 10 16
1982 7 10 8
5843 7 11 93
6018 7 11 87
30 7 11 82
5365 7 11 75
6042 7 11 68
1824 7 11 59
868 7 11 54
4291 7 11 48
3809 7 11 40
3717 7 11 33
3242 7 11 27
4731 7 11 18
3479 7 11 11
193 7 11 5
3821 7 13 93
3622 7 13 87
6112 7 13 81
1654 7 13 74
1035 7 13 67
807 7 13 60
3410 7 13 51
4521 7 13 42
4701 7 13 34
1034 7 13 26
3632 7 13 20
5427 7 13 13
5442 7 13 6
1992 8 1 93
3478 8 1 87
4429 8 1 81
5480 8 1 73
2083 8 1 67
222 8 1 60
2289 8 1 51
4508 8 1 42
2580 8 1 34
828 8 1 26
2161 8 1 20
5302 8 1 13
4109 8 1 6
1955 8 2 93
3247 8 2 87
3464 8 2 81
4537 8 2 73
5640 8 2 66
176 8 2 58
4438 8 2 52
161 8 2 45
1696 8 2 37
1756 8 2 30
5248 8 2 22
1430 8 2 16
133 8 2 8
593 8 4 93
1129 8 4 87
999 8 4 81
3757 8 4 73
4191 8 4 66
5551 8 4 57
2477 8 4 51
2683 8 4 42
1254 8 4 34
4504 8 4 25
812 8 4 20
5194 8 4 13
1910 8 4 6
430 8 5 93
382 8 5 87
3 8 5 81
2096 8 5 73
4075 8 5 66
3349 8 5 57
2468 8 5 51
1639 8 5 42
845 8 5 34
4467 8 5 25
697 8 5 20
2777 8 5 13
5901 8 5 5
3625 8 6 92
5126 8 6 87
5802 8 6 80
5252 8 6 71
5174 8 6 64
695 8 6 59
438 8 6 54
3331 8 6 48
3170 8 6 40
2817 8 6 33
41 8 6 27
2630 8 6 18
3335 8 6 11
51 8 6 5
2931 8 7 92
4384 8 7 87
3592 8 7 80
4067 8 7 71
4693 8 7 64
523 8 7 59
246 8 7 54
3169 8 7 48
1923 8 7 40
2678 8 7 33
4320 8 7 26
1837 8 7 20
1747 8 7 13
4886 8 7 5
2400 8 8 92
3912 8 8 87
3344 8 8 80
3987 8 8 71
4512 8 8 64
3192 8 8 58
2408 8 8 52
4209 8 8 44
5856 8 8 36
844 8 8 30
4606 8 8 22
4684 8 8 15
1030 8 8 8
1581 8 10 92
279 8 10 87
3035 8 10 80
2227 8 10 71
2985 8 10 64
2523 8 10 58
1281 8 10 52
4016 8 10 44
4616 8 10 36
740 8 10 30
3191 8 10 22
4505 8 10 15
1432 8 10 7
824 8 13 92
5595 8 13 86
3163 8 13 79
4288 8 13 71
2336 8 13 64
993 8 13 58
518 8 13 52
2243 8 13 44
4525 8 13 36
5061 8 13 29
2537 8 13 22
3727 8 13 15
5229 8 13 6
336 8 14 92
4892 8 14 86
1421 8 14 79
3456 8 14 71
5220 8 14 63
3434 8 14 58
128 8 14 52
1521 8 14 44
3091 8 14 36
4448 8 14 29
1965 8 14 22
2071 8 14 15
4043 8 14 6
225 8 15 92
3488 8 15 86
997 8 15 79
3101 8 15 71
4538 8 15 63
3200 8 15 58
5787 8 15 51
1121 8 15 42
655 8 15 34
4031 8 15 25
647 8 15 19
3813 8 15 13
2624 8 15 5
5322 8 16 91
5075 8 16 85
3782 8 16 79
2901 8 16 71
2011 8 16 63
1140 8 16 58
5734 8 16 51
5559 8 16 41
1134 8 16 35
4829 8 16 27
1551 8 16 18
2950 8 16 11
5645 8 16 4
4736 8 17 91
3512 8 17 85
529 8 17 79
2788 8 17 71
1338 8 17 63
700 8 17 58
5715 8 17 51
4619 8 17 41
4515 8 17 34
3735 8 17 25
4735 8 17 18
5821 8 17 10
4443 8 17 2
3585 8 18 91
5983 8 18 84
5191 8 18 77
4785 8 18 70
3913 8 18 60
1853 8 18 51
73 8 18 41
2713 8 18 34
2583 8 18 25
4066 8 18 18
48 8 18 10
4270 8 18 2
334 8 19 91
3645 8 19 84
5028 8 19 77
4386 8 19 70
3910 8 19 60
1378 8 19 51
5651 8 19 40
2049 8 19 33
2873 8 19 26
5863 8 19 19
2302 8 19 13
1935 8 19 5
3156 9 10 90
575 9 10 83
3084 9 10 77
4110 9 10 70
1790 9 10 60
27 9 10 51
2749 9 10 40
446 9 10 33
5700 9 10 25
3251 9 10 18
5772 9 10 9
5593 9 10 2
2908 9 12 90
5478 9 12 82
2439 9 12 75
5379 9 12 68
5704 9 12 58
2737 9 12 51
1333 9 12 40
5565 9 12 32
4255 9 12 26
5030 9 12 19
1572 9 12 13
1641 9 12 5
1001 9 13 89
4283 9 13 82
1565 9 13 75
4491 9 13 68
4999 9 13 58
2723 9 13 51
4689 9 13 39
1498 9 13 33
5610 9 13 25
2801 9 13 18
5740 9 13 9
4401 9 13 2
2610 9 14 88
990 9 14 80
1930 9 14 71
974 9 14 63
5815 9 14 57
1243 9 14 51
3028 9 14 39
1287 9 14 33
4876 9 14 25
649 9 14 18
5345 9 14 9
2092 9 14 2
2082 9 15 88
4527 9 15 79
2643 9 15 71
793 9 15 63
1188 9 15 57
481 9 15 51
1866 9 15 39
5737 9 15 32
2794 9 15 26
4254 9 15 19
4311 9 15 12
3928 9 15 6
741 9 16 88
3490 9 16 79
2498 9 16 71
154 9 16 63
524 9 16 57
5684 9 16 50
421 9 16 44
2752 9 16 36
3025 9 16 29
1058 9 16 22
507 9 16 15
3391 9 16 6
493 9 17 88
1560 9 17 79
1113 9 17 71
26 9 17 63
5112 9 17 56
1797 9 17 49
2793 9 17 42
552 9 17 34
1690 9 17 25
5215 9 17 17
3168 9 17 6
6002 9 18 87
2674 9 18 80
223 9 18 71
4805 9 18 62
2394 9 18 54
1431 9 18 48
1002 9 18 40
4979 9 18 32
2413 9 18 26
2361 9 18 19
2405 9 18 12
2955 9 18 6
5882 9 19 87
1513 9 19 80
6070 9 19 70
4481 9 19 59
3605 9 19 53
3586 9 19 47
778 9 19 41
1788 9 19 34
136 9 19 25
3916 9 19 17
3886 9 19 5
2150 10 0 85
496 10 0 79
644 10 0 71
3992 10 0 62
2048 10 0 54
4506 10 0 47
742 10 0 41
934 10 0 34
4673 10 0 24
491 10 0 16
114 10 0 8
2057 10 4 85
5993 10 4 78
65 10 4 72
355 10 4 66
3075 10 4 57
5197 10 4 50
6110 10 4 43
1966 10 4 36
2802 10 4 29
5708 10 4 21
4227 10 4 15
3231 10 4 6
68 10 6 85
2859 10 6 78
5277 10 6 71
3447 10 6 62
1266 10 6 54
3800 10 6 47
66 10 6 41
5192 10 6 33
4182 10 6 25
3760 10 6 17
3691 10 6 5
5845 10 8 84
2928 10 8 77
2098 10 8 70
2995 10 8 59
3038 10 8 53
1260 10 8 47
6097 10 8 40
3131 10 8 32
1346 10 8 26
2006 10 8 19
946 10 8 12
2377 10 8 6
2518 10 10 84
2281 10 10 77
5960 10 10 69
2106 10 10 64
625 10 10 58
2684 10 10 51
1203 10 10 39
5619 10 10 32
5014 10 10 25
2393 10 10 17
1758 10 10 5
1406 11 0 84
1242 11 0 77
4590 11 0 69
2079 11 0 64
347 11 0 58
1577 11 0 51
3274 11 0 38
252 11 0 31
2097 11 0 24
5346 11 0 15
574 11 0 6
585 11 2 84
4982 11 2 76
5417 11 2 69
1370 11 2 64
3693 11 2 57
4526 11 2 50
5968 11 2 43
1469 11 2 36
2010 11 2 29
5376 11 2 21
2090 11 2 15
141 11 2 6
4792 11 4 83
2545 11 4 77
2564 11 4 69
513 11 4 64
3049 11 4 57
3781 11 4 50
5615 11 4 43
1358 11 4 36
4800 11 4 28
5814 11 4 22
5841 11 4 14
1476 11 4 8
2318 11 6 82
771 11 6 75
4353 11 6 68
4297 11 6 58
4256 11 6 50
4697 11 6 43
1315 11 6 36
3361 11 6 28
2945 11 6 22
5285 11 6 14
1074 11 6 8
1530 11 10 82
5602 11 10 74
4418 11 10 66
6020 11 10 56
1729 11 10 49
1779 11 10 42
346 11 10 34
3304 11 10 24
4248 11 10 15
5069 11 10 5
1496 11 12 82
2366 11 12 74
1693 11 12 66
3827 11 12 56
789 11 12 49
5902 11 12 41
2930 11 12 33
3362 11 12 25
1480 11 12 17
1225 11 12 5
6073 11 13 81
1770 11 13 73
3587 11 13 66
3728 11 13 56
2033 11 13 48
5924 11 13 39
5549 11 13 32
4304 11 13 25
389 11 13 17
643 11 13 5
4646 11 14 81
6121 11 14 72
4210 11 14 65
4151 11 14 58
2122 11 14 50
3999 11 14 43
380 11 14 36
5227 11 14 27
748 11 14 18
1896 11 14 9
1984 11 14 2
4180 11 15 80
1031 11 15 70
1871 11 15 59
1885 11 15 53
5871 11 15 46
3211 11 15 39
4094 11 15 32
2358 11 15 25
1821 11 15 16
6028 11 15 7
2753 11 16 80
5408 11 16 69
458 11 16 64
1856 11 16 57
3477 11 16 50
3831 11 16 43
5592 11 16 35
3583 11 16 27
5811 11 16 17
5735 11 16 4
2838 11 17 78
5196 11 17 71
2875 11 17 62
5398 11 17 53
5531 11 17 46
3171 11 17 39
926 11 17 32
156 11 17 25
1664 11 17 16
4882 11 17 7
5293 11 18 77
2471 11 18 69
6024 11 18 63
3503 11 18 56
1222 11 18 48
5009 11 18 39
5948 11 18 31
1806 11 18 24
3396 11 18 15
4807 11 18 5
746 11 19 77
5540 11 19 68
3755 11 19 58
725 11 19 50
2978 11 19 43
4524 11 19 35
1158 11 19 27
5301 11 19 17
3098 11 19 4
4450 12 0 76
4346 12 0 69
4723 12 0 63
3009 12 0 56
1098 12 0 48
4959 12 0 39
5266 12 0 31
1465 12 0 24
2077 12 0 15
3527 12 0 5
445 12 2 75
4183 12 2 68
6041 12 2 57
3235 12 2 50
3959 12 2 42
5899 12 2 33
1231 12 2 25
4743 12 2 15
672 12 2 5
4218 12 6 74
1148 12 6 66
2796 12 6 56
209 12 6 48
3161 12 6 39
3540 12 6 31
1285 12 6 24
1977 12 6 15
3257 12 6 4
4035 12 8 74
97 12 8 66
1192 12 8 56
5155 12 8 46
2184 12 8 39
3125 12 8 31
158 12 8 24
1876 12 8 15
3224 12 8 4
4964 13 0 73
3554 13 0 66
6027 13 0 55
5874 13 0 48
2441 13 0 39
1401 13 0 31
5564 13 0 23
228 13 0 16
3103 13 0 7
736 13 2 72
3991 13 2 65
3968 13 2 58
4367 13 2 49
3415 13 2 41
2075 13 2 33
3019 13 2 24
1301 13 2 15
2224 13 2 4
1339 13 3 71
2826 13 3 62
5347 13 3 53
5494 13 3 46
1843 13 3 39
269 13 3 31
1839 13 3 23
4843 13 3 15
416 13 3 4
2551 13 4 69
3140 13 4 63
2367 13 4 56
4971 13 4 46
1000 13 4 39
5691 13 4 30
808 13 4 22
4273 13 4 14
5371 13 4 7
2486 13 6 67
1949 13 6 59
823 13 6 53
4517 13 6 46
5496 13 6 38
5633 13 6 30
32 13 6 22
2171 13 6 14
1943 13 6 7
3733 13 8 65
3428 13 8 58
3239 13 8 49
571 13 8 41
5657 13 8 32
5810 13 8 24
5546 13 8 14
4411 13 8 6
1753 13 9 96
1166 13 9 92
2354 13 9 86
3451 13 9 78
4305 13 9 71
2401 13 9 62
5303 13 9 53
3967 13 9 46
4233 13 9 38
4617 13 9 30
5886 13 9 21
6099 13 9 14
2933 13 9 6
5637 13 10 95
2549 13 10 88
1219 13 10 79
257 13 10 71
2295 13 10 62
5247 13 10 53
3857 13 10 46
2256 13 10 38
3774 13 10 30
5607 13 10 21
6019 13 10 14
2594 13 10 6
4744 13 11 95
2055 13 11 88
284 13 11 79
227 13 11 71
2151 13 11 62
5086 13 11 53
2221 13 11 46
4919 13 11 37
839 13 11 30
3292 13 11 21
5510 13 11 14
1537 13 11 6
4928 13 12 94
4077 13 12 88
1360 13 12 78
3972 13 12 71
2107 13 12 62
4926 13 12 53
2059 13 12 46
4645 13 12 37
4728 13 12 29
5370 13 12 21
5019 13 12 14
196 13 12 6
3854 13 13 94
1118 13 13 88
490 13 13 78
3318 13 13 71
259 13 13 62
3922 13 13 53
1297 13 13 46
3696 13 13 37
4246 13 13 29
4932 13 13 21
5004 13 13 14
5829 13 13 5
763 13 14 94
5692 13 14 87
5790 13 14 79
4442 13 14 70
217 13 14 59
6090 13 14 52
473 13 14 44
353 13 14 36
4081 13 14 27
3935 13 14 17
804 13 14 4
5432 13 15 93
6007 13 15 86
2323 13 15 78
1765 13 15 71
216 13 15 62
3904 13 15 53
1209 13 15 46
2949 13 15 37
3939 13 15 29
4819 13 15 21
4489 13 15 14
5678 13 15 5
4719 13 16 93
4957 13 16 86
2258 13 16 78
686 13 16 71
1669 13 16 61
2443 13 16 55
5299 13 16 48
2236 13 16 39
4558 13 16 30
2974 13 16 21
4130 13 16 14
2147 13 16 5
4581 13 17 93
4685 13 17 86
1303 13 17 78
4914 13 17 70
2582 13 17 58
2511 13 17 49
3386 13 17 39
3576 13 17 30
2726 13 17 21
2239 13 17 14
2105 13 17 5
3483 13 18 93
4219 13 18 86
762 13 18 78
4079 13 18 70
4916 13 18 56
4321 13 18 46
1433 13 18 37
2766 13 18 29
5336 13 18 20
4250 13 18 12
1637 13 18 6
2534 13 19 93
1169 13 19 86
232 13 19 78
3289 13 19 70
4279 13 19 56
4057 13 19 46
754 13 19 37
1559 13 19 29
5253 13 19 20
4040 13 19 12
329 13 19 6
1738 14 0 93
691 14 0 86
5631 14 0 77
4519 14 0 68
5358 14 0 57
992 14 0 50
2603 14 0 42
4539 14 0 33
1852 14 0 24
3795 14 0 14
1980 14 0 5
1462 14 6 93
4692 14 6 85
829 14 6 78
929 14 6 70
3920 14 6 56
2756 14 6 46
6095 14 6 36
3044 14 6 27
1920 14 6 17
501 14 6 4
5780 14 8 92
1364 14 8 86
5158 14 8 77
3113 14 8 68
4449 14 8 57
5828 14 8 49
1575 14 8 39
1117 14 8 30
2479 14 8 21
2056 14 8 14
1648 14 8 5
5686 14 9 92
1272 14 9 86
3803 14 9 76
2918 14 9 69
2496 14 9 63
2116 14 9 56
5974 14 9 45
5328 14 9 36
2959 14 9 27
5898 14 9 16
2778 14 9 7
4622 14 10 92
680 14 10 86
2200 14 10 76
1292 14 10 69
699 14 10 63
1941 14 10 56
5725 14 10 45
2646 14 10 36
2427 14 10 27
4267 14 10 16
2738 14 10 7
5165 14 11 91
1032 14 11 84
3004 14 11 76
1235 14 11 69
5964 14 11 62
3589 14 11 53
6078 14 11 45
954 14 11 36
1750 14 11 27
2360 14 11 16
2557 14 11 7
4927 14 12 91
977 14 12 84
2696 14 12 76
1004 14 12 69
5091 14 12 62
2719 14 12 53
5867 14 12 45
892 14 12 36
1711 14 12 27
769 14 12 16
1782 14 12 7
4351 14 13 91
720 14 13 84
1005 14 13 76
5797 14 13 68
3830 14 13 57
3963 14 13 49
598 14 13 39
4962 14 13 29
1968 14 13 20
2932 14 13 12
5825 14 13 5
3546 14 14 91
5167 14 14 83
2247 14 14 77
2816 14 14 68
3743 14 14 57
3420 14 14 48
2148 14 14 39
751 14 14 29
1763 14 14 20
1153 14 14 12
4633 14 14 5
1988 14 15 91
3584 14 15 83
1643 14 15 77
3010 14 15 67
385 14 15 59
4934 14 15 52
103 14 15 44
4858 14 15 35
476 14 15 27
766 14 15 16
370 14 15 7
6079 14 16 90
4679 14 16 82
2189 14 16 74
6017 14 16 65
1181 14 16 58
1772 14 16 49
5751 14 16 38
3671 14 16 30
1749 14 16 21
1865 14 16 14
737 14 16 5
5887 14 17 90
4657 14 17 82
2016 14 17 74
5276 14 17 65
576 14 17 58
1237 14 17 49
3507 14 17 38
2290 14 17 30
732 14 17 21
5457 14 17 13
1384 14 17 5
5682 14 18 90
4231 14 18 82
5176 14 18 73
3441 14 18 66
5027 14 18 55
3816 14 18 48
5858 14 18 38
1065 14 18 30
729 14 18 21
4265 14 18 13
1027 14 18 5
3602 14 19 90
4225 14 19 82
3621 14 19 73
2402 14 19 66
4639 14 19 55
1882 14 19 48
4981 14 19 38
4373 14 19 29
1167 14 19 20
3618 14 19 11
4681 14 19 4
2606 15 0 90
3245 15 0 82
3334 15 0 73
2031 15 0 66
4137 15 0 55
1828 15 0 48
4222 15 0 38
3296 15 0 29
6091 15 0 19
119 15 0 12
4138 15 0 5
1972 15 2 90
2522 15 2 82
2765 15 2 73
1317 15 2 66
3607 15 2 55
1598 15 2 48
2355 15 2 38
3287 15 2 29
5041 15 2 19
4198 15 2 11
4154 15 2 4
4867 15 3 89
3780 15 3 82
1768 15 3 73
1125 15 3 66
2964 15 3 55
1232 15 3 48
2265 15 3 38
1615 15 3 29
4935 15 3 19
3111 15 3 11
3947 15 3 4
4730 15 4 89
5677 15 4 81
5884 15 4 72
3896 15 4 65
3867 15 4 57
3226 15 4 48
5312 15 4 37
5166 15 4 28
1310 15 4 22
1475 15 4 14
5742 15 4 4
4021 15 6 89
4098 15 6 81
5698 15 6 72
2850 15 6 65
3240 15 6 57
1425 15 6 48
4663 15 6 37
4308 15 6 28
5120 15 6 21
2536 15 6 13
5852 15 6 4
3956 16 0 89
3476 16 0 81
4863 16 0 72
5859 16 0 64
830 16 0 57
5971 16 0 47
4509 16 0 40
2755 16 0 32
5453 16 0 24
2791 16 0 14
5170 16 0 4
5925 16 2 88
183 16 2 78
4900 16 2 69
4133 16 2 62
2349 16 2 53
3839 16 2 45
124 16 2 36
1653 16 2 27
492 16 2 16
5244 16 2 6
5315 16 6 88
175 16 6 78
2115 16 6 69
3680 16 6 62
1675 16 6 53
2895 16 6 45
4085 16 6 35
397 16 6 27
4036 16 6 15
4769 16 6 3
3766 16 8 88
3327 16 8 77
1482 16 8 67
236 16 8 59
3404 16 8 52
3531 16 8 43
2127 16 8 35
218 16 8 27
3548 16 8 15
5518 16 8 2
3484 16 9 88
1906 16 9 77
4501 16 9 66
2890 16 9 55
773 16 9 48
3409 16 9 37
4148 16 9 28
4978 16 9 21
1717 16 9 13
4637 16 9 4
1881 16 11 88
6008 16 11 75
3764 16 11 68
354 16 11 57
4360 16 11 47
3731 16 11 40
2216 16 11 32
5005 16 11 24
1411 16 11 14
3450 16 11 4
2710 16 12 87
4901 16 12 79
5834 16 12 69
2960 16 12 62
545 16 12 53
2659 16 12 45
4074 16 12 35
166 16 12 27
1548 16 12 15
5988 16 12 1
5506 16 13 86
1913 16 13 76
4986 16 13 68
4069 16 13 56
4102 16 13 45
3021 16 13 35
24 16 13 27
1362 16 13 15
5851 16 13 1
3828 16 14 86
1376 16 14 76
4742 16 14 68
3167 16 14 56
2195 16 14 45
2457 16 14 35
3157 16 14 26
1647 16 14 19
2818 16 14 11
3059 16 14 4
3260 16 16 86
6029 16 16 75
6059 16 16 67
5533 16 16 58
6031 16 16 48
835 16 16 37
2260 16 16 28
393 16 16 21
1442 16 16 13
62 16 16 4
2494 16 18 86
5768 16 18 75
4359 16 18 67
1655 16 18 58
5501 16 18 48
67 16 18 37
1463 16 18 28
219 16 18 21
1207 16 18 13
4690 16 18 3
2483 16 19 86
4740 16 19 75
3176 16 19 67
1584 16 19 58
3870 16 19 48
4263 16 19 36
1466 16 19 27
1247 16 19 15
3470 16 19 1
6114 17 0 85
2179 17 0 77
3658 17 0 66
861 17 0 55
3557 17 0 47
2538 17 0 40
390 17 0 32
4958 17 0 24
1046 17 0 14
3185 17 0 4
3130 17 2 85
1273 17 2 77
5245 17 2 65
2540 17 2 57
3571 17 2 47
1570 17 2 40
3359 17 2 31
1726 17 2 23
3990 17 2 15
1884 17 2 1
1283 17 4 85
613 17 4 77
151 17 4 65
2164 17 4 57
3196 17 4 47
1418 17 4 40
1355 17 4 31
1070 17 4 23
3610 17 4 15
1045 17 4 1
3553 17 8 84
34 17 8 76
4274 17 8 68
1490 17 8 56
4432 17 8 44
5300 17 8 34
1352 17 8 24
5281 17 8 13
4563 17 8 3
2854 17 9 84
5702 17 9 75
2773 17 9 67
5018 17 9 57
1823 17 9 47
4809 17 9 39
3179 17 9 28
5053 17 9 20
3143 17 9 11
2000 17 9 4
2776 17 11 84
3687 17 11 75
2507 17 11 67
706 17 11 57
3549 17 11 46
4363 17 11 36
1278 17 11 27
4995 17 11 13
4158 17 11 3
427 17 12 84
3562 17 12 75
1389 17 12 67
642 17 12 57
2434 17 12 46
3749 17 12 36
668 17 12 27
2178 17 12 13
3033 17 12 3
4466 17 14 83
1159 17 14 77
2021 17 14 64
5905 17 14 56
3425 17 14 44
3925 17 14 34
1052 17 14 24
2268 17 14 13
1503 17 14 3
2509 17 16 83
1068 17 16 77
681 17 16 64
5202 17 16 56
6111 17 16 43
1893 17 16 35
1093 17 16 26
1215 17 16 19
2277 17 16 11
1925 17 16 4
6084 17 18 81
3423 17 18 72
5080 17 18 64
2965 17 18 56
3053 17 18 43
494 17 18 35
1732 17 18 25
3812 17 18 15
653 17 18 1
4362 17 19 81
2228 17 19 72
4954 17 19 64
1212 17 19 56
1539 17 19 43
410 17 19 35
6088 17 19 24
738 17 19 13
1340 17 19 3
3316 18 0 81
5377 18 0 71
1174 18 0 61
280 18 0 55
2438 18 0 47
4775 18 0 39
383 18 0 28
4201 18 0 20
2951 18 0 11
213 18 0 4
2617 18 2 81
3966 18 2 71
657 18 2 61
5024 18 2 54
3565 18 2 47
3767 18 2 39
5485 18 2 27
5893 18 2 12
3805 18 2 5
1393 18 4 80
1613 18 4 69
1721 18 4 62
145 18 4 53
2454 18 4 45
1316 18 4 35
5195 18 4 24
570 18 4 13
70 18 4 3
5168 18 6 76
1718 18 6 68
944 18 6 56
412 18 6 43
4683 18 6 34
3890 18 6 23
2264 18 6 15
208 18 6 1
1443 19 0 75
278 19 0 67
419 19 0 57
5904 19 0 45
1071 19 0 35
4549 19 0 24
5724 19 0 11
5743 19 0 3
1605 19 2 72
4711 19 2 64
5414 19 2 55
1826 19 2 47
3623 19 2 39
3214 19 2 27
4559 19 2 12
2633 19 2 5
3593 19 3 67
6113 19 3 56
276 19 3 43
2632 19 3 34
2261 19 3 23
5186 19 3 14
2461 19 3 4
1426 19 4 61
4787 19 4 54
3276 19 4 47
1481 19 4 39
1720 19 4 27
271 19 4 12
2416 19 4 5
5127 19 6 54
1730 19 6 47
1375 19 6 39
5052 19 6 26
942 19 6 19
2187 19 6 11
5608 19 6 3
5232 19 7 15
435 19 7 4
4347 19 8 94
5495 19 8 87
4195 19 8 79
5796 19 8 69
1525 19 8 62
71 19 8 53
4755 19 8 44
3237 19 8 34
1894 19 8 23
3141 19 8 14
4866 19 8 3
3336 19 9 94
3899 19 9 87
3559 19 9 79
5669 19 9 69
5447 19 9 61
3811 19 9 54
340 19 9 47
5892 19 9 38
338 19 9 29
3864 19 9 19
770 19 9 11
5122 19 9 3
2220 19 10 94
1909 19 10 87
3299 19 10 79
5332 19 10 69
3964 19 10 61
3012 19 10 54
64 19 10 47
4671 19 10 38
79 19 10 29
3172 19 10 19
423 19 10 11
4568 19 10 3
47 19 11 94
1715 19 11 87
2480 19 11 79
5230 19 11 69
2003 19 11 61
2792 19 11 54
4791 19 11 46
461 19 11 36
475 19 11 27
3088 19 11 11
3018 19 11 3
3750 19 12 93
4236 19 12 85
612 19 12 77
369 19 12 64
4675 19 12 55
255 19 12 47
3614 19 12 38
4993 19 12 28
2770 19 12 20
5177 19 12 10
3097 19 12 2
1223 19 13 93
4203 19 13 85
5582 19 13 76
1660 19 13 68
900 19 13 56
3508 19 13 42
4237 19 13 33
601 19 13 24
3829 19 13 11
2845 19 13 3
1040 19 14 93
3907 19 14 85
4556 19 14 76
14 19 14 68
3575 19 14 55
242 19 14 47
3350 19 14 38
4350 19 14 28
2505 19 14 20
2283 19 14 10
2840 19 14 2
895 19 15 93
3613 19 15 85
3699 19 15 76
4741 19 15 67
4293 19 15 56
5020 19 15 41
5394 19 15 32
2245 19 15 24
2861 19 15 11
4493 19 15 2
4569 19 16 92
463 19 16 86
3074 19 16 75
5881 19 16 66
5006 19 16 54
4260 19 16 46
159 19 16 36
5539 19 16 26
5579 19 16 18
1850 19 16 9
5987 19 16 1
4364 19 17 92
5738 19 17 85
1485 19 17 76
4033 19 17 67
2251 19 17 56
4500 19 17 41
4814 19 17 32
2210 19 17 24
1983 19 17 11
2740 19 17 2
3491 19 18 92
5341 19 18 85
872 19 18 76
3768 19 18 67
918 19 18 56
4029 19 18 41
4494 19 18 32
1091 19 18 24
843 19 18 11
2699 19 18 2
3379 19 19 92
4083 19 19 85
5949 19 19 75
4678 19 19 66
4788 19 19 54
2994 19 19 46
5163 19 19 35
4111 19 19 24
519 19 19 11
1719 19 19 2
