2922
4015 0 0 98
5089 0 0 96
3325 0 0 92
4770 0 0 90
3769 0 0 88
4310 0 0 85
4317 0 0 82
2132 0 0 80
4916 0 0 77
2977 0 0 74
3313 0 0 71
3905 0 0 68
2861 0 0 65
3861 0 0 62
2689 0 0 59
3379 0 0 57
3733 0 0 55
5071 0 0 52
2841 0 0 49
3 0 0 47
3315 0 0 44
3234 0 0 41
2966 0 0 38
2148 0 0 35
2547 0 0 32
3791 0 0 30
2649 0 0 27
203 0 0 25
2374 0 0 22
3647 0 0 20
449 0 0 17
2428 0 0 14
3073 0 0 11
3337 0 0 9
5308 0 0 6
2232 0 0 4
4622 0 0 1
635 0 1 98
5343 0 1 94
4465 0 1 91
4800 0 1 88
4671 0 1 84
176 0 1 81
2192 0 1 78
4664 0 1 75
4242 0 1 71
4499 0 1 67
3988 0 1 64
5283 0 1 61
5210 0 1 59
2128 0 1 57
1213 0 1 54
384 0 1 51
4382 0 1 49
2426 0 1 45
1779 0 1 41
457 0 1 38
4685 0 1 34
4101 0 1 31
4420 0 1 29
3331 0 1 27
4930 0 1 24
5303 0 1 20
1693 0 1 16
4654 0 1 13
1175 0 1 11
3714 0 1 7
4933 0 1 5
3597 0 1 2
3956 0 2 97
5239 0 2 95
4494 0 2 92
4324 0 2 90
2233 0 2 87
4212 0 2 84
5015 0 2 80
3505 0 2 77
2839 0 2 74
3721 0 2 70
3453 0 2 68
2482 0 2 65
3241 0 2 62
4572 0 2 58
5346 0 2 54
4580 0 2 50
5213 0 2 48
932 0 2 45
4412 0 2 40
3884 0 2 37
2035 0 2 34
3483 0 2 31
4041 0 2 28
3429 0 2 26
4831 0 2 23
4113 0 2 21
4334 0 2 17
387 0 2 14
58 0 2 11
1856 0 2 7
4095 0 2 4
4432 0 2 1
1200 0 3 97
1889 0 3 95
3801 0 3 91
3207 0 3 88
2661 0 3 84
4480 0 3 80
4004 0 3 76
3556 0 3 73
1162 0 3 70
5248 0 3 67
3878 0 3 64
2794 0 3 61
3749 0 3 56
5257 0 3 54
2416 0 3 49
2122 0 3 45
4271 0 3 40
1776 0 3 37
1293 0 3 34
4620 0 3 30
5058 0 3 26
3568 0 3 23
3648 0 3 20
1137 0 3 16
4027 0 3 12
5446 0 3 8
349 0 3 6
5342 0 3 3
5135 0 4 96
2727 0 4 92
2846 0 4 89
2082 0 4 86
3535 0 4 83
1566 0 4 80
2498 0 4 76
1964 0 4 73
4155 0 4 69
4881 0 4 66
4437 0 4 63
416 0 4 60
3713 0 4 58
5039 0 4 54
4419 0 4 48
3309 0 4 44
4956 0 4 40
391 0 4 37
404 0 4 34
3451 0 4 30
5012 0 4 26
1602 0 4 23
736 0 4 20
728 0 4 15
3245 0 4 12
2596 0 4 8
304 0 4 6
5319 0 4 3
4954 0 5 96
2341 0 5 91
937 0 5 88
3598 0 5 83
1092 0 5 80
1872 0 5 76
1674 0 5 73
3636 0 5 69
4926 0 5 65
1395 0 5 62
1258 0 5 58
730 0 5 54
1940 0 5 48
537 0 5 44
5159 0 5 39
4791 0 5 36
1240 0 5 33
4315 0 5 30
774 0 5 26
3203 0 5 22
3575 0 5 18
4811 0 5 16
4267 0 5 11
839 0 5 7
4298 0 5 2
2903 0 6 96
4150 0 6 90
4537 0 6 86
113 0 6 83
1006 0 6 80
4570 0 6 75
2269 0 6 71
2983 0 6 67
3358 0 6 64
844 0 6 61
1681 0 6 56
5225 0 6 53
5433 0 6 50
1575 0 6 47
1711 0 6 44
4320 0 6 39
5389 0 6 35
4390 0 6 31
2280 0 6 28
3199 0 6 25
1622 0 6 21
1065 0 6 17
3652 0 6 13
2443 0 6 10
4057 0 6 7
3867 0 6 2
495 0 7 96
3162 0 7 90
2858 0 7 86
4880 0 7 82
3496 0 7 77
2375 0 7 74
822 0 7 70
4262 0 7 67
2085 0 7 64
5190 0 7 60
4215 0 7 57
5020 0 7 53
5292 0 7 50
685 0 7 47
907 0 7 44
2880 0 7 39
3922 0 7 35
1883 0 7 31
5432 0 7 27
752 0 7 24
4233 0 7 20
123 0 7 15
952 0 7 12
1177 0 7 8
30 0 7 6
4210 0 7 3
4803 0 8 95
3342 0 8 91
773 0 8 88
2854 0 8 83
440 0 8 79
5386 0 8 75
754 0 8 71
1749 0 8 67
3134 0 8 63
2798 0 8 59
3433 0 8 56
1328 0 8 53
29 0 8 50
5069 0 8 46
1118 0 8 44
2200 0 8 39
880 0 8 35
1618 0 8 31
3442 0 8 27
1368 0 8 23
5188 0 8 19
5171 0 8 16
732 0 8 11
129 0 8 7
2970 0 8 2
4690 0 9 95
608 0 9 91
4673 0 9 87
3191 0 9 84
3137 0 9 80
2735 0 9 75
126 0 9 71
1653 0 9 67
2384 0 9 63
605 0 9 59
2958 0 9 56
5414 0 9 52
1765 0 9 48
2654 0 9 43
483 0 9 39
442 0 9 35
1125 0 9 31
410 0 9 27
3795 0 9 22
2423 0 9 18
5149 0 9 15
5030 0 9 11
4846 0 9 6
2239 0 9 3
4554 0 10 95
2719 0 10 90
3766 0 10 85
1418 0 10 82
3265 0 10 77
2746 0 10 73
4605 0 10 68
4121 0 10 63
3009 0 10 58
4843 0 10 53
4533 0 10 49
1458 0 10 45
3599 0 10 40
4597 0 10 36
4879 0 10 32
2991 0 10 29
489 0 10 26
1388 0 10 22
2062 0 10 18
4576 0 10 15
1138 0 10 11
2146 0 10 6
4923 0 10 2
4396 0 11 95
549 0 11 90
266 0 11 85
678 0 11 81
1626 0 11 78
2521 0 11 75
5043 0 11 70
1696 0 11 67
4122 0 11 61
473 0 11 56
3661 0 11 52
302 0 11 48
1390 0 11 43
4069 0 11 38
445 0 11 34
2217 0 11 30
4700 0 11 25
1382 0 11 21
3815 0 11 16
5383 0 11 10
3679 0 11 7
1789 0 11 2
2636 0 12 95
5399 0 12 89
4462 0 12 85
3475 0 12 80
1272 0 12 75
4591 0 12 70
430 0 12 67
2321 0 12 61
4736 0 12 55
4344 0 12 52
4441 0 12 47
4283 0 12 43
3726 0 12 38
4727 0 12 33
2361 0 12 30
1313 0 12 25
1358 0 12 21
1625 0 12 16
4629 0 12 10
2450 0 12 7
689 0 12 2
2159 0 13 95
5293 0 13 89
3070 0 13 85
2243 0 13 80
4788 0 13 74
18 0 13 70
5144 0 13 66
3768 0 13 63
4408 0 13 57
3352 0 13 52
2479 0 13 47
2015 0 13 43
3519 0 13 38
4135 0 13 33
2601 0 13 28
2504 0 13 24
229 0 13 20
3364 0 13 14
3827 0 13 10
2188 0 13 6
4369 0 13 2
1123 0 14 95
3959 0 14 89
3853 0 14 84
1421 0 14 80
2604 0 14 74
5152 0 14 69
4695 0 14 65
2315 0 14 61
1665 0 14 55
2181 0 14 52
2 0 14 47
1448 0 14 43
5330 0 14 37
1977 0 14 33
4475 0 14 27
3458 0 14 22
795 0 14 18
1758 0 14 14
2012 0 14 10
4133 0 14 5
1372 0 14 2
3220 0 15 94
2725 0 15 91
2000 0 15 87
1467 0 15 84
4678 0 15 79
4090 0 15 75
3993 0 15 70
1925 0 15 66
2064 0 15 63
4141 0 15 57
2857 0 15 52
3506 0 15 46
984 0 15 43
3338 0 15 37
788 0 15 33
2247 0 15 27
2982 0 15 22
350 0 15 18
1607 0 15 13
2063 0 15 10
4071 0 15 5
528 0 15 2
2696 0 16 94
1615 0 16 91
1270 0 16 87
269 0 16 84
2974 0 16 79
2646 0 16 75
3195 0 16 70
821 0 16 66
5234 0 16 62
4368 0 16 57
2663 0 16 52
2557 0 16 46
4449 0 16 42
2386 0 16 40
4232 0 16 36
1528 0 16 32
1935 0 16 29
150 0 16 26
214 0 16 22
4710 0 16 17
5001 0 16 12
17 0 16 8
1523 0 16 5
1714 0 16 1
339 0 17 94
5187 0 17 90
127 0 17 85
607 0 17 80
835 0 17 74
4088 0 17 69
890 0 17 65
3798 0 17 60
4019 0 17 57
479 0 17 52
514 0 17 46
1986 0 17 42
3683 0 17 39
3408 0 17 34
503 0 17 29
5194 0 17 25
1316 0 17 21
905 0 17 16
2775 0 17 10
2643 0 17 5
413 0 17 1
4689 0 18 93
3456 0 18 90
6 0 18 85
4353 0 18 79
951 0 18 75
1994 0 18 70
117 0 18 66
3047 0 18 62
3899 0 18 57
5311 0 18 51
5415 0 18 48
684 0 18 43
3030 0 18 37
5286 0 18 32
1668 0 18 29
5154 0 18 25
4799 0 18 20
3168 0 18 14
2058 0 18 9
983 0 18 6
3484 0 18 2
4258 0 19 93
5151 0 19 89
3702 0 19 84
2934 0 19 79
5140 0 19 74
3986 0 19 69
737 0 19 65
1326 0 19 60
1402 0 19 57
4869 0 19 51
5096 0 19 48
462 0 19 42
3503 0 19 39
2961 0 19 34
3963 0 19 28
887 0 19 24
5384 0 19 19
3145 0 19 16
1033 0 19 10
1245 0 19 5
4000 2 1 93
4713 2 1 89
3551 2 1 84
941 2 1 79
4715 2 1 74
3910 2 1 69
87 2 1 65
5326 2 1 59
2078 2 1 56
3678 2 1 50
2452 2 1 46
4577 2 1 41
5123 2 1 37
4877 2 1 32
895 2 1 29
3613 2 1 25
4504 2 1 20
2296 2 1 14
270 2 1 9
291 2 1 6
3246 2 1 2
2259 2 2 93
3664 2 2 89
3154 2 2 84
3644 2 2 78
5068 2 2 74
2972 2 2 69
4797 2 2 64
4425 2 2 60
2834 2 2 56
2693 2 2 50
3407 2 2 45
3327 2 2 40
3038 2 2 36
1393 2 2 32
4761 2 2 28
114 2 2 24
4209 2 2 19
2891 2 2 16
1028 2 2 10
4932 2 2 4
1719 2 3 93
1743 2 3 89
2771 2 3 84
32 2 3 78
4931 2 3 74
1987 2 3 69
3745 2 3 64
4306 2 3 60
5054 2 3 55
1683 2 3 52
4345 2 3 45
1239 2 3 40
2815 2 3 36
2645 2 3 31
3459 2 3 26
3849 2 3 21
5185 2 3 15
4771 2 3 10
4808 2 3 4
5336 2 4 92
1875 2 4 88
1997 2 4 83
4117 2 4 78
2271 2 4 74
130 2 4 69
3143 2 4 64
369 2 4 60
3027 2 4 55
1369 2 4 51
3587 2 4 48
4439 2 4 41
2597 2 4 37
3654 2 4 32
4292 2 4 28
5107 2 4 23
4161 2 4 19
4284 2 4 15
4496 2 4 10
4515 2 4 4
3820 2 5 92
1818 2 5 88
916 2 5 83
3411 2 5 78
1631 2 5 74
3510 2 5 68
3771 2 5 63
2979 2 5 57
3779 2 5 51
456 2 5 48
4979 2 5 40
3933 2 5 35
587 2 5 31
1211 2 5 26
3592 2 5 21
4687 2 5 15
1847 2 5 10
2299 2 5 4
3477 2 6 92
925 2 6 88
789 2 6 83
5269 2 6 77
2123 2 6 73
3822 2 6 68
2345 2 6 63
2182 2 6 57
1478 2 6 51
429 2 6 48
4502 2 6 40
2963 2 6 35
4221 2 6 30
4053 2 6 24
4044 2 6 19
3192 2 6 15
717 2 6 10
1901 2 6 4
2322 2 7 92
710 2 7 88
577 2 7 83
3603 2 7 77
1322 2 7 73
382 2 7 68
2121 2 7 63
2056 2 7 57
589 2 7 51
5377 2 7 47
1066 2 7 43
2806 2 7 37
3336 2 7 32
841 2 7 28
2005 2 7 23
692 2 7 19
2002 2 7 15
5379 2 7 9
4173 2 7 5
2189 2 9 92
592 2 9 88
103 2 9 83
1471 2 9 77
422 2 9 73
73 2 9 68
2020 2 9 63
1733 2 9 57
563 2 9 51
5158 2 9 47
5120 2 9 42
3401 2 9 38
4078 2 9 33
1956 2 9 27
2641 2 9 22
4624 2 9 17
4314 2 9 12
3869 2 9 7
628 2 9 2
4996 2 10 91
1000 2 10 87
1661 2 10 83
1301 2 10 77
4862 2 10 72
4418 2 10 70
3136 2 10 65
5204 2 10 59
1320 2 10 55
173 2 10 51
4892 2 10 47
4031 2 10 42
5240 2 10 37
2170 2 10 32
3301 2 10 27
1691 2 10 22
4124 2 10 17
3490 2 10 12
3719 2 10 7
3935 2 10 1
2297 2 11 91
455 2 11 87
3739 2 11 82
3011 2 11 77
3063 2 11 72
5365 2 11 68
1780 2 11 63
5345 2 11 56
2472 2 11 50
264 2 11 45
1215 2 11 40
706 2 11 35
4201 2 11 30
603 2 11 24
1592 2 11 19
4521 2 11 14
19 2 11 9
4836 2 11 4
1331 2 12 91
3974 2 12 86
4237 2 12 82
1347 2 12 77
642 2 12 72
1470 2 12 68
1590 2 12 63
3572 2 12 56
1501 2 12 50
5255 2 12 44
360 2 12 39
1750 2 12 34
2353 2 12 28
1146 2 12 23
4172 2 12 18
875 2 12 13
567 2 12 10
3242 2 12 3
1282 2 13 91
2545 2 13 86
3961 2 13 82
2859 2 13 76
2599 2 13 72
2385 2 13 67
5055 2 13 60
2538 2 13 55
5451 2 13 50
4589 2 13 44
4442 2 13 38
3837 2 13 33
3707 2 13 26
2378 2 13 21
1756 2 13 15
4627 2 13 9
4366 2 13 4
5439 2 14 90
4660 2 14 84
3896 2 14 77
548 2 14 72
4188 2 14 66
926 2 14 62
2675 2 14 57
4381 2 14 50
4370 2 14 44
3948 2 14 38
3008 2 14 33
633 2 14 26
1985 2 14 21
1715 2 14 15
4260 2 14 9
419 2 14 4
5287 2 15 90
2487 2 15 83
4903 2 15 76
169 2 15 72
3844 2 15 66
5217 2 15 60
898 2 15 55
4781 2 15 50
2925 2 15 44
2721 2 15 38
2425 2 15 33
4275 2 15 25
3667 2 15 20
1271 2 15 14
5359 2 15 8
287 2 15 5
4413 2 16 90
1974 2 16 83
4652 2 16 76
3659 2 16 70
998 2 16 65
5104 2 16 59
723 2 16 55
2606 2 16 50
2623 2 16 44
4603 2 16 37
1827 2 16 32
1496 2 16 27
5395 2 16 21
154 2 16 15
3440 2 16 9
3428 2 16 2
3104 2 17 90
1680 2 17 83
4119 2 17 76
1085 2 17 70
4981 2 17 64
1384 2 17 59
1186 2 17 54
856 2 17 48
3886 2 17 40
340 2 17 35
3716 2 17 30
196 2 17 24
4905 2 17 18
3272 2 17 12
2792 2 17 7
3418 2 17 1
1595 2 18 90
4488 2 18 82
1154 2 18 76
4021 2 18 69
1234 2 18 64
412 2 18 59
4658 2 18 53
4531 2 18 48
3871 2 18 40
286 2 18 35
2607 2 18 30
3543 2 18 23
3672 2 18 18
1494 2 18 12
1356 2 18 7
2687 2 18 1
201 2 19 90
4048 2 19 82
619 2 19 76
3781 2 19 69
740 2 19 64
5250 2 19 58
4028 2 19 53
2686 2 19 48
3680 2 19 40
4482 2 19 34
1796 2 19 28
772 2 19 23
1416 2 19 18
3395 2 19 11
1637 2 19 6
1589 2 19 2
4813 3 1 89
2098 3 1 84
3381 3 1 77
428 3 1 72
3316 3 1 66
3430 3 1 60
408 3 1 55
1928 3 1 50
2362 3 1 44
1224 3 1 37
1374 3 1 32
1098 3 1 27
4511 3 1 21
3460 3 1 14
3602 3 1 8
5340 3 1 4
4768 3 2 89
5013 3 2 83
3439 3 2 76
2804 3 2 69
527 3 2 64
3605 3 2 58
1500 3 2 53
1736 3 2 48
3640 3 2 40
3067 3 2 34
1698 3 2 28
4683 3 2 22
3529 3 2 17
2811 3 2 12
830 3 2 7
930 3 2 1
220 3 3 89
3696 3 3 83
1219 3 3 76
1 3 3 69
3076 3 3 63
3419 3 3 56
143 3 3 50
612 3 3 44
1111 3 3 37
923 3 3 32
4365 3 3 26
2803 3 3 20
5307 3 3 13
60 3 3 10
2205 3 3 3
5037 3 4 88
76 3 4 83
1062 3 4 76
5276 3 4 68
4976 3 4 62
2292 3 4 57
4115 3 4 50
4307 3 4 43
2411 3 4 37
411 3 4 32
4147 3 4 26
2665 3 4 20
3992 3 4 13
3710 3 4 9
5028 3 4 1
4825 3 5 88
5427 3 5 82
568 3 5 76
4555 3 5 68
4928 3 5 62
1949 3 5 57
3576 3 5 50
4055 3 5 43
1979 3 5 37
4911 3 5 31
4450 3 5 25
3072 3 5 20
3616 3 5 13
3155 3 5 9
3487 3 5 1
3891 3 6 88
4211 3 6 82
1510 3 6 75
3997 3 6 69
1447 3 6 63
3122 3 6 56
63 3 6 50
2981 3 6 43
1247 3 6 37
4838 3 6 31
3914 3 6 25
2293 3 6 20
3228 3 6 13
3082 3 6 9
2343 3 6 1
1697 3 7 88
3489 3 7 82
1015 3 7 75
3918 3 7 69
4723 3 7 62
878 3 7 57
3043 3 7 50
2224 3 7 43
581 3 7 37
4680 3 7 31
1594 3 7 25
2073 3 7 20
5444 3 7 12
4978 3 7 6
5392 3 7 1
1210 3 9 88
1431 3 9 82
3607 3 9 74
927 3 9 68
3663 3 9 62
294 3 9 57
97 3 9 50
2162 3 9 43
2882 3 9 36
1411 3 9 31
2724 3 9 24
3560 3 9 18
4904 3 9 10
1868 3 9 3
993 3 10 88
2081 3 10 81
4925 3 10 77
4397 3 10 71
2743 3 10 66
2904 3 10 60
47 3 10 55
1837 3 10 50
1610 3 10 43
4891 3 10 35
1302 3 10 30
2890 3 10 23
686 3 10 18
4544 3 10 10
705 3 10 3
2549 3 11 87
5038 3 11 81
1804 3 11 77
2503 3 11 71
290 3 11 65
865 3 11 59
1110 3 11 53
1720 3 11 48
3026 3 11 40
2767 3 11 34
1549 3 11 28
3954 3 11 22
1930 3 11 17
744 3 11 12
3386 3 11 6
3267 3 11 1
3482 3 12 86
3415 3 12 82
3277 3 12 74
485 3 12 68
3148 3 12 62
3101 3 12 56
4183 3 12 49
1364 3 12 45
785 3 12 40
2732 3 12 34
565 3 12 28
2884 3 12 22
1530 3 12 17
2174 3 12 11
3033 3 12 5
2632 3 13 86
3046 3 13 82
2208 3 13 74
106 3 13 68
726 3 13 62
2655 3 13 56
3452 3 13 49
5353 3 13 44
4852 3 13 36
4490 3 13 30
2478 3 13 23
4961 3 13 17
2116 3 13 11
2282 3 13 5
1091 3 14 86
2238 3 14 82
1414 3 14 74
5325 3 14 67
3925 3 14 60
5198 3 14 54
232 3 14 48
2240 3 14 40
2358 3 14 34
450 3 14 28
2845 3 14 22
1238 3 14 17
1976 3 14 11
1963 3 14 5
945 3 15 86
2914 3 15 81
557 3 15 77
1806 3 15 71
100 3 15 65
3919 3 15 58
3767 3 15 52
3688 3 15 45
4023 3 15 39
1167 3 15 34
5179 3 15 27
4063 3 15 21
2199 3 15 14
2156 3 15 8
5398 3 15 3
3196 3 16 85
4184 3 16 79
3361 3 16 74
4893 3 16 67
2037 3 16 60
2627 3 16 54
170 3 16 48
1582 3 16 40
2145 3 16 34
4593 3 16 27
3193 3 16 21
2109 3 16 14
655 3 16 8
4943 3 16 3
1917 3 17 85
4182 3 17 79
2432 3 17 74
2061 3 17 67
1353 3 17 60
914 3 17 54
5051 3 17 47
1815 3 17 42
4644 3 17 37
4354 3 17 31
1744 3 17 24
3212 3 17 18
4186 3 17 10
4663 3 17 2
3915 3 18 82
438 3 18 74
1752 3 18 67
1038 3 18 60
504 3 18 54
4772 3 18 47
4498 3 18 41
2075 3 18 37
3335 3 18 31
532 3 18 24
2210 3 18 18
3532 3 18 10
2856 3 18 2
5453 3 19 81
338 3 19 77
1102 3 19 71
4549 3 19 64
2028 3 19 58
2766 3 19 52
3646 3 19 45
3089 3 19 39
67 3 19 34
2045 3 19 27
2684 3 19 21
1620 3 19 14
5425 3 19 7
417 3 19 1
3882 4 1 81
2659 4 1 76
3754 4 1 68
540 4 1 62
2354 4 1 56
3254 4 1 49
5098 4 1 44
3658 4 1 36
2706 4 1 30
1290 4 1 23
4810 4 1 17
1225 4 1 11
1702 4 1 5
4294 4 9 79
1881 4 9 74
1604 4 9 67
859 4 9 60
4192 4 9 53
572 4 9 48
520 4 9 40
1700 4 9 34
1153 4 9 27
809 4 9 21
4840 4 9 13
2683 4 9 9
390 4 9 1
3563 5 1 79
1107 5 1 74
1350 5 1 67
848 5 1 60
3390 5 1 53
3018 5 1 47
5410 5 1 40
4959 5 1 33
4272 5 1 25
1829 5 1 20
2144 5 1 12
3053 5 1 6
2915 5 1 1
2298 5 3 77
787 5 3 71
4008 5 3 64
64 5 3 58
1685 5 3 52
3608 5 3 45
1148 5 3 39
5174 5 3 33
3111 5 3 25
1419 5 3 20
1851 5 3 12
3892 5 3 5
4776 5 4 74
329 5 4 67
81 5 4 60
2707 5 4 53
1449 5 4 47
4870 5 4 40
4848 5 4 33
2608 5 4 25
4859 5 4 19
1404 5 4 14
5170 5 4 7
1059 5 4 1
2548 5 5 67
4947 5 5 59
280 5 5 53
1324 5 5 47
2406 5 5 40
4050 5 5 33
2260 5 5 25
3007 5 5 19
1397 5 5 14
4839 5 5 7
675 5 5 1
1853 5 6 49
4730 5 6 44
2755 5 6 36
1635 5 6 30
701 5 6 23
3952 5 6 17
256 5 6 11
5450 5 6 4
4583 5 7 47
4681 5 7 39
1576 5 7 33
2040 5 7 25
1158 5 7 19
694 5 7 14
3786 5 7 7
346 5 7 1
2621 5 9 97
252 5 9 94
2869 5 9 90
2284 5 9 82
168 5 9 74
4674 5 9 66
1813 5 9 60
2568 5 9 53
1044 5 9 47
4611 5 9 39
5348 5 9 32
3860 5 9 26
1734 5 9 20
1275 5 9 12
2603 5 9 5
580 5 11 96
1093 5 11 90
672 5 11 82
3056 5 11 73
3438 5 11 67
3311 5 11 59
3115 5 11 52
3194 5 11 45
142 5 11 39
3521 5 11 32
3273 5 11 26
1666 5 11 20
1061 5 11 12
1783 5 11 5
3362 5 12 95
3480 5 12 89
2177 5 12 83
3109 5 12 75
3641 5 12 69
2764 5 12 62
2826 5 12 55
505 5 12 50
760 5 12 43
4744 5 12 35
208 5 12 30
5309 5 12 22
5064 5 12 16
447 5 12 10
1984 5 12 2
552 5 13 95
1479 5 13 89
1017 5 13 83
2516 5 13 75
3627 5 13 69
2697 5 13 62
1833 5 13 55
402 5 13 50
310 5 13 43
4112 5 13 35
4458 5 13 29
2350 5 13 25
1684 5 13 18
2566 5 13 10
5093 5 13 1
4972 5 14 94
1754 5 14 89
5035 5 14 82
2708 5 14 73
2415 5 14 67
3249 5 14 59
2520 5 14 52
2124 5 14 45
5294 5 14 38
843 5 14 33
1855 5 14 25
1333 5 14 18
1844 5 14 10
2595 5 14 1
4479 5 16 94
1442 5 16 89
4454 5 16 82
2470 5 16 73
1921 5 16 67
2889 5 16 59
1454 5 16 52
919 5 16 45
3523 5 16 38
824 5 16 33
661 5 16 25
4621 5 16 17
4703 5 16 10
1617 5 16 1
4467 5 18 94
1259 5 18 89
4409 5 18 82
1389 5 18 73
1319 5 18 67
1967 5 18 59
153 5 18 52
4 5 18 45
1487 5 18 38
4389 5 18 32
2311 5 18 26
1596 5 18 20
929 5 18 12
4065 5 18 4
3369 5 19 94
326 5 19 89
3945 5 19 82
5299 5 19 72
3206 5 19 66
1396 5 19 60
1468 5 19 53
4218 5 19 46
4220 5 19 41
2885 5 19 36
870 5 19 30
5003 5 19 22
4720 5 19 16
152 5 19 10
1491 5 19 1
3086 6 1 94
5249 6 1 88
1766 6 1 81
2441 6 1 76
2637 6 1 68
3960 6 1 61
1004 6 1 55
5233 6 1 49
4505 6 1 44
5381 6 1 35
2929 6 1 29
4348 6 1 24
3980 6 1 17
3060 6 1 10
1253 6 1 1
1891 6 3 94
2147 6 3 88
924 6 3 81
5376 6 3 75
3100 6 3 69
1484 6 3 62
5241 6 3 54
2980 6 3 47
4169 6 3 39
2941 6 3 32
1401 6 3 26
2495 6 3 19
4922 6 3 13
1337 6 3 9
158 6 3 1
52 6 4 94
319 6 4 88
4724 6 4 80
5205 6 4 73
222 6 4 67
4849 6 4 58
1603 6 4 52
4775 6 4 44
4514 6 4 35
1407 6 4 29
803 6 4 24
3107 6 4 16
4890 6 4 9
3907 6 4 3
3809 6 5 93
1335 6 5 89
2328 6 5 82
4760 6 5 72
3020 6 5 66
1286 6 5 59
3676 6 5 51
3189 6 5 47
3421 6 5 39
2120 6 5 32
825 6 5 26
4513 6 5 18
401 6 5 10
209 6 5 1
3545 6 6 93
260 6 6 89
1340 6 6 82
3326 6 6 72
1433 6 6 66
4901 6 6 58
4661 6 6 51
508 6 6 47
2769 6 6 39
3404 6 6 31
5162 6 6 23
3835 6 6 17
1206 6 6 10
3643 6 6 3
3005 6 7 93
5431 6 7 88
4102 6 7 80
4276 6 7 73
5259 6 7 66
3586 6 7 58
3631 6 7 51
2193 6 7 46
3852 6 7 41
1709 6 7 36
234 6 7 30
4793 6 7 22
2847 6 7 16
1857 6 7 9
2718 6 7 3
1199 6 9 93
5082 6 9 88
3384 6 9 80
3838 6 9 73
3424 6 9 66
2770 6 9 58
3319 6 9 51
4526 6 9 45
78 6 9 38
2483 6 9 32
3498 6 9 25
2489 6 9 17
238 6 9 10
2571 6 9 3
4268 6 11 92
4362 6 11 87
3431 6 11 81
4964 6 11 75
2752 6 11 69
5126 6 11 61
3110 6 11 54
1701 6 11 47
2167 6 11 39
245 6 11 31
2377 6 11 23
1768 6 11 17
5066 6 11 9
2523 6 11 3
3329 6 12 92
3802 6 12 87
4126 6 12 80
3748 6 12 73
2388 6 12 66
2290 6 12 58
1099 6 12 51
4428 6 12 45
2860 6 12 37
2435 6 12 31
1310 6 12 23
1672 6 12 17
3595 6 12 9
2294 6 12 3
3016 6 13 92
3619 6 13 87
3931 6 13 80
2817 6 13 73
1645 6 13 66
2114 6 13 58
748 6 13 51
2936 6 13 45
2424 6 13 37
2014 6 13 31
188 6 13 23
1294 6 13 17
2814 6 13 9
3389 6 13 2
2985 6 14 92
5352 6 14 86
1502 6 14 81
4844 6 14 75
2633 6 14 69
4722 6 14 61
2267 6 14 54
1699 6 14 47
1571 6 14 39
62 6 14 31
1880 6 14 22
2462 6 14 16
3502 6 14 8
5317 6 14 1
1060 6 16 92
3908 6 16 86
2195 6 16 80
763 6 16 73
5207 6 16 65
3588 6 16 58
667 6 16 51
1946 6 16 45
1874 6 16 37
5045 6 16 30
2173 6 16 22
2140 6 16 16
3198 6 16 8
4512 6 16 1
26 7 9 92
2748 7 9 86
5397 7 9 79
1029 7 9 74
3405 7 9 66
4373 7 9 57
3422 7 9 49
3932 7 9 44
2574 7 9 35
4562 7 9 28
2279 7 9 22
1570 7 9 16
911 7 9 8
3817 7 9 1
4337 7 11 91
4254 7 11 85
3859 7 11 79
946 7 11 74
3021 7 11 66
1330 7 11 57
3341 7 11 49
2180 7 11 44
1907 7 11 35
4016 7 11 28
2251 7 11 22
5008 7 11 15
2867 7 11 9
2897 7 11 1
4336 7 16 91
4046 7 16 85
3112 7 16 79
2283 7 16 73
4815 7 16 65
3409 7 16 58
627 7 16 51
253 7 16 45
1669 7 16 37
2667 7 16 30
894 7 16 22
4684 7 16 15
2787 7 16 9
2392 7 16 1
3141 7 17 91
2312 7 17 85
2704 7 17 79
1628 7 17 73
3962 7 17 65
2054 7 17 58
3353 7 17 50
5024 7 17 42
3330 7 17 37
2264 7 17 30
4401 7 17 21
3142 7 17 13
784 7 17 9
2263 7 17 1
2782 7 18 91
4068 7 18 84
3003 7 18 77
2964 7 18 70
4175 7 18 64
3812 7 18 57
2559 7 18 49
4924 7 18 43
4037 7 18 35
1919 7 18 28
626 7 18 22
4238 7 18 15
1202 7 18 9
2186 7 18 1
2237 7 19 91
4060 7 19 84
2169 7 19 77
2102 7 19 70
3923 7 19 64
3398 7 19 57
1120 7 19 49
120 7 19 43
3807 7 19 35
1321 7 19 28
5014 7 19 21
4659 7 19 12
3181 7 19 4
2048 8 1 91
647 8 1 84
1488 8 1 77
324 8 1 70
1217 8 1 64
3099 8 1 57
903 8 1 49
5117 8 1 42
1869 8 1 37
1947 8 1 30
2245 8 1 21
4311 8 1 11
4517 8 1 4
1989 8 3 91
4786 8 3 83
1461 8 3 75
2277 8 3 69
3481 8 3 61
2060 8 3 54
4828 8 3 46
3533 8 3 41
2586 8 3 35
1089 8 3 28
3096 8 3 21
1572 8 3 11
2690 8 3 4
4142 8 5 90
277 8 5 82
2072 8 5 72
1187 8 5 66
656 8 5 57
5268 8 5 48
2923 8 5 39
4567 8 5 30
1871 8 5 21
1499 8 5 11
1355 8 5 4
3847 8 7 90
210 8 7 82
1550 8 7 72
970 8 7 66
4457 8 7 56
1242 8 7 49
4299 8 7 42
1268 8 7 37
4889 8 7 29
596 8 7 24
501 8 7 16
3217 8 7 7
2008 8 9 90
5072 8 9 81
4179 8 9 75
1648 8 9 69
3132 8 9 61
842 8 9 54
3634 8 9 46
2594 8 9 41
968 8 9 35
4061 8 9 27
2950 8 9 20
662 8 9 12
2717 8 9 4
4677 8 11 89
1026 8 11 82
624 8 11 72
4379 8 11 65
965 8 11 58
1905 8 11 50
3363 8 11 42
3290 8 11 36
5354 8 11 29
281 8 11 24
5075 8 11 15
1095 8 11 9
900 8 11 1
3074 8 13 89
700 8 13 82
2219 8 13 71
3000 8 13 64
2348 8 13 57
4639 8 13 48
2365 8 13 39
680 8 13 30
1197 8 13 21
409 8 13 11
3455 8 13 3
2642 8 14 89
347 8 14 82
2113 8 14 71
2894 8 14 64
5153 8 14 56
541 8 14 49
4274 8 14 42
4948 8 14 35
2896 8 14 27
2695 8 14 20
2468 8 14 11
3167 8 14 3
2405 8 16 89
138 8 16 82
2104 8 16 71
727 8 16 64
4982 8 16 56
4200 8 16 48
2151 8 16 39
515 8 16 30
4900 8 16 20
1959 8 16 11
982 8 16 3
2218 8 17 89
5227 8 17 81
3662 8 17 75
494 8 17 69
2813 8 17 61
5018 8 17 53
2864 8 17 46
4749 8 17 40
2784 8 17 33
3765 8 17 24
3819 8 17 15
5361 8 17 8
750 8 17 1
371 8 18 89
4191 8 18 81
2848 8 18 75
5419 8 18 68
3691 8 18 61
3984 8 18 53
2774 8 18 46
3618 8 18 40
282 8 18 33
1900 8 18 24
3400 8 18 15
3947 8 18 8
363 8 18 1
5388 8 19 88
2930 8 19 80
4617 8 19 72
3601 8 19 65
553 8 19 58
1190 8 19 50
1838 8 19 42
3023 8 19 35
2473 8 19 27
2532 8 19 20
1427 8 19 11
50 8 19 3
5141 9 1 88
2429 9 1 80
3092 9 1 72
3423 9 1 65
5254 9 1 57
1655 9 1 48
1849 9 1 39
4444 9 1 29
139 9 1 24
2455 9 1 15
2823 9 1 8
352 9 1 1
3655 9 3 88
1269 9 3 80
2130 9 3 72
1652 9 3 65
4453 9 3 57
458 9 3 48
452 9 3 39
3780 9 3 29
5099 9 3 23
308 9 3 17
2679 9 3 9
3059 9 5 88
307 9 5 80
1537 9 5 72
1054 9 5 65
4357 9 5 57
4694 9 5 47
614 9 5 39
3275 9 5 29
4985 9 5 23
5252 9 5 16
2076 9 5 7
1859 9 9 88
2910 9 9 79
1289 9 9 73
1255 9 9 65
3471 9 9 57
4174 9 9 47
5090 9 9 38
4830 9 9 31
1189 9 9 22
3443 9 9 15
2702 9 9 8
2567 10 1 87
1257 10 1 80
4866 10 1 71
3457 10 1 63
2437 10 1 56
3367 10 1 48
48 10 1 39
2074 10 1 29
4566 10 1 23
2461 10 1 16
799 10 1 7
3660 10 3 86
4682 10 3 79
55 10 3 73
1191 10 3 65
5418 10 3 56
3359 10 3 48
5374 10 3 38
1273 10 3 31
1518 10 3 21
278 10 3 11
5243 10 3 2
1774 10 5 86
4241 10 5 79
4327 10 5 72
2134 10 5 64
4939 10 5 56
2957 10 5 48
4882 10 5 38
5329 10 5 30
4606 10 5 20
641 10 5 11
3687 10 5 2
3356 10 6 85
2612 10 6 79
4234 10 6 72
954 10 6 64
4785 10 6 56
2155 10 6 48
4159 10 6 38
5315 10 6 30
2485 10 6 20
250 10 6 11
2535 10 6 2
1446 10 7 85
1692 10 7 79
3557 10 7 72
4163 10 7 63
2034 10 7 56
5235 10 7 47
2614 10 7 38
4820 10 7 30
1149 10 7 20
4325 10 7 10
4767 10 9 84
1464 10 9 77
2094 10 9 69
1662 10 9 61
3839 10 9 53
578 10 9 46
2176 10 9 40
4963 10 9 32
3304 10 9 25
2379 10 9 17
2326 10 9 9
3138 10 11 84
3370 10 11 76
1039 10 11 68
4578 10 11 60
1183 10 11 53
3746 10 11 45
1490 10 11 37
4756 10 11 29
4110 10 11 23
2043 10 11 16
345 10 11 7
2789 10 12 83
1420 10 12 75
4561 10 12 68
1988 10 12 60
5447 10 12 52
4340 10 12 44
805 10 12 35
831 10 12 27
459 10 12 20
3375 10 12 10
2610 10 13 83
166 10 13 75
3770 10 13 68
1686 10 13 60
5400 10 13 52
1381 10 13 44
4945 10 13 34
4446 10 13 26
4492 10 13 18
3210 10 13 9
3320 10 14 82
5052 10 14 70
1074 10 14 64
3114 10 14 56
259 10 14 47
2270 10 14 38
3102 10 14 30
92 10 14 20
840 10 14 10
434 10 15 82
3539 10 15 70
2231 10 15 63
5411 10 15 55
4759 10 15 49
645 10 15 42
1721 10 15 35
53 10 15 27
4520 10 15 19
4530 10 15 13
57 10 15 9
4814 10 16 81
1480 10 16 75
2016 10 16 68
953 10 16 60
5349 10 16 52
5318 10 16 43
2965 10 16 35
2762 10 16 26
4422 10 16 18
2908 10 16 9
2234 10 17 81
944 10 17 75
1304 10 17 68
361 10 17 60
4438 10 17 52
5131 10 17 43
2137 10 17 35
4999 10 17 25
2194 10 17 17
1642 10 17 9
4865 10 18 80
4376 10 18 71
2467 10 18 63
5157 10 18 55
2318 10 18 49
2543 10 18 41
3818 10 18 34
1860 10 18 26
4018 10 18 18
2474 10 18 9
3625 10 19 80
3804 10 19 71
1809 10 19 63
2419 10 19 55
1706 10 19 49
4114 10 19 40
3128 10 19 32
2801 10 19 25
1563 10 19 17
766 10 19 9
2605 11 1 80
3017 11 1 71
1180 11 1 63
2036 11 1 55
4971 11 1 48
3577 11 1 38
3041 11 1 30
3514 11 1 18
1629 11 1 9
3427 11 3 79
3238 11 3 72
3805 11 3 63
1842 11 3 55
3916 11 3 48
3012 11 3 38
2448 11 3 30
1018 11 3 18
2106 11 3 8
630 11 5 79
3221 11 5 72
1657 11 5 63
1808 11 5 55
2526 11 5 48
1950 11 5 38
2370 11 5 30
850 11 5 18
4266 11 5 7
621 11 6 79
2650 11 6 72
4851 11 6 62
4833 11 6 54
3256 11 6 46
1121 11 6 40
2749 11 6 32
2738 11 6 25
1546 11 6 17
551 11 6 9
1676 11 7 77
1580 11 7 69
248 11 7 61
3348 11 7 53
2973 11 7 45
323 11 7 37
4704 11 7 29
3806 11 7 23
988 11 7 16
198 11 7 7
1638 11 9 76
597 11 9 67
4083 11 9 58
1071 11 9 50
977 11 9 42
2248 11 9 34
3596 11 9 25
4235 11 9 16
3950 11 9 6
2674 11 11 72
4378 11 11 62
2413 11 11 54
3243 11 11 46
5143 11 11 39
3937 11 11 28
3029 11 11 21
4180 11 11 10
5449 11 12 68
2577 11 12 59
2402 11 12 51
3653 11 12 44
1327 11 12 34
1899 11 12 25
3794 11 12 16
2204 11 12 6
2310 11 13 96
5421 11 13 89
3179 11 13 81
279 11 13 75
1300 11 13 68
1482 11 13 59
357 11 13 51
2175 11 13 44
3333 11 13 33
1836 11 13 24
1343 11 13 15
2221 11 13 8
3081 11 14 95
4656 11 14 88
1965 11 14 79
1654 11 14 72
3704 11 14 62
1016 11 14 54
1307 11 14 46
4665 11 14 39
3930 11 14 28
1539 11 14 21
3399 11 14 10
2418 11 15 95
3709 11 15 88
427 11 15 79
1423 11 15 72
2302 11 15 62
5264 11 15 53
2184 11 15 45
3994 11 15 36
4545 11 15 29
1547 11 15 23
4607 11 15 15
2052 11 15 8
1281 11 16 95
2481 11 16 88
1485 11 16 78
296 11 16 74
915 11 16 66
2866 11 16 56
175 11 16 47
2133 11 16 38
986 11 16 30
14 11 16 18
4189 11 16 7
4625 11 17 94
4131 11 17 87
3126 11 17 79
448 11 17 72
2029 11 17 62
4586 11 17 53
1295 11 17 45
3673 11 17 36
3920 11 17 29
425 11 17 23
4565 11 17 15
1929 11 17 8
4322 11 18 94
3957 11 18 87
2511 11 18 79
199 11 18 72
3127 11 18 61
1371 11 18 53
298 11 18 45
3278 11 18 36
3261 11 18 29
396 11 18 23
4197 11 18 15
1727 11 18 8
4195 11 19 94
2628 11 19 87
1667 11 19 79
5237 11 19 71
367 11 19 63
1639 11 19 55
1863 11 19 48
61 11 19 38
757 11 19 30
5150 11 19 17
2216 11 19 8
3040 12 1 94
1135 12 1 87
1474 12 1 79
4623 12 1 71
5401 12 1 62
4216 12 1 53
5430 12 1 44
2003 12 1 33
40 12 1 24
472 12 1 15
810 12 1 8
599 12 3 94
679 12 3 87
5182 12 3 78
1164 12 3 73
5212 12 3 64
2453 12 3 56
2201 12 3 46
3851 12 3 39
5435 12 3 27
4168 12 3 19
2638 12 3 13
4819 12 3 8
3268 12 9 93
5031 12 9 88
1105 12 9 78
1128 12 9 73
4556 12 9 64
2041 12 9 56
990 12 9 46
3140 12 9 39
5136 12 9 27
1972 12 9 19
1627 12 9 13
2553 12 9 8
2793 12 11 93
4472 12 11 88
812 12 11 78
828 12 11 73
4406 12 11 64
664 12 11 56
949 12 11 46
2092 12 11 39
3741 12 11 27
4140 12 11 18
3677 12 11 7
2291 13 1 93
3864 13 1 88
4473 13 1 77
570 13 1 69
5114 13 1 60
2158 13 1 52
4826 13 1 43
1737 13 1 35
4668 13 1 25
3554 13 1 16
1879 13 1 6
1660 13 3 93
1386 13 3 88
3813 13 3 77
414 13 3 69
3829 13 3 60
183 13 3 52
3184 13 3 43
1718 13 3 35
4346 13 3 25
132 13 3 16
1771 13 3 6
1172 13 4 93
1037 13 4 88
3312 13 4 77
4249 13 4 68
394 13 4 59
3912 13 4 50
4087 13 4 41
3693 13 4 34
1057 13 4 25
2714 13 4 15
792 13 4 8
3863 13 5 92
2673 13 5 86
2068 13 5 79
1425 13 5 71
5147 13 5 62
3425 13 5 53
4223 13 5 44
1708 13 5 33
4990 13 5 23
2533 13 5 15
5044 13 5 7
2529 13 6 92
2257 13 6 86
1391 13 6 79
1283 13 6 71
4447 13 6 62
3308 13 6 53
3247 13 6 44
4717 13 6 32
1360 13 6 25
806 13 6 15
4899 13 6 7
1557 13 7 92
1422 13 7 86
3843 13 7 78
5261 13 7 72
1812 13 7 61
1171 13 7 53
1822 13 7 44
4038 13 7 32
2939 13 7 24
34 13 7 15
4628 13 7 7
285 13 9 92
1581 13 9 85
5338 13 9 78
4691 13 9 72
636 13 9 61
1133 13 9 53
1819 13 9 44
3890 13 9 32
1896 13 9 24
5291 13 9 14
921 13 9 7
223 13 11 92
1344 13 11 85
4461 13 11 78
1990 13 11 72
167 13 11 61
470 13 11 53
594 13 11 44
2055 13 11 32
1115 13 11 24
3402 13 11 13
2512 13 11 8
303 13 13 91
3977 13 13 83
4650 13 13 74
622 13 13 66
790 13 13 56
818 13 13 46
1516 13 13 39
2699 13 13 27
3149 13 13 18
2937 13 13 7
4380 13 14 90
2921 13 14 81
1920 13 14 74
160 13 14 66
4951 13 14 55
964 13 14 48
3612 13 14 37
3232 13 14 29
16 13 14 23
2515 13 14 15
4177 13 14 7
4372 13 15 90
1287 13 15 81
1486 13 15 74
5358 13 15 65
3485 13 15 56
237 13 15 46
1511 13 15 39
2363 13 15 27
2457 13 15 18
2333 13 15 7
3632 13 16 90
254 13 16 81
562 13 16 74
2987 13 16 65
743 13 16 56
3371 13 16 45
2119 13 16 36
611 13 16 29
5322 13 16 22
3091 13 16 15
2795 13 16 7
3332 13 17 90
4468 13 17 80
5228 13 17 70
1489 13 17 63
1119 13 17 55
311 13 17 48
2393 13 17 37
2832 13 17 29
4994 13 17 22
2198 13 17 15
3465 13 17 6
1848 13 18 90
3858 13 18 80
4032 13 18 70
741 13 18 63
1477 13 18 54
1088 13 18 46
5142 13 18 38
468 13 18 30
4977 13 18 16
1233 13 18 6
4699 13 19 89
3133 13 19 81
5196 13 19 73
4007 13 19 64
4429 13 19 55
4909 13 19 47
1532 13 19 38
5452 13 19 29
4871 13 19 22
666 13 19 15
1724 13 19 6
4557 14 1 89
1352 14 1 81
4728 14 1 73
2713 14 1 64
1753 14 1 55
2816 14 1 47
2244 14 1 37
2670 14 1 29
1134 14 1 22
5368 14 1 14
5049 14 1 6
5189 14 3 88
2319 14 3 77
3903 14 3 67
4742 14 3 57
1932 14 3 47
146 14 3 37
2510 14 3 29
4632 14 3 21
2945 14 3 10
5047 14 4 88
2165 14 4 77
3470 14 4 67
4666 14 4 57
985 14 4 47
4347 14 4 36
5320 14 4 28
1109 14 4 21
289 14 4 10
4503 14 5 88
1673 14 5 77
2640 14 5 67
2422 14 5 57
506 14 5 47
3666 14 5 36
4962 14 5 28
4265 14 5 20
776 14 5 10
4011 14 6 88
348 14 6 77
2591 14 6 67
4414 14 6 56
2589 14 6 45
466 14 6 36
4615 14 6 28
2249 14 6 20
4868 14 6 9
2112 14 7 88
4538 14 7 76
3288 14 7 66
3486 14 7 55
1978 14 7 47
3233 14 7 36
2726 14 7 28
1284 14 7 20
4399 14 7 9
5300 14 9 87
4259 14 9 78
1565 14 9 72
2580 14 9 60
3999 14 9 51
27 14 9 44
5253 14 9 31
873 14 9 21
4166 14 9 9
149 14 11 87
93 14 11 78
590 14 11 72
1795 14 11 60
1777 14 11 51
4958 14 11 43
3323 14 11 34
933 14 11 25
309 14 11 15
718 14 11 6
1601 14 13 86
2528 14 13 78
368 14 13 72
1567 14 13 60
1380 14 13 51
4845 14 13 43
4374 14 13 33
3511 14 13 23
791 14 13 15
480 14 13 6
49 14 14 86
2069 14 14 78
5335 14 14 71
4229 14 14 62
1173 14 14 53
4108 14 14 43
3513 14 14 33
1759 14 14 23
192 14 14 15
5323 14 14 5
4152 14 15 85
3472 14 15 78
4855 14 15 71
1034 14 15 62
112 14 15 53
2161 14 15 43
3318 14 15 33
1591 14 15 23
3753 14 15 14
4712 14 15 6
3623 14 16 85
994 14 16 78
3833 14 16 71
111 14 16 62
5314 14 16 52
3169 14 16 43
1339 14 16 33
20 14 16 23
2948 14 16 14
4217 14 16 6
2842 14 17 85
5172 14 17 77
486 14 17 67
2942 14 17 56
962 14 17 45
381 14 17 36
1351 14 17 28
359 14 17 20
207 14 17 9
4653 14 18 83
3226 14 18 74
2676 14 18 65
5214 14 18 55
1690 14 18 47
957 14 18 36
33 14 18 28
4375 14 18 19
3736 14 18 12
536 14 18 4
3305 14 19 83
2648 14 19 74
2038 14 19 65
3668 14 19 54
1073 14 19 46
4501 14 19 38
4426 14 19 29
3090 14 19 21
3830 14 19 9
2967 15 1 83
2496 15 1 74
778 15 1 65
3166 15 1 54
765 15 1 46
1910 15 1 38
4047 15 1 29
546 15 1 21
1895 15 1 9
2493 16 1 83
2366 16 1 74
5402 16 1 64
1679 16 1 55
1515 16 1 47
940 16 1 36
4735 16 1 27
2142 16 1 18
1608 16 1 7
2480 16 2 83
1886 16 2 74
2893 16 2 64
343 16 2 55
66 16 2 47
4812 16 2 35
4243 16 2 25
5324 16 2 14
1220 16 2 6
4564 16 3 82
2506 16 3 70
697 16 3 63
1249 16 3 54
4035 16 3 45
5277 16 3 35
4033 16 3 25
2781 16 3 14
657 16 3 6
2550 16 4 82
836 16 4 69
3346 16 4 60
715 16 4 51
4777 16 4 43
5097 16 4 32
4946 16 4 23
2615 16 4 14
461 16 4 6
1493 16 5 82
5362 16 5 68
4280 16 5 58
942 16 5 50
4074 16 5 41
3609 16 5 34
4338 16 5 24
3057 16 5 13
2222 16 5 8
4818 16 6 81
4705 16 6 73
2331 16 6 64
341 16 6 55
2531 16 6 46
1878 16 6 38
2305 16 6 29
5132 16 6 20
2242 16 6 8
3219 16 7 81
3883 16 7 73
1101 16 7 64
157 16 7 55
1981 16 7 46
1512 16 7 38
2272 16 7 29
4207 16 7 20
780 16 7 8
2101 16 8 81
3755 16 8 73
5434 16 8 63
5246 16 8 53
2011 16 8 43
4398 16 8 32
4224 16 8 23
2149 16 8 14
4630 16 8 5
5372 16 9 78
3150 16 9 71
4980 16 9 61
3538 16 9 52
2940 16 9 43
2635 16 9 32
4137 16 9 23
5378 16 9 13
1841 16 9 8
5048 16 10 78
1569 16 10 71
3071 16 10 61
3525 16 10 52
1742 16 10 43
2410 16 10 32
3282 16 10 23
5110 16 10 13
5413 16 10 7
3260 16 11 77
5164 16 11 65
2262 16 11 54
4022 16 11 45
5115 16 11 35
2213 16 11 25
1309 16 11 14
3574 16 11 5
4523 16 12 76
2691 16 12 66
3297 16 12 55
1762 16 12 46
407 16 12 38
1593 16 12 29
573 16 12 20
3800 16 12 7
554 16 13 76
2552 16 13 66
5078 16 13 54
2587 16 13 45
5027 16 13 35
2083 16 13 25
1285 16 13 14
1922 16 13 5
3571 16 14 73
1799 16 14 63
5209 16 14 53
677 16 14 43
1926 16 14 32
2179 16 14 23
4250 16 14 13
4643 16 14 7
3175 16 15 73
1185 16 15 63
5197 16 15 53
221 16 15 43
742 16 15 32
2086 16 15 23
2401 16 15 13
2508 16 15 7
2546 16 16 68
3900 16 16 58
4732 16 16 49
5351 16 16 39
2274 16 16 27
5371 16 16 17
4579 16 16 7
2872 16 17 67
1170 16 17 55
1141 16 17 46
3173 16 17 37
1852 16 17 29
395 16 17 20
3665 16 17 7
4795 16 18 94
529 16 18 87
4949 16 18 77
4718 16 18 65
1188 16 18 54
2166 16 18 45
3357 16 18 35
1383 16 18 25
2871 16 18 13
646 16 18 7
586 16 19 94
366 16 19 87
3488 16 19 77
4026 16 19 65
4708 16 19 53
147 16 19 43
3324 16 19 31
5053 16 19 20
4558 16 19 6
439 17 1 94
86 17 1 87
2394 17 1 77
3874 17 1 65
4185 17 1 53
3365 17 1 42
1966 17 1 34
3943 17 1 24
1558 17 1 13
5344 17 1 6
2551 17 2 93
1179 17 2 87
4356 17 2 76
1370 17 2 66
5017 17 2 54
1975 17 2 45
3682 17 2 34
3157 17 2 24
365 17 2 13
5298 17 2 6
4204 17 3 92
174 17 3 85
4469 17 3 77
1013 17 3 65
2110 17 3 53
2881 17 3 42
1787 17 3 34
2396 17 3 24
3615 17 3 12
4600 17 3 3
5155 17 4 91
1609 17 4 83
1303 17 4 74
2772 17 4 64
4092 17 4 54
1538 17 4 45
2622 17 4 34
397 17 4 24
3406 17 4 12
3990 17 4 3
4960 17 5 91
332 17 5 83
454 17 5 74
2202 17 5 64
2554 17 5 54
5222 17 5 44
5119 17 5 31
4822 17 5 20
4093 17 5 6
3783 17 6 91
5373 17 6 82
4894 17 6 68
3814 17 6 58
3695 17 6 49
2947 17 6 39
1195 17 6 27
4563 17 6 17
2206 17 6 7
2971 17 7 91
4471 17 7 82
539 17 7 68
1451 17 7 58
2230 17 7 49
1613 17 7 39
3296 17 7 26
1730 17 7 18
5000 17 7 6
874 17 8 91
4304 17 8 82
4208 17 8 67
2951 17 8 52
187 17 8 43
2681 17 8 31
4805 17 8 20
1481 17 8 6
4790 17 9 90
2740 17 9 80
3879 17 9 70
3836 17 9 62
3917 17 9 52
4245 17 9 42
356 17 9 34
4525 17 9 23
463 17 9 13
4824 17 9 6
2558 17 10 90
2486 17 10 80
1325 17 10 70
2611 17 10 62
3468 17 10 52
3473 17 10 42
3973 17 10 33
4303 17 10 22
5229 17 10 14
1345 17 10 5
1888 17 11 90
212 17 11 80
819 17 11 70
1361 17 11 62
4679 17 11 51
4714 17 11 43
1398 17 11 31
4743 17 11 20
1472 17 11 6
432 17 12 90
3929 17 12 79
5332 17 12 70
1346 17 12 62
4640 17 12 51
4261 17 12 43
600 17 12 31
3866 17 12 19
3010 17 12 12
3174 17 12 2
315 17 13 90
3151 17 13 79
1440 17 13 70
261 17 13 62
3887 17 13 51
1982 17 13 43
4860 17 13 30
4066 17 13 16
1228 17 13 6
2309 17 14 89
1296 17 14 81
3633 17 14 73
896 17 14 63
3156 17 14 53
1288 17 14 42
2997 17 14 33
1953 17 14 22
852 17 14 14
3441 17 14 4
333 17 15 89
342 17 15 81
3542 17 15 73
797 17 15 63
1104 17 15 53
1160 17 15 42
2831 17 15 33
643 17 15 22
244 17 15 14
4698 17 15 3
4766 17 16 88
4330 17 16 75
140 17 16 67
5073 17 16 51
1329 17 16 43
3350 17 16 30
3690 17 16 16
4929 17 16 5
4205 17 17 88
2978 17 17 75
5181 17 17 66
4784 17 17 54
2414 17 17 44
2330 17 17 31
3750 17 17 19
1375 17 17 12
274 17 17 2
3566 17 18 88
2093 17 18 75
5088 17 18 66
4476 17 18 54
3558 17 18 43
2666 17 18 30
3434 17 18 15
4729 17 18 5
2342 17 19 88
1640 17 19 75
3949 17 19 66
4431 17 19 54
1746 17 19 43
4255 17 19 29
2916 17 19 19
1014 17 19 12
5279 17 19 1
2209 19 0 88
3461 19 0 74
1276 19 0 64
1694 19 0 54
3426 19 0 42
4853 19 0 32
1519 19 0 23
5369 19 0 12
4864 19 0 1
376 19 1 88
3284 19 1 74
155 19 1 64
996 19 1 54
2938 19 1 42
4096 19 1 32
235 19 1 23
4167 19 1 12
4835 19 1 1
72 19 2 88
4878 19 2 73
538 19 2 63
255 19 2 53
920 19 2 42
3775 19 2 32
5202 19 2 22
5021 19 2 13
4300 19 2 6
5416 19 3 87
3106 19 3 76
1145 19 3 66
2990 19 3 54
2888 19 3 42
3339 19 3 32
4269 19 3 22
4676 19 3 13
3689 19 3 6
2160 19 4 86
1541 19 4 78
2522 19 4 70
4244 19 4 61
2629 19 4 51
2275 19 4 42
3146 19 4 32
2228 19 4 22
3751 19 4 13
3294 19 4 6
1770 19 5 86
1087 19 5 78
885 19 5 70
4231 19 5 61
2089 19 5 50
295 19 5 41
3075 19 5 34
4139 19 5 23
3347 19 5 12
2497 19 5 1
5387 19 6 84
2464 19 6 76
300 19 6 66
745 19 6 54
734 19 6 42
651 19 6 32
488 19 6 22
1936 19 6 13
2710 19 6 6
5328 19 7 84
1798 19 7 76
5404 19 7 65
1933 19 7 53
141 19 7 41
2575 19 7 34
3200 19 7 23
1801 19 7 12
1136 19 7 1
4672 19 8 84
1174 19 8 76
5334 19 8 65
3763 19 8 52
2225 19 8 42
263 19 8 32
4861 19 8 21
1256 19 8 9
4584 19 9 83
4610 19 9 73
4165 19 9 62
3037 19 9 51
2042 19 9 42
4758 19 9 31
1993 19 9 19
4675 19 9 11
2442 19 9 2
217 19 10 83
4528 19 10 73
3897 19 10 62
1096 19 10 51
1705 19 10 42
1703 19 10 31
405 19 10 19
3019 19 10 11
1244 19 10 2
5396 19 11 82
1047 19 11 67
5046 19 11 51
4832 19 11 40
2440 19 11 32
4170 19 11 21
509 19 11 9
634 19 12 82
109 19 12 67
2779 19 12 51
4535 19 12 40
2300 19 12 32
2236 19 12 21
1341 19 12 8
4363 19 13 81
1739 19 13 73
3796 19 13 62
4308 19 13 49
4002 19 13 38
4459 19 13 28
2602 19 13 19
2722 19 13 11
108 19 13 2
2183 19 14 81
1534 19 14 73
2320 19 14 62
2969 19 14 49
1506 19 14 38
1664 19 14 28
1904 19 14 19
1906 19 14 11
5301 19 14 1
453 19 15 81
1076 19 15 73
2007 19 15 62
3252 19 15 48
2136 19 15 37
696 19 15 29
1887 19 15 19
502 19 15 11
4588 19 15 1
3066 19 16 80
783 19 16 70
3989 19 16 61
1079 19 16 50
195 19 16 41
1377 19 16 34
3095 19 16 23
3216 19 16 11
4500 19 16 1
3834 19 17 79
910 19 17 70
3617 19 17 61
767 19 17 50
5367 19 17 40
2117 19 17 32
1229 19 17 21
1266 19 17 8
3147 19 18 79
871 19 18 70
3178 19 18 61
481 19 18 50
3180 19 18 40
979 19 18 32
4253 19 18 19
5177 19 18 10
2459 19 19 79
3725 19 19 69
2851 19 19 60
478 19 19 51
4127 19 19 40
815 19 19 32
2878 19 19 19
1728 19 19 10
