2727
5264 0 0 99
3529 0 0 97
4239 0 0 93
3114 0 0 91
3787 0 0 88
4922 0 0 85
3519 0 0 82
1514 0 0 78
4819 0 0 74
410 0 0 72
657 0 0 69
4075 0 0 65
4562 0 0 62
1262 0 0 60
4087 0 0 58
5493 0 0 55
4777 0 0 52
4956 0 0 48
2171 0 0 46
2642 0 0 44
1348 0 0 42
3635 0 0 38
3863 0 0 36
3362 0 0 34
2886 0 0 31
5634 0 0 29
3141 0 0 27
1430 0 0 24
3449 0 0 21
234 0 0 18
3980 0 0 15
1357 0 0 13
2591 0 0 11
1531 0 0 8
4867 0 0 5
3833 0 0 2
1903 0 1 97
1881 0 1 92
3676 0 1 89
5192 0 1 84
1869 0 1 81
4108 0 1 79
2796 0 1 76
2259 0 1 73
5696 0 1 70
1343 0 1 67
4265 0 1 64
2307 0 1 62
5410 0 1 59
4100 0 1 55
3183 0 1 52
5689 0 1 47
521 0 1 44
2747 0 1 41
5184 0 1 38
1487 0 1 35
2448 0 1 32
187 0 1 30
5347 0 1 26
1451 0 1 23
2752 0 1 20
485 0 1 18
1030 0 1 15
4318 0 1 12
595 0 1 9
4380 0 1 6
3865 0 1 3
664 0 1 1
752 0 2 97
931 0 2 92
3117 0 2 88
4708 0 2 85
2040 0 2 82
5246 0 2 77
1982 0 2 74
4790 0 2 71
5739 0 2 68
4032 0 2 66
569 0 2 64
875 0 2 62
83 0 2 59
2852 0 2 55
2444 0 2 52
5274 0 2 47
5146 0 2 43
5050 0 2 40
3247 0 2 36
5127 0 2 32
175 0 2 29
3914 0 2 26
4762 0 2 22
5076 0 2 20
4891 0 2 17
5160 0 2 14
5224 0 2 12
4746 0 2 8
3424 0 2 5
1956 0 2 2
957 0 3 96
581 0 3 94
4878 0 3 91
25 0 3 88
3272 0 3 85
2789 0 3 81
3528 0 3 79
5463 0 3 75
2370 0 3 73
5731 0 3 68
4105 0 3 65
5536 0 3 61
5329 0 3 57
3533 0 3 55
1986 0 3 52
5103 0 3 47
2496 0 3 43
3713 0 3 40
2673 0 3 36
816 0 3 32
89 0 3 29
3551 0 3 26
3758 0 3 22
2207 0 3 20
1697 0 3 17
3148 0 3 14
2283 0 3 10
4259 0 3 7
2302 0 3 4
902 0 4 96
3604 0 4 93
1889 0 4 91
5032 0 4 87
5617 0 4 84
2811 0 4 80
3210 0 4 78
1510 0 4 73
2728 0 4 68
4692 0 4 64
5029 0 4 61
4844 0 4 57
1791 0 4 55
1871 0 4 52
3483 0 4 47
971 0 4 43
3615 0 4 40
341 0 4 36
601 0 4 32
5472 0 4 28
3711 0 4 25
2019 0 4 23
4406 0 4 18
161 0 4 15
3218 0 4 11
4986 0 4 7
5389 0 4 3
359 0 5 96
3147 0 5 92
1760 0 5 88
5542 0 5 84
2625 0 5 80
720 0 5 77
591 0 5 74
4442 0 5 70
729 0 5 66
243 0 5 63
4023 0 5 61
4684 0 5 57
4080 0 5 54
3337 0 5 52
5023 0 5 46
2317 0 5 44
4203 0 5 39
3592 0 5 35
214 0 5 32
4600 0 5 28
5282 0 5 24
2243 0 5 21
1062 0 5 17
5705 0 5 13
4779 0 5 8
4024 0 5 4
4557 0 6 95
3597 0 6 92
985 0 6 88
5447 0 6 84
2340 0 6 80
4748 0 6 76
781 0 6 73
2646 0 6 68
4132 0 6 64
4385 0 6 60
5746 0 6 56
5262 0 6 54
1921 0 6 52
3356 0 6 46
3642 0 6 43
917 0 6 40
3191 0 6 35
1402 0 6 31
5233 0 6 29
4123 0 6 25
4660 0 6 22
1949 0 6 20
5279 0 6 16
3731 0 6 13
4759 0 6 8
2342 0 6 4
2966 0 7 95
3378 0 7 92
503 0 7 88
4282 0 7 84
2306 0 7 80
3439 0 7 76
5465 0 7 72
1887 0 7 68
1823 0 7 64
112 0 7 60
4930 0 7 56
746 0 7 54
4297 0 7 51
2425 0 7 48
621 0 7 46
1816 0 7 43
5433 0 7 39
2319 0 7 35
535 0 7 31
1941 0 7 28
4495 0 7 24
1853 0 7 21
3074 0 7 16
402 0 7 13
4476 0 7 8
5592 0 7 3
1448 0 8 95
3138 0 8 91
4452 0 8 87
4839 0 8 84
1928 0 8 80
4098 0 8 75
2700 0 8 72
1640 0 8 68
39 0 8 64
4422 0 8 59
2437 0 8 55
4970 0 8 51
5285 0 8 47
155 0 8 43
3856 0 8 39
2292 0 8 35
5330 0 8 30
3108 0 8 26
4482 0 8 21
2363 0 8 16
2358 0 8 12
977 0 8 8
2462 0 8 3
397 0 9 95
2984 0 9 91
4243 0 9 87
4194 0 9 84
1167 0 9 80
3641 0 9 75
201 0 9 72
1544 0 9 68
436 0 9 63
5287 0 9 59
1979 0 9 55
4903 0 9 51
1114 0 9 47
4144 0 9 42
2472 0 9 37
4717 0 9 34
2142 0 9 31
1373 0 9 26
1696 0 9 21
76 0 9 16
1113 0 9 12
300 0 9 8
442 0 9 3
236 0 10 95
1258 0 10 91
4579 0 10 86
1146 0 10 82
5120 0 10 77
5458 0 10 72
4824 0 10 67
3440 0 10 63
4322 0 10 59
1239 0 10 55
3717 0 10 51
3785 0 10 46
3455 0 10 42
5222 0 10 36
5748 0 10 31
5462 0 10 25
5042 0 10 21
5709 0 10 15
3013 0 10 11
3562 0 10 7
5256 0 10 3
4666 0 11 94
4195 0 11 91
4496 0 11 86
5404 0 11 81
127 0 11 78
133 0 11 73
3310 0 11 67
2447 0 11 63
3192 0 11 59
5461 0 11 54
2847 0 11 51
1983 0 11 46
2726 0 11 41
2823 0 11 38
1174 0 11 35
3441 0 11 30
5249 0 11 25
839 0 11 21
5625 0 11 15
1180 0 11 11
2428 0 11 7
3810 0 11 3
1058 0 12 94
411 0 12 91
3612 0 12 86
4976 0 12 81
4913 0 12 77
4214 0 12 71
5085 0 12 68
5552 0 12 62
3254 0 12 57
5269 0 12 53
5688 0 12 50
3207 0 12 47
3962 0 12 42
2165 0 12 36
5480 0 12 31
4828 0 12 25
5623 0 12 20
1876 0 12 16
4868 0 12 11
1 0 12 7
2050 0 12 3
773 0 13 94
1992 0 13 90
692 0 13 88
3923 0 13 84
556 0 13 80
1346 0 13 75
5401 0 13 71
3496 0 13 68
5294 0 13 62
2845 0 13 57
2948 0 13 53
3479 0 13 50
3120 0 13 47
897 0 13 42
53 0 13 36
4412 0 13 31
2675 0 13 25
5422 0 13 20
1329 0 13 16
4230 0 13 11
5325 0 13 6
2130 0 13 3
4312 0 14 93
3688 0 14 90
2707 0 14 87
3893 0 14 84
5344 0 14 79
4591 0 14 75
5035 0 14 71
2094 0 14 67
1674 0 14 63
2959 0 14 59
2500 0 14 54
2285 0 14 51
1312 0 14 46
2572 0 14 41
528 0 14 38
3161 0 14 34
1828 0 14 31
2020 0 14 25
4665 0 14 20
1132 0 14 16
2976 0 14 11
3402 0 14 6
1483 0 14 3
2748 0 15 93
5259 0 15 89
4367 0 15 84
3610 0 15 79
3566 0 15 75
4964 0 15 71
199 0 15 67
1568 0 15 63
2871 0 15 59
1756 0 15 54
5613 0 15 50
346 0 15 47
4834 0 15 41
3550 0 15 37
5245 0 15 32
1817 0 15 28
3861 0 15 24
3174 0 15 20
5133 0 15 15
167 0 15 11
1168 0 15 6
604 0 15 3
2599 0 16 93
4529 0 16 89
1658 0 16 84
3358 0 16 79
1824 0 16 75
4231 0 16 71
3945 0 16 66
4090 0 16 62
1065 0 16 57
2498 0 16 53
4337 0 16 49
652 0 16 47
4467 0 16 41
37 0 16 37
3160 0 16 32
7 0 16 28
2393 0 16 24
257 0 16 20
3654 0 16 15
5010 0 16 10
1039 0 16 7
1046 0 16 3
1896 0 17 93
2632 0 17 89
2792 0 17 83
4952 0 17 80
3752 0 17 74
1844 0 17 70
4700 0 17 65
3115 0 17 61
644 0 17 57
1895 0 17 53
5142 0 17 48
5703 0 17 44
2877 0 17 39
674 0 17 35
2949 0 17 30
4319 0 17 25
3018 0 17 20
2162 0 17 15
4983 0 17 10
593 0 17 7
3425 0 17 2
1308 0 18 93
1153 0 18 89
1906 0 18 83
5371 0 18 79
4552 0 18 74
1776 0 18 70
395 0 18 65
1840 0 18 61
603 0 18 57
54 0 18 53
1145 0 18 48
3708 0 18 44
2394 0 18 39
237 0 18 35
1936 0 18 30
3996 0 18 25
1266 0 18 20
2104 0 18 15
4588 0 18 10
5144 0 18 5
1086 0 18 2
1017 0 19 93
75 0 19 89
995 0 19 83
4057 0 19 79
2829 0 19 73
1699 0 19 67
1217 0 19 63
1630 0 19 59
3469 0 19 52
3206 0 19 46
2410 0 19 41
5345 0 19 36
4383 0 19 31
2518 0 19 24
5101 0 19 19
5379 0 19 15
2322 0 19 10
4935 0 19 5
2051 0 19 1
374 2 1 93
5280 2 1 88
2981 2 1 84
2584 2 1 79
2477 2 1 73
31 2 1 67
2618 2 1 62
596 2 1 57
4416 2 1 52
2678 2 1 46
5501 2 1 40
3017 2 1 35
888 2 1 30
3968 2 1 25
862 2 1 20
1586 2 1 15
1998 2 1 10
3903 2 1 5
2007 2 1 1
4408 2 2 92
5439 2 2 87
2271 2 2 84
2455 2 2 79
1141 2 2 73
4119 2 2 66
3527 2 2 62
5444 2 2 56
2173 2 2 53
4498 2 2 47
4398 2 2 41
3187 2 2 36
736 2 2 31
4470 2 2 23
2734 2 2 18
4508 2 2 14
1361 2 2 10
3144 2 2 5
1925 2 2 1
213 2 3 92
5019 2 3 87
1767 2 3 84
2438 2 3 79
546 2 3 73
3553 2 3 66
1036 2 3 62
3846 2 3 56
1292 2 3 53
4379 2 3 47
3867 2 3 41
2857 2 3 36
5479 2 3 30
3087 2 3 25
5682 2 3 19
4766 2 3 14
5289 2 3 9
2062 2 3 6
4147 2 3 2
5423 2 4 91
901 2 4 86
2993 2 4 81
3109 2 4 77
3985 2 4 71
1310 2 4 66
909 2 4 62
3845 2 4 56
457 2 4 53
4341 2 4 47
157 2 4 41
1567 2 4 36
4984 2 4 30
2263 2 4 25
5335 2 4 19
4360 2 4 14
4564 2 4 9
5202 2 4 5
368 2 4 1
4669 2 5 91
854 2 5 86
2400 2 5 81
2398 2 5 77
2674 2 5 71
1302 2 5 66
5197 2 5 61
5509 2 5 56
5322 2 5 52
1460 2 5 46
3619 2 5 40
2193 2 5 35
4413 2 5 29
2224 2 5 25
5090 2 5 19
1703 2 5 14
1634 2 5 9
5066 2 5 5
2194 2 7 91
5564 2 7 85
2617 2 7 81
1186 2 7 77
610 2 7 71
725 2 7 66
4382 2 7 61
3495 2 7 56
1090 2 7 52
4740 2 7 45
319 2 7 43
5324 2 7 38
2569 2 7 34
129 2 7 31
1208 2 7 23
2709 2 7 18
3522 2 7 14
3224 2 7 8
4706 2 7 2
1133 2 8 91
5306 2 8 85
88 2 8 81
5424 2 8 76
1060 2 8 72
3446 2 8 67
2598 2 8 62
3549 2 8 56
3014 2 8 51
1256 2 8 46
790 2 8 40
185 2 8 35
3957 2 8 29
1626 2 8 25
3035 2 8 19
1103 2 8 14
3080 2 8 8
4197 2 8 2
58 2 9 91
5275 2 9 85
4198 2 9 80
3320 2 9 74
4390 2 9 69
769 2 9 65
3848 2 9 60
4167 2 9 56
2839 2 9 51
126 2 9 46
5030 2 9 39
4973 2 9 34
5544 2 9 30
1425 2 9 25
4693 2 9 18
1407 2 9 14
2620 2 9 8
1034 2 9 2
2451 2 10 90
5309 2 10 86
1900 2 10 81
3930 2 10 75
4061 2 10 71
5417 2 10 65
3235 2 10 60
3909 2 10 56
608 2 10 51
8 2 10 46
4025 2 10 39
4833 2 10 34
5022 2 10 30
3374 2 10 24
5009 2 10 19
350 2 10 14
1689 2 10 8
532 2 10 2
5591 2 11 89
786 2 11 83
1981 2 11 79
316 2 11 73
447 2 11 66
4120 2 11 61
3134 2 11 56
5571 2 11 50
1870 2 11 46
2304 2 11 39
4254 2 11 34
4679 2 11 30
3028 2 11 24
4359 2 11 19
3741 2 11 13
4423 2 11 8
1597 2 11 1
5312 2 14 89
5589 2 14 82
3608 2 14 77
398 2 14 71
4365 2 14 65
3226 2 14 60
1344 2 14 56
4750 2 14 50
1038 2 14 46
1969 2 14 39
4149 2 14 34
3890 2 14 30
1839 2 14 24
999 2 14 19
3240 2 14 13
4355 2 14 8
1222 2 14 1
4947 2 15 89
4436 2 15 82
1958 2 15 77
5574 2 15 70
5630 2 15 64
2841 2 15 59
3422 2 15 52
3473 2 15 45
5594 2 15 42
5307 2 15 35
3258 2 15 29
381 2 15 25
3844 2 15 18
4143 2 15 13
1884 2 15 8
3162 2 15 2
4786 2 16 89
4344 2 16 82
4985 2 16 76
135 2 16 72
2661 2 16 67
1706 2 16 62
1102 2 16 56
2108 2 16 50
4150 2 16 45
3105 2 16 42
3761 2 16 35
2802 2 16 29
3229 2 16 24
5407 2 16 18
2864 2 16 13
1264 2 16 8
1070 2 16 2
4668 2 17 89
3541 2 17 82
5697 2 17 75
4639 2 17 70
5331 2 17 64
1989 2 17 59
207 2 17 52
1196 2 17 45
2693 2 17 42
1859 2 17 35
2412 2 17 29
1952 2 17 24
4820 2 17 18
1712 2 17 13
911 2 17 8
4675 2 17 1
3911 2 18 88
2106 2 18 84
1232 2 18 79
107 2 18 73
24 2 18 66
3260 2 18 61
2411 2 18 56
2030 2 18 50
4027 2 18 45
2270 2 18 42
339 2 18 35
833 2 18 29
4835 2 18 23
2536 2 18 18
584 2 18 13
35 2 18 8
4673 2 18 1
1185 2 19 88
2081 2 19 84
3557 2 19 78
2202 2 19 72
562 2 19 67
51 2 19 62
373 2 19 56
1848 2 19 50
3827 2 19 45
1134 2 19 41
1533 2 19 36
4488 2 19 30
332 2 19 24
4159 2 19 18
94 2 19 13
5515 2 19 7
2910 2 19 1
3970 3 1 86
5482 3 1 80
2523 3 1 74
3158 3 1 69
5115 3 1 64
760 3 1 59
5670 3 1 51
3871 3 1 45
952 3 1 41
5642 3 1 35
246 3 1 29
3346 3 1 23
1867 3 1 18
4781 3 1 12
3798 3 1 7
1183 3 1 1
2126 3 2 86
5350 3 2 80
1220 3 2 74
1512 3 2 69
2510 3 2 64
5620 3 2 58
5248 3 2 55
1702 3 2 51
2545 3 2 45
241 3 2 41
1651 3 2 35
5631 3 2 28
882 3 2 24
3921 3 2 18
2087 3 2 12
4978 3 2 6
600 3 2 2
4963 3 3 85
2407 3 3 80
449 3 3 74
963 3 3 69
1546 3 3 64
5283 3 3 58
5679 3 3 54
3766 3 3 50
756 3 3 45
5355 3 3 40
3685 3 3 34
3694 3 3 30
5043 3 3 23
1485 3 3 18
1600 3 3 12
3493 3 3 6
5074 3 3 1
4865 3 4 85
1944 3 4 80
5278 3 4 73
5753 3 4 65
1542 3 4 60
1306 3 4 56
3023 3 4 49
4185 3 4 46
512 3 4 39
4086 3 4 34
3640 3 4 29
3177 3 4 23
5687 3 4 17
4112 3 4 13
4316 3 4 7
4543 3 4 1
4738 3 5 85
98 3 5 80
5034 3 5 73
5153 3 5 65
926 3 5 60
2568 3 5 55
253 3 5 51
1470 3 5 45
5038 3 5 40
3363 3 5 34
3614 3 5 29
3135 3 5 23
4520 3 5 17
2321 3 5 13
3570 3 5 7
49 3 5 1
4026 3 7 85
97 3 7 80
3949 3 7 73
679 3 7 65
665 3 7 60
1016 3 7 54
2156 3 7 50
5418 3 7 44
2185 3 7 39
3366 3 7 34
1632 3 7 29
3078 3 7 23
1786 3 7 17
5470 3 7 12
1894 3 7 6
379 3 8 85
4841 3 8 79
95 3 8 73
56 3 8 65
497 3 8 60
5691 3 8 53
3895 3 8 47
4902 3 8 40
1204 3 8 34
4888 3 8 28
5683 3 8 23
1320 3 8 17
2992 3 8 12
5213 3 8 5
4596 3 9 84
3046 3 9 78
606 3 9 72
186 3 9 67
5408 3 9 61
5145 3 9 55
5263 3 9 50
5008 3 9 44
1819 3 9 39
3221 3 9 34
3745 3 9 28
3216 3 9 23
648 3 9 17
2174 3 9 12
4625 3 9 5
1015 3 10 84
2105 3 10 78
5168 3 10 71
1766 3 10 65
4981 3 10 59
3720 3 10 51
1061 3 10 45
4139 3 10 40
898 3 10 34
3026 3 10 28
2874 3 10 23
34 3 10 17
1820 3 10 12
4537 3 10 5
565 3 11 84
1354 3 11 78
4932 3 11 71
1738 3 11 65
4371 3 11 59
3274 3 11 51
340 3 11 45
2405 3 11 40
4875 3 11 33
3309 3 11 30
1972 3 11 23
5302 3 11 16
2074 3 11 11
737 3 11 6
445 3 14 84
426 3 14 78
4627 3 14 71
428 3 14 65
1845 3 14 59
3101 3 14 51
5105 3 14 44
5102 3 14 38
5436 3 14 33
3173 3 14 30
1209 3 14 23
4912 3 14 16
1663 3 14 11
5599 3 14 5
5186 3 15 83
4551 3 15 78
3643 3 15 71
4953 3 15 64
4432 3 15 58
4590 3 15 54
5548 3 15 49
3242 3 15 46
5582 3 15 38
5431 3 15 33
2217 3 15 30
5651 3 15 22
3344 3 15 19
3223 3 15 13
61 3 15 7
4769 3 19 83
1700 3 19 78
3250 3 19 71
4638 3 19 64
3854 3 19 58
3910 3 19 54
2517 3 19 49
4605 3 19 45
5277 3 19 39
1202 3 19 34
1611 3 19 28
1338 3 19 23
4909 3 19 16
585 3 19 11
5077 3 19 5
2738 4 1 83
713 4 1 78
3133 4 1 71
3581 4 1 64
3293 4 1 58
5200 4 1 53
2468 4 1 47
2817 4 1 40
4799 4 1 33
5754 4 1 29
2926 4 1 23
4707 4 1 16
4077 4 1 10
1206 4 1 5
119 4 7 83
3776 4 7 77
4907 4 7 70
1411 4 7 64
2267 4 7 58
3792 4 7 53
2122 4 7 47
683 4 7 40
4569 4 7 33
2689 4 7 29
940 4 7 23
4205 4 7 16
3721 4 7 10
5304 4 7 4
5578 4 11 82
5606 4 11 75
3007 4 11 70
1189 4 11 64
2015 4 11 58
3129 4 11 53
740 4 11 47
4219 4 11 39
5363 4 11 33
2621 4 11 29
828 4 11 23
4818 4 11 15
5698 4 11 9
1662 4 11 5
3331 4 12 82
4444 4 12 75
2329 4 12 70
5243 4 12 63
970 4 12 59
2383 4 12 51
5014 4 12 44
3652 4 12 38
4580 4 12 33
153 4 12 29
3843 4 12 22
5561 4 12 18
1589 4 12 12
3523 4 12 5
1318 4 17 82
4428 4 17 75
4821 4 17 69
1235 4 17 64
1892 4 17 58
2889 4 17 53
3457 4 17 46
4971 4 17 38
4440 4 17 33
5529 4 17 28
4255 4 17 22
4770 4 17 18
378 4 17 12
1720 4 17 5
3790 4 18 81
1014 4 18 75
4571 4 18 69
1179 4 18 64
1341 4 18 58
1623 4 18 53
2139 4 18 46
1769 4 18 38
2790 4 18 33
1395 4 18 28
3657 4 18 22
3552 4 18 18
5540 4 18 11
4474 4 18 5
1188 4 19 80
3085 4 19 73
5210 4 19 64
183 4 19 58
5605 4 19 52
777 4 19 45
1585 4 19 39
4421 4 19 33
981 4 19 28
2247 4 19 22
782 4 19 18
3574 4 19 11
4153 4 19 5
4729 5 1 77
2522 5 1 70
4135 5 1 63
4847 5 1 58
4478 5 1 52
266 5 1 45
1472 5 1 39
3929 5 1 33
667 5 1 28
2170 5 1 22
583 5 1 18
2557 5 1 11
3965 5 1 5
4686 5 3 77
1655 5 3 70
2907 5 3 63
2341 5 3 58
4462 5 3 52
4339 5 3 44
3285 5 3 38
751 5 3 33
5702 5 3 27
5496 5 3 23
4451 5 3 15
5348 5 3 9
522 5 3 5
1170 5 5 77
1639 5 5 70
1413 5 5 63
1749 5 5 58
3128 5 5 52
2250 5 5 44
2132 5 5 38
5420 5 5 32
3049 5 5 27
2154 5 5 23
3937 5 5 15
1475 5 5 9
5598 5 5 4
5616 5 6 73
4417 5 6 64
1973 5 6 57
4165 5 6 52
5507 5 6 43
4223 5 6 38
4000 5 6 32
4175 5 6 26
1251 5 6 21
5568 5 6 15
1330 5 6 9
5412 5 6 4
1120 5 7 70
1091 5 7 63
1506 5 7 58
2683 5 7 51
4490 5 7 44
1725 5 7 38
3960 5 7 32
3486 5 7 26
4811 5 7 19
1621 5 7 13
4774 5 7 6
700 5 9 69
2009 5 9 63
1067 5 9 58
1115 5 9 51
3298 5 9 44
879 5 9 38
147 5 9 32
2834 5 9 26
4160 5 9 19
1380 5 9 13
4744 5 9 6
5743 5 14 54
2086 5 14 49
3002 5 14 45
1215 5 14 39
3179 5 14 33
3636 5 14 27
885 5 14 23
1885 5 14 15
5713 5 14 8
3841 5 16 97
2831 5 16 91
3163 5 16 85
4247 5 16 79
5229 5 16 72
4549 5 16 66
1564 5 16 61
4916 5 16 55
3426 5 16 50
4450 5 16 44
843 5 16 38
4268 5 16 31
4193 5 16 22
509 5 16 18
2109 5 16 11
3906 5 16 5
796 6 1 97
2272 6 1 91
2423 6 1 85
4107 6 1 79
2866 6 1 72
4140 6 1 66
5723 6 1 60
3920 6 1 53
820 6 1 46
958 6 1 38
2349 6 1 31
3866 6 1 22
5654 6 1 17
935 6 1 12
416 6 1 5
3665 6 3 96
4277 6 3 91
2096 6 3 85
2357 6 3 79
2298 6 3 72
2634 6 3 66
311 6 3 60
2399 6 3 53
553 6 3 46
16 6 3 38
2333 6 3 31
1783 6 3 22
3981 6 3 17
5150 6 3 11
1737 6 3 5
3255 6 9 96
2441 6 9 91
5295 6 9 84
4747 6 9 77
602 6 9 70
4129 6 9 62
3414 6 9 55
803 6 9 50
3670 6 9 44
772 6 9 37
2535 6 9 31
905 6 9 22
3433 6 9 17
4534 6 9 11
922 6 9 5
2140 6 10 96
2143 6 10 91
3864 6 10 84
4709 6 10 77
369 6 10 70
3681 6 10 62
2856 6 10 55
3953 6 10 49
299 6 10 45
3559 6 10 38
452 6 10 31
870 6 10 22
5006 6 10 16
3507 6 10 10
3753 6 10 4
899 6 11 96
1414 6 11 91
3794 6 11 84
2821 6 11 77
5001 6 11 69
409 6 11 63
708 6 11 58
5272 6 11 50
3503 6 11 44
3126 6 11 36
3252 6 11 30
5251 6 11 22
3176 6 11 16
1212 6 11 10
3488 6 11 4
3377 6 12 95
1139 6 12 91
3701 6 12 84
1381 6 12 77
4449 6 12 69
5523 6 12 62
2763 6 12 55
3140 6 12 49
5298 6 12 44
2395 6 12 36
2951 6 12 30
4022 6 12 22
824 6 12 16
468 6 12 10
3417 6 12 4
3136 6 14 95
2906 6 14 90
4737 6 14 86
4501 6 14 80
2733 6 14 73
4048 6 14 64
1964 6 14 57
4047 6 14 52
5087 6 14 43
3755 6 14 38
5369 6 14 30
5438 6 14 21
3946 6 14 15
5622 6 14 8
2716 6 16 95
4761 6 16 89
2741 6 16 82
3367 6 16 75
3748 6 16 69
4363 6 16 62
2249 6 16 55
2604 6 16 49
3548 6 16 44
1345 6 16 36
1147 6 16 30
4683 6 16 21
3692 6 16 15
5602 6 16 8
2313 6 18 95
3735 6 18 89
1500 6 18 82
2708 6 18 75
507 6 18 69
2204 6 18 62
2203 6 18 55
2547 6 18 49
476 6 18 44
1216 6 18 36
490 6 18 30
4681 6 18 21
5593 6 18 14
1358 6 18 8
1073 6 19 95
2804 6 19 89
969 6 19 82
2486 6 19 75
354 6 19 69
881 6 19 62
5236 6 19 54
597 6 19 49
2422 6 19 43
2208 6 19 38
3781 6 19 30
4531 6 19 21
3806 6 19 14
4387 6 19 7
639 7 1 95
2460 7 1 89
5646 7 1 81
1653 7 1 74
101 7 1 69
763 7 1 62
2588 7 1 54
331 7 1 49
2184 7 1 43
921 7 1 38
2611 7 1 30
2131 7 1 21
3336 7 1 14
2539 7 1 7
5365 7 3 94
1454 7 3 90
2219 7 3 86
3043 7 3 80
2615 7 3 73
3211 7 3 64
1782 7 3 57
3837 7 3 52
2680 7 3 43
4376 7 3 37
3697 7 3 30
5690 7 3 20
788 7 3 15
4454 7 3 8
5151 7 4 94
69 7 4 90
221 7 4 86
1565 7 4 80
5575 7 4 72
2046 7 4 66
149 7 4 60
4823 7 4 52
2150 7 4 43
3709 7 4 37
3410 7 4 30
5375 7 4 20
5257 7 4 14
2063 7 4 7
4840 7 5 94
3677 7 5 89
5425 7 5 81
675 7 5 74
5693 7 5 68
3838 7 5 62
1976 7 5 54
267 7 5 49
1959 7 5 43
2241 7 5 37
3257 7 5 30
3778 7 5 20
4323 7 5 14
380 7 5 7
3750 7 6 94
2731 7 6 89
5340 7 6 81
384 7 6 74
4542 7 6 68
3659 7 6 62
5004 7 6 53
4402 7 6 45
2226 7 6 38
2563 7 6 30
3238 7 6 20
3655 7 6 14
328 7 6 7
3726 7 7 94
3876 7 7 88
4631 7 7 83
3716 7 7 77
2446 7 7 69
632 7 7 62
4063 7 7 53
3964 7 7 45
864 7 7 38
997 7 7 30
1420 7 7 20
2336 7 7 14
292 7 7 7
3181 7 8 94
2431 7 8 88
1772 7 8 83
2798 7 8 77
2222 7 8 69
450 7 8 62
3006 7 8 53
1136 7 8 45
5457 7 8 37
3151 7 8 30
793 7 8 20
1473 7 8 14
5078 7 8 6
1955 7 14 94
41 7 14 88
2098 7 14 82
1874 7 14 75
132 7 14 69
5203 7 14 61
4045 7 14 55
1933 7 14 49
4392 7 14 42
4072 7 14 34
1482 7 14 28
1227 7 14 22
4091 7 14 15
2260 7 14 8
365 7 16 94
4929 7 16 87
258 7 16 84
394 7 16 77
2135 7 16 69
4980 7 16 61
1278 7 16 55
1833 7 16 49
3723 7 16 42
2469 7 16 34
5550 7 16 27
189 7 16 23
1484 7 16 15
2183 7 16 8
3185 7 18 93
5232 7 18 88
1138 7 18 82
640 7 18 75
5647 7 18 68
819 7 18 62
2458 7 18 53
2495 7 18 44
70 7 18 36
5118 7 18 29
3335 7 18 22
5352 7 18 14
4731 7 18 6
2722 7 19 93
4843 7 19 88
558 7 19 82
4499 7 19 74
3041 7 19 68
715 7 19 62
1598 7 19 53
527 7 19 44
5469 7 19 35
3889 7 19 28
4610 7 19 21
1367 7 19 14
4314 7 19 6
2589 8 6 93
3351 8 6 88
288 8 6 82
4180 8 6 74
5299 8 6 67
4831 8 6 61
1190 8 6 55
1807 8 6 49
2785 8 6 42
1691 8 6 34
4518 8 6 27
5645 8 6 22
5228 8 6 14
3839 8 6 6
1187 8 7 93
2989 8 7 88
4525 8 7 81
5351 8 7 73
2406 8 7 64
1223 8 7 57
1376 8 7 52
1503 8 7 43
5553 8 7 36
4281 8 7 29
2840 8 7 22
4889 8 7 14
3732 8 7 6
4145 8 8 92
5722 8 8 86
835 8 8 80
4846 8 8 72
1672 8 8 66
4511 8 8 59
4340 8 8 50
2876 8 8 44
5468 8 8 35
3305 8 8 28
4241 8 8 21
1342 8 8 14
2350 8 8 6
4127 8 9 92
5419 8 9 86
4866 8 9 79
1974 8 9 72
1324 8 9 66
3742 8 9 59
2794 8 9 50
1574 8 9 44
2759 8 9 35
3096 8 9 28
3050 8 9 21
5489 8 9 13
4410 8 9 6
3430 8 10 92
5300 8 10 86
4634 8 10 79
681 8 10 72
1041 8 10 66
2353 8 10 58
4260 8 10 50
474 8 10 44
2011 8 10 35
1155 8 10 28
2915 8 10 21
5057 8 10 13
4142 8 10 6
3042 8 11 92
4966 8 11 86
3264 8 11 79
4751 8 11 71
2893 8 11 64
5637 8 11 56
2998 8 11 49
2779 8 11 42
1535 8 11 34
3582 8 11 27
2682 8 11 22
4871 8 11 14
1524 8 11 6
1478 8 14 92
3966 8 14 86
1360 8 14 79
3995 8 14 71
1661 8 14 64
3768 8 14 56
1763 8 14 49
2297 8 14 42
5061 8 14 33
2896 8 14 27
4752 8 14 21
4554 8 14 13
1284 8 14 6
1316 8 16 92
3219 8 16 86
337 8 16 79
3757 8 16 71
382 8 16 64
3384 8 16 56
1296 8 16 49
1734 8 16 42
3926 8 16 33
2430 8 16 27
2803 8 16 21
1912 8 16 13
500 8 16 6
1178 8 18 92
2701 8 18 86
4191 8 18 78
1064 8 18 71
5317 8 18 63
3634 8 18 57
1245 8 18 52
367 8 18 43
4652 8 18 36
3405 8 18 29
2058 8 18 22
4618 8 18 14
264 8 18 6
930 9 0 92
519 9 0 86
2281 9 0 78
5662 9 0 70
1934 9 0 62
3587 9 0 52
4015 9 0 42
3199 9 0 33
1550 9 0 27
1221 9 0 21
907 9 0 13
4335 9 0 5
5188 9 1 91
2797 9 1 84
5443 9 1 76
539 9 1 71
4065 9 1 63
3601 9 1 57
5393 9 1 51
2873 9 1 44
487 9 1 35
2223 9 1 27
5508 9 1 20
1362 9 1 14
4599 9 1 5
1909 9 2 91
1962 9 2 84
4667 9 2 76
3124 9 2 70
1659 9 2 62
2917 9 2 52
3286 9 2 42
3024 9 2 33
4914 9 2 26
2234 9 2 19
5659 9 2 12
206 9 2 5
1519 9 4 91
5663 9 4 83
1071 9 4 77
33 9 4 69
3034 9 4 61
886 9 4 55
1003 9 4 49
1704 9 4 42
2739 9 4 33
1830 9 4 26
1156 9 4 19
5362 9 4 12
3734 9 4 4
168 9 9 91
5514 9 9 83
3714 9 9 76
1604 9 9 70
5290 9 9 61
238 9 9 55
5648 9 9 48
2027 9 9 44
5354 9 9 34
3333 9 9 27
4555 9 9 20
401 9 9 14
4109 9 9 5
3637 9 14 90
5334 9 14 85
728 9 14 79
2962 9 14 71
4018 9 14 63
3249 9 14 57
4556 9 14 51
2640 9 14 44
4648 9 14 34
2807 9 14 27
4040 9 14 20
109 9 14 14
2909 9 14 5
2930 9 16 89
2935 9 16 81
5007 9 16 73
4764 9 16 63
2335 9 16 57
2858 9 16 51
734 9 16 44
3268 9 16 34
2769 9 16 27
3802 9 16 20
48 9 16 14
2885 9 16 5
1540 9 18 89
2244 9 18 81
3436 9 18 73
4689 9 18 63
1843 9 18 57
1708 9 18 51
598 9 18 44
661 9 18 34
2745 9 18 27
2898 9 18 20
4938 9 18 13
1680 9 18 5
783 10 0 89
1033 10 0 81
3427 10 0 73
2830 10 0 63
364 10 0 57
481 10 0 51
211 10 0 44
5131 10 0 33
1285 10 0 26
5476 10 0 18
1417 10 0 11
672 10 0 5
4330 10 4 88
4372 10 4 81
1023 10 4 73
2732 10 4 63
104 10 4 57
5072 10 4 50
5588 10 4 43
3464 10 4 36
2186 10 4 29
1389 10 4 22
4315 10 4 14
2123 10 4 5
3878 10 7 88
5156 10 7 80
1408 10 7 72
5109 10 7 65
1722 10 7 59
1793 10 7 50
4606 10 7 43
2622 10 7 36
1987 10 7 29
998 10 7 22
2352 10 7 14
130 10 7 5
4356 10 8 87
5707 10 8 83
2653 10 8 76
1499 10 8 70
5181 10 8 61
136 10 8 55
5538 10 8 48
1780 10 8 44
4624 10 8 33
890 10 8 26
3632 10 8 18
1010 10 8 11
4680 10 8 4
3396 10 9 87
2595 10 9 83
1719 10 9 76
860 10 9 70
4898 10 9 61
5664 10 9 54
251 10 9 49
244 10 9 42
2493 10 9 33
755 10 9 26
2635 10 9 18
5735 10 9 10
3408 10 9 4
2470 10 10 87
1248 10 10 83
1355 10 10 76
3466 10 10 69
2487 10 10 61
3819 10 10 54
4992 10 10 48
1359 10 10 44
4328 10 10 33
669 10 10 26
2623 10 10 18
3267 10 10 10
2159 10 10 4
1516 10 11 87
2117 10 11 82
1893 10 11 74
3004 10 11 67
2585 10 11 61
1035 10 11 54
3696 10 11 48
281 10 11 44
1798 10 11 33
5406 10 11 25
3554 10 11 18
3072 10 11 10
2026 10 11 4
939 10 12 87
5680 10 12 81
4873 10 12 72
4220 10 12 65
1331 10 12 59
3959 10 12 49
4671 10 12 41
586 10 12 35
260 10 12 27
1993 10 12 20
3629 10 12 13
5097 10 12 4
1276 10 14 86
1282 10 14 78
3021 10 14 70
3568 10 14 61
747 10 14 54
2237 10 14 48
19 10 14 44
4904 10 14 32
82 10 14 26
4536 10 14 17
4162 10 14 11
4503 10 14 4
1182 11 0 86
829 11 0 78
2795 11 0 70
2828 11 0 61
5629 11 0 53
4677 11 0 43
2059 11 0 36
5338 11 0 28
1092 11 0 21
356 11 0 13
4325 11 0 4
5701 11 2 85
45 11 2 79
2311 11 2 71
3189 11 2 63
4967 11 2 56
1074 11 2 49
4527 11 2 41
124 11 2 35
55 11 2 27
1836 11 2 20
3545 11 2 13
3875 11 2 4
2279 11 4 85
4603 11 4 78
2791 11 4 70
2612 11 4 61
5497 11 4 53
2694 11 4 43
799 11 4 36
4805 11 4 28
5678 11 4 20
3222 11 4 13
2639 11 4 4
1822 11 7 85
4448 11 7 78
3944 11 7 69
1325 11 7 61
4088 11 7 53
1695 11 7 43
536 11 7 36
4386 11 7 28
2916 11 7 20
2561 11 7 13
1099 11 7 4
5092 11 8 84
3505 11 8 76
2985 11 8 69
1301 11 8 61
3630 11 8 53
1314 11 8 43
4698 11 8 35
5370 11 8 26
4137 11 8 17
3201 11 8 11
2808 11 8 4
2197 11 12 84
3111 11 12 76
1730 11 12 69
592 11 12 61
3097 11 12 53
1006 11 12 43
3498 11 12 35
4092 11 12 26
2471 11 12 17
1547 11 12 11
2506 11 12 4
4076 11 16 83
5653 11 16 75
4006 11 16 68
5483 11 16 61
1898 11 16 53
594 11 16 43
2275 11 16 35
3815 11 16 26
1792 11 16 17
842 11 16 11
924 11 16 4
1557 11 17 83
4174 11 17 75
1613 11 17 68
4218 11 17 61
1588 11 17 53
576 11 17 43
2028 11 17 35
3638 11 17 26
5725 11 17 16
4789 11 17 9
4453 11 17 4
1465 11 18 83
3180 11 18 75
794 11 18 68
1019 11 18 61
735 11 18 53
545 11 18 43
1678 11 18 35
2982 11 18 26
1851 11 18 16
2921 11 18 9
3857 11 18 4
1450 11 19 83
347 11 19 75
5367 11 19 67
2546 11 19 61
695 11 19 53
5721 11 19 42
938 11 19 33
4003 11 19 25
2714 11 19 18
2730 11 19 10
326 11 19 4
86 12 0 83
151 12 0 75
5062 12 0 67
984 12 0 61
3820 12 0 52
2933 12 0 42
5124 12 0 32
5546 12 0 25
1303 12 0 18
1797 12 0 10
4362 12 0 3
4990 12 2 82
806 12 2 74
2814 12 2 67
5409 12 2 60
4526 12 2 52
1927 12 2 41
3357 12 2 34
1648 12 2 27
80 12 2 20
2045 12 2 13
717 12 2 4
4270 12 4 82
321 12 4 74
2552 12 4 67
3922 12 4 60
4357 12 4 52
1694 12 4 41
2983 12 4 34
220 12 4 27
5052 12 4 19
3461 12 4 12
1711 12 4 4
1398 12 11 81
3666 12 11 72
2509 12 11 65
1160 12 11 59
3373 12 11 49
2743 12 11 41
470 12 11 34
141 12 11 27
3438 12 11 19
2061 12 11 12
1438 12 11 4
5106 12 12 76
1515 12 12 69
589 12 12 61
1740 12 12 52
242 12 12 41
5154 12 12 33
2198 12 12 25
5179 12 12 17
5619 12 12 10
3606 12 12 3
3209 12 14 75
4690 12 14 67
2504 12 14 60
3651 12 14 52
1570 12 14 40
4507 12 14 33
5403 12 14 24
3684 12 14 18
1690 12 14 10
2056 12 14 3
5434 12 15 73
2022 12 15 63
4446 12 15 56
974 12 15 49
2519 12 15 41
5139 12 15 33
3497 12 15 24
2530 12 15 18
973 12 15 10
961 12 15 3
4146 12 16 72
1935 12 16 65
5361 12 16 58
5716 12 16 49
2314 12 16 41
3033 12 16 33
3032 12 16 24
2133 12 16 18
874 12 16 10
4870 12 16 2
2895 13 0 66
334 13 0 58
5194 13 0 49
184 13 0 41
413 13 0 33
2076 13 0 24
1729 13 0 18
5729 13 0 9
1068 13 0 4
1126 13 2 66
2169 13 2 57
4657 13 2 50
4528 13 2 42
4336 13 2 32
4974 13 2 25
4788 13 2 17
4758 13 2 10
4059 13 2 1
5734 13 5 96
5519 13 5 90
2892 13 5 85
3465 13 5 78
2476 13 5 69
3067 13 5 60
3225 13 5 52
1548 13 5 40
4216 13 5 33
2013 13 5 24
5163 13 5 17
4060 13 5 10
3690 13 5 1
1211 13 6 96
3485 13 6 90
5398 13 6 84
2760 13 6 76
960 13 6 69
2320 13 6 60
3000 13 6 52
218 13 6 40
2638 13 6 33
484 13 6 24
4182 13 6 17
2345 13 6 10
3683 13 6 1
753 13 7 96
3020 13 7 90
3622 13 7 84
3345 13 7 75
4473 13 7 67
2497 13 7 60
2813 13 7 52
3055 13 7 39
488 13 7 33
4465 13 7 23
1124 13 7 15
1365 13 7 8
4366 13 11 95
5155 13 11 88
3762 13 11 80
473 13 11 72
4550 13 11 64
358 13 11 56
498 13 11 49
3125 13 11 40
1785 13 11 33
3835 13 11 23
5396 13 11 14
5720 13 11 4
2339 13 12 95
4222 13 12 87
5503 13 12 81
2308 13 12 72
4037 13 12 64
204 13 12 56
4905 13 12 48
5581 13 12 43
547 13 12 35
2603 13 12 26
29 13 12 16
2772 13 12 9
908 13 12 4
444 13 14 95
4176 13 14 87
4177 13 14 81
2167 13 14 72
3040 13 14 64
5517 13 14 55
5391 13 14 48
5095 13 14 43
4310 13 14 34
4202 13 14 26
5473 13 14 15
767 13 14 8
5426 13 16 94
4211 13 16 87
3784 13 16 81
838 13 16 72
2988 13 16 64
2660 13 16 55
4801 13 16 48
3526 13 16 43
1764 13 16 34
3656 13 16 26
4812 13 16 15
4696 13 16 7
4351 13 18 94
3680 13 18 87
1787 13 18 81
548 13 18 72
2904 13 18 64
2421 13 18 55
4345 13 18 48
774 13 18 43
4716 13 18 33
2758 13 18 23
5093 13 18 14
5099 13 18 4
2853 13 19 94
3567 13 19 87
1176 13 19 81
534 13 19 72
1681 13 19 64
821 13 19 55
2686 13 19 48
5349 13 19 42
4229 13 19 32
2869 13 19 25
4721 13 19 17
936 13 19 10
3027 13 19 1
2115 14 0 94
1939 14 0 87
966 14 0 81
4756 14 0 71
1668 14 0 63
3251 14 0 56
4894 14 0 47
1199 14 0 39
191 14 0 33
2229 14 0 23
4687 14 0 14
4125 14 0 4
1468 14 2 94
5732 14 2 86
3282 14 2 77
5608 14 2 68
1004 14 2 61
903 14 2 52
1009 14 2 39
2581 14 2 32
2555 14 2 25
4640 14 2 17
865 14 2 10
1872 14 2 1
92 14 5 94
4306 14 5 86
2944 14 5 77
5481 14 5 68
956 14 5 61
5513 14 5 51
150 14 5 44
3951 14 5 32
834 14 5 25
4373 14 5 17
4739 14 5 9
4643 14 5 3
3468 14 6 93
943 14 6 88
3130 14 6 80
5718 14 6 71
1419 14 6 63
2252 14 6 56
4050 14 6 47
745 14 6 39
2137 14 6 32
637 14 6 25
3132 14 6 17
4226 14 6 9
4085 14 6 3
1043 14 7 93
3291 14 7 87
4184 14 7 80
5341 14 7 71
1200 14 7 63
1286 14 7 56
2488 14 7 47
399 14 7 39
1971 14 7 32
566 14 7 25
1040 14 7 17
3775 14 7 9
2786 14 7 3
5332 14 8 92
392 14 8 86
2277 14 8 77
5440 14 8 68
950 14 8 61
5510 14 8 51
4332 14 8 43
4641 14 8 33
2206 14 8 23
4269 14 8 14
3952 14 8 4
4991 14 9 92
5328 14 9 85
3092 14 9 78
2318 14 9 69
2023 14 9 60
5315 14 9 51
2740 14 9 43
1094 14 9 33
2017 14 9 23
3950 14 9 14
3830 14 9 4
4826 14 11 92
2645 14 11 85
2936 14 11 78
1431 14 11 69
815 14 11 60
5211 14 11 51
85 14 11 43
5614 14 11 32
200 14 11 25
293 14 11 17
2450 14 11 9
2361 14 11 3
2041 14 19 92
2528 14 19 85
422 14 19 78
5547 14 19 68
262 14 19 61
5147 14 19 51
3266 14 19 42
3627 14 19 32
3793 14 19 24
3770 14 19 17
2429 14 19 9
2018 14 19 3
1234 15 0 92
3935 15 0 84
1665 15 0 75
4276 15 0 67
2482 15 0 60
2957 15 0 51
2954 15 0 42
3152 15 0 32
2367 15 0 24
1351 15 0 17
2972 15 0 8
789 15 2 92
1366 15 2 84
5557 15 2 74
5676 15 2 66
919 15 2 57
4101 15 2 50
4464 15 2 42
1938 15 2 32
1882 15 2 24
1291 15 2 17
2036 15 2 8
5505 16 0 91
5460 16 0 83
4497 16 0 74
5516 16 0 66
5088 16 0 56
1996 16 0 47
4472 16 0 38
4458 16 0 29
502 16 0 22
2127 16 0 14
3325 16 0 4
4920 16 2 91
3763 16 2 83
5449 16 2 73
758 16 2 63
929 16 2 56
1913 16 2 47
4228 16 2 38
3536 16 2 29
5726 16 2 21
5563 16 2 12
1110 16 2 4
4755 16 4 91
3471 16 4 83
4827 16 4 73
3415 16 4 62
2149 16 4 51
1608 16 4 42
1384 16 4 32
1123 16 4 24
3555 16 4 16
2377 16 4 9
1591 16 4 3
3508 16 5 91
3470 16 5 83
4051 16 5 73
2919 16 5 62
704 16 5 51
1047 16 5 42
918 16 5 32
1020 16 5 24
3168 16 5 16
2121 16 5 9
4289 16 5 2
1002 16 7 91
904 16 7 83
1554 16 7 73
2613 16 7 62
483 16 7 51
800 16 7 42
873 16 7 32
4217 16 7 23
3938 16 7 14
2416 16 7 4
239 16 8 91
4493 16 8 82
4697 16 8 73
2225 16 8 62
3707 16 8 50
4183 16 8 42
2024 16 8 31
5560 16 8 21
2466 16 8 12
188 16 8 4
64 16 9 91
4244 16 9 82
2211 16 9 73
1298 16 9 61
4996 16 9 51
5667 16 9 41
4350 16 9 32
2787 16 9 23
3145 16 9 14
1860 16 9 4
5673 16 11 90
2532 16 11 84
4302 16 11 73
5284 16 11 60
1440 16 11 51
4290 16 11 41
4301 16 11 32
1629 16 11 23
2669 16 11 14
953 16 11 4
5577 16 12 90
2195 16 12 84
3232 16 12 73
4364 16 12 60
463 16 12 51
4095 16 12 41
4005 16 12 32
1627 16 12 23
1379 16 12 14
4541 16 12 3
4168 16 13 90
1762 16 13 84
1075 16 13 73
1511 16 13 60
386 16 13 51
3269 16 13 41
3729 16 13 32
1337 16 13 23
4533 16 13 13
703 16 13 4
5208 16 14 89
5585 16 14 80
5015 16 14 71
5234 16 14 62
3560 16 14 50
3234 16 14 42
3054 16 14 30
697 16 14 20
305 16 14 13
5049 16 14 3
3343 16 16 89
5474 16 16 80
4475 16 16 71
1289 16 16 62
3349 16 16 50
3008 16 16 42
2538 16 16 30
4829 16 16 19
1294 16 16 12
3882 16 16 3
1726 16 17 89
4381 16 17 80
4131 16 17 71
525 16 17 62
2973 16 17 50
1279 16 17 42
2191 16 17 30
4155 16 17 18
5492 16 17 9
1878 16 17 2
1619 16 18 89
3371 16 18 80
2065 16 18 71
5681 16 18 61
4235 16 18 51
1332 16 18 41
2414 16 18 32
148 16 18 23
2064 16 18 13
3462 16 18 3
542 16 19 89
3263 16 19 80
1401 16 19 71
5327 16 19 61
4001 16 19 51
1025 16 19 41
1806 16 19 32
4838 16 19 22
2124 16 19 14
3805 16 19 3
2649 17 0 88
2765 17 0 80
4484 17 0 70
2409 17 0 61
2980 17 0 51
804 17 0 41
3327 17 0 31
4842 17 0 21
1857 17 0 12
3106 17 0 3
2392 17 2 88
1908 17 2 80
4723 17 2 69
190 17 2 60
5209 17 2 50
633 17 2 42
1847 17 2 30
2614 17 2 18
4613 17 2 9
240 17 2 2
1601 17 4 88
1363 17 4 80
273 17 4 69
3783 17 4 59
2720 17 4 49
1669 17 4 40
1684 17 4 33
684 17 4 23
1945 17 4 13
2695 17 4 3
1391 17 8 88
1053 17 8 80
4711 17 8 68
5456 17 8 60
2990 17 8 50
614 17 8 42
1076 17 8 29
5392 17 8 21
620 17 8 12
2757 17 8 3
2373 17 9 87
3644 17 9 80
4329 17 9 68
4939 17 9 60
1810 17 9 50
4509 17 9 41
3290 17 9 31
4593 17 9 21
5485 17 9 11
5530 17 9 3
946 17 11 87
2979 17 11 80
2586 17 11 68
4822 17 11 60
1383 17 11 50
3978 17 11 41
1429 17 11 31
3602 17 11 21
3558 17 11 11
2850 17 11 3
3715 17 12 86
1682 17 12 77
4029 17 12 68
2060 17 12 60
1551 17 12 49
1422 17 12 40
1349 17 12 33
4186 17 12 22
726 17 12 14
3321 17 12 3
2659 17 13 86
4396 17 13 76
524 17 13 69
255 17 13 59
2035 17 13 49
1388 17 13 40
759 17 13 33
1496 17 13 22
4993 17 13 13
2415 17 13 3
1534 17 14 86
4352 17 14 76
224 17 14 69
2338 17 14 58
4064 17 14 49
844 17 14 40
2832 17 14 32
3295 17 14 22
4951 17 14 13
3727 17 14 2
826 17 16 86
3155 17 16 76
3475 17 16 68
276 17 16 60
1044 17 16 49
113 17 16 40
1415 17 16 32
3061 17 16 22
4942 17 16 13
1233 17 16 2
313 17 17 86
2636 17 17 76
2664 17 17 68
233 17 17 60
432 17 17 49
4538 17 17 39
3200 17 17 31
1606 17 17 21
2950 17 17 11
928 17 17 3
4760 17 18 85
353 17 18 78
3967 17 18 68
5159 17 18 59
308 17 18 49
4492 17 18 39
1605 17 18 31
4463 17 18 20
4082 17 18 11
464 17 18 3
3153 17 19 85
17 17 19 78
1449 17 19 68
2039 17 19 59
5730 17 19 48
4187 17 19 42
543 17 19 29
4568 17 19 21
2922 17 19 11
5405 17 19 2
859 18 0 85
4245 18 0 77
3917 18 0 68
1386 18 0 59
5695 18 0 48
4171 18 0 42
3955 18 0 28
2583 18 0 20
3517 18 0 11
5082 18 0 2
2337 18 2 84
983 18 2 73
920 18 2 60
312 18 2 49
3885 18 2 39
2735 18 2 30
2180 18 2 18
3831 18 2 9
5567 18 2 1
1671 18 4 84
4937 18 4 72
1396 18 4 64
197 18 4 55
1129 18 4 48
4977 18 4 41
1054 18 4 31
2397 18 4 20
3030 18 4 11
5025 18 4 2
4558 18 6 83
1356 18 6 73
5524 18 6 59
4957 18 6 48
2687 18 6 41
611 18 6 31
722 18 6 20
1864 18 6 11
4637 18 6 2
2160 19 0 83
5477 19 0 72
1224 19 0 64
5740 19 0 54
1692 19 0 48
2647 19 0 41
456 19 0 31
533 19 0 20
691 19 0 11
4553 19 0 2
671 19 2 83
3737 19 2 72
4899 19 2 63
716 19 2 56
1827 19 2 47
3600 19 2 38
2891 19 2 29
3217 19 2 21
2021 19 2 10
194 19 2 1
3584 19 3 82
1109 19 3 73
5288 19 3 59
3127 19 3 48
1423 19 3 41
110 19 3 31
291 19 3 20
5437 19 3 10
5504 19 3 1
420 19 4 82
3673 19 4 72
4678 19 4 63
5286 19 4 55
846 19 4 48
1135 19 4 41
4530 19 4 30
1093 19 4 18
3056 19 4 9
2712 19 4 1
4794 19 6 81
4466 19 6 71
4765 19 6 61
2286 19 6 51
5668 19 6 40
978 19 6 32
1616 19 6 22
4049 19 6 13
1181 19 6 2
2903 19 7 81
3979 19 7 71
4133 19 7 61
1198 19 7 51
5100 19 7 40
812 19 7 32
471 19 7 21
1745 19 7 10
2077 19 7 1
1736 19 8 80
2355 19 8 68
850 19 8 59
2100 19 8 48
4156 19 8 40
5627 19 8 31
285 19 8 20
5291 19 8 10
192 19 9 77
2914 19 9 68
5157 19 9 58
3940 19 9 49
336 19 9 39
2033 19 9 30
3987 19 9 17
1051 19 9 8
5579 19 10 76
2375 19 10 68
5003 19 10 58
5706 19 10 48
4007 19 10 40
4647 19 10 31
5148 19 10 19
1246 19 10 12
1814 19 10 3
3003 19 11 76
1641 19 11 68
4266 19 11 58
4609 19 11 48
3710 19 11 40
2417 19 11 31
4915 19 11 19
1118 19 11 12
1122 19 11 3
3434 19 12 75
3908 19 12 67
1424 19 12 60
5586 19 12 48
5198 19 12 39
649 19 12 30
2717 19 12 17
619 19 12 8
5495 19 13 73
1861 19 13 59
1410 19 13 48
3738 19 13 39
176 19 13 30
2002 19 13 17
122 19 13 8
4792 19 14 64
5636 19 14 54
1486 19 14 48
3075 19 14 39
4573 19 14 29
630 19 14 21
1458 19 14 10
3359 19 15 60
5395 19 15 48
1539 19 15 39
2163 19 15 28
1529 19 15 20
4361 19 15 10
3360 19 16 50
2822 19 16 41
3607 19 16 30
579 19 16 17
3512 19 16 7
4736 19 17 95
4068 19 17 87
2927 19 17 80
1461 19 17 68
4238 19 17 57
3169 19 17 50
2227 19 17 41
518 19 17 30
5380 19 17 16
1922 19 17 9
654 19 18 95
2489 19 18 87
5558 19 18 79
914 19 18 71
3044 19 18 61
2112 19 18 50
5700 19 18 40
1489 19 18 31
4645 19 18 19
714 19 18 12
605 19 18 3
3546 19 19 94
3706 19 19 86
2610 19 19 76
453 19 19 68
1495 19 19 57
3010 19 19 50
5554 19 19 40
988 19 19 31
2138 19 19 19
571 19 19 12
4113 19 19 2
