2393
2866 0 0 98
3230 0 0 93
799 0 0 89
3354 0 0 85
1000 0 0 82
303 0 0 79
1097 0 0 77
1490 0 0 74
897 0 0 71
3560 0 0 67
3208 0 0 63
2312 0 0 61
1313 0 0 59
309 0 0 56
281 0 0 53
3399 0 0 50
2518 0 0 47
1887 0 0 43
496 0 0 40
1989 0 0 36
2527 0 0 33
1052 0 0 29
3387 0 0 26
904 0 0 24
529 0 0 22
2379 0 0 18
2707 0 0 14
2961 0 0 12
2831 0 0 10
1623 0 0 8
1852 0 0 6
681 0 0 4
405 0 0 1
1767 0 1 97
3625 0 1 94
1512 0 1 92
3210 0 1 88
2550 0 1 85
598 0 1 82
995 0 1 78
400 0 1 74
515 0 1 70
2037 0 1 66
10 0 1 64
2796 0 1 61
3466 0 1 57
3511 0 1 52
2036 0 1 49
3611 0 1 46
3533 0 1 41
3097 0 1 37
2253 0 1 32
70 0 1 30
1692 0 1 27
2512 0 1 24
666 0 1 20
2949 0 1 17
1816 0 1 13
3443 0 1 10
1103 0 1 6
1614 0 1 2
739 0 2 97
2446 0 2 94
2044 0 2 91
3347 0 2 88
1024 0 2 85
2643 0 2 81
2163 0 2 78
2936 0 2 73
2237 0 2 70
1521 0 2 65
2856 0 2 63
3563 0 2 60
2896 0 2 56
3507 0 2 52
104 0 2 49
1025 0 2 46
2134 0 2 41
94 0 2 37
2172 0 2 32
867 0 2 28
1677 0 2 24
54 0 2 20
1915 0 2 17
1140 0 2 12
2968 0 2 9
893 0 2 7
842 0 2 5
2241 0 2 3
948 0 2 1
2204 0 3 95
2893 0 3 91
2691 0 3 87
2847 0 3 81
1259 0 3 78
2785 0 3 73
1249 0 3 69
540 0 3 66
919 0 3 63
2757 0 3 59
2731 0 3 55
637 0 3 52
2601 0 3 48
1659 0 3 45
1594 0 3 42
2558 0 3 40
1701 0 3 36
1814 0 3 33
3497 0 3 28
1293 0 3 23
2648 0 3 19
3478 0 3 17
3486 0 3 11
1284 0 3 8
3120 0 3 5
2956 0 3 2
443 0 4 95
2663 0 4 91
265 0 4 87
218 0 4 80
2319 0 4 78
1578 0 4 73
533 0 4 69
3580 0 4 65
2726 0 4 62
1411 0 4 59
3408 0 4 54
860 0 4 52
532 0 4 47
3291 0 4 42
2001 0 4 40
738 0 4 36
1261 0 4 32
2900 0 4 27
3413 0 4 23
1655 0 4 19
2899 0 4 17
3273 0 4 11
2006 0 4 7
2513 0 4 3
2007 0 5 94
1626 0 5 89
1265 0 5 85
2578 0 5 80
2235 0 5 78
277 0 5 73
3107 0 5 68
2909 0 5 65
1921 0 5 62
1973 0 5 58
3488 0 5 56
2147 0 5 51
871 0 5 49
3222 0 5 45
1960 0 5 41
1562 0 5 36
1231 0 5 32
1472 0 5 27
1374 0 5 23
1315 0 5 19
2189 0 5 17
778 0 5 11
1551 0 5 7
3136 0 5 2
1360 0 6 94
142 0 6 89
3258 0 6 84
1674 0 6 81
2055 0 6 77
2072 0 6 73
1222 0 6 68
2531 0 6 65
1004 0 6 62
353 0 6 58
3317 0 6 55
3491 0 6 51
3570 0 6 47
1109 0 6 42
274 0 6 40
3525 0 6 35
271 0 6 31
456 0 6 29
2091 0 6 26
502 0 6 23
1200 0 6 19
1797 0 6 16
507 0 6 13
3351 0 6 10
582 0 6 6
2943 0 6 2
1170 0 7 94
3164 0 7 88
1236 0 7 84
3412 0 7 80
2827 0 7 77
3315 0 7 72
2287 0 7 69
2815 0 7 64
3589 0 7 60
2496 0 7 55
3109 0 7 51
231 0 7 47
928 0 7 42
3279 0 7 39
1596 0 7 36
150 0 7 32
1228 0 7 26
3548 0 7 22
3067 0 7 17
442 0 7 11
1001 0 7 7
713 0 7 2
1150 0 8 94
3100 0 8 88
1541 0 8 83
1338 0 8 81
2031 0 8 77
2202 0 8 72
3435 0 8 68
2047 0 8 64
1277 0 8 60
2315 0 8 55
2868 0 8 51
2059 0 8 46
1484 0 8 41
723 0 8 35
3092 0 8 30
1842 0 8 26
2139 0 8 22
2911 0 8 16
535 0 8 12
2958 0 8 8
718 0 8 4
1075 0 9 94
2612 0 9 88
3370 0 9 82
682 0 9 78
1500 0 9 72
3330 0 9 68
2844 0 9 63
393 0 9 59
613 0 9 54
2776 0 9 51
2101 0 9 45
1857 0 9 41
2551 0 9 34
1356 0 9 32
1218 0 9 26
2105 0 9 22
2229 0 9 16
76 0 9 12
1790 0 9 8
683 0 9 4
572 0 10 94
2404 0 10 88
3276 0 10 82
3532 0 10 77
1384 0 10 72
1642 0 10 68
1757 0 10 63
166 0 10 59
3538 0 10 52
2650 0 10 46
2770 0 10 40
2729 0 10 35
1606 0 10 30
1345 0 10 25
1700 0 10 22
652 0 10 16
2178 0 10 11
2772 0 10 6
1308 0 10 2
1295 0 11 93
3149 0 11 88
2115 0 11 82
1483 0 11 77
1349 0 11 72
482 0 11 68
1545 0 11 63
1688 0 11 58
2618 0 11 52
2461 0 11 46
2502 0 11 40
244 0 11 34
3339 0 11 30
1297 0 11 24
3184 0 11 19
3250 0 11 14
3106 0 11 11
1341 0 11 6
3562 0 12 92
17 0 12 88
774 0 12 82
806 0 12 77
3418 0 12 71
2803 0 12 65
3196 0 12 60
324 0 12 55
1536 0 12 51
2073 0 12 44
2955 0 12 40
312 0 12 32
24 0 12 26
1077 0 12 21
1496 0 12 19
2476 0 12 14
1524 0 12 11
337 0 12 6
1285 0 13 91
3024 0 13 86
2293 0 13 84
2598 0 13 80
330 0 13 77
3079 0 13 71
2572 0 13 65
2810 0 13 60
2022 0 13 54
1280 0 13 50
1244 0 13 45
776 0 13 41
2499 0 13 34
2503 0 13 29
1929 0 13 26
129 0 13 21
3201 0 13 17
44 0 13 11
2445 0 13 5
489 0 14 91
2316 0 14 86
837 0 14 82
3558 0 14 76
2041 0 14 73
2478 0 14 67
965 0 14 63
2155 0 14 57
2331 0 14 52
1241 0 14 46
543 0 14 40
198 0 14 32
3396 0 14 25
3353 0 14 19
2227 0 14 13
3096 0 14 9
2784 0 14 6
144 0 15 91
879 0 15 86
1977 0 15 81
3612 0 15 76
3379 0 15 72
302 0 15 68
325 0 15 63
556 0 15 57
3607 0 15 51
791 0 15 44
2303 0 15 39
2675 0 15 35
983 0 15 30
1283 0 15 24
2674 0 15 19
1784 0 15 13
1363 0 15 9
821 0 15 5
954 0 16 90
2620 0 16 88
731 0 16 82
3364 0 16 76
1607 0 16 72
2386 0 16 67
826 0 16 63
2020 0 16 56
384 0 16 51
2677 0 16 43
3358 0 16 38
1550 0 16 34
1422 0 16 29
2671 0 16 24
1848 0 16 19
1595 0 16 13
1742 0 16 8
1333 0 16 3
657 0 17 87
2011 0 17 79
2424 0 17 76
1421 0 17 72
306 0 17 67
2004 0 17 62
3190 0 17 57
3606 0 17 51
2217 0 17 43
2792 0 17 38
2289 0 17 33
2561 0 17 28
583 0 17 23
1182 0 17 19
2867 0 17 12
1673 0 17 8
3551 0 17 2
3635 0 18 86
1953 0 18 81
3009 0 18 76
2553 0 18 71
1691 0 18 65
2635 0 18 60
1737 0 18 54
1061 0 18 50
100 0 18 45
2781 0 18 40
2508 0 18 31
504 0 18 27
1202 0 18 23
146 0 18 19
2857 0 18 12
1586 0 18 8
3084 0 18 2
1933 0 19 86
1260 0 19 81
1651 0 19 76
2126 0 19 71
1436 0 19 65
1625 0 19 60
1507 0 19 54
2861 0 19 49
2261 0 19 44
2169 0 19 39
2571 0 19 35
721 0 19 30
2828 0 19 23
3006 0 19 18
2336 0 19 14
1552 0 19 10
1843 0 19 5
863 2 0 86
2630 2 0 80
1407 2 0 75
1937 2 0 73
1878 2 0 67
957 2 0 62
151 2 0 57
2973 2 0 51
2098 2 0 43
2400 2 0 38
419 2 0 33
3436 2 0 27
1331 2 0 22
3248 2 0 15
65 2 0 12
2010 2 0 7
256 2 0 2
458 2 1 86
1208 2 1 80
2817 2 1 74
3031 2 1 68
2314 2 1 62
2548 2 1 56
55 2 1 51
1654 2 1 43
1520 2 1 38
11 2 1 33
2709 2 1 27
2250 2 1 21
3040 2 1 17
2441 2 1 10
638 2 1 5
2376 2 2 85
1440 2 2 80
2087 2 2 74
648 2 2 68
414 2 2 62
2370 2 2 56
2090 2 2 50
79 2 2 45
2582 2 2 40
898 2 2 31
253 2 2 26
2992 2 2 20
1624 2 2 17
2048 2 2 10
3550 2 2 3
2129 2 3 84
2983 2 3 79
2398 2 3 75
2345 2 3 72
3503 2 3 66
468 2 3 63
1163 2 3 56
351 2 3 50
2356 2 3 44
944 2 3 39
2310 2 3 34
243 2 3 29
2480 2 3 24
245 2 3 19
3005 2 3 11
2323 2 3 4
1612 2 4 84
2423 2 4 79
621 2 4 75
973 2 4 71
705 2 4 65
741 2 4 60
656 2 4 54
2807 2 4 49
641 2 4 44
2060 2 4 37
1777 2 4 32
2021 2 4 25
188 2 4 19
2627 2 4 11
2207 2 4 4
1346 2 5 84
843 2 5 79
441 2 5 75
50 2 5 69
1615 2 5 64
252 2 5 60
2841 2 5 53
2239 2 5 49
3072 2 5 42
2395 2 5 39
2251 2 5 34
3274 2 5 28
439 2 5 23
2883 2 5 17
1574 2 5 10
3203 2 5 3
2560 2 6 83
319 2 6 80
912 2 6 74
2557 2 6 67
285 2 6 62
1689 2 6 56
3287 2 6 49
702 2 6 42
3321 2 6 38
998 2 6 32
1003 2 6 25
3394 2 6 18
1093 2 6 14
2577 2 6 9
316 2 6 4
3286 2 7 82
735 2 7 76
1712 2 7 71
690 2 7 65
3374 2 7 59
2111 2 7 52
379 2 7 46
2273 2 7 39
2919 2 7 33
2458 2 7 27
2881 2 7 20
1758 2 7 16
329 2 7 11
2939 2 7 3
2875 2 9 81
1515 2 9 76
1557 2 9 71
3032 2 9 64
3138 2 9 59
1703 2 9 52
3415 2 9 45
1907 2 9 40
3463 2 9 30
1831 2 9 23
2437 2 9 17
934 2 9 10
2988 2 9 3
1579 2 10 79
3546 2 10 74
3444 2 10 66
3141 2 10 62
3459 2 10 55
1433 2 10 50
1457 2 10 44
2028 2 10 37
1776 2 10 32
1908 2 10 24
3160 2 10 18
853 2 10 14
895 2 10 9
3359 2 10 3
385 2 11 79
916 2 11 74
2878 2 11 66
450 2 11 62
3022 2 11 55
2545 2 11 49
625 2 11 41
2483 2 11 34
3220 2 11 28
781 2 11 22
3053 2 11 15
1399 2 11 11
2058 2 11 3
363 2 12 79
68 2 12 74
2137 2 12 66
3340 2 12 61
3409 2 12 56
2764 2 12 49
2537 2 12 40
2806 2 12 30
887 2 12 23
1959 2 12 17
668 2 12 10
1950 2 12 3
1751 2 13 73
1644 2 13 67
34 2 13 62
1246 2 13 55
2177 2 13 49
1162 2 13 40
2270 2 13 30
368 2 13 23
412 2 13 17
2639 2 13 9
2607 2 13 3
1469 2 14 72
2056 2 14 66
2317 2 14 61
1766 2 14 56
2641 2 14 49
372 2 14 40
939 2 14 30
2118 2 14 22
2263 2 14 14
866 2 14 9
3057 2 14 2
1304 2 15 68
3583 2 15 61
1572 2 15 56
1652 2 15 49
250 2 15 40
609 2 15 30
1941 2 15 22
1796 2 15 14
3474 2 15 8
2414 2 15 2
176 2 17 65
1963 2 17 58
2274 2 17 52
974 2 17 45
1733 2 17 40
169 2 17 30
1006 2 17 22
1153 2 17 14
3419 2 17 8
931 2 17 1
1836 2 18 61
15 2 18 56
3161 2 18 48
1920 2 18 43
695 2 18 38
3193 2 18 31
137 2 18 26
2768 2 18 20
288 2 18 15
1204 2 18 11
993 2 18 3
1266 2 19 98
2659 2 19 93
2996 2 19 88
3522 2 19 81
98 2 19 76
537 2 19 71
2595 2 19 64
3030 2 19 58
1561 2 19 52
608 2 19 45
578 2 19 40
3355 2 19 29
1986 2 19 24
2408 2 19 18
41 2 19 14
3142 2 19 8
113 2 19 2
2521 3 0 96
148 3 0 92
1428 3 0 87
1663 3 0 79
3448 3 0 73
1600 3 0 67
1869 3 0 61
3326 3 0 55
1230 3 0 48
1451 3 0 43
554 3 0 38
2985 3 0 31
2821 3 0 25
1378 3 0 18
3468 3 0 13
2921 3 0 7
3268 3 0 1
2256 3 9 96
2824 3 9 91
2555 3 9 85
1015 3 9 80
203 3 9 74
1809 3 9 66
1773 3 9 61
2394 3 9 55
3180 3 9 47
1736 3 9 41
78 3 9 33
1143 3 9 27
1804 3 9 20
3083 3 9 14
2871 3 9 8
27 3 9 1
2696 3 10 95
2116 3 10 91
1970 3 10 85
644 3 10 80
2646 3 10 73
508 3 10 67
1271 3 10 61
1238 3 10 55
2690 3 10 47
1680 3 10 41
1759 3 10 32
1290 3 10 24
1727 3 10 18
3344 3 10 13
2787 3 10 7
1042 3 11 95
1872 3 11 91
937 3 11 85
2515 3 11 79
1117 3 11 73
3241 3 11 66
1466 3 11 61
2240 3 11 54
2525 3 11 49
205 3 11 40
2839 3 11 29
1641 3 11 24
3530 3 11 17
3037 3 11 8
561 3 12 95
3523 3 12 90
2410 3 12 86
3630 3 12 79
466 3 12 73
1807 3 12 66
1149 3 12 61
1119 3 12 54
1317 3 12 49
3498 3 12 39
1798 3 12 33
2300 3 12 26
2609 3 12 20
975 3 12 14
1799 3 12 8
2552 3 13 94
1488 3 13 88
3185 3 13 81
61 3 13 76
3205 3 13 70
2429 3 13 64
2277 3 13 58
1336 3 13 52
2267 3 13 44
1645 3 13 37
1435 3 13 32
2491 3 13 23
3559 3 13 16
310 3 13 11
340 3 13 3
1910 3 14 94
300 3 14 88
947 3 14 81
2523 3 14 75
2854 3 14 68
1634 3 14 61
678 3 14 54
611 3 14 49
1748 3 14 39
1027 3 14 33
1825 3 14 26
2838 3 14 19
3469 3 14 10
1750 3 14 3
746 3 15 94
2530 3 15 87
890 3 15 79
2233 3 15 72
1498 3 15 66
691 3 15 61
410 3 15 54
199 3 15 49
661 3 15 39
454 3 15 33
315 3 15 26
2191 3 15 19
1060 3 15 10
1301 3 15 3
3585 3 17 93
3064 3 17 87
1255 3 17 78
811 3 17 72
733 3 17 66
3270 3 17 60
1638 3 17 53
3487 3 17 48
1065 3 17 43
3077 3 17 37
195 3 17 32
1812 3 17 23
1681 3 17 16
1355 3 17 10
2705 3 17 2
1397 3 18 93
1979 3 18 87
1068 3 18 78
35 3 18 72
322 3 18 66
2280 3 18 60
1185 3 18 53
3014 3 18 48
994 3 18 43
2080 3 18 37
2190 3 18 31
1923 3 18 25
1309 3 18 18
3122 3 18 13
1497 3 18 7
635 3 19 93
3218 3 19 86
990 3 19 79
1997 3 19 72
2420 3 19 65
399 3 19 58
1275 3 19 51
525 3 19 43
728 3 19 37
805 3 19 31
1783 3 19 25
2732 3 19 17
1159 3 19 8
3263 4 0 92
1135 4 0 87
472 4 0 78
3021 4 0 71
3211 4 0 63
649 4 0 56
2546 4 0 48
444 4 0 43
1822 4 0 35
3499 4 0 29
1380 4 0 24
2872 4 0 17
1038 4 0 8
3090 4 1 92
933 4 1 87
3621 4 1 76
2158 4 1 70
1563 4 1 64
1893 4 1 58
1051 4 1 51
63 4 1 43
1448 4 1 35
2703 4 1 29
3278 4 1 23
3380 4 1 15
1034 4 1 11
1223 4 1 2
2686 4 2 92
854 4 2 87
3467 4 2 76
792 4 2 70
2698 4 2 63
290 4 2 56
2039 4 2 48
3088 4 2 42
1316 4 2 38
2928 4 2 31
855 4 2 25
1310 4 2 17
3017 4 2 7
1707 4 3 92
1629 4 3 86
917 4 3 79
1958 4 3 72
484 4 3 65
2834 4 3 57
421 4 3 51
3127 4 3 41
1509 4 3 32
1167 4 3 23
2252 4 3 15
1009 4 3 10
1952 4 3 2
1288 4 4 92
1367 4 4 86
3251 4 4 78
2715 4 4 71
1746 4 4 62
825 4 4 55
2576 4 4 47
1444 4 4 41
3305 4 4 31
3140 4 4 24
1935 4 4 17
2166 4 4 7
3636 4 5 91
2487 4 5 83
3501 4 5 79
1548 4 5 72
264 4 5 65
4 4 5 57
3485 4 5 50
712 4 5 44
562 4 5 37
607 4 5 31
618 4 5 24
580 4 5 17
996 4 5 7
3352 4 6 91
3226 4 6 82
62 4 6 76
521 4 6 70
2679 4 6 63
585 4 6 55
3500 4 6 46
299 4 6 38
69 4 6 31
407 4 6 24
403 4 6 17
3112 4 6 6
2559 4 7 91
1194 4 7 82
3177 4 7 75
2291 4 7 68
1449 4 7 61
2348 4 7 53
3395 4 7 47
586 4 7 41
3027 4 7 30
506 4 7 22
654 4 7 14
1756 4 7 8
1740 4 9 91
2536 4 9 81
2431 4 9 75
793 4 9 68
1289 4 9 61
1670 4 9 52
743 4 9 44
1739 4 9 36
3219 4 9 31
267 4 9 24
388 4 9 17
2432 4 9 5
852 4 17 91
2493 4 17 81
1364 4 17 75
459 4 17 68
1516 4 17 60
2517 4 17 52
574 4 17 44
1302 4 17 36
3016 4 17 31
39 4 17 23
1806 4 17 15
768 4 17 10
1056 4 17 2
3260 5 7 90
2174 5 7 86
3056 5 7 78
2966 5 7 70
2511 5 7 63
2711 5 7 54
588 5 7 48
1821 5 7 42
800 5 7 38
3167 5 7 30
3624 5 7 21
2213 5 7 17
1571 5 7 5
3175 5 9 90
145 5 9 86
1683 5 9 78
513 5 9 70
240 5 9 63
1932 5 9 54
763 5 9 47
3214 5 9 40
902 5 9 29
1172 5 9 23
868 5 9 15
3320 5 9 9
2588 5 9 2
2887 5 11 90
3008 5 11 85
2070 5 11 79
1130 5 11 72
612 5 11 64
1165 5 11 56
1971 5 11 48
1546 5 11 42
2387 5 11 37
3632 5 11 30
449 5 11 21
1390 5 11 17
627 5 11 5
2664 5 12 90
1760 5 12 85
1781 5 12 79
2619 5 12 71
802 5 12 62
1417 5 12 54
2918 5 12 46
209 5 12 38
2019 5 12 30
124 5 12 20
293 5 12 14
2964 5 12 7
2504 5 14 90
2589 5 14 84
845 5 14 78
3405 5 14 69
579 5 14 64
217 5 14 56
841 5 14 48
970 5 14 42
1943 5 14 37
3610 5 14 30
2464 5 14 19
1039 5 14 10
3310 5 14 1
2100 6 1 90
1811 6 1 84
815 6 1 78
2265 6 1 69
2645 6 1 63
1547 6 1 54
2276 6 1 46
3198 6 1 37
2097 6 1 30
1871 6 1 19
724 6 1 10
1258 6 1 1
1505 6 2 90
2837 6 2 83
2880 6 2 79
1566 6 2 71
2832 6 2 61
1219 6 2 52
3217 6 2 43
1173 6 2 35
2450 6 2 29
786 6 2 23
206 6 2 15
2448 6 2 9
2427 6 2 2
1468 6 3 90
2615 6 3 83
2583 6 3 79
1526 6 3 71
2257 6 3 61
89 6 3 52
2236 6 3 43
413 6 3 35
3302 6 3 28
526 6 3 22
2 6 3 14
2283 6 3 7
3216 6 4 89
1949 6 4 84
2986 6 4 77
2793 6 4 71
2136 6 4 61
3602 6 4 51
3082 6 4 41
2889 6 4 30
1649 6 4 19
1475 6 4 9
66 6 4 2
2430 6 5 88
2614 6 5 80
1361 6 5 73
2282 6 5 65
56 6 5 56
610 6 5 48
2146 6 5 40
130 6 5 28
3098 6 5 21
659 6 5 17
23 6 5 5
2329 6 6 88
2339 6 6 80
1033 6 6 73
1710 6 6 65
3519 6 6 55
3350 6 6 46
1073 6 6 37
1771 6 6 29
650 6 6 23
87 6 6 15
2071 6 6 9
602 6 6 1
478 6 7 87
1770 6 7 75
2748 6 7 67
717 6 7 61
1717 6 7 51
2264 6 7 41
2495 6 7 30
3327 6 7 18
2130 6 7 13
2389 6 7 5
190 6 9 86
3194 6 9 77
2328 6 9 71
1718 6 9 61
3087 6 9 50
1849 6 9 42
3634 6 9 36
1719 6 9 30
1090 6 9 18
398 6 9 13
2066 6 9 5
2979 6 11 85
80 6 11 79
595 6 11 71
1927 6 11 60
2125 6 11 52
1743 6 11 43
95 6 11 35
2260 6 11 28
2981 6 11 21
1801 6 11 16
2164 6 11 9
1188 6 12 85
2141 6 12 78
3437 6 12 68
1337 6 12 60
818 6 12 52
1503 6 12 43
42 6 12 35
1859 6 12 28
2749 6 12 21
295 6 12 16
266 6 12 9
249 6 14 84
2965 6 14 77
2113 6 14 71
1059 6 14 60
548 6 14 52
1570 6 14 42
3524 6 14 36
1242 6 14 30
819 6 14 18
272 6 14 13
1127 6 14 5
3561 6 15 82
2913 6 15 75
1577 6 15 67
849 6 15 60
257 6 15 52
1279 6 15 42
3323 6 15 36
2836 6 15 29
492 6 15 23
3148 6 15 14
1745 6 15 7
2954 6 16 82
2740 6 16 75
3368 6 16 66
160 6 16 60
3439 6 16 51
436 6 16 41
2081 6 16 30
664 6 16 18
3378 6 16 12
1685 6 16 7
2737 6 17 80
769 6 17 73
3116 6 17 64
2540 6 17 55
2901 6 17 46
3153 6 17 36
2809 6 17 29
2298 6 17 22
3397 6 17 13
689 6 17 5
3325 6 18 78
3275 6 18 68
1229 6 18 60
3640 6 18 50
708 6 18 42
2311 6 18 36
2454 6 18 29
3375 6 18 21
2747 6 18 15
1753 6 18 9
397 6 19 77
1964 6 19 71
1041 6 19 60
3094 6 19 50
516 6 19 41
1080 6 19 30
3212 6 19 16
86 6 19 9
2859 7 1 76
2599 7 1 69
2642 7 1 63
1525 7 1 54
3407 7 1 45
3382 7 1 39
2474 7 1 32
3126 7 1 22
3206 7 1 13
3155 7 1 4
2023 7 2 63
1144 7 2 54
3235 7 2 45
2842 7 2 38
1085 7 2 30
2760 7 2 16
3527 7 2 8
2782 7 3 96
2281 7 3 91
2165 7 3 81
1351 7 3 75
3356 7 3 66
3338 7 3 59
2361 7 3 51
307 7 3 41
783 7 3 30
2132 7 3 16
334 7 3 8
3343 7 4 94
1 7 4 87
1138 7 4 75
2089 7 4 66
1339 7 4 59
2231 7 4 51
3438 7 4 40
2800 7 4 27
1501 7 4 20
97 7 4 14
3591 7 4 6
3493 7 5 93
2468 7 5 86
3181 7 5 77
824 7 5 71
568 7 5 60
2625 7 5 50
680 7 5 40
2367 7 5 27
1205 7 5 20
3593 7 5 13
1429 7 5 4
3329 7 6 93
725 7 6 86
38 7 6 77
347 7 6 71
8 7 6 60
2382 7 6 50
655 7 6 40
714 7 6 27
546 7 6 20
2953 7 6 13
1057 7 6 4
794 7 7 93
227 7 7 86
1151 7 7 76
1962 7 7 69
2068 7 7 63
2018 7 7 53
2910 7 7 47
1956 7 7 40
2750 7 7 26
3262 7 7 18
1630 7 7 12
3628 7 7 6
3594 7 9 92
875 7 9 86
1028 7 9 76
2924 7 9 68
510 7 9 60
2014 7 9 50
3526 7 9 39
2449 7 9 32
2347 7 9 22
1877 7 9 13
135 7 9 4
3121 7 11 92
3596 7 11 85
1828 7 11 78
968 7 11 68
491 7 11 60
1464 7 11 50
2882 7 11 39
2447 7 11 32
223 7 11 22
3365 7 11 12
2223 7 11 6
2262 7 14 92
2649 7 14 85
1762 7 14 78
820 7 14 68
2470 7 14 59
1479 7 14 51
3298 7 14 40
1590 7 14 26
2972 7 14 18
1627 7 14 12
1393 7 14 6
1342 7 15 92
2288 7 15 85
2989 7 15 77
1522 7 15 70
2914 7 15 62
88 7 15 54
977 7 15 45
2721 7 15 38
339 7 15 30
2489 7 15 15
490 7 15 9
830 7 16 92
1899 7 16 85
2969 7 16 77
1062 7 16 70
1897 7 16 62
3517 7 16 53
2514 7 16 47
1430 7 16 40
495 7 16 26
25 7 16 18
832 7 16 12
3403 7 16 5
3588 7 17 90
2108 7 17 83
3520 7 17 78
2858 7 17 67
2199 7 17 59
1335 7 17 51
1221 7 17 40
3555 7 17 25
2976 7 17 16
3322 7 17 7
2248 7 18 89
1371 7 18 84
2680 7 18 76
2272 7 18 68
2225 7 18 59
3178 7 18 50
2840 7 18 39
1881 7 18 32
1531 7 18 21
2109 7 18 15
2477 7 18 8
1922 7 19 89
859 7 19 84
2337 7 19 76
2096 7 19 68
1603 7 19 59
2416 7 19 49
2490 7 19 38
3372 7 19 29
3041 7 19 21
1650 7 19 15
2279 7 19 7
1906 8 1 89
605 8 1 84
2208 8 1 76
1889 8 1 68
1458 8 1 58
524 8 1 51
2975 8 1 39
1408 8 1 32
1101 8 1 21
1477 8 1 15
2457 8 1 6
2221 9 1 88
2321 9 1 79
1592 9 1 70
1538 9 1 62
3253 9 1 53
1152 9 1 47
1233 9 1 40
982 9 1 25
2200 9 1 16
3035 9 1 7
1779 9 3 88
2246 9 3 79
2769 9 3 69
1844 9 3 63
417 9 3 53
2894 9 3 46
1744 9 3 36
2102 9 3 29
2579 9 3 21
2568 9 3 13
1584 9 3 3
1322 9 4 88
3360 9 4 78
2077 9 4 67
2179 9 4 59
1904 9 4 49
1318 9 4 38
1621 9 4 29
1896 9 4 21
1347 9 4 13
3383 9 4 2
3429 9 5 87
2897 9 5 73
2851 9 5 64
2110 9 5 55
929 9 5 46
3385 9 5 35
1447 9 5 28
2123 9 5 21
3059 9 5 11
1639 9 5 1
2628 9 6 87
807 9 6 73
1699 9 6 64
685 9 6 55
1795 9 6 45
2292 9 6 37
455 9 6 29
297 9 6 21
2162 9 6 11
889 9 6 1
2088 9 7 87
58 9 7 73
1274 9 7 64
136 9 7 55
697 9 7 45
991 9 7 37
3158 9 7 28
3582 9 7 20
577 9 7 13
1459 9 7 2
276 9 8 87
3111 9 8 72
487 9 8 64
2863 9 8 54
3489 9 8 44
1235 9 8 36
3578 9 8 28
3283 9 8 20
3534 9 8 12
2962 9 8 5
3331 9 9 86
3244 9 9 75
1031 9 9 66
1126 9 9 59
3156 9 9 48
1473 9 9 40
1817 9 9 24
1731 9 9 16
2611 9 9 7
1227 9 10 86
2027 9 10 75
7 9 10 66
3483 9 10 58
354 9 10 51
2775 9 10 39
3169 9 10 31
2801 9 10 22
2950 9 10 12
1882 9 10 5
1047 9 11 86
1633 9 11 75
1598 9 11 65
3490 9 11 55
2876 9 11 44
520 9 11 36
2959 9 11 28
3609 9 11 19
676 9 11 9
967 9 12 86
1008 9 12 75
913 9 12 65
1965 9 12 55
987 9 12 44
3165 9 12 35
512 9 12 28
3539 9 12 19
464 9 12 8
750 9 13 85
2305 9 13 77
3188 9 13 69
3473 9 13 62
3086 9 13 53
1803 9 13 46
1190 9 13 35
3236 9 13 26
2051 9 13 17
2569 9 13 4
3197 9 14 84
1714 9 14 76
377 9 14 67
1580 9 14 58
3089 9 14 50
3613 9 14 38
346 9 14 29
3004 9 14 20
3209 9 14 12
2974 9 14 4
3046 9 15 84
1239 9 15 76
3255 9 15 66
2743 9 15 58
2373 9 15 49
105 9 15 38
707 9 15 28
3233 9 15 19
864 9 15 7
2465 9 16 84
1212 9 16 76
1211 9 16 66
1558 9 16 58
671 9 16 49
3342 9 16 37
2482 9 16 28
1611 9 16 19
2937 9 16 6
1911 9 17 84
43 9 17 76
2062 9 17 65
665 9 17 55
215 9 17 44
3105 9 17 35
1560 9 17 26
2035 9 17 17
2192 9 17 4
2363 9 18 83
3598 9 18 77
2771 9 18 69
3297 9 18 62
2722 9 18 53
3020 9 18 45
1765 9 18 36
1272 9 18 28
2626 9 18 18
542 9 18 12
1591 9 18 4
1518 9 19 83
2905 9 19 77
2467 9 19 69
1761 9 19 62
2597 9 19 53
1905 9 19 45
1452 9 19 36
701 9 19 28
2205 9 19 18
3553 9 19 11
370 9 19 1
3345 10 1 82
242 10 1 75
2284 10 1 64
2362 10 1 54
2045 10 1 44
1307 10 1 35
435 10 1 26
1928 10 1 17
976 10 1 4
795 10 3 79
2327 10 3 69
497 10 3 62
1323 10 3 53
1043 10 3 45
1419 10 3 36
2778 10 3 27
197 10 3 20
1353 10 3 12
3050 10 3 3
3608 10 4 76
1382 10 4 65
3292 10 4 54
3518 10 4 43
2879 10 4 34
601 10 4 28
3264 10 4 17
3061 10 4 3
2030 10 5 76
120 10 5 65
3114 10 5 54
2805 10 5 43
2758 10 5 34
279 10 5 28
31 10 5 17
3139 10 5 2
1035 10 11 76
9 10 11 65
36 10 11 54
1530 10 11 43
2543 10 11 34
1154 10 11 27
3228 10 11 19
2668 10 11 5
501 10 12 72
3476 10 12 63
171 10 12 52
362 10 12 42
1330 10 12 36
2342 10 12 27
2346 10 12 19
1107 10 12 5
1993 10 13 61
1426 10 13 50
3392 10 13 38
1734 10 13 27
1166 10 13 19
269 10 13 5
988 10 14 93
3367 10 14 85
1901 10 14 77
2343 10 14 69
3416 10 14 61
2739 10 14 49
3454 10 14 36
1780 10 14 27
49 10 14 19
93 10 14 3
560 10 15 93
2766 10 15 85
935 10 15 77
355 10 15 69
2471 10 15 61
3461 10 15 47
3207 10 15 39
1365 10 15 31
2046 10 15 22
1754 10 15 12
1403 10 15 3
3575 10 16 92
234 10 16 85
500 10 16 77
332 10 16 69
1879 10 16 61
2285 10 16 47
2076 10 16 39
3033 10 16 30
862 10 16 15
2421 10 16 6
2296 10 17 92
2813 10 17 84
5 10 17 76
2043 10 17 64
2017 10 17 54
742 10 17 43
1370 10 17 34
3285 10 17 26
1884 10 17 17
2891 10 17 2
2196 10 18 92
782 10 18 84
3452 10 18 74
3301 10 18 65
3502 10 18 53
481 10 18 45
538 10 18 36
1485 10 18 27
3346 10 18 18
3542 10 18 11
180 10 18 1
1850 10 19 91
1715 10 19 81
2908 10 19 74
1010 10 19 64
1657 10 19 54
2366 10 19 42
960 10 19 36
1189 10 19 27
3239 10 19 18
3341 10 19 11
3063 11 1 90
1827 11 1 83
2728 11 1 77
1196 11 1 68
3564 11 1 57
3252 11 1 50
1749 11 1 38
1619 11 1 27
2604 11 1 18
2632 11 1 11
1968 11 3 90
1251 11 3 83
1875 11 3 76
2655 11 3 63
2075 11 3 51
2469 11 3 39
2140 11 3 30
1519 11 3 14
2399 11 3 6
1853 11 6 90
628 11 6 83
301 11 6 76
2623 11 6 61
2024 11 6 47
1763 11 6 39
1980 11 6 29
2167 11 6 20
571 11 6 12
1201 11 6 3
75 11 7 90
3537 11 7 82
3309 11 7 74
2533 11 7 63
1582 11 7 51
2245 11 7 39
1156 11 7 29
592 11 7 20
192 11 7 12
692 11 7 3
53 11 9 89
476 11 9 84
3058 11 9 74
1913 11 9 63
1511 11 9 51
1020 11 9 39
2946 11 9 28
2171 11 9 16
2371 11 9 7
3282 11 10 87
2925 11 10 72
1329 11 10 63
1306 11 10 51
434 11 10 38
797 11 10 27
1465 11 10 18
2157 11 10 11
193 11 11 87
744 11 11 71
2452 11 11 59
2215 11 11 48
943 11 11 40
941 11 11 24
620 11 11 16
1115 11 11 7
3333 12 1 86
953 12 1 75
2845 12 1 63
147 12 1 51
161 12 1 38
260 12 1 27
451 12 1 18
77 12 1 11
3091 12 3 86
3073 12 3 74
1892 12 3 63
3154 12 3 50
903 12 3 38
3299 12 3 26
762 12 3 17
2353 12 3 2
2818 12 5 86
2351 12 5 74
1660 12 5 63
3145 12 5 50
2049 12 5 37
1792 12 5 28
1866 12 5 16
164 12 5 7
178 12 6 86
2008 12 6 74
1186 12 6 63
1669 12 6 49
2636 12 6 36
926 12 6 27
275 12 6 18
3183 12 6 10
831 12 7 84
2767 12 7 74
457 12 7 63
248 12 7 49
1738 12 7 36
688 12 7 27
3584 12 7 17
673 12 7 2
3388 12 9 83
111 12 9 76
2354 12 9 61
122 12 9 47
1604 12 9 39
823 12 9 28
587 12 9 15
2357 12 9 6
1565 12 10 83
2644 12 10 75
2788 12 10 63
2390 12 10 47
1431 12 10 39
541 12 10 28
328 12 10 15
1026 12 10 6
950 12 11 83
1863 12 11 75
378 12 11 62
2224 12 11 52
2777 12 11 41
2378 12 11 29
358 12 11 20
108 12 11 12
320 12 11 3
962 12 13 82
1348 12 13 74
3192 12 13 62
2182 12 13 52
2524 12 13 41
1197 12 13 29
3401 12 13 19
3605 12 13 2
756 12 14 82
1120 12 14 74
2349 12 14 62
1532 12 14 52
2352 12 14 41
2509 12 14 28
438 12 14 14
2138 12 14 6
667 12 15 79
156 12 15 69
1602 12 15 61
2590 12 15 46
964 12 15 35
152 12 15 26
389 12 15 17
29 12 15 2
3204 12 16 77
1158 12 16 68
1890 12 16 57
1931 12 16 50
3434 12 16 36
686 12 16 27
2501 12 16 17
1291 12 16 1
2541 12 17 73
1270 12 17 64
1087 12 17 54
1990 12 17 42
922 12 17 36
640 12 17 27
1412 12 17 17
2906 12 17 6
3281 12 18 67
1089 12 18 58
3481 12 18 48
809 12 18 40
732 12 18 24
233 12 18 16
2127 12 18 6
291 12 19 55
2744 12 19 43
1794 12 19 33
873 12 19 25
1157 12 19 16
771 12 19 6
1191 13 1 94
3464 13 1 86
1334 13 1 72
930 13 1 63
1665 13 1 47
258 13 1 39
3054 13 1 27
3479 13 1 16
550 13 1 6
2823 13 3 93
2297 13 3 85
2651 13 3 76
1379 13 3 61
1867 13 3 46
3290 13 3 34
3256 13 3 26
348 13 3 17
262 13 3 6
2765 13 5 93
822 13 5 85
1177 13 5 76
597 13 5 61
1198 13 5 46
3223 13 5 34
292 13 5 26
2724 13 5 16
3547 13 5 5
2566 13 9 92
428 13 9 84
1463 13 9 74
1467 13 9 62
593 13 9 52
2926 13 9 40
3361 13 9 23
138 13 9 14
1786 13 9 6
3574 13 11 91
1303 13 11 81
2516 13 11 74
1021 13 11 62
395 13 11 52
2819 13 11 40
3541 13 11 21
1961 13 11 11
3101 13 19 91
1063 13 19 81
1885 13 19 74
751 13 19 62
183 13 19 52
1999 13 19 40
3449 13 19 21
2203 13 19 10
569 14 9 91
2259 14 9 80
390 14 9 73
992 14 9 64
2672 14 9 53
2862 14 9 44
1116 14 9 35
366 14 9 25
2219 14 9 15
808 14 9 6
364 14 11 91
3012 14 11 78
1343 14 11 67
1998 14 11 57
2970 14 11 49
1232 14 11 35
1537 14 11 24
2122 14 11 15
1613 14 11 4
3311 14 13 90
1215 14 13 82
226 14 13 74
67 14 13 62
1410 14 13 51
1942 14 13 37
924 14 13 28
238 14 13 14
915 14 13 6
1136 14 17 90
927 14 17 82
2980 14 17 73
3171 14 17 63
1237 14 17 47
126 14 17 39
2564 14 17 27
3423 14 17 16
2830 14 17 5
1017 14 19 90
3199 14 19 81
1376 14 19 74
3535 14 19 61
486 14 19 46
1768 14 19 33
817 14 19 25
2188 14 19 15
46 14 19 4
920 15 0 90
2453 15 0 81
3565 15 0 73
2460 15 0 63
1160 15 0 47
2761 15 0 38
167 15 0 26
1362 15 0 16
874 15 0 5
2741 15 1 89
1729 15 1 83
1474 15 1 75
2422 15 1 61
662 15 1 45
3554 15 1 35
1247 15 1 24
694 15 1 15
2330 15 1 3
1917 15 2 89
1667 15 2 83
706 15 2 75
375 15 2 61
3237 15 2 42
1141 15 2 35
959 15 2 24
3246 15 2 14
2549 15 2 5
409 15 3 89
1616 15 3 83
698 15 3 75
1128 15 3 60
422 15 3 50
1938 15 3 36
3432 15 3 26
175 15 3 16
1951 15 3 4
2596 15 5 88
2843 15 5 78
1049 15 5 67
1632 15 5 57
1583 15 5 49
343 15 5 35
357 15 5 24
3074 15 5 14
1155 15 5 5
1805 15 7 88
1912 15 7 78
530 15 7 67
1514 15 7 57
1114 15 7 49
2804 15 7 34
255 15 7 26
3373 15 7 15
1278 15 7 3
1587 15 13 88
1195 15 13 78
3182 15 13 66
1386 15 13 58
2574 15 13 48
210 15 13 40
344 15 13 21
2884 15 13 9
296 15 15 88
196 15 15 78
2915 15 15 66
2617 15 15 57
446 15 15 49
1406 15 15 34
2592 15 15 25
1581 15 15 14
804 15 15 5
2133 15 17 86
1079 15 17 72
3410 15 17 62
26 15 17 51
1789 15 17 37
445 15 17 28
19 15 17 11
2112 16 0 86
949 16 0 72
2573 16 0 62
2520 16 0 49
3637 16 0 33
503 16 0 25
1554 16 0 14
287 16 0 5
1672 16 5 86
2510 16 5 71
2228 16 5 59
3144 16 5 47
2114 16 5 38
2608 16 5 25
986 16 5 14
212 16 5 5
128 16 7 86
71 16 7 71
1813 16 7 59
2519 16 7 47
1994 16 7 38
1845 16 7 23
2826 16 7 13
1398 16 7 2
1281 16 8 85
1095 16 8 76
2670 16 8 60
2301 16 8 49
710 16 8 32
704 16 8 21
2693 16 8 9
555 16 9 85
1030 16 9 76
757 16 9 60
3496 16 9 48
2751 16 9 39
1902 16 9 27
3132 16 9 16
3 16 9 4
3619 16 10 84
3137 16 10 73
770 16 10 63
1066 16 10 47
1656 16 10 38
1730 16 10 23
2405 16 10 13
1193 16 10 2
3324 16 11 84
558 16 11 73
2374 16 11 62
908 16 11 49
162 16 11 31
3389 16 11 21
1044 16 11 9
1254 16 12 84
881 16 12 72
1985 16 12 62
109 16 12 48
2580 16 12 39
3631 16 12 26
3080 16 12 15
2934 16 12 2
622 16 13 84
163 16 13 72
969 16 13 61
2869 16 13 41
785 16 13 28
3482 16 13 10
2692 16 15 83
2407 16 15 73
1982 16 15 62
3215 16 15 46
2938 16 15 32
143 16 15 21
365 16 15 9
3108 16 17 82
2808 16 17 73
722 16 17 62
1416 16 17 46
1880 16 17 32
639 16 17 19
174 16 17 2
18 16 18 82
2451 16 18 73
230 16 18 62
82 16 18 46
2984 16 18 31
3003 16 18 21
1696 16 18 8
350 16 19 80
2462 16 19 71
96 16 19 59
3569 16 19 46
629 16 19 31
1752 16 19 21
2991 16 19 7
3568 17 0 79
3245 17 0 68
1203 17 0 57
20 17 0 49
3076 17 0 30
3316 17 0 12
326 17 0 2
1969 17 2 79
2562 17 2 68
839 17 2 57
2759 17 2 47
1217 17 2 38
311 17 2 20
3303 17 2 10
2391 17 3 78
3494 17 3 64
2393 17 3 53
2119 17 3 44
2795 17 3 34
3545 17 3 24
2334 17 3 14
3402 17 3 4
21 17 5 75
3529 17 5 59
2032 17 5 46
373 17 5 31
1589 17 5 21
1903 17 5 7
715 17 7 70
3627 17 7 61
2481 17 7 39
251 17 7 26
294 17 7 15
1377 17 7 2
1810 17 8 68
170 17 8 57
1824 17 8 47
720 17 8 38
1618 17 8 18
2987 17 8 10
3521 17 9 54
1076 17 9 42
1099 17 9 35
3269 17 9 23
1575 17 9 13
905 17 9 2
1383 17 10 43
1694 17 10 33
352 17 10 25
616 17 10 14
1482 17 10 4
810 17 11 91
2638 17 11 78
1617 17 11 64
2230 17 11 53
1175 17 11 44
3001 17 11 33
3060 17 11 24
1597 17 11 14
1142 17 11 4
3261 17 12 90
2278 17 12 80
1132 17 12 71
2713 17 12 58
2372 17 12 48
1802 17 12 39
1709 17 12 23
331 17 12 13
961 17 12 1
2684 17 13 90
2099 17 13 80
2570 17 13 70
2479 17 13 61
2380 17 13 39
1693 17 13 23
3633 17 13 12
1839 17 13 1
1125 17 15 90
3257 17 15 79
1453 17 15 68
3462 17 15 55
2074 17 15 43
544 17 15 33
2860 17 15 24
462 17 15 14
298 17 15 4
221 17 17 90
2977 17 17 79
1413 17 17 68
2466 17 17 55
1764 17 17 43
47 17 17 33
2733 17 17 24
2244 17 17 13
1111 17 18 89
420 17 18 83
1450 17 18 73
3081 17 18 61
461 17 18 37
2948 17 18 27
631 17 18 16
2567 17 18 3
1555 17 19 88
1252 17 19 77
201 17 19 68
1992 17 19 55
997 17 19 43
3592 17 19 31
759 17 19 21
305 17 19 7
1369 18 0 88
606 18 0 77
2247 18 0 67
235 18 0 57
1263 18 0 46
214 18 0 30
2904 18 0 10
3366 18 2 87
396 18 2 71
2299 18 2 58
2338 18 2 48
3543 18 2 38
125 18 2 17
755 18 2 3
3052 18 3 87
134 18 3 70
2220 18 3 61
165 18 3 36
2835 18 3 26
259 18 3 15
1573 18 3 1
1171 18 5 87
103 18 5 70
1702 18 5 61
848 18 5 35
3110 18 5 23
2485 18 5 12
2419 18 13 86
3531 18 13 70
566 18 13 61
1664 18 13 32
57 18 13 19
2912 18 13 10
2746 18 15 85
557 18 15 76
1100 18 15 58
3427 18 15 47
424 18 15 38
127 18 15 16
564 18 15 3
2456 19 0 85
846 19 0 75
2814 19 0 58
2143 19 0 47
185 19 0 38
2791 19 0 13
1593 19 2 84
552 19 2 71
1442 19 2 58
1443 19 2 47
3229 19 2 37
727 19 2 27
181 19 2 16
447 19 2 3
892 19 3 84
945 19 3 70
1690 19 3 60
2131 19 3 47
3049 19 3 37
345 19 3 27
3202 19 3 15
1118 19 3 1
2438 19 5 82
2302 19 5 73
2704 19 5 59
2013 19 5 46
3011 19 5 29
1032 19 5 19
59 19 5 10
2820 19 6 81
2700 19 6 73
2463 19 6 58
2418 19 6 46
2492 19 6 28
3362 19 6 9
1123 19 7 81
90 19 7 73
2161 19 7 58
3599 19 7 45
1862 19 7 35
2061 19 7 23
2436 19 7 12
32 19 8 80
1631 19 8 70
1086 19 8 60
1257 19 8 47
2669 19 8 37
2443 19 8 26
2802 19 8 14
3334 19 8 3
1926 19 9 79
684 19 9 68
1161 19 9 55
851 19 9 42
872 19 9 35
1622 19 9 23
37 19 9 12
2877 19 10 77
1395 19 10 67
3480 19 10 56
2396 19 10 47
2647 19 10 37
2002 19 10 26
2616 19 10 14
3238 19 10 3
1661 19 11 75
2079 19 11 58
3304 19 11 45
1945 19 11 34
2727 19 11 24
1601 19 11 13
3265 19 12 74
2621 19 12 61
1722 19 12 30
2542 19 12 9
2730 19 13 71
3510 19 13 57
3391 19 13 45
3039 19 13 33
2243 19 13 24
1470 19 13 13
3458 19 15 65
3189 19 15 53
3047 19 15 43
2094 19 15 31
3600 19 15 20
2195 19 15 10
408 19 16 63
1264 19 16 46
3018 19 16 27
2587 19 16 15
2554 19 16 3
2185 19 17 90
2341 19 17 79
2634 19 17 67
3231 19 17 56
1966 19 17 47
1352 19 17 37
1721 19 17 26
2176 19 17 14
2505 19 17 3
730 19 18 90
1414 19 18 79
3450 19 18 66
1508 19 18 57
3019 19 18 45
1891 19 18 32
3369 19 18 18
2683 19 18 9
2685 19 19 89
3566 19 19 82
1620 19 19 73
1214 19 19 56
1535 19 19 47
955 19 19 36
752 19 19 25
3296 19 19 13
