2742
5323 0 0 98
3667 0 0 95
4302 0 0 93
5316 0 0 91
3516 0 0 88
2291 0 0 86
4199 0 0 83
1648 0 0 81
5940 0 0 78
6531 0 0 75
3501 0 0 72
136 0 0 70
3377 0 0 67
2569 0 0 65
2927 0 0 63
4286 0 0 60
5488 0 0 57
2278 0 0 55
3003 0 0 52
4467 0 0 50
5244 0 0 47
5745 0 0 44
3813 0 0 41
5126 0 0 38
5848 0 0 35
2825 0 0 33
1605 0 0 31
961 0 0 29
5744 0 0 26
234 0 0 24
3965 0 0 22
187 0 0 19
6557 0 0 17
6581 0 0 13
5690 0 0 11
4069 0 0 8
4410 0 0 6
6526 0 0 3
896 0 1 98
3291 0 1 94
2582 0 1 91
2149 0 1 88
4554 0 1 85
5361 0 1 83
1048 0 1 81
4422 0 1 78
6514 0 1 75
26 0 1 72
5179 0 1 69
3802 0 1 65
1951 0 1 63
412 0 1 60
5933 0 1 56
5170 0 1 53
2454 0 1 50
2423 0 1 47
5739 0 1 44
2110 0 1 41
3221 0 1 38
4317 0 1 35
3617 0 1 32
6522 0 1 30
5099 0 1 27
6420 0 1 24
5857 0 1 21
5463 0 1 18
3266 0 1 16
6523 0 1 14
5322 0 1 12
6381 0 1 9
776 0 1 7
1451 0 1 5
6499 0 1 2
6046 0 2 97
6057 0 2 94
5876 0 2 90
6274 0 2 87
5921 0 2 85
2529 0 2 82
3732 0 2 79
6065 0 2 74
6183 0 2 72
4785 0 2 69
2881 0 2 65
1965 0 2 62
6450 0 2 59
677 0 2 56
227 0 2 53
5390 0 2 49
3607 0 2 46
5423 0 2 44
733 0 2 41
2630 0 2 38
3616 0 2 35
1171 0 2 32
1004 0 2 29
3861 0 2 26
1330 0 2 23
5095 0 2 20
4909 0 2 17
5527 0 2 13
4725 0 2 11
6109 0 2 7
4931 0 2 4
3149 0 3 97
3092 0 3 94
3971 0 3 90
5117 0 3 86
873 0 3 83
6089 0 3 80
4218 0 3 76
6387 0 3 73
1503 0 3 71
6437 0 3 69
576 0 3 65
4768 0 3 61
5659 0 3 58
5975 0 3 54
3264 0 3 52
995 0 3 49
1935 0 3 46
1524 0 3 42
6237 0 3 39
6409 0 3 36
1931 0 3 34
1078 0 3 32
6378 0 3 28
2143 0 3 25
1009 0 3 23
1815 0 3 20
325 0 3 17
5726 0 3 12
4668 0 3 9
6465 0 3 6
4702 0 3 3
2506 0 4 97
3547 0 4 93
4711 0 4 90
2165 0 4 86
632 0 4 83
753 0 4 80
687 0 4 76
5439 0 4 73
6027 0 4 70
5925 0 4 66
5264 0 4 63
5727 0 4 58
890 0 4 54
2021 0 4 52
4642 0 4 48
3708 0 4 46
5104 0 4 41
5210 0 4 37
2967 0 4 34
556 0 4 31
4325 0 4 28
1824 0 4 25
4884 0 4 22
6117 0 4 18
5695 0 4 15
2500 0 4 13
2326 0 4 10
1148 0 4 6
3369 0 4 3
1924 0 5 97
3267 0 5 92
6255 0 5 90
2565 0 5 85
1746 0 5 82
1294 0 5 79
3924 0 5 74
5489 0 5 71
1695 0 5 69
6031 0 5 64
2154 0 5 62
4331 0 5 59
1143 0 5 55
6170 0 5 51
6015 0 5 47
1620 0 5 44
1058 0 5 40
1689 0 5 37
1833 0 5 34
516 0 5 31
2531 0 5 28
5228 0 5 24
3673 0 5 21
4460 0 5 18
3189 0 5 15
1278 0 5 12
4241 0 5 8
5847 0 5 5
4443 0 5 2
2703 0 6 96
3511 0 6 93
2263 0 6 90
1177 0 6 85
2786 0 6 81
3788 0 6 78
6310 0 6 74
3044 0 6 71
4110 0 6 68
5477 0 6 65
6032 0 6 60
5221 0 6 56
2917 0 6 52
3594 0 6 48
5955 0 6 45
27 0 6 42
2831 0 6 39
5564 0 6 36
6346 0 6 33
6533 0 6 29
276 0 6 26
616 0 6 23
1155 0 6 20
5986 0 6 16
5597 0 6 13
4540 0 6 9
5471 0 6 6
6296 0 6 2
2301 0 7 96
1978 0 7 93
6582 0 7 89
6208 0 7 86
259 0 7 83
5587 0 7 79
942 0 7 74
2092 0 7 71
3199 0 7 67
6438 0 7 64
5269 0 7 61
1858 0 7 58
4297 0 7 53
4894 0 7 49
1961 0 7 45
5461 0 7 41
4212 0 7 37
2204 0 7 33
5532 0 7 29
5691 0 7 25
5585 0 7 21
2805 0 7 18
611 0 7 15
6552 0 7 10
6491 0 7 5
1464 0 7 2
6062 0 8 95
3993 0 8 91
6137 0 8 87
2721 0 8 84
1897 0 8 82
4243 0 8 78
5242 0 8 74
4089 0 8 70
5723 0 8 66
4989 0 8 63
5186 0 8 58
6269 0 8 52
3478 0 8 48
2875 0 8 45
4949 0 8 41
5333 0 8 36
2276 0 8 33
3734 0 8 29
5497 0 8 25
4710 0 8 21
404 0 8 18
3577 0 8 14
3895 0 8 11
2920 0 8 7
5960 0 8 3
5804 0 9 95
1414 0 9 91
5100 0 9 86
6428 0 9 82
3345 0 9 78
4910 0 9 74
3720 0 9 70
5535 0 9 66
6333 0 9 62
4330 0 9 59
423 0 9 55
5055 0 9 51
5854 0 9 47
843 0 9 44
458 0 9 40
6303 0 9 36
4273 0 9 32
4691 0 9 28
6570 0 9 23
6373 0 9 19
5714 0 9 17
5379 0 9 12
1761 0 9 8
3347 0 9 5
966 0 9 2
1717 0 10 95
431 0 10 91
5070 0 10 86
6544 0 10 81
2541 0 10 78
4592 0 10 74
3615 0 10 70
4844 0 10 66
5951 0 10 62
4030 0 10 58
5608 0 10 52
3302 0 10 48
5609 0 10 44
6105 0 10 39
3197 0 10 36
2795 0 10 32
4423 0 10 28
3274 0 10 23
1349 0 10 19
5677 0 10 16
5507 0 10 12
6399 0 10 7
2534 0 10 3
6321 0 11 94
124 0 11 90
5928 0 11 84
618 0 11 82
6558 0 11 77
6150 0 11 74
2514 0 11 70
4565 0 11 66
5840 0 11 62
5915 0 11 57
5571 0 11 54
5438 0 11 51
2137 0 11 47
6376 0 11 43
2088 0 11 41
5224 0 11 36
2571 0 11 32
487 0 11 28
3244 0 11 23
4188 0 11 18
539 0 11 14
3735 0 11 11
2091 0 11 7
6460 0 11 1
6232 0 12 94
4672 0 12 89
5993 0 12 86
5595 0 12 81
6241 0 12 77
5411 0 12 74
6247 0 12 69
4406 0 12 64
3550 0 12 61
939 0 12 58
4012 0 12 52
2545 0 12 48
1179 0 12 44
4765 0 12 39
4584 0 12 35
2444 0 12 31
4855 0 12 27
4709 0 12 24
2713 0 12 21
5930 0 12 17
4462 0 12 12
5786 0 12 7
5738 0 12 1
4080 0 13 94
3604 0 13 89
5513 0 13 86
1249 0 13 81
2080 0 13 77
2104 0 13 74
4459 0 13 69
2122 0 13 64
1735 0 13 61
5101 0 13 57
1363 0 13 54
5308 0 13 51
6172 0 13 46
4083 0 13 41
4281 0 13 36
2524 0 13 32
5607 0 13 27
2965 0 13 24
1167 0 13 21
5910 0 13 17
3237 0 13 12
5681 0 13 7
3066 0 13 1
2237 0 14 94
2266 0 14 89
5523 0 14 85
5685 0 14 80
5704 0 14 75
5402 0 14 71
6085 0 14 66
5483 0 14 62
3853 0 14 57
1270 0 14 54
537 0 14 51
3916 0 14 46
3382 0 14 41
1861 0 14 36
842 0 14 32
3438 0 14 27
1502 0 14 24
146 0 14 21
5341 0 14 17
1909 0 14 12
4137 0 14 7
2579 0 14 1
2236 0 15 94
229 0 15 89
3201 0 15 85
1630 0 15 80
4458 0 15 75
5128 0 15 71
6006 0 15 66
5405 0 15 62
2986 0 15 57
2005 0 15 53
2296 0 15 49
4807 0 15 44
2979 0 15 39
4551 0 15 35
2365 0 15 31
2748 0 15 27
5851 0 15 23
2956 0 15 18
1954 0 15 13
3015 0 15 9
4999 0 15 6
5056 0 15 2
638 0 16 94
6519 0 16 88
3750 0 16 85
233 0 16 80
2267 0 16 75
3192 0 16 71
4866 0 16 66
4905 0 16 62
1080 0 16 57
1564 0 16 53
777 0 16 49
4372 0 16 44
1875 0 16 39
4520 0 16 35
751 0 16 31
1647 0 16 27
5307 0 16 23
1286 0 16 18
1049 0 16 13
2427 0 16 9
6335 0 16 5
4962 0 16 1
5639 0 17 93
4500 0 17 89
2945 0 17 85
5809 0 17 79
495 0 17 74
4157 0 17 69
6588 0 17 63
3742 0 17 58
2354 0 17 52
1764 0 17 48
4240 0 17 43
6599 0 17 40
5236 0 17 36
565 0 17 32
3327 0 17 27
5109 0 17 23
1043 0 17 18
5820 0 17 12
3005 0 17 7
1814 0 17 1
5022 0 18 93
91 0 18 89
758 0 18 85
5118 0 18 79
149 0 18 74
2554 0 18 69
3647 0 18 63
1252 0 18 58
1064 0 18 52
707 0 18 48
3719 0 18 43
3558 0 18 39
4477 0 18 35
505 0 18 31
3456 0 18 26
4429 0 18 22
4656 0 18 18
5105 0 18 12
2525 0 18 7
3370 0 18 2
3503 0 19 93
77 0 19 89
445 0 19 85
4004 0 19 79
102 0 19 74
1321 0 19 69
2714 0 19 63
6073 0 19 57
1541 0 19 53
4936 0 19 48
2690 0 19 43
2980 0 19 39
6325 0 19 34
5916 0 19 30
2244 0 19 27
6153 0 19 22
3814 0 19 18
3420 0 19 11
1442 0 19 7
3214 0 19 2
1493 2 0 93
5393 2 0 88
2216 2 0 84
2632 2 0 81
274 2 0 77
4870 2 0 73
3087 2 0 70
3621 2 0 66
4806 2 0 62
717 2 0 57
5272 2 0 52
6091 2 0 47
5894 2 0 43
2363 2 0 39
6094 2 0 34
6115 2 0 29
4403 2 0 25
4339 2 0 21
3957 2 0 17
877 2 0 12
1417 2 0 7
875 2 0 2
6577 2 2 92
592 2 2 90
5252 2 2 84
59 2 2 81
6182 2 2 76
1308 2 2 73
2765 2 2 70
3138 2 2 66
3492 2 2 62
6500 2 2 56
832 2 2 52
4491 2 2 47
3368 2 2 43
1265 2 2 38
3064 2 2 35
5285 2 2 30
6532 2 2 26
2404 2 2 22
3791 2 2 18
666 2 2 11
1200 2 2 7
640 2 2 2
6548 2 4 92
4582 2 4 88
6464 2 4 83
4129 2 4 79
90 2 4 74
3001 2 4 68
4873 2 4 65
2752 2 4 60
6600 2 4 55
3039 2 4 51
3845 2 4 46
120 2 4 41
884 2 4 36
3784 2 4 31
347 2 4 26
428 2 4 22
1776 2 4 18
355 2 4 11
6007 2 4 6
453 2 4 2
5800 2 5 92
1654 2 5 88
4478 2 5 83
4057 2 5 79
3960 2 5 73
1998 2 5 70
2791 2 5 66
594 2 5 62
5267 2 5 56
265 2 5 52
4053 2 5 47
2314 2 5 43
948 2 5 38
6120 2 5 34
5946 2 5 29
3569 2 5 25
1668 2 5 21
1663 2 5 17
5632 2 5 11
5096 2 5 6
5190 2 5 1
2775 2 7 92
703 2 7 88
2996 2 7 83
5703 2 7 78
4066 2 7 74
1911 2 7 68
3485 2 7 65
2462 2 7 60
3299 2 7 55
5 2 7 51
3013 2 7 46
5338 2 7 40
3028 2 7 36
2711 2 7 31
172 2 7 26
5785 2 7 21
545 2 7 17
5298 2 7 11
4416 2 7 6
4321 2 7 1
2138 2 8 92
6218 2 8 87
2072 2 8 84
4977 2 8 80
2135 2 8 75
2522 2 8 71
3107 2 8 66
6133 2 8 61
3900 2 8 56
125 2 8 52
2830 2 8 47
122 2 8 43
226 2 8 38
6082 2 8 34
5641 2 8 29
3099 2 8 25
1500 2 8 21
5290 2 8 16
4193 2 8 12
871 2 8 7
237 2 10 92
5966 2 10 87
3825 2 10 83
4972 2 10 78
5662 2 10 73
6357 2 10 69
5758 2 10 62
1445 2 10 56
6107 2 10 51
2059 2 10 46
1595 2 10 40
1559 2 10 36
2694 2 10 31
6305 2 10 25
4413 2 10 20
4279 2 10 16
1350 2 10 12
3967 2 10 6
107 2 11 92
4338 2 11 87
1574 2 11 83
848 2 11 78
5227 2 11 73
1982 2 11 69
4298 2 11 62
4468 2 11 55
4408 2 11 50
1449 2 11 47
3 2 11 43
6555 2 11 37
427 2 11 33
5482 2 11 28
2877 2 11 23
5994 2 11 17
3085 2 11 11
3996 2 11 6
6223 2 13 91
4978 2 13 86
1202 2 13 81
4272 2 13 76
5971 2 13 72
4376 2 13 69
3573 2 13 62
2178 2 13 55
4071 2 13 50
285 2 13 47
6136 2 13 42
2737 2 13 39
3583 2 13 34
3640 2 13 29
6221 2 13 24
6507 2 13 20
3948 2 13 16
6295 2 13 11
3978 2 13 6
5912 2 14 91
3210 2 14 86
5643 2 14 80
994 2 14 75
891 2 14 71
2201 2 14 66
5780 2 14 61
3282 2 14 56
4334 2 14 51
957 2 14 46
654 2 14 40
904 2 14 36
1886 2 14 31
5713 2 14 25
3365 2 14 20
3404 2 14 16
6138 2 14 11
2987 2 14 6
5165 2 15 91
1749 2 15 86
4788 2 15 80
774 2 15 75
429 2 15 71
5906 2 15 65
1535 2 15 60
2186 2 15 55
2663 2 15 50
179 2 15 47
5845 2 15 42
1766 2 15 39
3152 2 15 34
1475 2 15 29
6141 2 15 24
5205 2 15 20
5788 2 15 15
5344 2 15 9
867 2 15 5
4675 2 16 91
815 2 16 86
4666 2 16 79
1945 2 16 73
1801 2 16 69
662 2 16 62
990 2 16 55
1366 2 16 50
4976 2 16 46
3109 2 16 39
1604 2 16 34
1271 2 16 29
3787 2 16 24
3562 2 16 20
4960 2 16 15
5180 2 16 9
1917 2 16 4
2642 2 18 91
6561 2 18 85
3033 2 18 79
1728 2 18 73
5627 2 18 68
4842 2 18 64
1342 2 18 61
2594 2 18 56
1629 2 18 51
4803 2 18 45
3242 2 18 41
6072 2 18 35
2446 2 18 30
5511 2 18 26
4752 2 18 21
2513 2 18 16
5652 2 18 11
2815 2 18 6
2071 2 19 91
5131 2 19 85
2575 2 19 79
1001 2 19 73
3185 2 19 68
2472 2 19 64
5400 2 19 60
1636 2 19 55
6259 2 19 49
3983 2 19 44
1829 2 19 39
1172 2 19 34
1015 2 19 29
2572 2 19 24
2270 2 19 20
1243 2 19 15
3338 2 19 9
1912 2 19 4
1915 3 0 91
3431 3 0 85
2085 3 0 79
6181 3 0 72
3329 3 0 68
1398 3 0 64
4001 3 0 60
6398 3 0 54
6045 3 0 50
4783 3 0 46
343 3 0 39
5437 3 0 33
4394 3 0 28
2387 3 0 23
5030 3 0 17
1703 3 0 11
2764 3 0 6
496 3 2 91
3026 3 2 85
1313 3 2 79
4899 3 2 72
4627 3 2 67
6263 3 2 63
4141 3 2 57
4047 3 2 52
2340 3 2 47
3605 3 2 42
6214 3 2 38
5526 3 2 34
4076 3 2 28
1646 3 2 23
4848 3 2 17
552 3 2 11
745 3 2 6
6566 3 5 90
4522 3 5 84
2372 3 5 80
11 3 5 75
6111 3 5 70
1542 3 5 66
5718 3 5 61
6407 3 5 55
2256 3 5 49
3865 3 5 44
1146 3 5 39
2862 3 5 33
649 3 5 28
5542 3 5 22
2985 3 5 17
5274 3 5 10
5569 3 5 5
3818 3 7 90
3646 3 7 84
2208 3 7 80
6122 3 7 74
6529 3 7 67
199 3 7 63
3980 3 7 57
590 3 7 52
582 3 7 47
716 3 7 42
5701 3 7 38
3925 3 7 34
3625 3 7 28
3864 3 7 22
2025 3 7 17
4070 3 7 10
2953 3 7 5
3461 3 10 90
2596 3 10 84
5945 3 10 78
1215 3 10 73
1010 3 10 68
4749 3 10 63
3361 3 10 57
5826 3 10 51
3711 3 10 45
6594 3 10 40
1318 3 10 35
2258 3 10 30
4878 3 10 26
2439 3 10 21
1779 3 10 16
3253 3 10 11
3139 3 10 5
2411 3 11 90
2281 3 11 84
4933 3 11 77
4254 3 11 73
6515 3 11 67
6228 3 11 62
5822 3 11 54
5611 3 11 49
3510 3 11 44
448 3 11 39
5243 3 11 32
3322 3 11 27
6152 3 11 22
5774 3 11 16
3238 3 11 11
1355 3 11 5
5328 3 16 89
4307 3 16 84
4341 3 16 77
332 3 16 73
6169 3 16 67
4596 3 16 62
5181 3 16 54
4890 3 16 49
2382 3 16 44
6550 3 16 38
3917 3 16 34
2695 3 16 28
3851 3 16 22
5410 3 16 16
2086 3 16 11
5699 3 16 4
4320 3 18 89
3045 3 18 84
2573 3 18 77
6276 3 18 72
3359 3 18 67
3272 3 18 62
4918 3 18 54
2430 3 18 49
1450 3 18 44
5342 3 18 38
3315 3 18 34
1952 3 18 28
3847 3 18 22
4382 3 18 16
1573 3 18 11
4518 3 18 4
3771 4 0 89
6488 4 0 83
729 4 0 78
818 4 0 73
5339 4 0 67
2133 4 0 62
4916 4 0 54
1665 4 0 49
1392 4 0 44
4347 4 0 38
2538 4 0 34
4183 4 0 27
5832 4 0 22
2315 4 0 16
1530 4 0 11
4308 4 0 4
3341 4 4 89
6213 4 4 83
6230 4 4 77
5751 4 4 72
1534 4 4 67
1802 4 4 62
4673 4 4 54
5976 4 4 48
1864 4 4 43
5771 4 4 37
3620 4 4 32
2453 4 4 27
5088 4 4 22
1960 4 4 16
1411 4 4 11
3942 4 4 4
5324 4 5 88
2112 4 5 83
5106 4 5 77
5007 4 5 72
6363 4 5 66
4015 4 5 61
6004 4 5 55
2990 4 5 48
1120 4 5 43
5301 4 5 37
1489 4 5 32
1389 4 5 27
2152 4 5 22
5493 4 5 15
2271 4 5 9
4772 4 5 3
4908 4 10 88
1348 4 10 83
3822 4 10 77
4385 4 10 72
4139 4 10 66
2974 4 10 61
4698 4 10 55
1722 4 10 48
35 4 10 43
4502 4 10 37
1132 4 10 32
1372 4 10 27
1873 4 10 22
4664 4 10 15
1784 4 10 9
4700 4 10 3
4800 4 11 88
1164 4 11 83
3727 4 11 77
3241 4 11 72
2639 4 11 66
1416 4 11 61
4646 4 11 54
3963 4 11 48
5168 4 11 42
4816 4 11 38
2229 4 11 34
2617 4 11 27
1336 4 11 22
2839 4 11 15
1219 4 11 9
3966 4 11 3
1169 4 13 88
992 4 13 83
2358 4 13 77
1156 4 13 72
1194 4 13 66
1343 4 13 61
3195 4 13 54
3507 4 13 48
1466 4 13 42
1345 4 13 38
152 4 13 34
2425 4 13 27
6586 4 13 21
246 4 13 16
1112 4 13 11
3664 4 13 4
6100 4 14 87
6165 4 14 82
5188 4 14 77
568 4 14 72
293 4 14 66
5812 4 14 60
4778 4 14 54
1284 4 14 48
1068 4 14 42
197 4 14 38
4063 4 14 33
257 4 14 28
3314 4 14 22
2637 4 14 15
5010 4 14 8
6521 4 14 4
4902 4 16 87
5456 4 16 81
1652 4 16 76
3739 4 16 72
3907 4 16 65
4274 4 16 59
5719 4 16 54
607 4 16 48
1027 4 16 42
4426 4 16 37
712 4 16 32
333 4 16 27
5464 4 16 21
5756 4 16 15
4374 4 16 8
4180 4 16 4
4251 5 0 87
5388 5 0 81
980 5 0 76
3495 5 0 72
76 5 0 65
4061 5 0 59
3563 5 0 54
220 5 0 48
639 5 0 42
675 5 0 37
5593 5 0 31
5166 5 0 25
2458 5 0 20
549 5 0 15
6553 5 0 7
2445 5 1 87
2566 5 1 81
5939 5 1 75
6071 5 1 70
6033 5 1 65
3930 5 1 59
2062 5 1 54
5923 5 1 47
5852 5 1 41
5247 5 1 35
2010 5 1 30
4811 5 1 26
1798 5 1 21
5521 5 1 15
5257 5 1 7
1014 5 2 87
1341 5 2 81
5060 5 2 75
6067 5 2 70
5530 5 2 65
3170 5 2 59
6298 5 2 53
3652 5 2 48
350 5 2 42
279 5 2 37
5544 5 2 31
4886 5 2 25
880 5 2 20
4896 5 2 14
3570 5 2 10
1673 5 2 5
4377 5 8 86
4016 5 8 79
4166 5 8 72
5486 5 8 64
2378 5 8 60
4714 5 8 54
4560 5 8 47
4959 5 8 41
3857 5 8 35
183 5 8 30
4475 5 8 26
973 5 8 21
5495 5 8 15
1569 5 8 7
895 5 9 86
3298 5 9 79
1020 5 9 72
4997 5 9 64
1822 5 9 60
3427 5 9 54
3447 5 9 47
4354 5 9 41
3311 5 9 35
6498 5 9 29
1641 5 9 24
5015 5 9 19
4696 5 9 16
5621 5 9 10
466 5 9 5
4445 5 10 85
1116 5 10 79
6427 5 10 71
5376 5 10 65
2550 5 10 59
4579 5 10 53
2872 5 10 48
5983 5 10 41
4820 5 10 34
2418 5 10 27
4006 5 10 21
5288 5 10 15
597 5 10 7
4201 5 11 85
503 5 11 79
4136 5 11 71
4547 5 11 65
3421 5 11 58
6102 5 11 51
3491 5 11 45
5808 5 11 40
1205 5 11 35
6216 5 11 29
857 5 11 24
3328 5 11 19
3053 5 11 16
5455 5 11 10
6511 5 11 4
3939 5 18 85
5215 5 18 78
6060 5 18 72
4849 5 18 64
6161 5 18 59
2698 5 18 53
6385 5 18 47
4172 5 18 41
4706 5 18 34
2123 5 18 27
2332 5 18 21
4577 5 18 15
485 5 18 7
5408 5 19 82
4738 5 19 77
369 5 19 72
3699 5 19 64
6143 5 19 59
814 5 19 53
5466 5 19 47
1576 5 19 41
3114 5 19 34
1490 5 19 27
768 5 19 21
3627 5 19 15
105 5 19 7
6374 6 2 78
5833 6 2 72
2410 6 2 64
5201 6 2 59
6620 6 2 52
5901 6 2 46
4942 6 2 38
2341 6 2 33
3695 6 2 27
48 6 2 21
3049 6 2 15
4659 6 2 6
4819 6 4 78
287 6 4 72
2191 6 4 64
3440 6 4 59
4078 6 4 52
5725 6 4 46
3839 6 4 38
4118 6 4 32
3245 6 4 26
6324 6 4 20
2105 6 4 14
2379 6 4 10
6431 6 4 4
4541 6 5 75
4601 6 5 70
5024 6 5 65
3072 6 5 58
4087 6 5 51
2859 6 5 45
5246 6 5 40
392 6 5 35
4555 6 5 29
5387 6 5 23
4393 6 5 17
3816 6 5 10
3011 6 5 4
3288 6 6 75
3515 6 6 70
2303 6 6 65
849 6 6 58
2720 6 6 51
1737 6 6 45
4578 6 6 40
6361 6 6 34
5349 6 6 26
2164 6 6 20
518 6 6 14
5736 6 6 9
3181 6 6 3
4271 6 7 73
5332 6 7 67
952 6 7 62
3833 6 7 54
6492 6 7 46
3348 6 7 38
3828 6 7 32
2124 6 7 26
6371 6 7 19
1708 6 7 16
4299 6 7 10
1523 6 7 4
2479 6 11 73
5098 6 11 67
271 6 11 62
1459 6 11 54
5369 6 11 46
3285 6 11 38
810 6 11 32
1235 6 11 26
6019 6 11 19
6272 6 11 15
2813 6 11 6
5577 6 13 71
3279 6 13 65
740 6 13 58
1765 6 13 51
940 6 13 45
4096 6 13 40
4315 6 13 34
4998 6 13 26
4784 6 13 19
5908 6 13 15
2407 6 13 6
5968 6 15 61
2718 6 15 54
4808 6 15 46
504 6 15 38
6260 6 15 31
4773 6 15 25
3754 6 15 19
4471 6 15 15
1867 6 15 6
988 6 16 61
98 6 16 54
4654 6 16 46
2719 6 16 37
4915 6 16 31
3879 6 16 25
3235 6 16 19
3593 6 16 15
6571 6 16 5
2691 6 17 55
1706 6 17 48
5570 6 17 41
2396 6 17 34
4002 6 17 26
3848 6 17 19
680 6 17 15
5192 6 17 5
5370 7 0 97
2946 7 0 92
3528 7 0 87
3884 7 0 80
6024 7 0 74
2063 7 0 67
6198 7 0 61
6627 7 0 53
4839 7 0 47
1538 7 0 41
2194 7 0 34
2744 7 0 26
3502 7 0 19
6610 7 0 14
2243 7 0 9
1742 7 0 3
6160 7 4 96
6209 7 4 92
3350 7 4 87
3284 7 4 80
5889 7 4 74
1962 7 4 67
4885 7 4 61
6459 7 4 53
3463 7 4 47
5772 7 4 40
2989 7 4 34
2601 7 4 26
2265 7 4 19
3278 7 4 14
2053 7 4 9
1317 7 4 3
6017 7 6 96
5991 7 6 92
3157 7 6 87
1537 7 6 80
5878 7 6 74
1923 7 6 67
3979 7 6 61
6342 7 6 53
1645 7 6 47
5315 7 6 40
2641 7 6 34
984 7 6 26
2102 7 6 19
3098 7 6 14
959 7 6 9
1257 7 6 3
3973 7 7 96
5442 7 7 92
171 7 7 87
1016 7 7 80
872 7 7 74
1892 7 7 67
3470 7 7 61
5418 7 7 53
1631 7 7 47
4969 7 7 40
1471 7 7 34
670 7 7 26
438 7 7 18
79 7 7 11
812 7 7 4
3489 7 9 96
4604 7 9 92
5465 7 9 86
3268 7 9 79
3430 7 9 71
1033 7 9 65
100 7 9 58
1657 7 9 51
605 7 9 45
3561 7 9 40
1309 7 9 34
5905 7 9 25
6192 7 9 18
4294 7 9 10
6145 7 9 3
2299 7 10 96
3888 7 10 92
4036 7 10 86
3067 7 10 79
3171 7 10 71
943 7 10 65
4599 7 10 57
4586 7 10 51
5517 7 10 44
2177 7 10 38
5927 7 10 31
2324 7 10 25
5644 7 10 18
1479 7 10 10
5193 7 10 3
1640 7 11 96
3753 7 11 92
3624 7 11 86
588 7 11 79
2426 7 11 71
192 7 11 65
2740 7 11 57
1077 7 11 51
5261 7 11 44
1745 7 11 38
3655 7 11 31
254 7 11 25
775 7 11 18
439 7 11 10
4538 7 11 3
720 7 12 96
3481 7 12 92
2652 7 12 86
433 7 12 79
6151 7 12 70
2011 7 12 65
1138 7 12 57
6618 7 12 50
3764 7 12 46
2381 7 12 37
4593 7 12 31
4678 7 12 24
1384 7 12 19
476 7 12 14
411 7 12 9
5356 7 12 2
547 7 13 96
2733 7 13 92
1803 7 13 86
3630 7 13 78
6392 7 13 71
6527 7 13 64
5989 7 13 58
83 7 13 51
3567 7 13 44
6393 7 13 37
4229 7 13 31
4039 7 13 24
1060 7 13 19
5843 7 13 13
1248 7 13 9
291 7 13 2
541 7 15 96
6029 7 15 91
2241 7 15 85
4103 7 15 78
6280 7 15 71
5875 7 15 64
4187 7 15 58
6359 7 15 50
1 7 15 46
5581 7 15 36
1444 7 15 31
3786 7 15 24
4583 7 15 18
6254 7 15 9
4898 7 15 1
97 7 17 96
5920 7 17 91
1810 7 17 85
2435 7 17 78
3844 7 17 71
4648 7 17 64
2300 7 17 58
5796 7 17 50
6386 7 17 45
3137 7 17 40
688 7 17 34
2116 7 17 25
96 7 17 18
4640 7 17 9
4552 7 17 1
5943 7 19 95
3466 7 19 90
1854 7 19 84
6424 7 19 76
3172 7 19 72
2175 7 19 64
4125 7 19 57
5154 7 19 50
746 7 19 45
2822 7 19 40
4548 7 19 33
2205 7 19 27
4451 7 19 20
196 7 19 14
6516 7 19 8
3535 7 19 4
5209 8 0 95
2090 8 0 90
5914 8 0 83
5882 8 0 76
1713 8 0 72
514 8 0 64
4091 8 0 57
4638 8 0 50
580 8 0 45
2180 8 0 40
4368 8 0 33
2054 8 0 27
2808 8 0 20
5012 8 0 13
497 8 0 9
4205 8 0 1
4407 8 2 95
1992 8 2 90
5143 8 2 83
5508 8 2 76
731 8 2 72
49 8 2 64
3295 8 2 57
4493 8 2 50
5318 8 2 44
5547 8 2 37
364 8 2 31
3194 8 2 24
3889 8 2 18
4359 8 2 9
3898 8 2 1
3591 8 9 95
4645 8 9 89
5260 8 9 83
4499 8 9 76
128 8 9 72
5724 8 9 63
3254 8 9 57
3323 8 9 50
4723 8 9 44
921 8 9 37
5226 8 9 30
6171 8 9 25
4973 8 9 17
3525 8 9 10
3093 8 9 3
1089 8 10 95
3821 8 10 89
4574 8 10 83
4144 8 10 76
5572 8 10 71
3383 8 10 64
2517 8 10 57
603 8 10 50
4161 8 10 44
661 8 10 37
2211 8 10 30
5903 8 10 25
4687 8 10 17
1282 8 10 10
2866 8 10 3
5435 8 19 94
5219 8 19 88
900 8 19 83
1244 8 19 76
3756 8 19 71
3252 8 19 64
2402 8 19 57
4893 8 19 49
4928 8 19 43
4189 8 19 37
1594 8 19 30
3433 8 19 25
6163 8 19 16
1743 8 19 10
5948 8 19 2
5059 9 0 94
4035 9 0 88
123 9 0 83
249 9 0 76
787 9 0 71
2567 9 0 64
2309 9 0 57
3995 9 0 49
3740 9 0 43
3837 9 0 37
691 9 0 30
2221 9 0 25
5137 9 0 16
1409 9 0 10
3936 9 0 2
4269 9 3 94
2587 9 3 88
5123 9 3 82
3073 9 3 77
5715 9 3 71
2157 9 3 64
1653 9 3 57
2816 9 3 49
3309 9 3 43
3296 9 3 37
463 9 3 30
1597 9 3 25
3372 9 3 16
723 9 3 10
3017 9 3 2
2777 9 4 94
1580 9 4 88
4872 9 4 82
2659 9 4 77
3713 9 4 71
1520 9 4 64
1319 9 4 57
5189 9 4 48
4150 9 4 41
321 9 4 34
1311 9 4 25
1584 9 4 16
6132 9 4 9
2016 9 4 1
473 9 7 94
6554 9 7 87
522 9 7 79
5279 9 7 70
743 9 7 65
726 9 7 57
3913 9 7 48
3165 9 7 41
6585 9 7 33
1603 9 7 27
2101 9 7 20
4938 9 7 13
5638 9 7 8
1298 9 7 4
6629 9 9 93
5358 9 9 88
2727 9 9 82
1351 9 9 77
3147 9 9 71
1514 9 9 64
1025 9 9 57
3672 9 9 48
2607 9 9 41
6364 9 9 33
681 9 9 27
322 9 9 20
1151 9 9 13
5490 9 9 8
5132 9 9 3
6000 9 10 93
4775 9 10 88
2277 9 10 82
5647 9 10 76
2424 9 10 70
313 9 10 65
5167 9 10 56
561 9 10 51
3530 9 10 44
256 9 10 37
6354 9 10 29
5222 9 10 23
4094 9 10 17
298 9 10 10
2734 9 10 2
5932 9 12 93
4699 9 12 88
1752 9 12 82
4667 9 12 76
1805 9 12 70
6483 9 12 64
6092 9 12 56
413 9 12 51
2512 9 12 44
5566 9 12 36
213 9 12 31
1899 9 12 24
3826 9 12 18
3841 9 12 9
1301 9 12 1
5834 9 13 93
4435 9 13 88
5163 9 13 81
2570 9 13 75
5896 9 13 69
95 9 13 62
1218 9 13 54
1834 9 13 46
5231 9 13 36
4953 9 13 30
368 9 13 25
1111 9 13 16
5929 9 13 9
1134 9 13 1
4437 9 14 93
2450 9 14 88
4572 9 14 81
2176 9 14 75
2840 9 14 69
2966 9 14 61
5351 9 14 53
176 9 14 47
4862 9 14 40
2239 9 14 33
5849 9 14 26
3062 9 14 17
6419 9 14 9
3582 9 14 3
3644 9 15 93
1093 9 15 88
4314 9 15 81
6451 9 15 74
5997 9 15 66
3912 9 15 60
3337 9 15 54
153 9 15 46
4185 9 15 36
3906 9 15 30
4484 9 15 24
2994 9 15 18
3671 9 15 9
853 9 15 3
1106 9 16 93
2286 9 16 87
5223 9 16 78
3484 9 16 71
341 9 16 64
3809 9 16 56
5760 9 16 50
4028 9 16 44
4981 9 16 36
3590 9 16 30
3715 9 16 24
2895 9 16 18
28 9 16 9
4737 9 16 2
5108 9 17 92
1007 9 17 86
2344 9 17 78
3451 9 17 71
5710 9 17 63
1762 9 17 57
3698 9 17 47
3089 9 17 40
650 9 17 33
5680 9 17 26
2213 9 17 17
5752 9 17 9
3815 9 17 2
4703 9 18 92
6435 9 18 85
2141 9 18 78
3153 9 18 71
3179 9 18 63
1625 9 18 57
3651 9 18 47
320 9 18 40
336 9 18 33
4197 9 18 26
384 9 18 17
5090 9 18 9
3545 9 18 2
4573 9 19 92
3846 9 19 85
1613 9 19 78
3095 9 19 71
1902 9 19 63
1425 9 19 57
1136 9 19 47
5273 9 19 39
4215 9 19 32
474 9 19 26
4333 9 19 16
2926 9 19 9
2346 9 19 2
3331 10 0 92
3373 10 0 85
889 10 0 78
3035 10 0 71
970 10 0 63
4386 10 0 56
3793 10 0 50
2716 10 0 44
4718 10 0 36
2621 10 0 30
3693 10 0 24
1157 10 0 18
5359 10 0 8
4266 10 0 1
2364 10 6 92
1405 10 6 85
250 10 6 78
621 10 6 71
629 10 6 63
4230 10 6 56
2599 10 6 50
1291 10 6 44
4233 10 6 36
5549 10 6 29
5194 10 6 23
2814 10 6 17
3905 10 6 9
3081 10 6 1
1853 10 7 92
1013 10 7 85
6068 10 7 77
2724 10 7 71
6569 10 7 62
189 10 7 54
6075 10 7 45
1667 10 7 40
3395 10 7 32
251 10 7 26
4202 10 7 16
1859 10 7 9
2604 10 7 1
1334 11 0 92
694 11 0 85
6021 11 0 77
2551 11 0 71
4591 11 0 62
6604 11 0 53
5077 11 0 46
3514 11 0 36
5169 11 0 29
2298 11 0 23
1767 11 0 17
2234 11 0 9
1062 11 0 1
1201 11 2 92
5604 11 2 84
6121 11 2 76
579 11 2 70
5883 11 2 64
1557 11 2 56
1626 11 2 50
1110 11 2 44
157 11 2 36
3751 11 2 29
575 11 2 23
4720 11 2 16
1754 11 2 9
1042 11 2 1
206 11 3 92
4865 11 3 84
4966 11 3 76
6329 11 3 69
2197 11 3 61
3479 11 3 53
5027 11 3 46
2969 11 3 36
3436 11 3 29
2620 11 3 22
5312 11 3 14
5144 11 3 8
6422 11 4 91
5365 11 4 84
4769 11 4 76
6257 11 4 69
1045 11 4 61
3386 11 4 53
4974 11 4 46
2643 11 4 36
2730 11 4 29
2083 11 4 22
4427 11 4 14
4418 11 4 8
6421 11 6 91
5039 11 6 84
4119 11 6 76
5164 11 6 69
655 11 6 61
3051 11 6 53
1970 11 6 46
1987 11 6 36
1332 11 6 29
2067 11 6 22
4250 11 6 14
3385 11 6 8
5748 11 9 91
4912 11 9 84
725 11 9 76
4948 11 9 69
217 11 9 61
903 11 9 53
1837 11 9 46
5897 11 9 35
2936 11 9 29
508 11 9 22
1551 11 9 14
3380 11 9 8
2321 11 10 91
1740 11 10 84
442 11 10 76
4571 11 10 69
3188 11 10 60
2935 11 10 54
4914 11 10 45
742 11 10 40
2406 11 10 32
6489 11 10 25
572 11 10 16
983 11 10 9
620 11 11 91
5562 11 11 83
6119 11 11 75
1720 11 11 69
5969 11 11 59
1408 11 11 52
5613 11 11 46
4263 11 11 35
3854 11 11 28
2078 11 11 22
6055 11 11 13
4921 11 11 8
5934 11 12 90
4756 11 12 83
5582 11 12 75
5434 11 12 68
4557 11 12 63
4073 11 12 56
1617 11 12 50
400 11 12 44
4831 11 12 35
5281 11 12 27
5620 11 12 19
5287 11 12 13
4244 11 12 7
5019 11 13 90
4262 11 13 83
5347 11 13 75
4688 11 13 68
4177 11 13 63
2397 11 13 56
1225 11 13 50
358 11 13 44
4396 11 13 35
3859 11 13 27
5049 11 13 19
5157 11 13 13
1590 11 13 7
3406 11 14 90
2753 11 14 83
4190 11 14 75
4649 11 14 68
3988 11 14 63
1220 11 14 56
182 11 14 50
6158 11 14 43
2954 11 14 37
5265 11 14 29
6461 11 14 21
5937 11 14 14
2668 11 14 8
2970 11 15 90
4662 11 15 82
2057 11 15 76
3257 11 15 69
4481 11 15 59
3280 11 15 51
926 11 15 44
3346 11 15 35
3608 11 15 27
4994 11 15 19
4433 11 15 13
407 11 15 7
1579 11 18 90
4524 11 18 82
569 11 18 76
2558 11 18 69
3356 11 18 59
3166 11 18 51
275 11 18 44
833 11 18 35
2588 11 18 27
4907 11 18 19
3512 11 18 13
6334 11 18 6
370 11 19 90
4463 11 19 82
93 11 19 76
1431 11 19 69
2434 11 19 59
2183 11 19 51
6352 11 19 43
2629 11 19 37
5259 11 19 29
5673 11 19 21
5679 11 19 14
738 11 19 8
4834 12 0 89
4101 12 0 83
3135 12 0 75
2409 12 0 68
2325 12 0 63
6470 12 0 55
1281 12 0 48
1707 12 0 41
6331 12 0 33
2398 12 0 26
2597 12 0 16
1687 12 0 8
4116 12 4 89
3596 12 4 83
2009 12 4 75
931 12 4 68
1358 12 4 63
5890 12 4 55
598 12 4 48
327 12 4 41
5367 12 4 33
1462 12 4 26
1781 12 4 15
4641 12 4 5
1315 12 6 89
2212 12 6 83
1279 12 6 75
6545 12 6 67
1188 12 6 61
85 12 6 53
1303 12 6 46
2923 12 6 35
1955 12 6 27
4195 12 6 19
24 12 6 13
5885 12 6 6
5515 12 8 88
3416 12 8 81
5977 12 8 74
5887 12 8 66
3230 12 8 60
2677 12 8 54
4335 12 8 45
737 12 8 40
1788 12 8 32
6225 12 8 25
4968 12 8 15
4256 12 8 5
5183 12 9 88
2925 12 9 81
5767 12 9 74
5533 12 9 66
1750 12 9 60
1870 12 9 54
1773 12 9 45
6397 12 9 39
3154 12 9 32
4622 12 9 25
4343 12 9 15
2380 12 9 5
3746 12 19 88
2485 12 19 81
4469 12 19 74
3496 12 19 66
1259 12 19 60
1055 12 19 54
6453 12 19 44
159 12 19 35
6338 12 19 26
383 12 19 15
5352 12 19 4
3169 13 0 88
1700 13 0 81
3444 13 0 74
2282 13 0 66
484 13 0 60
416 13 0 54
6394 13 0 44
4569 13 0 34
6013 13 0 24
5862 13 0 17
2158 13 0 9
5658 13 2 87
4147 13 2 78
4923 13 2 70
4517 13 2 64
5546 13 2 55
5629 13 2 47
4796 13 2 39
2383 13 2 32
4533 13 2 25
3453 13 2 15
5329 13 2 4
555 13 3 87
6603 13 3 77
2474 13 3 71
1021 13 3 62
6355 13 3 53
6173 13 3 45
5335 13 3 39
2185 13 3 32
2787 13 3 25
3218 13 3 15
2225 13 3 4
4311 13 4 86
791 13 4 78
3748 13 4 70
4261 13 4 64
4913 13 4 55
2850 13 4 47
4761 13 4 39
470 13 4 32
2704 13 4 25
3122 13 4 15
1633 13 4 4
2602 13 8 86
443 13 8 78
2305 13 8 70
4143 13 8 64
3724 13 8 55
5346 13 8 46
2608 13 8 34
3805 13 8 24
4843 13 8 17
585 13 8 9
4249 13 9 85
5919 13 9 77
2471 13 9 71
583 13 9 62
6076 13 9 53
5835 13 9 45
3316 13 9 39
101 13 9 32
2417 13 9 25
608 13 9 15
2776 13 9 3
3769 13 13 85
5825 13 13 77
2070 13 13 71
5952 13 13 61
21 13 13 53
4159 13 13 45
2773 13 13 39
6087 13 13 31
752 13 13 24
3123 13 13 17
5112 13 13 8
4486 13 14 83
36 13 14 75
5116 13 14 67
6623 13 14 60
6036 13 14 53
3707 13 14 45
2437 13 14 39
5142 13 14 31
6005 13 14 23
3277 13 14 16
365 13 14 8
2262 13 15 83
6456 13 15 73
4911 13 15 67
5596 13 15 60
5115 13 15 53
3325 13 15 45
570 13 15 39
4619 13 15 31
5649 13 15 23
2384 13 15 16
4776 13 15 7
1710 13 17 83
2961 13 17 73
4789 13 17 67
4420 13 17 60
5020 13 17 53
511 13 17 45
6536 13 17 38
3602 13 17 31
5617 13 17 23
1113 13 17 16
2845 13 17 7
1141 13 18 83
2001 13 18 73
3575 13 18 67
4120 13 18 60
273 13 18 53
6052 13 18 44
1115 13 18 34
212 13 18 24
4603 13 18 16
5970 13 18 6
4138 13 19 82
6063 13 19 75
4439 13 19 67
1256 13 19 60
6542 13 19 52
5371 13 19 46
223 13 19 34
6414 13 19 23
509 13 19 16
4055 13 19 6
4131 14 5 82
4312 14 5 75
4214 14 5 67
3955 14 5 59
1734 14 5 51
5816 14 5 43
2014 14 5 37
3076 14 5 29
4650 14 5 21
5277 14 5 14
5682 14 5 7
3522 14 11 82
4092 14 11 75
4208 14 11 67
2635 14 11 59
1627 14 11 51
5545 14 11 43
2007 14 11 37
2548 14 11 29
4151 14 11 21
3548 14 11 14
5648 14 11 7
2099 14 13 82
2306 14 13 75
3168 14 13 67
3768 14 13 58
5624 14 13 50
2846 14 13 43
17 14 13 37
1964 14 13 29
3202 14 13 21
2568 14 13 14
5225 14 13 7
1199 14 17 81
1659 14 17 74
1076 14 17 66
6467 14 17 59
1484 14 17 51
2788 14 17 43
5769 14 17 36
5759 14 17 28
1272 14 17 22
4980 14 17 13
5284 14 17 6
4111 15 0 80
5740 15 0 73
1375 15 0 67
3752 15 0 58
5266 15 0 50
2783 15 0 43
4362 15 0 36
3977 15 0 28
1211 15 0 22
4476 15 0 13
2412 15 0 6
809 15 1 80
3354 15 1 73
1206 15 1 67
3320 15 1 58
4127 15 1 50
1850 15 1 43
3985 15 1 36
2333 15 1 28
6478 15 1 21
2222 15 1 14
2915 15 1 7
4038 15 3 79
4607 15 3 70
2292 15 3 64
3542 15 3 55
5002 15 3 46
5363 15 3 33
1421 15 3 26
19 15 3 15
1439 15 3 3
6129 15 7 77
1839 15 7 71
2885 15 7 61
4432 15 7 52
4850 15 7 46
3544 15 7 33
648 15 7 26
6442 15 7 14
2400 15 7 7
1883 15 9 73
1168 15 9 67
2560 15 9 58
3113 15 9 50
4519 15 9 42
5974 15 9 36
5472 15 9 27
1693 15 9 19
6125 15 9 12
2905 15 9 6
4348 15 15 71
209 15 15 61
2317 15 15 52
3540 15 15 46
912 15 15 33
593 15 15 26
6101 15 15 14
2255 15 15 7
5775 15 16 67
4558 15 16 57
4827 15 16 46
353 15 16 33
4594 15 16 25
5134 15 16 14
432 15 16 7
5985 15 17 66
6368 15 17 59
1173 15 17 51
2413 15 17 43
3836 15 17 36
5470 15 17 27
1306 15 17 19
5790 15 17 12
1669 15 17 6
5176 15 19 64
2443 15 19 55
4979 15 19 46
5023 15 19 32
2257 15 19 25
4323 15 19 14
4454 15 19 6
2539 16 0 11
295 16 0 4
4764 16 3 96
6176 16 3 90
4090 16 3 82
1300 16 3 75
2386 16 3 67
3790 16 3 57
4276 16 3 46
2173 16 3 32
1906 16 3 25
2900 16 3 14
894 16 3 6
3999 16 4 95
3125 16 4 89
2126 16 4 83
1820 16 4 73
6231 16 4 66
4787 16 4 59
5207 16 4 50
4191 16 4 42
5879 16 4 36
2586 16 4 27
924 16 4 19
1632 16 4 12
6166 16 4 5
3849 16 5 95
2094 16 5 89
1129 16 5 83
1760 16 5 73
4597 16 5 66
4507 16 5 59
4280 16 5 50
3645 16 5 42
3669 16 5 36
351 16 5 27
42 16 5 19
420 16 5 12
4074 16 5 5
2414 16 7 95
1570 16 7 89
5381 16 7 82
4598 16 7 74
457 16 7 66
4234 16 7 59
2968 16 7 50
3190 16 7 42
1158 16 7 36
4267 16 7 26
5728 16 7 14
5487 16 7 5
6572 16 9 94
6345 16 9 87
5874 16 9 77
5491 16 9 70
2195 16 9 64
1928 16 9 55
4779 16 9 46
1813 16 9 32
40 16 9 25
177 16 9 14
5091 16 9 5
5631 16 11 94
4292 16 11 87
5665 16 11 77
5469 16 11 70
2144 16 11 64
6454 16 11 54
6224 16 11 44
6440 16 11 33
4398 16 11 25
154 16 11 14
4192 16 11 5
4663 16 12 94
3648 16 12 87
3352 16 12 77
4867 16 12 70
1548 16 12 64
5599 16 12 54
4037 16 12 44
6383 16 12 33
3418 16 12 25
67 16 12 14
2801 16 12 5
3193 16 17 94
2044 16 17 87
436 16 17 77
4747 16 17 70
6134 16 17 63
5195 16 17 55
2754 16 17 46
6432 16 17 31
5028 16 17 23
272 16 17 16
2544 16 17 6
3090 16 19 94
1921 16 19 87
415 16 19 77
4414 16 19 70
6103 16 19 63
4140 16 19 55
1944 16 19 46
4922 16 19 31
3904 16 19 23
4956 16 19 15
269 16 19 3
3023 17 0 94
6289 17 0 86
219 17 0 78
5417 17 0 69
2285 17 0 59
2789 17 0 50
5071 17 0 41
4937 17 0 33
1231 17 0 25
6194 17 0 13
6485 17 0 5
1153 17 3 94
5185 17 3 86
4313 17 3 77
4085 17 3 70
4309 17 3 63
3975 17 3 55
946 17 3 46
4123 17 3 31
1946 17 3 23
3606 17 3 15
4405 17 3 2
907 17 4 94
5078 17 4 86
1862 17 4 77
4023 17 4 70
3523 17 4 63
3823 17 4 55
6301 17 4 45
6035 17 4 38
3304 17 4 31
6597 17 4 22
4364 17 4 13
6128 17 4 5
6411 17 5 93
1938 17 5 87
180 17 5 77
3743 17 5 70
2084 17 5 63
3457 17 5 55
5520 17 5 45
5678 17 5 38
2854 17 5 31
4399 17 5 22
3445 17 5 13
5031 17 5 5
6053 17 7 93
1465 17 7 87
145 17 7 77
1770 17 7 70
1756 17 7 63
2874 17 7 55
4514 17 7 45
329 17 7 38
1066 17 7 31
792 17 7 22
1791 17 7 13
4156 17 7 5
5787 17 8 93
1034 17 8 87
47 17 8 77
724 17 8 70
1221 17 8 63
1443 17 8 55
3488 17 8 45
6304 17 8 37
1780 17 8 29
5623 17 8 20
571 17 8 13
3872 17 8 5
3893 17 9 93
825 17 9 87
193 17 9 76
715 17 9 69
394 17 9 59
110 17 9 50
3078 17 9 41
3482 17 9 33
852 17 9 25
5823 17 9 13
3177 17 9 5
2623 17 14 93
4106 17 14 86
1480 17 14 77
5693 17 14 69
326 17 14 59
6389 17 14 49
434 17 14 43
3464 17 14 36
2762 17 14 26
4532 17 14 14
1395 17 14 5
4802 17 15 92
4345 17 15 84
3951 17 15 75
1412 17 15 67
3559 17 15 57
281 17 15 46
3778 17 15 31
5042 17 15 21
1925 17 15 14
1139 17 15 5
3262 17 16 92
4235 17 16 84
1275 17 16 75
1327 17 16 67
1981 17 16 57
103 17 16 46
3063 17 16 31
4906 17 16 21
1611 17 16 14
1005 17 16 5
2441 17 19 92
3629 17 19 84
363 17 19 75
797 17 19 67
951 17 19 57
3130 17 19 45
5722 17 19 37
3840 17 19 28
1857 17 19 21
4530 17 19 13
2823 17 19 5
2375 18 0 92
3529 18 0 84
3758 18 0 74
5731 18 0 65
4621 18 0 56
3632 18 0 49
5197 18 0 42
502 18 0 36
626 18 0 26
4303 18 0 14
935 18 0 5
1686 18 5 92
3401 18 5 84
2345 18 5 74
5043 18 5 65
4278 18 5 56
1774 18 5 49
5122 18 5 42
63 18 5 36
216 18 5 26
2095 18 5 14
6433 18 5 4
6563 18 9 91
2658 18 9 83
1558 18 9 73
4322 18 9 66
3701 18 9 59
6281 18 9 49
4636 18 9 42
6443 18 9 35
6238 18 9 26
4203 18 9 13
785 18 9 5
5494 18 11 91
2172 18 11 83
89 18 11 73
2006 18 11 66
2790 18 11 59
5499 18 11 49
3052 18 11 42
5766 18 11 35
6030 18 11 26
3175 18 11 13
5583 18 11 4
4947 19 0 91
1692 19 0 83
6039 19 0 72
5275 19 0 63
1006 19 0 55
3126 19 0 45
5687 19 0 37
2633 19 0 28
1827 19 0 21
3517 19 0 13
5064 19 0 4
4728 19 2 91
6220 19 2 82
4424 19 2 74
4853 19 2 65
3709 19 2 56
1333 19 2 49
3040 19 2 42
4935 19 2 35
5214 19 2 26
1433 19 2 13
3827 19 2 4
3785 19 3 91
4365 19 3 82
4221 19 3 74
4005 19 3 65
3204 19 3 56
763 19 3 49
2878 19 3 42
4736 19 3 35
3243 19 3 26
673 19 3 13
3820 19 3 4
3281 19 4 91
2081 19 4 82
3483 19 4 74
3962 19 4 65
2376 19 4 56
759 19 4 49
2089 19 4 42
4067 19 4 35
3220 19 4 26
69 19 4 13
3036 19 4 4
2911 19 5 91
911 19 5 82
1598 19 5 74
3134 19 5 65
1217 19 5 56
5964 19 5 48
5119 19 5 40
689 19 5 32
6317 19 5 24
260 19 5 16
1456 19 5 6
2793 19 7 91
633 19 7 82
817 19 7 74
2746 19 7 65
1100 19 7 56
5828 19 7 48
2763 19 7 40
166 19 7 32
6204 19 7 24
13 19 7 16
1103 19 7 6
1187 19 8 91
6605 19 8 81
4841 19 8 73
749 19 8 66
1458 19 8 59
2598 19 8 49
1228 19 8 42
3730 19 8 35
987 19 8 26
6330 19 8 12
3832 19 8 5
807 19 9 91
6401 19 9 81
4828 19 9 73
5957 19 9 65
377 19 9 56
5492 19 9 48
1119 19 9 40
6446 19 9 31
3684 19 9 21
3229 19 9 13
385 19 9 4
5429 19 11 90
4009 19 11 82
6336 19 11 73
5636 19 11 65
352 19 11 56
4722 19 11 48
22 19 11 40
6445 19 11 31
2231 19 11 21
3009 19 11 13
5589 19 11 3
2722 19 12 90
3334 19 12 82
6314 19 12 73
5391 19 12 65
65 19 12 56
1367 19 12 48
6178 19 12 39
1312 19 12 31
1224 19 12 20
4155 19 12 12
808 19 12 5
2343 19 13 90
3136 19 13 82
4888 19 13 73
5283 19 13 65
2995 19 13 55
1782 19 13 45
5187 19 13 37
1365 19 13 28
1601 19 13 21
2864 19 13 13
5343 19 13 3
2120 19 14 90
2356 19 14 82
2828 19 14 73
5203 19 14 65
2536 19 14 55
1777 19 14 45
5155 19 14 37
1360 19 14 28
6318 19 14 20
1666 19 14 12
6602 19 14 4
1511 19 15 90
982 19 15 82
1210 19 15 73
4919 19 15 65
2151 19 15 55
917 19 15 45
3958 19 15 37
6379 19 15 27
4231 19 15 18
4897 19 15 8
1323 19 16 90
5528 19 16 81
4826 19 16 73
4605 19 16 65
1943 19 16 55
296 19 16 45
3480 19 16 37
6339 19 16 27
4093 19 16 18
4200 19 16 8
1302 19 17 90
2944 19 17 81
4777 19 17 73
4289 19 17 65
1880 19 17 55
5864 19 17 44
5656 19 17 33
6248 19 17 24
4342 19 17 15
3319 19 17 2
3757 19 18 89
679 19 18 82
4920 19 18 72
5178 19 18 63
886 19 18 55
4344 19 18 44
3405 19 18 33
6034 19 18 24
2947 19 18 15
2684 19 18 2
4610 19 19 88
6614 19 19 80
876 19 19 73
4283 19 19 65
3458 19 19 54
3234 19 19 44
2725 19 19 33
2912 19 19 24
2679 19 19 15
6175 19 19 1
