2429
1127 0 0 98
1529 0 0 95
3781 0 0 92
731 0 0 90
3987 0 0 87
2569 0 0 84
3268 0 0 81
1519 0 0 79
2706 0 0 76
452 0 0 74
3464 0 0 71
909 0 0 68
2568 0 0 65
1255 0 0 63
2786 0 0 60
4005 0 0 57
1802 0 0 53
3135 0 0 49
1237 0 0 47
3310 0 0 44
2162 0 0 42
3132 0 0 39
3336 0 0 35
3838 0 0 32
3978 0 0 30
3949 0 0 28
3801 0 0 25
3153 0 0 23
3162 0 0 21
3929 0 0 18
1641 0 0 15
651 0 0 13
112 0 0 10
1121 0 0 7
3797 0 0 3
3566 0 0 1
1757 0 1 97
2253 0 1 95
1900 0 1 92
3061 0 1 89
2307 0 1 86
1949 0 1 83
3338 0 1 80
744 0 1 77
3944 0 1 74
1440 0 1 71
3729 0 1 67
733 0 1 63
728 0 1 58
3530 0 1 56
1774 0 1 53
3560 0 1 48
2585 0 1 45
143 0 1 43
2024 0 1 40
3394 0 1 38
4030 0 1 35
3745 0 1 31
1285 0 1 28
385 0 1 25
2266 0 1 23
2841 0 1 21
2603 0 1 17
3089 0 1 14
3485 0 1 12
2446 0 1 9
3015 0 1 7
612 0 1 3
3260 0 2 96
3 0 2 94
3401 0 2 90
1700 0 2 87
2251 0 2 84
795 0 2 81
3639 0 2 76
2247 0 2 73
2675 0 2 71
2884 0 2 67
4148 0 2 61
3923 0 2 58
693 0 2 55
3702 0 2 49
2105 0 2 46
1042 0 2 44
3751 0 2 41
3619 0 2 38
1177 0 2 35
3714 0 2 31
1074 0 2 28
1 0 2 25
1706 0 2 22
2066 0 2 18
3835 0 2 14
2905 0 2 12
1294 0 2 7
2507 0 2 2
2959 0 3 96
3792 0 3 93
1280 0 3 90
1039 0 3 87
446 0 3 83
3452 0 3 79
1108 0 3 75
2897 0 3 71
1862 0 3 67
2107 0 3 61
3083 0 3 58
3107 0 3 54
3055 0 3 52
1347 0 3 49
3047 0 3 45
1409 0 3 42
331 0 3 39
103 0 3 35
2201 0 3 31
1340 0 3 27
254 0 3 24
758 0 3 21
288 0 3 17
2088 0 3 14
2173 0 3 12
3721 0 3 6
2516 0 3 3
2340 0 4 96
3437 0 4 92
2555 0 4 87
1358 0 4 82
3090 0 4 79
3590 0 4 74
4035 0 4 69
3661 0 4 65
3022 0 4 62
2285 0 4 58
749 0 4 54
685 0 4 50
2532 0 4 46
272 0 4 43
1107 0 4 39
3813 0 4 34
4017 0 4 30
2684 0 4 28
3881 0 4 24
3815 0 4 20
3494 0 4 17
1779 0 4 14
65 0 4 12
2412 0 4 6
2521 0 4 2
832 0 5 96
3214 0 5 92
520 0 5 87
1152 0 5 82
861 0 5 79
3355 0 5 74
3555 0 5 69
2987 0 5 65
3129 0 5 61
2814 0 5 58
1033 0 5 53
3524 0 5 48
3843 0 5 43
3223 0 5 38
3731 0 5 34
3509 0 5 30
492 0 5 28
2313 0 5 23
3125 0 5 20
2346 0 5 17
620 0 5 14
4118 0 5 10
2571 0 5 6
207 0 5 1
3331 0 6 95
777 0 6 92
214 0 6 87
1006 0 6 82
121 0 6 79
3224 0 6 74
2780 0 6 69
1426 0 6 65
2490 0 6 61
3004 0 6 57
382 0 6 53
3412 0 6 48
3472 0 6 43
3184 0 6 38
1485 0 6 34
3373 0 6 30
4131 0 6 26
2799 0 6 22
2787 0 6 17
2281 0 6 13
2500 0 6 9
3582 0 6 6
187 0 6 1
2231 0 7 95
1094 0 7 91
2701 0 7 88
2245 0 7 85
2166 0 7 82
1698 0 7 77
3440 0 7 73
3748 0 7 70
2789 0 7 68
3601 0 7 64
3803 0 7 61
43 0 7 57
252 0 7 53
783 0 7 48
1964 0 7 43
2901 0 7 38
2812 0 7 33
3290 0 7 31
1126 0 7 27
787 0 7 23
2846 0 7 19
798 0 7 15
755 0 7 12
902 0 7 6
994 0 7 3
117 0 8 95
792 0 8 91
1958 0 8 88
1457 0 8 85
3531 0 8 79
2971 0 8 73
592 0 8 69
1272 0 8 64
176 0 8 61
3291 0 8 56
3924 0 8 52
582 0 8 49
2373 0 8 45
1450 0 8 41
2943 0 8 38
3594 0 8 32
2975 0 8 29
630 0 8 26
2439 0 8 22
2295 0 8 17
3503 0 8 12
708 0 8 6
2594 0 8 2
2515 0 9 94
2801 0 9 90
9 0 9 87
1882 0 9 81
3613 0 9 76
2114 0 9 72
175 0 9 70
2349 0 9 66
3630 0 9 63
4069 0 9 57
4137 0 9 52
1574 0 9 48
1957 0 9 43
603 0 9 38
2192 0 9 32
1211 0 9 29
4003 0 9 25
1550 0 9 22
1989 0 9 17
3732 0 9 11
3584 0 9 7
2029 0 9 2
3859 0 10 93
3096 0 10 89
2161 0 10 85
3314 0 10 79
1069 0 10 73
2229 0 10 68
1889 0 10 64
1017 0 10 59
1430 0 10 57
3938 0 10 52
1798 0 10 47
2979 0 10 44
2930 0 10 40
3361 0 10 35
1815 0 10 31
4042 0 10 26
1886 0 10 22
635 0 10 17
2554 0 10 11
3974 0 10 6
864 0 10 2
3157 0 11 93
2290 0 11 89
136 0 11 85
1741 0 11 79
322 0 11 73
2544 0 11 67
2038 0 11 61
3134 0 11 56
1795 0 11 52
1166 0 11 47
516 0 11 43
3786 0 11 36
3467 0 11 33
3528 0 11 29
872 0 11 25
2810 0 11 21
132 0 11 16
3515 0 11 13
78 0 11 9
529 0 11 6
4162 0 11 1
2584 0 12 93
3544 0 12 88
1088 0 12 85
1636 0 12 79
274 0 12 73
1959 0 12 67
772 0 12 61
1875 0 12 56
718 0 12 52
487 0 12 47
3765 0 12 42
73 0 12 39
3719 0 12 34
3176 0 12 30
3406 0 12 26
2338 0 12 21
3760 0 12 15
3368 0 12 10
2133 0 12 6
2117 0 12 1
855 0 13 93
2772 0 13 88
3723 0 13 84
3445 0 13 80
878 0 13 76
1355 0 13 72
2609 0 13 69
3977 0 13 63
3658 0 13 56
417 0 13 52
2042 0 13 46
1717 0 13 42
3660 0 13 38
2077 0 13 32
2985 0 13 28
2292 0 13 23
1696 0 13 19
2053 0 13 14
2113 0 13 10
1486 0 13 5
1689 0 13 1
369 0 14 93
1922 0 14 88
2924 0 14 84
2491 0 14 80
90 0 14 76
882 0 14 72
2471 0 14 69
2358 0 14 63
3433 0 14 56
2944 0 14 51
1590 0 14 48
1320 0 14 43
3379 0 14 36
883 0 14 33
1705 0 14 29
2237 0 14 24
2766 0 14 20
359 0 14 16
1483 0 14 13
3999 0 14 8
3705 0 14 5
118 0 14 1
4008 0 15 92
3099 0 15 86
3320 0 15 82
1180 0 15 77
2708 0 15 72
1390 0 15 68
1456 0 15 64
768 0 15 59
2384 0 15 55
3577 0 15 48
1756 0 15 42
2880 0 15 38
1560 0 15 32
627 0 15 28
3227 0 15 22
555 0 15 17
2527 0 15 11
2158 0 15 6
2750 0 16 92
2437 0 16 86
3092 0 16 81
2916 0 16 76
3615 0 16 71
1150 0 16 67
2793 0 16 60
702 0 16 56
1726 0 16 51
1356 0 16 48
901 0 16 42
2857 0 16 38
824 0 16 32
1145 0 16 27
1080 0 16 22
178 0 16 17
1995 0 16 11
1067 0 16 6
1851 0 17 92
1664 0 17 86
2915 0 17 81
479 0 17 76
1429 0 17 71
419 0 17 67
1002 0 17 60
3674 0 17 55
1902 0 17 48
3357 0 17 41
1278 0 17 38
14 0 17 32
468 0 17 27
4038 0 17 21
2622 0 17 15
903 0 17 10
344 0 17 5
1609 0 18 92
1195 0 18 86
1679 0 18 81
3026 0 18 75
2661 0 18 71
3204 0 18 66
1394 0 18 63
2250 0 18 56
1246 0 18 51
2304 0 18 47
924 0 18 42
2604 0 18 38
3791 0 18 31
782 0 18 26
4025 0 18 19
3717 0 18 13
2764 0 18 8
3243 0 18 5
4098 0 19 91
556 0 19 88
532 0 19 84
1232 0 19 80
3307 0 19 75
2208 0 19 71
1132 0 19 66
1746 0 19 62
3366 0 19 57
3851 0 19 52
1971 0 19 46
756 0 19 42
2368 0 19 38
3463 0 19 31
362 0 19 26
3372 0 19 19
3643 0 19 13
1451 0 19 8
3694 0 19 4
3346 2 1 91
152 2 1 88
2788 2 1 83
58 2 1 79
270 2 1 73
1302 2 1 67
3798 2 1 59
1407 2 1 55
1427 2 1 48
2934 2 1 41
754 2 1 38
3146 2 1 31
2726 2 1 25
2389 2 1 21
1376 2 1 15
1787 2 1 9
3611 2 1 5
1292 2 3 91
2742 2 3 87
3868 2 3 80
2620 2 3 74
2236 2 3 69
2303 2 3 63
927 2 3 56
3541 2 3 50
822 2 3 46
3219 2 3 41
1333 2 3 37
1048 2 3 35
1805 2 3 31
2121 2 3 25
2239 2 3 21
1016 2 3 15
3901 2 3 8
1987 2 3 4
3056 2 5 90
512 2 5 86
1501 2 5 81
2022 2 5 75
3329 2 5 70
2605 2 5 65
2045 2 5 61
1716 2 5 56
2817 2 5 50
412 2 5 46
409 2 5 41
3238 2 5 36
2404 2 5 32
257 2 5 27
2722 2 5 21
34 2 5 15
2860 2 5 8
871 2 5 4
1540 2 6 90
1573 2 6 85
845 2 6 79
3758 2 6 72
2228 2 6 67
1328 2 6 59
995 2 6 55
312 2 6 48
2835 2 6 41
3058 2 6 36
2142 2 6 32
224 2 6 27
1694 2 6 21
3808 2 6 14
415 2 6 10
3844 2 6 4
1606 2 7 89
2808 2 7 84
3519 2 7 79
1434 2 7 72
32 2 7 67
422 2 7 59
962 2 7 55
209 2 7 48
2977 2 7 40
3240 2 7 35
3181 2 7 30
2394 2 7 26
3289 2 7 19
2876 2 7 13
541 2 7 8
631 2 7 4
706 2 11 89
3609 2 11 83
4125 2 11 78
4012 2 11 75
1685 2 11 70
4094 2 11 64
3945 2 11 58
242 2 11 53
397 2 11 48
1782 2 11 40
1893 2 11 35
2282 2 11 30
2966 2 11 25
1827 2 11 21
3565 2 11 14
3308 2 11 9
2773 2 11 5
2364 2 12 88
1991 2 12 83
3470 2 12 78
1587 2 12 74
1832 2 12 69
2015 2 12 63
691 2 12 56
250 2 12 50
316 2 12 46
3534 2 12 40
1383 2 12 35
537 2 12 30
2782 2 12 25
2849 2 12 20
3970 2 12 14
3159 2 12 9
2444 2 12 4
1022 2 13 87
3763 2 13 80
1752 2 13 74
2055 2 13 68
3478 2 13 62
3442 2 13 56
3447 2 13 49
146 2 13 44
1909 2 13 40
1316 2 13 35
3000 2 13 29
1813 2 13 23
869 2 13 19
2747 2 13 13
133 2 13 8
4039 2 13 3
1627 2 14 86
966 2 14 80
1702 2 14 74
1662 2 14 68
2908 2 14 61
3992 2 14 55
3149 2 14 47
1760 2 14 41
3980 2 14 35
2895 2 14 28
1393 2 14 22
66 2 14 17
2104 2 14 10
2659 2 14 4
720 2 15 85
164 2 15 79
3973 2 15 71
1668 2 15 65
2002 2 15 61
3614 2 15 55
3098 2 15 47
3538 2 15 40
196 2 15 35
2755 2 15 28
2976 2 15 21
3194 2 15 14
806 2 15 9
399 2 15 4
3112 2 16 83
3621 2 16 77
987 2 16 72
3501 2 16 66
474 2 16 62
1403 2 16 56
170 2 16 49
3108 2 16 43
3952 2 16 35
1842 2 16 28
2831 2 16 21
3144 2 16 14
2576 2 16 8
1010 2 16 3
2131 2 17 83
3025 2 17 77
433 2 17 72
3498 2 17 66
1768 2 17 61
2258 2 17 55
2868 2 17 47
2760 2 17 40
4155 2 17 34
134 2 17 30
2525 2 17 25
2821 2 17 20
3216 2 17 14
2011 2 17 8
3776 2 17 2
948 2 18 83
2225 2 18 77
2078 2 18 71
454 2 18 65
597 2 18 61
1548 2 18 54
259 2 18 50
3359 2 18 45
1276 2 18 41
3553 2 18 35
1559 2 18 28
2148 2 18 21
2180 2 18 14
2990 2 18 7
1029 2 18 2
200 2 19 83
1749 2 19 77
3122 2 19 70
3916 2 19 64
2639 2 19 57
2120 2 19 52
717 2 19 45
3595 2 19 40
3283 2 19 34
2941 2 19 29
1437 2 19 23
197 2 19 19
1378 2 19 13
1306 2 19 7
578 2 19 2
3059 3 1 81
1311 3 1 75
198 3 1 70
844 3 1 64
697 3 1 55
2783 3 1 47
2570 3 1 40
2175 3 1 34
2723 3 1 29
30 3 1 23
4134 3 1 18
2315 3 1 14
2709 3 1 7
969 3 3 81
967 3 3 75
3853 3 3 69
1833 3 3 63
4057 3 3 55
1998 3 3 47
4013 3 3 39
3010 3 3 34
4126 3 3 28
450 3 3 21
2572 3 3 12
3411 3 3 5
1892 3 8 79
3728 3 8 71
62 3 8 65
208 3 8 60
1878 3 8 55
1860 3 8 47
1940 3 8 39
116 3 8 34
3508 3 8 28
4026 3 8 20
1790 3 8 14
1250 3 8 7
1789 3 9 79
2598 3 9 71
2601 3 9 64
3571 3 9 54
4112 3 9 49
1335 3 9 43
3254 3 9 35
847 3 9 28
3972 3 9 19
1295 3 9 13
490 3 9 7
2762 3 11 70
784 3 11 64
3095 3 11 54
3983 3 11 49
668 3 11 43
2928 3 11 35
231 3 11 28
3233 3 11 19
666 3 11 13
1821 3 11 5
3551 3 12 67
3218 3 12 58
2906 3 12 52
621 3 12 45
3130 3 12 40
2156 3 12 34
2940 3 12 28
4096 3 12 18
1923 3 12 14
553 3 12 7
2643 3 13 98
3363 3 13 94
2118 3 13 90
3616 3 13 84
2738 3 13 79
823 3 13 71
536 3 13 64
1615 3 13 54
2305 3 13 49
2345 3 13 42
3906 3 13 37
3428 3 13 33
3662 3 13 28
1747 3 13 18
1541 3 13 14
2170 3 13 6
436 3 14 97
3862 3 14 94
2102 3 14 90
2635 3 14 84
1215 3 14 79
4034 3 14 70
3562 3 14 63
3934 3 14 55
3971 3 14 45
2477 3 14 40
2188 3 14 33
2019 3 14 28
606 3 14 18
1114 3 14 14
958 3 14 6
3686 3 15 96
2154 3 15 92
1158 3 15 86
2859 3 15 79
158 3 15 70
3507 3 15 63
162 3 15 55
3306 3 15 45
2206 3 15 40
2160 3 15 33
4139 3 15 27
1686 3 15 21
1412 3 15 12
2843 3 15 5
1632 3 16 96
1736 3 16 92
86 3 16 86
2758 3 16 79
2109 3 16 69
1701 3 16 63
3772 3 16 54
1072 3 16 49
1670 3 16 42
3756 3 16 36
1290 3 16 32
819 3 16 26
2712 3 16 19
4107 3 16 12
1423 3 16 5
3023 3 17 95
586 3 17 91
2136 3 17 87
3668 3 17 80
1046 3 17 74
166 3 17 68
1697 3 17 61
60 3 17 54
804 3 17 48
544 3 17 40
265 3 17 33
4127 3 17 27
482 3 17 21
937 3 17 12
1179 3 17 5
2899 3 18 95
3794 3 18 90
858 3 18 84
142 3 18 79
1620 3 18 69
1530 3 18 63
3012 3 18 54
558 3 18 48
119 3 18 40
3213 3 18 32
402 3 18 26
2485 3 18 19
3251 3 18 12
1165 3 18 4
2866 3 19 95
2900 3 19 90
3369 3 19 83
546 3 19 77
2986 3 19 70
2964 3 19 63
2169 3 19 54
3871 3 19 47
1687 3 19 39
3180 3 19 33
2517 3 19 27
3895 3 19 20
1279 3 19 14
653 3 19 6
3666 4 1 94
973 4 1 90
807 4 1 83
4156 4 1 76
1116 4 1 71
3828 4 1 63
1146 4 1 53
31 4 1 48
26 4 1 40
3270 4 1 31
3456 4 1 24
1119 4 1 19
1708 4 1 12
3935 4 1 3
3483 4 3 94
172 4 3 90
676 4 3 83
2913 4 3 76
1005 4 3 71
2666 4 3 63
3592 4 3 52
524 4 3 45
3247 4 3 39
1979 4 3 33
2352 4 3 27
3128 4 3 20
1175 4 3 14
122 4 3 6
2074 4 5 93
894 4 5 88
38 4 5 83
1203 4 5 76
24 4 5 71
2456 4 5 63
3018 4 5 52
3038 4 5 44
3850 4 5 39
1128 4 5 33
2184 4 5 27
3088 4 5 20
4081 4 5 13
260 4 5 5
952 4 6 93
615 4 6 88
4149 4 6 82
530 4 6 77
2874 4 6 70
2537 4 6 63
4014 4 6 51
1268 4 6 47
4117 4 6 38
2704 4 6 31
3380 4 6 24
2552 4 6 18
3933 4 6 13
3066 4 6 4
310 5 1 93
2122 5 1 87
3232 5 1 80
3831 5 1 73
1141 5 1 67
2922 5 1 58
1308 5 1 52
104 5 1 44
3657 5 1 39
3676 5 1 32
1880 5 1 25
1171 5 1 20
3951 5 1 13
2858 5 1 4
929 5 3 92
3007 5 3 85
3389 5 3 78
3981 5 3 73
3985 5 3 66
1424 5 3 61
2909 5 3 53
408 5 3 47
1258 5 3 38
1405 5 3 31
2863 5 3 24
1576 5 3 18
3319 5 3 13
722 5 3 4
817 5 5 92
456 5 5 85
1251 5 5 78
3912 5 5 73
3539 5 5 66
3064 5 5 60
3039 5 5 54
3424 5 5 47
801 5 5 38
1307 5 5 31
2565 5 5 24
3899 5 5 17
1204 5 5 10
374 5 5 4
3602 5 6 91
1992 5 6 87
2736 5 6 80
2991 5 6 73
3024 5 6 66
1387 5 6 60
1143 5 6 54
4135 5 6 46
3427 5 6 40
2621 5 6 31
2270 5 6 24
3400 5 6 17
206 5 6 10
2705 5 6 3
3593 5 8 91
1974 5 8 87
2436 5 8 80
1599 5 8 73
2514 5 8 66
2280 5 8 59
773 5 8 55
2676 5 8 45
2696 5 8 39
911 5 8 32
1631 5 8 25
1099 5 8 20
3324 5 8 13
3461 5 8 3
3187 5 10 91
884 5 10 87
1739 5 10 80
1567 5 10 73
3966 5 10 65
18 5 10 60
335 5 10 54
3564 5 10 46
2427 5 10 40
437 5 10 31
2093 5 10 24
2044 5 10 17
3364 5 10 9
123 5 10 4
1980 5 15 91
2454 5 15 86
2619 5 15 79
1526 5 15 69
1475 5 15 63
3235 5 15 51
581 5 15 47
2646 5 15 37
3094 5 15 32
1478 5 15 25
647 5 15 19
2165 5 15 11
3453 5 15 5
617 5 16 91
1628 5 16 86
2318 5 16 79
650 5 16 69
951 5 16 63
355 5 16 51
2573 5 16 46
1532 5 16 40
4010 5 16 29
3902 5 16 22
2664 5 16 16
1284 5 16 13
2440 5 16 3
3769 5 17 90
3341 5 17 81
590 5 17 75
3404 5 17 69
764 5 17 63
154 5 17 51
2487 5 17 46
203 5 17 40
3114 5 17 29
943 5 17 22
2402 5 17 16
3080 5 17 12
3298 5 17 3
3739 5 18 90
2372 5 18 81
3103 5 18 74
421 5 18 67
2470 5 18 58
161 5 18 52
3316 5 18 43
2818 5 18 35
157 5 18 28
3237 5 18 17
3046 5 18 9
3606 5 18 3
2410 5 19 90
501 5 19 81
2902 5 19 74
3768 5 19 66
3954 5 19 58
1170 5 19 51
1000 5 19 46
75 5 19 40
1588 5 19 29
800 5 19 22
1492 5 19 15
1873 5 19 8
3041 5 19 1
420 6 1 90
233 6 1 81
2744 6 1 74
2209 6 1 66
3687 6 1 58
4158 6 1 50
968 6 1 45
2511 6 1 39
3713 6 1 31
851 6 1 24
999 6 1 17
2583 6 1 9
3830 6 1 2
3081 6 2 89
2037 6 2 83
1151 6 2 76
3840 6 2 70
1221 6 2 63
61 6 2 51
2416 6 2 45
1955 6 2 39
2927 6 2 31
313 6 2 24
926 6 2 17
2542 6 2 9
2767 6 2 2
2607 6 3 89
1772 6 3 83
4141 6 3 75
1219 6 3 69
340 6 3 63
3726 6 3 50
4085 6 3 44
3137 6 3 39
2847 6 3 31
246 6 3 24
193 6 3 17
1362 6 3 9
2682 6 3 2
1970 6 6 89
309 6 6 83
3673 6 6 75
527 6 6 69
3416 6 6 62
683 6 6 56
2254 6 6 48
1845 6 6 39
2032 6 6 31
3203 6 6 23
4084 6 6 18
1207 6 6 13
1212 6 6 3
1147 6 8 89
1489 6 8 82
3558 6 8 76
3777 6 8 70
1155 6 8 63
199 6 8 50
549 6 8 44
1313 6 8 39
1622 6 8 31
1874 6 8 23
2870 6 8 18
1187 6 8 13
3710 6 8 2
1027 6 10 89
148 6 10 82
3285 6 10 76
3402 6 10 70
775 6 10 63
2348 6 10 49
3387 6 10 41
3315 6 10 35
2980 6 10 27
633 6 10 20
311 6 10 13
2003 6 10 3
2852 6 12 87
1654 6 12 80
979 6 12 73
1856 6 12 65
3328 6 12 59
3030 6 12 54
3234 6 12 46
1764 6 12 39
2379 6 12 30
1269 6 12 25
1458 6 12 18
3735 6 12 12
4153 6 12 1
2751 6 13 87
3286 6 13 79
3335 6 13 68
210 6 13 61
1986 6 13 53
3087 6 13 46
815 6 13 39
2119 6 13 30
843 6 13 25
511 6 13 18
3253 6 13 12
4006 6 13 1
1950 7 4 87
3082 7 4 79
2060 7 4 68
2844 7 4 60
4102 7 4 53
300 7 4 46
3168 7 4 38
3371 7 4 30
4109 7 4 24
55 7 4 17
1160 7 4 9
1522 7 4 2
1807 7 5 87
2246 7 5 79
3814 7 5 67
1539 7 5 58
4144 7 5 50
2754 7 5 43
2703 7 5 34
2447 7 5 28
2688 7 5 17
983 7 5 9
1264 7 5 2
1288 7 6 86
2218 7 6 79
939 7 6 67
1184 7 6 58
2337 7 6 50
2550 7 6 43
2062 7 6 34
1917 7 6 28
2033 7 6 17
400 7 6 9
908 7 6 2
1200 7 8 86
895 7 8 79
3994 7 8 66
2548 7 8 58
1515 7 8 50
1660 7 8 42
239 7 8 36
906 7 8 32
485 7 8 25
509 7 8 18
1493 7 8 12
1692 7 8 1
1135 7 10 86
4055 7 10 78
3274 7 10 73
1814 7 10 65
2983 7 10 59
2302 7 10 54
3013 7 10 46
2961 7 10 38
308 7 10 30
3672 7 10 24
3879 7 10 16
3618 7 10 11
2667 7 10 5
513 7 12 86
3050 7 12 78
3269 7 12 73
1023 7 12 65
2618 7 12 59
2284 7 12 54
2482 7 12 46
1656 7 12 38
108 7 12 29
740 7 12 22
1329 7 12 15
3384 7 12 7
3391 7 13 85
2546 7 13 77
2116 7 13 70
4171 7 13 62
23 7 13 56
852 7 13 48
1841 7 13 39
2613 7 13 29
4105 7 13 21
150 7 13 12
1086 7 13 1
1140 7 16 85
2393 7 16 77
1868 7 16 70
4033 7 16 62
3533 7 16 55
1109 7 16 45
4032 7 16 38
3325 7 16 28
3626 7 16 16
4115 7 16 10
1649 7 16 3
1037 7 17 82
3028 7 17 76
3295 7 17 70
3886 7 17 61
1583 7 17 53
3077 7 17 45
3753 7 17 38
761 7 17 28
435 7 17 16
3704 7 17 10
1073 7 17 3
3405 7 18 81
1257 7 18 74
1220 7 18 66
2202 7 18 58
1449 7 18 50
1575 7 18 42
3301 7 18 35
2957 7 18 27
3900 7 18 19
1944 7 18 11
366 7 18 5
1319 7 19 81
2216 7 19 73
745 7 19 65
1835 7 19 59
1243 7 19 54
4020 7 19 44
1214 7 19 39
686 7 19 29
3953 7 19 21
2970 7 19 11
22 7 19 5
3907 8 0 78
2757 8 0 73
370 8 0 65
3110 8 0 58
3352 8 0 49
2958 8 0 41
3293 8 0 35
1734 8 0 27
3629 8 0 19
1205 8 0 11
2 8 0 5
1336 8 1 78
2540 8 1 72
2501 8 1 66
2945 8 1 57
179 8 1 52
3303 8 1 43
325 8 1 34
4052 8 1 27
3277 8 1 19
4076 8 1 10
2775 8 1 2
2276 8 2 77
1755 8 2 70
3700 8 2 61
1194 8 2 53
2167 8 2 45
1806 8 2 38
3707 8 2 27
1938 8 2 19
3893 8 2 10
2291 8 2 2
2426 8 3 71
2261 8 3 63
2172 8 3 49
2653 8 3 41
2321 8 3 35
1235 8 3 27
3885 8 3 18
40 8 3 12
2651 8 3 4
1281 8 4 67
1182 8 4 58
3689 8 4 48
1549 8 4 39
333 8 4 29
3784 8 4 21
1401 8 4 11
2063 8 4 4
2557 8 8 66
2636 8 8 57
3846 8 8 51
2056 8 8 45
1400 8 8 38
2737 8 8 27
3752 8 8 18
3876 8 8 11
439 8 8 4
3888 8 10 63
3975 8 10 48
1369 8 10 39
4022 8 10 28
145 8 10 16
2725 8 10 10
1283 8 10 2
1304 8 12 48
528 8 12 39
3852 8 12 28
85 8 12 16
2526 8 12 10
4089 8 12 1
2662 8 13 97
1812 8 13 94
808 8 13 89
4120 8 13 81
1906 8 13 73
3804 8 13 64
1553 8 13 54
1890 8 13 44
1317 8 13 38
2582 8 13 27
3647 8 13 18
3920 8 13 10
2069 8 13 1
3425 8 19 96
3502 8 19 91
1174 8 19 86
2026 8 19 78
2141 8 19 72
1829 8 19 66
2325 8 19 57
3526 8 19 51
3922 8 19 44
667 8 19 38
579 8 19 27
2179 8 19 18
3377 8 19 10
1473 8 19 1
2839 9 0 96
2021 9 0 91
2096 9 0 85
2005 9 0 77
1144 9 0 69
2134 9 0 62
2828 9 0 55
678 9 0 45
496 9 0 38
4036 9 0 26
960 9 0 19
3631 9 0 10
1380 9 0 1
2425 9 1 96
665 9 1 91
1994 9 1 85
1565 9 1 77
16 9 1 69
791 9 1 62
360 9 1 55
661 9 1 44
306 9 1 38
1463 9 1 26
354 9 1 19
3017 9 1 10
211 9 1 1
1849 9 2 95
1638 9 2 90
3917 9 2 80
35 9 2 73
2344 9 2 64
1070 9 2 54
262 9 2 44
167 9 2 38
1600 9 2 25
4092 9 2 16
2506 9 2 10
619 9 2 2
2164 9 3 94
3097 9 3 88
4067 9 3 82
2129 9 3 76
2840 9 3 70
3430 9 3 61
3989 9 3 52
1850 9 3 43
205 9 3 34
2316 9 3 27
1943 9 3 18
2962 9 3 10
96 9 3 2
905 9 4 94
2547 9 4 88
3523 9 4 82
947 9 4 76
2524 9 4 70
3799 9 4 60
2878 9 4 53
930 9 4 45
4129 9 4 37
526 9 4 32
2390 9 4 24
3321 9 4 16
1513 9 4 10
3820 9 4 1
3084 9 6 93
1301 9 6 87
941 9 6 79
3809 9 6 66
974 9 6 57
3202 9 6 51
1570 9 6 43
3679 9 6 33
2174 9 6 27
1939 9 6 18
2296 9 6 10
3246 9 6 1
1730 9 8 93
3353 9 8 86
1578 9 8 78
1713 9 8 72
982 9 8 66
616 9 8 57
2387 9 8 51
1554 9 8 43
3409 9 8 33
1671 9 8 27
867 9 8 18
1236 9 8 10
1125 9 8 1
1564 9 9 93
2238 9 9 86
525 9 9 78
1581 9 9 72
375 9 9 66
498 9 9 57
1357 9 9 51
1277 9 9 43
2178 9 9 33
1608 9 9 27
1840 9 9 17
4079 9 9 8
2807 9 9 1
4021 9 10 92
426 9 10 85
3042 9 10 76
1887 9 10 70
2091 9 10 60
2362 9 10 53
469 9 10 45
2612 9 10 37
384 9 10 32
3579 9 10 23
2273 9 10 18
390 9 10 10
904 9 10 1
3898 9 12 92
1314 9 12 84
3197 9 12 78
4028 9 12 71
3375 9 12 62
3151 9 12 54
591 9 12 43
1366 9 12 33
4163 9 12 26
2960 9 12 18
1137 9 12 9
572 9 12 1
3773 9 13 92
1240 9 13 84
2946 9 13 78
3779 9 13 71
2931 9 13 62
1834 9 13 54
342 9 13 41
961 9 13 35
3913 9 13 26
2626 9 13 18
2322 9 13 8
588 9 13 1
3465 9 15 92
443 9 15 84
2369 9 15 78
3073 9 15 71
3045 9 15 61
3785 9 15 52
1364 9 15 43
624 9 15 33
3003 9 15 26
2279 9 15 18
2249 9 15 8
2359 9 19 92
3561 9 19 82
33 9 19 76
1647 9 19 70
1973 9 19 60
3351 9 19 52
1169 9 19 43
738 9 19 32
464 9 19 23
1011 9 19 17
1733 9 19 8
2689 10 4 91
3439 10 4 84
2314 10 4 78
3070 10 4 71
2973 10 4 61
2350 10 4 52
2907 10 4 42
3131 10 4 35
3746 10 4 26
1826 10 4 18
1384 10 4 8
696 10 6 91
2418 10 6 84
743 10 6 78
1766 10 6 71
2885 10 6 61
1452 10 6 52
2813 10 6 41
729 10 6 35
3385 10 6 26
1509 10 6 18
2947 10 6 7
471 10 9 91
3696 10 9 83
3052 10 9 75
2586 10 9 68
2143 10 9 60
140 10 9 52
1172 10 9 41
3856 10 9 34
2199 10 9 27
3832 10 9 16
1413 10 9 10
447 10 12 91
470 10 12 83
1480 10 12 75
2030 10 12 68
1398 10 12 60
611 10 12 51
1038 10 12 43
3963 10 12 31
891 10 12 23
584 10 12 17
4104 10 12 7
3701 10 15 90
3451 10 15 80
2457 10 15 72
192 10 15 66
3883 10 15 56
576 10 15 48
3651 10 15 38
457 10 15 25
3040 10 15 16
1095 10 15 10
3275 10 17 90
3392 10 17 80
2110 10 17 72
3634 10 17 65
1446 10 17 58
3543 10 17 48
2842 10 17 38
4082 10 17 24
2912 10 17 16
890 10 17 10
2918 10 18 90
2862 10 18 79
3759 10 18 66
3724 10 18 56
4011 10 18 47
2473 10 18 37
100 10 18 32
2347 10 18 22
4122 10 18 14
3825 10 18 5
1799 10 19 90
741 10 19 79
2561 10 19 66
2094 10 19 56
3936 10 19 47
1784 10 19 37
2098 10 19 31
414 10 19 23
74 10 19 17
4050 10 19 7
149 11 0 90
1497 11 0 78
1254 11 0 71
2529 11 0 61
1075 11 0 52
3407 11 0 40
184 11 0 29
2461 11 0 21
1191 11 0 11
4001 11 0 3
4103 11 1 89
3505 11 1 81
860 11 1 73
990 11 1 64
977 11 1 54
682 11 1 40
3354 11 1 28
992 11 1 15
2854 11 1 7
3344 11 3 89
1382 11 3 81
3567 11 3 72
2342 11 3 65
392 11 3 58
2553 11 3 48
1370 11 3 38
3060 11 3 24
1711 11 3 16
213 11 3 10
1786 11 4 89
1822 11 4 80
1743 11 4 72
554 11 4 65
94 11 4 58
2442 11 4 48
451 11 4 38
2014 11 4 24
751 11 4 16
4165 11 4 9
3148 11 6 88
2445 11 6 82
3905 11 6 75
3570 11 6 67
2658 11 6 57
3620 11 6 50
3976 11 6 41
2743 11 6 34
1901 11 6 27
3225 11 6 16
3469 11 6 9
1769 11 7 88
1933 11 7 82
3074 11 7 75
2288 11 7 67
1330 11 7 55
595 11 7 44
1601 11 7 37
1176 11 7 31
2329 11 7 22
3778 11 7 14
253 11 7 5
2923 11 8 87
3805 11 8 78
1062 11 8 71
2309 11 8 61
495 11 8 52
2050 11 8 40
2673 11 8 28
484 11 8 15
2795 11 8 7
910 11 9 87
3738 11 9 78
846 11 9 71
3446 11 9 60
3557 11 9 50
723 11 9 41
2693 11 9 33
2375 11 9 26
3280 11 9 17
4037 11 9 7
473 11 10 87
1339 11 10 78
3165 11 10 70
1605 11 10 60
2101 11 10 50
502 11 10 41
2599 11 10 33
1919 11 10 26
2890 11 10 17
1625 11 10 6
2140 11 11 86
1331 11 11 77
3065 11 11 68
931 11 11 60
1869 11 11 50
1050 11 11 40
2600 11 11 28
431 11 11 15
2356 11 11 7
320 11 12 86
793 11 12 77
2012 11 12 68
794 11 12 60
3311 11 12 49
2115 11 12 41
1607 11 12 33
1796 11 12 26
2230 11 12 17
998 11 12 6
2724 11 13 85
2616 11 13 76
1346 11 13 70
507 11 13 60
2244 11 13 49
2059 11 13 41
3545 11 13 32
1076 11 13 22
1978 11 13 14
171 11 13 5
2353 11 15 85
1361 11 15 76
538 11 15 70
2967 11 15 59
1190 11 15 54
321 11 15 40
2041 11 15 28
37 11 15 15
1077 11 15 7
721 12 0 85
3802 12 0 75
1579 12 0 67
3918 12 0 54
3604 12 0 37
660 12 0 31
1963 12 0 22
1516 12 0 14
3504 12 0 4
2630 12 1 84
127 12 1 78
3878 12 1 69
115 12 1 62
1305 12 1 54
1263 12 1 36
831 12 1 32
566 12 1 22
3008 12 1 13
583 12 1 3
4004 12 3 83
2763 12 3 74
789 12 3 66
1767 12 3 56
3119 12 3 47
920 12 3 37
106 12 3 31
1026 12 3 22
1896 12 3 13
3348 12 3 2
1118 12 4 82
2969 12 4 75
1247 12 4 67
3248 12 4 54
70 12 4 35
2992 12 4 26
1142 12 4 17
2955 12 4 5
406 12 6 82
1810 12 6 75
918 12 6 67
2687 12 6 54
201 12 6 34
763 12 6 27
2283 12 6 16
3454 12 6 9
3220 12 7 80
1562 12 7 72
3343 12 7 64
4080 12 7 53
3884 12 7 44
3116 12 7 36
52 12 7 32
165 12 7 22
1181 12 7 13
3009 12 7 2
13 12 15 80
79 12 15 72
318 12 15 63
886 12 15 48
98 12 15 38
394 12 15 24
3512 12 15 15
689 12 15 7
2824 12 16 79
1286 12 16 66
1041 12 16 56
2434 12 16 47
326 12 16 37
4143 12 16 30
3625 12 16 24
2150 12 16 15
428 12 16 7
1245 12 17 79
3048 12 17 65
3826 12 17 57
2811 12 17 50
476 12 17 40
1643 12 17 28
3653 12 17 14
3221 12 17 4
1918 12 18 76
2054 12 18 69
3580 12 18 61
120 12 18 52
600 12 18 40
1533 12 18 28
1282 12 18 14
2469 12 18 4
2988 12 19 74
575 12 19 66
963 12 19 56
2366 12 19 47
2071 12 19 35
1226 12 19 26
3506 12 19 16
534 12 19 9
1921 13 1 74
3591 13 1 65
1728 13 1 57
2182 13 1 50
3882 13 1 39
3761 13 1 28
4146 13 1 13
1464 13 1 1
2047 13 3 73
742 13 3 64
2794 13 3 53
1956 13 3 44
610 13 3 36
2871 13 3 31
3926 13 3 21
919 13 3 11
842 13 3 1
442 13 4 73
628 13 4 64
3796 13 4 51
955 13 4 43
3722 13 4 31
3897 13 4 21
594 13 4 11
752 13 4 1
3186 13 7 66
809 13 7 55
2509 13 7 43
2837 13 7 31
2449 13 7 21
970 13 7 10
923 13 9 59
539 13 9 54
1610 13 9 33
1468 13 9 26
3230 13 9 16
463 13 9 9
2530 13 11 94
295 13 11 88
1846 13 11 82
1324 13 11 75
779 13 11 67
1778 13 11 54
1525 13 11 33
4062 13 11 25
2856 13 11 16
4009 13 11 8
488 13 12 94
151 13 12 88
489 13 12 82
690 13 12 75
564 13 12 67
1761 13 12 54
3664 13 12 32
2711 13 12 21
542 13 12 10
4110 13 13 93
3866 13 13 85
3597 13 13 75
3588 13 13 66
3764 13 13 54
3323 13 13 32
2845 13 13 20
3872 13 13 12
2333 13 14 92
3005 13 14 82
3188 13 14 74
3474 13 14 65
3499 13 14 56
1004 13 14 47
1932 13 14 35
3943 13 14 25
1951 13 14 16
849 13 14 8
658 13 15 92
2869 13 15 82
3033 13 15 74
3287 13 15 65
2072 13 15 56
2631 13 15 45
3827 13 15 36
2672 13 15 31
2048 13 15 20
2629 13 15 12
1593 13 16 91
2748 13 16 82
2497 13 16 74
1718 13 16 65
1908 13 16 56
2009 13 16 45
3637 13 16 36
2634 13 16 31
1775 13 16 20
1591 13 16 12
54 13 17 91
710 13 17 82
1934 13 17 74
4061 13 17 64
1381 13 17 51
1663 13 17 42
1637 13 17 35
1884 13 17 25
1891 13 17 15
220 13 17 7
2381 13 18 90
3770 13 18 77
1239 13 18 68
2397 13 18 59
3265 13 18 53
510 13 18 44
3342 13 18 35
1617 13 18 25
1512 13 18 15
71 13 18 7
1441 13 19 90
2597 13 19 77
1096 13 19 68
2159 13 19 59
3262 13 19 53
221 13 19 44
545 13 19 35
346 13 19 24
1555 13 19 15
2327 13 19 6
1248 14 1 90
2551 14 1 77
637 14 1 68
907 14 1 59
2312 14 1 53
4130 14 1 43
2535 14 1 31
3995 14 1 19
2994 14 1 10
893 14 3 90
2076 14 3 77
3313 14 3 67
1104 14 3 54
2608 14 3 2
343 14 4 88
2330 14 4 81
1744 14 4 72
3608 14 4 62
1183 14 4 54
3869 14 4 43
559 14 4 31
3072 14 4 19
1648 14 4 10
2478 14 5 87
821 14 5 78
2820 14 5 69
3121 14 5 61
2157 14 5 51
1619 14 5 41
1202 14 5 32
3754 14 5 19
4132 14 5 9
3699 14 7 86
3001 14 7 76
1223 14 7 69
2669 14 7 61
1585 14 7 51
1715 14 7 40
3914 14 7 27
3891 14 7 15
1754 14 7 6
1168 14 9 86
1410 14 9 76
1007 14 9 69
247 14 9 61
1343 14 9 51
634 14 9 40
2483 14 9 26
1603 14 9 16
15 14 9 8
4160 15 7 85
3365 15 7 75
2759 15 7 66
1332 15 7 54
3479 15 7 43
4083 15 7 30
3654 15 7 23
3889 15 7 16
3241 15 7 7
3822 15 9 85
2965 15 9 75
2716 15 9 66
1201 15 9 54
2715 15 9 43
3819 15 9 30
2522 15 9 22
1479 15 9 11
2320 15 11 83
2301 15 11 74
4056 15 11 64
2017 15 11 50
2665 15 11 39
424 15 11 28
4072 15 11 13
2106 15 13 82
2234 15 13 73
4151 15 13 63
3645 15 13 47
137 15 13 35
138 15 13 24
1416 15 13 15
1729 15 13 6
746 15 17 81
352 15 17 72
3548 15 17 62
3546 15 17 53
2695 15 17 43
3568 15 17 29
3854 15 17 20
3855 15 17 11
338 15 18 81
3053 15 18 71
2411 15 18 60
3020 15 18 48
3919 15 18 37
3169 15 18 30
3443 15 18 21
2443 15 18 9
4088 15 19 80
3581 15 19 71
1808 15 19 60
2221 15 19 48
141 15 19 37
2894 15 19 30
3434 15 19 21
1723 15 19 9
2417 16 0 78
1442 16 0 69
2761 16 0 60
1421 16 0 48
3841 16 0 36
2462 16 0 31
1968 16 0 19
1545 16 0 9
2151 16 1 77
1879 16 1 67
3607 16 1 53
1695 16 1 43
371 16 1 29
3767 16 1 20
2746 16 1 11
1466 16 2 77
1129 16 2 67
3054 16 2 53
1275 16 2 43
1153 16 2 28
3496 16 2 12
3386 16 3 75
2422 16 3 66
521 16 3 54
1053 16 3 43
1460 16 3 27
3680 16 3 15
1721 16 3 6
3155 16 4 75
2414 16 4 66
4099 16 4 52
305 16 4 40
92 16 4 26
3675 16 4 15
4016 16 4 5
3559 16 5 74
3682 16 5 64
2734 16 5 49
518 16 5 41
1081 16 5 32
3258 16 5 18
2310 16 5 7
2998 16 7 71
3383 16 7 59
1229 16 7 53
2512 16 7 42
1634 16 7 35
688 16 7 23
3147 16 7 16
1052 16 7 7
3480 16 11 65
1267 16 11 56
298 16 11 45
3160 16 11 36
1018 16 11 31
3988 16 11 16
3670 16 11 6
4100 16 13 93
3811 16 13 85
2256 16 13 75
1783 16 13 66
1439 16 13 52
543 16 13 39
2580 16 13 27
2391 16 13 15
2200 16 13 5
1552 16 14 93
2556 16 14 85
725 16 14 75
3124 16 14 65
716 16 14 56
2833 16 14 44
1988 16 14 34
271 16 14 27
160 16 14 13
3569 16 15 92
1722 16 15 82
2191 16 15 73
3894 16 15 63
1193 16 15 47
130 16 15 35
646 16 15 23
2989 16 15 16
3356 16 15 6
1629 16 16 92
1431 16 16 82
83 16 16 73
838 16 16 63
692 16 16 47
2778 16 16 34
2421 16 16 26
3111 16 16 15
1677 16 16 5
3640 16 17 91
2217 16 17 80
3163 16 17 71
2999 16 17 59
3101 16 17 52
540 16 17 39
2135 16 17 27
3016 16 17 12
2252 16 18 89
2435 16 18 79
2099 16 18 65
105 16 18 56
2825 16 18 44
3997 16 18 33
1920 16 18 25
639 16 18 15
458 16 18 5
2190 16 19 89
453 16 19 79
3493 16 19 64
2388 16 19 48
1432 16 19 36
922 16 19 31
3466 16 19 14
1740 16 19 4
2139 17 0 89
2892 17 0 78
2963 17 0 68
304 17 0 59
2670 17 0 52
2714 17 0 37
2804 17 0 30
2942 17 0 21
814 17 0 9
1759 17 7 88
1972 17 7 81
2660 17 7 71
3667 17 7 58
2385 17 7 48
72 17 7 36
1569 17 7 30
2183 17 7 21
153 17 7 9
1621 17 9 88
1368 17 9 81
1222 17 9 71
2771 17 9 57
1019 17 9 50
2205 17 9 39
3965 17 9 26
2082 17 9 15
4161 17 9 4
1402 17 11 88
652 17 11 81
349 17 11 71
2061 17 11 57
481 17 11 50
2083 17 11 39
2455 17 11 26
1453 17 11 14
889 17 11 4
276 17 13 88
3190 17 13 80
1735 17 13 71
4133 17 13 56
1433 17 13 44
2937 17 13 33
1164 17 13 25
212 17 13 15
2968 17 13 4
1844 17 14 87
3011 17 14 77
3958 17 14 66
3890 17 14 51
77 17 14 40
4075 17 14 25
461 17 14 14
6 17 14 4
1233 17 15 87
2504 17 15 77
3468 17 15 66
1804 17 15 51
1877 17 15 39
896 17 15 26
1085 17 15 14
3665 17 15 3
1659 17 16 86
159 17 16 76
3527 17 16 66
3488 17 16 50
1518 17 16 39
3788 17 16 25
3014 17 16 13
1448 18 0 86
2092 18 0 75
2300 18 0 65
89 18 0 56
642 18 0 44
1852 18 0 33
1149 18 0 25
2920 18 0 13
1855 18 2 85
493 18 2 75
1604 18 2 65
2732 18 2 55
916 18 2 43
3475 18 2 26
3476 18 2 13
1830 18 3 85
3278 18 3 74
3228 18 3 64
3185 18 3 47
330 18 3 33
912 18 3 25
3928 18 3 11
1392 18 4 85
2641 18 4 74
1904 18 4 64
2046 18 4 47
3742 18 4 32
2654 18 4 18
1511 18 4 7
1809 18 5 84
3326 18 5 77
2596 18 5 66
2127 18 5 50
2489 18 5 38
236 18 5 24
1197 18 5 14
1941 18 5 3
3490 18 7 83
2260 18 7 74
1389 18 7 64
2887 18 7 46
1916 18 7 37
1300 18 7 30
2171 18 7 21
2926 18 7 7
3438 18 9 83
3947 18 9 73
3378 18 9 62
3166 18 9 53
1428 18 9 42
774 18 9 35
3628 18 9 22
563 18 9 11
2668 19 0 83
3685 19 0 73
1993 19 0 62
440 19 0 53
4091 19 0 41
788 19 0 32
3120 19 0 17
2727 19 0 5
2028 19 2 83
2699 19 2 73
1577 19 2 62
1064 19 2 52
2193 19 2 37
494 19 2 30
940 19 2 21
2539 19 2 7
1727 19 3 83
687 19 3 73
1092 19 3 62
975 19 3 52
522 19 3 37
3986 19 3 29
3382 19 3 20
2657 19 3 11
3043 19 7 82
3775 19 7 72
3395 19 7 62
505 19 7 52
2080 19 7 36
1504 19 7 30
17 19 7 21
3624 19 7 6
2745 19 9 81
3318 19 9 70
434 19 9 59
2049 19 9 52
1925 19 9 36
416 19 9 30
2925 19 9 20
1976 19 9 11
2278 19 10 80
1616 19 10 71
3638 19 10 56
372 19 10 44
1503 19 10 33
656 19 10 25
3709 19 10 10
3649 19 11 79
3085 19 11 64
1352 19 11 46
1173 19 11 37
1977 19 11 29
1318 19 11 20
4157 19 11 10
3183 19 12 79
2663 19 12 64
3858 19 12 45
2400 19 12 36
1373 19 12 29
1057 19 12 20
3432 19 12 10
2137 19 13 79
1315 19 13 64
2558 19 13 45
3086 19 13 35
2632 19 13 22
805 19 13 9
3677 19 14 77
2405 19 14 65
1942 19 14 55
2265 19 14 42
3429 19 14 34
840 19 14 26
2195 19 14 13
626 19 15 73
3542 19 15 61
699 19 15 51
657 19 15 37
1471 19 15 29
834 19 15 20
3272 19 15 10
3521 19 16 70
4019 19 16 58
2138 19 16 48
679 19 16 35
4070 19 16 21
971 19 16 6
3419 19 17 55
1914 19 17 42
3339 19 17 34
323 19 17 26
850 19 17 13
2328 19 18 90
3554 19 18 76
2058 19 18 66
339 19 18 50
593 19 18 38
3102 19 18 23
673 19 18 16
3299 19 18 6
1966 19 19 90
1494 19 19 76
1395 19 19 66
3374 19 19 48
2186 19 19 34
3441 19 19 25
1745 19 19 10
