2848
3715 0 0 98
1353 0 0 94
3386 0 0 90
4733 0 0 87
3069 0 0 85
2467 0 0 82
2905 0 0 79
3512 0 0 77
4244 0 0 75
4443 0 0 71
2647 0 0 66
4693 0 0 63
1510 0 0 61
4397 0 0 58
1679 0 0 55
1760 0 0 53
3564 0 0 50
1175 0 0 48
4547 0 0 46
1969 0 0 43
3176 0 0 40
1676 0 0 38
2923 0 0 36
2344 0 0 34
2365 0 0 31
3048 0 0 27
1651 0 0 24
2663 0 0 21
4923 0 0 18
4057 0 0 16
1319 0 0 13
3234 0 0 11
1505 0 0 8
3941 0 0 5
2779 0 0 2
3186 0 1 98
331 0 1 94
1223 0 1 90
3669 0 1 87
1276 0 1 85
4811 0 1 81
4327 0 1 77
3588 0 1 73
2222 0 1 70
2067 0 1 67
3511 0 1 64
2332 0 1 60
4900 0 1 57
2991 0 1 54
3638 0 1 51
1179 0 1 48
4660 0 1 44
4652 0 1 41
1470 0 1 38
4696 0 1 32
2179 0 1 29
3837 0 1 26
4828 0 1 22
4837 0 1 18
4015 0 1 15
2589 0 1 12
729 0 1 9
1058 0 1 6
2834 0 1 3
3180 0 1 1
465 0 2 98
4677 0 2 93
3463 0 2 90
3520 0 2 87
2522 0 2 84
4062 0 2 81
482 0 2 77
859 0 2 73
965 0 2 70
4793 0 2 66
3968 0 2 62
4548 0 2 59
4569 0 2 57
4279 0 2 53
4208 0 2 49
1690 0 2 46
1417 0 2 43
2511 0 2 40
2059 0 2 37
975 0 2 34
934 0 2 31
2451 0 2 27
115 0 2 24
3698 0 2 20
3951 0 2 17
857 0 2 14
4523 0 2 12
488 0 2 9
922 0 2 6
2614 0 2 3
2461 0 2 1
2566 0 3 97
1224 0 3 95
3646 0 3 92
3185 0 3 89
2993 0 3 86
2064 0 3 82
1645 0 3 79
1426 0 3 77
3446 0 3 72
4115 0 3 69
4008 0 3 66
4270 0 3 61
2551 0 3 58
2565 0 3 54
951 0 3 49
1607 0 3 46
4029 0 3 42
3456 0 3 38
1211 0 3 32
1770 0 3 29
4000 0 3 25
261 0 3 22
3723 0 3 18
1555 0 3 15
4183 0 3 11
452 0 3 8
702 0 3 5
2265 0 3 2
587 0 4 97
2178 0 4 94
4469 0 4 89
2624 0 4 85
4247 0 4 81
4799 0 4 76
3742 0 4 73
343 0 4 70
2851 0 4 66
4209 0 4 61
4228 0 4 57
4017 0 4 52
1536 0 4 49
2704 0 4 45
3836 0 4 42
360 0 4 38
209 0 4 32
4030 0 4 28
2263 0 4 26
2850 0 4 22
1520 0 4 18
813 0 4 15
2476 0 4 11
4612 0 4 7
4662 0 4 3
32 0 5 97
4378 0 5 92
166 0 5 89
2410 0 5 85
4777 0 5 80
3667 0 5 78
3818 0 5 75
2640 0 5 71
1809 0 5 66
1608 0 5 61
3489 0 5 57
2764 0 5 52
4517 0 5 48
3828 0 5 44
2602 0 5 41
1153 0 5 37
3741 0 5 33
4730 0 5 29
1884 0 5 25
4292 0 5 21
4343 0 5 18
4921 0 5 14
636 0 5 11
2219 0 5 7
1624 0 5 2
4363 0 6 96
3995 0 6 93
422 0 6 90
4117 0 6 86
3982 0 6 81
3863 0 6 76
1073 0 6 73
1024 0 6 69
3517 0 6 65
3566 0 6 62
3503 0 6 59
2408 0 6 56
4318 0 6 53
1478 0 6 49
1701 0 6 45
3013 0 6 42
54 0 6 38
4003 0 6 31
2094 0 6 27
4126 0 6 22
1515 0 6 18
2987 0 6 14
1956 0 6 10
1258 0 6 8
4501 0 6 4
272 0 7 96
3063 0 7 92
3088 0 7 88
4334 0 7 85
3677 0 7 80
2225 0 7 77
2543 0 7 72
3829 0 7 68
529 0 7 65
3382 0 7 62
3168 0 7 59
500 0 7 56
2164 0 7 52
2797 0 7 48
2861 0 7 44
2378 0 7 40
1205 0 7 37
3362 0 7 33
3243 0 7 29
4164 0 7 24
3641 0 7 19
2132 0 7 16
3136 0 7 12
4452 0 7 8
3199 0 7 3
988 0 8 95
3912 0 8 91
933 0 8 88
4559 0 8 84
4035 0 8 81
3630 0 8 76
876 0 8 73
16 0 8 69
998 0 8 65
879 0 8 62
2122 0 8 59
4794 0 8 55
4676 0 8 52
2774 0 8 48
2180 0 8 44
961 0 8 40
1941 0 8 36
2163 0 8 34
390 0 8 31
1261 0 8 27
2668 0 8 22
737 0 8 18
6 0 8 14
1584 0 8 10
2154 0 8 7
1172 0 8 2
1655 0 9 94
4116 0 9 89
1586 0 9 85
3325 0 9 80
2126 0 9 77
2002 0 9 72
3153 0 9 68
2224 0 9 63
4736 0 9 60
1797 0 9 57
2077 0 9 52
831 0 9 48
1256 0 9 44
763 0 9 40
1264 0 9 36
1159 0 9 34
2735 0 9 30
2182 0 9 26
3924 0 9 21
1225 0 9 18
4425 0 9 13
4927 0 9 10
3814 0 9 6
4365 0 9 2
1303 0 10 94
3068 0 10 89
288 0 10 85
3062 0 10 80
3706 0 10 76
64 0 10 72
1668 0 10 68
619 0 10 63
2892 0 10 60
986 0 10 57
1849 0 10 52
3109 0 10 47
2974 0 10 44
3685 0 10 39
3705 0 10 36
266 0 10 34
2550 0 10 30
2021 0 10 26
3513 0 10 21
4808 0 10 17
4855 0 10 12
2896 0 10 7
3431 0 10 1
4335 0 11 93
4753 0 11 89
237 0 11 85
2651 0 11 80
92 0 11 76
3675 0 11 71
191 0 11 66
4367 0 11 60
328 0 11 57
1576 0 11 52
1093 0 11 47
4630 0 11 43
2044 0 11 39
3149 0 11 36
1395 0 11 33
2853 0 11 29
3504 0 11 24
3627 0 11 19
4820 0 11 14
4073 0 11 9
2309 0 11 5
2191 0 11 2
4051 0 12 93
4283 0 12 88
1442 0 12 84
627 0 12 81
3039 0 12 76
3181 0 12 71
2280 0 12 65
3490 0 12 61
4202 0 12 56
952 0 12 52
4541 0 12 46
2049 0 12 42
3187 0 12 37
83 0 12 33
1702 0 12 29
3250 0 12 24
1630 0 12 19
4158 0 12 14
3820 0 12 9
2292 0 12 5
2790 0 12 1
1378 0 13 93
2989 0 13 88
2940 0 13 83
1580 0 13 80
4796 0 13 75
2534 0 13 71
2196 0 13 65
2389 0 13 61
2907 0 13 56
4481 0 13 51
3942 0 13 47
815 0 13 43
748 0 13 39
2010 0 13 36
3094 0 13 32
757 0 13 28
2746 0 13 25
3470 0 13 21
4506 0 13 17
4268 0 13 12
2024 0 13 7
336 0 13 2
1009 0 14 93
2975 0 14 88
2780 0 14 83
3230 0 14 78
2733 0 14 75
4722 0 14 70
4747 0 14 65
2130 0 14 61
2380 0 14 56
2858 0 14 51
2876 0 14 47
4264 0 14 42
999 0 14 37
4866 0 14 32
694 0 14 28
2259 0 14 24
875 0 14 19
2922 0 14 14
3536 0 14 9
1046 0 14 5
942 0 14 1
25 0 15 93
2496 0 15 88
2203 0 15 83
2865 0 15 78
2623 0 15 75
3091 0 15 70
3985 0 15 65
1487 0 15 61
1155 0 15 56
1082 0 15 51
1844 0 15 47
3209 0 15 42
1106 0 15 36
2250 0 15 32
3263 0 15 27
1423 0 15 22
1910 0 15 17
1649 0 15 12
4499 0 15 6
4889 0 15 1
4216 0 16 92
3067 0 16 88
1000 0 16 83
2822 0 16 78
3802 0 16 74
1868 0 16 71
1506 0 16 65
256 0 16 61
190 0 16 56
944 0 16 51
566 0 16 46
104 0 16 42
686 0 16 36
21 0 16 32
2842 0 16 27
1419 0 16 22
3576 0 16 16
3119 0 16 12
3806 0 16 6
1955 0 16 1
3855 0 17 92
4317 0 17 87
2562 0 17 83
1479 0 17 78
3797 0 17 74
1220 0 17 71
1135 0 17 65
4874 0 17 60
3411 0 17 56
4142 0 17 50
4396 0 17 46
2218 0 17 41
687 0 17 37
4798 0 17 32
2672 0 17 27
1394 0 17 22
2114 0 17 16
2711 0 17 12
1363 0 17 6
1465 0 17 1
3385 0 18 92
4261 0 18 87
3640 0 18 82
379 0 18 79
4822 0 18 76
2870 0 18 71
613 0 18 65
1965 0 18 60
1427 0 18 56
2645 0 18 50
4389 0 18 46
3264 0 18 40
4303 0 18 35
3561 0 18 31
4260 0 18 26
2426 0 18 21
3793 0 18 17
1199 0 18 12
894 0 18 6
698 0 18 1
3279 0 19 92
2848 0 19 87
4093 0 19 81
2893 0 19 76
311 0 19 71
3639 0 19 64
71 0 19 60
4867 0 19 55
19 0 19 52
1741 0 19 46
2571 0 19 40
3899 0 19 35
2998 0 19 31
1928 0 19 26
2239 0 19 21
1418 0 19 17
848 0 19 12
853 0 19 6
43 0 19 1
1872 2 1 92
2362 2 1 87
1754 2 1 81
1831 2 1 76
3540 2 1 70
803 2 1 65
164 2 1 60
3833 2 1 55
4551 2 1 51
52 2 1 46
3923 2 1 39
4646 2 1 35
194 2 1 31
1066 2 1 26
2031 2 1 21
3649 2 1 16
1561 2 1 12
640 2 1 6
1141 2 2 92
1665 2 2 87
1683 2 2 81
2366 2 2 75
2497 2 2 70
4188 2 2 64
866 2 2 59
3476 2 2 55
1652 2 2 51
4859 2 2 45
4564 2 2 41
2275 2 2 36
4667 2 2 31
1040 2 2 26
563 2 2 20
1616 2 2 17
4738 2 2 11
373 2 2 7
523 2 3 92
1145 2 3 87
2912 2 3 80
3098 2 3 75
915 2 3 70
53 2 3 64
4770 2 3 58
1814 2 3 54
1920 2 3 48
893 2 3 44
408 2 3 39
3919 2 3 35
4423 2 3 30
380 2 3 26
391 2 3 20
4878 2 3 16
4863 2 3 11
2787 2 3 6
4913 2 4 91
3884 2 4 87
2142 2 4 80
2273 2 4 75
593 2 4 70
4118 2 4 63
2667 2 4 60
2631 2 4 55
991 2 4 51
3740 2 4 45
3877 2 4 41
1613 2 4 36
3644 2 4 31
4669 2 4 25
1476 2 4 21
3196 2 4 16
4190 2 4 11
4890 2 4 5
3869 2 5 91
1998 2 5 87
1855 2 5 80
1484 2 5 75
2583 2 5 69
4080 2 5 64
3518 2 5 58
1680 2 5 54
1821 2 5 48
730 2 5 44
2616 2 5 38
2802 2 5 31
4460 2 5 25
404 2 5 21
3203 2 5 15
2463 2 5 11
2770 2 5 5
2232 2 6 91
4579 2 6 86
2106 2 6 81
1115 2 6 75
1751 2 6 69
2311 2 6 64
3460 2 6 58
1583 2 6 54
4133 2 6 47
2736 2 6 42
4139 2 6 35
4392 2 6 30
2883 2 6 25
1749 2 6 20
4439 2 6 16
1173 2 6 11
2313 2 6 5
131 2 7 91
3752 2 7 86
2004 2 7 81
4175 2 7 74
454 2 7 71
2500 2 7 64
1904 2 7 57
864 2 7 52
637 2 7 46
3824 2 7 39
3014 2 7 35
4010 2 7 30
1888 2 7 24
647 2 7 19
2587 2 7 14
1151 2 7 9
3219 2 7 4
4861 2 8 90
2473 2 8 86
1689 2 8 81
3975 2 8 74
4315 2 8 69
274 2 8 64
1269 2 8 57
378 2 8 52
581 2 8 46
2948 2 8 39
2351 2 8 35
3835 2 8 30
3318 2 8 23
3872 2 8 20
3780 2 8 16
3890 2 8 9
1852 2 8 4
2608 2 9 90
1889 2 9 86
1546 2 9 81
3135 2 9 74
773 2 9 69
65 2 9 64
512 2 9 57
3560 2 9 51
3272 2 9 45
1238 2 9 41
553 2 9 36
2615 2 9 31
3596 2 9 25
1664 2 9 20
1043 2 9 16
1951 2 9 9
1059 2 9 4
807 2 10 90
1008 2 10 86
212 2 10 81
2845 2 10 74
111 2 10 69
3552 2 10 63
1550 2 10 60
2357 2 10 55
4664 2 10 50
2810 2 10 46
2052 2 10 39
4273 2 10 34
2283 2 10 30
1639 2 10 23
3131 2 10 20
18 2 10 16
4511 2 10 8
2700 2 10 3
1297 2 11 89
4565 2 11 84
626 2 11 81
2771 2 11 74
966 2 11 68
3690 2 11 62
1231 2 11 59
3444 2 11 55
3926 2 11 50
486 2 11 46
1917 2 11 39
4088 2 11 34
1421 2 11 29
989 2 11 24
530 2 11 19
646 2 11 14
4758 2 11 8
2499 2 11 3
4626 2 12 88
202 2 12 83
1087 2 12 78
3113 2 12 74
4690 2 12 67
1137 2 12 64
449 2 12 57
1753 2 12 51
358 2 12 45
2558 2 12 40
2776 2 12 35
3684 2 12 30
1279 2 12 23
4034 2 12 19
4112 2 12 13
2821 2 12 10
3707 2 12 6
460 2 13 88
4645 2 13 82
2976 2 13 78
2065 2 13 74
4344 2 13 67
3467 2 13 63
3373 2 13 59
2832 2 13 55
3447 2 13 50
384 2 13 46
1078 2 13 39
4042 2 13 34
3907 2 13 28
1948 2 13 24
3853 2 13 18
3539 2 13 13
4336 2 13 9
2644 2 13 3
4723 2 15 87
1308 2 15 80
4091 2 15 74
3331 2 15 67
3099 2 15 63
2335 2 15 59
1456 2 15 55
2257 2 15 50
4600 2 15 45
2071 2 15 40
1859 2 15 35
3326 2 15 30
4665 2 15 22
1929 2 15 16
4037 2 15 8
1204 2 15 3
1509 2 16 87
4666 2 16 79
2237 2 16 75
1130 2 16 69
3054 2 16 63
1436 2 16 59
609 2 16 55
287 2 16 50
3416 2 16 45
1835 2 16 40
124 2 16 35
2176 2 16 30
1869 2 16 22
3528 2 16 15
1746 2 16 11
779 2 16 5
45 2 17 87
4575 2 17 79
1978 2 17 75
414 2 17 69
2041 2 17 63
4414 2 17 58
4246 2 17 53
3171 2 17 48
4741 2 17 43
4557 2 17 38
4492 2 17 30
1054 2 17 22
3428 2 17 15
700 2 17 11
513 2 17 5
4267 2 18 86
59 2 18 81
2578 2 18 74
1893 2 18 67
1399 2 18 63
3880 2 18 58
1566 2 18 53
728 2 18 48
4021 2 18 43
3648 2 18 37
4040 2 18 32
680 2 18 27
187 2 18 22
2098 2 18 15
4092 2 18 10
923 2 18 6
3227 2 19 86
4284 2 19 80
607 2 19 74
1810 2 19 67
4331 2 19 62
4539 2 19 58
588 2 19 53
4621 2 19 47
1298 2 19 42
4289 2 19 34
2935 2 19 28
1812 2 19 24
3701 2 19 18
2326 2 19 13
4007 2 19 8
596 2 19 3
4926 3 1 84
3767 3 1 80
494 3 1 74
1725 3 1 67
4877 3 1 61
4298 3 1 55
118 3 1 50
2011 3 1 45
1451 3 1 39
3383 3 1 34
2617 3 1 28
4617 3 1 23
3966 3 1 19
2601 3 1 13
3538 3 1 7
285 3 2 83
321 3 2 78
1588 3 2 74
1254 3 2 67
3238 3 2 61
2080 3 2 55
4356 3 2 49
539 3 2 45
308 3 2 39
3021 3 2 34
4801 3 2 27
3418 3 2 21
3111 3 2 15
2921 3 2 10
545 3 2 6
2242 3 3 82
143 3 3 78
973 3 3 74
450 3 3 67
2243 3 3 61
122 3 3 55
3769 3 3 49
200 3 3 45
1342 3 3 38
3501 3 3 30
978 3 3 22
1398 3 3 15
2427 3 3 10
2204 3 3 5
1299 3 4 82
2972 3 4 77
1518 3 4 72
1055 3 4 68
1283 3 4 62
2247 3 4 58
94 3 4 53
3519 3 4 47
3493 3 4 41
4235 3 4 35
273 3 4 30
888 3 4 22
1084 3 4 15
1489 3 4 10
335 3 4 5
241 3 5 82
1845 3 5 77
4507 3 5 71
1422 3 5 64
430 3 5 57
1688 3 5 51
2183 3 5 44
1922 3 5 38
1474 3 5 30
4560 3 5 21
3102 3 5 15
672 3 5 10
4176 3 5 4
1933 3 6 79
648 3 6 75
3927 3 6 68
1248 3 6 62
1755 3 6 58
3996 3 6 52
438 3 6 46
258 3 6 39
3020 3 6 34
4782 3 6 27
3298 3 6 21
2519 3 6 15
457 3 6 10
2814 3 6 4
4838 3 7 75
3283 3 7 68
4374 3 7 61
4928 3 7 54
2447 3 7 47
753 3 7 41
2260 3 7 35
4309 3 7 29
4584 3 7 23
4330 3 7 18
767 3 7 13
3368 3 7 7
442 3 8 75
3105 3 8 68
3632 3 8 61
4196 3 8 54
2238 3 8 47
4311 3 8 40
4211 3 8 34
4120 3 8 27
4535 3 8 20
49 3 8 15
2172 3 8 9
2606 3 8 3
4185 3 9 71
102 3 9 64
84 3 9 57
1237 3 9 51
1075 3 9 44
1715 3 9 38
478 3 9 30
4359 3 9 21
2404 3 9 15
2086 3 9 9
2481 3 9 3
2455 3 10 68
3482 3 10 61
4546 3 10 53
2494 3 10 47
3827 3 10 40
3195 3 10 34
3064 3 10 27
3587 3 10 20
4130 3 10 14
4300 3 10 8
137 3 10 3
1377 3 11 52
3150 3 11 45
2804 3 11 37
3925 3 11 32
3615 3 11 26
301 3 11 20
3932 3 11 14
2557 3 11 8
1263 3 11 2
1036 3 12 96
2513 3 12 92
2719 3 12 86
3787 3 12 80
3 3 12 74
424 3 12 67
470 3 12 61
3554 3 12 53
2213 3 12 47
2472 3 12 40
1366 3 12 34
2658 3 12 27
1150 3 12 20
3395 3 12 14
533 3 12 8
277 3 12 2
2742 3 13 95
2478 3 13 91
2600 3 13 85
4458 3 13 79
4631 3 13 74
3987 3 13 66
4087 3 13 60
1365 3 13 55
747 3 13 49
865 3 13 44
4151 3 13 37
2424 3 13 32
1267 3 13 26
4243 3 13 19
1203 3 13 13
3296 3 13 7
2549 3 15 95
4206 3 15 90
448 3 15 86
3608 3 15 80
3603 3 15 73
4595 3 15 68
1843 3 15 61
2251 3 15 53
3977 3 15 46
4195 3 15 38
207 3 15 30
3103 3 15 21
1805 3 15 15
1903 3 15 9
540 3 15 3
1504 3 16 95
3745 3 16 90
3452 3 16 85
4426 3 16 79
3847 3 16 74
2782 3 16 66
3355 3 16 60
661 3 16 55
4525 3 16 48
2988 3 16 43
2823 3 16 37
921 3 16 32
1088 3 16 26
1578 3 16 19
947 3 16 13
709 3 16 7
348 3 17 95
3194 3 17 90
3055 3 17 85
721 3 17 79
2847 3 17 74
2487 3 17 66
3259 3 17 60
2945 3 17 54
57 3 17 47
2075 3 17 40
1029 3 17 34
1152 3 17 27
538 3 17 20
3369 3 17 14
3653 3 17 7
4701 3 18 94
847 3 18 89
3645 3 18 84
2133 3 18 80
3581 3 18 73
1994 3 18 68
393 3 18 61
1533 3 18 53
3904 3 18 46
3616 3 18 38
3625 3 18 29
3819 3 18 23
3671 3 18 18
182 3 18 13
82 3 18 7
3955 3 19 94
4070 3 19 88
4482 3 19 82
1627 3 19 77
4467 3 19 71
2436 3 19 63
3547 3 19 58
3992 3 19 52
2290 3 19 45
2856 3 19 36
635 3 19 31
2863 3 19 25
123 3 19 20
1772 3 19 14
2720 3 19 7
2918 4 1 94
1392 4 1 88
2319 4 1 82
1927 4 1 76
3344 4 1 70
4068 4 1 63
509 4 1 58
3878 4 1 52
2034 4 1 45
2817 4 1 36
323 4 1 31
2397 4 1 25
4919 4 1 19
4821 4 1 12
291 4 1 6
2576 4 13 94
693 4 13 87
4169 4 13 79
1015 4 13 74
1600 4 13 66
2375 4 13 60
359 4 13 54
3870 4 13 46
2855 4 13 38
2665 4 13 29
2671 4 13 23
1823 4 13 18
4642 4 13 12
4255 4 13 5
2422 4 15 94
4127 4 15 86
4891 4 15 79
2363 4 15 73
1932 4 15 68
284 4 15 61
3744 4 15 52
833 4 15 45
2299 4 15 36
4706 4 15 30
459 4 15 21
3310 4 15 14
2637 4 15 7
1874 5 4 94
3643 5 4 86
3609 5 4 79
4054 5 4 72
2994 5 4 67
4189 5 4 60
3934 5 4 53
3738 5 4 46
2339 5 4 38
2261 5 4 29
3507 5 4 22
776 5 4 15
1133 5 4 9
3915 5 4 2
690 5 6 94
3237 5 6 86
3285 5 6 79
352 5 6 72
2274 5 6 67
3426 5 6 60
692 5 6 53
3670 5 6 46
756 5 6 38
1633 5 6 29
1764 5 6 22
641 5 6 15
236 5 6 9
3817 5 6 2
569 5 7 94
2303 5 7 86
2778 5 7 79
4503 5 7 71
2338 5 7 63
3045 5 7 57
1116 5 7 51
900 5 7 44
3492 5 7 37
3896 5 7 31
1846 5 7 25
1089 5 7 19
3850 5 7 12
3712 5 7 5
305 5 9 94
2155 5 9 86
2195 5 9 79
3756 5 9 71
1882 5 9 63
2445 5 9 57
3579 5 9 50
1681 5 9 45
1495 5 9 36
4149 5 9 30
4692 5 9 20
1748 5 9 14
855 5 9 7
47 5 10 94
883 5 10 86
1351 5 10 79
3434 5 10 71
1176 5 10 63
429 5 10 57
3197 5 10 50
1027 5 10 45
313 5 10 36
3500 5 10 30
3453 5 10 20
889 5 10 14
762 5 10 7
4121 5 11 93
974 5 11 88
1867 5 11 82
4852 5 11 75
880 5 11 68
85 5 11 61
2572 5 11 52
572 5 11 45
3770 5 11 35
4138 5 11 29
1463 5 11 22
4711 5 11 13
3665 5 11 6
2568 5 15 93
854 5 15 88
777 5 15 82
4785 5 15 75
838 5 15 68
4658 5 15 60
3731 5 15 52
347 5 15 45
679 5 15 35
4745 5 15 28
3913 5 15 23
1270 5 15 17
860 5 15 11
4654 5 15 4
1250 5 17 93
4876 5 17 87
2118 5 17 79
3303 5 17 71
3784 5 17 62
821 5 17 58
1564 5 17 52
2501 5 17 44
3327 5 17 37
3771 5 17 31
634 5 17 25
368 5 17 19
3732 5 17 11
2836 5 17 4
594 5 18 93
4604 5 18 87
1466 5 18 79
1787 5 18 71
3198 5 18 61
2301 5 18 52
2390 5 18 44
3016 5 18 37
2088 5 18 31
325 5 18 25
4411 5 18 18
4593 5 18 11
897 5 18 4
4072 5 19 92
1647 5 19 86
3143 5 19 78
551 5 19 74
439 5 19 66
1226 5 19 60
2449 5 19 52
1926 5 19 44
434 5 19 37
89 5 19 31
97 5 19 25
2437 5 19 18
4272 5 19 11
2762 5 19 3
2990 6 1 92
2723 6 1 85
2738 6 1 78
3657 6 1 73
1842 6 1 68
4649 6 1 60
2227 6 1 52
1207 6 1 43
2279 6 1 37
4082 6 1 30
2294 6 1 20
832 6 1 14
4864 6 1 6
2474 6 2 92
2483 6 2 85
4194 6 2 77
4405 6 2 71
3959 6 2 60
2121 6 2 52
3035 6 2 42
3000 6 2 34
4144 6 2 26
1477 6 2 19
3248 6 2 11
2660 6 2 3
1236 6 3 92
814 6 3 85
3743 6 3 77
4354 6 3 71
2306 6 3 60
2113 6 3 52
1981 6 3 42
2360 6 3 34
1878 6 3 26
722 6 3 19
2798 6 3 11
4466 6 3 2
655 6 4 92
4616 6 4 84
1640 6 4 80
3502 6 4 73
2452 6 4 67
1519 6 4 60
878 6 4 52
827 6 4 41
1610 6 4 35
4113 6 4 28
522 6 4 23
1235 6 4 17
3096 6 4 10
3437 6 4 3
518 6 6 92
4201 6 6 83
1924 6 6 77
3874 6 6 71
1567 6 6 60
329 6 6 52
169 6 6 41
1551 6 6 35
2924 6 6 28
4110 6 6 22
4083 6 6 13
1818 6 6 6
4894 6 7 91
2579 6 7 85
3475 6 7 77
3026 6 7 71
1450 6 7 60
4470 6 7 51
4478 6 7 43
147 6 7 37
3983 6 7 30
1964 6 7 20
425 6 7 14
2747 6 7 6
2181 7 1 91
2312 7 1 85
3002 7 1 77
1340 7 1 71
4875 7 1 59
1390 7 1 54
3509 7 1 46
746 7 1 38
1507 7 1 29
1232 7 1 22
2105 7 1 13
1485 7 1 6
1890 7 2 91
2643 7 2 84
1051 7 2 79
579 7 2 71
4710 7 2 59
851 7 2 54
3421 7 2 46
745 7 2 38
703 7 2 29
259 7 2 22
1892 7 2 13
766 7 2 6
4686 7 3 90
1053 7 3 85
1334 7 3 77
1293 7 3 71
2025 7 3 59
808 7 3 54
317 7 3 46
3233 7 3 37
3157 7 3 30
96 7 3 20
371 7 3 14
547 7 3 6
4618 7 4 90
490 7 4 85
4403 7 4 76
2866 7 4 70
2791 7 4 63
4841 7 4 56
671 7 4 50
3753 7 4 44
4152 7 4 36
132 7 4 30
4751 7 4 19
1021 7 4 10
2656 7 4 3
4358 7 6 90
177 7 6 85
3423 7 6 76
1817 7 6 70
2488 7 6 63
4400 7 6 56
4831 7 6 49
549 7 6 44
3172 7 6 36
4846 7 6 29
770 7 6 21
3032 7 6 14
407 7 6 6
3652 7 7 90
1632 7 7 84
4022 7 7 78
4925 7 7 72
1241 7 7 66
896 7 7 60
3778 7 7 51
2874 7 7 43
3487 7 7 36
4814 7 7 28
3785 7 7 22
4655 7 7 12
2502 7 7 5
3015 7 9 90
3798 7 9 83
1836 7 9 77
300 7 9 71
1185 7 9 58
2709 7 9 51
1164 7 9 43
2096 7 9 36
4018 7 9 28
2185 7 9 22
1871 7 9 12
2758 7 9 4
1611 7 11 90
3057 7 11 83
2588 7 11 76
835 7 11 70
1171 7 11 63
3656 7 11 56
4568 7 11 49
1704 7 11 43
189 7 11 36
3727 7 11 28
276 7 11 22
1119 7 11 12
1101 7 11 4
1482 7 13 90
2434 7 13 83
3188 7 13 75
4157 7 13 67
3783 7 13 59
4699 7 13 53
3287 7 13 46
3085 7 13 37
2518 7 13 30
3687 7 13 19
925 7 13 10
2406 7 13 3
1001 7 14 90
2117 7 14 83
2871 7 14 75
3488 7 14 67
3106 7 14 59
4108 7 14 53
2552 7 14 46
2139 7 14 37
1990 7 14 30
2346 7 14 19
374 7 14 10
245 7 14 3
608 7 15 90
954 7 15 83
2702 7 15 75
2435 7 15 67
1523 7 15 59
2150 7 15 53
1570 7 15 46
4199 7 15 36
2233 7 15 28
3900 7 15 21
1984 7 15 14
1654 7 15 5
349 7 16 90
108 7 16 83
1986 7 16 75
2028 7 16 67
535 7 16 59
3911 7 16 52
3265 7 16 40
548 7 16 34
4148 7 16 25
318 7 16 18
3763 7 16 11
2486 7 16 2
2826 7 17 89
3631 7 17 84
3589 7 17 78
3773 7 17 72
4845 7 17 65
127 7 17 60
3270 7 17 51
811 7 17 43
4774 7 17 35
1830 7 17 28
3388 7 17 21
1908 7 17 14
3044 7 17 4
1796 7 18 89
2937 7 18 84
2599 7 18 78
1939 7 18 72
3910 7 18 65
69 7 18 60
2151 7 18 51
309 7 18 43
4725 7 18 35
1441 7 18 28
3065 7 18 21
754 7 18 14
1684 7 18 4
1125 7 19 89
2655 7 19 84
706 7 19 78
3613 7 19 71
342 7 19 58
1367 7 19 51
3262 7 19 42
738 7 19 34
3226 7 19 25
2860 7 19 17
1512 7 19 10
3405 7 19 2
3971 8 4 88
4588 8 4 81
2158 8 4 74
2820 8 4 65
4930 8 4 59
2231 8 4 52
2986 8 4 40
2009 8 4 33
751 8 4 29
4691 8 4 20
2909 8 4 13
623 8 4 6
2894 8 6 88
2784 8 6 81
4825 8 6 73
4912 8 6 66
3275 8 6 59
198 8 6 52
2441 8 6 40
1991 8 6 33
3960 8 6 28
3017 8 6 21
3384 8 6 13
3464 8 6 5
1643 8 7 88
1402 8 7 81
4036 8 7 73
4508 8 7 66
2795 8 7 59
463 8 7 51
2270 8 7 42
56 8 7 34
4328 8 7 24
3506 8 7 18
2839 8 7 11
2304 8 7 2
1430 8 9 87
1252 8 9 79
4790 8 9 70
620 8 9 63
1957 8 9 56
3979 8 9 49
3930 8 9 42
2968 8 9 33
3027 8 9 28
1784 8 9 21
2846 8 9 13
3408 8 9 5
659 8 11 87
3666 8 11 78
3394 8 11 71
3477 8 11 57
2903 8 11 50
1629 8 11 44
1708 8 11 36
2215 8 11 28
792 8 11 21
1166 8 11 13
3353 8 11 5
235 8 13 87
2956 8 13 78
3321 8 13 71
2914 8 13 57
2627 8 13 50
786 8 13 44
218 8 13 36
2006 8 13 28
3146 8 13 20
2843 8 13 13
2253 8 13 5
1935 8 14 86
1666 8 14 78
2949 8 14 71
2705 8 14 57
2400 8 14 50
3841 8 14 43
1369 8 14 35
4543 8 14 27
412 8 14 20
2653 8 14 13
1516 8 14 5
1188 8 15 86
1492 8 15 78
2382 8 15 71
2146 8 15 57
1858 8 15 50
3306 8 15 43
5 8 15 35
4165 8 15 27
4624 8 15 19
3777 8 15 9
3145 8 15 2
4893 8 16 85
2980 8 16 76
415 8 16 70
270 8 16 63
4 8 16 56
3963 8 16 49
2341 8 16 42
2333 8 16 33
658 8 16 28
2841 8 16 20
1346 8 16 13
37 8 16 5
3336 8 17 85
2910 8 17 76
4786 8 17 69
4775 8 17 62
68 8 17 58
783 8 17 51
1923 8 17 42
800 8 17 33
4746 8 17 27
4161 8 17 19
3214 8 17 9
931 8 17 2
4107 8 18 84
4348 8 18 77
4444 8 18 70
3737 8 18 62
4882 8 18 57
1577 8 18 50
1216 8 18 43
4709 8 18 34
1307 8 18 24
2296 8 18 18
4931 8 18 10
3239 8 18 2
3974 8 19 84
4135 8 19 77
2938 8 19 70
3445 8 19 62
3401 8 19 57
4341 8 19 49
2293 8 19 42
4752 8 19 32
238 8 19 26
4203 8 19 18
4274 8 19 10
294 8 19 2
251 9 0 84
3815 9 0 77
2289 9 0 70
2745 9 0 62
2689 9 0 57
4277 9 0 49
1696 9 0 42
4524 9 0 32
3981 9 0 25
1686 9 0 17
432 9 0 10
3881 9 0 1
455 9 1 82
4759 9 1 75
1408 9 1 67
4215 9 1 58
629 9 1 51
1911 9 1 42
2763 9 1 32
3659 9 1 25
362 9 1 17
4291 9 1 9
2983 9 1 1
4046 9 2 79
4449 9 2 70
2713 9 2 62
1824 9 2 57
3047 9 2 49
1026 9 2 42
1661 9 2 32
1938 9 2 25
77 9 2 17
4124 9 2 9
1321 9 2 1
1870 9 3 78
4606 9 3 70
2695 9 3 62
1618 9 3 57
2635 9 3 49
560 9 3 41
3427 9 3 34
4197 9 3 23
4438 9 3 16
3529 9 3 8
4704 9 3 1
4527 9 4 77
1537 9 4 70
2539 9 4 62
1443 9 4 57
2573 9 4 49
223 9 4 41
3060 9 4 34
1966 9 4 23
2540 9 4 16
2244 9 4 8
3352 9 4 1
3697 9 6 77
3965 9 6 69
3372 9 6 62
3365 9 6 56
3582 9 6 49
208 9 6 41
3019 9 6 34
4635 9 6 22
979 9 6 12
564 9 6 4
145 9 7 76
4647 9 7 69
3083 9 7 62
3077 9 7 56
3151 9 7 49
4597 9 7 40
4769 9 7 32
1699 9 7 25
4472 9 7 16
417 9 7 8
2741 9 7 1
3040 9 9 74
350 9 9 65
4462 9 9 59
4640 9 9 50
117 9 9 43
1098 9 9 34
2917 9 9 22
542 9 9 12
1380 9 9 3
443 9 11 73
3970 9 11 66
1498 9 11 59
2793 9 11 50
3571 9 11 42
1614 9 11 32
731 9 11 25
3948 9 11 16
2740 9 11 7
1289 10 0 70
2205 10 0 62
2717 10 0 56
1657 10 0 49
4111 10 0 40
4256 10 0 32
146 10 0 25
2580 10 0 16
354 10 0 7
1296 10 6 68
3873 10 6 60
1347 10 6 51
892 10 6 42
1196 10 6 32
3450 10 6 24
2245 10 6 18
3563 10 6 10
2512 10 6 1
4719 10 7 64
4823 10 7 56
4869 10 7 48
2959 10 7 43
3936 10 7 33
4695 10 7 27
4048 10 7 19
3681 10 7 8
2727 10 7 1
394 10 9 96
244 10 9 92
3479 10 9 83
4613 10 9 74
48 10 9 65
2632 10 9 59
1897 10 9 50
129 10 9 42
750 10 9 32
3343 10 9 24
1758 10 9 18
1931 10 9 10
537 10 9 1
2134 10 11 94
338 10 11 86
4763 10 11 77
3432 10 11 69
2175 10 11 62
1811 10 11 56
4553 10 11 48
1052 10 11 43
2186 10 11 33
3593 10 11 27
3642 10 11 19
3374 10 11 8
597 10 11 1
2050 10 12 94
226 10 12 86
4321 10 12 77
2317 10 12 69
411 10 12 62
1591 10 12 56
3125 10 12 48
3578 10 12 42
382 10 12 32
2628 10 12 24
908 10 12 18
1603 10 12 10
101 10 12 1
282 10 13 94
3772 10 13 85
2664 10 13 76
993 10 13 69
4749 10 13 61
1410 10 13 52
2211 10 13 40
2961 10 13 32
2340 10 13 24
852 10 13 18
4476 10 13 9
1253 10 13 1
4370 10 14 93
2852 10 14 87
410 10 14 78
1227 10 14 70
1896 10 14 62
3903 10 14 55
2569 10 14 48
3034 10 14 42
2537 10 14 31
1999 10 14 23
1194 10 14 16
1723 10 14 6
1781 10 15 93
562 10 15 87
50 10 15 77
1437 10 15 69
1860 10 15 61
1314 10 15 52
1322 10 15 40
2766 10 15 32
1014 10 15 24
674 10 15 18
2556 10 15 9
1210 10 15 1
1556 10 16 93
3805 10 16 86
3902 10 16 77
552 10 16 69
919 10 16 61
4591 10 16 51
4497 10 16 41
2269 10 16 34
2063 10 16 22
4390 10 16 11
1716 10 16 2
88 10 17 93
38 10 17 86
3718 10 17 77
4514 10 17 68
3860 10 17 60
4302 10 17 50
1881 10 17 41
1401 10 17 34
590 10 17 22
3412 10 17 11
669 10 17 2
3864 10 18 92
3261 10 18 83
4045 10 18 74
2707 10 18 64
3025 10 18 56
2287 10 18 48
794 10 18 42
1469 10 18 31
1862 10 18 23
330 10 18 16
1544 10 18 6
3651 10 19 92
3164 10 19 83
2890 10 19 74
2696 10 19 64
2915 10 19 56
1397 10 19 48
133 10 19 42
1181 10 19 31
1763 10 19 23
4253 10 19 14
909 10 19 4
2177 11 0 92
2703 11 0 83
760 11 0 74
2169 11 0 64
2756 11 0 56
556 11 0 48
3499 11 0 41
154 11 0 34
4471 11 0 21
1121 11 0 13
4052 11 0 4
255 11 2 92
2102 11 2 83
492 11 2 74
1736 11 2 64
2470 11 2 56
156 11 2 48
3322 11 2 41
4240 11 2 33
664 11 2 27
2484 11 2 19
441 11 2 8
213 11 2 1
4027 11 3 91
1936 11 3 84
3729 11 3 77
3821 11 3 68
3683 11 3 60
4364 11 3 49
3399 11 3 40
1960 11 3 32
215 11 3 24
150 11 3 18
1368 11 3 9
1158 11 4 91
1449 11 4 84
3569 11 4 77
2732 11 4 68
1056 11 4 60
3839 11 4 49
2506 11 4 40
1209 11 4 32
4705 11 4 23
3664 11 4 14
573 11 4 4
4384 11 6 90
3686 11 6 82
4028 11 6 75
397 11 6 67
3116 11 6 58
4218 11 6 50
139 11 6 40
4857 11 6 31
1575 11 6 23
845 11 6 14
91 11 6 4
3281 11 7 90
3010 11 7 82
3542 11 7 75
4824 11 7 66
4446 11 7 58
3144 11 7 50
3526 11 7 39
240 11 7 34
361 11 7 21
87 11 7 13
3120 11 7 4
2884 11 9 90
1700 11 9 82
3089 11 9 75
4807 11 9 66
3931 11 9 58
867 11 9 50
2751 11 9 39
3320 11 9 33
304 11 9 26
2996 11 9 18
175 11 9 9
2813 11 11 90
861 11 11 82
2376 11 11 75
3122 11 11 66
3702 11 11 58
532 11 11 50
2109 11 11 39
586 11 11 33
2789 11 11 25
2419 11 11 16
413 11 11 6
1063 11 12 90
4251 11 12 81
2750 11 12 73
3299 11 12 66
3660 11 12 58
3905 11 12 49
247 11 12 40
3725 11 12 31
1302 11 12 23
4350 11 12 13
3042 11 12 4
759 11 13 90
3892 11 13 81
1722 11 13 73
2394 11 13 66
3361 11 13 58
3491 11 13 49
222 11 13 40
3155 11 13 31
732 11 13 23
1619 11 13 13
2531 11 13 4
618 11 14 90
3551 11 14 81
1109 11 14 73
902 11 14 66
4727 11 14 57
1958 11 14 49
76 11 14 40
1325 11 14 31
367 11 14 23
4679 11 14 12
660 11 14 3
3173 11 15 89
312 11 15 84
2018 11 15 77
2337 11 15 68
842 11 15 60
2104 11 15 49
3990 11 15 39
550 11 15 33
1799 11 15 25
1529 11 15 16
4681 11 15 5
2925 11 16 89
4561 11 16 83
3286 11 16 73
4789 11 16 65
2330 11 16 59
1803 11 16 50
2033 11 16 39
370 11 16 33
340 11 16 25
544 11 16 16
3189 11 16 5
559 11 17 89
3481 11 17 83
2801 11 17 73
4537 11 17 65
932 11 17 59
499 11 17 50
1738 11 17 39
192 11 17 32
1728 11 17 23
3546 11 17 12
344 11 17 3
405 11 18 89
3469 11 18 83
2673 11 18 73
4181 11 18 65
877 11 18 59
447 11 18 50
736 11 18 39
4914 11 18 31
2999 11 18 22
3056 11 18 11
172 11 18 2
299 11 19 89
2612 11 19 83
724 11 19 73
4094 11 19 65
246 11 19 59
112 11 19 50
4572 11 19 38
3288 11 19 28
2255 11 19 20
1323 11 19 13
1850 11 19 4
4301 12 0 88
4014 12 0 80
2207 12 0 72
2001 12 0 65
1560 12 0 58
3244 12 0 49
3184 12 0 39
2594 12 0 31
2805 12 0 22
2485 12 0 11
4594 12 0 1
2900 12 2 87
4231 12 2 76
945 12 2 69
4755 12 2 60
2097 12 2 49
2334 12 2 38
2128 12 2 28
2103 12 2 20
306 12 2 13
521 12 2 4
936 12 3 87
3112 12 3 76
713 12 3 69
4494 12 3 60
4357 12 3 47
479 12 3 40
3950 12 3 30
2157 12 3 19
4173 12 3 7
1800 12 7 86
3655 12 7 77
1310 12 7 68
691 12 7 60
4241 12 7 45
4589 12 7 34
3699 12 7 20
4379 12 7 12
3709 12 7 2
2016 12 9 85
3682 12 9 75
2305 12 9 66
3193 12 9 57
849 12 9 49
1861 12 9 38
62 12 9 28
1785 12 9 20
2453 12 9 12
1215 12 9 2
1200 13 0 85
2592 13 0 75
1460 13 0 66
2457 13 0 57
4815 13 0 48
2384 13 0 41
2058 13 0 33
1122 13 0 24
3328 13 0 17
3257 13 0 9
4518 13 2 84
4895 13 2 76
4491 13 2 68
466 13 2 60
462 13 2 45
2321 13 2 34
3342 13 2 19
941 13 2 7
4322 13 3 84
4829 13 3 76
4055 13 3 68
4431 13 3 59
110 13 3 49
1218 13 3 38
1847 13 3 27
1090 13 3 19
4495 13 3 6
3400 13 5 84
3888 13 5 76
3710 13 5 68
3602 13 5 59
4063 13 5 48
4455 13 5 40
3949 13 5 30
4862 13 5 18
29 13 5 9
1268 13 7 84
2725 13 7 76
3216 13 7 68
2753 13 7 59
3338 13 7 48
3354 13 7 40
2712 13 7 30
4395 13 7 18
4847 13 7 8
653 13 9 84
2043 13 9 76
4432 13 9 67
3086 13 9 58
2393 13 9 48
1687 13 9 40
2710 13 9 30
4221 13 9 18
2590 13 9 8
4155 13 10 83
93 13 10 73
3746 13 10 65
4304 13 10 57
3736 13 10 48
1282 13 10 40
1606 13 10 30
2462 13 10 18
1833 13 10 8
639 13 11 83
3201 13 11 72
481 13 11 65
3289 13 11 57
3256 13 11 48
4362 13 11 39
1783 13 11 31
816 13 11 21
3628 13 11 12
3879 13 11 1
346 13 12 83
2881 13 12 72
4726 13 12 64
2119 13 12 56
558 13 12 47
1 13 12 40
365 13 12 30
1500 13 12 18
2575 13 12 7
4744 13 14 82
2192 13 14 75
964 13 14 66
2023 13 14 57
2503 13 14 48
2369 13 14 39
1081 13 14 31
395 13 14 21
3620 13 14 12
856 13 14 1
4737 13 15 82
1272 13 15 75
4383 13 15 65
3231 13 15 57
1229 13 15 48
4917 13 15 38
4223 13 15 26
1721 13 15 18
74 13 15 7
3958 13 16 81
66 13 16 73
3409 13 16 65
3046 13 16 57
825 13 16 48
3494 13 16 38
2985 13 16 25
4170 13 16 15
4288 13 16 8
4360 13 17 80
2003 13 17 72
3916 13 17 64
1473 13 17 56
1539 13 17 46
4053 13 17 36
1996 13 17 28
461 13 17 20
2443 13 17 12
4464 13 17 1
4672 13 18 76
4276 13 18 67
1705 13 18 58
1005 13 18 48
1742 13 18 38
320 13 18 25
3623 13 18 15
4105 13 18 8
4596 13 19 76
829 13 19 67
4812 13 19 57
1156 13 19 47
4651 13 19 39
837 13 19 31
4500 13 19 20
2107 13 19 12
4065 13 19 1
2946 14 0 75
3978 14 0 65
2911 14 0 57
356 14 0 47
4590 14 0 39
624 14 0 31
1653 14 0 20
1595 14 0 12
2124 14 0 1
4373 14 2 73
2895 14 2 65
2781 14 2 57
4598 14 2 46
805 14 2 36
1393 14 2 28
3121 14 2 19
4772 14 2 5
1169 14 3 73
2446 14 3 65
2262 14 3 57
4573 14 3 45
2152 14 3 34
1404 14 3 19
2386 14 3 5
874 14 5 71
141 14 5 57
2955 14 5 45
2786 14 5 33
231 14 5 24
1324 14 5 17
1895 14 5 9
1572 14 7 69
3834 14 7 60
334 14 7 45
2730 14 7 33
11 14 7 24
257 14 7 17
286 14 7 9
2037 14 9 66
1428 14 9 57
160 14 9 45
2248 14 9 33
3700 14 9 23
3366 14 9 12
1375 14 9 1
568 14 10 66
1405 14 10 57
2315 14 10 44
195 14 10 36
1344 14 10 28
1703 14 10 19
1480 14 10 4
1987 14 11 65
2197 14 11 57
1190 14 11 44
4625 14 11 35
2636 14 11 27
744 14 11 19
3332 14 11 3
2039 14 12 93
4904 14 12 85
1472 14 12 75
3791 14 12 65
1778 14 12 57
3210 14 12 43
1963 14 12 33
3260 14 12 23
1602 14 12 12
1208 14 12 1
4740 14 14 92
1585 14 14 83
1246 14 14 72
3562 14 14 64
3123 14 14 55
2271 14 14 48
4477 14 14 36
4487 14 14 27
4538 14 14 18
4650 14 14 6
4609 14 15 92
4550 14 15 82
600 14 15 75
1726 14 15 65
3222 14 15 56
2792 14 15 44
4509 14 15 35
2229 14 15 27
1714 14 15 17
3072 14 15 8
2654 14 16 92
4353 14 16 82
4766 14 16 74
631 14 16 64
3252 14 16 54
13 14 16 46
557 14 16 36
3658 14 16 27
3822 14 16 16
1488 14 16 5
2646 14 17 92
2800 14 17 82
3559 14 17 74
4860 14 17 63
3228 14 17 55
1976 14 17 48
1031 14 17 36
3496 14 17 27
2570 14 17 16
712 14 17 5
858 14 18 92
1883 14 18 82
1642 14 18 74
4571 14 18 63
1962 14 18 55
840 14 18 48
3739 14 18 35
2202 14 18 27
4320 14 18 15
3420 14 18 8
4896 14 19 91
1412 14 19 84
1634 14 19 76
749 14 19 67
4607 14 19 57
4570 14 19 42
3866 14 19 30
400 14 19 18
1659 14 19 6
1300 15 0 91
4817 15 0 83
1628 15 0 71
4213 15 0 56
402 15 0 44
1140 15 0 35
1806 15 0 27
3938 15 0 14
4020 15 0 3
802 15 2 91
3762 15 2 83
3694 15 2 70
741 15 2 62
3661 15 2 55
453 15 2 48
3624 15 2 35
1626 15 2 27
3610 15 2 14
1946 15 2 3
168 15 3 91
3676 15 3 83
3908 15 3 69
3580 15 3 60
3407 15 3 44
4338 15 3 34
3711 15 3 18
4451 15 3 5
155 15 5 91
1977 15 5 83
3572 15 5 69
2220 15 5 60
3330 15 5 44
3980 15 5 34
2456 15 5 18
4368 15 5 5
4526 15 7 90
2266 15 7 81
4106 15 7 72
2854 15 7 64
2728 15 7 54
4854 15 7 45
602 15 7 33
3524 15 7 22
2036 15 7 11
217 15 7 1
4263 16 0 90
1186 16 0 81
2683 16 0 72
4171 16 0 63
1737 16 0 55
2015 16 0 47
4485 16 0 39
2482 16 0 30
4372 16 0 17
4680 16 0 7
4103 16 2 90
2857 16 2 79
4376 16 2 70
491 16 2 62
3614 16 2 55
764 16 2 47
3889 16 2 39
243 16 2 30
3722 16 2 17
1332 16 2 7
3508 16 3 90
2681 16 3 79
3716 16 3 70
383 16 3 62
3387 16 3 55
427 16 3 47
3474 16 3 39
210 16 3 30
796 16 3 17
958 16 3 7
2561 16 5 90
2095 16 5 79
3364 16 5 70
3391 16 5 61
1709 16 5 51
2256 16 5 41
1877 16 5 33
508 16 5 22
1244 16 5 11
2830 16 7 89
2166 16 7 83
3390 16 7 69
2123 16 7 60
2529 16 7 44
3940 16 7 34
782 16 7 17
3750 16 7 6
1502 16 8 89
2076 16 8 83
2724 16 8 69
1534 16 8 60
2413 16 8 44
3577 16 8 34
667 16 8 16
1494 16 8 4
1827 16 9 87
161 16 9 76
3147 16 9 66
4407 16 9 56
4413 16 9 43
4205 16 9 32
1033 16 9 23
1020 16 9 12
4454 16 10 86
1747 16 10 77
967 16 10 68
1621 16 10 59
2008 16 10 48
3533 16 10 35
1048 16 10 27
1381 16 10 14
1773 16 10 3
3871 16 11 86
31 16 11 77
2837 16 11 67
4308 16 11 57
4583 16 11 41
1573 16 11 33
2898 16 11 21
3142 16 11 12
170 16 12 86
4504 16 12 76
2555 16 12 66
2682 16 12 56
3274 16 12 43
2734 16 12 31
1147 16 12 20
1068 16 12 12
4634 16 13 85
473 16 13 75
1658 16 13 65
2254 16 13 55
3717 16 13 46
2916 16 13 35
297 16 13 27
2368 16 13 13
3858 16 13 3
3191 16 14 84
3957 16 14 75
4371 16 14 64
4167 16 14 53
1370 16 14 46
1604 16 14 34
3807 16 14 15
2621 16 14 8
3845 16 15 83
4281 16 15 68
1359 16 15 59
4114 16 15 47
3269 16 15 39
151 16 15 30
4128 16 15 16
4603 16 15 3
2913 16 16 83
3755 16 16 68
125 16 16 59
2026 16 16 47
910 16 16 39
1732 16 16 29
4534 16 16 20
3124 16 16 11
4123 16 17 82
992 16 17 74
3598 16 17 63
1438 16 17 55
3396 16 17 46
2507 16 17 33
2878 16 17 21
2997 16 17 12
4385 16 18 80
199 16 18 72
1134 16 18 63
4337 16 18 54
3241 16 18 45
196 16 18 33
1765 16 18 21
2603 16 18 12
1789 16 19 80
148 16 19 72
3422 16 19 62
3277 16 19 55
4689 16 19 45
3852 16 19 32
3070 16 19 22
4788 16 19 10
3972 17 0 79
2768 17 0 70
2718 17 0 61
4898 17 0 50
3254 17 0 38
4700 17 0 24
4754 17 0 16
3521 17 0 3
695 17 2 75
3207 17 2 64
3182 17 2 53
2407 17 2 44
3550 17 2 34
2429 17 2 15
1373 17 2 8
1808 17 3 74
2716 17 3 63
4266 17 3 54
2328 17 3 45
3337 17 3 32
1170 17 3 22
1837 17 3 10
1189 17 5 73
1357 17 5 65
2066 17 5 55
4628 17 5 45
2548 17 5 32
761 17 5 22
1528 17 5 10
369 17 7 73
3851 17 7 64
2957 17 7 53
2381 17 7 44
4349 17 7 33
1388 17 7 21
2388 17 7 12
2675 17 8 72
4899 17 8 61
4265 17 8 50
2442 17 8 38
4333 17 8 24
4019 17 8 16
3266 17 8 3
4230 17 9 69
419 17 9 60
995 17 9 44
4340 17 9 33
4632 17 9 20
1899 17 9 11
652 17 10 69
152 17 10 60
3472 17 10 43
2415 17 10 31
4435 17 10 19
2431 17 10 2
4227 17 11 67
3516 17 11 57
1952 17 11 41
720 17 11 33
3461 17 11 20
554 17 11 11
614 17 12 66
157 17 12 56
2414 17 12 43
503 17 12 31
3545 17 12 19
2022 17 12 2
3633 17 13 92
1041 17 13 82
969 17 13 74
2607 17 13 63
4099 17 13 54
1071 17 13 45
2054 17 13 32
546 17 13 21
2278 17 13 12
1271 17 14 92
2927 17 14 81
2495 17 14 72
3465 17 14 61
2816 17 14 50
1313 17 14 38
2359 17 14 24
3024 17 14 16
142 17 14 3
4872 17 15 91
990 17 15 83
2291 17 15 68
3680 17 15 58
4412 17 15 47
898 17 15 39
4836 17 15 28
423 17 15 19
4756 17 15 1
2963 17 16 91
162 17 16 83
1894 17 16 68
2156 17 16 58
3087 17 16 47
882 17 16 39
3532 17 16 28
281 17 16 19
4259 17 16 5
1592 17 17 91
4342 17 17 82
4871 17 17 73
3800 17 17 64
2954 17 17 53
1239 17 17 44
1712 17 17 33
2641 17 17 20
3796 17 17 10
485 17 18 91
2622 17 18 82
4566 17 18 73
3442 17 18 64
940 17 18 53
612 17 18 44
1420 17 18 33
2342 17 18 19
3510 17 18 5
4673 17 19 90
2323 17 19 78
3883 17 19 69
9 17 19 60
2489 17 19 43
4489 17 19 30
2149 17 19 16
107 17 19 3
2962 18 0 90
1972 18 0 77
1794 18 0 67
2952 18 0 57
701 18 0 41
598 18 0 33
4177 18 0 18
3162 18 0 5
458 18 2 90
3867 18 2 76
1790 18 2 66
4269 18 2 55
1167 18 2 45
4156 18 2 31
3998 18 2 18
119 18 2 5
4713 18 3 89
4186 18 3 82
4245 18 3 73
2678 18 3 64
699 18 3 53
472 18 3 44
708 18 3 33
3898 18 3 17
2236 18 3 6
4694 18 5 89
3543 18 5 82
2143 18 5 73
2061 18 5 64
4806 18 5 52
1228 18 5 38
3224 18 5 23
1018 18 5 12
4437 19 0 89
3523 19 0 82
2127 19 0 73
3334 19 0 63
2873 19 0 54
654 19 0 45
1707 19 0 31
2691 19 0 18
4620 19 0 4
4077 19 2 89
4448 19 2 81
1493 19 2 72
1930 19 2 61
2799 19 2 49
2611 19 2 37
1291 19 2 30
1735 19 2 16
4248 19 2 2
3759 19 3 89
1590 19 3 81
1019 19 3 72
364 19 3 61
1776 19 3 49
1345 19 3 37
4853 19 3 29
4483 19 3 20
3592 19 3 10
2809 19 5 88
2965 19 5 80
4416 19 5 71
3041 19 5 56
1673 19 5 43
1429 19 5 30
4166 19 5 15
2300 19 5 7
4484 19 6 87
4844 19 6 75
765 19 6 64
3825 19 6 52
3901 19 6 37
3674 19 6 29
1562 19 6 20
2941 19 6 10
4409 19 7 87
4633 19 7 75
3308 19 7 63
1217 19 7 54
2174 19 7 44
574 19 7 33
2480 19 7 17
846 19 7 6
3801 19 8 87
4016 19 8 75
2316 19 8 63
651 19 8 54
86 19 8 44
3249 19 8 32
3424 19 8 20
2939 19 8 10
982 19 9 87
3484 19 9 75
1752 19 9 63
4830 19 9 53
319 19 9 44
2440 19 9 32
2714 19 9 20
2110 19 9 10
543 19 10 87
3415 19 10 75
385 19 10 63
4399 19 10 53
2849 19 10 43
4717 19 10 29
167 19 10 20
4059 19 10 9
4802 19 11 86
4316 19 11 75
3969 19 11 62
3078 19 11 55
220 19 11 45
4810 19 11 30
504 19 11 15
515 19 11 7
2595 19 12 86
3654 19 12 75
3495 19 12 62
2541 19 12 55
4886 19 12 44
2420 19 12 32
520 19 12 18
2788 19 12 4
1409 19 13 86
3208 19 13 75
3276 19 13 62
2347 19 13 55
4104 19 13 43
2625 19 13 29
2209 19 13 19
4219 19 13 3
4345 19 14 85
279 19 14 75
3245 19 14 62
2153 19 14 55
2189 19 14 43
839 19 14 29
1674 19 14 19
1672 19 14 3
3840 19 15 85
3117 19 15 74
1162 19 15 63
3857 19 15 53
2815 19 15 43
4305 19 15 28
3730 19 15 18
918 19 15 2
3324 19 16 85
1174 19 16 74
625 19 16 63
2184 19 16 53
130 19 16 43
2729 19 16 28
3527 19 16 18
4242 19 16 1
2755 19 17 85
3989 19 17 73
1692 19 17 63
1919 19 17 53
4556 19 17 42
3635 19 17 30
22 19 17 14
4929 19 17 2
1547 19 18 85
3575 19 18 73
1597 19 18 63
278 19 18 53
3862 19 18 42
2844 19 18 30
418 19 18 13
1413 19 18 2
4297 19 19 84
3895 19 19 75
4909 19 19 61
1667 19 19 49
3875 19 19 36
3154 19 19 27
1992 19 19 13
1245 19 19 2
