2751
3385 0 0 98
5219 0 0 96
4765 0 0 93
4715 0 0 91
5905 0 0 87
4160 0 0 85
4216 0 0 82
2874 0 0 78
5558 0 0 75
76 0 0 72
2015 0 0 70
5626 0 0 67
3536 0 0 64
1856 0 0 61
3417 0 0 58
5114 0 0 56
4894 0 0 53
3331 0 0 49
160 0 0 46
5896 0 0 43
5022 0 0 40
4359 0 0 37
5949 0 0 34
4106 0 0 31
1597 0 0 29
2462 0 0 27
5065 0 0 25
5653 0 0 23
942 0 0 20
1383 0 0 18
4259 0 0 15
3303 0 0 13
3577 0 0 11
3085 0 0 8
3349 0 0 5
1394 0 0 2
520 0 1 98
4666 0 1 95
1819 0 1 92
2972 0 1 89
4236 0 1 87
4183 0 1 84
5083 0 1 81
3453 0 1 78
3128 0 1 75
5516 0 1 71
152 0 1 69
1888 0 1 66
4290 0 1 63
5393 0 1 60
5106 0 1 57
5798 0 1 54
1274 0 1 52
2679 0 1 49
5454 0 1 45
693 0 1 43
4643 0 1 39
2798 0 1 36
5509 0 1 33
1884 0 1 31
4706 0 1 28
2930 0 1 25
5407 0 1 22
4109 0 1 19
587 0 1 17
1529 0 1 15
5019 0 1 12
4383 0 1 9
647 0 1 6
4505 0 1 4
4610 0 1 2
63 0 2 98
1013 0 2 94
3068 0 2 91
3926 0 2 86
4995 0 2 83
1044 0 2 81
2973 0 2 78
784 0 2 74
4630 0 2 71
4813 0 2 68
4918 0 2 65
2575 0 2 62
5292 0 2 60
3913 0 2 56
5062 0 2 52
5651 0 2 48
5943 0 2 46
3064 0 2 43
1197 0 2 39
1651 0 2 35
4652 0 2 33
5402 0 2 30
4336 0 2 28
1258 0 2 25
2843 0 2 22
3709 0 2 19
498 0 2 17
3781 0 2 14
2969 0 2 11
2471 0 2 7
5264 0 2 5
1530 0 2 1
4663 0 3 97
4784 0 3 94
4303 0 3 90
2863 0 3 87
223 0 3 84
5383 0 3 80
2975 0 3 77
3352 0 3 74
4650 0 3 70
4448 0 3 67
4085 0 3 63
676 0 3 60
3628 0 3 56
3746 0 3 52
4229 0 3 48
1469 0 3 45
4227 0 3 42
3436 0 3 40
1195 0 3 37
5540 0 3 33
2066 0 3 30
1035 0 3 28
1164 0 3 25
781 0 3 22
2996 0 3 19
4754 0 3 15
929 0 3 12
3299 0 3 9
3679 0 3 5
1052 0 3 1
3689 0 4 97
1235 0 4 94
3448 0 4 90
5359 0 4 86
4641 0 4 81
1389 0 4 78
4961 0 4 73
4802 0 4 70
2903 0 4 67
3361 0 4 63
5712 0 4 59
4720 0 4 57
916 0 4 54
5801 0 4 51
5565 0 4 48
5697 0 4 44
5528 0 4 41
3003 0 4 38
3652 0 4 35
3274 0 4 33
3698 0 4 29
4296 0 4 26
5441 0 4 23
707 0 4 20
5174 0 4 17
2326 0 4 14
2260 0 4 11
1838 0 4 7
4231 0 4 5
3548 0 4 2
2261 0 5 97
449 0 5 94
341 0 5 90
3283 0 5 86
2265 0 5 81
1385 0 5 77
1541 0 5 74
3121 0 5 70
4763 0 5 66
5866 0 5 62
3067 0 5 60
3605 0 5 56
4718 0 5 51
2115 0 5 48
826 0 5 44
5110 0 5 41
1783 0 5 37
5043 0 5 33
3569 0 5 29
3597 0 5 26
5002 0 5 23
5538 0 5 19
1984 0 5 15
5144 0 5 11
711 0 5 7
3400 0 5 3
4011 0 6 96
4324 0 6 93
1299 0 6 91
403 0 6 86
1693 0 6 81
1249 0 6 76
3179 0 6 72
5968 0 6 68
1626 0 6 65
3393 0 6 61
2859 0 6 58
5247 0 6 54
3227 0 6 50
5663 0 6 48
377 0 6 44
2181 0 6 41
4071 0 6 36
3631 0 6 33
855 0 6 29
4722 0 6 25
5755 0 6 21
4915 0 6 18
828 0 6 15
1138 0 6 11
3649 0 6 6
732 0 6 3
5661 0 7 95
3296 0 7 91
5353 0 7 85
2159 0 7 82
184 0 7 78
3830 0 7 73
3977 0 7 69
5457 0 7 65
5936 0 7 60
4440 0 7 55
4631 0 7 52
3189 0 7 48
5931 0 7 43
5300 0 7 38
3123 0 7 35
4287 0 7 32
5102 0 7 28
1437 0 7 24
844 0 7 22
5508 0 7 18
4938 0 7 14
833 0 7 11
1756 0 7 6
5604 0 7 2
5372 0 8 95
3049 0 8 91
4286 0 8 85
4553 0 8 81
59 0 8 76
925 0 8 72
340 0 8 68
1491 0 8 64
5963 0 8 60
1183 0 8 55
4270 0 8 52
2877 0 8 48
2881 0 8 43
3961 0 8 38
1654 0 8 35
3599 0 8 32
4210 0 8 28
151 0 8 24
309 0 8 22
5227 0 8 18
3624 0 8 14
4893 0 8 10
2179 0 8 7
303 0 8 2
5029 0 9 95
491 0 9 91
4208 0 9 85
2769 0 9 81
5987 0 9 75
2524 0 9 71
1084 0 9 68
5524 0 9 63
5202 0 9 59
5718 0 9 55
4166 0 9 50
4284 0 9 47
3717 0 9 44
1946 0 9 41
3576 0 9 36
3268 0 9 33
1823 0 9 28
5673 0 9 23
4627 0 9 19
1558 0 9 15
3497 0 9 10
4839 0 9 6
4283 0 9 2
4746 0 10 95
3948 0 10 90
1085 0 10 86
899 0 10 81
4667 0 10 75
4771 0 10 70
349 0 10 66
4907 0 10 62
3159 0 10 58
3619 0 10 54
2740 0 10 50
3106 0 10 46
1947 0 10 42
1628 0 10 39
1076 0 10 35
5700 0 10 31
1363 0 10 28
4110 0 10 23
3844 0 10 19
1415 0 10 15
3276 0 10 10
4767 0 10 6
3905 0 10 2
3680 0 11 95
2718 0 11 90
722 0 11 86
5952 0 11 80
5515 0 11 76
4777 0 11 71
5966 0 11 67
2476 0 11 63
1326 0 11 59
5656 0 11 55
3751 0 11 50
3277 0 11 45
3550 0 11 42
1189 0 11 39
3420 0 11 34
4058 0 11 30
717 0 11 28
3520 0 11 23
5173 0 11 18
5406 0 11 13
3772 0 11 10
2054 0 11 6
2215 0 11 2
2453 0 12 95
5676 0 12 89
3936 0 12 87
5498 0 12 83
5309 0 12 80
4916 0 12 76
4423 0 12 70
5937 0 12 65
3218 0 12 60
24 0 12 55
1265 0 12 50
2690 0 12 45
442 0 12 42
4024 0 12 38
4302 0 12 34
2286 0 12 30
2381 0 12 27
3868 0 12 24
250 0 12 22
2481 0 12 18
4159 0 12 13
4538 0 12 9
2597 0 12 5
4251 0 12 1
5502 0 13 94
5917 0 13 89
238 0 13 86
4762 0 13 80
3131 0 13 76
2281 0 13 70
3708 0 13 65
2935 0 13 60
5374 0 13 54
354 0 13 50
2105 0 13 45
5941 0 13 41
1065 0 13 36
1579 0 13 33
1660 0 13 28
28 0 13 23
4567 0 13 18
2229 0 13 13
3198 0 13 9
1027 0 13 5
5501 0 14 94
5420 0 14 89
5304 0 14 85
2356 0 14 81
4377 0 14 75
2518 0 14 70
3230 0 14 65
2386 0 14 60
3237 0 14 54
5012 0 14 49
4005 0 14 45
5704 0 14 41
5184 0 14 35
5358 0 14 31
4036 0 14 27
4823 0 14 23
5564 0 14 17
3617 0 14 13
5520 0 14 8
988 0 14 5
4188 0 15 94
898 0 15 89
4256 0 15 85
1882 0 15 81
4348 0 15 75
1996 0 15 70
3045 0 15 65
5350 0 15 59
5605 0 15 54
4615 0 15 49
829 0 15 45
4466 0 15 41
4415 0 15 35
4174 0 15 31
2580 0 15 27
3975 0 15 23
4079 0 15 17
3155 0 15 13
5494 0 15 8
5069 0 15 4
2743 0 16 94
5772 0 16 88
5768 0 16 85
1494 0 16 81
1203 0 16 75
1762 0 16 69
2237 0 16 65
2819 0 16 59
4362 0 16 54
2619 0 16 49
3245 0 16 44
2977 0 16 40
977 0 16 37
4034 0 16 33
4903 0 16 27
1450 0 16 23
2259 0 16 17
906 0 16 13
3399 0 16 8
1831 0 16 3
2364 0 17 94
5555 0 17 88
2065 0 17 85
986 0 17 81
1430 0 17 74
3770 0 17 69
5053 0 17 64
5533 0 17 60
3130 0 17 54
4118 0 17 48
2714 0 17 43
3785 0 17 38
4083 0 17 34
1109 0 17 30
3052 0 17 26
4661 0 17 23
2005 0 17 17
5916 0 17 12
4128 0 17 8
1810 0 17 3
2044 0 18 94
5313 0 18 88
1595 0 18 85
384 0 18 81
5298 0 18 73
2557 0 18 69
3301 0 18 64
5148 0 18 60
230 0 18 54
2782 0 18 48
889 0 18 43
2925 0 18 38
3601 0 18 34
907 0 18 30
5664 0 18 25
5040 0 18 21
2307 0 18 18
5959 0 18 12
2411 0 18 8
5235 0 18 2
5757 0 19 93
3974 0 19 89
2454 0 19 85
4984 0 19 80
4224 0 19 75
1421 0 19 69
1521 0 19 64
4793 0 19 60
5205 0 19 53
1532 0 19 49
3182 0 19 44
2691 0 19 40
651 0 19 37
1449 0 19 33
2926 0 19 27
419 0 19 23
1313 0 19 17
5853 0 19 12
4642 0 19 7
5667 0 19 1
4506 2 0 93
3451 2 0 89
953 2 0 85
3598 2 0 80
2980 2 0 75
243 2 0 69
1295 2 0 64
3593 2 0 60
5016 2 0 53
1254 2 0 49
2965 2 0 44
2431 2 0 40
4126 2 0 36
5595 2 0 32
2950 2 0 27
17 2 0 23
507 2 0 17
3920 2 0 12
582 2 0 7
5617 2 0 1
3922 2 5 93
1054 2 5 89
272 2 5 85
2883 2 5 80
2625 2 5 75
4329 2 5 68
4090 2 5 63
979 2 5 58
2879 2 5 54
1675 2 5 48
5370 2 5 42
2450 2 5 38
521 2 5 34
5138 2 5 29
3825 2 5 25
4757 2 5 21
1269 2 5 18
5693 2 5 12
459 2 5 7
3638 2 5 1
1416 2 7 93
3499 2 7 88
5240 2 7 84
4052 2 7 80
591 2 7 75
2267 2 7 68
3979 2 7 63
183 2 7 58
2316 2 7 54
1237 2 7 48
3930 2 7 42
2857 2 7 37
1106 2 7 33
5573 2 7 26
5709 2 7 22
1827 2 7 18
5249 2 7 12
343 2 7 7
1825 2 7 1
533 2 9 93
1730 2 9 88
3651 2 9 84
3657 2 9 80
44 2 9 75
1817 2 9 68
3306 2 9 63
5460 2 9 57
2433 2 9 53
5438 2 9 48
3342 2 9 42
2349 2 9 37
976 2 9 32
2892 2 9 27
3670 2 9 22
1716 2 9 18
4304 2 9 12
5717 2 9 6
625 2 9 2
38 2 10 93
867 2 10 88
5614 2 10 83
5228 2 10 79
4714 2 10 76
4820 2 10 69
1292 2 10 64
3060 2 10 59
3115 2 10 54
885 2 10 48
3281 2 10 42
1780 2 10 37
5720 2 10 31
5143 2 10 26
3959 2 10 22
5956 2 10 17
2290 2 10 12
4723 2 10 6
346 2 10 2
2363 2 11 92
383 2 11 89
4124 2 11 84
1531 2 11 80
5779 2 11 74
3112 2 11 69
5451 2 11 63
5449 2 11 57
2377 2 11 53
3555 2 11 48
2099 2 11 42
339 2 11 37
5672 2 11 31
3257 2 11 26
2455 2 11 22
5951 2 11 17
1214 2 11 12
3915 2 11 6
4583 2 11 1
2055 2 12 92
4328 2 12 88
3606 2 12 83
5967 2 12 78
3814 2 12 73
2033 2 12 69
3776 2 12 63
5419 2 12 57
1753 2 12 53
2219 2 12 48
1677 2 12 42
5623 2 12 36
2763 2 12 32
2338 2 12 27
3602 2 12 22
4178 2 12 17
5090 2 12 11
4143 2 12 5
154 2 13 92
3487 2 13 88
3496 2 13 83
4442 2 13 78
3418 2 13 73
1095 2 13 69
2121 2 13 63
928 2 13 57
1617 2 13 53
589 2 13 48
1511 2 13 42
5082 2 13 36
2390 2 13 32
1873 2 13 27
141 2 13 22
1285 2 13 17
3083 2 13 11
3323 2 13 5
2536 2 15 91
2708 2 15 85
5638 2 15 79
5976 2 15 75
1306 2 15 68
1971 2 15 63
5600 2 15 56
2546 2 15 51
5347 2 15 47
5290 2 15 43
2282 2 15 38
4321 2 15 33
4346 2 15 26
2249 2 15 22
1146 2 15 17
2571 2 15 11
1377 2 15 5
2223 2 17 91
2570 2 17 85
3176 2 17 79
5092 2 17 75
4478 2 17 67
4513 2 17 62
5312 2 17 57
1462 2 17 53
5880 2 17 47
5104 2 17 43
1875 2 17 38
1786 2 17 33
1717 2 17 26
2896 2 17 21
191 2 17 18
1498 2 17 12
3199 2 17 6
771 2 17 1
727 2 18 91
1719 2 18 85
2002 2 18 79
2681 2 18 75
4064 2 18 67
3585 2 18 62
4849 2 18 57
3142 2 18 52
1613 2 18 48
685 2 18 42
2354 2 18 36
1616 2 18 32
789 2 18 27
5627 2 18 21
5649 2 18 17
2186 2 18 11
169 2 18 5
4783 2 19 90
5482 2 19 85
1091 2 19 79
1599 2 19 75
3541 2 19 67
1016 2 19 62
1849 2 19 57
2913 2 19 52
405 2 19 48
5731 2 19 41
4250 2 19 35
2183 2 19 31
1962 2 19 26
522 2 19 21
5522 2 19 17
1330 2 19 11
4926 2 19 4
3021 3 0 90
3427 3 0 85
818 3 0 79
5634 3 0 74
1834 3 0 69
5808 3 0 62
4755 3 0 56
1759 3 0 51
2294 3 0 47
4770 3 0 43
1571 3 0 38
1273 3 0 33
27 3 0 26
5373 3 0 20
3858 3 0 17
5925 3 0 10
3571 3 0 5
1167 3 2 90
2034 3 2 85
546 3 2 79
4008 3 2 74
1641 3 2 69
4992 3 2 62
4338 3 2 56
5064 3 2 50
4486 3 2 44
4566 3 2 39
769 3 2 34
4493 3 2 29
3824 3 2 25
1537 3 2 21
2895 3 2 16
353 3 2 14
5287 3 2 9
112 3 2 5
5226 3 3 89
3707 3 3 84
1427 3 3 80
5279 3 3 74
1513 3 3 69
4929 3 3 62
2389 3 3 56
4093 3 3 50
4363 3 3 44
4111 3 3 39
687 3 3 34
3625 3 3 29
2918 3 3 25
1426 3 3 21
2019 3 3 16
3246 3 3 13
3294 3 3 8
3715 3 3 2
1609 3 4 89
3138 3 4 84
2505 3 4 79
3924 3 4 74
4953 3 4 68
1630 3 4 63
5009 3 4 56
3769 3 4 50
3365 3 4 44
4055 3 4 39
162 3 4 34
2382 3 4 29
606 3 4 25
5784 3 4 20
2767 3 4 17
3122 3 4 10
3225 3 4 5
922 3 5 89
2692 3 5 84
1653 3 5 79
2826 3 5 74
1543 3 5 68
1486 3 5 63
1770 3 5 56
1703 3 5 50
2233 3 5 44
5453 3 5 38
194 3 5 33
5921 3 5 25
5366 3 5 19
5698 3 5 14
3410 3 5 9
3690 3 5 4
5355 3 7 88
3180 3 7 83
2288 3 7 78
1982 3 7 73
4908 3 7 68
656 3 7 63
314 3 7 56
121 3 7 50
2001 3 7 44
5444 3 7 38
5668 3 7 32
175 3 7 27
4751 3 7 21
1149 3 7 16
5640 3 7 12
2078 3 7 6
3563 3 9 88
1689 3 9 83
2256 3 9 78
1735 3 9 73
1500 3 9 68
5295 3 9 62
1920 3 9 56
3718 3 9 49
2072 3 9 44
3570 3 9 38
5531 3 9 32
5424 3 9 26
3658 3 9 20
1710 3 9 17
743 3 9 10
2831 3 9 5
3531 3 11 88
845 3 11 83
1129 3 11 78
561 3 11 73
1153 3 11 68
3705 3 11 62
1225 3 11 56
3530 3 11 49
1202 3 11 44
3441 3 11 38
1766 3 11 32
4182 3 11 26
4569 3 11 19
5068 3 11 14
2748 3 11 9
1409 3 11 4
3196 3 15 88
827 3 15 83
631 3 15 78
4646 3 15 72
5613 3 15 67
4890 3 15 61
2738 3 15 57
2711 3 15 52
5284 3 15 47
3428 3 15 43
634 3 15 37
5254 3 15 31
1004 3 15 26
3127 3 15 19
1436 3 15 14
4792 3 15 8
3293 3 15 2
1848 3 17 88
438 3 17 83
167 3 17 78
4403 3 17 72
4888 3 17 67
2594 3 17 61
2578 3 17 57
2393 3 17 52
5251 3 17 47
3396 3 17 43
4246 3 17 36
75 3 17 32
4157 3 17 26
1649 3 17 19
5523 3 17 13
2712 3 17 8
2341 3 17 2
600 3 18 88
5456 3 18 82
2519 3 18 77
4540 3 18 73
93 3 18 68
3032 3 18 62
996 3 18 56
3255 3 18 49
1188 3 18 44
1885 3 18 38
1386 3 18 32
3766 3 18 26
5243 3 18 18
4989 3 18 11
2929 3 18 4
5946 3 19 86
4507 3 19 80
4921 3 19 74
5517 3 19 67
1433 3 19 61
1943 3 19 57
2380 3 19 52
3917 3 19 47
2359 3 19 43
3510 3 19 36
5628 3 19 31
557 3 19 26
5033 3 19 18
3442 3 19 11
1862 3 19 4
2947 4 0 86
3671 4 0 80
3373 4 0 74
5079 4 0 67
1012 4 0 61
1894 4 0 57
5690 4 0 51
52 4 0 47
1562 4 0 43
3195 4 0 36
2576 4 0 31
1968 4 0 25
3895 4 0 19
3748 4 0 13
2149 4 0 8
274 4 0 2
934 4 1 86
2415 4 1 80
2876 4 1 74
3235 4 1 67
2820 4 1 60
4974 4 1 53
5790 4 1 47
5846 4 1 42
2116 4 1 36
441 4 1 31
961 4 1 25
3166 4 1 19
1346 4 1 13
2148 4 1 8
5165 4 1 1
387 4 2 86
5162 4 2 79
2785 4 2 74
5727 4 2 66
3353 4 2 62
964 4 2 56
1931 4 2 49
3639 4 2 43
2805 4 2 36
1969 4 2 30
4406 4 2 25
3009 4 2 19
81 4 2 13
4734 4 2 7
969 4 2 1
3091 4 3 84
5778 4 3 78
3927 4 3 72
3172 4 3 67
5364 4 3 59
915 4 3 54
102 4 3 48
5239 4 3 41
3500 4 3 35
738 4 3 31
878 4 3 25
2862 4 3 19
5751 4 3 12
222 4 3 6
2696 4 4 84
2771 4 4 78
3319 4 4 72
1036 4 4 67
3240 4 4 59
5404 4 4 53
3038 4 4 47
5706 4 4 42
4997 4 4 35
4976 4 4 30
4104 4 4 25
5455 4 4 18
1737 4 4 11
679 4 4 4
5841 4 5 83
4858 4 5 77
4264 4 5 72
100 4 5 67
70 4 5 59
2961 4 5 53
2532 4 5 47
683 4 5 42
4595 4 5 35
4716 4 5 30
3702 4 5 25
4924 4 5 18
221 4 5 11
5536 4 5 3
1670 4 6 83
4542 4 6 77
2022 4 6 72
4693 4 6 66
2565 4 6 62
5856 4 6 55
477 4 6 50
5129 4 6 43
1865 4 6 36
197 4 6 30
1396 4 6 25
4253 4 6 18
5121 4 6 10
2010 4 6 5
4472 4 7 82
2439 4 7 77
4611 4 7 71
1406 4 7 67
5505 4 7 58
902 4 7 54
5169 4 7 47
456 4 7 42
4590 4 7 35
2467 4 7 30
586 4 7 25
4258 4 7 17
5213 4 7 9
5747 4 7 3
4098 4 9 82
356 4 9 77
3092 4 9 71
5823 4 9 66
1643 4 9 62
5474 4 9 55
5253 4 9 49
970 4 9 43
5729 4 9 35
2449 4 9 30
5812 4 9 24
1909 4 9 21
5648 4 9 15
5758 4 9 9
5707 4 9 3
3175 4 11 81
4353 4 11 73
5315 4 11 67
4846 4 11 58
172 4 11 54
3492 4 11 47
4447 4 11 41
3103 4 11 35
1729 4 11 30
4923 4 11 24
494 4 11 21
4778 4 11 15
1642 4 11 9
5084 4 11 3
913 4 13 81
3057 4 13 73
3854 4 13 67
4244 4 13 58
4876 4 13 53
1610 4 13 47
4033 4 13 41
2797 4 13 35
568 4 13 30
4467 4 13 24
5760 4 13 20
612 4 13 17
3877 4 13 9
3626 4 13 3
1238 4 15 80
2303 4 15 74
4911 4 15 66
5585 4 15 61
1264 4 15 57
2750 4 15 51
2824 4 15 46
1288 4 15 42
2897 4 15 35
39 4 15 30
4238 4 15 24
4789 4 15 20
488 4 15 17
3590 4 15 9
1954 4 15 3
1807 5 7 79
1276 5 7 74
3374 5 7 66
4852 5 7 61
457 5 7 57
2083 5 7 51
2627 5 7 46
5354 5 7 41
2317 5 7 34
2224 5 7 29
5990 5 7 24
4315 5 7 20
5120 5 7 16
3071 5 7 12
101 5 7 6
3044 5 11 78
2816 5 11 72
3738 5 11 66
4437 5 11 61
5702 5 11 55
4824 5 11 49
5805 5 11 42
2865 5 11 35
4632 5 11 29
5716 5 11 24
1337 5 11 20
4080 5 11 16
1438 5 11 12
5851 5 11 5
508 5 13 78
5609 5 13 71
2995 5 13 66
3969 5 13 61
575 5 13 55
3740 5 13 49
5380 5 13 42
1248 5 13 35
4526 5 13 29
5554 5 13 24
1598 5 13 19
5137 5 13 12
5087 5 13 5
4668 5 14 70
14 5 14 65
2485 5 14 59
1481 5 14 53
638 5 14 47
1835 5 14 41
2235 5 14 34
1813 5 14 29
5363 5 14 24
1163 5 14 19
2409 5 14 12
4879 5 14 5
2063 5 15 65
2038 5 15 59
1291 5 15 53
5266 5 15 46
4393 5 15 41
1563 5 15 34
5493 5 15 28
4171 5 15 22
623 5 15 17
3562 5 15 9
312 5 15 3
3259 5 16 97
5584 5 16 92
5198 5 16 87
3934 5 16 83
3784 5 16 77
2941 5 16 71
2196 5 16 66
1755 5 16 61
170 5 16 55
2549 5 16 49
4952 5 16 42
541 5 16 35
4134 5 16 29
4993 5 16 24
4680 5 16 18
5078 5 16 10
1387 5 16 5
2081 5 18 97
5098 5 18 92
4511 5 18 87
3659 5 18 83
3247 5 18 77
2551 5 18 71
637 5 18 66
273 5 18 61
2 5 18 55
1933 5 18 49
3077 5 18 42
237 5 18 35
1623 5 18 29
4388 5 18 24
1026 5 18 18
4685 5 18 10
5982 5 18 4
5726 5 19 96
905 5 19 93
4282 5 19 87
5368 5 19 82
5881 5 19 76
4413 5 19 69
4649 5 19 62
3566 5 19 55
1879 5 19 49
1001 5 19 42
5971 5 19 34
3506 5 19 27
3932 5 19 21
4941 5 19 14
3991 5 19 8
4962 5 19 1
5563 6 0 96
3538 6 0 92
2746 6 0 87
3478 6 0 82
4637 6 0 76
5633 6 0 68
417 6 0 62
1431 6 0 55
1539 6 0 49
721 6 0 42
5811 6 0 34
921 6 0 27
3098 6 0 21
4868 6 0 14
3986 6 0 8
4560 6 0 1
2161 6 1 96
2396 6 1 91
1064 6 1 85
5072 6 1 78
4354 6 1 71
5850 6 1 65
1799 6 1 59
1002 6 1 53
4625 6 1 46
4325 6 1 41
1478 6 1 34
636 6 1 27
159 6 1 21
3999 6 1 14
3869 6 1 8
4222 6 1 1
1680 6 2 96
2273 6 2 91
21 6 2 85
4851 6 2 78
4087 6 2 71
5650 6 2 65
41 6 2 59
709 6 2 53
3346 6 2 46
2891 6 2 41
1162 6 2 34
5791 6 2 26
5005 6 2 18
4597 6 2 10
4856 6 2 4
408 6 4 96
661 6 4 91
4955 6 4 84
2225 6 4 78
3347 6 4 71
5442 6 4 65
3775 6 4 58
4323 6 4 53
3119 6 4 46
1373 6 4 41
895 6 4 34
5774 6 4 26
4345 6 4 18
4462 6 4 10
4675 6 4 4
3507 6 9 95
5011 6 9 89
1913 6 9 84
1852 6 9 78
299 6 9 71
5234 6 9 65
3386 6 9 58
1917 6 9 53
2305 6 9 46
463 6 9 41
879 6 9 34
5618 6 9 26
5146 6 9 17
2651 6 9 9
5975 6 9 2
4968 6 10 94
315 6 10 88
1392 6 10 82
607 6 10 76
3216 6 10 68
278 6 10 62
1207 6 10 55
5135 6 10 48
5023 6 10 41
5337 6 10 33
4541 6 10 25
2004 6 10 17
2502 6 10 9
3321 6 10 2
4946 6 11 94
247 6 11 87
2795 6 11 82
111 6 11 76
3194 6 11 68
5809 6 11 61
4940 6 11 54
3381 6 11 47
1401 6 11 41
1718 6 11 33
2716 6 11 25
1174 6 11 16
503 6 11 12
2889 6 11 5
4263 6 12 94
5740 6 12 86
4533 6 12 79
1267 6 12 74
3351 6 12 66
302 6 12 60
3062 6 12 53
1726 6 12 46
5858 6 12 40
5831 6 12 35
391 6 12 29
2542 6 12 24
407 6 12 18
3457 6 12 10
378 6 12 3
5472 6 13 93
3757 6 13 87
2154 6 13 82
5641 6 13 75
3168 6 13 67
5074 6 13 57
1570 6 13 51
2608 6 13 46
2403 6 13 40
4411 6 13 35
3449 6 13 28
4096 6 13 22
4782 6 13 16
3779 6 13 11
4014 6 13 3
5136 6 14 93
3405 6 14 87
1559 6 14 82
275 6 14 75
2884 6 14 67
4249 6 14 57
82 6 14 51
779 6 14 46
5873 6 14 39
4648 6 14 33
2146 6 14 25
5748 6 14 15
4933 6 14 8
2266 6 14 1
4963 6 19 93
2672 6 19 86
3024 6 19 79
5665 6 19 73
3501 6 19 67
4013 6 19 57
5362 6 19 50
4316 6 19 43
5333 6 19 35
1999 6 19 28
3918 6 19 22
4593 6 19 16
2848 6 19 11
3160 6 19 3
4708 7 7 93
2484 7 7 86
1169 7 7 79
5637 7 7 73
3248 7 7 67
3568 7 7 57
5241 7 7 50
3357 7 7 43
3697 7 7 35
664 7 7 28
3701 7 7 22
4199 7 7 16
3151 7 7 10
4372 7 7 2
4066 7 15 93
1948 7 15 86
5301 7 15 78
5399 7 15 70
5742 7 15 64
2287 7 15 59
304 7 15 53
1011 7 15 46
5598 7 15 39
3588 7 15 33
1706 7 15 25
4357 7 15 15
4510 7 15 8
529 7 15 1
3795 7 16 93
5738 7 16 85
4435 7 16 78
3460 7 16 70
4279 7 16 64
1405 7 16 59
5261 7 16 52
1664 7 16 47
5909 7 16 40
4391 7 16 35
565 7 16 28
2814 7 16 22
1526 7 16 16
1939 7 16 10
3094 7 16 2
2227 7 18 93
5156 7 18 85
4142 7 18 78
3073 7 18 70
3759 7 18 64
5997 7 18 58
1830 7 18 53
3691 7 18 45
1989 7 18 41
5915 7 18 32
3561 7 18 26
5085 7 18 17
2335 7 18 9
3020 7 18 2
1226 7 19 93
5154 7 19 85
3488 7 19 78
1582 7 19 70
3528 7 19 64
4728 7 19 58
1483 7 19 53
5816 7 19 44
1099 7 19 38
5486 7 19 31
208 7 19 25
4312 7 19 15
4149 7 19 8
5743 8 0 92
2206 8 0 87
3397 8 0 81
1608 8 0 73
2958 8 0 67
2957 8 0 57
2724 8 0 50
342 8 0 43
3289 8 0 35
5906 8 0 27
5390 8 0 20
2346 8 0 15
2134 8 0 8
4255 8 1 92
1666 8 1 87
1588 8 1 81
4484 8 1 72
3165 8 1 66
5733 8 1 59
3603 8 1 52
4514 8 1 46
5514 8 1 39
1612 8 1 33
210 8 1 25
4078 8 1 15
1801 8 1 8
3284 8 2 92
4854 8 2 86
4616 8 2 78
5802 8 2 69
510 8 2 62
4091 8 2 54
3118 8 2 47
4044 8 2 40
4636 8 2 34
4639 8 2 26
1192 8 2 17
1443 8 2 9
2558 8 2 2
3149 8 3 92
2426 8 3 86
4173 8 3 78
4935 8 3 69
136 8 3 62
2331 8 3 54
1100 8 3 47
3929 8 3 40
3935 8 3 34
4212 8 3 26
5842 8 3 16
998 8 3 10
1746 8 3 2
2780 8 4 92
5678 8 4 85
2279 8 4 78
4015 8 4 69
5794 8 4 61
4031 8 4 54
372 8 4 47
2737 8 4 40
3426 8 4 34
2794 8 4 26
5807 8 4 16
665 8 4 10
1301 8 4 2
604 8 5 92
4975 8 5 85
2028 8 5 78
1371 8 5 69
5338 8 5 61
3553 8 5 53
4030 8 5 44
444 8 5 38
5382 8 5 31
5891 8 5 24
4489 8 5 17
1352 8 5 9
1768 8 5 2
5409 8 6 91
2615 8 6 84
917 8 6 78
1177 8 6 69
5317 8 6 61
3010 8 6 53
3721 8 6 44
5497 8 6 37
5070 8 6 30
3783 8 6 24
3371 8 6 17
1772 8 6 8
5385 8 7 91
2514 8 7 84
4850 8 7 77
1413 8 7 71
1940 8 7 65
1935 8 7 58
1315 8 7 53
3355 8 7 44
5230 8 7 37
4524 8 7 30
1525 8 7 24
5552 8 7 16
5096 8 7 9
1739 8 7 2
3163 8 9 91
2011 8 9 84
4347 8 9 77
474 8 9 71
1771 8 9 65
1854 8 9 58
5926 8 9 52
4455 8 9 46
5203 8 9 39
788 8 9 33
5642 8 9 24
5054 8 9 16
5020 8 9 9
1592 8 9 2
2968 8 10 91
692 8 10 84
3650 8 10 77
64 8 10 71
4433 8 10 64
3791 8 10 58
4990 8 10 52
1978 8 10 46
4039 8 10 39
424 8 10 33
4475 8 10 24
3768 8 10 16
2336 8 10 9
1482 8 10 2
2554 8 11 91
261 8 11 84
3425 8 11 77
5722 8 11 70
2717 8 11 64
2171 8 11 58
4275 8 11 52
1470 8 11 46
3609 8 11 39
5037 8 11 32
2910 8 11 26
4725 8 11 16
1382 8 11 9
599 8 11 2
359 8 12 91
3402 8 12 83
2535 8 12 77
4356 8 12 70
2662 8 12 64
1124 8 12 58
3711 8 12 52
285 8 12 46
2404 8 12 39
4724 8 12 32
2821 8 12 26
4152 8 12 16
5209 8 12 8
5848 8 13 90
1958 8 13 85
1721 8 13 78
4840 8 13 68
5777 8 13 61
2378 8 13 53
3086 8 13 44
5168 8 13 37
2823 8 13 30
1136 8 13 24
204 8 13 16
4892 8 13 8
5804 8 15 90
1280 8 15 85
992 8 15 78
1776 8 15 68
4168 8 15 61
2118 8 15 53
2244 8 15 44
5122 8 15 37
2633 8 15 30
980 8 15 24
4500 8 15 15
550 8 15 8
5776 8 16 90
467 8 16 85
3710 8 16 77
3173 8 16 70
2657 8 16 64
1009 8 16 58
3761 8 16 51
5389 8 16 45
5669 8 16 40
2759 8 16 34
2302 8 16 26
2398 8 16 16
4717 8 16 8
5705 9 0 90
5014 9 0 84
3089 9 0 77
2559 9 0 70
2106 9 0 64
501 9 0 58
1855 9 0 51
2385 9 0 45
2429 9 0 40
1924 9 0 34
2093 9 0 26
3997 9 0 15
5901 9 0 7
5058 9 1 90
4299 9 1 84
2938 9 1 77
1863 9 1 70
966 9 1 64
4866 9 1 57
2172 9 1 50
5652 9 1 42
4836 9 1 34
1293 9 1 26
3591 9 1 15
5051 9 1 7
4951 9 2 90
3090 9 2 84
2168 9 2 77
1072 9 2 70
930 9 2 64
4612 9 2 57
1747 9 2 50
5176 9 2 42
4446 9 2 34
537 9 2 26
1050 9 2 15
4614 9 2 7
4599 9 3 90
2285 9 3 84
1047 9 3 77
704 9 3 70
5410 9 3 63
5170 9 3 55
4291 9 3 48
3031 9 3 41
5067 9 3 32
2602 9 3 26
5398 9 3 14
3485 9 3 8
4277 9 4 90
947 9 4 84
5378 9 4 76
1112 9 4 68
1741 9 4 61
4471 9 4 52
4573 9 4 45
1098 9 4 40
1567 9 4 34
4622 9 4 25
1724 9 4 15
2197 9 4 7
2045 9 5 90
749 9 5 84
4814 9 5 76
5666 9 5 67
4873 9 5 56
1584 9 5 49
549 9 5 42
4217 9 5 34
4607 9 5 25
381 9 5 15
1600 9 5 7
1622 9 6 90
2725 9 6 83
2504 9 6 77
601 9 6 70
5361 9 6 63
5131 9 6 55
3687 9 6 48
1423 9 6 41
4624 9 6 32
2470 9 6 26
5186 9 6 14
2548 9 6 8
1435 9 7 90
2414 9 7 83
2399 9 7 77
5553 9 7 69
3837 9 7 61
2604 9 7 52
3941 9 7 45
5391 9 7 39
4048 9 7 32
2194 9 7 26
3818 9 7 14
2153 9 7 8
752 9 13 90
1432 9 13 83
1147 9 13 77
5171 9 13 69
3267 9 13 61
2375 9 13 52
3354 9 13 45
5057 9 13 39
3862 9 13 32
1178 9 13 26
955 9 13 14
5026 9 13 7
4683 9 15 89
1519 9 15 84
1767 9 15 76
5578 9 15 67
4027 9 15 56
774 9 15 49
5216 9 15 41
2218 9 15 32
3739 9 15 25
5430 9 15 14
3938 9 15 7
3074 9 16 89
1096 9 16 84
260 9 16 76
3882 9 16 67
3832 9 16 56
446 9 16 49
4748 9 16 41
1632 9 16 32
3097 9 16 25
5343 9 16 14
592 9 16 7
4739 9 17 88
1068 9 17 82
96 9 17 75
5387 9 17 66
4028 9 17 59
2076 9 17 52
2628 9 17 45
4831 9 17 39
2854 9 17 32
1259 9 17 25
2734 9 17 14
5913 9 17 6
1005 9 19 88
5769 9 19 81
4184 9 19 72
2882 9 19 66
3973 9 19 59
1676 9 19 52
682 9 19 45
3304 9 19 39
2089 9 19 32
862 9 19 25
2534 9 19 14
1922 9 19 6
868 10 19 88
3842 10 19 81
3964 10 19 72
2220 10 19 66
3729 10 19 59
1334 10 19 52
412 10 19 45
2944 10 19 39
1304 10 19 32
5575 10 19 24
2376 10 19 15
166 10 19 7
490 11 1 88
3408 11 1 81
3041 11 1 72
1806 11 1 66
2815 11 1 59
1287 11 1 52
185 11 1 45
2904 11 1 39
4721 11 1 31
4899 11 1 24
2175 11 1 15
5238 11 1 6
439 11 2 88
2683 11 2 81
2901 11 2 72
245 11 2 66
981 11 2 59
794 11 2 52
4753 11 2 44
4459 11 2 37
5800 11 2 29
2501 11 2 24
1261 11 2 15
3731 11 2 6
192 11 3 88
2366 11 3 81
1565 11 3 72
5767 11 3 65
516 11 3 58
590 11 3 51
744 11 3 45
1723 11 3 39
3468 11 3 31
4785 11 3 23
266 11 3 17
4704 11 3 7
5342 11 4 87
4635 11 4 80
1915 11 4 74
2544 11 4 66
741 11 4 59
5204 11 4 51
5973 11 4 44
4141 11 4 37
5211 11 4 29
2048 11 4 24
968 11 4 15
3611 11 4 6
1788 11 5 87
4608 11 5 80
4539 11 5 73
2860 11 5 67
563 11 5 56
5867 11 5 48
1290 11 5 41
1307 11 5 32
5330 11 5 24
982 11 5 14
1083 11 5 6
396 11 6 87
4226 11 6 80
3421 11 6 73
2222 11 6 67
4822 11 6 55
2635 11 6 48
280 11 6 41
1140 11 6 32
5108 11 6 24
967 11 6 14
853 11 6 6
1057 11 7 86
3829 11 7 78
1321 11 7 68
2959 11 7 60
310 11 7 53
1906 11 7 44
3743 11 7 37
3367 11 7 29
2885 11 7 23
5677 11 7 16
3727 11 7 8
1024 11 8 86
3756 11 8 78
2312 11 8 67
3016 11 8 54
4221 11 8 46
5914 11 8 38
3857 11 8 31
2567 11 8 23
4482 11 8 16
1812 11 8 8
3600 11 9 85
1720 11 9 77
4662 11 9 69
1128 11 9 61
2184 11 9 52
3876 11 9 44
3217 11 9 37
3065 11 9 29
2531 11 9 22
514 11 9 16
5753 11 9 7
3015 11 11 85
113 11 11 77
4589 11 11 69
646 11 11 61
2068 11 11 52
2203 11 11 44
2275 11 11 37
787 11 11 29
1743 11 11 22
46 11 11 16
5724 11 11 7
2900 11 12 85
5994 11 12 76
3475 11 12 67
513 11 12 54
2447 11 12 46
4805 11 12 38
1750 11 12 31
2296 11 12 23
4070 11 12 16
5167 11 12 7
2761 11 13 85
5610 11 13 76
1988 11 13 67
5258 11 13 53
458 11 13 44
2091 11 13 37
4741 11 13 28
1618 11 13 22
5606 11 13 15
2632 11 13 6
2644 11 14 85
5507 11 14 76
1476 11 14 67
4549 11 14 53
5838 11 14 43
3144 11 14 35
4865 11 14 27
4912 11 14 20
5719 11 14 14
5376 11 14 5
2329 11 15 85
5038 11 15 76
290 11 15 67
2254 11 15 53
5526 11 15 43
910 11 15 35
4749 11 15 27
2322 11 15 20
5405 11 15 14
3782 11 15 5
1505 11 16 85
3621 11 16 76
4807 11 16 66
6001 11 16 58
5567 11 16 50
4061 11 16 42
3878 11 16 34
4081 11 16 25
2234 11 16 14
206 11 16 5
5918 11 17 83
129 11 17 77
4132 11 17 69
5007 11 17 60
4426 11 17 52
2128 11 17 44
1454 11 17 37
4075 11 17 28
1577 11 17 22
4842 11 17 15
1987 11 17 6
5671 11 18 83
4488 11 18 76
2103 11 18 66
3534 11 18 58
5345 11 18 50
3909 11 18 42
5710 11 18 33
3028 11 18 24
4669 11 18 13
4198 11 18 7
3695 11 19 83
4318 11 19 76
793 11 19 66
3363 11 19 58
5000 11 19 50
3754 11 19 42
1086 11 19 33
1224 11 19 24
4527 11 19 13
4067 11 19 7
1279 12 3 83
2872 12 3 76
460 12 3 66
2421 12 3 58
4817 12 3 50
2125 12 3 42
2339 12 3 32
4196 12 3 24
1794 12 3 13
1916 12 3 7
1006 12 4 81
1010 12 4 72
4658 12 4 65
3095 12 4 57
3430 12 4 49
2838 12 4 41
5214 12 4 30
948 12 4 24
1055 12 4 13
5928 12 4 6
334 13 5 80
2318 13 5 73
1266 13 5 67
938 13 5 53
4197 13 5 43
5269 13 5 34
4003 13 5 25
2210 13 5 14
50 13 5 5
4133 13 7 79
4664 13 7 73
705 13 7 67
178 13 7 53
4135 13 7 43
5246 13 7 34
2744 13 7 25
1781 13 7 14
5908 13 7 4
1466 13 9 79
2221 13 9 73
4554 13 9 66
1508 13 9 58
4421 13 9 50
2014 13 9 42
288 13 9 32
4176 13 9 24
5947 13 9 12
375 13 9 5
4986 13 11 78
4869 13 11 66
511 13 11 58
3663 13 11 50
4909 13 11 41
4638 13 11 30
409 13 11 24
3793 13 11 12
5060 13 11 4
3476 13 12 78
3392 13 12 66
5568 13 12 57
1578 13 12 49
2402 13 12 41
3911 13 12 30
5953 13 12 23
3884 13 12 16
3794 13 12 7
3088 13 13 78
2618 13 13 66
5267 13 13 57
5888 13 13 48
5852 13 13 40
1082 13 13 34
2096 13 13 25
1573 13 13 14
4665 13 13 4
189 13 14 77
3826 13 14 69
4230 13 14 60
957 13 14 52
423 13 14 44
83 13 14 37
3620 13 14 28
1247 13 14 22
3280 13 14 15
1960 13 14 6
2676 13 15 72
1296 13 15 65
2021 13 15 57
5822 13 15 48
5820 13 15 40
355 13 15 34
1636 13 15 25
5499 13 15 13
4146 13 15 6
497 13 16 70
3320 13 16 63
4311 13 16 55
1252 13 16 48
5715 13 16 40
5314 13 16 33
5670 13 16 23
805 13 16 16
3269 13 16 7
262 13 18 70
2855 13 18 63
734 13 18 55
5562 13 18 47
2572 13 18 40
5071 13 18 33
5571 13 18 23
786 13 18 16
2522 13 18 7
2075 13 19 69
4127 13 19 60
629 13 19 52
45 13 19 44
71 13 19 37
2939 13 19 28
4266 13 19 21
3614 13 19 14
4580 13 19 4
3249 14 1 67
4896 14 1 52
5644 14 1 43
3892 14 1 34
594 14 1 25
5487 14 1 13
2976 14 1 6
1648 14 2 66
5163 14 2 57
2405 14 2 48
5480 14 2 40
1564 14 2 33
5100 14 2 23
723 14 2 14
4195 14 2 4
2589 14 3 65
4439 14 3 56
5765 14 3 48
4294 14 3 40
1323 14 3 33
4503 14 3 23
2649 14 3 13
2775 14 3 6
2792 14 4 54
1365 14 4 46
3490 14 4 38
5935 14 4 30
5750 14 4 23
1395 14 4 13
2212 14 4 6
3786 14 5 96
640 14 5 91
2176 14 5 83
2252 14 5 76
4927 14 5 65
4194 14 5 56
4867 14 5 48
3908 14 5 40
1087 14 5 33
719 14 5 23
628 14 5 13
5635 14 5 5
5046 14 7 95
4443 14 7 89
701 14 7 84
5 14 7 76
4395 14 7 65
3660 14 7 56
3416 14 7 48
3811 14 7 40
569 14 7 33
619 14 7 23
3700 14 7 12
3903 14 7 4
3379 14 9 95
1575 14 9 89
5371 14 9 83
4565 14 9 75
5032 14 9 66
5662 14 9 56
2191 14 9 48
3238 14 9 40
5977 14 9 32
2923 14 9 24
2413 14 9 12
1190 14 9 4
1929 14 11 95
3907 14 11 88
2351 14 11 81
3943 14 11 71
3944 14 11 64
1122 14 11 57
1154 14 11 48
933 14 11 40
5865 14 11 32
2648 14 11 24
1556 14 11 12
5468 14 11 3
3256 14 12 94
5510 14 12 86
3750 14 12 78
2422 14 12 66
4551 14 12 56
1509 14 12 48
4504 14 12 39
1861 14 12 31
1376 14 12 23
3937 14 12 11
2230 14 12 3
2456 14 13 94
5477 14 13 86
1902 14 13 78
2304 14 13 66
3647 14 13 56
276 14 13 48
3642 14 13 39
1692 14 13 31
4278 14 13 22
231 14 13 15
865 14 13 6
641 14 14 94
3542 14 14 86
1593 14 14 78
816 14 14 66
1774 14 14 56
5500 14 14 47
116 14 14 40
3921 14 14 32
2018 14 14 24
115 14 14 12
3161 14 14 3
157 14 15 94
2647 14 15 86
759 14 15 78
393 14 15 66
1668 14 15 56
4885 14 15 47
3518 14 15 39
1402 14 15 31
3338 14 15 22
4710 14 15 14
3034 14 15 4
1439 14 16 93
3578 14 16 85
3253 14 16 76
2989 14 16 65
671 14 16 56
3821 14 16 47
653 14 16 39
1364 14 16 31
3285 14 16 22
4623 14 16 14
1908 14 16 4
887 14 18 93
1017 14 18 85
1876 14 18 76
1645 14 18 65
124 14 18 56
2610 14 18 47
258 14 18 39
5796 14 18 30
5495 14 18 23
277 14 18 11
535 14 18 3
466 14 19 93
766 14 19 85
5969 14 19 75
2825 14 19 66
4618 14 19 55
5013 14 19 47
5713 14 19 38
5737 14 19 30
2922 14 19 23
3813 14 19 10
796 14 19 2
10 15 3 93
588 15 3 85
5369 15 3 75
2807 15 3 66
4582 15 3 55
4016 15 3 47
3833 15 3 38
5158 15 3 30
2851 15 3 23
3589 15 3 10
4130 15 3 1
5996 15 4 92
4901 15 4 85
4847 15 4 75
2111 15 4 66
4515 15 4 55
5469 15 4 46
847 15 4 38
3970 15 4 30
4099 15 4 22
4021 15 4 14
5962 15 4 3
4960 15 5 92
4881 15 5 85
3579 15 5 75
1060 15 5 66
4295 15 5 55
5139 15 5 46
77 15 5 38
3737 15 5 30
3965 15 5 22
3300 15 5 14
2841 15 5 3
3515 15 7 92
4298 15 7 85
1492 15 7 75
2845 15 7 65
4654 15 7 55
4937 15 7 46
5620 15 7 37
2663 15 7 28
4029 15 7 21
3401 15 7 14
4267 15 7 2
5985 15 8 91
2020 15 8 83
3545 15 8 75
2709 15 8 65
4007 15 8 55
2306 15 8 46
678 15 8 37
1560 15 8 28
3996 15 8 21
1534 15 8 14
3594 15 8 2
5400 15 9 91
1028 15 9 83
3447 15 9 75
5415 15 9 64
23 15 9 57
1056 15 9 48
539 15 9 39
2506 15 9 30
1574 15 9 22
2728 15 9 14
2710 15 9 2
2310 15 16 91
495 15 16 83
3390 15 16 75
4089 15 16 64
5889 15 16 56
2442 15 16 47
3643 15 16 38
2530 15 16 30
1522 15 16 22
2656 15 16 14
937 15 16 2
1370 16 0 91
73 16 0 83
2150 16 0 75
2394 16 0 64
5073 16 0 56
5895 16 0 46
4930 16 0 36
18 16 0 30
1275 16 0 22
2609 16 0 14
478 16 0 2
1048 16 1 91
5003 16 1 82
8 16 1 75
1251 16 1 64
4237 16 1 56
5145 16 1 46
2314 16 1 36
4416 16 1 29
1536 16 1 22
1981 16 1 14
877 16 1 1
3618 16 3 90
4752 16 3 82
3275 16 3 74
2360 16 3 66
4203 16 3 55
1510 16 3 46
2137 16 3 36
3081 16 3 29
4705 16 3 21
4265 16 3 13
5458 16 3 5
2693 16 7 90
3790 16 7 82
3252 16 7 74
2151 16 7 66
3706 16 7 55
1161 16 7 46
2127 16 7 36
2773 16 7 29
3213 16 7 21
4082 16 7 13
4038 16 7 5
2593 16 8 90
3079 16 8 82
777 16 8 74
1209 16 8 66
3498 16 8 55
720 16 8 46
2052 16 8 36
2457 16 8 29
2641 16 8 21
3158 16 8 13
3859 16 8 5
2177 16 9 90
603 16 9 82
431 16 9 74
815 16 9 66
2983 16 9 55
5543 16 9 45
1338 16 9 39
234 16 9 30
4980 16 9 21
951 16 9 13
3372 16 9 5
1548 16 10 90
4476 16 10 81
3517 16 10 71
3762 16 10 64
3765 16 10 56
5075 16 10 46
801 16 10 36
1965 16 10 29
2569 16 10 21
56 16 10 13
2498 16 10 5
1131 16 11 90
2849 16 11 81
5164 16 11 70
5310 16 11 62
626 16 11 54
5577 16 11 45
799 16 11 39
5544 16 11 29
2434 16 11 21
36 16 11 13
1045 16 11 5
295 16 12 90
2041 16 12 81
4131 16 12 70
4333 16 12 62
426 16 12 54
5123 16 12 45
468 16 12 39
3860 16 12 29
5900 16 12 20
3734 16 12 14
556 16 12 5
4115 16 19 89
3771 16 19 83
4910 16 19 74
4189 16 19 65
3792 16 19 55
5245 16 19 45
107 16 19 39
3228 16 19 29
4761 16 19 20
2741 16 19 14
525 16 19 5
3210 17 0 89
2993 17 0 83
1955 17 0 74
2954 17 0 65
3350 17 0 55
3335 17 0 45
4564 17 0 38
1950 17 0 30
4088 17 0 21
5306 17 0 12
1424 17 0 3
2768 17 5 89
2269 17 5 83
666 17 5 74
710 17 5 65
2650 17 5 55
2120 17 5 45
3559 17 5 38
5031 17 5 29
4673 17 5 20
1910 17 5 14
5954 17 5 4
2541 17 10 89
897 17 10 83
5004 17 10 73
4019 17 10 66
1576 17 10 55
2035 17 10 45
2623 17 10 38
4519 17 10 29
4185 17 10 20
1667 17 10 14
3976 17 10 4
1914 17 14 89
4844 17 14 82
174 17 14 74
3881 17 14 64
3467 17 14 56
4957 17 14 46
4949 17 14 35
3505 17 14 27
1889 17 14 20
702 17 14 14
3947 17 14 4
1448 17 16 89
4020 17 16 82
5549 17 16 73
963 17 16 66
386 17 16 55
5580 17 16 44
5986 17 16 36
1499 17 16 29
3394 17 16 20
595 17 16 14
3509 17 16 4
1063 17 17 89
3896 17 17 82
4376 17 17 73
335 17 17 66
3736 17 17 53
2682 17 17 43
3033 17 17 34
252 17 17 25
4248 17 17 13
3164 17 17 4
4334 17 19 88
1784 17 19 81
2677 17 19 70
3646 17 19 62
406 17 19 54
4922 17 19 45
2553 17 19 38
4432 17 19 29
3376 17 19 20
545 17 19 14
1403 17 19 4
2369 18 0 88
5055 18 0 80
239 18 0 73
3204 18 0 65
2162 18 0 55
2751 18 0 44
5414 18 0 36
965 18 0 29
2911 18 0 20
177 18 0 14
4305 18 0 3
1870 18 2 88
2760 18 2 80
5532 18 2 72
5130 18 2 64
2695 18 2 56
1053 18 2 46
4596 18 2 35
4220 18 2 26
5367 18 2 13
3458 18 2 3
1119 18 10 88
2465 18 10 80
4351 18 10 72
4979 18 10 64
2013 18 10 56
807 18 10 46
4528 18 10 35
2739 18 10 26
4999 18 10 13
2658 18 10 3
323 18 12 88
1256 18 12 80
3744 18 12 72
2736 18 12 64
1621 18 12 56
94 18 12 46
2801 18 12 35
1647 18 12 26
5450 18 12 12
5879 18 12 2
57 19 0 88
5869 19 0 79
1697 19 0 73
2985 19 0 65
1586 19 0 55
1019 19 0 44
2492 19 0 36
894 19 0 29
1355 19 0 20
5294 19 0 13
1400 19 0 3
4798 19 2 87
3360 19 2 80
1820 19 2 72
1213 19 2 64
940 19 2 56
2250 19 2 45
2190 19 2 38
4009 19 2 29
3788 19 2 19
2204 19 2 12
5157 19 2 2
2715 19 3 87
3309 19 3 80
236 19 3 72
40 19 3 64
598 19 3 56
2205 19 3 45
2071 19 3 38
1921 19 3 29
1871 19 3 19
1748 19 3 12
3893 19 3 2
2674 19 4 87
863 19 4 80
5998 19 4 71
3484 19 4 64
371 19 4 56
1496 19 4 45
1895 19 4 38
1605 19 4 29
5773 19 4 18
2818 19 4 10
2919 19 4 1
2611 19 5 87
5527 19 5 79
1615 19 5 73
209 19 5 65
1518 19 5 55
3992 19 5 43
2893 19 5 34
5992 19 5 24
5265 19 5 10
479 19 5 1
2489 19 6 87
4977 19 6 79
4904 19 6 72
4112 19 6 63
532 19 6 55
2866 19 6 43
2887 19 6 34
4123 19 6 24
1243 19 6 10
196 19 6 2
624 19 7 87
3673 19 7 79
4042 19 7 72
3575 19 7 63
156 19 7 55
1205 19 7 43
1964 19 7 34
873 19 7 24
935 19 7 10
5445 19 7 1
4810 19 8 86
4971 19 8 77
2979 19 8 69
1204 19 8 60
5556 19 8 51
5283 19 8 44
296 19 8 36
161 19 8 29
4943 19 8 18
747 19 8 10
4644 19 8 1
5179 19 9 85
1765 19 9 74
2090 19 9 64
2418 19 9 55
2613 19 9 42
5511 19 9 31
2680 19 9 22
1671 19 9 14
860 19 9 3
3110 19 10 85
114 19 10 74
950 19 10 64
761 19 10 55
1362 19 10 42
3987 19 10 31
5386 19 10 21
3150 19 10 12
3446 19 10 2
1357 19 12 85
5506 19 12 73
3853 19 12 64
4578 19 12 54
4457 19 12 45
5615 19 12 37
696 19 12 28
3105 19 12 21
2468 19 12 12
2463 19 12 2
4621 19 13 84
3665 19 13 75
530 19 13 64
3916 19 13 54
2791 19 13 45
5187 19 13 37
3897 19 13 27
1847 19 13 20
4468 19 13 13
5242 19 13 2
2994 19 14 84
2764 19 14 75
482 19 14 64
3207 19 14 54
5754 19 14 44
235 19 14 36
5255 19 14 28
2581 19 14 21
5631 19 14 11
3845 19 14 2
846 19 15 84
2475 19 15 75
373 19 15 64
1358 19 15 54
4690 19 15 44
5115 19 15 35
5927 19 15 25
2373 19 15 13
5199 19 15 2
5134 19 16 83
1702 19 16 73
3369 19 16 64
5319 19 16 53
2513 19 16 43
1232 19 16 34
5875 19 16 23
2828 19 16 10
4445 19 16 1
3072 19 17 83
1604 19 17 73
1217 19 17 64
3763 19 17 52
5291 19 17 43
914 19 17 34
4317 19 17 23
1891 19 17 10
1985 19 17 1
1983 19 18 83
5076 19 18 72
2141 19 18 63
1 19 18 55
798 19 18 42
3205 19 18 31
5270 19 18 21
4697 19 18 11
3693 19 18 1
294 19 19 82
5560 19 19 72
1549 19 19 63
3688 19 19 54
3512 19 19 44
3287 19 19 35
5825 19 19 25
1222 19 19 13
5048 19 19 2
