3146
6682 0 0 97
6585 0 0 94
4368 0 0 91
2317 0 0 88
5632 0 0 86
2531 0 0 84
6463 0 0 82
4243 0 0 79
969 0 0 76
4268 0 0 74
5159 0 0 72
1355 0 0 70
4830 0 0 67
503 0 0 65
4707 0 0 62
4570 0 0 60
3999 0 0 56
992 0 0 54
4066 0 0 52
1479 0 0 50
6475 0 0 45
5735 0 0 42
1947 0 0 38
4983 0 0 35
3073 0 0 33
5890 0 0 31
6736 0 0 28
3493 0 0 26
4204 0 0 22
2148 0 0 19
5768 0 0 16
5906 0 0 13
911 0 0 11
5166 0 0 9
4809 0 0 7
2798 0 0 5
359 0 0 2
6235 0 1 97
6335 0 1 94
2310 0 1 91
2109 0 1 87
169 0 1 84
5871 0 1 81
4137 0 1 78
4651 0 1 75
5027 0 1 73
5068 0 1 70
6089 0 1 66
5616 0 1 63
6584 0 1 59
6560 0 1 57
6641 0 1 55
4842 0 1 52
5071 0 1 49
2924 0 1 47
4061 0 1 45
5239 0 1 42
1932 0 1 38
3376 0 1 35
3336 0 1 32
4811 0 1 29
4613 0 1 26
2200 0 1 22
2019 0 1 19
4690 0 1 16
4289 0 1 13
521 0 1 10
6707 0 1 8
2913 0 1 5
4277 0 1 1
6046 0 2 97
5255 0 2 93
6236 0 2 89
2959 0 2 87
4865 0 2 83
6500 0 2 81
1309 0 2 78
1406 0 2 75
5858 0 2 72
2139 0 2 68
3081 0 2 66
5458 0 2 63
5764 0 2 59
5369 0 2 57
6450 0 2 55
836 0 2 52
3616 0 2 49
5152 0 2 45
6224 0 2 41
6040 0 2 38
6651 0 2 34
6537 0 2 31
4650 0 2 28
3222 0 2 25
2180 0 2 22
6574 0 2 18
3701 0 2 15
6634 0 2 12
6223 0 2 10
648 0 2 8
1473 0 2 5
2305 0 2 1
2999 0 3 97
4499 0 3 93
3805 0 3 89
3120 0 3 86
6350 0 3 83
5976 0 3 80
5039 0 3 77
569 0 3 75
3392 0 3 72
1493 0 3 68
5200 0 3 65
1812 0 3 62
2983 0 3 59
1043 0 3 57
4325 0 3 54
3360 0 3 52
2522 0 3 49
4783 0 3 45
5459 0 3 41
5129 0 3 38
4641 0 3 34
5380 0 3 31
6476 0 3 27
4479 0 3 23
4725 0 3 21
6764 0 3 19
3993 0 3 16
1179 0 3 13
4544 0 3 9
6180 0 3 5
1410 0 3 1
6416 0 4 96
4577 0 4 93
583 0 4 89
628 0 4 86
6277 0 4 83
5944 0 4 80
4343 0 4 77
629 0 4 74
6019 0 4 71
5893 0 4 68
6803 0 4 64
2693 0 4 62
6384 0 4 58
4230 0 4 54
1800 0 4 50
4592 0 4 45
3859 0 4 41
1072 0 4 37
5116 0 4 35
164 0 4 32
2047 0 4 29
3666 0 4 25
1533 0 4 22
6573 0 4 18
1675 0 4 15
4923 0 4 12
3790 0 4 10
5822 0 4 7
4304 0 4 4
2526 0 4 2
3650 0 5 96
1943 0 5 93
5208 0 5 88
2435 0 5 85
4744 0 5 82
3348 0 5 79
3605 0 5 75
1933 0 5 72
613 0 5 68
5885 0 5 64
4659 0 5 61
3736 0 5 58
4105 0 5 54
203 0 5 50
3092 0 5 45
3737 0 5 41
1061 0 5 37
6104 0 5 33
2888 0 5 31
6281 0 5 27
6125 0 5 22
4588 0 5 18
3652 0 5 14
6649 0 5 10
3896 0 5 7
1500 0 5 3
722 0 6 96
5757 0 6 92
5923 0 6 90
4224 0 6 88
2244 0 6 85
2929 0 6 81
6408 0 6 77
6255 0 6 73
1322 0 6 70
5320 0 6 66
1822 0 6 63
1830 0 6 59
6527 0 6 56
4901 0 6 53
1857 0 6 50
2826 0 6 45
2831 0 6 41
993 0 6 37
4391 0 6 33
6613 0 6 30
504 0 6 27
6076 0 6 22
4221 0 6 18
4552 0 6 13
2851 0 6 9
5936 0 6 5
2153 0 6 2
6688 0 7 95
459 0 7 92
4687 0 7 88
1401 0 7 85
2251 0 7 81
5546 0 7 77
6449 0 7 72
5960 0 7 67
1265 0 7 64
1327 0 7 61
1987 0 7 58
2309 0 7 54
6606 0 7 49
4985 0 7 44
5295 0 7 42
1471 0 7 38
3749 0 7 34
2533 0 7 31
4018 0 7 27
5600 0 7 22
2236 0 7 18
3068 0 7 13
1754 0 7 9
5731 0 7 5
5151 0 7 1
6637 0 8 95
6177 0 8 91
5625 0 8 86
1129 0 8 83
2215 0 8 80
3463 0 8 77
3055 0 8 72
5511 0 8 67
5842 0 8 62
3056 0 8 57
3929 0 8 54
6024 0 8 49
3173 0 8 44
4967 0 8 41
5839 0 8 36
3285 0 8 34
4980 0 8 30
5293 0 8 26
6289 0 8 21
5622 0 8 19
3364 0 8 15
2471 0 8 12
1016 0 8 9
5081 0 8 5
3618 0 8 1
6222 0 9 95
6168 0 9 91
4714 0 9 86
6272 0 9 82
4891 0 9 78
4815 0 9 74
6150 0 9 70
4446 0 9 66
1589 0 9 63
697 0 9 59
4351 0 9 56
5317 0 9 52
511 0 9 49
1982 0 9 44
666 0 9 40
4168 0 9 37
491 0 9 33
3233 0 9 30
3482 0 9 26
5165 0 9 21
2724 0 9 18
4504 0 9 12
6517 0 9 8
2893 0 9 4
2466 0 10 95
5802 0 10 91
4562 0 10 86
5157 0 10 82
4704 0 10 78
143 0 10 74
4971 0 10 70
3629 0 10 66
353 0 10 63
4207 0 10 58
6435 0 10 53
6369 0 10 49
1834 0 10 44
6533 0 10 39
1262 0 10 37
6208 0 10 32
6379 0 10 28
6378 0 10 24
6133 0 10 21
5772 0 10 17
56 0 10 14
5108 0 10 10
2472 0 10 7
944 0 10 3
1848 0 11 95
4593 0 11 91
6190 0 11 85
1802 0 11 81
4810 0 11 77
532 0 11 72
3664 0 11 67
4776 0 11 62
2767 0 11 57
6466 0 11 52
5298 0 11 48
4508 0 11 46
1542 0 11 44
5580 0 11 39
4327 0 11 36
6529 0 11 32
4281 0 11 28
2524 0 11 24
5021 0 11 20
5219 0 11 17
2196 0 11 13
5194 0 11 8
2737 0 11 4
1581 0 12 95
3287 0 12 91
4384 0 12 85
963 0 12 81
3961 0 12 77
5392 0 12 71
4611 0 12 68
4170 0 12 64
5124 0 12 60
5881 0 12 55
303 0 12 52
4159 0 12 48
1056 0 12 46
6547 0 12 43
3740 0 12 40
517 0 12 37
2306 0 12 32
2110 0 12 28
999 0 12 24
2352 0 12 20
3940 0 12 17
2048 0 12 13
4800 0 12 8
1308 0 12 4
1373 0 13 95
2069 0 13 91
3776 0 13 85
465 0 13 81
1820 0 13 77
4638 0 13 71
3023 0 13 68
593 0 13 64
4362 0 13 60
5729 0 13 55
6302 0 13 51
2829 0 13 49
5414 0 13 43
2151 0 13 39
3797 0 13 36
3702 0 13 32
6433 0 13 27
4398 0 13 22
1221 0 13 18
3796 0 13 12
6303 0 13 8
6480 0 13 3
3804 0 14 94
444 0 14 91
2952 0 14 85
6427 0 14 80
484 0 14 77
4410 0 14 71
5526 0 14 67
2944 0 14 62
883 0 14 57
3606 0 14 52
6247 0 14 47
3562 0 14 44
3921 0 14 39
3535 0 14 36
1041 0 14 32
4581 0 14 27
4155 0 14 22
274 0 14 18
3572 0 14 12
3024 0 14 8
4840 0 14 3
3177 0 15 94
5175 0 15 90
5411 0 15 87
3685 0 15 83
1323 0 15 80
6070 0 15 76
4331 0 15 73
5493 0 15 69
3784 0 15 67
2094 0 15 62
810 0 15 57
3339 0 15 52
5736 0 15 47
3398 0 15 44
2237 0 15 39
3508 0 15 35
5636 0 15 31
1482 0 15 27
3751 0 15 22
4645 0 15 17
1428 0 15 13
2669 0 15 8
4820 0 15 3
2104 0 16 94
1113 0 16 90
4532 0 16 87
1496 0 16 83
4712 0 16 79
1759 0 16 75
1513 0 16 72
1693 0 16 67
1704 0 16 62
5661 0 16 56
3721 0 16 52
4872 0 16 47
4876 0 16 43
6317 0 16 38
2347 0 16 34
4031 0 16 30
3259 0 16 26
4844 0 16 21
4401 0 16 17
6191 0 16 12
1821 0 16 8
4555 0 16 3
1868 0 17 94
6080 0 17 89
6717 0 17 85
6389 0 17 80
5922 0 17 76
4392 0 17 72
731 0 17 67
1559 0 17 62
4792 0 17 56
3500 0 17 51
5623 0 17 48
5417 0 17 44
1838 0 17 39
2830 0 17 34
1135 0 17 30
1967 0 17 26
4685 0 17 21
3579 0 17 17
5488 0 17 12
1321 0 17 8
4214 0 17 3
829 0 18 94
6047 0 18 89
3561 0 18 85
1102 0 18 80
5205 0 18 76
3551 0 18 71
3010 0 18 67
6596 0 18 61
340 0 18 58
2681 0 18 53
1026 0 18 49
4850 0 18 43
3516 0 18 38
1700 0 18 34
3941 0 18 29
3435 0 18 25
6294 0 18 21
1508 0 18 17
2854 0 18 12
4098 0 18 7
5321 0 18 2
676 0 19 94
4596 0 19 89
1752 0 19 85
617 0 19 80
3342 0 19 76
3362 0 19 71
5019 0 19 66
5133 0 19 62
4610 0 19 56
3349 0 19 51
4866 0 19 48
6525 0 19 43
3156 0 19 38
786 0 19 34
3723 0 19 29
3248 0 19 25
6164 0 19 21
1021 0 19 17
2775 0 19 12
3400 0 19 7
2170 0 19 2
6115 2 0 93
5089 2 0 88
6704 2 0 84
6646 2 0 80
3263 2 0 76
2646 2 0 71
4993 2 0 66
4892 2 0 62
4115 2 0 56
3299 2 0 51
2606 2 0 48
6091 2 0 43
1744 2 0 38
559 2 0 34
3094 2 0 29
2263 2 0 25
5350 2 0 21
699 2 0 17
1378 2 0 12
785 2 0 7
2030 2 0 2
5913 2 1 93
4965 2 1 88
5556 2 1 84
6174 2 1 80
1032 2 1 76
2463 2 1 71
3455 2 1 66
4271 2 1 62
3137 2 1 56
538 2 1 51
2387 2 1 48
4510 2 1 43
1245 2 1 38
6655 2 1 33
1059 2 1 30
1631 2 1 26
4574 2 1 20
3640 2 1 17
1315 2 1 12
507 2 1 7
774 2 1 2
5164 2 2 93
2563 2 2 88
4257 2 2 84
1576 2 2 80
4497 2 2 75
717 2 2 72
377 2 2 67
6414 2 2 61
1191 2 2 57
2906 2 2 52
4264 2 2 47
4423 2 2 43
5693 2 2 37
1748 2 2 32
3617 2 2 27
1248 2 2 21
4693 2 2 16
4027 2 2 12
157 2 2 7
5333 2 2 1
2391 2 3 93
643 2 3 88
5437 2 3 83
3554 2 3 79
5474 2 3 74
2230 2 3 70
1928 2 3 66
2354 2 3 62
1264 2 3 56
28 2 3 51
5244 2 3 47
4330 2 3 43
2995 2 3 37
1186 2 3 32
2689 2 3 27
247 2 3 21
4482 2 3 16
3006 2 3 12
5861 2 3 6
3958 2 3 3
1701 2 4 93
6663 2 4 87
4578 2 4 82
1009 2 4 78
6580 2 4 73
3181 2 4 69
2680 2 4 67
6181 2 4 61
637 2 4 57
2018 2 4 52
1276 2 4 47
2423 2 4 43
2903 2 4 37
6395 2 4 31
5054 2 4 26
3733 2 4 20
2701 2 4 17
1058 2 4 12
5442 2 4 6
3771 2 4 3
6619 2 6 92
3159 2 6 88
4262 2 6 83
3312 2 6 79
4948 2 6 74
1753 2 6 70
1880 2 6 66
1788 2 6 62
6306 2 6 55
2950 2 6 51
4366 2 6 47
1046 2 6 43
2677 2 6 37
2965 2 6 31
4477 2 6 26
718 2 6 20
1792 2 6 17
106 2 6 12
5177 2 6 6
6705 2 6 2
2943 2 7 92
6800 2 7 87
3564 2 7 82
806 2 7 78
5447 2 7 73
3110 2 7 69
4669 2 7 65
6772 2 7 61
5837 2 7 56
5313 2 7 50
1614 2 7 45
4885 2 7 40
4171 2 7 36
4721 2 7 31
3305 2 7 26
5769 2 7 19
2271 2 7 15
6026 2 7 11
4535 2 7 9
4882 2 7 5
2167 2 8 92
5283 2 8 87
564 2 8 82
827 2 8 77
3298 2 8 71
2183 2 8 66
6678 2 8 61
5323 2 8 56
5140 2 8 50
1189 2 8 45
3123 2 8 40
4981 2 8 35
5613 2 8 31
1976 2 8 26
2823 2 8 19
753 2 8 15
5212 2 8 11
2990 2 8 8
3458 2 8 3
1397 2 9 92
5227 2 9 87
58 2 9 82
5525 2 9 76
2377 2 9 71
467 2 9 66
6579 2 9 61
4769 2 9 56
5128 2 9 50
621 2 9 45
2057 2 9 40
4100 2 9 35
3711 2 9 31
1467 2 9 26
1992 2 9 19
6048 2 9 14
422 2 9 10
5942 2 9 6
5242 2 9 2
6656 2 10 91
2803 2 10 85
6545 2 10 79
4937 2 10 74
1116 2 10 70
155 2 10 66
4856 2 10 61
4193 2 10 56
4556 2 10 50
5519 2 10 44
5857 2 10 38
6326 2 10 33
6069 2 10 29
1077 2 10 25
3628 2 10 21
6452 2 10 15
5286 2 10 10
5747 2 10 6
3870 2 10 2
5924 2 11 91
194 2 11 85
5711 2 11 79
4750 2 11 74
246 2 11 70
1 2 11 66
4111 2 11 61
953 2 11 56
3367 2 11 50
5100 2 11 44
5734 2 11 38
1475 2 11 33
4731 2 11 29
6586 2 11 24
6354 2 11 19
5582 2 11 14
5314 2 11 9
4202 2 11 5
4486 2 12 91
4963 2 12 84
914 2 12 80
3543 2 12 75
5379 2 12 71
6142 2 12 65
5608 2 12 61
5689 2 12 55
184 2 12 51
4329 2 12 47
939 2 12 43
1503 2 12 37
2254 2 12 31
824 2 12 26
1954 2 12 19
1193 2 12 14
4049 2 12 9
3040 2 12 5
3418 2 14 91
4473 2 14 84
5532 2 14 79
4619 2 14 74
5013 2 14 69
3262 2 14 65
4996 2 14 61
4427 2 14 55
5909 2 14 50
2341 2 14 44
5065 2 14 38
254 2 14 33
4537 2 14 29
4828 2 14 24
5771 2 14 19
195 2 14 14
3614 2 14 9
2273 2 14 5
3369 2 15 91
4138 2 15 84
5428 2 15 79
3327 2 15 74
4603 2 15 69
4474 2 15 64
2789 2 15 60
4000 2 15 55
5883 2 15 50
546 2 15 44
4737 2 15 38
5578 2 15 32
2605 2 15 27
6425 2 15 20
5362 2 15 16
5184 2 15 11
547 2 15 8
2495 2 15 3
2984 2 16 91
4024 2 16 84
4020 2 16 79
2389 2 16 74
3704 2 16 69
4359 2 16 64
4106 2 16 59
3479 2 16 56
2908 2 16 50
210 2 16 44
1843 2 16 38
4634 2 16 32
2557 2 16 27
5516 2 16 20
4017 2 16 16
4808 2 16 11
3578 2 16 7
5037 2 16 1
2498 2 17 91
3529 2 17 84
1311 2 17 79
1824 2 17 74
3058 2 17 69
2156 2 17 64
4014 2 17 59
1082 2 17 56
2730 2 17 50
6577 2 17 43
5354 2 17 36
4536 2 17 31
337 2 17 26
851 2 17 19
6676 2 17 13
393 2 17 8
1945 2 17 3
2315 2 18 91
2936 2 18 84
6033 2 18 78
3293 2 18 73
6457 2 18 68
5682 2 18 63
1611 2 18 58
64 2 18 53
208 2 18 49
4312 2 18 43
4647 2 18 36
4465 2 18 31
285 2 18 26
551 2 18 19
5213 2 18 13
6295 2 18 7
4702 2 18 1
92 2 19 90
6496 2 19 86
3284 2 19 82
4770 2 19 76
1216 2 19 71
4988 2 19 65
4191 2 19 61
3414 2 19 55
5170 2 19 50
1353 2 19 43
6805 2 19 35
571 2 19 31
4246 2 19 25
584 2 19 21
6030 2 19 15
4210 2 19 10
3033 2 19 6
2500 2 19 2
4674 3 0 89
4877 3 0 84
6011 3 0 78
2845 3 0 73
2771 3 0 68
4306 3 0 63
6657 3 0 57
279 3 0 52
891 3 0 47
4443 3 0 42
1175 3 0 38
4573 3 0 32
926 3 0 27
5357 3 0 20
3603 3 0 16
1975 3 0 11
3002 3 0 7
4200 3 0 1
3260 3 1 89
3856 3 1 84
5329 3 1 78
1557 3 1 73
5471 3 1 67
6053 3 1 61
3026 3 1 55
4688 3 1 50
6467 3 1 42
6490 3 1 37
5997 3 1 30
6126 3 1 25
6319 3 1 20
2778 3 1 16
4664 3 1 10
2969 3 1 6
1674 3 1 2
416 3 2 89
3311 3 2 84
2181 3 2 78
1230 3 2 73
3206 3 2 67
3445 3 2 61
6388 3 2 54
4797 3 2 49
3983 3 2 43
6360 3 2 35
6614 3 2 30
1936 3 2 25
6262 3 2 20
2063 3 2 16
4043 3 2 10
446 3 2 6
782 3 2 2
366 3 3 89
4658 3 3 83
2257 3 3 79
6362 3 3 73
2881 3 3 67
2573 3 3 61
5512 3 3 54
2427 3 3 49
1170 3 3 43
6118 3 3 35
6494 3 3 30
5930 3 3 24
3926 3 3 19
2928 3 3 13
6182 3 3 7
3769 3 3 1
57 3 4 89
3654 3 4 83
1093 3 4 79
5537 3 4 73
2571 3 4 67
2545 3 4 61
2939 3 4 54
2265 3 4 49
946 3 4 43
4218 3 4 35
6049 3 4 30
5564 3 4 24
3619 3 4 19
1152 3 4 13
5744 3 4 7
3653 3 4 1
6540 3 6 88
4372 3 6 82
4612 3 6 76
181 3 6 71
4742 3 6 65
3161 3 6 61
2666 3 6 54
6397 3 6 48
3900 3 6 43
2960 3 6 35
3193 3 6 30
3963 3 6 24
2683 3 6 19
947 3 6 13
5502 3 6 7
814 3 6 1
6329 3 7 88
4253 3 7 82
2786 3 7 76
5132 3 7 70
6215 3 7 65
5020 3 7 60
3594 3 7 55
4448 3 7 50
6444 3 7 42
6243 3 7 36
4072 3 7 31
4153 3 7 25
3095 3 7 20
6225 3 7 15
3964 3 7 10
372 3 7 6
614 3 7 2
5287 3 8 88
3858 3 8 82
2416 3 8 76
4805 3 8 70
3783 3 8 65
4180 3 8 60
514 3 8 55
4245 3 8 50
6393 3 8 42
5300 3 8 36
1515 3 8 31
2698 3 8 25
1407 3 8 20
4352 3 8 15
1358 3 8 10
4402 3 8 5
3512 3 9 88
2250 3 9 82
2373 3 9 76
3745 3 9 70
3765 3 9 65
4175 3 9 60
380 3 9 55
3048 3 9 50
6111 3 9 42
4335 3 9 36
6135 3 9 30
3688 3 9 24
1005 3 9 19
4220 3 9 12
4858 3 9 6
6783 3 9 1
2997 3 10 88
1339 3 10 82
1960 3 10 76
2477 3 10 70
3501 3 10 65
3727 3 10 60
6381 3 10 54
2448 3 10 48
2385 3 10 43
1983 3 10 35
2107 3 10 30
1741 3 10 24
6610 3 10 18
3289 3 10 12
2569 3 10 6
6544 3 10 1
2409 3 11 88
1108 3 11 82
1142 3 11 76
1522 3 11 70
4949 3 11 64
1639 3 11 59
5353 3 11 55
4333 3 11 49
6216 3 11 42
3775 3 11 36
5552 3 11 30
6096 3 11 23
6773 3 11 19
3945 3 11 12
2503 3 11 6
6148 3 11 1
1790 3 12 88
5355 3 12 81
1146 3 12 77
2919 3 12 71
3269 3 12 65
3427 3 12 60
5880 3 12 54
923 3 12 48
1164 3 12 43
894 3 12 35
1840 3 12 30
5800 3 12 23
5125 3 12 19
1988 3 12 12
1386 3 12 6
6043 3 12 1
1742 3 14 88
4336 3 14 81
2330 3 14 76
255 3 14 70
4735 3 14 64
592 3 14 59
897 3 14 55
4297 3 14 49
4743 3 14 42
1347 3 14 36
4649 3 14 30
2161 3 14 23
3951 3 14 19
6361 3 14 11
6612 3 14 6
4601 3 14 1
672 3 15 88
1927 3 15 81
1505 3 15 76
5094 3 15 69
94 3 15 64
6417 3 15 58
4719 3 15 52
6650 3 15 46
361 3 15 43
674 3 15 35
1269 3 15 30
1887 3 15 23
5933 3 15 18
2617 3 15 12
623 3 15 6
3014 3 15 1
6448 3 16 87
5787 3 16 81
284 3 16 76
4903 3 16 69
5009 3 16 63
6640 3 16 57
171 3 16 52
6392 3 16 46
99 3 16 43
324 3 16 35
1188 3 16 30
510 3 16 23
5079 3 16 18
2579 3 16 12
452 3 16 6
286 3 16 1
6007 3 17 87
5250 3 17 81
6507 3 17 75
5137 3 17 71
6546 3 17 64
4843 3 17 58
3897 3 17 52
4846 3 17 46
4520 3 17 42
967 3 17 36
2686 3 17 30
5551 3 17 22
2076 3 17 17
4161 3 17 11
4636 3 17 6
5067 3 18 87
4615 3 18 81
5364 3 18 75
5141 3 18 70
4455 3 18 64
3818 3 18 58
3798 3 18 52
4445 3 18 46
4332 3 18 42
792 3 18 36
716 3 18 30
5509 3 18 22
1197 3 18 17
408 3 18 11
1718 3 18 6
4420 3 19 87
2509 3 19 81
1893 3 19 75
4640 3 19 70
3129 3 19 64
1253 3 19 58
2609 3 19 52
4088 3 19 46
4235 3 19 42
429 3 19 36
691 3 19 30
3423 3 19 22
877 3 19 17
6031 3 19 10
3504 3 19 5
1994 4 4 87
2327 4 4 81
1181 4 4 75
1304 4 4 70
2925 4 4 64
1075 4 4 58
2552 4 4 52
3492 4 4 46
3366 4 4 42
4084 4 4 35
336 4 4 30
2864 4 4 22
6377 4 4 16
2628 4 4 10
1585 4 4 5
1060 4 6 86
226 4 6 82
1018 4 6 76
3086 4 6 69
4349 4 6 63
6120 4 6 57
2457 4 6 51
4313 4 6 47
2193 4 6 42
3938 4 6 35
5145 4 6 29
4741 4 6 24
5848 4 6 18
2307 4 6 12
5371 4 6 5
746 4 12 86
6455 4 12 81
6559 4 12 74
2703 4 12 69
3991 4 12 63
4557 4 12 56
2403 4 12 50
6106 4 12 42
3834 4 12 35
4773 4 12 29
2980 4 12 24
4506 4 12 18
1365 4 12 12
5041 4 12 5
6380 4 14 85
4724 4 14 79
4764 4 14 73
2194 4 14 67
2276 4 14 61
2096 4 14 54
5990 4 14 47
2544 4 14 41
5739 4 14 36
560 4 14 30
714 4 14 22
5485 4 14 16
2627 4 14 9
6346 4 14 4
6199 5 0 85
3325 5 0 79
3510 5 0 73
1634 5 0 67
346 5 0 61
388 5 0 54
5291 5 0 47
2220 5 0 41
3989 5 0 36
6661 5 0 29
1613 5 0 24
4166 5 0 18
1103 5 0 12
2819 5 0 5
1234 5 1 85
2940 5 1 79
3375 5 1 73
1381 5 1 67
6173 5 1 60
3888 5 1 54
5241 5 1 47
1434 5 1 41
2993 5 1 36
6601 5 1 29
1352 5 1 24
2581 5 1 18
892 5 1 12
2542 5 1 5
5985 5 2 83
202 5 2 79
2863 5 2 73
21 5 2 67
4995 5 2 60
3621 5 2 54
2722 5 2 47
1371 5 2 41
124 5 2 36
6554 5 2 29
6461 5 2 23
4847 5 2 18
6519 5 2 11
1020 5 2 6
1882 5 4 82
6623 5 4 75
362 5 4 70
2290 5 4 64
764 5 4 58
1732 5 4 52
6292 5 4 45
1155 5 4 40
3801 5 4 35
2774 5 4 29
6252 5 4 23
4476 5 4 18
6186 5 4 11
4530 5 4 5
2442 5 8 81
4675 5 8 74
2643 5 8 69
1362 5 8 63
2815 5 8 56
1106 5 8 50
3246 5 8 42
2668 5 8 35
6598 5 8 28
4660 5 8 23
3031 5 8 18
2800 5 8 11
23 5 8 5
5311 5 9 80
2672 5 9 75
5692 5 9 69
940 5 9 63
2699 5 9 56
42 5 9 50
3135 5 9 42
2320 5 9 35
4853 5 9 28
2879 5 9 23
2175 5 9 18
2467 5 9 11
6410 5 9 4
4543 5 10 78
3352 5 10 72
6054 5 10 66
3909 5 10 61
289 5 10 54
497 5 10 47
5510 5 10 40
2632 5 10 35
4405 5 10 28
744 5 10 23
1281 5 10 18
1272 5 10 11
5683 5 10 4
2585 5 12 77
2650 5 12 71
5647 5 12 64
1637 5 12 57
1849 5 12 51
706 5 12 47
4094 5 12 40
1345 5 12 35
2611 5 12 28
6366 5 12 22
5085 5 12 16
6542 5 12 8
5832 5 12 2
4935 5 14 75
3928 5 14 69
6590 5 14 62
6006 5 14 55
2891 5 14 49
4632 5 14 42
2207 5 14 35
6290 5 14 27
4956 5 14 20
1596 5 14 15
5743 5 14 9
5726 5 14 4
2123 5 16 73
5404 5 16 66
3475 5 16 61
6194 5 16 53
6779 5 16 48
6733 5 16 42
885 5 16 35
4580 5 16 27
4197 5 16 20
1420 5 16 15
3388 5 16 9
5473 5 16 4
812 5 17 71
5539 5 17 64
6563 5 17 56
6382 5 17 49
341 5 17 42
4991 5 17 34
2721 5 17 29
5687 5 17 23
6352 5 17 17
3923 5 17 10
1525 5 17 5
5221 5 18 68
3331 5 18 63
1789 5 18 56
6259 5 18 49
4790 5 18 41
6681 5 18 35
2219 5 18 27
4077 5 18 20
903 5 18 15
6324 5 18 8
5289 5 18 2
5927 5 19 97
3597 5 19 93
4433 5 19 87
1379 5 19 81
2137 5 19 74
6638 5 19 68
838 5 19 63
1676 5 19 56
6144 5 19 49
4345 5 19 41
6109 5 19 35
1259 5 19 27
2218 5 19 20
3496 5 19 14
641 5 19 9
952 5 19 4
4052 6 0 97
4734 6 0 92
2528 6 0 87
5794 6 0 80
2586 6 0 75
1360 6 0 69
6486 6 0 62
5894 6 0 55
2376 6 0 49
2945 6 0 41
5189 6 0 35
6081 6 0 26
5658 6 0 18
1156 6 0 11
5643 6 0 4
6440 6 1 96
1958 6 1 92
2370 6 1 87
2695 6 1 80
2118 6 1 75
684 6 1 69
3732 6 1 62
5674 6 1 55
2025 6 1 49
2558 6 1 41
2655 6 1 35
4745 6 1 26
4567 6 1 18
290 6 1 11
5030 6 1 4
5574 6 2 96
1492 6 2 92
1663 6 2 87
2476 6 2 80
1442 6 2 75
490 6 2 69
3674 6 2 62
840 6 2 55
1876 6 2 49
565 6 2 41
2141 6 2 35
4213 6 2 26
2679 6 2 18
5939 6 2 10
847 6 2 5
4478 6 4 96
1202 6 4 92
1283 6 4 87
2233 6 4 80
234 6 4 75
5224 6 4 68
5966 6 4 62
834 6 4 55
5691 6 4 48
3615 6 4 42
4711 6 4 34
2029 6 4 29
4004 6 4 23
3335 6 4 17
3319 6 4 10
25 6 4 5
4340 6 6 96
653 6 6 92
5792 6 6 86
2232 6 6 81
1200 6 6 74
4780 6 6 68
3943 6 6 62
5799 6 6 54
239 6 6 47
2745 6 6 40
6549 6 6 34
1678 6 6 29
3892 6 6 23
2131 6 6 17
3279 6 6 10
6430 6 6 4
2486 6 7 96
129 6 7 92
5730 6 7 86
90 6 7 81
13 6 7 74
3789 6 7 68
1827 6 7 62
5770 6 7 54
3817 6 7 46
2277 6 7 42
3902 6 7 34
1185 6 7 29
2802 6 7 23
601 6 7 17
2607 6 7 10
5207 6 7 4
315 6 8 96
2874 6 8 91
1965 6 8 84
2064 6 8 78
1738 6 8 72
5887 6 8 66
2152 6 8 61
3265 6 8 53
6636 6 8 48
3553 6 8 42
3705 6 8 34
1086 6 8 29
176 6 8 23
6777 6 8 16
6214 6 8 8
5163 6 8 2
5277 6 9 95
4771 6 9 90
4107 6 9 86
2916 6 9 80
4073 6 9 74
5749 6 9 67
1751 6 9 60
3443 6 9 54
1530 6 9 46
1908 6 9 42
3574 6 9 34
3385 6 9 28
6163 6 9 22
3753 6 9 16
5386 6 9 8
4703 6 9 2
4045 6 10 95
4761 6 10 90
3045 6 10 86
1584 6 10 80
2084 6 10 74
4222 6 10 67
1226 6 10 60
2956 6 10 54
1374 6 10 46
1746 6 10 42
3203 6 10 34
2976 6 10 28
3511 6 10 22
1787 6 10 16
1951 6 10 8
4150 6 10 2
552 6 12 95
845 6 12 90
6757 6 12 85
2537 6 12 79
512 6 12 73
5254 6 12 66
2034 6 12 61
1996 6 12 53
6320 6 12 48
1310 6 12 42
2426 6 12 34
2809 6 12 28
2912 6 12 22
901 6 12 16
1550 6 12 8
2869 6 12 2
381 6 14 95
4806 6 14 89
5836 6 14 82
6515 6 14 75
4412 6 14 68
1764 6 14 62
4821 6 14 54
4495 6 14 45
523 6 14 40
5276 6 14 34
1225 6 14 28
2867 6 14 22
6131 6 14 15
5918 6 14 8
1551 6 14 2
158 6 16 95
2966 6 16 89
5036 6 16 82
5593 6 16 75
3795 6 16 68
1273 6 16 62
3992 6 16 54
4322 6 16 45
6531 6 16 39
860 6 16 34
6398 6 16 27
6605 6 16 19
5807 6 16 11
2933 6 16 4
4642 6 17 94
1549 6 17 89
4738 6 17 82
3088 6 17 75
2788 6 17 68
942 6 17 62
2948 6 17 54
3067 6 17 45
6196 6 17 39
365 6 17 34
6100 6 17 27
5660 6 17 19
4131 6 17 11
2564 6 17 4
4178 6 18 94
6795 6 18 88
29 6 18 81
6724 6 18 73
3895 6 18 66
1495 6 18 61
6644 6 18 52
6287 6 18 45
5684 6 18 39
225 6 18 34
3936 6 18 27
3196 6 18 19
3291 6 18 11
2111 6 18 4
3160 6 19 94
5259 6 19 88
5994 6 19 80
1057 6 19 74
4030 6 19 67
6604 6 19 59
6248 6 19 54
2160 6 19 45
5670 6 19 39
6421 6 19 33
667 6 19 29
6617 6 19 22
5073 6 19 15
1633 6 19 7
6787 7 2 93
3712 7 2 87
2053 7 2 80
6415 7 2 73
3490 7 2 66
5654 7 2 60
2694 7 2 54
1260 7 2 45
4187 7 2 39
6012 7 2 33
3649 7 2 28
2398 7 2 22
2806 7 2 15
6459 7 2 6
5728 7 4 93
1621 7 4 87
1274 7 4 80
5972 7 4 73
3169 7 4 66
5621 7 4 60
1902 7 4 54
542 7 4 45
2243 7 4 39
5888 7 4 33
2644 7 4 28
6578 7 4 21
5268 7 4 15
5751 7 4 6
4406 7 6 93
884 7 6 87
1205 7 6 80
3793 7 6 73
2222 7 6 66
4585 7 6 60
1679 7 6 54
6694 7 6 44
5498 7 6 37
3407 7 6 30
548 7 6 22
2303 7 6 15
5210 7 6 6
2334 7 10 93
6436 7 10 86
4683 7 10 79
463 7 10 73
608 7 10 66
3276 7 10 60
800 7 10 54
3857 7 10 44
5256 7 10 37
2898 7 10 30
5986 7 10 21
2003 7 10 15
3417 7 10 6
2134 7 12 93
5946 7 12 86
2039 7 12 79
6513 7 12 72
5715 7 12 66
2155 7 12 60
6068 7 12 53
5308 7 12 48
397 7 12 42
228 7 12 34
3420 7 12 27
3192 7 12 19
3021 7 12 11
343 7 12 4
1650 8 0 93
4730 8 0 86
12 8 0 79
5544 8 0 72
5669 8 0 66
396 8 0 59
5638 8 0 54
3271 8 0 44
4422 8 0 37
478 8 0 30
5720 8 0 21
1999 8 0 15
1030 8 0 6
1448 8 2 93
4015 8 2 86
2027 8 2 78
6660 8 2 71
4139 8 2 64
4054 8 2 56
5542 8 2 49
485 8 2 41
1768 8 2 35
4169 8 2 26
2678 8 2 18
3194 8 2 10
4825 8 2 4
6684 8 4 92
5554 8 4 86
1294 8 4 78
6481 8 4 71
1107 8 4 64
4039 8 4 56
5258 8 4 49
6740 8 4 40
4582 8 4 34
2755 8 4 27
3004 8 4 19
2987 8 4 11
46 8 4 4
6471 8 6 92
4599 8 6 86
6491 8 6 77
955 8 6 71
6411 8 6 63
1195 8 6 56
1850 8 6 49
5784 8 6 40
1405 8 6 34
2744 8 6 27
1458 8 6 19
1817 8 6 11
4299 8 6 3
5679 8 7 92
3985 8 7 86
6251 8 7 77
3883 8 7 70
5389 8 7 63
1035 8 7 55
5383 8 7 48
6420 8 7 41
1447 8 7 35
3343 8 7 26
1712 8 7 18
2877 8 7 10
1318 8 7 4
5416 8 8 92
3758 8 8 86
3005 8 8 77
2371 8 8 70
5264 8 8 63
5702 8 8 54
2707 8 8 44
4149 8 8 37
5514 8 8 29
5226 8 8 22
2202 8 8 15
668 8 8 6
2765 8 10 92
6729 8 10 85
2291 8 10 79
5401 8 10 72
4513 8 10 66
5708 8 10 58
1349 8 10 52
3300 8 10 45
2217 8 10 39
4374 8 10 33
2197 8 10 28
3821 8 10 21
4947 8 10 14
635 8 10 9
6497 8 10 3
2050 8 12 92
5304 8 12 85
1865 8 12 79
3301 8 12 72
2937 8 12 66
5172 8 12 58
1217 8 12 52
3061 8 12 45
1089 8 12 39
3313 8 12 33
1771 8 12 28
2674 8 12 21
2577 8 12 14
264 8 12 9
3441 8 12 3
323 8 14 92
5180 8 14 85
713 8 14 79
2187 8 14 72
351 8 14 66
5005 8 14 58
907 8 14 52
3041 8 14 45
443 8 14 39
1685 8 14 33
1147 8 14 28
750 8 14 21
2368 8 14 14
3363 8 14 8
781 8 14 2
5203 8 15 91
1867 8 15 84
1049 8 15 78
6301 8 15 71
5649 8 15 63
5307 8 15 54
1971 8 15 44
3792 8 15 37
3774 8 15 29
4907 8 15 22
1671 8 15 15
123 8 15 6
4575 8 16 91
1124 8 16 84
200 8 16 78
5331 8 16 71
4569 8 16 63
4607 8 16 54
1938 8 16 44
3261 8 16 37
2665 8 16 29
3522 8 16 22
752 8 16 15
6443 8 16 5
141 8 17 91
581 8 17 84
5908 8 17 77
1055 8 17 70
4695 8 17 63
4063 8 17 54
586 8 17 44
2000 8 17 37
599 8 17 29
3281 8 17 22
165 8 17 15
5603 8 17 5
6139 8 18 90
5870 8 18 85
133 8 18 79
1506 8 18 72
314 8 18 66
4786 8 18 58
553 8 18 52
2992 8 18 45
6107 8 18 38
1861 8 18 32
727 8 18 27
1143 8 18 19
288 8 18 11
2782 8 18 3
4056 8 19 90
4227 8 19 85
5146 8 19 78
4759 8 19 71
4529 8 19 63
3225 8 19 54
3718 8 19 43
2492 8 19 34
2286 8 19 27
1042 8 19 19
6627 8 19 10
3277 8 19 3
3019 9 0 90
3677 9 0 85
5059 9 0 78
4057 9 0 71
4317 9 0 63
1835 9 0 54
796 9 0 43
2258 9 0 34
1833 9 0 27
686 9 0 19
6418 9 0 10
3191 9 0 3
6132 9 2 89
2841 9 2 82
1804 9 2 75
2279 9 2 68
6176 9 2 61
5993 9 2 52
3868 9 2 44
5673 9 2 36
5904 9 2 29
1343 9 2 22
4323 9 2 14
2262 9 2 8
701 9 2 2
5155 9 4 89
1785 9 4 82
1436 9 4 75
965 9 4 68
5902 9 4 61
4898 9 4 52
3288 9 4 44
3401 9 4 36
5696 9 4 29
865 9 4 22
2223 9 4 14
6801 9 4 7
4698 9 6 89
3706 9 6 81
6608 9 6 73
5309 9 6 65
3111 9 6 60
1377 9 6 53
4318 9 6 48
5246 9 6 41
3214 9 6 34
815 9 6 27
6454 9 6 18
736 9 6 10
954 9 6 3
3657 9 7 89
1537 9 7 81
5092 9 7 73
5303 9 7 65
2739 9 7 60
1015 9 7 53
924 9 7 48
5018 9 7 41
3060 9 7 34
102 9 7 27
2753 9 7 18
258 9 7 10
4600 9 7 2
2955 9 8 89
1213 9 8 81
5028 9 8 73
4710 9 8 65
6029 9 8 59
4922 9 8 54
5774 9 8 42
6626 9 8 33
4998 9 8 27
339 9 8 18
2981 9 8 9
1941 9 8 3
2813 9 10 89
1017 9 10 81
4781 9 10 73
4028 9 10 65
5653 9 10 59
3754 9 10 54
4388 9 10 42
3008 9 10 33
4986 9 10 27
6767 9 10 17
2143 9 10 10
2746 9 10 2
2287 9 12 89
6474 9 12 80
2811 9 12 73
3785 9 12 65
4295 9 12 59
1782 9 12 54
1469 9 12 42
1985 9 12 33
4250 9 12 27
6702 9 12 17
1950 9 12 10
2414 9 12 2
4701 9 14 88
5501 9 14 80
1816 9 14 73
3461 9 14 65
3634 9 14 59
6492 9 14 53
763 9 14 48
3814 9 14 41
830 9 14 34
2766 9 14 26
846 9 14 18
2335 9 14 9
6197 9 14 2
3314 10 0 88
4432 10 0 80
456 10 0 73
3037 10 0 65
1430 10 0 59
4439 10 0 53
5961 10 0 47
971 10 0 40
348 10 0 34
5914 10 0 25
4307 10 0 19
6004 10 0 10
2302 10 0 2
3017 10 14 88
4397 10 14 80
6083 10 14 72
4440 10 14 65
493 10 14 59
4053 10 14 53
3582 10 14 47
486 10 14 40
5828 10 14 33
3190 10 14 27
6566 10 14 17
1444 10 14 10
2049 10 14 2
1918 10 16 88
4365 10 16 80
5432 10 16 72
3570 10 16 65
145 10 16 59
2801 10 16 53
5220 10 16 46
898 10 16 42
6075 10 16 32
116 10 16 27
5182 10 16 17
925 10 16 10
973 10 16 2
1688 10 17 88
3371 10 17 80
2962 10 17 72
1211 10 17 65
4516 10 17 58
6341 10 17 51
4861 10 17 46
6363 10 17 41
6483 10 17 33
2298 10 17 27
3995 10 17 16
912 10 17 8
6045 10 17 1
5618 10 18 87
726 10 18 80
1568 10 18 72
153 10 18 65
4326 10 18 58
4684 10 18 51
3788 10 18 46
6063 10 18 41
6339 10 18 33
34 10 18 27
2451 10 18 16
6039 10 18 7
2083 10 19 87
4209 10 19 79
5211 10 19 71
3823 10 19 63
934 10 19 54
4958 10 19 41
5879 10 19 33
6621 10 19 26
636 10 19 18
2195 10 19 9
6003 10 19 2
4964 11 0 86
1765 11 0 77
700 11 0 70
4376 11 0 63
5981 11 0 53
4772 11 0 46
5951 11 0 41
5263 11 0 33
6249 11 0 26
4905 11 0 17
6305 11 0 9
5262 11 0 2
4746 11 1 86
5714 11 1 76
1900 11 1 69
3566 11 1 62
2424 11 1 54
3932 11 1 41
4379 11 1 33
5567 11 1 26
4225 11 1 17
3430 11 1 9
4899 11 1 2
4511 11 2 86
3884 11 2 76
1543 11 2 69
457 11 2 62
1564 11 2 54
3519 11 2 41
4144 11 2 33
5181 11 2 26
3386 11 2 17
2946 11 2 9
4252 11 2 2
2468 11 3 86
588 11 3 76
1351 11 3 69
347 11 3 62
6207 11 3 53
3990 11 3 46
4841 11 3 41
1989 11 3 33
4231 11 3 26
2169 11 3 17
1130 11 3 9
3545 11 3 2
2325 11 4 86
6085 11 4 75
909 11 4 68
5279 11 4 61
4286 11 4 52
1856 11 4 44
2777 11 4 36
4816 11 4 29
3198 11 4 21
1794 11 4 14
5480 11 4 7
6502 11 5 85
964 11 5 78
3105 11 5 71
3109 11 5 63
5573 11 5 53
371 11 5 46
2894 11 5 41
1317 11 5 33
3406 11 5 26
24 11 5 17
6607 11 5 8
5753 11 5 1
6332 11 6 85
737 11 6 78
1888 11 6 71
2880 11 6 63
4992 11 6 53
156 11 6 46
1905 11 6 41
472 11 6 33
2475 11 6 26
6288 11 6 16
5568 11 6 7
3446 11 7 85
5962 11 7 77
6374 11 7 69
240 11 7 62
5344 11 7 53
6534 11 7 45
5138 11 7 38
1535 11 7 32
5278 11 7 26
4413 11 7 16
4648 11 7 7
1109 11 8 85
5090 11 8 77
5109 11 8 69
5886 11 8 61
1083 11 8 52
4135 11 8 43
1563 11 8 34
3635 11 8 25
4192 11 8 19
2661 11 8 10
5517 11 8 1
4040 11 9 84
4006 11 9 77
4269 11 9 69
3770 11 9 61
249 11 9 52
3950 11 9 43
404 11 9 34
2379 11 9 25
6541 11 9 18
655 11 9 9
2375 11 9 2
3211 11 10 84
3438 11 10 77
2574 11 10 69
3316 11 10 61
5856 11 10 51
3172 11 10 46
119 11 10 41
273 11 10 33
2005 11 10 26
4346 11 10 16
3350 11 10 7
5958 11 11 83
1745 11 11 78
5425 11 11 70
3791 11 11 63
4551 11 11 53
5977 11 11 45
2731 11 11 38
1286 11 11 32
4765 11 11 26
4186 11 11 16
2456 11 11 7
4267 11 12 83
1393 11 12 78
3530 11 12 70
2895 11 12 63
3114 11 12 53
5650 11 12 45
2312 11 12 38
900 11 12 32
4654 11 12 26
3022 11 12 16
147 11 12 7
1388 11 14 83
1305 11 14 78
103 11 14 70
1208 11 14 63
93 11 14 53
3174 11 14 45
2198 11 14 38
6564 11 14 31
2688 11 14 25
4999 11 14 18
5780 11 14 8
4977 11 14 1
6376 11 16 82
935 11 16 75
703 11 16 68
4571 11 16 61
4883 11 16 51
1490 11 16 46
1984 11 16 40
5644 11 16 33
6701 11 16 25
3954 11 16 18
5754 11 16 8
4957 11 16 1
5245 11 17 82
321 11 17 75
6664 11 17 67
5931 11 17 59
644 11 17 53
2074 11 17 45
1098 11 17 38
5228 11 17 31
1337 11 17 25
3521 11 17 18
3113 11 17 8
4380 11 17 1
4886 11 18 82
6591 11 18 74
2434 11 18 67
5144 11 18 59
460 11 18 53
1823 11 18 45
1097 11 18 38
4627 11 18 31
1267 11 18 25
3182 11 18 18
2719 11 18 8
2142 11 18 1
4471 11 19 82
5486 11 19 74
921 11 19 67
4512 11 19 59
6643 11 19 52
3244 11 19 43
4763 11 19 33
6536 11 19 25
2042 11 19 18
2576 11 19 8
1722 11 19 1
4070 12 14 82
5402 12 14 74
5666 12 14 66
4198 12 14 58
20 12 14 51
1250 12 14 46
1761 12 14 40
4817 12 14 33
4799 12 14 25
1199 12 14 18
573 12 14 8
1209 12 14 1
1655 12 16 82
4784 12 16 74
5156 12 16 66
1101 12 16 58
5952 12 16 50
2407 12 16 42
2372 12 16 32
4390 12 16 26
2590 12 16 16
47 12 16 7
5123 13 1 81
3345 13 1 73
2738 13 1 65
3359 13 1 58
5599 13 1 50
6625 13 1 41
777 13 1 32
3639 13 1 26
5795 13 1 15
5288 13 1 5
1254 13 2 81
3074 13 2 73
1449 13 2 65
2501 13 2 58
5370 13 2 50
5420 13 2 41
189 13 2 32
3472 13 2 26
4114 13 2 15
2691 13 2 5
417 13 3 81
545 13 3 73
1163 13 3 65
5592 13 3 57
331 13 3 51
6485 13 3 45
91 13 3 38
4095 13 3 31
974 13 3 25
1148 13 3 18
5996 13 3 7
4082 13 4 80
6447 13 4 71
2740 13 4 63
6034 13 4 52
3150 13 4 43
2206 13 4 33
1871 13 4 25
6587 13 4 17
5378 13 4 8
582 13 4 1
2462 13 5 80
6256 13 5 71
6639 13 5 62
4978 13 5 53
590 13 5 45
6267 13 5 37
6426 13 5 28
6220 13 5 20
5179 13 5 13
3679 13 5 7
2502 13 6 78
30 13 6 70
2011 13 6 62
6057 13 6 52
2828 13 6 43
1383 13 6 33
985 13 6 25
5949 13 6 17
4212 13 6 8
1256 13 8 77
1842 13 8 69
2226 13 8 61
4173 13 8 51
2445 13 8 45
4928 13 8 37
6310 13 8 28
6015 13 8 20
4966 13 8 13
3085 13 8 7
5545 13 10 76
826 13 10 69
1088 13 10 61
3763 13 10 51
1689 13 10 45
4424 13 10 37
5183 13 10 28
3588 13 10 20
3637 13 10 13
2006 13 10 7
2428 13 11 76
178 13 11 69
948 13 11 61
3538 13 11 51
1145 13 11 45
3518 13 11 37
4626 13 11 28
3249 13 11 20
3550 13 11 13
1526 13 11 7
3503 13 12 73
620 13 12 65
2497 13 12 57
6258 13 12 50
4062 13 12 41
3229 13 12 31
6520 13 12 24
1836 13 12 18
4894 13 12 7
1986 13 14 69
6086 13 14 60
876 13 14 53
6357 13 14 44
2741 13 14 36
4762 13 14 29
2001 13 14 21
421 13 14 14
4824 13 14 7
3207 13 16 24
984 13 16 18
4279 13 16 7
4469 13 18 96
820 13 18 91
6588 13 18 83
1288 13 18 78
6616 13 18 69
5481 13 18 60
5740 13 18 52
1733 13 18 43
330 13 18 33
53 13 18 25
5847 13 18 17
4009 13 18 8
2920 13 19 96
151 13 19 91
6472 13 19 83
795 13 19 78
5492 13 19 69
998 13 19 60
3730 13 19 52
1433 13 19 43
1799 13 19 32
1877 13 19 26
4016 13 19 15
2299 13 19 5
6666 14 1 95
937 14 1 89
4754 14 1 80
5834 14 1 71
5940 14 1 62
3709 14 1 52
6245 14 1 42
317 14 1 32
237 14 1 26
2538 14 1 15
2221 14 1 5
6147 14 2 95
853 14 2 89
4254 14 2 80
4826 14 2 71
3979 14 2 62
2873 14 2 52
5681 14 2 42
3988 14 2 31
6321 14 2 24
869 14 2 18
3714 14 2 7
4302 14 3 95
5991 14 3 88
3131 14 3 80
4489 14 3 71
2430 14 3 62
2411 14 3 52
5216 14 3 42
3777 14 3 31
5381 14 3 24
6022 14 3 17
136 14 3 8
3658 14 4 95
4337 14 4 88
1517 14 4 80
3768 14 4 71
520 14 4 62
2328 14 4 52
4918 14 4 42
3127 14 4 31
4881 14 4 24
5898 14 4 17
43 14 4 8
6796 14 5 94
3470 14 5 88
906 14 5 80
1777 14 5 71
215 14 5 62
2085 14 5 52
1520 14 5 42
1514 14 5 31
3780 14 5 24
5045 14 5 17
5685 14 5 7
6367 14 6 94
3224 14 6 88
14 14 6 80
5456 14 6 70
1813 14 6 62
1708 14 6 52
1422 14 6 42
823 14 6 31
3683 14 6 24
4953 14 6 17
4639 14 6 7
5626 14 8 94
2351 14 8 88
5852 14 8 79
5102 14 8 71
3344 14 8 61
2847 14 8 51
932 14 8 45
2825 14 8 37
4622 14 8 28
1244 14 8 20
960 14 8 13
5851 14 8 6
243 14 10 94
2204 14 10 88
5540 14 10 79
3596 14 10 71
427 14 10 61
2794 14 10 51
188 14 10 45
2425 14 10 37
2750 14 10 28
751 14 10 20
6633 14 10 12
2349 14 10 5
241 14 11 94
2091 14 11 88
4494 14 11 79
2494 14 11 71
4760 14 11 60
3673 14 11 52
1334 14 11 42
6462 14 11 30
689 14 11 21
6333 14 11 13
5373 14 11 6
6593 14 12 93
3416 14 12 86
5257 14 12 75
6594 14 12 67
3957 14 12 59
5675 14 12 52
395 14 12 42
6217 14 12 30
5195 14 12 20
6526 14 12 12
2065 14 12 5
5134 14 14 93
3304 14 14 86
5169 14 14 75
6084 14 14 67
3071 14 14 59
5174 14 14 52
6166 14 14 41
1844 14 14 31
3315 14 14 24
3083 14 14 17
6273 14 14 6
4425 14 16 93
2673 14 16 86
3970 14 16 75
5872 14 16 67
260 14 16 59
4623 14 16 52
4421 14 16 41
1330 14 16 31
2052 14 16 24
2032 14 16 17
5280 14 16 6
4093 14 18 93
2172 14 18 86
3468 14 18 75
2421 14 18 67
5131 14 18 58
5106 14 18 50
3645 14 18 41
549 14 18 31
477 14 18 24
6276 14 18 16
6570 14 18 6
3332 14 19 93
1485 14 19 86
2859 14 19 75
36 14 19 67
5058 14 19 58
4716 14 19 50
3322 14 19 41
187 14 19 31
5655 14 19 23
6065 14 19 16
5760 14 19 6
1333 15 8 93
6138 15 8 85
4997 15 8 77
642 15 8 69
6600 15 8 59
3885 15 8 52
3829 15 8 41
5143 15 8 30
4979 15 8 20
3030 15 8 12
1464 15 8 5
730 16 1 93
4855 16 1 85
4287 16 1 77
508 16 1 69
6282 16 1 59
2783 16 1 52
1803 16 1 41
4945 16 1 30
3592 16 1 20
87 16 1 12
832 16 1 5
638 16 2 93
4670 16 2 85
4176 16 2 77
2822 16 2 68
3145 16 2 61
1942 16 2 51
6558 16 2 44
2713 16 2 36
4387 16 2 29
2820 16 2 20
3568 16 2 11
855 16 2 3
394 16 3 93
3537 16 3 85
1973 16 3 77
2520 16 3 68
3013 16 3 61
1246 16 3 51
6307 16 3 44
6622 16 3 35
3274 16 3 26
1162 16 3 15
1437 16 3 5
6114 16 4 92
5078 16 4 85
1846 16 4 77
1462 16 4 68
2836 16 4 61
6589 16 4 50
2618 16 4 41
1862 16 4 30
2454 16 4 20
2726 16 4 11
5588 16 4 2
5992 16 5 92
3672 16 5 85
89 16 5 77
1411 16 5 68
1313 16 5 61
5589 16 5 50
2260 16 5 41
5987 16 5 29
813 16 5 20
1949 16 5 11
4540 16 5 2
5315 16 6 92
3587 16 6 85
5697 16 6 76
5899 16 6 68
5011 16 6 60
2770 16 6 52
6446 16 6 40
4616 16 6 33
4869 16 6 24
5584 16 6 16
4127 16 6 6
4460 16 8 92
1556 16 8 85
4503 16 8 76
4223 16 8 68
4147 16 8 60
1758 16 8 52
4526 16 8 40
2405 16 8 33
4628 16 8 24
2697 16 8 16
1977 16 8 6
4316 16 9 92
976 16 9 85
3575 16 9 76
2922 16 9 68
3750 16 9 60
6036 16 9 51
4829 16 9 44
5062 16 9 35
2784 16 9 26
375 16 9 15
5518 16 9 4
3142 16 10 92
591 16 10 85
2599 16 10 76
2780 16 10 68
3059 16 10 60
5040 16 10 51
4132 16 10 44
4216 16 10 35
1645 16 10 26
6799 16 10 14
4381 16 10 7
2702 16 11 92
5765 16 11 84
585 16 11 77
5191 16 11 67
3850 16 11 58
3855 16 11 50
1694 16 11 41
4375 16 11 29
110 16 11 20
6713 16 11 10
5430 16 11 1
1881 16 12 92
5450 16 12 84
5905 16 12 76
757 16 12 68
2709 16 12 60
4284 16 12 51
4058 16 12 44
3611 16 12 35
1450 16 12 26
6770 16 12 14
6060 16 12 6
1632 16 13 92
3533 16 13 84
3166 16 13 76
579 16 13 68
1695 16 13 60
104 16 13 51
2105 16 13 44
3078 16 13 35
4301 16 13 25
5337 16 13 17
4614 16 13 6
1029 16 14 92
1756 16 14 84
101 16 14 76
4428 16 14 67
3391 16 14 58
3684 16 14 50
1174 16 14 41
2098 16 14 29
6078 16 14 19
837 16 14 10
4032 16 14 1
821 16 15 92
1455 16 15 84
6746 16 15 75
8 16 15 67
3103 16 15 58
1665 16 15 50
756 16 15 41
1207 16 15 29
4823 16 15 19
2676 16 15 9
5209 16 15 1
6213 16 16 91
6373 16 16 83
5010 16 16 77
4699 16 16 67
2133 16 16 58
1565 16 16 50
4101 16 16 40
1760 16 16 33
2093 16 16 24
2346 16 16 16
1974 16 16 6
4994 16 17 91
4363 16 17 83
1480 16 17 77
271 16 17 67
1747 16 17 58
5326 16 17 49
5444 16 17 40
282 16 17 33
6291 16 17 23
5995 16 17 16
6465 16 17 5
4708 16 18 91
1524 16 18 83
4120 16 18 76
3154 16 18 67
248 16 18 58
4667 16 18 49
5340 16 18 40
2861 16 18 32
6695 16 18 25
4498 16 18 17
3661 16 18 6
4118 16 19 91
6074 16 19 82
4561 16 19 74
1331 16 19 66
6786 16 19 57
6257 16 19 50
2824 16 19 40
2322 16 19 32
5126 16 19 25
3028 16 19 17
3275 16 19 6
2453 17 1 91
5513 17 1 82
4251 17 1 74
4 17 1 66
5408 17 1 57
6062 17 1 50
2818 17 1 40
1667 17 1 32
4697 17 1 25
2597 17 1 17
1326 17 1 6
1507 17 2 91
4524 17 2 82
3695 17 2 74
5627 17 2 65
2284 17 2 57
5050 17 2 50
4753 17 2 39
739 17 2 33
2696 17 2 23
4874 17 2 16
6137 17 2 5
79 17 3 91
1810 17 3 82
3627 17 3 74
5597 17 3 65
1808 17 3 57
4617 17 3 50
4668 17 3 39
401 17 3 33
1776 17 3 23
3881 17 3 16
5896 17 3 5
6456 17 4 90
1961 17 4 85
5824 17 4 75
5634 17 4 66
5043 17 4 57
6343 17 4 49
2875 17 4 40
740 17 4 32
3099 17 4 25
2447 17 4 17
6211 17 4 5
4145 17 5 90
931 17 5 85
4633 17 5 75
4909 17 5 66
4961 17 5 57
1076 17 5 49
2256 17 5 40
6498 17 5 31
4812 17 5 23
214 17 5 16
5075 17 5 5
3524 17 6 90
172 17 6 85
4378 17 6 75
4814 17 6 66
3700 17 6 57
6506 17 6 48
3726 17 6 41
6709 17 6 28
383 17 6 20
6189 17 6 10
3515 17 6 1
3394 17 8 90
107 17 8 85
3383 17 8 75
570 17 8 66
3689 17 8 57
5095 17 8 48
2120 17 8 41
6653 17 8 28
3397 17 8 19
2274 17 8 9
4518 17 8 1
2812 17 9 90
5536 17 9 84
4692 17 9 75
418 17 9 66
516 17 9 57
4071 17 9 48
6631 17 9 40
6484 17 9 31
4665 17 9 23
5345 17 9 15
5478 17 9 4
2318 17 10 90
3686 17 10 84
3381 17 10 75
5874 17 10 65
1105 17 10 57
3478 17 10 48
6571 17 10 40
5859 17 10 31
3464 17 10 23
4038 17 10 15
3845 17 10 4
1403 17 11 90
2275 17 11 84
3104 17 11 75
5508 17 11 65
6226 17 11 56
5601 17 11 48
5825 17 11 40
5104 17 11 31
1972 17 11 23
3757 17 11 15
3647 17 11 4
219 17 12 90
773 17 12 84
2037 17 12 75
5023 17 12 65
5441 17 12 56
5496 17 12 48
3734 17 12 40
4925 17 12 31
1356 17 12 23
1398 17 12 15
1869 17 12 4
6158 17 13 89
1917 17 13 80
4951 17 13 70
1257 17 13 62
1183 17 13 52
3256 17 13 40
5008 17 13 30
1376 17 13 20
5240 17 13 10
3436 17 13 1
4728 17 14 89
1136 17 14 80
1658 17 14 70
767 17 14 62
6686 17 14 51
3844 17 14 43
1243 17 14 32
2288 17 14 25
1625 17 14 17
6129 17 14 5
4553 17 15 89
5053 17 15 79
928 17 15 71
5248 17 15 59
2127 17 15 52
6293 17 15 39
6609 17 15 32
2135 17 15 25
1067 17 15 17
2692 17 15 5
2899 17 16 89
2459 17 16 79
734 17 16 71
4548 17 16 59
1081 17 16 52
6228 17 16 39
2145 17 16 32
3395 17 16 24
1896 17 16 16
3133 17 16 5
2126 17 17 89
988 17 17 79
724 17 17 71
6399 17 17 58
4308 17 17 49
1730 17 17 40
3507 17 17 30
558 17 17 20
5215 17 17 10
1635 17 17 1
6776 17 18 88
4314 17 18 79
715 17 18 71
5192 17 18 58
3875 17 18 49
647 17 18 40
3440 17 18 30
5970 17 18 19
929 17 18 9
3778 17 18 1
6703 17 19 88
3091 17 19 79
257 17 19 71
2113 17 19 58
3338 17 19 49
575 17 19 40
2478 17 19 30
5120 17 19 19
3656 17 19 8
4832 19 0 88
357 19 0 79
6509 19 0 70
721 19 0 62
6230 19 0 51
2949 19 0 43
332 19 0 31
6692 19 0 22
2045 19 0 14
4676 19 0 6
4630 19 1 88
6768 19 1 78
4749 19 1 69
5629 19 1 59
1010 19 1 52
6071 19 1 39
1215 19 1 32
1648 19 1 24
1291 19 1 16
2582 19 1 5
3223 19 2 88
5862 19 2 78
2527 19 2 69
5281 19 2 59
412 19 2 52
5002 19 2 39
114 19 2 32
1053 19 2 24
6789 19 2 15
5435 19 2 3
1654 19 3 88
2979 19 3 78
3050 19 3 68
1523 19 3 60
6720 19 3 50
3872 19 3 39
4033 19 3 31
4565 19 3 22
1864 19 3 14
4013 19 3 6
1137 19 4 88
1696 19 4 78
6122 19 4 67
5897 19 4 57
3330 19 4 48
568 19 4 40
2184 19 4 30
4927 19 4 19
2436 19 4 8
5252 19 5 87
3915 19 5 79
5110 19 5 70
97 19 5 62
5217 19 5 51
1934 19 5 43
6334 19 5 30
3565 19 5 19
609 19 5 8
4838 19 6 87
3620 19 6 79
4631 19 6 70
2596 19 6 61
3826 19 6 50
2793 19 6 39
2840 19 6 31
3741 19 6 22
632 19 6 14
3986 19 6 6
3374 19 7 87
3502 19 7 79
3632 19 7 70
956 19 7 61
1192 19 7 50
2205 19 7 39
2821 19 7 31
1591 19 7 22
5817 19 7 13
5088 19 7 6
527 19 8 87
2343 19 8 79
3278 19 8 70
6422 19 8 60
4288 19 8 50
498 19 8 39
2546 19 8 31
69 19 8 22
4732 19 8 13
4584 19 8 6
3547 19 9 86
1426 19 9 75
833 19 9 65
4900 19 9 56
5285 19 9 48
5901 19 9 39
2225 19 9 31
5031 19 9 21
5575 19 9 13
4409 19 9 6
618 19 10 86
6652 19 10 74
4509 19 10 64
3598 19 10 56
5232 19 10 48
3662 19 10 39
2130 19 10 31
4915 19 10 21
387 19 10 13
3878 19 10 6
597 19 11 86
1184 19 11 74
3808 19 11 64
1707 19 11 56
5136 19 11 48
1743 19 11 39
515 19 11 31
3767 19 11 21
5884 19 11 12
5640 19 11 4
470 19 12 86
605 19 12 74
3609 19 12 64
1682 19 12 56
4605 19 12 48
1149 19 12 39
4715 19 12 30
6298 19 12 18
1027 19 12 7
3057 19 13 84
1394 19 13 75
5115 19 13 64
1680 19 13 56
3101 19 13 48
661 19 13 39
4350 19 13 30
6088 19 13 18
5122 19 13 6
5528 19 14 83
2989 19 14 76
482 19 14 67
5869 19 14 57
3038 19 14 48
100 19 14 39
3115 19 14 30
5399 19 14 18
5025 19 14 6
5070 19 15 83
2331 19 15 76
6010 19 15 66
6325 19 15 56
2550 19 15 48
74 19 15 39
173 19 15 30
2062 19 15 18
4554 19 15 6
4050 19 16 83
567 19 16 76
5393 19 16 66
2876 19 16 56
2144 19 16 48
6615 19 16 38
3469 19 16 31
2245 19 16 21
5867 19 16 12
5427 19 16 4
2199 19 17 82
3138 19 17 74
2551 19 17 64
5969 19 17 55
5234 19 17 48
4602 19 17 38
3389 19 17 31
2056 19 17 21
5535 19 17 12
5047 19 17 4
5763 19 18 80
6336 19 18 69
4758 19 18 59
6645 19 18 51
990 19 18 43
6169 19 18 30
6264 19 18 17
3108 19 18 4
5614 19 19 80
5779 19 19 69
2040 19 19 59
4403 19 19 51
804 19 19 43
4696 19 19 30
572 19 19 17
2314 19 19 4
