2803
2658 0 0 99
4483 0 0 97
4522 0 0 95
6150 0 0 92
1316 0 0 89
6172 0 0 86
2638 0 0 84
5789 0 0 81
2746 0 0 79
3938 0 0 77
5058 0 0 75
1493 0 0 71
4671 0 0 68
5447 0 0 66
2081 0 0 63
1241 0 0 59
182 0 0 56
3156 0 0 53
3474 0 0 51
6247 0 0 48
199 0 0 45
2282 0 0 41
5551 0 0 39
4263 0 0 36
4207 0 0 33
301 0 0 31
257 0 0 28
5335 0 0 25
5841 0 0 22
566 0 0 19
1244 0 0 16
5741 0 0 13
5122 0 0 10
4143 0 0 7
5760 0 0 3
3605 0 0 1
4554 0 1 98
6193 0 1 95
5430 0 1 92
3047 0 1 88
5796 0 1 85
2383 0 1 83
5127 0 1 81
4470 0 1 77
4297 0 1 74
1247 0 1 72
769 0 1 70
5483 0 1 68
163 0 1 66
949 0 1 63
621 0 1 59
4785 0 1 55
5369 0 1 51
6126 0 1 48
5225 0 1 43
2948 0 1 41
4958 0 1 38
6028 0 1 35
3604 0 1 32
5698 0 1 29
771 0 1 26
3330 0 1 22
4704 0 1 18
5319 0 1 15
1707 0 1 13
3878 0 1 9
455 0 1 7
5051 0 1 3
2723 0 2 98
5415 0 2 95
4711 0 2 92
2716 0 2 88
3877 0 2 85
4632 0 2 82
4599 0 2 80
3525 0 2 77
4152 0 2 74
6048 0 2 71
4444 0 2 68
4035 0 2 65
1824 0 2 61
2637 0 2 58
5388 0 2 56
2093 0 2 53
3178 0 2 51
1555 0 2 47
5302 0 2 45
1664 0 2 41
866 0 2 38
2963 0 2 35
3155 0 2 32
3962 0 2 29
4532 0 2 25
751 0 2 22
3226 0 2 18
1221 0 2 15
3253 0 2 11
4893 0 2 7
4341 0 2 3
669 0 3 98
6268 0 3 94
4622 0 3 92
651 0 3 88
2128 0 3 85
4786 0 3 81
2401 0 3 77
5980 0 3 73
4458 0 3 70
2914 0 3 67
1302 0 3 65
1346 0 3 61
6167 0 3 57
4613 0 3 54
4080 0 3 51
4890 0 3 46
5675 0 3 43
5373 0 3 40
4403 0 3 36
3325 0 3 32
3160 0 3 29
6065 0 3 24
5964 0 3 21
3187 0 3 19
6294 0 3 15
608 0 3 11
2246 0 3 7
5398 0 3 2
3404 0 4 97
4361 0 4 94
4127 0 4 90
2362 0 4 87
2443 0 4 84
3048 0 4 81
1879 0 4 77
4174 0 4 73
5410 0 4 69
6280 0 4 66
6248 0 4 62
4282 0 4 58
6058 0 4 54
2425 0 4 51
4096 0 4 46
4863 0 4 43
4465 0 4 40
2683 0 4 36
3040 0 4 32
3045 0 4 29
5434 0 4 24
5538 0 4 21
2536 0 4 18
3842 0 4 14
402 0 4 11
5842 0 4 6
4073 0 4 4
5529 0 4 2
1016 0 5 97
6044 0 5 93
5835 0 5 90
1195 0 5 87
185 0 5 84
1756 0 5 80
1194 0 5 77
4151 0 5 73
5088 0 5 69
5791 0 5 64
5678 0 5 61
5517 0 5 57
4187 0 5 54
1374 0 5 51
819 0 5 45
905 0 5 41
4186 0 5 37
708 0 5 35
1356 0 5 32
2835 0 5 29
5178 0 5 24
4878 0 5 21
6027 0 5 17
6289 0 5 13
2496 0 5 9
203 0 5 7
5250 0 5 2
5661 0 6 96
5291 0 6 93
4013 0 6 90
5609 0 6 86
2289 0 6 84
450 0 6 80
731 0 6 77
4041 0 6 73
4867 0 6 69
3933 0 6 64
3398 0 6 61
1080 0 6 57
1021 0 6 53
2202 0 6 49
5634 0 6 46
5148 0 6 42
1385 0 6 40
5921 0 6 35
350 0 6 32
2695 0 6 28
2897 0 6 24
2143 0 6 21
5068 0 6 17
5839 0 6 13
1477 0 6 9
5888 0 6 6
5014 0 6 2
4545 0 7 96
3195 0 7 93
5968 0 7 89
3476 0 7 86
5442 0 7 82
644 0 7 79
5690 0 7 76
3685 0 7 73
1638 0 7 69
2811 0 7 64
5682 0 7 60
2946 0 7 57
6198 0 7 52
5910 0 7 49
4847 0 7 46
539 0 7 42
1650 0 7 38
745 0 7 35
6276 0 7 31
4955 0 7 27
4247 0 7 24
1528 0 7 21
4817 0 7 17
693 0 7 13
5954 0 7 8
2385 0 7 6
1222 0 7 2
3192 0 8 96
2487 0 8 93
3808 0 8 89
2046 0 8 86
3799 0 8 82
4050 0 8 78
5973 0 8 76
1762 0 8 72
5016 0 8 68
4553 0 8 64
4614 0 8 60
2797 0 8 57
3795 0 8 52
2615 0 8 48
4286 0 8 43
3612 0 8 39
1149 0 8 36
2603 0 8 32
344 0 8 28
2352 0 8 24
5273 0 8 20
1690 0 8 17
5279 0 8 12
6068 0 8 9
2514 0 8 6
4850 0 8 1
2762 0 9 96
5121 0 9 92
512 0 9 88
1820 0 9 85
2905 0 9 81
6171 0 9 76
5880 0 9 71
5814 0 9 67
5901 0 9 64
429 0 9 60
1786 0 9 57
1067 0 9 52
5875 0 9 47
4609 0 9 45
4431 0 9 40
5448 0 9 35
4591 0 9 31
4097 0 9 27
4217 0 9 24
4576 0 9 20
4084 0 9 16
5297 0 9 13
5857 0 9 8
5156 0 9 5
2986 0 9 3
2593 0 10 96
4043 0 10 92
5185 0 10 87
5351 0 10 83
6313 0 10 79
5643 0 10 76
2252 0 10 71
4647 0 10 67
4670 0 10 64
6124 0 10 59
4375 0 10 55
5229 0 10 51
597 0 10 45
4183 0 10 40
3910 0 10 35
5597 0 10 30
5770 0 10 26
6116 0 10 21
3864 0 10 17
4930 0 10 12
2864 0 10 9
3359 0 10 5
2254 0 10 3
3293 0 11 95
4382 0 11 92
4266 0 11 87
4473 0 11 83
3416 0 11 79
4821 0 11 76
251 0 11 70
2147 0 11 66
5850 0 11 62
2882 0 11 58
5950 0 11 54
4795 0 11 50
4784 0 11 47
5070 0 11 44
260 0 11 42
6213 0 11 37
4275 0 11 34
4989 0 11 32
6069 0 11 27
2358 0 11 24
1854 0 11 20
1313 0 11 16
2794 0 11 13
4544 0 11 8
5075 0 11 5
3224 0 11 2
319 0 12 95
5357 0 12 91
1002 0 12 88
1767 0 12 85
5024 0 12 80
5774 0 12 76
6230 0 12 69
1451 0 12 64
956 0 12 59
3516 0 12 55
2891 0 12 51
441 0 12 45
3865 0 12 40
1951 0 12 35
3718 0 12 30
3327 0 12 26
4745 0 12 21
3649 0 12 17
4805 0 12 12
4700 0 12 8
5019 0 12 5
348 0 12 2
5416 0 13 94
4106 0 13 90
4067 0 13 86
2106 0 13 82
3030 0 13 78
5451 0 13 75
5411 0 13 70
495 0 13 66
92 0 13 62
514 0 13 58
4796 0 13 54
1898 0 13 50
4301 0 13 47
1479 0 13 44
5969 0 13 41
4113 0 13 37
4153 0 13 34
6246 0 13 30
1910 0 13 26
3968 0 13 21
5327 0 13 16
1882 0 13 13
4307 0 13 8
69 0 13 5
134 0 13 2
4572 0 14 94
4012 0 14 90
864 0 14 86
1785 0 14 82
989 0 14 78
4296 0 14 74
4728 0 14 71
3043 0 14 67
3760 0 14 64
470 0 14 59
1057 0 14 55
2733 0 14 51
5101 0 14 44
6139 0 14 40
978 0 14 35
3570 0 14 30
5923 0 14 25
157 0 14 22
6123 0 14 17
4537 0 14 12
1233 0 14 8
6110 0 14 4
2522 0 14 1
3586 0 15 94
856 0 15 90
6272 0 15 85
4901 0 15 80
4645 0 15 76
855 0 15 69
4390 0 15 63
6308 0 15 58
2979 0 15 54
1083 0 15 50
4154 0 15 47
1362 0 15 44
4233 0 15 40
3263 0 15 34
2256 0 15 30
2504 0 15 25
5952 0 15 21
4864 0 15 16
3844 0 15 12
647 0 15 8
4546 0 15 4
2296 0 15 1
2518 0 16 94
6112 0 16 89
4182 0 16 85
4758 0 16 80
4367 0 16 76
3948 0 16 68
4091 0 16 64
338 0 16 59
6178 0 16 54
984 0 16 49
2160 0 16 46
328 0 16 42
6053 0 16 37
122 0 16 34
1404 0 16 30
1729 0 16 25
5537 0 16 21
3721 0 16 16
2429 0 16 12
1675 0 16 7
4612 0 16 2
2291 0 17 94
5644 0 17 89
3714 0 17 85
2937 0 17 80
3873 0 17 76
3660 0 17 68
2847 0 17 64
6054 0 17 58
263 0 17 54
1084 0 17 48
3645 0 17 43
1544 0 17 39
5646 0 17 35
3551 0 17 30
677 0 17 25
1409 0 17 21
2654 0 17 16
1491 0 17 12
1077 0 17 7
3409 0 17 2
26 0 18 94
3497 0 18 89
2391 0 18 85
2158 0 18 80
1837 0 18 76
2616 0 18 68
2037 0 18 64
3427 0 18 58
5135 0 18 53
1829 0 18 49
5073 0 18 45
3009 0 18 40
3072 0 18 34
5168 0 18 29
2872 0 18 24
1030 0 18 20
4953 0 18 15
5316 0 18 10
3437 0 18 6
4206 0 18 1
4298 0 19 93
3797 0 19 89
5697 0 19 84
4673 0 19 79
1166 0 19 76
5329 0 19 67
1181 0 19 63
4735 0 19 58
3975 0 19 53
639 0 19 49
2919 0 19 45
1594 0 19 40
2996 0 19 34
4338 0 19 29
666 0 19 24
180 0 19 20
4479 0 19 15
4665 0 19 10
2792 0 19 6
2936 0 19 1
4283 2 0 93
2135 2 0 89
2734 2 0 84
3658 2 0 79
5776 2 0 75
5196 2 0 70
5560 2 0 65
887 2 0 61
1510 2 0 56
4393 2 0 52
5664 2 0 47
702 2 0 44
2100 2 0 40
2601 2 0 34
2810 2 0 29
5587 2 0 23
3783 2 0 19
5987 2 0 15
3502 2 0 10
1405 2 0 6
783 2 0 1
4148 2 1 93
1833 2 1 89
2330 2 1 84
985 2 1 79
5256 2 1 75
4521 2 1 70
4598 2 1 65
4754 2 1 60
5395 2 1 56
1438 2 1 52
3011 2 1 47
5336 2 1 43
58 2 1 39
3633 2 1 35
6189 2 1 29
4701 2 1 23
3594 2 1 19
5965 2 1 15
2390 2 1 10
345 2 1 6
6007 2 1 1
3037 2 2 93
1791 2 2 89
1382 2 2 84
97 2 2 79
6177 2 2 74
4604 2 2 70
5312 2 2 64
3308 2 2 58
881 2 2 53
554 2 2 49
1821 2 2 45
5951 2 2 39
1984 2 2 35
5443 2 2 29
3543 2 2 23
2248 2 2 19
5745 2 2 15
1384 2 2 10
6223 2 2 5
2215 2 2 1
2384 2 5 93
1100 2 5 89
744 2 5 83
2572 2 5 79
5715 2 5 74
2529 2 5 70
4840 2 5 64
3259 2 5 58
533 2 5 53
3299 2 5 48
3181 2 5 43
3729 2 5 38
5946 2 5 34
2462 2 5 29
1163 2 5 23
810 2 5 19
5222 2 5 15
4916 2 5 9
3131 2 5 5
515 2 5 1
2295 2 8 93
551 2 8 89
531 2 8 83
5593 2 8 78
4292 2 8 74
2516 2 8 70
1485 2 8 64
892 2 8 58
462 2 8 53
2960 2 8 48
2682 2 8 43
2931 2 8 38
5244 2 8 34
295 2 8 29
293 2 8 23
1999 2 8 18
2123 2 8 14
5997 2 8 10
3399 2 8 5
1579 2 10 93
5974 2 10 88
3861 2 10 84
6173 2 10 78
1676 2 10 74
4709 2 10 69
2710 2 10 63
6043 2 10 57
880 2 10 52
2176 2 10 47
3390 2 10 42
5184 2 10 37
5419 2 10 33
1381 2 10 30
146 2 10 25
4493 2 10 20
2665 2 10 15
3514 2 10 9
3917 2 10 4
241 2 11 93
5396 2 11 88
3699 2 11 84
1523 2 11 78
5054 2 11 73
4640 2 11 68
5240 2 11 63
3960 2 11 57
588 2 11 52
1113 2 11 47
3241 2 11 42
3208 2 11 37
2178 2 11 33
1087 2 11 30
4265 2 11 24
3672 2 11 19
3533 2 11 15
2629 2 11 9
3794 2 11 4
101 2 13 93
3676 2 13 88
2606 2 13 84
1508 2 13 78
4830 2 13 73
4009 2 13 68
4520 2 13 63
3077 2 13 57
6086 2 13 51
4586 2 13 44
6299 2 13 39
1292 2 13 35
3876 2 13 29
5785 2 13 22
3590 2 13 17
4362 2 13 12
5497 2 13 6
5937 2 14 92
6312 2 14 86
629 2 14 82
172 2 14 78
3665 2 14 73
3622 2 14 68
1793 2 14 63
2832 2 14 57
107 2 14 51
3661 2 14 44
5317 2 14 39
6033 2 14 34
5819 2 14 28
1427 2 14 24
2594 2 14 19
576 2 14 15
2365 2 14 9
3642 2 14 4
3897 2 16 92
5747 2 16 86
74 2 16 82
6270 2 16 77
3515 2 16 73
269 2 16 68
1487 2 16 63
2562 2 16 57
3141 2 16 50
1663 2 16 47
1800 2 16 42
2474 2 16 37
889 2 16 33
721 2 16 30
3955 2 16 24
2032 2 16 19
60 2 16 15
1760 2 16 9
3162 2 16 4
1743 2 18 92
5322 2 18 86
5854 2 18 81
5018 2 18 76
3107 2 18 67
1102 2 18 63
2309 2 18 57
1361 2 18 50
5534 2 18 45
4910 2 18 39
5473 2 18 34
2790 2 18 28
1012 2 18 24
842 2 18 19
4524 2 18 14
5239 2 18 10
3336 2 18 5
1074 2 19 92
5050 2 19 86
5636 2 19 81
4794 2 19 76
2338 2 19 67
253 2 19 63
1704 2 19 57
981 2 19 50
4985 2 19 45
3504 2 19 39
3062 2 19 34
1979 2 19 28
6182 2 19 23
1980 2 19 18
471 2 19 14
4668 2 19 10
2912 2 19 5
869 3 0 92
4397 3 0 86
2955 3 0 81
3201 3 0 76
2041 3 0 67
5155 3 0 62
313 3 0 58
5751 3 0 52
292 3 0 47
129 3 0 42
4179 3 0 36
4481 3 0 31
2696 3 0 27
3920 3 0 23
569 3 0 18
3207 3 0 13
1826 3 0 8
2421 3 0 4
5578 3 5 91
5713 3 5 87
3874 3 5 83
4849 3 5 78
3360 3 5 73
5001 3 5 67
5092 3 5 62
6214 3 5 57
5936 3 5 49
343 3 5 45
1539 3 5 39
2500 3 5 34
1778 3 5 28
5480 3 5 23
5556 3 5 17
2109 3 5 12
3353 3 5 6
4211 3 8 91
2097 3 8 87
2949 3 8 83
3911 3 8 78
1020 3 8 73
3000 3 8 67
3971 3 8 62
6131 3 8 57
4894 3 8 49
81 3 8 45
5481 3 8 38
4318 3 8 34
1117 3 8 28
5406 3 8 23
4503 3 8 17
713 3 8 12
2370 3 8 6
3363 3 14 91
1126 3 14 87
1419 3 14 83
3198 3 14 78
960 3 14 73
2483 3 14 67
1019 3 14 62
5744 3 14 57
2452 3 14 49
6229 3 14 44
4848 3 14 39
2134 3 14 34
2373 3 14 27
2539 3 14 23
3822 3 14 17
5867 3 14 11
4911 3 14 6
1540 3 18 91
706 3 18 87
1377 3 18 83
3108 3 18 78
396 3 18 73
57 3 18 67
3384 3 18 61
1412 3 18 56
451 3 18 52
5561 3 18 46
2987 3 18 41
4950 3 18 36
2951 3 18 31
2172 3 18 27
1861 3 18 23
3389 3 18 17
2930 3 18 11
3758 3 18 6
6305 3 19 90
5356 3 19 85
1133 3 19 80
4807 3 19 75
4460 3 19 70
1089 3 19 64
4045 3 19 57
2414 3 19 49
4908 3 19 44
4430 3 19 39
552 3 19 34
6018 3 19 26
3919 3 19 21
1261 3 19 16
4858 3 19 11
3728 3 19 6
6117 4 0 90
5207 4 0 85
695 4 0 80
4494 4 0 75
3089 4 0 70
4837 4 0 63
1391 4 0 57
1058 4 0 49
4662 4 0 44
4228 4 0 39
4703 4 0 33
4117 4 0 29
2763 4 0 22
2512 4 0 17
1959 4 0 11
3491 4 0 6
5526 4 2 90
4787 4 2 85
641 4 2 80
2934 4 2 75
3001 4 2 70
4144 4 2 63
329 4 2 57
913 4 2 49
4276 4 2 44
3913 4 2 39
4679 4 2 33
2675 4 2 29
668 4 2 22
3607 4 2 16
4088 4 2 11
2407 4 2 6
2346 4 3 90
3950 4 3 85
5976 4 3 79
4914 4 3 74
4434 4 3 69
6071 4 3 62
5130 4 3 57
4074 4 3 48
507 4 3 43
1561 4 3 38
3936 4 3 34
5421 4 3 26
3536 4 3 21
5017 4 3 15
849 4 3 9
1776 4 3 4
963 4 4 90
2807 4 4 85
4007 4 4 79
4783 4 4 74
3016 4 4 69
4017 4 4 62
3809 4 4 57
3542 4 4 48
5412 4 4 42
3997 4 4 36
2906 4 4 30
3529 4 4 24
827 4 4 19
3967 4 4 14
4107 4 4 9
6144 4 4 3
4832 4 5 89
80 4 5 83
2156 4 5 78
45 4 5 73
5471 4 5 66
2788 4 5 61
5843 4 5 55
1403 4 5 51
3242 4 5 44
1654 4 5 39
2904 4 5 33
4971 4 5 28
3146 4 5 23
3202 4 5 17
1769 4 5 11
6219 4 5 5
2177 4 10 89
5869 4 10 82
5472 4 10 77
2659 4 10 73
5049 4 10 66
1516 4 10 61
5596 4 10 55
6045 4 10 50
3473 4 10 45
1003 4 10 38
5103 4 10 33
4752 4 10 28
2174 4 10 23
2888 4 10 17
284 4 10 11
5477 4 10 5
1870 4 12 89
3771 4 12 82
4374 4 12 77
787 4 12 73
1867 4 12 66
1224 4 12 61
5344 4 12 55
4563 4 12 50
2062 4 12 45
883 4 12 38
4814 4 12 33
3882 4 12 28
1556 4 12 23
1614 4 12 17
6125 4 12 10
1462 4 12 5
1633 5 0 89
2203 5 0 82
3664 5 0 77
5361 5 0 72
5539 5 0 67
3306 5 0 61
3255 5 0 55
4510 5 0 50
1947 5 0 45
11 5 0 38
4224 5 0 33
2870 5 0 28
4880 5 0 22
3446 5 0 16
1818 5 0 11
4251 5 0 5
5728 5 2 88
6220 5 2 83
1995 5 2 78
5284 5 2 72
2754 5 2 67
1668 5 2 61
2729 5 2 55
2626 5 2 50
5076 5 2 44
1400 5 2 39
1537 5 2 33
1396 5 2 28
1907 5 2 22
2039 5 2 16
1407 5 2 11
3424 5 2 5
4059 5 3 88
4904 5 3 83
535 5 3 78
4946 5 3 72
2270 5 3 67
800 5 3 61
2679 5 3 55
27 5 3 50
3438 5 3 44
1039 5 3 39
4922 5 3 32
5353 5 3 27
822 5 3 23
4221 5 3 16
3671 5 3 10
347 5 3 5
3429 5 7 88
4219 5 7 83
5722 5 7 77
2478 5 7 72
3810 5 7 66
25 5 7 61
2677 5 7 55
5992 5 7 49
3093 5 7 44
4888 5 7 38
4109 5 7 33
1388 5 7 28
188 5 7 22
1028 5 7 16
3264 5 7 10
6 5 7 5
1780 5 9 88
999 5 9 83
5669 5 9 77
1967 5 9 72
3321 5 9 66
4874 5 9 60
3539 5 9 56
5564 5 9 51
2144 5 9 44
2480 5 9 38
3662 5 9 33
5716 5 9 27
773 5 9 23
3958 5 9 16
3211 5 9 10
2526 5 9 4
692 5 10 88
5736 5 10 82
10 5 10 77
572 5 10 72
2883 5 10 66
3965 5 10 60
3304 5 10 56
5330 5 10 51
664 5 10 44
1489 5 10 38
420 5 10 33
2561 5 10 27
151 5 10 23
2923 5 10 16
1974 5 10 10
1255 5 10 4
5650 5 12 87
6040 5 12 82
5594 5 12 76
4780 5 12 66
3449 5 12 60
5151 5 12 55
4960 5 12 49
375 5 12 44
5348 5 12 37
4750 5 12 32
4907 5 12 27
5806 5 12 22
739 5 12 16
1547 5 12 10
3690 5 12 3
1286 5 13 87
5340 5 13 82
5427 5 13 76
3464 5 13 66
1305 5 13 60
4578 5 13 55
791 5 13 49
4525 5 13 43
906 5 13 38
5993 5 13 32
3444 5 13 27
3487 5 13 22
658 5 13 16
1748 5 13 9
5099 5 13 3
4631 5 14 86
2688 5 14 81
1789 5 14 76
3443 5 14 66
952 5 14 60
4329 5 14 55
4739 5 14 48
1706 5 14 42
3915 5 14 36
2257 5 14 30
2085 5 14 24
6049 5 14 18
1281 5 14 13
1134 5 14 8
1538 5 14 4
5389 5 15 85
3284 5 15 79
2108 5 15 74
1350 5 15 69
337 5 15 62
3459 5 15 57
2597 5 15 48
1433 5 15 42
2278 5 15 36
1300 5 15 30
4128 5 15 23
2571 5 15 16
616 5 15 9
4213 5 15 3
4588 5 16 85
1921 5 16 79
1897 5 16 74
838 5 16 69
235 5 16 62
2404 5 16 57
1454 5 16 48
3841 5 16 41
4812 5 16 36
979 5 16 30
3309 5 16 23
2170 5 16 16
5637 5 16 8
5602 5 16 3
3394 5 17 85
1915 5 17 79
167 5 17 74
632 5 17 69
5055 5 17 61
1038 5 17 55
3106 5 17 48
2918 5 17 41
2532 5 17 36
805 5 17 30
3137 5 17 23
1065 5 17 16
5346 5 17 8
4410 5 17 3
2342 5 18 85
1383 5 18 79
3498 5 18 73
1169 5 18 66
136 5 18 60
2549 5 18 55
1358 5 18 48
2048 5 18 41
2319 5 18 36
5853 5 18 29
5332 5 18 21
3710 5 18 15
799 5 18 9
3635 5 18 3
824 5 19 85
445 5 19 79
2880 5 19 73
953 5 19 66
5600 5 19 59
5816 5 19 54
3589 5 19 47
625 5 19 41
1992 5 19 36
5492 5 19 29
3902 5 19 21
3569 5 19 15
5394 5 19 8
3331 5 19 3
2413 6 0 84
5599 6 0 77
270 6 0 72
2573 6 0 66
5328 6 0 59
5048 6 0 54
3096 6 0 47
574 6 0 41
1278 6 0 36
4936 6 0 29
3856 6 0 21
3324 6 0 15
2538 6 0 8
2520 6 0 3
1430 6 2 83
5645 6 2 77
6149 6 2 71
2759 6 2 67
737 6 2 61
323 6 2 55
143 6 2 48
911 6 2 41
1266 6 2 36
4299 6 2 29
3163 6 2 21
3246 6 2 15
1994 6 2 8
2393 6 2 3
5628 6 3 81
763 6 3 76
2433 6 3 66
4191 6 3 59
4055 6 3 54
2347 6 3 47
6025 6 3 40
1348 6 3 34
1798 6 3 26
3248 6 3 21
2718 6 3 15
1525 6 3 8
1673 6 3 3
5499 6 5 81
3925 6 5 75
2040 6 5 70
1354 6 5 63
225 6 5 57
1216 6 5 48
802 6 5 41
6251 6 5 35
3481 6 5 29
3063 6 5 21
1685 6 5 15
5916 6 5 7
2609 6 5 2
3702 6 7 81
408 6 7 75
5931 6 7 69
4699 6 7 61
21 6 7 55
6287 6 7 47
5123 6 7 40
5543 6 7 33
1700 6 7 27
3895 6 7 21
66 6 7 15
4062 6 7 7
1969 6 7 2
870 6 9 79
5301 6 9 72
2009 6 9 66
3775 6 9 59
3584 6 9 54
928 6 9 47
4451 6 9 40
5085 6 9 33
5817 6 9 26
3194 6 9 21
5640 6 9 14
2631 6 9 9
3381 6 9 3
5010 6 10 78
3709 6 10 72
6215 6 10 65
4449 6 10 60
2489 6 10 55
4093 6 10 47
530 6 10 40
2874 6 10 33
5511 6 10 26
1903 6 10 21
4411 6 10 14
6292 6 10 8
877 6 10 3
261 6 11 78
3441 6 11 72
3451 6 11 65
2054 6 11 60
1259 6 11 55
3859 6 11 47
4844 6 11 39
3028 6 11 32
2671 6 11 27
2052 6 11 21
4177 6 11 14
6020 6 11 8
500 6 11 3
3947 6 12 67
152 6 12 61
5956 6 12 54
3420 6 12 46
1770 6 12 41
5922 6 12 35
2545 6 12 29
1850 6 12 21
2066 6 12 14
4873 6 12 8
44 6 12 3
2387 6 13 62
2089 6 13 57
170 6 13 48
5321 6 13 40
2817 6 13 33
5137 6 13 26
1672 6 13 21
1142 6 13 14
4630 6 13 8
4505 6 13 2
1683 6 14 32
1569 6 14 27
1135 6 14 21
1121 6 14 14
3400 6 14 8
3549 6 14 2
6190 6 15 97
1623 6 15 93
3462 6 15 88
5258 6 15 82
5381 6 15 76
1202 6 15 66
3693 6 15 59
3385 6 15 54
2656 6 15 46
1713 6 15 41
5607 6 15 35
2065 6 15 29
1208 6 15 21
175 6 15 14
2180 6 15 8
3046 6 15 2
2764 6 16 97
5749 6 16 92
3855 6 16 86
1091 6 16 81
6250 6 16 74
2971 6 16 68
1101 6 16 63
2943 6 16 56
4729 6 16 51
405 6 16 44
4962 6 16 37
3620 6 16 32
884 6 16 27
6235 6 16 20
2403 6 16 15
1586 6 16 7
3747 6 16 1
3523 6 17 96
2355 6 17 92
3609 6 17 86
4575 6 17 80
1235 6 17 75
3677 6 17 69
4314 6 17 61
4486 6 17 54
2371 6 17 46
5941 6 17 40
2700 6 17 33
5125 6 17 26
996 6 17 21
6134 6 17 13
4681 6 17 7
3638 6 17 1
717 6 18 96
1467 6 18 92
2228 6 18 86
3411 6 18 80
6231 6 18 74
2091 6 18 68
1035 6 18 63
1155 6 18 56
3689 6 18 51
5104 6 18 43
2513 6 18 37
3177 6 18 32
5476 6 18 26
459 6 18 21
5377 6 18 13
4660 6 18 7
3153 6 18 1
5739 6 19 95
1972 6 19 91
5975 6 19 86
2926 6 19 80
6206 6 19 74
2058 6 19 68
5912 6 19 62
5056 6 19 56
2612 6 19 51
2818 6 19 43
6202 6 19 36
4201 6 19 29
722 6 19 21
3847 6 19 13
4623 6 19 7
2276 6 19 1
5029 7 0 95
275 7 0 91
5761 7 0 86
2689 7 0 80
5755 7 0 74
79 7 0 68
4810 7 0 62
4975 7 0 56
5663 7 0 50
2575 7 0 44
3059 7 0 37
2130 7 0 32
5386 7 0 26
5704 7 0 20
821 7 0 15
5308 7 0 6
5026 7 2 95
6083 7 2 90
562 7 2 85
6070 7 2 78
427 7 2 72
3019 7 2 65
410 7 2 60
993 7 2 55
1975 7 2 47
4718 7 2 39
2003 7 2 32
4651 7 2 26
5486 7 2 20
6187 7 2 14
368 7 2 8
2641 7 2 2
4181 7 3 95
5252 7 3 90
4424 7 3 84
5482 7 3 77
5174 7 3 71
1473 7 3 67
5438 7 3 60
840 7 3 55
6260 7 3 46
4026 7 3 40
2567 7 3 33
4467 7 3 26
4865 7 3 20
6175 7 3 14
156 7 3 8
2049 7 3 2
3597 7 5 95
3624 7 5 90
4232 7 5 84
3737 7 5 77
3723 7 5 71
4593 7 5 66
3374 7 5 59
2617 7 5 54
4122 7 5 45
5641 7 5 37
1444 7 5 32
3961 7 5 26
4534 7 5 20
1593 7 5 14
52 7 5 8
5762 7 5 1
2459 7 6 95
2925 7 6 90
3741 7 6 84
2887 7 6 77
2486 7 6 71
2168 7 6 66
6315 7 6 58
4920 7 6 52
4620 7 6 46
3535 7 6 40
582 7 6 33
1613 7 6 26
4136 7 6 20
1168 7 6 14
3524 7 6 7
398 7 7 94
1334 7 7 89
2059 7 7 82
4556 7 7 76
5666 7 7 65
159 7 7 60
6010 7 7 54
2382 7 7 45
4423 7 7 37
407 7 7 32
1498 7 7 26
3935 7 7 20
660 7 7 14
1856 7 7 7
6259 8 0 93
3289 8 0 88
766 8 0 82
2582 8 0 76
5555 8 0 65
116 8 0 60
5455 8 0 54
2250 8 0 45
817 8 0 37
5204 8 0 31
1136 8 0 27
4126 8 0 20
186 8 0 14
1735 8 0 7
6232 8 1 93
5061 8 1 87
4278 8 1 82
40 8 1 76
1349 8 1 65
5282 8 1 59
615 8 1 54
1307 8 1 45
5140 8 1 36
2379 8 1 29
296 8 1 21
2796 8 1 13
4421 8 1 7
6211 8 2 93
3918 8 2 87
4110 8 2 81
4984 8 2 74
5532 8 2 67
4898 8 2 60
5350 8 2 54
207 8 2 45
1808 8 2 36
144 8 2 29
4995 8 2 20
3527 8 2 13
4125 8 2 7
4395 8 3 93
3712 8 3 87
1977 8 3 81
4212 8 3 74
5181 8 3 67
3315 8 3 60
3742 8 3 54
137 8 3 45
846 8 3 36
3561 8 3 28
5201 8 3 20
1204 8 3 13
1245 8 3 7
3335 8 4 93
2973 8 4 87
1250 8 4 81
3989 8 4 74
4943 8 4 67
2778 8 4 60
3408 8 4 54
3884 8 4 44
94 8 4 37
3461 8 4 31
4407 8 4 26
3190 8 4 20
1125 8 4 13
607 8 4 7
2618 8 5 93
1840 8 5 87
718 8 5 81
3768 8 5 74
4330 8 5 67
2420 8 5 60
3026 8 5 54
1496 8 5 44
4478 8 5 36
5037 8 5 27
3158 8 5 20
862 8 5 13
4658 8 5 6
5866 8 6 92
1694 8 6 86
1709 8 6 80
5404 8 6 74
2863 8 6 67
1425 8 6 60
256 8 6 54
1372 8 6 44
3907 8 6 36
2970 8 6 27
2725 8 6 20
6030 8 6 12
1766 8 6 6
4454 8 7 92
1150 8 7 86
1568 8 7 80
3518 8 7 74
5907 8 7 66
5453 8 7 58
2275 8 7 52
3577 8 7 46
2316 8 7 40
463 8 7 33
1185 8 7 26
2506 8 7 20
5848 8 7 12
4387 8 7 5
3891 8 8 92
558 8 8 86
637 8 8 80
2555 8 8 74
5162 8 8 66
3454 8 8 58
1420 8 8 52
3343 8 8 46
29 8 8 40
131 8 8 33
1086 8 8 26
2499 8 8 20
5611 8 8 12
3744 8 8 5
3866 8 10 92
483 8 10 86
520 8 10 80
1008 8 10 74
4931 8 10 66
3179 8 10 58
1256 8 10 52
1458 8 10 46
5285 8 10 39
162 8 10 32
1319 8 10 26
1303 8 10 20
4120 8 10 12
2791 8 10 5
3250 8 14 92
5572 8 14 85
5696 8 14 78
5435 8 14 71
2017 8 14 66
2030 8 14 58
6253 8 14 51
1566 8 14 43
5746 8 14 36
2640 8 14 27
2189 8 14 20
3979 8 14 12
510 8 14 5
2917 8 15 92
4468 8 15 85
4948 8 15 78
4617 8 15 71
6119 8 15 65
4705 8 15 59
4203 8 15 53
2208 8 15 48
4457 8 15 40
5861 8 15 32
635 8 15 26
1024 8 15 20
3084 8 15 12
5768 8 15 4
2634 8 16 92
2703 8 16 85
6298 8 16 77
2057 8 16 71
6087 8 16 65
4416 8 16 59
1669 8 16 53
2198 8 16 48
4295 8 16 40
3111 8 16 32
604 8 16 26
6184 8 16 19
2644 8 16 14
164 8 16 7
2191 8 19 92
1 8 19 85
5460 8 19 77
1550 8 19 71
5420 8 19 65
6079 8 19 58
4921 8 19 51
392 8 19 43
5287 8 19 36
1632 8 19 27
1922 8 19 20
2568 8 19 12
4675 8 19 4
1954 9 10 92
4214 9 10 84
2491 9 10 77
516 9 10 71
4778 9 10 65
5942 9 10 58
3050 9 10 51
281 9 10 43
5238 9 10 36
5508 9 10 26
5034 9 10 19
2633 9 10 14
4654 9 10 6
1914 9 14 92
3904 9 14 84
2179 9 14 77
5169 9 14 70
946 9 14 63
421 9 14 56
5598 9 14 50
2447 9 14 44
3715 9 14 36
4768 9 14 26
4507 9 14 19
4716 9 14 13
3695 9 14 6
933 9 15 92
3745 9 15 84
1774 9 15 77
5159 9 15 70
5765 9 15 62
4422 9 15 56
3251 9 15 50
1659 9 15 44
6275 9 15 35
5687 9 15 28
4913 9 15 20
482 9 15 12
4566 9 15 4
138 9 16 92
2935 9 16 84
1079 9 16 77
4085 9 16 70
3922 9 16 62
3871 9 16 56
2929 9 16 50
2245 9 16 43
5079 9 16 36
4541 9 16 26
4417 9 16 19
3792 9 16 13
1284 9 16 6
4809 9 19 91
5215 9 19 86
6034 9 19 79
3892 9 19 72
3003 9 19 65
4979 9 19 58
5649 9 19 50
3269 9 19 42
528 9 19 36
2681 9 19 26
3301 9 19 19
3247 9 19 13
901 9 19 6
4333 10 0 91
4260 10 0 86
2628 10 0 79
3252 10 0 72
310 10 0 65
4163 10 0 58
5089 10 0 50
1622 10 0 42
315 10 0 36
2080 10 0 26
3170 10 0 19
2823 10 0 13
548 10 0 6
4241 10 1 91
5879 10 1 85
4239 10 1 77
4016 10 1 70
2713 10 1 62
3440 10 1 56
2523 10 1 50
940 10 1 42
4536 10 1 35
5490 10 1 28
3371 10 1 20
5589 10 1 11
1911 10 1 5
2435 10 5 91
4906 10 5 85
3322 10 5 77
3081 10 5 70
969 10 5 62
2586 10 5 56
2398 10 5 50
598 10 5 42
4325 10 5 35
5426 10 5 28
3350 10 5 20
5397 10 5 11
1581 10 5 5
1611 10 6 91
5384 10 6 84
835 10 6 77
105 10 6 70
488 10 6 62
1724 10 6 56
995 10 6 50
4359 10 6 41
4287 10 6 35
4882 10 6 28
3058 10 6 20
4327 10 6 11
6284 10 6 4
1515 10 8 91
4862 10 8 84
218 10 8 77
1978 10 8 69
4004 10 8 61
4437 10 8 54
358 10 8 44
6039 10 8 35
1122 10 8 28
1605 10 8 20
6006 10 8 10
3478 10 8 3
808 10 10 91
6158 10 10 83
3770 10 10 77
837 10 10 69
1257 10 10 61
4372 10 10 54
2221 10 10 43
2998 10 10 36
788 10 10 26
2025 10 10 19
1060 10 10 13
5452 10 10 5
736 10 11 91
2758 10 11 83
2098 10 11 77
3422 10 11 68
4683 10 11 62
1469 10 11 56
547 10 11 50
3777 10 11 41
3244 10 11 35
91 10 11 28
1179 10 11 20
5573 10 11 10
2554 10 11 3
176 10 12 91
3142 10 12 82
5000 10 12 75
1916 10 12 69
4344 10 12 60
4477 10 12 53
624 10 12 48
2344 10 12 40
875 10 12 32
372 10 12 26
1894 10 12 19
5298 10 12 12
4053 10 12 4
6254 10 14 90
5146 10 14 82
3952 10 14 75
5723 10 14 68
3766 10 14 62
1009 10 14 56
5379 10 14 49
2824 10 14 43
1551 10 14 36
4842 10 14 25
4025 10 14 20
5267 10 14 10
2503 10 14 3
5906 10 16 90
4942 10 16 82
3560 10 16 75
4229 10 16 68
3750 10 16 62
6236 10 16 55
5307 10 16 46
4256 10 16 39
5604 10 16 31
2785 10 16 26
762 10 16 19
4641 10 16 12
3659 10 16 4
4802 10 19 90
4328 10 19 82
1900 10 19 75
3634 10 19 68
1527 10 19 62
3956 10 19 55
2406 10 19 46
1337 10 19 39
5368 10 19 31
5466 10 19 25
3548 10 19 20
3705 10 19 10
663 10 19 3
4526 11 1 90
2770 11 1 82
4587 11 1 74
1131 11 1 66
1505 11 1 58
4491 11 1 50
3743 11 1 41
3112 11 1 35
4734 11 1 27
1814 11 1 20
264 11 1 10
4514 11 1 2
3786 11 3 90
2222 11 3 82
4475 11 3 74
4582 11 3 65
3656 11 3 58
4319 11 3 50
3697 11 3 41
4386 11 3 34
497 11 3 26
477 11 3 19
4071 11 3 12
2715 11 3 4
5759 11 5 89
2021 11 5 82
902 11 5 74
3648 11 5 65
2237 11 5 58
2653 11 5 50
3169 11 5 41
3692 11 5 34
22 11 5 26
5247 11 5 18
4636 11 5 12
1844 11 5 4
4952 11 6 89
1483 11 6 82
794 11 6 74
2965 11 6 65
1976 11 6 58
2375 11 6 50
2750 11 6 41
2263 11 6 34
6166 11 6 25
2329 11 6 20
5961 11 6 9
2693 11 6 3
3445 11 12 89
755 11 12 82
3945 11 12 73
32 11 12 66
411 11 12 58
1452 11 12 50
1697 11 12 41
1254 11 12 34
2102 11 12 25
2308 11 12 20
5209 11 12 9
2686 11 12 3
959 11 14 89
5376 11 14 81
2890 11 14 74
201 11 14 65
498 11 14 58
1304 11 14 50
271 11 14 41
859 11 14 34
1353 11 14 25
4193 11 14 19
1440 11 14 12
1282 11 14 4
5802 11 16 88
696 11 16 82
3115 11 16 73
6205 11 16 65
3650 11 16 57
5507 11 16 47
4315 11 16 39
3914 11 16 31
4720 11 16 25
2766 11 16 19
1330 11 16 12
1017 11 16 4
1033 11 19 88
401 11 19 82
1123 11 19 73
5815 11 19 65
2380 11 19 57
4030 11 19 47
4311 11 19 39
3074 11 19 31
4236 11 19 25
509 11 19 19
724 11 19 12
6281 11 19 3
945 12 3 88
6285 12 3 81
553 12 3 74
6303 12 3 64
3465 12 3 57
3849 12 3 47
2377 12 3 39
2932 12 3 31
2997 12 3 25
2959 12 3 18
1730 12 3 12
5852 12 3 3
2175 12 8 87
5758 12 8 80
6137 12 8 73
4466 12 8 65
1096 12 8 57
2466 12 8 47
1981 12 8 39
2324 12 8 31
2885 12 8 25
1825 12 8 18
1318 12 8 12
5413 12 8 3
2077 12 9 87
2916 12 9 80
4788 12 9 73
3837 12 9 65
704 12 9 57
1731 12 9 47
1445 12 9 39
725 12 9 31
2827 12 9 25
1686 12 9 18
219 12 9 12
873 12 9 3
823 12 10 87
1184 12 10 80
4753 12 10 73
1655 12 10 65
5540 12 10 56
5352 12 10 49
1773 12 10 43
321 12 10 36
4353 12 10 25
492 12 10 18
4409 12 10 11
6063 12 10 4
3592 12 14 86
2227 12 14 79
1573 12 14 72
239 12 14 65
4394 12 14 56
4051 12 14 49
4008 12 14 42
4252 12 14 35
4425 12 14 27
5949 12 14 19
5585 12 14 11
5834 12 14 4
2798 13 0 86
2187 13 0 78
3342 13 0 71
4031 13 0 65
3320 13 0 56
3987 13 0 49
3501 13 0 42
3754 13 0 35
3600 13 0 27
4763 13 0 19
5326 13 0 11
5020 13 0 4
926 13 1 86
5855 13 1 77
3373 13 1 68
5380 13 1 61
2985 13 1 54
1667 13 1 43
5792 13 1 35
2694 13 1 27
4335 13 1 19
4923 13 1 11
4813 13 1 4
280 13 2 86
4253 13 2 77
2220 13 2 68
3127 13 2 61
5757 13 2 53
6091 13 2 47
4688 13 2 38
4044 13 2 32
3470 13 2 25
4732 13 2 17
5202 13 2 10
3230 13 2 2
4857 13 3 85
3118 13 3 77
2127 13 3 68
1264 13 3 61
5688 13 3 53
4581 13 3 47
4605 13 3 38
1852 13 3 32
326 13 3 25
5208 13 3 16
5116 13 3 8
3984 13 3 1
3784 13 5 85
1177 13 5 77
1912 13 5 68
43 13 5 61
4915 13 5 53
2673 13 5 47
2742 13 5 38
6210 13 5 31
1644 13 5 25
4966 13 5 16
4678 13 5 8
3218 13 5 1
6082 13 6 84
4438 13 6 76
570 13 6 65
748 13 6 56
2829 13 6 49
3144 13 6 42
2494 13 6 35
4258 13 6 26
3879 13 6 18
2992 13 6 11
3806 13 6 4
53 13 7 84
6216 13 7 75
3439 13 7 68
5119 13 7 60
6221 13 7 52
1243 13 7 46
6132 13 7 38
4725 13 7 31
581 13 7 25
2354 13 7 16
1390 13 7 8
2712 13 7 1
4742 13 8 83
1394 13 8 77
1011 13 8 68
4816 13 8 60
5948 13 8 52
5375 13 8 45
3553 13 8 35
1448 13 8 26
3100 13 8 18
2739 13 8 11
3117 13 8 4
3934 13 9 83
977 13 9 77
111 13 9 68
4373 13 9 60
5052 13 9 52
5134 13 9 45
2777 13 9 35
4772 13 9 25
2022 13 9 16
1014 13 9 8
1719 13 9 1
3083 13 10 81
5199 13 10 73
1088 13 10 65
699 13 10 56
2196 13 10 49
5978 13 10 41
760 13 10 34
4682 13 10 24
5915 13 10 18
2495 13 10 11
2490 13 10 4
2915 13 12 80
4024 13 12 73
6181 13 12 64
3185 13 12 57
716 13 12 47
2685 13 12 38
2928 13 12 31
5824 13 12 24
5795 13 12 18
2026 13 12 11
2273 13 12 4
1779 13 14 79
1128 13 14 72
4601 13 14 64
2859 13 14 57
626 13 14 47
1600 13 14 38
1072 13 14 31
5220 13 14 24
2036 13 14 18
1790 13 14 11
5306 13 14 3
3086 13 16 78
2645 13 16 71
3148 13 16 65
351 13 16 56
279 13 16 49
5860 13 16 41
735 13 16 34
2726 13 16 24
848 13 16 18
424 13 16 11
4159 13 16 3
923 13 17 77
6026 13 17 67
1200 13 17 60
4900 13 17 52
2464 13 17 45
153 13 17 35
4371 13 17 25
1639 13 17 16
844 13 17 8
1768 13 18 72
4346 13 18 64
1299 13 18 57
6277 13 18 46
5358 13 18 38
1061 13 18 31
3986 13 18 24
169 13 18 18
3257 13 18 10
2313 13 18 2
386 13 19 72
4142 13 19 64
617 13 19 57
4565 13 19 46
4779 13 19 38
541 13 19 31
2907 13 19 24
4746 13 19 17
5083 13 19 10
2086 13 19 2
4003 14 11 68
2825 14 11 60
4677 14 11 52
2320 14 11 45
4939 14 11 34
2650 14 11 24
4121 14 11 17
4959 14 11 10
758 14 11 2
1140 14 12 64
6244 14 12 56
5679 14 12 48
1464 14 12 40
550 14 12 32
6271 14 12 24
2051 14 12 17
4094 14 12 10
571 14 12 2
4305 14 14 96
434 14 14 92
1000 14 14 84
5847 14 14 75
2201 14 14 68
442 14 14 60
2652 14 14 52
1502 14 14 45
4436 14 14 34
209 14 14 24
1618 14 14 17
4019 14 14 10
4706 14 14 1
2293 14 16 96
6060 14 16 91
1189 14 16 82
5799 14 16 72
2806 14 16 64
6129 14 16 56
4038 14 16 48
1347 14 16 40
223 14 16 32
5590 14 16 24
602 14 16 17
3122 14 16 10
2471 14 16 1
4280 14 17 95
2875 14 17 90
2213 14 17 82
4743 14 17 72
5580 14 17 63
322 14 17 56
2548 14 17 48
4925 14 17 39
5899 14 17 30
2157 14 17 23
5772 14 17 15
6239 14 17 5
3995 14 18 95
5136 14 18 89
5232 14 18 81
4345 14 18 73
6002 14 18 64
6036 14 18 56
2461 14 18 48
4558 14 18 39
3937 14 18 30
1399 14 18 23
5576 14 18 15
4799 14 18 5
3266 14 19 95
4638 14 19 89
4129 14 19 81
2501 14 19 73
4112 14 19 64
4538 14 19 56
1557 14 19 48
4277 14 19 39
2784 14 19 30
6099 14 19 22
5498 14 19 15
3318 14 19 5
2895 15 0 95
4220 15 0 89
4115 15 0 81
1942 15 0 73
4021 15 0 64
2953 15 0 56
5588 15 0 47
3940 15 0 37
1696 15 0 31
5583 15 0 23
5567 15 0 15
2938 15 0 5
2541 15 2 95
3996 15 2 89
4065 15 2 81
1007 15 2 73
3091 15 2 64
2735 15 2 56
5081 15 2 47
2024 15 2 37
1209 15 2 31
5097 15 2 23
4912 15 2 15
1153 15 2 5
2360 15 3 95
3098 15 3 89
2910 15 3 81
496 15 3 73
2303 15 3 64
1670 15 3 56
3453 15 3 47
1711 15 3 37
141 15 3 31
4927 15 3 23
4366 15 3 15
3611 15 3 4
89 15 5 95
2972 15 5 89
2253 15 5 81
6159 15 5 72
4562 15 5 63
5692 15 5 55
1446 15 5 46
3883 15 5 38
5882 15 5 30
4980 15 5 22
4547 15 5 15
1226 15 5 4
3769 15 6 94
703 15 6 89
2165 15 6 81
3134 15 6 72
4268 15 6 63
4540 15 6 55
1112 15 6 46
3534 15 6 38
5197 15 6 30
3210 15 6 22
1606 15 6 15
5911 15 6 3
3763 15 7 94
3675 15 7 88
5459 15 7 81
1891 15 7 72
4069 15 7 63
2510 15 7 55
6179 15 7 45
3571 15 7 34
5793 15 7 23
1499 15 7 15
4974 15 7 3
3203 15 11 94
3341 15 11 88
5446 15 11 81
1754 15 11 72
2800 15 11 63
1909 15 11 55
4879 15 11 45
2063 15 11 34
5206 15 11 23
1401 15 11 15
1848 15 11 3
1636 16 0 94
2357 16 0 88
3365 16 0 81
142 16 0 72
2364 16 0 63
1414 16 0 55
2901 16 0 45
1699 16 0 34
3719 16 0 23
1357 16 0 15
1249 16 0 3
403 16 5 94
1373 16 5 88
3054 16 5 81
5849 16 5 71
1240 16 5 65
214 16 5 56
2701 16 5 47
825 16 5 37
6084 16 5 30
2351 16 5 22
1575 16 5 15
6038 16 5 2
307 16 6 94
6056 16 6 87
2230 16 6 79
2286 16 6 71
6240 16 6 64
775 16 6 56
1494 16 6 47
354 16 6 37
3854 16 6 30
184 16 6 22
5303 16 6 14
3280 16 6 6
206 16 9 94
5276 16 9 87
1895 16 9 79
1223 16 9 71
2394 16 9 64
6234 16 9 55
1059 16 9 45
5110 16 9 33
6316 16 9 25
712 16 9 16
4331 16 9 7
5930 16 10 93
1190 16 10 87
1595 16 10 79
87 16 10 71
192 16 10 64
5967 16 10 55
858 16 10 45
3730 16 10 33
5917 16 10 25
394 16 10 16
3790 16 10 7
5251 16 11 93
1111 16 11 87
1171 16 11 79
5444 16 11 70
5670 16 11 61
3581 16 11 53
1482 16 11 47
6283 16 11 36
449 16 11 25
5341 16 11 15
1763 16 11 2
3928 16 13 93
4404 16 13 86
3807 16 13 77
5030 16 13 67
6088 16 13 59
115 16 13 53
5458 16 13 46
3469 16 13 38
4829 16 13 30
5487 16 13 21
2067 16 13 13
2844 16 13 5
3890 16 14 93
1094 16 14 86
3785 16 14 77
3239 16 14 67
3351 16 14 59
5491 16 14 52
173 16 14 45
2426 16 14 33
2432 16 14 25
5192 16 14 15
1160 16 14 2
1988 16 15 93
377 16 15 86
2266 16 15 77
3017 16 15 67
1025 16 15 59
4826 16 15 52
6256 16 15 44
5928 16 15 35
3229 16 15 25
4653 16 15 15
330 16 15 2
1986 16 19 93
5475 16 19 85
466 16 19 77
2287 16 19 67
812 16 19 59
4627 16 19 52
4102 16 19 44
4489 16 19 35
2649 16 19 25
4155 16 19 15
5955 16 19 1
1431 17 0 93
2983 17 0 85
5603 17 0 76
6224 17 0 64
3843 17 0 55
36 17 0 45
1218 17 0 33
1727 17 0 25
5775 17 0 14
2356 17 0 6
4935 17 2 92
412 17 2 84
5456 17 2 75
2070 17 2 68
6162 17 2 59
3576 17 2 52
2372 17 2 44
3988 17 2 35
135 17 2 25
5630 17 2 14
485 17 2 6
4870 17 3 92
5462 17 3 83
4585 17 3 76
4625 17 3 64
3651 17 3 55
4618 17 3 44
3085 17 3 35
5624 17 3 24
316 17 3 17
2551 17 3 10
1816 17 3 2
3817 17 5 92
5223 17 5 83
3614 17 5 76
3802 17 5 64
3287 17 5 55
5778 17 5 43
5338 17 5 35
5084 17 5 24
1439 17 5 16
3434 17 5 7
1958 17 6 92
2828 17 6 83
3484 17 6 76
1421 17 6 64
3025 17 6 55
2412 17 6 42
2341 17 6 35
4933 17 6 24
3387 17 6 15
4820 17 6 1
1295 17 10 92
5496 17 10 82
4695 17 10 72
2053 17 10 63
1215 17 10 55
809 17 10 42
1920 17 10 35
4667 17 10 24
2967 17 10 15
4205 17 10 1
816 17 11 92
4057 17 11 82
4285 17 11 72
1733 17 11 63
232 17 11 55
226 17 11 42
1585 17 11 35
4223 17 11 24
1296 17 11 15
3436 17 11 1
6249 17 14 91
5618 17 14 81
4680 17 14 71
2850 17 14 63
6136 17 14 54
2300 17 14 42
759 17 14 35
5913 17 14 23
224 17 14 15
3120 17 14 1
3316 17 15 91
3044 17 15 81
4369 17 15 71
743 17 15 63
5627 17 15 54
5626 17 15 41
6191 17 15 33
1029 17 15 25
5213 17 15 14
360 17 15 6
854 17 16 91
2662 17 16 81
3012 17 16 71
4823 17 16 62
3851 17 16 55
5885 17 16 41
4343 17 16 33
5610 17 16 24
452 17 16 15
6180 17 16 5
254 17 17 91
730 17 17 81
2678 17 17 71
4519 17 17 62
3468 17 17 55
4767 17 17 41
2878 17 17 33
2534 17 17 24
5364 17 17 14
4347 17 17 5
5469 17 19 90
1206 17 19 82
4237 17 19 72
1297 17 19 63
4402 17 19 54
4234 17 19 41
2225 17 19 33
2475 17 19 24
2430 17 19 14
1162 17 19 5
5108 18 0 90
6085 18 0 81
1930 18 0 71
4447 18 0 62
1795 18 0 55
3749 18 0 41
6052 18 0 32
4169 18 0 24
2083 18 0 14
5897 18 0 4
4499 18 6 90
5518 18 6 81
1728 18 6 71
4429 18 6 62
1424 18 6 55
3022 18 6 41
5468 18 6 32
3953 18 6 24
1379 18 6 14
5171 18 6 4
3450 18 8 90
3906 18 8 81
797 18 8 71
4392 18 8 62
893 18 8 55
72 18 8 41
5464 18 8 32
3789 18 8 24
1332 18 8 14
3401 18 8 4
2706 18 11 90
2772 18 11 81
6291 18 11 70
5631 18 11 61
2809 18 11 53
4441 18 11 46
3463 18 11 38
930 18 11 30
5359 18 11 21
1603 18 11 13
1749 18 11 5
1720 18 16 90
1939 18 16 81
5231 18 16 70
4162 18 16 61
1781 18 16 53
4130 18 16 46
3165 18 16 38
6237 18 16 29
4954 18 16 20
3731 18 16 9
1607 18 16 2
1598 19 0 90
233 19 0 81
4195 19 0 70
2783 19 0 61
5387 19 0 52
1957 19 0 44
2981 19 0 35
5224 19 0 23
4303 19 0 14
2636 19 0 4
1015 19 2 90
3815 19 2 80
1212 19 2 73
1692 19 2 64
2768 19 2 55
3700 19 2 40
6295 19 2 31
4741 19 2 23
3278 19 2 14
2137 19 2 4
678 19 3 90
2956 19 3 80
793 19 3 73
522 19 3 64
2056 19 3 55
4469 19 3 38
6003 19 3 29
4244 19 3 20
2744 19 3 9
1217 19 3 2
2802 19 4 89
1042 19 4 81
3767 19 4 70
2540 19 4 61
4897 19 4 52
1660 19 4 44
1602 19 4 35
4707 19 4 23
2787 19 4 14
5325 19 4 3
2574 19 5 89
5656 19 5 80
567 19 5 73
4351 19 5 63
2473 19 5 54
3223 19 5 41
4855 19 5 32
3764 19 5 24
283 19 5 14
4808 19 5 3
1472 19 6 89
5082 19 6 80
4714 19 6 72
779 19 6 63
1132 19 6 54
2903 19 6 40
5771 19 6 31
4472 19 6 23
4877 19 6 13
6288 19 6 4
1336 19 8 89
5071 19 8 80
5801 19 8 71
28 19 8 62
5685 19 8 54
914 19 8 40
5414 19 8 31
5425 19 8 22
2304 19 8 14
4262 19 8 3
5940 19 9 88
2367 19 9 81
2894 19 9 70
1507 19 9 61
4615 19 9 52
4694 19 9 43
3286 19 9 35
3168 19 9 23
4158 19 9 13
5535 19 9 4
5355 19 10 88
2340 19 10 81
1621 19 10 70
2622 19 10 60
231 19 10 52
3973 19 10 43
1783 19 10 35
2343 19 10 23
4032 19 10 13
4798 19 10 4
1965 19 11 88
1640 19 11 81
1387 19 11 70
1944 19 11 60
6135 19 11 51
1956 19 11 42
5513 19 11 34
3159 19 11 23
4011 19 11 13
4555 19 11 4
65 19 13 88
5658 19 13 80
5557 19 13 71
5971 19 13 61
586 19 13 52
1876 19 13 43
1423 19 13 35
3466 19 13 22
2015 19 13 14
3858 19 13 3
4723 19 14 87
440 19 14 79
1238 19 14 70
1572 19 14 60
6029 19 14 51
1036 19 14 42
5429 19 14 34
1924 19 14 23
3946 19 14 13
4238 19 14 4
2866 19 15 86
5622 19 15 76
5767 19 15 63
603 19 15 54
5705 19 15 39
1320 19 15 30
4463 19 15 21
5542 19 15 12
633 19 15 3
1753 19 16 86
5445 19 16 76
4039 19 16 63
418 19 16 54
5563 19 16 39
1265 19 16 30
2941 19 16 21
3562 19 16 12
303 19 16 3
4167 19 18 85
5586 19 18 76
2559 19 18 63
82 19 18 54
2843 19 18 39
243 19 18 30
415 19 18 21
6306 19 18 11
3334 19 18 3
2482 19 19 85
4611 19 19 76
373 19 19 63
61 19 19 54
546 19 19 39
5173 19 19 29
3538 19 19 20
2479 19 19 9
749 19 19 2
