2899
2597 0 0 97
3007 0 0 95
3828 0 0 92
1389 0 0 90
3036 0 0 87
6339 0 0 85
4220 0 0 82
6444 0 0 79
6395 0 0 76
5169 0 0 73
2337 0 0 70
4742 0 0 67
1680 0 0 64
4516 0 0 61
6047 0 0 58
3578 0 0 55
5772 0 0 52
4490 0 0 49
5343 0 0 46
1356 0 0 43
593 0 0 41
5451 0 0 38
601 0 0 36
527 0 0 34
1753 0 0 32
2153 0 0 29
2070 0 0 27
5795 0 0 24
2138 0 0 21
6265 0 0 19
6328 0 0 17
6580 0 0 15
4971 0 0 12
1361 0 0 10
6110 0 0 7
5419 0 0 5
3195 0 0 3
3878 0 1 96
231 0 1 94
6593 0 1 91
688 0 1 88
3051 0 1 85
834 0 1 82
4795 0 1 79
3413 0 1 75
5615 0 1 71
4159 0 1 69
2296 0 1 65
987 0 1 63
2786 0 1 59
5567 0 1 56
4476 0 1 52
2887 0 1 49
4702 0 1 46
1200 0 1 42
2832 0 1 39
3929 0 1 37
4801 0 1 35
4221 0 1 33
3476 0 1 30
1077 0 1 27
6201 0 1 23
3411 0 1 20
4848 0 1 18
3641 0 1 16
1953 0 1 13
5712 0 1 10
5842 0 1 7
3379 0 1 5
5300 0 1 2
1859 0 2 96
4313 0 2 93
2502 0 2 90
3674 0 2 86
4925 0 2 84
753 0 2 82
3561 0 2 79
1122 0 2 75
4636 0 2 71
643 0 2 69
1622 0 2 65
5804 0 2 62
237 0 2 60
3244 0 2 57
2515 0 2 54
6261 0 2 50
194 0 2 48
6400 0 2 45
3344 0 2 42
2340 0 2 39
3882 0 2 37
4639 0 2 34
923 0 2 32
5847 0 2 28
1413 0 2 26
74 0 2 24
990 0 2 21
3037 0 2 19
201 0 2 16
4154 0 2 12
6139 0 2 8
3070 0 2 5
4547 0 2 2
1280 0 3 96
3990 0 3 93
2084 0 3 90
4852 0 3 85
3306 0 3 81
1793 0 3 79
6563 0 3 74
2249 0 3 71
72 0 3 69
5547 0 3 64
3593 0 3 61
2716 0 3 58
1198 0 3 55
4733 0 3 52
1751 0 3 49
4411 0 3 45
2472 0 3 42
177 0 3 39
5497 0 3 36
6004 0 3 33
1425 0 3 30
806 0 3 27
4614 0 3 23
634 0 3 20
5009 0 3 17
5005 0 3 14
2882 0 3 11
1298 0 3 9
2826 0 3 7
9 0 3 4
1190 0 3 1
516 0 4 96
3671 0 4 93
1722 0 4 89
6239 0 4 86
3071 0 4 83
1452 0 4 80
6451 0 4 76
2257 0 4 73
49 0 4 70
5245 0 4 65
5252 0 4 62
1175 0 4 58
887 0 4 55
4015 0 4 52
6187 0 4 48
5006 0 4 45
2187 0 4 42
5538 0 4 38
5965 0 4 35
6237 0 4 30
4167 0 4 26
6095 0 4 23
5577 0 4 19
4498 0 4 15
3321 0 4 12
2203 0 4 8
4146 0 4 4
5412 0 5 95
5390 0 5 91
395 0 5 88
1072 0 5 85
1242 0 5 81
5896 0 5 77
4900 0 5 74
1140 0 5 71
1795 0 5 68
5373 0 5 65
2802 0 5 62
970 0 5 58
5621 0 5 54
4293 0 5 50
1863 0 5 47
6604 0 5 44
5829 0 5 41
2526 0 5 38
2437 0 5 35
4739 0 5 30
1966 0 5 26
5266 0 5 23
2556 0 5 19
2208 0 5 15
2171 0 5 12
5143 0 5 7
2195 0 5 3
4096 0 6 95
3744 0 6 91
4122 0 6 87
2691 0 6 84
4797 0 6 81
3652 0 6 77
1320 0 6 74
6315 0 6 70
3331 0 6 65
1420 0 6 62
2297 0 6 57
6547 0 6 53
6355 0 6 50
425 0 6 47
5026 0 6 44
3554 0 6 41
1919 0 6 38
2432 0 6 35
2065 0 6 30
538 0 6 26
2953 0 6 23
2106 0 6 19
1686 0 6 15
6163 0 6 11
6058 0 6 8
1497 0 6 4
3727 0 7 95
2598 0 7 91
554 0 7 87
5025 0 7 83
5805 0 7 79
2712 0 7 74
5851 0 7 70
2036 0 7 65
4692 0 7 60
2966 0 7 57
6258 0 7 53
4330 0 7 50
5187 0 7 46
4827 0 7 41
3771 0 7 37
340 0 7 34
6387 0 7 31
109 0 7 28
6377 0 7 25
2411 0 7 23
6562 0 7 18
3637 0 7 15
2741 0 7 11
6559 0 7 7
1875 0 7 3
2795 0 8 95
58 0 8 91
6293 0 8 86
883 0 8 82
2560 0 8 79
869 0 8 74
3369 0 8 70
1500 0 8 65
4000 0 8 60
6000 0 8 56
4057 0 8 52
6118 0 8 48
4743 0 8 45
3462 0 8 41
5968 0 8 36
3397 0 8 33
1117 0 8 30
536 0 8 26
2871 0 8 23
5667 0 8 18
3984 0 8 13
3863 0 8 10
1183 0 8 7
50 0 8 3
1409 0 9 95
3906 0 9 90
4356 0 9 85
5152 0 9 80
4489 0 9 76
1538 0 9 73
6488 0 9 69
4850 0 9 64
4629 0 9 60
5985 0 9 56
3004 0 9 52
6082 0 9 48
225 0 9 45
1124 0 9 41
5262 0 9 36
2979 0 9 33
4240 0 9 29
4165 0 9 26
997 0 9 23
3768 0 9 18
2359 0 9 13
6381 0 9 9
6557 0 9 6
2751 0 9 2
6375 0 10 94
6018 0 10 91
5036 0 10 86
81 0 10 82
6179 0 10 78
3455 0 10 75
4373 0 10 71
31 0 10 68
2749 0 10 65
5670 0 10 59
3041 0 10 56
2389 0 10 52
4812 0 10 48
3917 0 10 44
2865 0 10 41
5566 0 10 35
5956 0 10 29
286 0 10 26
3135 0 10 22
1059 0 10 19
1010 0 10 15
2111 0 10 11
5819 0 10 7
5433 0 10 2
6108 0 11 94
3364 0 11 91
4530 0 11 86
4437 0 11 81
6005 0 11 76
5400 0 11 72
1578 0 11 69
1596 0 11 64
4063 0 11 60
4879 0 11 56
2067 0 11 52
4549 0 11 48
3772 0 11 44
1053 0 11 41
3938 0 11 35
5733 0 11 29
2607 0 11 25
3484 0 11 22
4340 0 11 18
2000 0 11 13
5154 0 11 9
5554 0 11 6
1621 0 11 2
4450 0 12 94
966 0 12 91
3788 0 12 86
3754 0 12 81
5982 0 12 75
1559 0 12 71
5854 0 12 67
6370 0 12 63
1787 0 12 59
1681 0 12 56
1635 0 12 52
3969 0 12 48
3032 0 12 44
1039 0 12 41
2253 0 12 35
4678 0 12 29
2449 0 12 25
2622 0 12 22
4186 0 12 18
5256 0 12 12
5122 0 12 7
394 0 12 2
2532 0 13 94
5017 0 13 89
3665 0 13 85
4997 0 13 80
1790 0 13 76
2037 0 13 72
696 0 13 69
5711 0 13 63
1170 0 13 59
3332 0 13 55
1168 0 13 52
3101 0 13 48
1962 0 13 44
6104 0 13 40
1157 0 13 38
1123 0 13 35
2945 0 13 29
5177 0 13 24
5858 0 13 20
3019 0 13 17
4894 0 13 14
2264 0 13 11
5682 0 13 7
6168 0 13 1
1461 0 14 94
4248 0 14 89
5604 0 14 84
6442 0 14 79
60 0 14 74
3176 0 14 70
5028 0 14 64
2455 0 14 60
4834 0 14 56
5893 0 14 51
4204 0 14 47
4844 0 14 44
3381 0 14 40
3155 0 14 37
273 0 14 34
5639 0 14 31
66 0 14 28
4554 0 14 25
5333 0 14 21
1723 0 14 18
3865 0 14 12
3154 0 14 7
6140 0 14 1
4746 0 15 93
84 0 15 89
6214 0 15 83
6436 0 15 78
5905 0 15 74
1817 0 15 70
3081 0 15 64
255 0 15 60
397 0 15 56
4219 0 15 51
2799 0 15 47
2869 0 15 44
2962 0 15 40
20 0 15 37
4830 0 15 32
678 0 15 28
4077 0 15 25
3434 0 15 21
5409 0 15 17
2601 0 15 14
781 0 15 11
5313 0 15 7
5638 0 15 1
4200 0 16 93
5225 0 16 88
6414 0 16 84
5697 0 16 79
5695 0 16 73
3310 0 16 69
1091 0 16 63
978 0 16 59
1918 0 16 55
5034 0 16 51
2009 0 16 47
1161 0 16 44
1611 0 16 40
4674 0 16 36
5813 0 16 32
2019 0 16 27
3760 0 16 23
2797 0 16 18
3718 0 16 12
698 0 16 7
5446 0 16 1
3450 0 17 93
2325 0 17 88
2128 0 17 84
4295 0 17 79
4166 0 17 73
3048 0 17 69
577 0 17 63
870 0 17 59
1158 0 17 55
4903 0 17 51
1185 0 17 47
5008 0 17 43
566 0 17 40
4943 0 17 35
1849 0 17 29
3793 0 17 24
4444 0 17 20
2302 0 17 17
276 0 17 13
5110 0 17 9
5144 0 17 5
2358 0 17 2
3183 0 18 93
462 0 18 88
1927 0 18 84
2335 0 18 79
3775 0 18 73
421 0 18 69
129 0 18 63
5432 0 18 58
4685 0 18 54
4264 0 18 50
2533 0 18 46
1952 0 18 41
6148 0 18 34
4673 0 18 31
5581 0 18 27
783 0 18 23
557 0 18 18
653 0 18 12
181 0 18 7
4646 0 18 1
2237 0 19 93
250 0 19 88
969 0 19 84
748 0 19 79
3152 0 19 73
555 0 19 68
2384 0 19 65
2100 0 19 59
769 0 19 55
4280 0 19 51
5038 0 19 46
1470 0 19 41
6120 0 19 34
3905 0 19 30
5158 0 19 25
3337 0 19 21
4069 0 19 17
5165 0 19 12
6585 0 19 6
6362 0 19 1
1601 2 1 93
6494 2 1 87
4299 2 1 83
6338 2 1 78
4311 2 1 74
190 2 1 70
2701 2 1 64
6074 2 1 59
139 2 1 55
2393 2 1 51
4500 2 1 46
1283 2 1 41
6077 2 1 34
6278 2 1 29
2129 2 1 24
606 2 1 20
453 2 1 17
2582 2 1 12
6341 2 1 6
4424 2 1 1
4945 2 2 92
2733 2 2 89
4053 2 2 83
5980 2 2 78
648 2 2 74
3955 2 2 69
71 2 2 63
4163 2 2 58
3959 2 2 54
3911 2 2 50
2529 2 2 46
1227 2 2 41
5868 2 2 34
5595 2 2 29
1662 2 2 24
591 2 2 20
5045 2 2 16
1145 2 2 12
4804 2 2 6
2394 2 2 1
3824 2 3 92
3685 2 3 88
6589 2 3 83
5809 2 3 78
6527 2 3 73
209 2 3 68
747 2 3 65
2051 2 3 59
5211 2 3 53
3987 2 3 50
1853 2 3 46
502 2 3 41
1133 2 3 34
5413 2 3 29
1197 2 3 24
4333 2 3 19
6266 2 3 14
4580 2 3 10
357 2 3 7
3678 2 3 1
2272 2 5 92
2762 2 5 88
5663 2 5 83
5284 2 5 78
3811 2 5 73
6091 2 5 67
5671 2 5 63
4068 2 5 58
3512 2 5 54
2661 2 5 50
6431 2 5 45
4245 2 5 40
3978 2 5 35
79 2 5 29
5789 2 5 23
6455 2 5 17
2013 2 5 12
2896 2 5 6
1014 2 5 1
5889 2 6 91
774 2 6 86
2215 2 6 81
4805 2 6 75
5378 2 6 70
1256 2 6 64
5645 2 6 59
3790 2 6 53
5969 2 6 49
3843 2 6 45
2494 2 6 40
2412 2 6 35
4501 2 6 28
3608 2 6 25
1515 2 6 21
2924 2 6 17
1182 2 6 12
710 2 6 6
876 2 6 2
3653 2 7 90
6394 2 7 84
5867 2 7 78
1007 2 7 73
3453 2 7 67
1327 2 7 63
3326 2 7 58
232 2 7 54
1364 2 7 50
5509 2 7 45
537 2 7 40
2270 2 7 35
3606 2 7 28
98 2 7 25
11 2 7 21
1895 2 7 17
4429 2 7 11
908 2 7 7
2531 2 7 1
2326 2 8 90
5978 2 8 84
5526 2 8 78
733 2 8 73
3103 2 8 67
972 2 8 63
2407 2 8 58
4448 2 8 53
5892 2 8 49
3654 2 8 45
407 2 8 40
1949 2 8 35
3585 2 8 28
2881 2 8 24
3078 2 8 19
3694 2 8 14
2681 2 8 10
3350 2 8 6
6446 2 8 1
6507 2 9 89
2066 2 9 83
4942 2 9 78
713 2 9 73
2431 2 9 67
4707 2 9 62
5747 2 9 56
3825 2 9 51
4465 2 9 46
3656 2 9 40
3841 2 9 34
4464 2 9 29
5684 2 9 23
6280 2 9 17
1697 2 9 11
5568 2 9 6
3589 2 9 1
4618 2 10 89
5341 2 10 82
4647 2 10 78
5559 2 10 72
5719 2 10 68
6071 2 10 64
2163 2 10 59
3456 2 10 53
2295 2 10 49
3208 2 10 45
6003 2 10 39
3872 2 10 36
5792 2 10 32
845 2 10 27
6103 2 10 22
1314 2 10 18
6307 2 10 11
920 2 10 6
3149 2 10 1
2439 2 11 89
4101 2 11 82
3752 2 11 78
3879 2 11 72
5690 2 11 68
4306 2 11 64
5940 2 11 58
2956 2 11 53
841 2 11 49
5757 2 11 44
4865 2 11 39
3672 2 11 36
3680 2 11 32
3780 2 11 26
2990 2 11 22
1104 2 11 18
6012 2 11 11
4241 2 11 5
2391 2 11 1
450 2 12 89
4014 2 12 82
3677 2 12 78
1868 2 12 72
2498 2 12 68
2709 2 12 64
4913 2 12 58
2507 2 12 53
5467 2 12 48
5590 2 12 43
6493 2 12 39
3237 2 12 36
3657 2 12 32
1866 2 12 26
1801 2 12 22
6361 2 12 17
896 2 12 11
434 2 12 5
1606 2 12 1
5171 2 13 88
2473 2 13 83
2206 2 13 78
4473 2 13 71
5731 2 13 67
4309 2 13 62
4637 2 13 56
3104 2 13 51
3886 2 13 46
2913 2 13 40
2950 2 13 34
4255 2 13 29
3819 2 13 23
5531 2 13 17
186 2 13 11
241 2 13 5
1022 2 13 1
3750 2 16 88
1346 2 16 83
1402 2 16 78
3277 2 16 71
5508 2 16 67
278 2 16 62
819 2 16 56
4350 2 16 50
4130 2 16 45
5657 2 16 39
2286 2 16 36
3179 2 16 32
5890 2 16 25
6464 2 16 20
3605 2 16 16
4923 2 16 11
6531 2 16 4
5296 2 17 87
3431 2 17 83
4756 2 17 77
3284 2 17 73
1803 2 17 67
6245 2 17 61
6609 2 17 57
5408 2 17 53
5013 2 17 48
4974 2 17 43
4659 2 17 39
1710 2 17 36
1076 2 17 32
5483 2 17 25
4346 2 17 20
3486 2 17 16
1444 2 17 11
6403 2 17 4
1252 2 18 87
1216 2 18 83
2216 2 18 77
2096 2 18 73
922 2 18 67
5935 2 18 61
5030 2 18 57
4631 2 18 53
4832 2 18 48
3804 2 18 43
4142 2 18 39
5946 2 18 35
940 2 18 28
5866 2 18 23
4821 2 18 17
6545 2 18 10
932 2 18 6
43 2 18 1
6174 2 19 86
1972 2 19 81
2755 2 19 75
5175 2 19 70
1229 2 19 64
4435 2 19 58
2194 2 19 53
3534 2 19 48
2273 2 19 43
4054 2 19 39
5514 2 19 35
170 2 19 28
3126 2 19 23
4050 2 19 17
3894 2 19 10
6483 2 19 5
5768 3 1 86
736 3 1 81
1464 3 1 75
4405 3 1 70
551 3 1 64
4161 3 1 58
1561 3 1 53
2457 3 1 48
1482 3 1 43
657 3 1 39
3548 3 1 35
6465 3 1 27
3676 3 1 22
6334 3 1 17
2843 3 1 10
5666 3 1 5
2903 3 2 86
6210 3 2 80
6221 3 2 75
3432 3 2 70
5870 3 2 63
1964 3 2 58
1156 3 2 53
1149 3 2 48
6231 3 2 42
3505 3 2 38
73 3 2 35
4202 3 2 27
2350 3 2 22
5250 3 2 17
1930 3 2 10
5010 3 2 5
1593 3 3 86
5389 3 3 80
5459 3 3 75
2868 3 3 70
5248 3 3 63
684 3 3 58
760 3 3 53
6581 3 3 47
5997 3 3 42
260 3 3 38
6305 3 3 34
3609 3 3 29
961 3 3 23
2739 3 3 17
1549 3 3 10
3172 3 3 5
1566 3 5 86
3614 3 5 80
4696 3 5 75
4497 3 5 69
4890 3 5 62
274 3 5 56
4286 3 5 50
1721 3 5 45
5506 3 5 39
3370 3 5 35
4046 3 5 27
729 3 5 22
4315 3 5 17
945 3 5 10
3158 3 5 5
4035 3 6 85
3198 3 6 80
2602 3 6 75
5857 3 6 68
6459 3 6 63
5749 3 6 57
2345 3 6 53
3052 3 6 47
1888 3 6 42
5693 3 6 37
2737 3 6 32
4160 3 6 25
4099 3 6 20
2940 3 6 16
498 3 6 11
4902 3 6 4
3068 3 7 85
378 3 7 80
2027 3 7 75
5707 3 7 68
5934 3 7 63
4753 3 7 57
350 3 7 53
261 3 7 47
935 3 7 42
4809 3 7 37
873 3 7 32
3121 3 7 25
3631 3 7 20
2007 3 7 16
258 3 7 11
4189 3 7 4
2922 3 8 85
6181 3 8 79
2561 3 8 73
358 3 8 67
5090 3 8 61
4367 3 8 57
4992 3 8 52
1694 3 8 48
5308 3 8 42
3675 3 8 37
6481 3 8 31
3448 3 8 27
2438 3 8 21
5031 3 8 16
6530 3 8 10
3105 3 8 5
1876 3 9 85
5217 3 9 79
2543 3 9 73
86 3 9 67
4717 3 9 61
1780 3 9 57
4344 3 9 52
843 3 9 48
4873 3 9 42
2752 3 9 37
4986 3 9 31
2453 3 9 26
595 3 9 22
6242 3 9 16
4686 3 9 10
2724 3 9 5
4998 3 13 84
5303 3 13 78
5118 3 13 70
5085 3 13 63
1136 3 13 57
3446 3 13 52
3540 3 13 47
6213 3 13 41
624 3 13 34
3353 3 13 29
5255 3 13 22
5129 3 13 16
4504 3 13 10
3541 3 13 4
4728 3 16 84
5039 3 16 78
3228 3 16 70
4158 3 16 63
4433 3 16 56
3740 3 16 50
6316 3 16 44
3449 3 16 39
3201 3 16 35
314 3 16 27
1417 3 16 21
4348 3 16 15
385 3 16 11
4056 3 16 4
4203 3 17 84
4908 3 17 78
2127 3 17 70
3766 3 17 63
3854 3 17 56
2942 3 17 50
6287 3 17 44
3059 3 17 39
4345 3 17 34
3175 3 17 29
4520 3 17 22
4627 3 17 16
262 3 17 10
3075 3 17 4
4019 3 18 84
4765 3 18 78
1983 3 18 70
2992 3 18 63
2862 3 18 56
2583 3 18 50
5755 3 18 44
1646 3 18 39
4005 3 18 34
2344 3 18 29
2639 3 18 22
2319 3 18 16
5562 3 18 9
5346 3 18 4
2186 3 19 84
4731 3 19 78
6006 3 19 69
4310 3 19 62
4287 3 19 55
685 3 19 51
2912 3 19 46
2381 3 19 40
2570 3 19 34
3523 3 19 28
1774 3 19 23
5891 3 19 16
3979 3 19 9
1882 3 19 4
1155 4 1 84
4654 4 1 78
5425 4 1 69
3848 4 1 62
2683 4 1 55
96 4 1 51
2374 4 1 46
1316 4 1 40
2440 4 1 34
3483 4 1 28
1324 4 1 23
4577 4 1 16
3518 4 1 9
687 4 1 4
6569 4 5 83
2149 4 5 77
1493 4 5 73
4459 4 5 66
4966 4 5 62
2014 4 5 55
6080 4 5 50
4810 4 5 44
3545 4 5 38
2108 4 5 33
2064 4 5 29
2293 4 5 22
1600 4 5 16
1745 4 5 9
571 4 5 4
5924 4 9 82
6401 4 9 77
413 4 9 73
4262 4 9 66
3273 4 9 62
1589 4 9 55
5902 4 9 50
3291 4 9 44
2180 4 9 38
1901 4 9 33
6092 4 9 28
6447 4 9 22
829 4 9 16
200 4 9 9
191 4 9 4
1623 4 11 82
2943 4 11 77
3221 4 11 72
1405 4 11 68
3584 4 11 63
1139 4 11 56
2450 4 11 50
3157 4 11 44
2119 4 11 38
5983 4 11 32
1617 4 11 25
6510 4 11 19
1677 4 11 14
981 4 11 10
6113 4 11 3
3335 4 13 78
5345 4 13 69
3200 4 13 62
6535 4 13 54
4455 4 13 49
1757 4 13 44
1656 4 13 38
5397 4 13 32
652 4 13 25
3233 4 13 19
1263 4 13 14
6053 4 13 9
5954 4 13 3
384 4 14 77
926 4 14 72
1051 4 14 68
2049 4 14 63
5906 4 14 55
5751 4 14 50
5947 4 14 43
5802 4 14 38
4388 4 14 32
292 4 14 25
3182 4 14 19
853 4 14 14
4537 4 14 9
4432 4 14 3
6398 4 16 97
6357 4 16 94
4112 4 16 89
2946 4 16 82
1057 4 16 77
251 4 16 72
4475 4 16 67
4642 4 16 61
178 4 16 57
2803 4 16 52
2207 4 16 47
5853 4 16 41
616 4 16 34
1874 4 16 28
3681 4 16 22
6520 4 16 15
6329 4 16 10
4613 4 16 3
6275 5 1 97
5135 5 1 94
3767 5 1 89
2763 5 1 82
55 5 1 77
5691 5 1 71
2405 5 1 67
3315 5 1 61
2756 5 1 56
2073 5 1 50
5239 5 1 43
4233 5 1 38
1985 5 1 32
6423 5 1 24
2820 5 1 19
4896 5 1 13
4679 5 1 9
3968 5 1 3
323 5 3 97
6326 5 3 93
4129 5 3 87
3644 5 3 82
6549 5 3 76
3810 5 3 71
6506 5 3 66
2243 5 3 62
3873 5 3 54
4246 5 3 49
1348 5 3 44
3017 5 3 37
3646 5 3 31
4855 5 3 25
1625 5 3 19
2758 5 3 13
4512 5 3 9
5964 5 3 2
175 5 7 97
4714 5 7 93
3229 5 7 87
3632 5 7 82
4170 5 7 76
2260 5 7 71
3713 5 7 66
1580 5 7 62
2626 5 7 54
3064 5 7 49
544 5 7 44
2631 5 7 37
2730 5 7 31
3594 5 7 25
253 5 7 19
2414 5 7 13
4155 5 7 9
5901 5 7 2
5114 5 8 96
2658 5 8 93
1954 5 8 87
2655 5 8 82
3122 5 8 76
1862 5 8 71
2373 5 8 66
4059 5 8 61
661 5 8 56
2042 5 8 50
1430 5 8 43
433 5 8 38
489 5 8 32
452 5 8 24
2703 5 8 19
1368 5 8 13
6509 5 8 8
1138 5 8 4
2254 5 9 96
6497 5 9 92
572 5 9 88
440 5 9 83
248 5 9 77
5203 5 9 71
1506 5 9 66
2580 5 9 61
345 5 9 56
6592 5 9 49
6424 5 9 43
5806 5 9 37
1731 5 9 31
3272 5 9 25
4862 5 9 18
3258 5 9 11
2204 5 9 4
6176 5 11 95
2905 5 11 90
5669 5 11 84
3634 5 11 78
4976 5 11 69
2981 5 11 62
1674 5 11 54
588 5 11 49
6271 5 11 43
4989 5 11 37
1205 5 11 31
37 5 11 25
4602 5 11 18
1856 5 11 11
2088 5 11 4
6128 5 13 95
2316 5 13 90
4735 5 13 84
1085 5 13 78
4269 5 13 69
2899 5 13 62
946 5 13 54
532 5 13 49
5057 5 13 43
4495 5 13 37
5584 5 13 30
3398 5 13 25
1375 5 13 18
4961 5 13 10
3921 5 13 3
5190 5 14 95
5832 5 14 89
124 5 14 82
1692 5 14 76
1739 5 14 71
83 5 14 66
1446 5 14 60
5234 5 14 55
4037 5 14 50
159 5 14 43
4321 5 14 37
5417 5 14 30
2317 5 14 24
2353 5 14 19
6093 5 14 12
353 5 14 6
4320 5 18 95
4754 5 18 89
4682 5 18 81
1436 5 18 75
3852 5 18 68
1142 5 18 63
5597 5 18 55
1957 5 18 50
4045 5 18 42
5407 5 18 36
95 5 18 32
359 5 18 24
2205 5 18 19
4699 5 18 12
111 5 18 6
1827 5 19 95
3838 5 19 89
833 5 19 81
192 5 19 75
2769 5 19 68
5007 5 19 62
6116 5 19 53
5359 5 19 46
5305 5 19 39
3077 5 19 34
824 5 19 28
1920 5 19 22
5916 5 19 15
4785 5 19 10
3720 5 19 3
1369 6 1 95
3421 6 1 89
715 6 1 81
6269 6 1 74
6452 6 1 68
4920 6 1 62
4962 6 1 53
5283 6 1 46
3248 6 1 39
2072 6 1 34
6348 6 1 27
955 6 1 21
4258 6 1 15
4527 6 1 10
3599 6 1 3
5490 6 3 94
2434 6 3 89
161 6 3 81
3001 6 3 74
5708 6 3 68
4533 6 3 62
4730 6 3 53
5204 6 3 46
3214 6 3 39
1843 6 3 34
6045 6 3 27
5963 6 3 20
1267 6 3 16
6384 6 3 8
6299 6 3 3
3222 6 5 94
2078 6 5 89
5798 6 5 80
5660 6 5 74
5398 6 5 68
2707 6 5 62
2536 6 5 53
4072 6 5 46
3133 6 5 39
134 6 5 34
5254 6 5 27
5911 6 5 20
1264 6 5 16
5776 6 5 8
6013 6 5 3
1013 6 6 94
6230 6 6 88
3597 6 6 82
229 6 6 76
1358 6 6 71
5841 6 6 65
1553 6 6 59
2545 6 6 53
3745 6 6 46
1304 6 6 39
5436 6 6 33
2813 6 6 28
902 6 6 22
5337 6 6 15
2653 6 6 10
3400 6 6 3
6516 6 7 93
1277 6 7 87
2255 6 7 82
6301 6 7 75
4213 6 7 67
1109 6 7 61
6107 6 7 55
6256 6 7 49
4326 6 7 43
2530 6 7 37
5179 6 7 30
1508 6 7 24
1026 6 7 19
1257 6 7 12
6142 6 7 5
5064 6 8 93
1202 6 8 87
457 6 8 82
4423 6 8 75
3296 6 8 67
291 6 8 61
3491 6 8 55
2892 6 8 49
2577 6 8 43
4981 6 8 36
5503 6 8 31
4901 6 8 24
596 6 8 19
952 6 8 12
2917 6 8 5
4950 6 9 93
986 6 9 87
6194 6 9 81
2474 6 9 74
2949 6 9 68
4906 6 9 60
256 6 9 55
2354 6 9 49
2118 6 9 43
4017 6 9 36
5280 6 9 31
1763 6 9 24
5127 6 9 18
4399 6 9 10
1224 6 9 3
2808 6 11 93
249 6 11 87
4568 6 11 81
1028 6 11 74
5881 6 11 67
3798 6 11 60
3765 6 11 54
6438 6 11 48
3746 6 11 42
5074 6 11 36
3622 6 11 31
1483 6 11 24
4521 6 11 18
1971 6 11 10
776 6 11 3
3003 6 13 92
6537 6 13 87
3143 6 13 81
483 6 13 74
5558 6 13 67
4132 6 13 59
2400 6 13 53
2076 6 13 46
989 6 13 39
4930 6 13 33
1478 6 13 28
5726 6 13 21
1068 6 13 15
2604 6 13 10
4845 6 13 2
1760 6 14 92
4430 6 14 87
5476 6 14 80
5427 6 14 74
4431 6 14 67
3628 6 14 59
1221 6 14 53
1839 6 14 46
6008 6 14 38
4558 6 14 31
641 6 14 24
2425 6 14 18
6236 6 14 9
5879 6 14 2
336 6 16 92
3025 6 16 87
5330 6 16 80
5362 6 16 74
4152 6 16 67
3588 6 16 59
796 6 16 53
1383 6 16 46
5493 6 16 38
4134 6 16 31
6462 6 16 23
1244 6 16 16
5148 6 16 8
5962 6 16 3
5243 6 17 91
699 6 17 86
2931 6 17 80
4644 6 17 74
2806 6 17 67
888 6 17 59
2448 6 17 52
458 6 17 47
5115 6 17 41
5631 6 17 33
223 6 17 28
1388 6 17 21
389 6 17 15
1941 6 17 10
4559 6 17 2
3186 6 18 91
3435 6 18 85
3460 6 18 79
2397 6 18 73
3682 6 18 66
1265 6 18 60
742 6 18 54
5618 6 18 48
1455 6 18 42
4510 6 18 36
3167 6 18 31
5783 6 18 23
548 6 18 16
2435 6 18 8
5360 6 18 3
589 6 19 91
1148 6 19 85
2889 6 19 79
1560 6 19 73
2974 6 19 66
512 6 19 59
2038 6 19 52
6124 6 19 46
3551 6 19 38
3112 6 19 31
3621 6 19 23
3603 6 19 15
5782 6 19 9
2995 6 19 2
496 7 1 91
374 7 1 85
2722 7 1 79
1325 7 1 73
2045 7 1 66
3717 7 1 58
4438 7 1 52
5069 7 1 46
2632 7 1 38
2901 7 1 31
1551 7 1 23
2281 7 1 15
5325 7 1 9
2646 7 1 2
5556 7 3 90
4518 7 3 84
283 7 3 78
3635 7 3 69
23 7 3 62
5056 7 3 52
4227 7 3 46
365 7 3 38
1926 7 3 31
5302 7 3 22
5189 7 3 15
4905 7 3 9
1984 7 3 2
4376 7 9 90
4238 7 9 84
5183 7 9 77
4529 7 9 71
3418 7 9 65
1045 7 9 59
1880 7 9 52
1937 7 9 46
4662 7 9 37
2276 7 9 30
4669 7 9 23
1835 7 9 15
4666 7 9 9
4024 7 9 1
3373 7 10 90
3190 7 10 84
4047 7 10 77
3119 7 10 71
2185 7 10 65
4668 7 10 58
4137 7 10 52
1913 7 10 46
3686 7 10 37
1210 7 10 30
4477 7 10 23
28 7 10 15
3785 7 10 9
3022 7 10 1
2767 7 11 90
2765 7 11 84
2223 7 11 77
2838 7 11 71
1806 7 11 65
3947 7 11 58
3996 7 11 52
5164 7 11 45
4499 7 11 39
3343 7 11 33
2634 7 11 27
5587 7 11 20
141 7 11 16
2082 7 11 8
1897 7 11 3
2383 7 16 90
5773 7 16 83
5059 7 16 76
1342 7 16 71
1773 7 16 65
3467 7 16 58
2242 7 16 52
4316 7 16 45
5995 7 16 38
635 7 16 31
3170 7 16 22
4474 7 16 15
1667 7 16 9
1779 7 16 1
670 8 1 90
5435 8 1 83
4949 8 1 76
5364 8 1 70
2735 8 1 63
5533 8 1 55
6528 8 1 48
4265 8 1 41
4513 8 1 33
1906 8 1 27
5210 8 1 20
5076 8 1 15
3562 8 1 8
1392 8 1 3
6594 8 6 89
5161 8 6 80
3139 8 6 74
1893 8 6 67
408 8 6 59
1433 8 6 52
3394 8 6 45
5449 8 6 38
3949 8 6 30
4086 8 6 23
6317 8 6 14
4505 8 6 9
913 8 6 1
5525 8 7 89
3853 8 7 80
889 8 7 74
289 8 7 67
6525 8 7 58
2165 8 7 52
149 8 7 45
5334 8 7 38
3935 8 7 30
1301 8 7 23
6043 8 7 14
2906 8 7 9
6086 8 7 2
5040 8 8 89
3490 8 8 80
5794 8 8 73
1029 8 8 66
3684 8 8 58
1451 8 8 52
6319 8 8 44
1459 8 8 37
6402 8 8 29
1755 8 8 22
3311 8 8 15
2884 8 8 8
5991 8 8 2
2396 8 9 89
1743 8 9 80
5681 8 9 73
112 8 9 66
2231 8 9 58
373 8 9 52
4967 8 9 44
656 8 9 37
5656 8 9 29
4939 8 9 21
6540 8 9 14
6489 8 9 8
3342 8 9 2
1501 8 12 89
898 8 12 80
3292 8 12 73
5664 8 12 65
2628 8 12 58
4365 8 12 51
900 8 12 46
951 8 12 37
5301 8 12 29
4456 8 12 21
6028 8 12 14
5368 8 12 8
2645 8 12 2
5367 8 13 88
1892 8 13 82
4420 8 13 75
3189 8 13 67
5787 8 13 58
1476 8 13 51
5652 8 13 45
4926 8 13 38
2420 8 13 30
848 8 13 23
4484 8 13 14
2091 8 13 8
1998 8 13 2
3856 8 14 87
4766 8 14 80
2294 8 14 73
6 8 14 65
840 8 14 58
712 8 14 51
5565 8 14 45
4860 8 14 38
2261 8 14 30
574 8 14 23
3786 8 14 14
550 8 14 8
786 8 14 2
4147 8 18 86
1400 8 18 80
474 8 18 73
6175 8 18 64
4052 8 18 58
4488 8 18 50
1950 8 18 42
3809 8 18 36
1232 8 18 31
1466 8 18 22
3275 8 18 15
2201 8 18 8
6514 8 18 1
3730 8 19 86
1345 8 19 80
3193 8 19 72
4011 8 19 67
4517 8 19 58
4377 8 19 50
1837 8 19 42
3044 8 19 36
6123 8 19 30
5019 8 19 22
2982 8 19 15
1812 8 19 8
4768 8 19 1
2674 9 1 86
856 9 1 80
2937 9 1 72
2878 9 1 67
4110 9 1 58
3547 9 1 50
1030 9 1 42
2863 9 1 36
5327 9 1 30
2021 9 1 22
2667 9 1 15
3998 9 1 7
4757 9 3 85
1243 9 3 79
1204 9 3 73
5624 9 3 64
4028 9 3 58
3355 9 3 50
974 9 3 42
6217 9 3 35
131 9 3 27
4931 9 3 20
3508 9 3 15
2416 9 3 7
3922 9 4 84
2144 9 4 77
2283 9 4 71
1592 9 4 65
402 9 4 58
3336 9 4 50
738 9 4 42
5826 9 4 35
6196 9 4 26
6567 9 4 21
2908 9 4 14
4822 9 4 7
3327 9 6 83
4503 9 6 76
5067 9 6 70
2710 9 6 63
5465 9 6 55
6288 9 6 48
3299 9 6 41
3939 9 6 33
1484 9 6 27
2975 9 6 20
1736 9 6 15
1528 9 6 7
6511 9 7 82
2210 9 7 75
2807 9 7 67
2338 9 7 58
3150 9 7 50
5543 9 7 41
479 9 7 33
864 9 7 27
5521 9 7 19
382 9 7 12
2778 9 7 5
5610 9 14 82
1903 9 14 75
1032 9 14 67
1542 9 14 58
1384 9 14 50
3227 9 14 41
5504 9 14 32
5786 9 14 23
2426 9 14 14
4396 9 14 7
3474 9 16 82
5227 9 16 74
5931 9 16 66
1565 9 16 58
6279 9 16 49
2113 9 16 43
3308 9 16 36
5226 9 16 30
1235 9 16 22
1870 9 16 15
763 9 16 7
3339 9 17 81
4106 9 17 73
5602 9 17 64
3549 9 17 58
4259 9 17 49
1604 9 17 43
1585 9 17 36
4883 9 17 30
370 9 17 22
1065 9 17 15
513 9 17 7
299 9 18 80
2619 9 18 72
6529 9 18 66
146 9 18 58
3602 9 18 49
1385 9 18 43
1107 9 18 36
3860 9 18 30
4688 9 18 21
2236 9 18 14
481 9 18 7
6505 9 19 79
1176 9 19 73
5044 9 19 64
2984 9 19 58
1789 9 19 49
6283 9 19 42
4849 9 19 35
6015 9 19 26
1824 9 19 21
2001 9 19 14
5863 9 19 6
1815 10 7 78
3016 10 7 69
6575 10 7 61
3320 10 7 55
6106 10 7 48
3039 10 7 41
3723 10 7 32
5078 10 7 23
2285 10 7 14
5145 10 7 6
533 10 10 78
2958 10 10 69
6152 10 10 61
3029 10 10 55
4371 10 10 48
5213 10 10 40
1353 10 10 34
5119 10 10 27
5496 10 10 19
6368 10 10 11
1707 10 10 4
6591 10 11 77
2169 10 11 71
585 10 11 65
6025 10 11 57
6153 10 11 51
4292 10 11 45
4543 10 11 38
1848 10 11 30
4462 10 11 21
1390 10 11 14
4253 10 11 6
5989 10 12 73
4611 10 12 64
2341 10 12 58
6598 10 12 48
4959 10 12 40
1166 10 12 34
4234 10 12 27
4080 10 12 19
5128 10 12 11
1678 10 12 4
3114 10 13 65
4535 10 13 57
5573 10 13 51
2999 10 13 45
4478 10 13 38
1524 10 13 30
855 10 13 21
975 10 13 14
3915 10 13 6
5455 11 0 95
1670 11 0 89
284 11 0 80
2516 11 0 72
6404 11 0 66
6607 11 0 57
4910 11 0 51
6608 11 0 44
5948 11 0 36
2177 11 0 30
6353 11 0 20
788 11 0 15
5290 11 0 6
3985 11 4 95
5862 11 4 88
6365 11 4 81
3663 11 4 73
2996 11 4 64
2179 11 4 58
3670 11 4 48
4705 11 4 40
432 11 4 34
2866 11 4 27
2823 11 4 19
3791 11 4 11
1671 11 4 4
3880 11 5 95
4091 11 5 88
4868 11 5 81
3591 11 5 73
2271 11 5 64
1336 11 5 58
3405 11 5 48
1079 11 5 40
6551 11 5 33
546 11 5 27
2689 11 5 19
3441 11 5 11
1579 11 5 4
3559 11 15 95
4064 11 15 88
4400 11 15 81
3437 11 15 73
1699 11 15 64
6439 11 15 57
4610 11 15 51
5332 11 15 44
5586 11 15 36
1099 11 15 30
6186 11 15 20
771 11 15 15
5221 11 15 6
3274 11 17 95
3817 11 17 88
4013 11 17 81
1854 11 17 73
4837 11 17 63
3415 11 17 55
3912 11 17 48
570 11 17 40
6192 11 17 33
4769 11 17 26
145 11 17 21
832 11 17 14
2638 11 17 6
2718 11 18 95
3543 11 18 88
6050 11 18 80
390 11 18 72
6358 11 18 66
5925 11 18 57
4571 11 18 51
5100 11 18 44
4818 11 18 36
992 11 18 30
5468 11 18 20
6337 11 18 14
703 11 18 6
6332 11 19 94
5620 11 19 88
5651 11 19 80
4151 11 19 71
5915 11 19 64
6314 11 19 57
3840 11 19 51
4947 11 19 44
4441 11 19 36
6257 11 19 29
3733 11 19 21
519 11 19 14
6553 11 19 5
5106 12 0 94
5061 12 0 88
5228 12 0 80
1931 12 0 71
5622 12 0 64
5674 12 0 57
332 12 0 51
3974 12 0 44
2745 12 0 36
4440 12 0 29
3667 12 0 21
392 12 0 14
5142 12 0 5
3433 12 2 94
4675 12 2 88
1429 12 2 80
808 12 2 71
3168 12 2 64
5443 12 2 57
6473 12 2 50
6586 12 2 40
5416 12 2 33
4713 12 2 26
4846 12 2 20
3042 12 2 14
4576 12 2 5
3429 12 4 94
3900 12 4 88
6373 12 4 79
65 12 4 73
2192 12 4 63
2365 12 4 55
2830 12 4 48
6500 12 4 39
1246 12 4 33
4698 12 4 26
2914 12 4 20
4973 12 4 13
6298 12 4 8
4567 12 4 1
3282 12 5 94
2462 12 5 88
2873 12 5 79
3391 12 5 72
2443 12 5 66
5070 12 5 57
3975 12 5 50
6443 12 5 40
5168 12 5 33
4439 12 5 26
2840 12 5 20
4915 12 5 13
3844 12 5 8
4412 12 5 1
2978 12 6 94
1513 12 6 88
2647 12 6 79
3216 12 6 72
1752 12 6 66
3626 12 6 57
3091 12 6 50
6098 12 6 40
3008 12 6 33
3531 12 6 26
2777 12 6 20
4224 12 6 13
3579 12 6 8
3972 12 6 1
2103 12 7 94
963 12 7 88
6490 12 7 78
2656 12 7 69
5769 12 7 61
2886 12 7 55
1995 12 7 48
5846 12 7 39
6078 12 7 32
4608 12 7 23
1502 12 7 14
3325 12 7 5
6415 12 8 93
6561 12 8 86
82 12 8 80
4281 12 8 70
2015 12 8 63
1081 12 8 55
1378 12 8 48
5494 12 8 39
4342 12 8 32
3018 12 8 23
6372 12 8 13
1525 12 8 8
3933 12 8 1
5351 12 9 93
5717 12 9 86
4709 12 9 79
2371 12 9 72
967 12 9 66
3124 12 9 57
3065 12 9 50
4030 12 9 40
2552 12 9 33
1532 12 9 26
2258 12 9 20
2938 12 9 13
592 12 9 8
2615 12 9 1
3899 12 10 93
5101 12 10 86
4113 12 10 79
1693 12 10 72
563 12 10 66
2964 12 10 57
1535 12 10 50
614 12 10 40
2161 12 10 33
1412 12 10 26
1300 12 10 20
2590 12 10 13
5724 12 10 7
2308 12 11 93
2858 12 11 86
2926 12 11 79
10 12 11 72
189 12 11 66
6513 12 11 56
6417 12 11 49
5939 12 11 42
4771 12 11 35
3367 12 11 26
912 12 11 20
1683 12 11 13
2804 12 11 7
2059 12 12 93
1691 12 12 86
958 12 12 79
6276 12 12 71
2523 12 12 64
5096 12 12 57
142 12 12 50
6350 12 12 39
4236 12 12 32
751 12 12 23
5887 12 12 13
2720 12 12 7
1772 12 13 93
1610 12 13 86
6556 12 13 78
1725 12 13 69
4275 12 13 61
965 12 13 55
1352 12 13 48
5454 12 13 39
2605 12 13 32
4991 12 13 22
892 12 13 15
4254 12 13 6
890 12 14 93
956 12 14 86
5646 12 14 78
1333 12 14 69
2018 12 14 61
919 12 14 55
1147 12 14 48
5230 12 14 39
1881 12 14 32
3539 12 14 22
6360 12 14 14
2075 12 14 5
673 12 15 93
3322 12 15 85
813 12 15 79
5591 12 15 71
1996 12 15 64
3845 12 15 57
1814 12 15 49
5338 12 15 42
3209 12 15 35
2142 12 15 26
5713 12 15 19
3266 12 15 11
1070 12 15 4
4948 12 19 92
2541 12 19 87
3089 12 19 80
3741 12 19 70
1174 12 19 63
3607 12 19 54
5214 12 19 48
4381 12 19 39
1628 12 19 32
1208 12 19 22
4482 12 19 14
6380 12 19 4
4143 13 0 92
6475 13 0 86
3781 13 0 78
705 13 0 69
1228 13 0 61
482 13 0 55
1040 13 0 48
4133 13 0 39
6335 13 0 31
4914 13 0 21
5840 13 0 13
2480 13 0 7
6343 13 2 91
44 13 2 85
369 13 2 79
5184 13 2 71
27 13 2 64
1778 13 2 57
812 13 2 49
5029 13 2 42
2442 13 2 35
4745 13 2 25
5834 13 2 17
625 13 2 10
3564 13 2 2
6330 13 8 91
6101 13 8 84
1655 13 8 77
480 13 8 71
6379 13 8 63
1544 13 8 54
4031 13 8 48
1669 13 8 39
6114 13 8 31
3138 13 8 21
4869 13 8 13
2060 13 8 7
5447 13 9 91
5883 13 9 84
1191 13 9 77
307 13 9 71
4434 13 9 63
404 13 9 54
1268 13 9 48
424 13 9 39
1665 13 9 31
1781 13 9 21
4409 13 9 13
2054 13 9 7
4514 13 10 91
5831 13 10 84
767 13 10 77
6388 13 10 70
707 13 10 63
4982 13 10 53
5172 13 10 45
2890 13 10 38
954 13 10 30
576 13 10 20
1103 13 10 13
839 13 10 7
4291 13 11 91
4788 13 11 84
19 13 11 77
5864 13 11 70
163 13 11 63
3079 13 11 53
4936 13 11 45
1783 13 11 38
6602 13 11 29
2744 13 11 21
3573 13 11 13
116 13 11 7
2726 13 12 91
3914 13 12 84
6229 13 12 76
1344 13 12 70
6290 13 12 62
4790 13 12 52
4911 13 12 44
1315 13 12 36
4168 13 12 29
2386 13 12 21
2927 13 12 13
6183 13 12 6
169 13 17 91
3522 13 17 84
5235 13 17 76
640 13 17 70
5799 13 17 62
3207 13 17 52
3837 13 17 44
12 13 17 36
4001 13 17 29
878 13 17 21
2789 13 17 13
6076 13 17 6
5928 14 0 90
3510 14 0 83
4406 14 0 76
6363 14 0 69
860 14 0 61
6457 14 0 54
5470 14 0 47
5037 14 0 41
2684 14 0 32
903 14 0 22
2586 14 0 14
5309 14 0 4
5909 14 2 90
2005 14 2 83
4135 14 2 76
5371 14 2 69
3908 14 2 60
5764 14 2 53
4603 14 2 45
6141 14 2 37
4177 14 2 29
195 14 2 21
2198 14 2 13
4507 14 2 6
4297 14 5 90
1720 14 5 83
2594 14 5 76
4993 14 5 69
3030 14 5 60
3761 14 5 53
4191 14 5 45
5742 14 5 37
2497 14 5 29
3691 14 5 20
4324 14 5 12
2433 14 5 5
2278 14 6 90
5852 14 6 82
3693 14 6 74
5094 14 6 66
5258 14 6 56
4700 14 6 49
2848 14 6 42
850 14 6 35
4586 14 6 25
5777 14 6 17
597 14 6 10
3447 14 6 2
6354 14 8 89
5471 14 8 79
5182 14 8 71
4097 14 8 63
1887 14 8 53
3553 14 8 45
5722 14 8 37
1448 14 8 29
3125 14 8 20
3808 14 8 12
1540 14 8 5
5495 14 12 89
5015 14 12 79
4454 14 12 71
3140 14 12 63
6041 14 12 51
3134 14 12 44
6151 14 12 35
2998 14 12 25
4419 14 12 17
6484 14 12 9
1796 14 12 1
4623 14 14 89
3111 14 14 79
5984 14 14 70
5193 14 14 62
1914 14 14 52
2627 14 14 44
6136 14 14 35
695 14 14 25
4033 14 14 17
3427 14 14 9
1213 14 14 1
3928 14 15 89
1475 14 15 79
5718 14 15 70
5066 14 15 62
1744 14 15 52
2030 14 15 44
5687 14 15 35
5753 14 15 24
136 14 15 18
2484 14 15 9
647 14 15 1
2158 14 17 89
1422 14 17 79
5625 14 17 70
3586 14 17 62
1742 14 17 52
1933 14 17 44
4670 14 17 35
4736 14 17 24
6544 14 17 17
6138 14 17 8
1974 14 18 89
999 14 18 79
3762 14 18 69
1329 14 18 60
3636 14 18 53
3151 14 18 45
3443 14 18 37
517 14 18 29
3116 14 18 20
3755 14 18 12
1326 14 18 5
798 14 19 89
539 14 19 79
2610 14 19 69
6135 14 19 59
1404 14 19 52
1016 14 19 44
3528 14 19 35
3721 14 19 24
6023 14 19 17
4935 14 19 8
435 15 0 89
6508 15 0 78
6222 15 0 68
2191 15 0 60
1598 15 0 53
2482 15 0 45
2738 15 0 37
3748 15 0 28
269 15 0 21
1925 15 0 13
4307 15 0 6
6515 15 2 88
5706 15 2 78
5942 15 2 68
2094 15 2 60
5212 15 2 52
826 15 2 44
1427 15 2 35
1581 15 2 24
3269 15 2 17
4010 15 2 8
5642 15 5 88
5176 15 5 78
5552 15 5 68
1823 15 5 60
2754 15 5 52
4704 15 5 43
305 15 5 36
3507 15 5 29
2300 15 5 20
2419 15 5 12
831 15 5 5
4483 15 6 88
4918 15 6 78
1939 15 6 68
331 15 6 60
2240 15 6 52
3268 15 6 43
6565 15 6 35
4881 15 6 23
2322 15 6 13
2099 15 6 6
4173 15 8 88
3329 15 8 78
1805 15 8 68
5307 15 8 59
1054 15 8 52
2227 15 8 43
6259 15 8 35
5688 15 8 22
6220 15 8 13
1557 15 8 6
3276 15 10 88
3251 15 10 78
4075 15 10 67
4218 15 10 57
5923 15 10 48
6097 15 10 38
3289 15 10 29
968 15 10 20
2229 15 10 12
92 15 10 5
2857 15 11 88
2035 15 11 78
3313 15 11 67
3347 15 11 57
5178 15 11 48
5500 15 11 38
5527 15 11 28
3707 15 11 20
1938 15 11 12
6032 15 11 4
2782 15 12 88
1350 15 12 78
2310 15 12 67
2662 15 12 57
4793 15 12 48
5405 15 12 38
4591 15 12 28
3232 15 12 20
1269 15 12 12
1947 15 12 4
2696 15 14 88
1187 15 14 78
2266 15 14 67
1492 15 14 57
3962 15 14 48
5335 15 14 38
1894 15 14 28
3129 15 14 20
1184 15 14 12
1407 15 14 4
1050 15 15 88
6366 15 15 77
5672 15 15 70
1740 15 15 62
793 15 15 52
2176 15 15 43
4828 15 15 35
5292 15 15 22
4875 15 15 13
167 15 15 6
6129 16 0 87
2339 16 0 80
3514 16 0 70
1177 16 0 62
5877 16 0 51
2699 16 0 44
6486 16 0 34
2095 16 0 27
1496 16 0 19
379 16 0 11
6087 16 0 3
4952 16 2 87
443 16 2 80
2589 16 2 70
6546 16 2 61
4863 16 2 54
5251 16 2 47
3436 16 2 41
330 16 2 32
1150 16 2 21
1905 16 2 13
5392 16 2 5
4545 16 5 87
4251 16 5 79
924 16 5 69
5457 16 5 59
993 16 5 52
1005 16 5 43
3537 16 5 35
2969 16 5 22
4092 16 5 13
5353 16 5 5
2012 16 6 87
4102 16 6 79
811 16 6 69
3020 16 6 59
6195 16 6 51
2028 16 6 44
3544 16 6 34
4813 16 6 26
5423 16 6 19
6188 16 6 10
3099 16 6 2
1899 16 11 87
3624 16 11 79
469 16 11 69
2489 16 11 59
4126 16 11 51
6579 16 11 43
3156 16 11 35
1408 16 11 22
3162 16 11 13
4104 16 11 5
4190 16 12 86
3371 16 12 78
1886 16 12 67
600 16 12 57
3936 16 12 48
5050 16 12 38
415 16 12 28
510 16 12 20
1004 16 12 12
1024 16 12 3
3835 16 14 86
2664 16 14 77
5460 16 14 70
4825 16 14 61
3226 16 14 54
4951 16 14 47
2469 16 14 41
5285 16 14 31
1569 16 14 21
754 16 14 13
3542 16 14 5
6144 16 17 85
3795 16 17 78
1852 16 17 67
541 16 17 57
2155 16 17 48
4596 16 17 38
5608 16 17 27
1067 16 17 19
6039 16 17 10
1838 16 17 2
4648 16 18 85
2441 16 18 78
5781 16 18 66
2954 16 18 56
4624 16 18 49
1797 16 18 42
4628 16 18 34
4781 16 18 26
4859 16 18 19
1480 16 18 10
784 16 18 2
99 16 19 85
2370 16 19 78
4566 16 19 66
2164 16 19 56
3759 16 19 49
1424 16 19 42
3526 16 19 34
3666 16 19 26
686 16 19 19
6391 16 19 9
3941 17 0 84
3254 17 0 76
4496 17 0 69
5576 17 0 58
1847 17 0 48
1178 17 0 38
2279 17 0 26
6518 17 0 18
4370 17 0 8
106 17 2 84
2346 17 2 76
3724 17 2 69
5051 17 2 58
1829 17 2 48
6027 17 2 37
3256 17 2 28
25 17 2 20
6208 17 2 11
5944 17 2 3
5655 17 5 83
1946 17 5 76
3571 17 5 69
4331 17 5 58
1460 17 5 48
2819 17 5 37
1816 17 5 28
4390 17 5 19
3642 17 5 9
4888 17 6 83
846 17 6 76
3147 17 6 69
4228 17 6 58
4328 17 6 47
282 17 6 41
2429 17 6 31
2102 17 6 20
4799 17 6 11
6595 17 6 2
4763 17 8 83
427 17 8 76
3115 17 8 69
1986 17 8 58
4212 17 8 47
5869 17 8 40
1564 17 8 33
4511 17 8 25
2218 17 8 17
3871 17 8 8
3457 17 9 82
3098 17 9 74
4689 17 9 66
6482 17 9 55
6068 17 9 47
5200 17 9 40
1087 17 9 33
1095 17 9 25
1794 17 9 17
1645 17 9 8
2761 17 10 82
2977 17 10 74
2479 17 10 66
6477 17 10 55
3796 17 10 47
4921 17 10 40
3616 17 10 32
929 17 10 21
4174 17 10 12
4335 17 10 1
2617 17 11 81
1153 17 11 73
499 17 11 63
5021 17 11 51
2856 17 11 43
2861 17 11 35
4941 17 11 21
3737 17 11 12
3910 17 11 1
5516 17 12 79
5721 17 12 68
4786 17 12 59
3498 17 12 51
2501 17 12 43
1844 17 12 35
3989 17 12 21
2361 17 12 12
6262 17 12 2
4526 17 14 78
2987 17 14 66
6412 17 14 55
3127 17 14 47
3384 17 14 40
2116 17 14 32
5763 17 14 20
3412 17 14 11
5677 17 14 2
2600 17 17 78
991 17 17 66
4283 17 17 55
6065 17 17 46
755 17 17 37
615 17 17 28
3779 17 17 19
2675 17 17 9
1661 17 18 78
2757 17 18 65
4012 17 18 57
1734 17 18 48
1907 17 18 37
455 17 18 28
1097 17 18 19
2367 17 18 9
4349 17 19 77
4990 17 19 70
3247 17 19 61
2728 17 19 54
1573 17 19 47
2539 17 19 40
1212 17 19 32
4856 17 19 20
2654 17 19 11
4638 17 19 2
2160 18 0 75
403 18 0 67
446 18 0 57
697 18 0 48
1285 18 0 37
5546 18 0 27
680 18 0 19
1642 18 0 9
4242 18 2 74
1509 18 2 66
405 18 2 55
5545 18 2 46
5912 18 2 36
3330 18 2 29
5824 18 2 19
1328 18 2 9
3823 18 12 74
598 18 12 66
5876 18 12 54
1499 18 12 47
2133 18 12 40
1151 18 12 32
4587 18 12 20
2352 18 12 11
3651 18 12 2
1520 18 14 73
4653 18 14 62
5599 18 14 51
2016 18 14 43
3530 18 14 34
905 18 14 26
5350 18 14 18
959 18 14 8
995 19 0 71
2715 19 0 63
3659 19 0 51
1398 19 0 43
1222 19 0 34
491 19 0 26
4555 19 0 18
5109 19 0 7
1118 19 2 66
2490 19 2 54
1012 19 2 47
1982 19 2 40
5299 19 2 31
245 19 2 20
6244 19 2 10
6554 19 2 1
6158 19 3 64
1251 19 3 57
285 19 3 48
5291 19 3 36
2766 19 3 29
5339 19 3 19
140 19 3 9
5399 19 4 55
2288 19 4 46
4658 19 4 36
891 19 4 29
5311 19 4 19
5665 19 4 8
1098 19 5 96
4734 19 5 92
6117 19 5 86
2521 19 5 77
4244 19 5 70
4783 19 5 60
429 19 5 52
2 19 5 43
473 19 5 34
6603 19 5 25
752 19 5 17
1379 19 5 8
6122 19 6 95
1162 19 6 88
5564 19 6 77
2408 19 6 70
4451 19 6 60
210 19 6 52
3954 19 6 42
2644 19 6 34
6522 19 6 25
5611 19 6 16
745 19 6 8
4886 19 7 95
428 19 7 88
2697 19 7 77
2401 19 7 70
2188 19 7 59
334 19 7 51
198 19 7 43
110 19 7 34
6397 19 7 25
4803 19 7 16
6021 19 7 7
6031 19 8 94
493 19 8 88
1968 19 8 77
1294 19 8 70
4 19 8 59
3610 19 8 50
5683 19 8 39
32 19 8 31
6190 19 8 19
4995 19 8 8
5536 19 9 94
5886 19 9 87
3576 19 9 79
5068 19 9 68
3689 19 9 59
2380 19 9 50
5321 19 9 39
6499 19 9 30
5322 19 9 19
4922 19 9 8
3409 19 10 94
5499 19 10 87
2047 19 10 79
5424 19 10 67
6036 19 10 56
3697 19 10 49
904 19 10 42
694 19 10 34
6226 19 10 25
3423 19 10 16
4524 19 10 7
1119 19 11 94
4676 19 11 87
1062 19 11 79
5041 19 11 67
4368 19 11 56
971 19 11 49
362 19 11 42
642 19 11 34
5640 19 11 25
2390 19 11 16
3901 19 11 7
4960 19 12 93
290 19 12 85
1001 19 12 78
5131 19 12 64
907 19 12 57
6450 19 12 47
293 19 12 40
3604 19 12 31
5643 19 12 19
3389 19 12 8
3334 19 14 93
5835 19 14 84
762 19 14 76
1997 19 14 69
4778 19 14 57
5836 19 14 47
4561 19 14 39
5138 19 14 30
4744 19 14 19
3015 19 14 8
1940 19 15 93
5374 19 15 84
471 19 15 76
927 19 15 69
4379 19 15 57
2851 19 15 47
1648 19 15 39
5012 19 15 30
1871 19 15 19
3590 19 15 7
1935 19 16 93
2775 19 16 84
135 19 16 76
636 19 16 69
2130 19 16 57
1457 19 16 47
69 19 16 39
4916 19 16 30
1730 19 16 19
2779 19 16 7
1365 19 17 93
3716 19 17 83
4871 19 17 75
324 19 17 67
4095 19 17 56
6345 19 17 48
3764 19 17 36
6164 19 17 28
173 19 17 19
2372 19 17 7
6383 19 18 92
4720 19 18 86
2298 19 18 77
215 19 18 70
5352 19 18 58
3472 19 18 47
6296 19 18 38
2275 19 18 26
3286 19 18 18
187 19 18 7
6206 19 19 92
4575 19 19 86
1792 19 19 77
5899 19 19 69
1590 19 19 57
909 19 19 47
6219 19 19 38
1366 19 19 26
3107 19 19 18
153 19 19 7
