2574
2193 0 0 98
2484 0 0 95
1614 0 0 93
3678 0 0 89
414 0 0 86
1561 0 0 84
1970 0 0 81
2600 0 0 77
3503 0 0 73
2881 0 0 70
1186 0 0 67
1100 0 0 64
4045 0 0 61
4406 0 0 57
4384 0 0 54
4083 0 0 51
3302 0 0 49
750 0 0 46
391 0 0 43
3035 0 0 40
4078 0 0 35
1929 0 0 31
1373 0 0 28
2424 0 0 25
2449 0 0 23
3025 0 0 19
4307 0 0 15
4137 0 0 11
422 0 0 9
3639 0 0 6
3399 0 0 3
959 0 0 1
291 0 1 98
2431 0 1 95
2286 0 1 92
3943 0 1 89
186 0 1 86
1379 0 1 83
3665 0 1 80
1090 0 1 76
2601 0 1 74
3067 0 1 71
4366 0 1 67
2550 0 1 63
3876 0 1 61
3687 0 1 57
3084 0 1 54
2566 0 1 50
3807 0 1 48
1357 0 1 46
2931 0 1 42
2355 0 1 38
568 0 1 36
1761 0 1 33
253 0 1 31
2259 0 1 27
1632 0 1 25
3393 0 1 22
920 0 1 19
2118 0 1 15
3163 0 1 10
3713 0 1 8
3462 0 1 5
2461 0 1 2
3574 0 2 97
4205 0 2 93
4369 0 2 88
2549 0 2 86
1227 0 2 83
3004 0 2 80
171 0 2 76
4019 0 2 72
243 0 2 68
4396 0 2 64
1175 0 2 60
4177 0 2 56
2900 0 2 52
4134 0 2 49
3710 0 2 45
251 0 2 42
968 0 2 37
3660 0 2 35
477 0 2 31
4142 0 2 26
1278 0 2 23
2873 0 2 19
4325 0 2 14
3100 0 2 11
2671 0 2 8
4101 0 2 4
4098 0 2 2
3319 0 3 97
2850 0 3 93
3704 0 3 88
1176 0 3 85
2009 0 3 83
1466 0 3 80
3700 0 3 75
3032 0 3 72
152 0 3 68
2198 0 3 64
3998 0 3 59
3282 0 3 55
1682 0 3 53
669 0 3 50
2257 0 3 48
3231 0 3 45
211 0 3 42
705 0 3 37
1069 0 3 34
183 0 3 31
3340 0 3 26
288 0 3 23
799 0 3 19
4250 0 3 14
2025 0 3 10
2082 0 3 8
3110 0 3 4
41 0 3 2
3076 0 4 97
2423 0 4 93
3128 0 4 88
4239 0 4 84
2839 0 4 79
3002 0 4 76
3138 0 4 72
1025 0 4 67
2268 0 4 63
1355 0 4 61
2293 0 4 57
3891 0 4 51
4062 0 4 47
4293 0 4 43
1040 0 4 40
3137 0 4 35
1956 0 4 30
2377 0 4 25
988 0 4 22
3836 0 4 18
4038 0 4 16
2563 0 4 12
3254 0 4 10
2750 0 4 7
4230 0 4 4
3235 0 4 1
2646 0 5 97
1963 0 5 92
4286 0 5 88
4079 0 5 84
4225 0 5 78
3019 0 5 76
1669 0 5 72
933 0 5 67
3124 0 5 62
3133 0 5 58
3742 0 5 54
2205 0 5 50
3850 0 5 47
3615 0 5 43
3861 0 5 39
3474 0 5 36
3670 0 5 32
1830 0 5 28
1337 0 5 25
2206 0 5 20
3848 0 5 16
2084 0 5 12
1160 0 5 8
317 0 5 4
376 0 6 97
3909 0 6 91
1906 0 6 88
3274 0 6 84
4181 0 6 78
4085 0 6 75
550 0 6 72
4161 0 6 66
927 0 6 64
3603 0 6 59
408 0 6 55
2611 0 6 52
2551 0 6 49
2030 0 6 45
2077 0 6 41
3960 0 6 38
3400 0 6 35
1893 0 6 30
2216 0 6 25
3062 0 6 19
4105 0 6 14
1356 0 6 10
1455 0 6 6
21 0 6 3
1315 0 7 96
161 0 7 92
577 0 7 88
1777 0 7 84
3732 0 7 78
545 0 7 75
1676 0 7 71
3686 0 7 66
3057 0 7 62
1653 0 7 58
1469 0 7 54
1187 0 7 50
3990 0 7 46
354 0 7 42
26 0 7 37
4398 0 7 33
3567 0 7 30
2024 0 7 25
1398 0 7 19
1548 0 7 14
315 0 7 10
1268 0 7 5
1263 0 7 2
4059 0 8 95
1346 0 8 92
4198 0 8 87
633 0 8 85
2721 0 8 82
3737 0 8 79
2801 0 8 76
3900 0 8 71
2960 0 8 66
2943 0 8 62
3774 0 8 57
2350 0 8 51
1399 0 8 47
2195 0 8 43
2674 0 8 37
1475 0 8 33
4282 0 8 29
3044 0 8 25
572 0 8 19
647 0 8 14
122 0 8 10
983 0 8 5
1112 0 8 2
3369 0 9 95
3097 0 9 91
3667 0 9 87
3345 0 9 84
4380 0 9 77
2065 0 9 73
4404 0 9 69
921 0 9 67
2022 0 9 62
3597 0 9 57
1489 0 9 50
1270 0 9 46
2250 0 9 41
2947 0 9 38
1431 0 9 35
1437 0 9 30
454 0 9 24
3042 0 9 22
3706 0 9 18
3965 0 9 15
3894 0 9 9
3245 0 9 6
4354 0 9 2
3014 0 10 95
2444 0 10 91
1934 0 10 87
2793 0 10 84
53 0 10 77
4231 0 10 72
3885 0 10 66
2844 0 10 62
3438 0 10 57
942 0 10 50
300 0 10 45
1937 0 10 41
3864 0 10 37
2874 0 10 32
4116 0 10 27
1393 0 10 25
3299 0 10 18
818 0 10 15
2975 0 10 9
1879 0 10 6
4264 0 10 2
2800 0 11 95
1008 0 11 91
302 0 11 87
3580 0 11 83
337 0 11 79
2312 0 11 74
2672 0 11 70
1136 0 11 66
1449 0 11 62
2369 0 11 57
773 0 11 50
4409 0 11 44
2450 0 11 41
4402 0 11 36
1394 0 11 32
1831 0 11 27
1089 0 11 25
1945 0 11 18
3024 0 11 14
2849 0 11 8
2976 0 11 3
1043 0 12 95
323 0 12 91
3546 0 12 86
1322 0 12 82
2951 0 12 79
1758 0 12 74
531 0 12 70
655 0 12 66
131 0 12 62
642 0 12 57
640 0 12 50
3463 0 12 44
722 0 12 41
4210 0 12 36
3961 0 12 31
2597 0 12 26
3348 0 12 21
1870 0 12 19
341 0 12 14
1127 0 12 8
1209 0 12 3
4240 0 13 94
1701 0 13 91
3349 0 13 86
4341 0 13 81
1339 0 13 77
3829 0 13 71
1810 0 13 66
2479 0 13 61
879 0 13 57
4363 0 13 49
1940 0 13 45
1314 0 13 41
2773 0 13 36
2048 0 13 31
4291 0 13 25
779 0 13 18
2182 0 13 14
2982 0 13 7
4237 0 13 3
3810 0 14 94
3066 0 14 90
3435 0 14 88
947 0 14 84
4385 0 14 76
2455 0 14 71
1351 0 14 66
924 0 14 61
492 0 14 57
2540 0 14 49
1420 0 14 45
4411 0 14 40
2137 0 14 35
867 0 14 30
3966 0 14 23
4332 0 14 18
1504 0 14 14
2732 0 14 7
2385 0 14 2
3018 0 15 94
1439 0 15 90
163 0 15 88
3139 0 15 83
2717 0 15 78
3954 0 15 74
1930 0 15 69
902 0 15 66
597 0 15 61
2354 0 15 56
2922 0 15 51
3213 0 15 46
1245 0 15 41
681 0 15 36
1783 0 15 31
2783 0 15 25
4281 0 15 17
2274 0 15 13
4350 0 15 10
972 0 15 5
2525 0 15 1
2481 0 16 94
1052 0 16 90
3791 0 16 86
3147 0 16 81
838 0 16 77
2935 0 16 71
881 0 16 66
574 0 16 61
1016 0 16 56
128 0 16 51
943 0 16 46
687 0 16 41
3558 0 16 35
182 0 16 30
3650 0 16 22
1634 0 16 18
378 0 16 14
1234 0 16 7
2102 0 16 1
1088 0 17 94
2554 0 17 89
2805 0 17 85
394 0 17 81
209 0 17 77
2408 0 17 71
486 0 17 66
383 0 17 61
4158 0 17 55
2364 0 17 52
2219 0 17 49
2360 0 17 44
4088 0 17 40
2062 0 17 35
2689 0 17 29
3288 0 17 24
1862 0 17 21
4042 0 17 18
1782 0 17 13
4321 0 17 10
4275 0 17 4
555 0 18 94
2393 0 18 89
225 0 18 85
355 0 18 81
3981 0 18 76
932 0 18 71
44 0 18 65
329 0 18 63
4391 0 18 60
4086 0 18 56
1666 0 18 50
2994 0 18 44
4029 0 18 40
1946 0 18 35
593 0 18 29
2383 0 18 24
791 0 18 21
634 0 18 17
4284 0 18 12
3491 0 18 7
1079 0 18 1
247 0 19 94
1923 0 19 89
2868 0 19 84
3457 0 19 76
2109 0 19 70
389 0 19 66
2491 0 19 60
3495 0 19 56
907 0 19 50
2402 0 19 44
2678 0 19 40
3154 0 19 34
1867 0 19 30
3996 0 19 21
2727 0 19 16
1492 0 19 12
2910 0 19 7
2738 0 19 2
3040 2 0 93
4235 2 0 87
1415 2 0 82
3483 2 0 78
3703 2 0 74
2404 2 0 68
1659 2 0 64
1145 2 0 59
2074 2 0 53
3448 2 0 49
1655 2 0 44
1853 2 0 40
3477 2 0 33
4027 2 0 29
1306 2 0 24
559 2 0 21
2465 2 0 16
4021 2 0 11
3573 2 0 7
3171 2 0 1
467 2 1 93
4053 2 1 87
2790 2 1 81
3798 2 1 76
462 2 1 70
4222 2 1 65
4157 2 1 61
3845 2 1 55
4127 2 1 51
752 2 1 46
4102 2 1 40
2987 2 1 33
1872 2 1 29
2221 2 1 23
4148 2 1 17
3471 2 1 12
1559 2 1 7
2105 2 1 1
177 2 2 93
1543 2 2 87
697 2 2 81
2543 2 2 76
4408 2 2 68
1226 2 2 64
4312 2 2 58
3797 2 2 53
2576 2 2 49
1380 2 2 44
1275 2 2 40
2986 2 2 33
3693 2 2 28
3927 2 2 24
4356 2 2 20
3174 2 2 16
1626 2 2 11
3443 2 2 6
2011 2 2 1
3259 2 4 92
1586 2 4 86
2365 2 4 81
2224 2 4 76
2715 2 4 68
3200 2 4 63
2223 2 4 60
2542 2 4 56
202 2 4 50
2052 2 4 44
682 2 4 40
3433 2 4 32
1721 2 4 27
114 2 4 25
3997 2 4 17
2638 2 4 12
1206 2 4 7
1141 2 4 1
1957 2 5 92
1635 2 5 85
3922 2 5 80
2777 2 5 75
1425 2 5 71
3275 2 5 64
3055 2 5 58
3277 2 5 53
860 2 5 49
800 2 5 44
2154 2 5 39
2557 2 5 34
1657 2 5 30
3657 2 5 21
1726 2 5 16
1483 2 5 11
3028 2 5 6
301 2 5 1
1947 2 6 92
1592 2 6 85
1624 2 6 80
4328 2 6 73
4070 2 6 69
4170 2 6 65
2586 2 6 61
3746 2 6 55
2747 2 6 51
3846 2 6 45
4344 2 6 40
2683 2 6 32
551 2 6 27
4280 2 6 24
2015 2 6 20
2464 2 6 16
4355 2 6 10
2155 2 6 4
1114 2 7 92
1212 2 7 85
1122 2 7 80
859 2 7 73
3805 2 7 68
2515 2 7 63
806 2 7 59
529 2 7 53
4096 2 7 48
888 2 7 45
3437 2 7 40
1497 2 7 32
138 2 7 27
3585 2 7 24
1706 2 7 20
1700 2 7 14
804 2 7 7
851 2 7 1
3785 2 8 91
1338 2 8 86
819 2 8 81
2148 2 8 76
1058 2 8 68
143 2 8 63
4395 2 8 58
2538 2 8 53
2214 2 8 48
405 2 8 44
1184 2 8 39
1720 2 8 34
1878 2 8 29
1576 2 8 23
2858 2 8 17
847 2 8 12
1148 2 8 7
720 2 8 1
2998 2 9 91
2919 2 9 85
2419 2 9 79
3930 2 9 73
3247 2 9 68
3716 2 9 62
40 2 9 57
2651 2 9 47
3695 2 9 42
3655 2 9 36
3198 2 9 30
2565 2 9 21
1465 2 9 16
2816 2 9 10
974 2 9 4
2903 2 10 91
479 2 10 85
2347 2 10 79
2846 2 10 73
2217 2 10 67
1400 2 10 62
3611 2 10 56
3209 2 10 49
272 2 10 44
1147 2 10 39
70 2 10 34
524 2 10 29
780 2 10 23
2821 2 10 17
589 2 10 12
769 2 10 7
2238 2 11 91
240 2 11 85
1752 2 11 79
1464 2 11 73
1615 2 11 67
2599 2 11 61
3248 2 11 55
1219 2 11 51
2141 2 11 45
3222 2 11 40
2926 2 11 31
2386 2 11 25
2714 2 11 17
4206 2 11 11
1719 2 11 6
1890 2 12 91
2879 2 12 84
3293 2 12 76
554 2 12 67
893 2 12 61
2980 2 12 55
407 2 12 51
3397 2 12 44
245 2 12 39
3642 2 12 33
991 2 12 28
4304 2 12 23
2367 2 12 17
1366 2 12 11
388 2 12 6
1378 2 14 91
2358 2 14 84
2180 2 14 76
4331 2 14 66
1799 2 14 60
4226 2 14 55
4362 2 14 50
1987 2 14 44
3978 2 14 38
3649 2 14 34
3557 2 14 28
1675 2 14 23
735 2 14 17
36 2 14 11
4076 2 14 5
123 2 15 91
1094 2 15 84
4229 2 15 75
3467 2 15 70
3162 2 15 65
1217 2 15 60
1062 2 15 55
3447 2 15 50
1605 2 15 44
2049 2 15 38
1495 2 15 34
3481 2 15 28
1536 2 15 23
1162 2 15 16
1949 2 15 10
3101 2 15 3
4201 2 16 90
2125 2 16 86
424 2 16 81
4245 2 16 75
2231 2 16 70
1285 2 16 65
717 2 16 60
708 2 16 55
1153 2 16 50
1171 2 16 44
1964 2 16 38
3204 2 16 33
877 2 16 28
2546 2 16 22
3883 2 16 17
3445 2 16 10
2681 2 16 3
2885 2 17 90
935 2 17 86
3854 2 17 80
141 2 17 73
3439 2 17 66
471 2 17 60
2995 2 17 54
307 2 17 50
62 2 17 44
636 2 17 38
1520 2 17 33
629 2 17 28
2536 2 17 22
2972 2 17 17
3289 2 17 10
1915 2 17 3
2690 2 18 90
4313 2 18 85
1241 2 18 79
226 2 18 73
2925 2 18 66
338 2 18 59
515 2 18 53
1238 2 18 48
2189 2 18 43
2425 2 18 37
2855 2 18 32
2775 2 18 26
3404 2 18 20
3815 2 18 13
2271 2 18 10
48 2 18 3
1310 2 19 90
1833 2 19 85
3984 2 19 78
2701 2 19 74
866 2 19 68
3140 2 19 62
2008 2 19 56
2929 2 19 49
1 2 19 44
582 2 19 37
2208 2 19 32
1223 2 19 26
2833 2 19 20
1324 2 19 13
344 2 19 10
4270 2 19 2
1208 3 0 90
579 3 0 85
2859 3 0 78
1144 3 0 74
4277 3 0 67
3893 3 0 60
1613 3 0 54
2209 3 0 49
3625 3 0 43
1540 3 0 37
603 3 0 32
665 3 0 25
3125 3 0 16
1876 3 0 10
1779 3 0 2
753 3 1 90
130 3 1 85
2826 3 1 78
3331 3 1 72
353 3 1 66
54 3 1 59
4364 3 1 52
3460 3 1 48
4119 3 1 42
3506 3 1 36
1037 3 1 30
2190 3 1 21
2748 3 1 15
2327 3 1 9
4048 3 1 4
3679 3 2 89
1953 3 2 84
4183 3 2 75
1529 3 2 70
83 3 2 65
4258 3 2 59
4337 3 2 52
3296 3 2 48
4010 3 2 41
2942 3 2 35
3376 3 2 28
1183 3 2 21
739 3 2 15
1667 3 2 9
3094 3 2 4
1546 3 8 89
2766 3 8 83
4285 3 8 77
1560 3 8 71
1279 3 8 64
4155 3 8 57
1642 3 8 47
75 3 8 42
2560 3 8 36
787 3 8 30
1977 3 8 21
4050 3 8 14
3734 3 8 6
653 3 9 89
2352 3 9 83
3763 3 9 77
409 3 9 71
4084 3 9 63
2508 3 9 58
2897 3 9 52
1468 3 9 48
3994 3 9 41
2673 3 9 35
2608 3 9 28
1002 3 9 21
2521 3 9 14
2974 3 9 6
4386 3 14 88
2428 3 14 83
3628 3 14 77
314 3 14 71
2435 3 14 63
3258 3 14 57
2610 3 14 46
1294 3 14 40
1516 3 14 31
1743 3 14 25
1965 3 14 16
1602 3 14 10
835 3 14 2
1671 3 15 87
3390 3 15 80
4108 3 15 72
2733 3 15 65
637 3 15 59
3988 3 15 52
1463 3 15 48
3701 3 15 41
444 3 15 35
1784 3 15 28
984 3 15 21
2033 3 15 14
2663 3 15 6
1032 3 16 87
2961 3 16 80
2614 3 16 72
2722 3 16 65
504 3 16 59
3884 3 16 52
2394 3 16 47
32 3 16 42
1827 3 16 36
4298 3 16 29
4031 3 16 22
2930 3 16 17
3034 3 16 10
3977 3 16 1
3606 3 17 86
3604 3 17 80
127 3 17 72
1814 3 17 65
4052 3 17 58
2617 3 17 52
2168 3 17 47
3347 3 17 41
443 3 17 35
1124 3 17 28
3607 3 17 20
142 3 17 13
4297 3 17 9
2737 3 17 4
2914 3 18 86
2319 3 18 80
3468 3 18 71
2235 3 18 61
1877 3 18 55
985 3 18 50
2303 3 18 43
1403 3 18 37
3718 3 18 31
1731 3 18 24
3549 3 18 19
2981 3 18 13
511 3 18 9
2699 3 18 4
2559 3 19 86
1362 3 19 80
3337 3 19 71
4089 3 19 60
1478 3 19 54
2007 3 19 49
4241 3 19 42
453 3 19 36
2710 3 19 29
4040 3 19 21
1843 3 19 14
1790 3 19 6
1728 4 2 86
1340 4 2 80
2411 4 2 71
1269 4 2 60
1014 4 2 54
1702 4 2 49
1617 4 2 42
103 4 2 36
348 4 2 29
2654 4 2 21
153 4 2 14
1556 4 2 6
1107 4 4 86
1082 4 4 80
500 4 4 71
1109 4 4 60
2869 4 4 53
1140 4 4 48
2066 4 4 41
3119 4 4 34
3479 4 4 28
970 4 4 20
3103 4 4 12
3591 4 4 6
1170 4 5 85
641 4 5 78
1861 4 5 71
4289 4 5 59
1091 4 5 52
1506 4 5 47
3343 4 5 41
2882 4 5 34
3238 4 5 28
2260 4 5 19
2574 4 5 13
4207 4 5 8
4252 4 5 2
3653 4 6 84
2378 4 6 75
4214 4 6 69
3683 4 6 65
3304 4 6 58
1095 4 6 52
1195 4 6 47
3148 4 6 41
1120 4 6 34
2251 4 6 28
1053 4 6 19
1452 4 6 13
3905 4 6 8
397 4 6 2
2372 4 7 84
1633 4 7 75
4125 4 7 69
1385 4 7 65
2871 4 7 58
4020 4 7 51
3234 4 7 44
4023 4 7 36
132 4 7 29
2433 4 7 21
2680 4 7 13
3419 4 7 8
2356 4 8 84
644 4 8 75
3796 4 8 69
2940 4 8 64
3170 4 8 57
1328 4 8 46
2864 4 8 39
4255 4 8 32
58 4 8 25
1881 4 8 16
1417 4 8 10
2529 4 8 1
883 4 9 84
4047 4 9 73
1996 4 9 66
4154 4 9 58
3395 4 9 51
2269 4 9 44
2725 4 9 36
4013 4 9 28
3931 4 9 18
901 4 9 13
2318 4 9 8
3887 4 11 83
2653 4 11 77
4371 4 11 70
1371 4 11 64
2604 4 11 57
2812 4 11 45
2095 4 11 40
1349 4 11 31
3784 4 11 23
1066 4 11 16
1164 4 11 10
2340 4 11 1
3006 4 12 83
2437 4 12 77
3253 4 12 70
4175 4 12 63
2993 4 12 57
2616 4 12 45
1815 4 12 40
1663 4 12 30
1343 4 12 21
4218 4 12 12
2602 4 12 6
1780 4 14 83
1753 4 14 77
2071 4 14 70
4093 4 14 63
2782 4 14 57
949 4 14 45
1440 4 14 40
862 4 14 30
1036 4 14 21
4200 4 14 12
2132 4 14 6
2474 5 0 82
2643 5 0 78
1333 5 0 71
265 5 0 59
1056 5 0 52
945 5 0 47
4261 5 0 40
133 5 0 30
4272 5 0 20
2842 5 0 12
1822 5 0 6
2228 5 2 82
2158 5 2 78
969 5 2 71
4195 5 2 58
2516 5 2 51
1298 5 2 44
1846 5 2 36
3983 5 2 28
3869 5 2 18
4243 5 2 12
1654 5 2 6
2031 5 4 82
2152 5 4 78
3323 5 4 70
4015 5 4 63
2603 5 4 57
3379 5 4 44
1661 5 4 36
2588 5 4 28
3928 5 4 17
1573 5 4 10
29 5 4 1
837 5 9 81
4129 5 9 75
2966 5 9 69
2894 5 9 64
1199 5 9 57
2361 5 9 44
4244 5 9 35
4097 5 9 27
3860 5 9 22
2237 5 9 17
699 5 9 10
2640 5 9 4
3761 5 11 79
3871 5 11 72
1501 5 11 65
1581 5 11 58
2415 5 11 51
1194 5 11 44
2806 5 11 35
3658 5 11 27
3783 5 11 22
2027 5 11 17
421 5 11 10
2004 5 11 4
2969 5 12 79
3697 5 12 72
874 5 12 65
798 5 12 58
2275 5 12 51
1105 5 12 44
1760 5 12 35
2467 5 12 27
3709 5 12 22
1901 5 12 17
415 5 12 10
1220 5 12 4
1690 5 14 78
3194 5 14 70
3673 5 14 63
2236 5 14 57
3507 5 14 43
4212 5 14 36
2076 5 14 28
3038 5 14 17
3938 5 14 9
1126 5 14 4
2595 5 16 77
1982 5 16 70
3436 5 16 63
1835 5 16 57
3782 5 16 41
723 5 16 34
1887 5 16 28
2856 5 16 17
3270 5 16 9
3360 5 16 3
112 5 17 77
1009 5 17 70
2579 5 17 63
1797 5 17 57
3332 5 17 41
2866 5 17 33
129 5 17 28
212 5 17 17
2770 5 17 9
1596 5 17 3
4191 5 18 73
1809 5 18 66
3486 5 18 58
998 5 18 51
3904 5 18 43
3059 5 18 36
1756 5 18 28
3787 5 18 16
3039 5 18 9
1422 5 18 3
2545 5 19 73
92 5 19 66
2941 5 19 58
821 5 19 51
3814 5 19 43
2167 5 19 36
72 5 19 28
2898 5 19 15
2081 5 19 8
2300 6 0 61
1555 6 0 55
864 6 0 50
1796 6 0 43
1618 6 0 36
3458 6 0 27
2265 6 0 22
392 6 0 17
928 6 0 9
909 6 0 3
2055 6 2 96
4113 6 2 91
1054 6 2 84
3964 6 2 73
2754 6 2 65
216 6 2 58
2948 6 2 50
3827 6 2 42
101 6 2 36
2912 6 2 27
738 6 2 22
263 6 2 16
2888 6 2 9
518 6 2 3
1757 6 4 96
3802 6 4 91
2639 6 4 83
1549 6 4 77
3651 6 4 69
849 6 4 64
1011 6 4 57
2531 6 4 41
2413 6 4 33
1974 6 4 27
3257 6 4 21
3017 6 4 12
2647 6 4 5
4058 6 6 95
3740 6 6 90
2068 6 6 84
2741 6 6 73
2605 6 6 65
164 6 6 58
805 6 6 49
298 6 6 42
3913 6 6 35
1994 6 6 27
2552 6 6 21
990 6 6 12
1898 6 6 5
2513 6 7 95
3264 6 7 90
1904 6 7 84
702 6 7 73
557 6 7 65
2227 6 7 57
2222 6 7 41
2175 6 7 33
1850 6 7 27
4169 6 7 20
706 6 7 11
3356 6 7 5
3470 6 9 94
79 6 9 89
1000 6 9 83
709 6 9 77
2637 6 9 69
2936 6 9 63
1188 6 9 57
950 6 9 41
3294 6 9 32
24 6 9 25
1321 6 9 16
2753 6 9 9
400 6 9 3
3117 6 11 94
3241 6 11 88
2002 6 11 83
438 6 11 77
139 6 11 69
2287 6 11 63
1068 6 11 57
1993 6 11 40
4265 6 11 29
3183 6 11 20
662 6 11 11
2963 6 11 5
2149 6 12 94
3212 6 12 88
630 6 12 83
2509 6 12 76
3822 6 12 66
2510 6 12 58
609 6 12 49
3985 6 12 41
2945 6 12 32
4296 6 12 24
2326 6 12 19
1325 6 12 13
1722 6 12 8
1857 6 14 94
2822 6 14 88
230 6 14 83
2098 6 14 76
3123 6 14 66
2230 6 14 58
3548 6 14 48
1868 6 14 41
2709 6 14 32
3086 6 14 24
1593 6 14 19
831 6 14 13
360 6 14 8
1049 6 16 94
2693 6 16 88
4257 6 16 82
2041 6 16 78
2612 6 16 70
510 6 16 63
105 6 16 57
445 6 16 40
1404 6 16 29
2860 6 16 20
4090 6 16 10
3659 6 16 2
872 6 17 93
2462 6 17 86
3111 6 17 79
2191 6 17 72
266 6 17 65
1972 6 17 57
1023 6 17 38
1470 6 17 33
478 6 17 27
2594 6 17 20
2820 6 17 10
1288 6 17 2
611 6 18 93
2053 6 18 86
2828 6 18 79
2633 6 18 71
2308 6 18 58
1718 6 18 48
1616 6 18 41
616 6 18 32
2252 6 18 24
1375 6 18 19
117 6 18 13
25 6 18 8
446 6 19 93
1487 6 19 86
1074 6 19 79
1909 6 19 71
2120 6 19 58
1012 6 19 48
1582 6 19 41
379 6 19 32
1621 6 19 24
3514 6 19 18
2917 6 19 12
520 6 19 5
4348 7 0 92
3420 7 0 84
156 7 0 73
86 7 0 65
1486 7 0 57
440 7 0 38
569 7 0 33
2188 7 0 26
2348 7 0 20
286 7 0 10
4238 7 0 1
3976 7 2 92
3357 7 2 84
626 7 2 71
1446 7 2 58
228 7 2 48
3824 7 2 40
4340 7 2 28
1941 7 2 15
1630 7 2 8
786 7 6 92
3098 7 6 84
3537 7 6 69
1370 7 6 63
3494 7 6 56
2239 7 6 49
3818 7 6 41
4160 7 6 31
2823 7 6 23
1010 7 6 16
2133 7 6 9
3794 7 6 1
27 7 7 92
1801 7 7 84
691 7 7 69
971 7 7 63
166 7 7 56
2026 7 7 49
3692 7 7 41
4151 7 7 31
2781 7 7 23
3324 7 7 15
4311 7 7 7
507 7 9 91
71 7 9 83
2047 7 9 76
2708 7 9 66
1925 7 9 58
3136 7 9 47
2496 7 9 40
3046 7 9 28
742 7 9 15
1159 7 9 7
289 7 11 91
1331 7 11 82
1792 7 11 78
1004 7 11 69
4360 7 11 62
1741 7 11 56
2013 7 11 49
3577 7 11 41
3075 7 11 31
1849 7 11 23
3160 7 11 15
3541 7 11 6
2831 7 12 90
683 7 12 83
4274 7 12 75
2870 7 12 69
3841 7 12 62
828 7 12 56
1864 7 12 49
3517 7 12 41
2705 7 12 31
1695 7 12 23
1825 7 12 15
3023 7 12 6
4221 7 14 89
178 7 14 83
2803 7 14 75
1149 7 14 69
3781 7 14 62
670 7 14 56
458 7 14 49
3266 7 14 41
1763 7 14 31
1250 7 14 23
1030 7 14 15
2676 7 14 6
4066 8 0 89
3837 8 0 82
4106 8 0 77
3108 8 0 68
1408 8 0 62
2357 8 0 55
3717 8 0 48
3627 8 0 40
2744 8 0 28
3583 8 0 14
1494 8 0 6
3003 8 2 89
2857 8 2 82
1845 8 2 77
2704 8 2 68
4317 8 2 60
1518 8 2 53
537 8 2 48
2836 8 2 40
4 8 2 28
1409 8 2 14
1179 8 2 6
2765 8 4 89
1595 8 4 82
829 8 4 77
1374 8 4 68
2797 8 4 60
1060 8 4 53
151 8 4 48
1564 8 4 40
3053 8 4 27
2187 8 4 20
4259 8 4 9
3571 8 4 1
3423 8 5 88
3707 8 5 82
37 8 5 77
170 8 5 68
2114 8 5 60
3011 8 5 52
3755 8 5 46
1419 8 5 39
3064 8 5 32
1334 8 5 24
4163 8 5 17
221 8 5 9
3207 8 7 88
3358 8 7 82
5 8 7 77
2904 8 7 67
2924 8 7 60
2739 8 7 52
3367 8 7 46
1406 8 7 39
2441 8 7 32
737 8 7 24
2059 8 7 17
3834 8 7 8
1137 8 9 88
2895 8 9 82
2656 8 9 76
2329 8 9 66
716 8 9 58
619 8 9 47
1709 8 9 40
1413 8 9 27
1499 8 9 20
3492 8 9 9
2432 8 11 87
2698 8 11 80
2952 8 11 70
322 8 11 63
2838 8 11 55
3702 8 11 48
600 8 11 40
1335 8 11 27
3618 8 11 19
3852 8 11 12
3919 8 11 4
2072 8 12 87
2045 8 12 80
2687 8 12 70
2366 8 12 62
1119 8 12 55
1072 8 12 48
549 8 12 40
980 8 12 27
1084 8 12 19
930 8 12 12
3265 8 12 4
963 8 14 86
2696 8 14 78
4072 8 14 68
377 8 14 60
2130 8 14 52
3279 8 14 46
952 8 14 39
1083 8 14 32
168 8 14 24
2029 8 14 17
2938 8 14 8
1623 8 17 85
564 8 17 78
2314 8 17 68
94 8 17 60
18 8 17 52
2520 8 17 46
3509 8 17 38
3924 8 17 32
3496 8 17 22
255 8 17 16
4227 8 17 8
1490 8 18 85
206 8 18 78
1750 8 18 68
4233 8 18 59
472 8 18 52
2502 8 18 46
1873 8 18 38
2985 8 18 32
3469 8 18 22
4185 8 18 15
1896 8 18 6
1571 8 19 84
489 8 19 69
2501 8 19 62
978 8 19 55
1020 8 19 48
4036 8 19 39
4336 8 19 31
195 8 19 23
785 8 19 15
1129 8 19 6
1081 9 0 84
1899 9 0 67
2788 9 0 60
2772 9 0 51
3792 9 0 43
1289 9 0 36
2342 9 0 27
339 9 0 19
16 9 0 12
2939 9 0 4
433 9 2 84
2878 9 2 66
654 9 2 58
1852 9 2 46
1609 9 2 38
2937 9 2 32
3115 9 2 22
3027 9 2 15
563 9 2 6
4143 9 5 82
2454 9 5 76
1645 9 5 66
254 9 5 58
734 9 5 46
704 9 5 38
1737 9 5 32
882 9 5 22
2970 9 5 15
369 9 5 6
3601 9 7 82
2171 9 7 76
825 9 7 66
3916 9 7 57
1712 9 7 37
3142 9 7 31
2170 9 7 22
1453 9 7 15
214 9 7 6
3485 9 9 82
4334 9 9 75
850 9 9 69
2243 9 9 62
608 9 9 55
4182 9 9 47
1139 9 9 40
858 9 9 27
3511 9 9 18
2853 9 9 12
2533 9 9 4
2299 9 11 82
3341 9 11 75
4049 9 11 68
2412 9 11 59
2625 9 11 51
2112 9 11 43
538 9 11 36
1246 9 11 27
3431 9 11 18
2122 9 11 12
2096 9 11 4
4043 9 12 81
2483 9 12 75
4009 9 12 68
2159 9 12 59
1594 9 12 51
3373 9 12 42
3041 9 12 35
1143 9 12 27
3095 9 12 17
2664 9 12 8
3778 9 14 80
1832 9 14 70
2273 9 14 62
3982 9 14 54
727 9 14 49
2813 9 14 41
610 9 14 31
4054 9 14 21
605 9 14 12
4149 9 14 3
658 9 17 80
4173 9 17 69
1019 9 17 62
3771 9 17 54
295 9 17 49
2771 9 17 41
98 9 17 31
937 9 17 21
84 9 17 12
3863 9 17 3
282 9 18 80
4067 9 18 69
3949 9 18 61
774 9 18 55
3819 9 18 47
1007 9 18 40
236 9 18 27
3132 9 18 16
3892 9 18 8
229 9 19 76
3920 9 19 65
891 9 19 57
1166 9 19 37
2955 9 19 31
264 9 19 21
2 9 19 12
1360 9 19 3
4091 10 0 75
3858 10 0 68
979 10 0 59
476 10 0 51
3074 10 0 42
4342 10 0 34
913 10 0 28
3292 10 0 13
3975 10 0 7
3623 10 2 75
1678 10 2 68
955 10 2 59
3532 10 2 50
3715 10 2 42
1727 10 2 34
4247 10 2 27
2956 10 2 16
1738 10 2 8
1257 10 5 68
3191 10 5 58
678 10 5 46
4389 10 5 37
2129 10 5 31
2310 10 5 20
3459 10 5 9
2192 10 7 96
1894 10 7 91
1531 10 7 81
1839 10 7 75
326 10 7 68
2811 10 7 58
2990 10 7 45
794 10 7 40
4232 10 7 26
1625 10 7 20
2719 10 7 9
4208 10 9 95
473 10 9 90
119 10 9 83
387 10 9 75
4178 10 9 67
2429 10 9 60
2178 10 9 51
2743 10 9 42
484 10 9 34
3090 10 9 27
3912 10 9 15
4099 10 9 5
3542 10 11 95
4164 10 11 89
356 10 11 82
3031 10 11 75
4081 10 11 67
3000 10 11 59
3291 10 11 50
1239 10 11 42
2896 10 11 33
1629 10 11 26
1524 10 11 20
1749 10 11 9
2827 10 12 95
3844 10 12 89
91 10 12 82
2339 10 12 75
2933 10 12 67
1968 10 12 59
2899 10 12 50
944 10 12 42
2867 10 12 33
1533 10 12 26
760 10 12 20
3946 10 12 8
2791 10 14 95
3344 10 14 89
82 10 14 82
747 10 14 75
2809 10 14 67
1961 10 14 59
2226 10 14 50
777 10 14 42
2294 10 14 33
731 10 14 26
3722 10 14 19
3120 10 14 11
2760 10 14 5
649 10 17 95
3327 10 17 89
4046 10 17 81
3698 10 17 74
3555 10 17 67
1231 10 17 59
973 10 17 50
2954 10 17 41
1215 10 17 30
2451 10 17 20
1284 10 17 8
4320 11 0 94
1747 11 0 88
1984 11 0 82
614 11 0 75
4136 11 0 66
3464 11 0 57
160 11 0 37
109 11 0 31
627 11 0 20
2534 11 0 7
3368 11 2 94
2147 11 2 87
1350 11 2 80
926 11 2 69
3672 11 2 61
14 11 2 55
516 11 2 47
938 11 2 39
4271 11 2 31
2558 11 2 19
2514 11 2 11
2331 11 2 5
3116 11 3 94
1507 11 3 87
547 11 3 80
2845 11 3 68
1716 11 3 58
2163 11 3 45
3320 11 3 39
3599 11 3 31
2050 11 3 19
1553 11 3 11
154 11 3 5
2891 11 5 94
4392 11 5 86
2585 11 5 78
1526 11 5 68
793 11 5 58
2779 11 5 44
411 11 5 35
3336 11 5 26
2886 11 5 19
3772 11 5 10
1192 11 7 94
3188 11 7 86
2255 11 7 78
768 11 7 68
223 11 7 58
3523 11 7 42
1649 11 7 33
703 11 7 26
546 11 7 19
3588 11 7 10
149 11 9 94
2730 11 9 86
2242 11 9 78
3256 11 9 67
2500 11 9 58
3512 11 9 42
496 11 9 33
30 11 9 26
4204 11 9 18
1978 11 9 12
556 11 9 3
3768 11 14 93
148 11 14 86
1401 11 14 78
2113 11 14 67
1926 11 14 58
2997 11 14 42
3634 11 14 32
664 11 14 22
700 11 14 15
3736 11 14 5
2623 11 16 93
2591 11 16 85
188 11 16 78
1696 11 16 67
792 11 16 58
2837 11 16 42
1583 11 16 32
908 11 16 21
3260 11 16 11
57 11 16 5
2054 11 17 93
852 11 17 85
3790 11 17 77
1880 11 17 67
759 11 17 58
2436 11 17 42
222 11 17 32
4074 11 17 20
2835 11 17 6
830 11 19 93
2476 11 19 84
1178 11 19 66
1644 11 19 57
3286 11 19 35
940 11 19 26
3816 11 19 18
1369 11 19 12
1521 11 19 2
4122 12 0 91
1793 12 0 80
832 12 0 68
2390 12 0 57
2494 12 0 34
2746 12 0 27
2648 12 0 15
1354 12 0 5
2010 12 2 91
1569 12 2 80
826 12 2 68
1397 12 2 57
3948 12 2 33
20 12 2 26
1767 12 2 18
1281 12 2 12
815 12 2 2
929 12 3 91
1057 12 3 80
767 12 3 68
728 12 3 57
3795 12 3 33
2983 12 3 25
4345 12 3 15
304 12 3 4
3387 12 5 90
3427 12 5 82
2334 12 5 74
3223 12 5 67
4033 12 5 56
428 12 5 49
2388 12 5 41
3855 12 5 29
1969 12 5 20
1979 12 5 6
3429 12 7 89
3935 12 7 81
3654 12 7 74
3061 12 7 67
552 12 7 56
3839 12 7 48
2427 12 7 39
3158 12 7 31
1255 12 7 19
2325 12 7 10
3252 12 9 89
3051 12 9 81
3143 12 9 74
412 12 9 67
3065 12 9 55
241 12 9 47
4005 12 9 38
1517 12 9 32
1748 12 9 20
1216 12 9 6
967 12 10 89
2115 12 10 81
2589 12 10 74
382 12 10 67
1628 12 10 55
3325 12 10 46
4236 12 10 37
2210 12 10 30
2202 12 10 20
15 12 10 6
4327 12 11 88
987 12 11 82
4199 12 11 73
3307 12 11 64
4295 12 11 56
3478 12 11 47
3675 12 11 38
2702 12 11 31
934 12 11 19
8 12 11 10
1902 12 12 88
587 12 12 82
3873 12 12 73
1687 12 12 64
3806 12 12 56
3392 12 12 47
3082 12 12 38
261 12 12 31
810 12 12 19
4378 12 12 9
1503 12 14 88
4388 12 14 81
1180 12 14 74
4318 12 14 66
3896 12 14 56
1283 12 14 47
2755 12 14 38
4037 12 14 30
1764 12 14 20
3083 12 14 5
1165 12 16 88
176 12 16 81
746 12 16 74
4211 12 16 66
2989 12 16 56
3720 12 16 46
3166 12 16 37
2044 12 16 30
1717 12 16 20
2475 12 16 5
2272 12 17 87
134 12 17 80
1711 12 17 67
1330 12 17 55
2553 12 17 46
1804 12 17 36
553 12 17 27
2630 12 17 15
4373 12 17 3
714 12 19 87
2284 12 19 79
621 12 19 71
624 12 19 58
2254 12 19 42
12 12 19 32
60 12 19 20
1221 12 19 5
1924 13 0 86
1018 13 0 78
219 13 0 67
3608 13 0 54
35 13 0 49
2289 13 0 41
3681 13 0 29
1751 13 0 20
155 13 0 4
3735 13 7 85
2854 13 7 77
540 13 7 67
3208 13 7 54
2537 13 7 48
1829 13 7 39
2341 13 7 31
501 13 7 19
1078 13 7 9
3121 13 9 85
1243 13 9 77
3434 13 9 65
873 13 9 57
2505 13 9 33
1493 13 9 25
2615 13 9 15
1525 13 9 3
1771 13 12 85
45 13 12 77
3406 13 12 65
2556 13 12 56
2401 13 12 46
763 13 12 36
181 13 12 27
2490 13 12 15
3748 13 12 2
2889 13 14 84
583 13 14 66
3638 13 14 55
1099 13 14 46
756 13 14 36
696 13 14 25
1807 13 14 15
3510 13 14 2
293 13 16 84
498 13 16 66
2292 13 16 55
3313 13 16 45
3058 13 16 39
2037 13 16 31
3817 13 16 18
3756 13 16 11
52 13 16 5
3096 13 17 83
2174 13 17 73
905 13 17 64
2728 13 17 56
2173 13 17 46
437 13 17 36
2035 13 17 24
1534 13 17 17
1301 13 17 8
3281 13 19 82
2281 13 19 73
1235 13 19 63
2117 13 19 55
745 13 19 45
2618 13 19 39
1568 13 19 31
2718 13 19 18
3389 13 19 11
4294 13 19 4
1488 14 3 80
3758 14 3 66
3853 14 3 54
2018 14 3 48
4358 14 3 38
3107 14 3 30
4132 14 3 19
527 14 3 9
4251 14 4 78
3804 14 4 66
876 14 4 53
676 14 4 47
1759 14 4 38
820 14 4 30
1610 14 4 19
3309 14 4 8
841 14 5 76
3278 14 5 65
1927 14 5 55
946 14 5 44
4006 14 5 34
2695 14 5 27
2336 14 5 15
1558 14 5 2
3779 14 9 73
1161 14 9 63
957 14 9 55
1260 14 9 43
480 14 9 36
1416 14 9 24
80 14 9 17
3211 14 9 7
748 14 11 67
2815 14 11 54
50 14 11 48
3220 14 11 38
342 14 11 30
632 14 11 19
2949 14 11 8
2905 14 12 63
880 14 12 55
4370 14 12 42
4333 14 12 31
2106 14 12 18
3386 14 12 11
3173 14 12 4
1562 14 14 16
1433 14 14 8
1041 14 19 94
1021 14 19 86
4156 14 19 77
3318 14 19 65
824 14 19 55
2660 14 19 42
4203 14 19 31
456 14 19 18
1462 14 19 11
2946 14 19 4
280 15 1 94
4217 15 1 85
4075 15 1 76
3077 15 1 65
73 15 1 55
1428 15 1 42
2094 15 1 31
4397 15 1 17
2258 15 1 7
1253 15 12 93
2043 15 12 84
450 15 12 66
1865 15 12 52
3195 15 12 45
2302 15 12 39
962 15 12 31
3553 15 12 17
2040 15 12 7
726 15 14 93
4165 15 14 82
2138 15 14 73
4263 15 14 62
548 15 14 54
3322 15 14 47
1519 15 14 38
3633 15 14 29
892 15 14 20
2893 15 14 3
622 15 16 93
285 15 16 82
1778 15 16 73
1484 15 16 61
3662 15 16 54
2488 15 16 47
840 15 16 38
2834 15 16 29
3711 15 16 19
2843 15 16 8
2641 15 17 92
1590 15 17 84
2631 15 17 65
2203 15 17 54
1985 15 17 47
475 15 17 38
1514 15 17 29
3186 15 17 19
981 15 17 8
3868 15 18 91
2457 15 18 79
390 15 18 71
250 15 18 58
711 15 18 41
2086 15 18 26
953 15 18 18
1274 15 18 11
1914 15 18 4
3271 15 19 91
99 15 19 79
2877 15 19 70
1152 15 19 62
1913 15 19 53
218 15 19 46
4055 15 19 35
915 15 19 26
693 15 19 18
162 15 19 11
1744 15 19 4
2840 16 1 91
656 16 1 78
3497 16 1 66
1572 16 1 52
3010 16 1 45
2670 16 1 38
517 16 1 29
2201 16 1 19
744 16 1 8
3333 16 2 90
707 16 2 82
3193 16 2 72
2184 16 2 64
1205 16 2 56
2128 16 2 46
3877 16 2 35
4357 16 2 25
958 16 2 15
330 16 2 6
2876 16 3 90
3114 16 3 80
169 16 3 66
2984 16 3 51
2229 16 3 42
1688 16 3 31
2400 16 3 17
1242 16 3 7
2247 16 4 90
2564 16 4 80
2034 16 4 64
976 16 4 56
890 16 4 46
3421 16 4 35
3432 16 4 25
754 16 4 15
147 16 4 6
1733 16 5 90
1574 16 5 80
1860 16 5 62
1474 16 5 53
2349 16 5 45
2477 16 5 38
2136 16 5 27
1800 16 5 15
3786 16 5 5
318 16 6 89
303 16 6 81
257 16 6 74
2328 16 6 66
2434 16 6 51
1826 16 6 42
319 16 6 31
1917 16 6 16
429 16 6 8
3830 16 7 88
1481 16 7 80
1064 16 7 62
868 16 7 53
2161 16 7 45
900 16 7 38
1130 16 7 27
4061 16 7 14
3352 16 7 5
3752 16 8 88
666 16 8 80
1918 16 8 61
1513 16 8 54
284 16 8 47
361 16 8 38
39 16 8 27
3185 16 8 14
1224 16 8 5
3441 16 9 88
165 16 9 80
3346 16 9 60
1698 16 9 51
1236 16 9 42
217 16 9 30
3932 16 9 18
3689 16 9 10
3085 16 10 88
85 16 10 80
2211 16 10 60
1684 16 10 51
668 16 10 42
3766 16 10 29
1707 16 10 19
185 16 10 8
3078 17 1 88
43 17 1 80
4223 17 1 58
757 17 1 39
3385 17 1 30
1522 17 1 18
125 17 1 10
2786 17 2 88
3303 17 2 79
1323 17 2 70
3691 17 2 60
2921 17 2 49
2042 17 2 41
1986 17 2 26
539 17 2 18
2368 17 2 9
1816 17 3 88
3267 17 3 79
912 17 3 70
2852 17 3 60
2519 17 3 49
740 17 3 41
1048 17 3 26
3696 17 3 17
1229 17 3 7
3490 17 4 87
2014 17 4 79
4152 17 4 69
3500 17 4 61
4187 17 4 53
2140 17 4 45
2038 17 4 37
1410 17 4 30
1085 17 4 18
1204 17 4 9
3190 17 5 87
465 17 5 79
3219 17 5 69
2627 17 5 61
2634 17 5 53
2032 17 5 45
1885 17 5 37
3705 17 5 29
3350 17 5 18
483 17 5 9
2832 17 6 87
2478 17 6 78
3482 17 6 65
1327 17 6 54
56 17 6 47
77 17 6 38
311 17 6 26
3407 17 6 17
875 17 6 7
2351 17 7 87
2245 17 7 77
2078 17 7 65
519 17 7 54
3575 17 7 46
324 17 7 35
601 17 7 25
327 17 7 15
203 17 7 5
1515 17 8 87
863 17 8 77
761 17 8 65
410 17 8 54
3391 17 8 46
1948 17 8 34
2622 17 8 27
2060 17 8 14
4315 17 8 4
1407 17 9 87
417 17 9 77
543 17 9 65
296 17 9 54
1177 17 9 45
120 17 9 37
2598 17 9 29
1261 17 9 18
4228 17 9 8
2865 17 10 86
3442 17 10 77
4383 17 10 64
4007 17 10 55
3426 17 10 41
455 17 10 26
643 17 10 17
3712 17 10 6
1382 17 11 86
3382 17 11 77
3767 17 11 64
3180 17 11 55
3339 17 11 41
4068 17 11 25
3773 17 11 14
3196 17 11 4
535 17 12 86
2270 17 12 77
3152 17 12 64
2807 17 12 55
730 17 12 41
3809 17 12 25
3739 17 12 14
2908 17 12 4
3453 17 13 85
3560 17 13 74
1622 17 13 66
1685 17 13 51
4347 17 13 41
567 17 13 25
1361 17 13 14
4100 17 13 3
1606 17 14 84
3866 17 14 64
1992 17 14 55
96 17 14 40
3232 17 14 26
262 17 14 17
2965 17 14 6
4300 17 15 83
1823 17 15 73
3889 17 15 60
2099 17 15 49
906 17 15 40
4302 17 15 24
3867 17 15 16
2776 17 15 7
3161 17 16 83
1821 17 16 73
2535 17 16 60
328 17 16 49
822 17 16 40
1045 17 16 24
3620 17 16 16
3403 17 16 6
1480 17 17 82
1981 17 17 72
1063 17 17 64
1897 17 17 55
3879 17 17 39
2311 17 17 30
3714 17 17 17
2875 17 17 6
1214 17 18 79
3012 17 18 68
671 17 18 56
346 17 18 46
1538 17 18 34
1447 17 18 25
435 17 18 14
2384 17 18 3
3645 17 19 78
334 17 19 65
3215 17 19 53
1320 17 19 45
2649 17 19 36
1200 17 19 24
3564 17 19 16
1528 17 19 6
2658 19 0 77
4092 19 0 63
90 19 0 55
95 19 0 39
1838 19 0 30
3362 19 0 17
855 19 0 6
2108 19 1 76
252 19 1 65
1611 19 1 52
2607 19 1 45
4368 19 1 35
3243 19 1 24
3262 19 1 16
925 19 1 6
2706 19 2 91
3743 19 2 76
911 19 2 63
23 19 2 55
4147 19 2 38
2909 19 2 25
106 19 2 14
3487 19 2 2
3595 19 3 90
3684 19 3 79
2126 19 3 68
3228 19 3 55
2761 19 3 38
1886 19 3 25
2373 19 3 13
1739 19 3 7
2330 19 4 89
136 19 4 81
4051 19 4 73
270 19 4 60
2169 19 4 48
2726 19 4 38
1841 19 4 25
271 19 4 13
1093 19 4 7
595 19 5 89
4133 19 5 80
2830 19 5 58
3671 19 5 37
2416 19 5 29
775 19 5 18
3835 19 5 8
3708 19 6 88
2686 19 6 79
1017 19 6 68
2697 19 6 55
1662 19 6 38
2713 19 6 24
3141 19 6 16
116 19 6 6
2778 19 7 88
3380 19 7 78
3944 19 7 64
1266 19 7 55
366 19 7 38
4016 19 7 23
3092 19 7 14
1150 19 7 2
2580 19 8 88
3612 19 8 77
2847 19 8 62
1824 19 8 52
2285 19 8 44
3008 19 8 34
1087 19 8 25
1390 19 8 12
625 19 8 2
2406 19 9 88
2262 19 9 77
1352 19 9 62
1670 19 9 52
469 19 9 44
2389 19 9 34
3962 19 9 24
2767 19 9 15
4266 19 9 1
1471 19 10 88
2142 19 10 77
1196 19 10 62
1173 19 10 52
4094 19 10 43
3744 19 10 35
3126 19 10 24
1900 19 10 15
2582 19 10 1
1421 19 11 88
1038 19 11 77
573 19 11 62
434 19 11 52
3091 19 11 43
3528 19 11 35
3030 19 11 24
1681 19 11 15
2240 19 11 1
4018 19 12 87
4359 19 12 76
399 19 12 63
3901 19 12 54
846 19 12 45
3099 19 12 32
3566 19 12 19
1697 19 12 7
2215 19 13 87
2810 19 13 76
1866 19 13 62
172 19 13 52
3063 19 13 42
3102 19 13 29
213 19 13 18
2482 19 13 8
4025 19 14 86
1847 19 14 77
3473 19 14 61
2391 19 14 53
1259 19 14 45
4131 19 14 31
3109 19 14 14
1588 19 14 1
2541 19 15 86
1995 19 15 76
956 19 15 61
2156 19 15 52
1202 19 15 42
1157 19 15 29
3488 19 15 17
3576 19 15 5
2107 19 16 86
267 19 16 76
448 19 16 61
948 19 16 52
1608 19 16 41
204 19 16 25
3910 19 16 11
698 19 16 4
1858 19 17 86
4314 19 17 75
3070 19 17 66
1479 19 17 50
246 19 17 41
2263 19 17 24
1650 19 17 15
1427 19 17 1
733 19 18 86
3729 19 18 75
2374 19 18 66
834 19 18 49
396 19 18 40
817 19 18 24
4305 19 18 14
1076 19 18 7
4220 19 19 85
3534 19 19 74
1015 19 19 66
3602 19 19 48
1046 19 19 38
1423 19 19 23
2571 19 19 14
1024 19 19 7
