2512
256 0 0 98
1666 0 0 95
3305 0 0 92
304 0 0 89
2892 0 0 86
2476 0 0 82
2631 0 0 79
3584 0 0 76
3580 0 0 72
1599 0 0 70
2412 0 0 67
561 0 0 64
3392 0 0 60
3348 0 0 57
3476 0 0 54
3232 0 0 51
696 0 0 48
1743 0 0 44
236 0 0 42
3539 0 0 39
3032 0 0 37
3067 0 0 35
3703 0 0 33
623 0 0 30
3443 0 0 27
1082 0 0 25
2954 0 0 23
2697 0 0 21
3197 0 0 18
3194 0 0 16
2599 0 0 11
101 0 0 8
2777 0 0 5
1919 0 0 2
1234 0 1 97
3382 0 1 92
3728 0 1 87
674 0 1 83
1673 0 1 80
1055 0 1 76
3358 0 1 72
904 0 1 70
593 0 1 66
2396 0 1 62
2539 0 1 58
3345 0 1 55
3516 0 1 50
2937 0 1 48
1517 0 1 44
2090 0 1 40
3192 0 1 37
824 0 1 35
1526 0 1 32
3556 0 1 29
2848 0 1 27
2275 0 1 23
2480 0 1 20
1601 0 1 17
2569 0 1 14
1472 0 1 12
1453 0 1 10
3004 0 1 6
1883 0 1 3
2646 0 2 96
2424 0 2 93
3374 0 2 91
948 0 2 88
1327 0 2 85
410 0 2 83
1375 0 2 80
2677 0 2 75
1506 0 2 73
1116 0 2 71
1269 0 2 69
1294 0 2 67
115 0 2 63
176 0 2 59
3479 0 2 56
69 0 2 54
3326 0 2 50
1840 0 2 47
1133 0 2 43
2343 0 2 40
1546 0 2 37
1701 0 2 33
2877 0 2 29
1235 0 2 27
3266 0 2 22
1224 0 2 19
2730 0 2 15
3081 0 2 12
240 0 2 9
902 0 2 7
3254 0 2 4
2200 0 2 1
866 0 3 96
1861 0 3 93
2030 0 3 90
3170 0 3 87
3126 0 3 82
990 0 3 79
2644 0 3 76
2951 0 3 72
3225 0 3 69
3134 0 3 66
1929 0 3 62
472 0 3 58
2244 0 3 55
1669 0 3 50
427 0 3 47
3645 0 3 42
901 0 3 38
565 0 3 35
2435 0 3 31
2303 0 3 28
1376 0 3 25
2857 0 3 22
882 0 3 18
3335 0 3 14
2718 0 3 10
1397 0 3 5
3632 0 3 1
338 0 4 96
3587 0 4 92
3396 0 4 87
1169 0 4 82
643 0 4 79
1725 0 4 76
790 0 4 72
2431 0 4 67
63 0 4 62
2991 0 4 57
2656 0 4 54
2794 0 4 49
3130 0 4 45
3720 0 4 42
1402 0 4 37
1274 0 4 33
812 0 4 29
698 0 4 26
3618 0 4 21
3530 0 4 17
887 0 4 14
756 0 4 10
898 0 4 5
3306 0 4 1
3370 0 5 95
3129 0 5 92
3270 0 5 87
1027 0 5 82
143 0 5 79
1484 0 5 76
57 0 5 72
1078 0 5 67
2737 0 5 61
1424 0 5 58
516 0 5 55
1561 0 5 50
1200 0 5 46
1473 0 5 43
880 0 5 40
1136 0 5 37
2518 0 5 32
2326 0 5 29
425 0 5 26
3296 0 5 21
3157 0 5 16
1190 0 5 11
3412 0 5 7
630 0 5 4
3093 0 6 95
1029 0 6 92
2891 0 6 87
629 0 6 82
3166 0 6 78
2287 0 6 75
1976 0 6 71
1412 0 6 68
2481 0 6 64
2318 0 6 60
2775 0 6 57
3488 0 6 53
998 0 6 51
1317 0 6 47
2671 0 6 42
607 0 6 37
1979 0 6 32
3474 0 6 28
1287 0 6 25
1388 0 6 22
682 0 6 18
2344 0 6 14
136 0 6 10
783 0 6 5
2141 0 6 1
1770 0 7 95
3353 0 7 91
3555 0 7 87
295 0 7 82
2245 0 7 78
326 0 7 75
1915 0 7 71
957 0 7 68
1457 0 7 64
1612 0 7 60
2931 0 7 56
68 0 7 51
814 0 7 47
1583 0 7 42
85 0 7 37
262 0 7 31
391 0 7 27
2628 0 7 22
433 0 7 18
165 0 7 14
3503 0 7 9
2039 0 7 5
730 0 8 95
809 0 8 91
2041 0 8 86
1938 0 8 81
3044 0 8 78
3294 0 8 74
3699 0 8 72
3007 0 8 65
724 0 8 61
2409 0 8 57
3177 0 8 52
3150 0 8 49
572 0 8 45
580 0 8 42
3410 0 8 36
3546 0 8 34
2723 0 8 31
3163 0 8 26
3455 0 8 20
1230 0 8 17
2700 0 8 13
2379 0 8 9
3441 0 8 4
1782 0 9 94
1436 0 9 90
3057 0 9 87
3355 0 9 81
2570 0 9 77
275 0 9 75
3636 0 9 70
367 0 9 66
393 0 9 62
1663 0 9 57
1067 0 9 52
1580 0 9 48
946 0 9 44
1872 0 9 40
3321 0 9 36
2881 0 9 34
1343 0 9 30
1396 0 9 27
2124 0 9 21
3209 0 9 15
1381 0 9 12
3434 0 9 8
545 0 9 5
758 0 10 94
2619 0 10 89
1991 0 10 84
2293 0 10 82
1944 0 10 78
1545 0 10 74
804 0 10 71
523 0 10 68
1079 0 10 64
1608 0 10 60
3614 0 10 55
3 0 10 50
342 0 10 45
148 0 10 42
2040 0 10 36
3262 0 10 32
3222 0 10 28
3664 0 10 24
2415 0 10 21
3161 0 10 15
1221 0 10 11
3256 0 10 7
1954 0 10 3
742 0 11 94
3534 0 11 87
1648 0 11 81
2541 0 11 77
1250 0 11 74
166 0 11 71
1700 0 11 67
1405 0 11 61
2264 0 11 57
408 0 11 52
1087 0 11 48
3450 0 11 43
3193 0 11 39
453 0 11 37
2000 0 11 30
3245 0 11 26
2761 0 11 20
2036 0 11 16
2986 0 11 10
351 0 11 5
2530 0 12 93
424 0 12 90
1965 0 12 87
746 0 12 80
2103 0 12 75
3291 0 12 70
2864 0 12 65
3706 0 12 60
3189 0 12 55
3100 0 12 48
3208 0 12 43
3027 0 12 39
2952 0 12 35
1780 0 12 31
1759 0 12 25
3627 0 12 21
1347 0 12 15
2074 0 12 10
46 0 12 5
2204 0 13 93
2849 0 13 89
817 0 13 84
1733 0 13 81
1338 0 13 76
2586 0 13 71
3615 0 13 66
227 0 13 62
895 0 13 57
339 0 13 52
1843 0 13 47
512 0 13 42
2880 0 13 35
3003 0 13 30
2150 0 13 25
1289 0 13 21
3413 0 13 14
3079 0 13 8
2915 0 13 4
818 0 14 93
3447 0 14 88
521 0 14 85
2608 0 14 82
1778 0 14 78
3113 0 14 73
2660 0 14 70
2218 0 14 65
3493 0 14 60
2982 0 14 54
959 0 14 49
464 0 14 45
1160 0 14 41
1905 0 14 39
2988 0 14 34
1264 0 14 30
3693 0 14 24
1548 0 14 20
2829 0 14 15
767 0 14 9
2024 0 14 4
359 0 15 93
2733 0 15 88
1445 0 15 84
31 0 15 81
309 0 15 76
1544 0 15 71
2508 0 15 66
1266 0 15 61
2094 0 15 57
2939 0 15 51
330 0 15 47
3354 0 15 41
3282 0 15 36
3672 0 15 31
2747 0 15 24
463 0 15 20
1814 0 15 15
2527 0 15 8
376 0 15 4
3510 0 16 92
1720 0 16 86
1003 0 16 81
3538 0 16 75
3171 0 16 70
1118 0 16 65
2186 0 16 60
2544 0 16 54
602 0 16 49
128 0 16 45
1409 0 16 40
1717 0 16 36
2655 0 16 31
2163 0 16 24
2934 0 16 19
2029 0 16 15
1988 0 16 8
2683 0 16 3
3095 0 17 92
1482 0 17 86
2086 0 17 80
2017 0 17 75
1702 0 17 70
158 0 17 65
3002 0 17 59
1507 0 17 56
3376 0 17 50
277 0 17 45
1041 0 17 40
3115 0 17 35
1916 0 17 29
1585 0 17 25
2034 0 17 20
3711 0 17 14
2591 0 17 8
2154 0 17 3
2008 0 18 92
1447 0 18 86
1848 0 18 80
1603 0 18 75
1576 0 18 70
2854 0 18 64
3417 0 18 58
3697 0 18 54
2252 0 18 48
2099 0 18 43
2907 0 18 39
1570 0 18 34
2923 0 18 29
1563 0 18 25
3688 0 18 19
1023 0 18 14
2217 0 18 8
2505 0 18 2
1830 0 19 91
1438 0 19 86
976 0 19 80
1114 0 19 75
1120 0 19 69
49 0 19 66
1090 0 19 61
3246 0 19 56
1877 0 19 50
3086 0 19 44
3512 0 19 39
1199 0 19 34
1154 0 19 29
2134 0 19 24
2228 0 19 19
1263 0 19 13
65 0 19 9
1363 0 19 4
1320 2 1 91
1334 2 1 86
3705 2 1 78
2694 2 1 72
1624 2 1 65
1897 2 1 59
1185 2 1 56
863 2 1 50
2767 2 1 44
3599 2 1 38
695 2 1 34
800 2 1 29
2257 2 1 23
2188 2 1 20
2354 2 1 14
2181 2 1 8
2356 2 1 1
568 2 2 91
3473 2 2 85
2027 2 2 82
708 2 2 77
1026 2 2 74
3542 2 2 70
2411 2 2 64
3361 2 2 58
3589 2 2 54
1675 2 2 48
501 2 2 43
2489 2 2 39
2855 2 2 33
3486 2 2 28
3272 2 2 24
13 2 2 19
657 2 2 12
2100 2 2 7
526 2 2 3
3395 2 3 90
2427 2 3 86
3433 2 3 78
3670 2 3 71
1410 2 3 66
3610 2 3 60
2422 2 3 54
2739 2 3 47
2192 2 3 41
2215 2 3 36
1432 2 3 31
1044 2 3 24
1485 2 3 18
3135 2 3 13
2486 2 3 8
684 2 3 1
1495 2 4 90
3236 2 4 85
1182 2 4 82
540 2 4 77
2781 2 4 73
2365 2 4 70
1318 2 4 64
429 2 4 58
2587 2 4 54
2446 2 4 47
659 2 4 41
2769 2 4 35
1819 2 4 29
914 2 4 22
2231 2 4 17
1925 2 4 13
740 2 4 8
67 2 4 1
1374 2 5 89
680 2 5 84
2378 2 5 80
3124 2 5 74
3329 2 5 70
936 2 5 64
418 2 5 58
1914 2 5 54
1860 2 5 47
3651 2 5 40
212 2 5 35
2863 2 5 28
775 2 5 23
442 2 5 19
293 2 5 12
1855 2 5 7
457 2 5 3
938 2 6 89
280 2 6 84
1672 2 6 80
2440 2 6 74
1951 2 6 70
12 2 6 64
416 2 6 58
854 2 6 54
1426 2 6 47
3536 2 6 40
2804 2 6 34
296 2 6 29
242 2 6 22
980 2 6 17
1062 2 6 13
3684 2 6 7
3049 2 6 2
3513 2 7 88
1189 2 7 84
161 2 7 80
915 2 7 74
292 2 7 70
3429 2 7 63
2255 2 7 58
1251 2 7 53
3596 2 7 50
2246 2 7 44
389 2 7 38
423 2 7 34
3687 2 7 28
426 2 7 23
3506 2 7 18
3035 2 7 12
1909 2 7 5
3444 2 9 88
3631 2 9 83
3327 2 9 79
3514 2 9 75
1002 2 9 69
2196 2 9 65
798 2 9 59
2652 2 9 55
3000 2 9 48
270 2 9 43
810 2 9 39
2524 2 9 33
3117 2 9 27
2062 2 9 21
709 2 9 14
415 2 9 8
2837 2 9 2
3023 2 10 88
1519 2 10 83
1531 2 10 79
820 2 10 75
3158 2 10 68
770 2 10 64
378 2 10 58
672 2 10 53
177 2 10 50
1645 2 10 44
3385 2 10 37
1868 2 10 30
1450 2 10 24
224 2 10 18
1630 2 10 12
1105 2 10 5
3625 2 11 87
377 2 11 80
127 2 11 74
691 2 11 69
1240 2 11 65
518 2 11 59
2595 2 11 55
2469 2 11 48
175 2 11 43
3563 2 11 38
3553 2 11 33
2294 2 11 27
1942 2 11 21
75 2 11 14
17 2 11 8
1560 2 11 2
2955 2 12 87
239 2 12 80
1677 2 12 73
494 2 12 70
3423 2 12 63
1487 2 12 58
3278 2 12 52
631 2 12 47
2044 2 12 40
1086 2 12 34
2552 2 12 28
284 2 12 23
2477 2 12 18
3201 2 12 11
2842 2 12 7
1532 2 12 2
116 2 13 87
400 2 13 79
2526 2 13 74
1881 2 13 68
2577 2 13 63
3551 2 13 57
2735 2 13 51
2926 2 13 46
145 2 13 43
430 2 13 38
2659 2 13 33
3640 2 13 26
932 2 13 20
2466 2 13 13
3331 2 13 7
343 2 13 2
2358 2 15 86
3330 2 15 78
2776 2 15 71
329 2 15 66
2782 2 15 60
1092 2 15 54
1186 2 15 47
413 2 15 40
869 2 15 34
2475 2 15 28
3721 2 15 22
3568 2 15 16
2291 2 15 10
2169 2 15 4
2273 2 16 86
2521 2 16 78
1838 2 16 71
2889 2 16 65
154 2 16 59
1844 2 16 55
2455 2 16 48
2609 2 16 42
1763 2 16 35
71 2 16 28
2725 2 16 22
2601 2 16 16
1009 2 16 10
2031 2 16 4
370 2 17 82
3042 2 17 76
2868 2 17 70
1399 2 17 63
1572 2 17 57
2266 2 17 51
2394 2 17 46
2825 2 17 42
1613 2 17 35
3281 2 17 27
1227 2 17 21
3704 2 17 13
3043 2 17 7
2286 2 17 1
2843 2 18 78
1395 2 18 71
171 2 18 65
2383 2 18 58
2038 2 18 52
3145 2 18 46
2895 2 18 41
3203 2 18 34
1386 2 18 28
2254 2 18 21
1502 2 18 13
2003 2 18 7
1345 2 18 1
1164 2 19 78
943 2 19 71
2860 2 19 64
2618 2 19 57
1408 2 19 51
1740 2 19 46
2615 2 19 41
3174 2 19 34
3191 2 19 27
835 2 19 21
2962 2 19 12
886 2 19 5
737 3 1 77
2714 3 1 73
1812 3 1 69
1156 3 1 65
1968 3 1 58
1967 3 1 52
1168 3 1 46
3471 3 1 40
2032 3 1 33
3460 3 1 26
495 3 1 20
2214 3 1 13
289 3 1 7
1043 3 1 1
1998 3 2 75
2447 3 2 68
2529 3 2 63
1006 3 2 57
3451 3 2 50
162 3 2 44
241 3 2 37
1236 3 2 30
129 3 2 24
3173 3 2 17
2047 3 2 12
3212 3 2 4
1001 3 3 61
1610 3 3 56
2494 3 3 49
3517 3 3 44
2617 3 3 36
371 3 3 31
3466 3 3 23
163 3 3 18
1920 3 3 11
3322 3 3 6
1794 3 3 1
3718 3 4 96
765 3 4 92
1040 3 4 86
2316 3 4 78
841 3 4 71
2457 3 4 64
1520 3 4 57
3362 3 4 50
3041 3 4 43
3143 3 4 37
1191 3 4 30
1766 3 4 23
1366 3 4 17
1731 3 4 12
1734 3 4 4
2946 3 5 96
411 3 5 92
776 3 5 86
937 3 5 78
3602 3 5 70
875 3 5 63
1237 3 5 56
1926 3 5 49
2675 3 5 44
1088 3 5 36
3628 3 5 30
950 3 5 23
917 3 5 17
2971 3 5 11
1882 3 5 6
1773 3 6 96
1529 3 6 90
1665 3 6 85
88 3 6 82
1555 3 6 76
1161 3 6 70
2816 3 6 62
3535 3 6 56
1712 3 6 49
2512 3 6 44
1775 3 6 35
2771 3 6 27
731 3 6 21
2896 3 6 12
1444 3 6 4
531 3 7 95
1850 3 7 90
614 3 7 85
2748 3 7 81
2493 3 7 75
25 3 7 68
1505 3 7 62
1866 3 7 56
2928 3 7 48
1019 3 7 42
193 3 7 35
2012 3 7 27
2341 3 7 20
1081 3 7 13
3643 3 7 6
43 3 9 95
992 3 9 90
608 3 9 84
2805 3 9 79
2851 3 9 73
1493 3 9 69
225 3 9 65
1726 3 9 58
2082 3 9 51
266 3 9 46
2136 3 9 40
3591 3 9 32
1995 3 9 28
811 3 9 21
833 3 9 12
699 3 9 4
3480 3 10 94
2690 3 10 87
146 3 10 79
70 3 10 73
3264 3 10 67
1228 3 10 61
2760 3 10 55
1278 3 10 48
2972 3 10 41
3153 3 10 34
2020 3 10 27
3702 3 10 19
2002 3 10 11
3164 3 10 5
2568 3 11 94
2610 3 11 87
1267 3 11 78
3085 3 11 70
2183 3 11 62
764 3 11 56
2010 3 11 48
2123 3 11 41
813 3 11 34
1421 3 11 27
689 3 11 19
288 3 11 11
1508 3 11 5
2559 3 12 94
2194 3 12 87
586 3 12 78
3047 3 12 70
461 3 12 62
2724 3 12 55
1535 3 12 47
3323 3 12 39
2496 3 12 33
3424 3 12 26
3300 3 12 18
186 3 12 11
1206 3 12 5
2898 3 13 93
2474 3 13 87
3328 3 13 77
2407 3 13 73
2561 3 13 67
929 3 13 61
710 3 13 55
769 3 13 47
2989 3 13 39
1950 3 13 33
2438 3 13 26
1516 3 13 18
3583 3 13 10
983 3 13 4
2028 3 15 93
1173 3 15 85
1226 3 15 80
55 3 15 73
1930 3 15 67
883 3 15 61
3318 3 15 54
871 3 15 47
2830 3 15 39
1259 3 15 33
2080 3 15 26
1433 3 15 18
3090 3 15 10
752 3 15 4
686 3 16 93
2300 3 16 84
2129 3 16 79
9 3 16 73
1140 3 16 67
2751 3 16 60
1030 3 16 54
238 3 16 47
1911 3 16 39
3569 3 16 32
1961 3 16 28
3012 3 16 20
259 3 16 13
3363 3 16 6
229 3 17 93
2260 3 17 84
2107 3 17 79
2606 3 17 72
105 3 17 65
1496 3 17 58
1080 3 17 51
3168 3 17 45
3529 3 17 39
3566 3 17 32
1705 3 17 28
2806 3 17 20
26 3 17 13
2428 3 17 6
700 3 18 92
222 3 18 85
2850 3 18 78
3010 3 18 70
153 3 18 62
1935 3 18 55
715 3 18 47
1632 3 18 39
2263 3 18 32
2484 3 18 27
3689 3 18 18
283 3 18 10
703 3 18 3
2419 3 19 91
658 3 19 85
2699 3 19 78
2081 3 19 70
2835 3 19 61
3723 3 19 53
3528 3 19 49
2111 3 19 44
687 3 19 35
1742 3 19 27
2152 3 19 18
3425 3 19 9
745 3 19 4
1365 4 1 91
3613 4 1 84
1847 4 1 79
2267 4 1 72
29 4 1 65
1442 4 1 58
2265 4 1 50
2088 4 1 43
955 4 1 36
2298 4 1 30
2241 4 1 22
2226 4 1 16
1285 4 1 9
3233 4 1 3
1036 4 7 91
1963 4 7 84
1458 4 7 79
1837 4 7 72
3218 4 7 64
1316 4 7 57
2647 4 7 50
1162 4 7 43
2945 4 7 35
2151 4 7 26
960 4 7 18
2701 4 7 9
2282 4 7 3
213 4 9 91
3325 4 9 83
455 4 9 79
594 4 9 72
3190 4 9 64
641 4 9 57
328 4 9 49
1644 4 9 44
1667 4 9 33
1471 4 9 26
780 4 9 18
2262 4 9 9
1670 4 9 3
1312 4 13 89
234 4 13 84
15 4 13 79
2873 4 13 71
1481 4 13 64
622 4 13 56
1959 4 13 48
1676 4 13 41
152 4 13 34
2168 4 13 26
3277 4 13 17
1521 4 13 11
1042 4 13 5
267 4 15 88
2741 4 15 82
1542 4 15 76
2522 4 15 69
32 4 15 64
1811 4 15 55
2432 4 15 46
1932 4 15 40
2349 4 15 32
2202 4 15 27
1899 4 15 17
235 4 15 11
157 4 15 5
3576 5 1 87
1658 5 1 77
2256 5 1 73
60 5 1 67
1362 5 1 60
3116 5 1 53
1158 5 1 49
935 5 1 44
1534 5 1 33
480 5 1 26
3123 5 1 16
3393 5 1 8
1059 5 3 87
1597 5 3 77
406 5 3 73
2016 5 3 66
855 5 3 60
2815 5 3 53
1344 5 3 48
510 5 3 41
1902 5 3 33
562 5 3 25
3268 5 3 19
76 5 3 11
3162 5 3 4
2473 5 4 86
806 5 4 78
1756 5 4 70
1841 5 4 61
1091 5 4 53
2261 5 4 47
3176 5 4 38
109 5 4 33
207 5 4 25
3053 5 4 19
3496 5 4 10
3712 5 4 2
3206 5 5 85
2153 5 5 78
1144 5 5 70
1682 5 5 61
2612 5 5 52
228 5 5 46
1857 5 5 40
1233 5 5 32
1492 5 5 27
1651 5 5 17
3595 5 5 9
1095 5 5 3
3564 5 6 84
3661 5 6 78
2370 5 6 69
2253 5 6 63
3141 5 6 55
1523 5 6 46
3179 5 6 39
1831 5 6 32
3386 5 6 26
1247 5 6 16
1296 5 6 8
2970 5 7 84
649 5 7 78
2191 5 7 69
2199 5 7 63
1833 5 7 55
1456 5 7 46
676 5 7 39
1698 5 7 32
1741 5 7 26
257 5 7 16
3140 5 7 7
2210 5 9 83
2590 5 9 78
982 5 9 69
1761 5 9 63
287 5 9 55
1153 5 9 46
885 5 9 38
2374 5 9 32
1425 5 9 26
2867 5 9 15
1418 5 9 8
2791 5 11 82
1112 5 11 76
3515 5 11 68
1275 5 11 62
1562 5 11 55
3102 5 11 44
832 5 11 33
2534 5 11 23
3475 5 11 16
3078 5 11 7
949 5 12 81
3465 5 12 74
434 5 12 68
924 5 12 62
1304 5 12 55
2738 5 12 44
271 5 12 33
2346 5 12 23
2650 5 12 16
1440 5 12 6
897 5 13 79
2803 5 13 71
1903 5 13 63
357 5 13 54
99 5 13 47
3122 5 13 38
3484 5 13 31
3426 5 13 23
1370 5 13 16
3577 5 13 5
1225 5 15 70
1420 5 15 61
1454 5 15 52
3639 5 15 45
3263 5 15 39
952 5 15 32
994 5 15 26
1863 5 15 15
1414 5 15 7
1990 5 17 69
168 5 17 63
48 5 17 54
3700 5 17 46
728 5 17 38
2492 5 17 31
2758 5 17 23
255 5 17 15
1478 5 17 6
2313 5 18 95
1934 5 18 89
2853 5 18 83
2567 5 18 78
1342 5 18 68
853 5 18 62
836 5 18 55
1922 5 18 44
3290 5 18 32
751 5 18 26
532 5 18 15
132 5 18 6
2247 5 19 95
1491 5 19 89
340 5 19 83
779 5 19 77
2922 5 19 72
2668 5 19 64
1679 5 19 55
1313 5 19 44
2839 5 19 32
3652 5 19 25
2242 5 19 19
2722 5 19 10
2237 5 19 2
1298 6 1 95
722 6 1 89
2821 6 1 82
774 6 1 76
401 6 1 68
3250 6 1 61
183 6 1 52
3092 6 1 45
2284 6 1 39
184 6 1 32
3642 6 1 25
2109 6 1 19
2479 6 1 10
1714 6 1 2
3289 6 3 94
3656 6 3 86
111 6 3 78
940 6 3 68
1996 6 3 61
3017 6 3 51
2764 6 3 45
2429 6 3 38
2175 6 3 31
2634 6 3 23
3368 6 3 14
2630 6 3 7
2975 6 4 94
3446 6 4 86
2125 6 4 77
2589 6 4 72
1635 6 4 64
533 6 4 54
2882 6 4 46
3028 6 4 37
475 6 4 30
1878 6 4 22
3676 6 4 15
3333 6 4 5
2799 6 5 94
3186 6 5 86
1973 6 5 77
1039 6 5 72
638 6 5 64
302 6 5 54
1617 6 5 46
2395 6 5 37
350 6 5 30
1104 6 5 22
2113 6 5 15
2885 6 5 5
1419 6 6 94
3098 6 6 86
268 6 6 77
3388 6 6 71
1695 6 6 63
3616 6 6 53
1379 6 6 47
2548 6 6 38
185 6 6 31
2504 6 6 23
3273 6 6 14
2054 6 6 7
1047 6 7 94
2938 6 7 86
3088 6 7 76
141 6 7 67
3675 6 7 59
1465 6 7 55
2305 6 7 43
1170 6 7 35
661 6 7 26
117 6 7 15
2673 6 7 5
356 6 9 93
923 6 9 84
2307 6 9 77
1441 6 9 71
3470 6 9 62
3366 6 9 54
847 6 9 46
2380 6 9 37
3014 6 9 29
3459 6 9 21
398 6 9 12
3244 6 9 3
3523 6 11 92
2983 6 11 84
1385 6 11 77
130 6 11 71
3420 6 11 62
2387 6 11 54
2488 6 11 45
2335 6 11 38
62 6 11 31
1750 6 11 23
3230 6 11 14
1754 6 11 7
2888 6 12 92
2921 6 12 84
931 6 12 77
2912 6 12 70
1371 6 12 61
2745 6 12 51
1166 6 12 45
727 6 12 38
3099 6 12 29
3399 6 12 21
121 6 12 11
552 6 12 4
1586 6 13 92
3457 6 13 83
3084 6 13 76
3714 6 13 66
3185 6 13 59
1884 6 13 54
1936 6 13 44
718 6 13 32
3691 6 13 24
3008 6 13 17
3492 6 13 9
2221 6 13 2
514 6 15 92
1964 6 15 83
2102 6 15 76
3617 6 15 66
2753 6 15 59
1430 6 15 54
792 6 15 44
3524 6 15 30
3660 6 15 21
3442 6 15 10
3502 6 15 1
2485 6 17 91
3055 6 17 83
1564 6 17 76
2964 6 17 66
2439 6 17 59
1634 6 17 53
1198 6 17 47
2348 6 17 38
2130 6 17 29
2750 6 17 21
2317 6 17 10
3160 6 17 1
1972 6 18 90
2611 6 18 83
2171 6 18 75
3458 6 18 67
2613 6 18 59
139 6 18 53
782 6 18 47
2069 6 18 38
51 6 18 29
1655 6 18 21
2299 6 18 9
2037 6 18 2
1708 6 19 90
2535 6 19 83
743 6 19 75
3058 6 19 67
2386 6 19 59
3009 6 19 52
3052 6 19 45
656 6 19 38
3575 6 19 28
1406 6 19 20
3603 6 19 12
1792 6 19 3
1311 7 1 90
1707 7 1 83
1901 7 1 74
2360 7 1 67
1683 7 1 59
2943 7 1 52
2949 7 1 45
2463 7 1 37
2692 7 1 29
1567 7 1 21
997 7 1 9
1710 7 1 2
23 7 3 90
1277 7 3 83
1034 7 3 74
1633 7 3 67
1308 7 3 58
1908 7 3 50
2639 7 3 42
3011 7 3 34
2085 7 3 25
784 7 3 19
1335 7 3 10
2643 7 3 1
1809 7 7 89
2271 7 7 82
412 7 7 76
2359 7 7 66
1018 7 7 58
232 7 7 50
2050 7 7 41
1816 7 7 33
2796 7 7 22
900 7 7 15
2600 7 7 5
1768 7 9 89
3727 7 9 81
2965 7 9 74
1577 7 9 67
1231 7 9 58
3346 7 9 49
646 7 9 44
881 7 9 30
2740 7 9 21
3034 7 9 8
1110 7 11 89
2645 7 11 81
759 7 11 74
1907 7 11 66
2872 7 11 57
197 7 11 49
3146 7 11 43
528 7 11 35
639 7 11 26
1380 7 11 14
1272 7 11 7
2698 7 13 88
1246 7 13 82
3436 7 13 75
2642 7 13 67
567 7 13 58
1559 7 13 49
697 7 13 43
2715 7 13 34
1331 7 13 25
462 7 13 19
909 7 13 10
1282 7 13 1
1985 7 15 88
1157 7 15 82
3574 7 15 74
1874 7 15 66
2375 7 15 57
2894 7 15 48
3682 7 15 40
396 7 15 32
3401 7 15 24
2838 7 15 17
3165 7 15 9
3340 7 15 1
1810 7 17 88
559 7 17 82
2820 7 17 74
1721 7 17 66
837 7 17 57
2756 7 17 48
2959 7 17 40
2691 7 17 31
1351 7 17 23
3038 7 17 14
1210 7 17 7
1592 8 1 88
3200 8 1 81
679 8 1 74
524 8 1 66
417 8 1 57
2672 8 1 48
2874 8 1 40
1515 8 1 31
3303 8 1 22
22 8 1 15
1654 8 1 5
1131 8 3 88
2189 8 3 81
665 8 3 74
390 8 3 65
1359 8 3 58
2987 8 3 47
1982 8 3 38
2525 8 3 28
1656 8 3 19
3421 8 3 9
574 8 3 1
2933 8 5 87
251 8 5 77
2702 8 5 69
2682 8 5 62
1764 8 5 54
977 8 5 43
2705 8 5 34
843 8 5 25
3481 8 5 18
2236 8 5 9
294 8 5 1
2920 8 6 87
3073 8 6 75
3472 8 6 66
2657 8 6 56
120 8 6 48
2778 8 6 40
1074 8 6 31
1693 8 6 22
2732 8 6 14
1270 8 6 6
2373 8 7 87
1728 8 7 75
21 8 7 66
1894 8 7 56
1885 8 7 47
1974 8 7 38
1128 8 7 28
1194 8 7 19
2352 8 7 9
265 8 9 87
3673 8 9 74
291 8 9 65
97 8 9 57
1751 8 9 48
3149 8 9 39
2072 8 9 31
1033 8 9 22
2108 8 9 14
1845 8 9 5
513 8 11 86
2055 8 11 76
1499 8 11 66
93 8 11 55
678 8 11 43
2421 8 11 34
637 8 11 25
3169 8 11 18
645 8 11 9
3547 8 13 85
1103 8 13 78
3710 8 13 67
2128 8 13 57
449 8 13 48
2540 8 13 39
385 8 13 31
2018 8 13 21
2708 8 13 8
2944 8 15 85
511 8 15 78
3118 8 15 67
1192 8 15 57
2557 8 15 47
920 8 15 38
3435 8 15 27
831 8 15 16
3311 8 15 5
1752 8 17 85
306 8 17 78
963 8 17 67
1008 8 17 57
2357 8 17 47
3489 8 17 37
3692 8 17 28
826 8 17 19
1305 8 17 9
1149 8 19 84
829 8 19 77
754 8 19 69
589 8 19 62
1642 8 19 54
2043 8 19 42
2744 8 19 34
308 8 19 25
211 8 19 18
215 8 19 9
2538 9 6 83
721 9 6 74
3598 9 6 64
78 9 6 54
1997 9 6 42
566 9 6 34
748 9 6 24
2497 9 6 17
3089 9 6 9
2155 9 7 81
560 9 7 74
2679 9 7 64
3199 9 7 53
3532 9 7 46
2224 9 7 37
666 9 7 28
669 9 7 19
3464 9 7 8
3210 9 9 80
2625 9 9 72
1377 9 9 62
1260 9 9 54
323 9 9 42
42 9 9 34
2969 9 9 23
2833 9 9 14
1403 9 9 5
2622 9 11 80
1369 9 11 72
1219 9 11 62
741 9 11 54
3175 9 11 41
1411 9 11 33
2053 9 11 22
1119 9 11 14
1188 9 11 5
369 9 13 79
2283 9 13 71
796 9 13 62
263 9 13 54
56 9 13 41
844 9 13 33
1767 9 13 22
535 9 13 14
471 9 13 5
1554 9 15 74
1137 9 15 64
3020 9 15 52
1469 9 15 45
2312 9 15 37
3297 9 15 27
537 9 15 16
1629 9 15 5
3405 9 17 71
2190 9 17 61
3724 9 17 50
3559 9 17 40
624 9 17 31
1049 9 17 21
1202 9 17 7
95 9 19 71
486 9 19 61
3136 9 19 50
536 9 19 40
155 9 19 31
281 9 19 21
460 9 19 7
2229 10 1 67
1571 10 1 56
1641 10 1 47
2156 10 1 37
2234 10 1 27
2813 10 1 15
247 10 1 5
3427 10 2 63
3394 10 2 53
2347 10 2 46
1989 10 2 37
1353 10 2 27
2292 10 2 15
3653 10 2 4
3215 10 3 49
344 10 3 43
1803 10 3 34
2161 10 3 23
1689 10 3 14
156 10 3 5
167 10 4 95
189 10 4 89
2621 10 4 81
3284 10 4 73
1796 10 4 66
1329 10 4 54
1057 10 4 40
83 10 4 31
3707 10 4 20
2269 10 4 12
1461 10 4 3
3148 10 6 94
325 10 6 86
1600 10 6 76
867 10 6 66
570 10 6 54
544 10 6 40
1021 10 6 30
392 10 6 21
3654 10 6 6
2093 10 7 94
3152 10 7 85
3219 10 7 77
2369 10 7 68
673 10 7 61
1875 10 7 50
515 10 7 40
1480 10 7 28
2967 10 7 18
3432 10 7 8
2716 10 9 92
3655 10 9 82
2742 10 9 74
571 10 9 62
2259 10 9 53
2338 10 9 46
1015 10 9 37
1286 10 9 27
451 10 9 15
3422 10 9 4
2366 10 11 92
2773 10 11 81
2580 10 11 73
725 10 11 66
3071 10 11 53
1627 10 11 46
609 10 11 37
2658 10 11 26
1368 10 11 14
1271 10 11 4
1595 10 13 92
2372 10 13 80
402 10 13 72
1052 10 13 62
3562 10 13 52
1295 10 13 45
2238 10 13 37
3275 10 13 25
3216 10 13 17
36 10 13 9
864 10 15 92
1303 10 15 80
383 10 15 72
857 10 15 62
3187 10 15 52
180 10 15 45
2178 10 15 37
2106 10 15 25
3138 10 15 17
2564 10 15 8
543 10 17 92
2648 10 17 77
2278 10 17 68
159 10 17 61
160 10 17 50
182 10 17 39
3482 10 17 30
1828 10 17 20
713 10 17 12
2376 10 17 2
395 10 19 92
1806 10 19 76
104 10 19 66
1533 10 19 53
502 10 19 46
3006 10 19 36
1223 10 19 30
987 10 19 20
458 10 19 11
347 10 19 4
313 11 1 92
1016 11 1 76
2869 11 1 65
569 11 1 56
360 11 1 46
2958 11 1 36
726 11 1 30
3301 11 1 19
3198 11 1 8
3521 11 2 91
1904 11 2 83
2749 11 2 73
172 11 2 66
3437 11 2 51
872 11 2 45
1628 11 2 37
1835 11 2 25
2703 11 2 17
2490 11 2 8
3064 11 3 91
1216 11 3 83
1771 11 3 73
3389 11 3 65
3520 11 3 55
1265 11 3 42
1115 11 3 33
1690 11 3 22
3572 11 3 13
2166 11 3 5
2993 11 4 91
1017 11 4 83
1727 11 4 73
2808 11 4 65
1769 11 4 55
477 11 4 42
300 11 4 33
848 11 4 22
947 11 4 13
1949 11 4 5
2584 11 17 91
3204 11 17 82
2629 11 17 74
3667 11 17 61
2249 11 17 49
3438 11 17 42
2206 11 17 32
3571 11 17 23
845 11 17 14
719 11 17 4
653 11 19 91
3142 11 19 82
1724 11 19 74
3593 11 19 61
1053 11 19 49
3207 11 19 42
448 11 19 31
3313 11 19 20
254 11 19 11
151 11 19 4
3320 12 4 90
190 12 4 83
1063 12 4 73
2641 12 4 65
3087 12 4 54
1886 12 4 39
3242 12 4 30
2390 12 4 19
1636 12 4 8
2997 12 6 89
2573 12 6 81
2507 12 6 73
1687 12 6 65
2664 12 6 54
3694 12 6 38
648 12 6 27
3679 12 6 14
252 12 6 4
1888 12 7 89
2149 12 7 81
1261 12 7 73
1068 12 7 65
3341 12 7 53
310 12 7 46
469 12 7 36
3060 12 7 29
1213 12 7 21
2324 12 7 4
45 12 9 89
1668 12 9 81
1037 12 9 73
3662 12 9 63
2311 12 9 53
1834 12 9 45
1126 12 9 37
66 12 9 25
496 12 9 17
500 12 9 8
2351 12 11 88
3543 12 11 80
282 12 11 72
549 12 11 62
2410 12 11 52
3404 12 11 44
3663 12 11 29
3019 12 11 20
1937 12 11 10
1177 12 11 1
2120 12 13 88
3499 12 13 80
852 12 13 71
334 12 13 61
2876 12 13 48
2006 12 13 39
2211 12 13 30
3686 12 13 18
2403 12 13 8
337 12 15 88
2950 12 15 80
3308 12 15 70
3681 12 15 60
1999 12 15 53
1581 12 15 45
2818 12 15 36
951 12 15 29
2197 12 15 20
1842 12 15 10
556 13 0 87
1171 13 0 74
2780 13 0 61
1713 13 0 48
497 13 0 39
1933 13 0 30
3658 13 0 18
2309 13 0 8
2676 13 1 86
3527 13 1 75
1494 13 1 65
3045 13 1 52
2165 13 1 44
3343 13 1 29
2398 13 1 19
5 13 1 8
2314 13 2 86
2321 13 2 75
1241 13 2 65
2566 13 2 52
237 13 2 44
1141 13 2 26
1147 13 2 14
2875 13 2 3
2213 13 3 86
2143 13 3 75
3062 13 3 64
1736 13 3 51
3504 13 3 44
1524 13 3 24
2450 13 3 16
509 13 3 5
1256 13 4 86
944 13 4 75
2176 13 4 64
1497 13 4 51
3440 13 4 44
1350 13 4 24
1898 13 4 16
428 13 4 5
3367 13 6 85
2719 13 6 77
1853 13 6 68
3637 13 6 60
1824 13 6 53
1556 13 6 45
2727 13 6 36
3342 13 6 28
2004 13 6 18
961 13 6 7
2597 13 7 85
1301 13 7 77
1084 13 7 68
1711 13 7 60
470 13 7 53
61 13 7 45
1681 13 7 36
3121 13 7 28
1598 13 7 18
2765 13 7 6
2172 13 9 85
1089 13 9 77
1072 13 9 68
954 13 9 60
2079 13 9 52
3634 13 9 43
757 13 9 34
945 13 9 22
2903 13 9 12
2327 13 9 2
858 13 10 85
2640 13 10 76
72 13 10 65
795 13 10 52
3579 13 10 43
2948 13 10 33
2058 13 10 20
750 13 10 10
999 13 11 83
187 13 11 73
3494 13 11 63
1800 13 11 53
1336 13 11 44
3249 13 11 19
3680 13 11 7
276 13 13 82
1323 13 13 74
1065 13 13 61
233 13 13 48
1279 13 13 38
1530 13 13 26
596 13 13 14
2501 13 13 3
2990 13 15 81
3713 13 15 72
493 13 15 62
2243 13 15 52
2828 13 15 43
2451 13 15 33
18 13 15 19
1746 13 15 7
1232 13 16 81
2295 13 16 72
3445 13 16 61
3267 13 16 47
2139 13 16 37
3338 13 16 24
878 13 16 16
1254 13 16 4
1356 13 17 80
1340 13 17 70
2994 13 17 60
1460 13 17 52
2596 13 17 43
2414 13 17 33
1594 13 17 18
1709 13 17 6
2670 13 18 79
2209 13 18 71
3581 13 18 60
517 13 18 52
2545 13 18 43
1646 13 18 33
467 13 18 17
3039 13 18 7
1538 13 19 79
3050 13 19 70
2304 13 19 59
1685 13 19 52
2042 13 19 43
1214 13 19 33
2560 13 19 16
2205 13 19 3
2550 14 0 77
358 14 0 68
716 14 0 60
209 14 0 52
431 14 0 43
655 14 0 33
1732 14 0 16
1584 14 0 3
2112 14 6 77
3292 14 6 67
1099 14 6 56
3624 14 6 45
1475 14 6 36
2674 14 6 28
1500 14 6 18
1606 14 6 6
576 14 7 75
1623 14 7 64
312 14 7 51
2947 14 7 43
642 14 7 33
1212 14 7 16
1322 14 7 3
702 14 9 73
3255 14 9 62
694 14 9 52
2620 14 9 42
911 14 9 30
2826 14 9 18
3072 14 9 5
534 14 10 73
2688 14 10 62
452 14 10 52
1372 14 10 42
816 14 10 30
2500 14 10 18
1943 14 10 5
1801 14 11 71
2940 14 11 60
3454 14 11 51
2623 14 11 43
603 14 11 33
2762 14 11 15
2575 14 11 3
164 14 13 71
2401 14 13 60
3357 14 13 51
2207 14 13 43
3722 14 13 32
3196 14 13 23
3519 14 13 13
1823 14 13 5
2073 14 15 66
1050 14 15 49
2319 14 15 42
3608 14 15 29
1921 14 15 19
1511 14 15 7
1127 14 16 54
553 14 16 38
214 14 16 26
1798 14 16 13
1416 14 16 5
59 14 17 20
503 14 17 10
2499 14 18 92
230 14 18 76
3403 14 18 64
179 14 18 51
2721 14 18 42
2546 14 18 28
399 14 18 18
1649 14 18 5
3022 14 19 91
3133 14 19 82
1688 14 19 73
1958 14 19 62
440 14 19 52
2138 14 19 40
797 14 19 28
361 14 19 18
1793 14 19 4
2011 15 0 91
1178 15 0 82
218 15 0 73
3336 15 0 61
1179 15 0 47
2930 15 0 36
1292 15 0 28
3106 15 0 17
2811 15 0 7
1135 15 2 91
793 15 2 82
662 15 2 72
3544 15 2 59
1321 15 2 52
2005 15 2 40
506 15 2 28
2824 15 2 17
651 15 2 7
379 15 3 91
441 15 3 82
3671 15 3 71
2146 15 3 60
675 15 3 50
3578 15 3 38
1661 15 3 25
850 15 3 16
226 15 3 3
3582 15 4 90
34 15 4 83
1525 15 4 72
2604 15 4 59
2009 15 4 51
2666 15 4 42
3231 15 4 27
3276 15 4 14
1244 15 4 2
3607 15 6 89
54 15 6 81
1735 15 6 72
2472 15 6 59
1106 15 6 51
874 15 6 42
2711 15 6 27
1639 15 6 14
258 15 6 2
2511 15 7 89
2558 15 7 80
541 15 7 70
921 15 7 59
781 15 7 50
2306 15 7 38
1474 15 7 25
3620 15 7 15
1407 15 7 3
2423 15 13 89
1969 15 13 80
3377 15 13 69
403 15 13 62
3665 15 13 51
405 15 13 41
2637 15 13 32
2901 15 13 23
2092 15 13 13
1309 15 13 5
3097 16 0 88
1955 16 0 80
2471 16 0 69
3408 16 0 61
450 16 0 47
1607 16 0 36
688 16 0 28
2720 16 0 17
3147 16 0 6
1094 16 2 88
860 16 2 80
893 16 2 69
3096 16 2 61
3545 16 2 44
573 16 2 32
761 16 2 22
766 16 2 12
1952 16 2 2
2425 16 3 87
660 16 3 74
970 16 3 61
1262 16 3 44
2908 16 3 30
3594 16 3 17
1896 16 3 6
525 16 7 87
52 16 7 74
1912 16 7 60
557 16 7 50
138 16 7 38
409 16 7 25
3217 16 7 15
1288 16 7 3
3375 16 8 86
3462 16 8 73
1674 16 8 61
693 16 8 44
3698 16 8 29
1229 16 8 19
2834 16 8 6
1146 16 9 85
1892 16 9 76
1125 16 9 64
382 16 9 50
24 16 9 38
2270 16 9 24
2887 16 9 15
3402 16 9 2
3309 16 10 84
3172 16 10 76
2695 16 10 63
2121 16 10 52
1865 16 10 40
485 16 10 28
2051 16 10 17
1587 16 10 6
2706 16 11 84
444 16 11 76
3182 16 11 62
3585 16 11 51
2441 16 11 40
81 16 11 28
606 16 11 17
1659 16 11 5
1258 16 13 84
299 16 13 76
2203 16 13 61
279 16 13 43
3550 16 13 29
583 16 13 18
58 16 13 3
873 16 14 84
3359 16 14 75
1490 16 14 64
2066 16 14 48
2013 16 14 37
2689 16 14 24
3719 16 14 14
2001 16 14 1
1621 16 15 83
2866 16 15 71
1981 16 15 60
3677 16 15 49
3029 16 15 41
2339 16 15 32
628 16 15 22
3448 16 15 11
1197 16 15 3
2126 16 16 82
2678 16 16 71
1217 16 16 60
2759 16 16 49
2078 16 16 41
2235 16 16 32
102 16 16 22
1 16 16 11
777 16 16 3
934 16 17 81
113 16 17 72
19 16 17 59
3030 16 17 49
548 16 17 41
301 16 17 32
3690 16 17 21
2976 16 17 3
110 16 18 80
3557 16 18 68
599 16 18 60
2045 16 18 49
7 16 18 41
2459 16 18 31
3265 16 18 20
447 16 18 10
1415 16 19 76
3526 16 19 59
2899 16 19 49
551 16 19 40
1315 16 19 27
821 16 19 14
1760 16 19 4
349 17 0 76
2717 17 0 59
1647 17 0 49
3428 17 0 39
1437 17 0 30
2981 17 0 17
3075 17 0 4
2973 17 2 75
474 17 2 64
785 17 2 48
2865 17 2 36
888 17 2 27
3213 17 2 13
1384 17 2 4
2638 17 3 71
435 17 3 60
1314 17 3 49
1691 17 3 39
788 17 3 30
2680 17 3 17
2626 17 3 4
1827 17 5 71
3352 17 5 58
1124 17 5 47
1203 17 5 36
137 17 5 27
2859 17 5 13
3416 17 5 3
1541 17 7 68
365 17 7 60
438 17 7 49
520 17 7 39
3235 17 7 29
30 17 7 18
3606 17 7 2
967 17 8 65
739 17 8 52
1622 17 8 40
122 17 8 27
2388 17 8 13
3040 17 8 3
956 17 9 90
3229 17 9 82
522 17 9 71
1891 17 9 58
3669 17 9 46
3491 17 9 35
2801 17 9 25
2049 17 9 15
3565 17 9 1
896 17 10 90
3629 17 10 81
1176 17 10 71
1739 17 10 58
1252 17 10 46
3380 17 10 35
2551 17 10 25
1590 17 10 15
621 17 10 1
685 17 11 90
2555 17 11 81
615 17 11 71
3349 17 11 56
2328 17 11 45
1150 17 11 36
2793 17 11 26
1159 17 11 13
204 17 11 2
3716 17 13 89
981 17 13 80
2510 17 13 68
315 17 13 59
1355 17 13 49
1913 17 13 38
1518 17 13 24
2734 17 13 14
2893 17 13 1
828 17 14 89
38 17 14 80
986 17 14 68
2883 17 14 58
147 17 14 46
2936 17 14 35
2070 17 14 25
333 17 14 15
2084 17 14 1
2537 17 15 88
173 17 15 80
3449 17 15 67
3184 17 15 55
363 17 15 42
1575 17 15 27
2434 17 15 12
859 17 15 2
1025 17 16 88
3604 17 16 79
2071 17 16 70
644 17 16 59
2878 17 16 48
2603 17 16 36
2665 17 16 26
1148 17 16 13
1867 17 16 1
3065 17 17 87
930 17 17 73
484 17 17 61
3601 17 17 42
322 17 17 27
1818 17 17 12
195 17 17 2
3243 17 18 86
3400 17 18 73
1640 17 18 60
3541 17 18 48
2077 17 18 36
2083 17 18 26
969 17 18 13
587 17 18 1
2531 17 19 86
3495 17 19 71
738 17 19 56
1821 17 19 45
736 17 19 36
1978 17 19 26
1394 17 19 12
3128 17 19 2
305 18 0 86
2297 18 0 71
3094 18 0 53
3351 18 0 43
2389 18 0 29
3227 18 0 16
870 18 0 2
219 18 2 86
1417 18 2 71
683 18 2 53
2340 18 2 43
3726 18 2 28
443 18 2 17
1449 18 2 4
3659 18 3 84
2581 18 3 75
3299 18 3 63
387 18 3 52
1822 18 3 39
3310 18 3 28
3605 18 3 16
1300 18 3 1
2792 18 5 83
2624 18 5 70
327 18 5 59
2095 18 5 48
1781 18 5 34
2487 18 5 21
2220 18 5 3
2663 19 0 83
1852 19 0 70
3597 19 0 58
3649 19 0 44
720 19 0 28
3497 19 0 16
1101 19 0 1
35 19 2 83
755 19 2 70
1941 19 2 58
2607 19 2 44
2904 19 2 27
2543 19 2 11
605 19 2 2
2456 19 3 82
1064 19 3 70
3379 19 3 57
635 19 3 47
519 19 3 36
1917 19 3 26
144 19 3 12
107 19 3 2
131 19 5 81
10 19 5 71
611 19 5 53
1716 19 5 43
1249 19 5 26
2772 19 5 11
3552 19 5 1
174 19 6 80
1187 19 6 67
2583 19 6 55
1579 19 6 34
1729 19 6 21
1593 19 6 3
2935 19 7 78
3537 19 7 66
2593 19 7 47
3501 19 7 35
1337 19 7 25
3257 19 7 14
2897 19 7 1
2135 19 8 78
2755 19 8 66
1348 19 8 47
2968 19 8 35
1122 19 8 25
1662 19 8 14
1330 19 8 1
2844 19 9 76
2430 19 9 59
3456 19 9 47
2097 19 9 35
432 19 9 25
3611 19 9 13
414 19 9 1
1983 19 10 76
1745 19 10 58
2437 19 10 44
2684 19 10 25
2752 19 10 13
1631 19 11 76
1102 19 11 54
1528 19 11 37
2342 19 11 24
2592 19 11 14
925 19 12 76
2528 19 12 53
1238 19 12 43
3205 19 12 24
2367 19 12 14
966 19 13 74
124 19 13 60
2145 19 13 48
2685 19 13 33
3518 19 13 13
3139 19 14 73
1257 19 14 60
3635 19 14 47
2026 19 14 35
2627 19 14 24
3069 19 14 13
1588 19 15 67
2491 19 15 55
604 19 15 29
3048 19 15 16
2276 19 16 16
2766 19 17 88
3592 19 17 79
1138 19 17 70
3411 19 17 55
1352 19 17 27
1918 19 17 11
1723 19 18 88
2174 19 18 79
3317 19 18 69
1609 19 18 61
1328 19 18 42
320 19 18 27
319 19 18 11
1427 19 19 88
787 19 19 78
1839 19 19 66
2783 19 19 45
2495 19 19 35
1239 19 19 24
2177 19 19 13
