2652
5844 0 3 98
2959 0 3 96
4792 0 3 94
4016 0 3 92
5732 0 3 89
5408 0 3 86
3860 0 3 84
3885 0 3 82
5733 0 3 79
3065 0 3 77
4952 0 3 75
3674 0 3 72
422 0 3 68
1823 0 3 66
4830 0 3 64
2419 0 3 61
5244 0 3 57
253 0 3 55
1311 0 3 52
5142 0 3 50
1143 0 3 48
298 0 3 45
6061 0 3 43
5066 0 3 39
1798 0 3 35
4131 0 3 33
3634 0 3 29
3360 0 3 26
2670 0 3 23
5851 0 3 20
4836 0 3 17
5062 0 3 14
1091 0 3 11
1296 0 3 8
4106 0 3 5
2489 0 3 2
5804 0 4 98
4101 0 4 95
4564 0 4 93
2376 0 4 91
5790 0 4 88
5004 0 4 86
1223 0 4 83
4897 0 4 80
2129 0 4 77
1473 0 4 75
1714 0 4 72
1856 0 4 67
3698 0 4 63
4728 0 4 60
4207 0 4 57
5447 0 4 54
2041 0 4 52
1505 0 4 50
5176 0 4 47
5526 0 4 45
5016 0 4 41
4740 0 4 39
465 0 4 35
2053 0 4 33
3160 0 4 29
330 0 4 26
5768 0 4 22
5422 0 4 20
3989 0 4 17
4617 0 4 14
3580 0 4 10
5331 0 4 8
4073 0 4 5
2912 0 4 1
4891 0 5 97
129 0 5 94
6042 0 5 90
2965 0 5 87
591 0 5 84
2811 0 5 82
1819 0 5 79
966 0 5 77
791 0 5 74
819 0 5 71
2538 0 5 68
322 0 5 66
3782 0 5 64
51 0 5 61
4170 0 5 57
4245 0 5 54
4759 0 5 50
4482 0 5 47
1435 0 5 44
4679 0 5 42
491 0 5 39
5973 0 5 34
4587 0 5 31
4791 0 5 29
5673 0 5 24
4851 0 5 22
3468 0 5 20
3609 0 5 17
3046 0 5 14
983 0 5 10
6012 0 5 6
4979 0 5 3
4477 0 6 97
6050 0 6 93
1852 0 6 90
4474 0 6 86
1103 0 6 83
4407 0 6 80
2196 0 6 76
3140 0 6 73
5470 0 6 70
5496 0 6 67
919 0 6 63
5335 0 6 59
4123 0 6 56
18 0 6 54
3876 0 6 50
1601 0 6 47
810 0 6 44
4643 0 6 40
4637 0 6 38
3988 0 6 35
5234 0 6 31
127 0 6 29
4795 0 6 24
2520 0 6 20
277 0 6 17
4378 0 6 13
1018 0 6 11
1203 0 6 8
3525 0 6 5
2179 0 6 1
462 0 7 97
5884 0 7 93
3623 0 7 89
1348 0 7 86
4634 0 7 82
5823 0 7 78
5975 0 7 74
4972 0 7 70
5645 0 7 66
5384 0 7 63
1643 0 7 59
6032 0 7 55
4065 0 7 51
4487 0 7 47
3863 0 7 43
4470 0 7 39
3834 0 7 34
3776 0 7 30
1510 0 7 28
4518 0 7 25
5494 0 7 21
5858 0 7 18
2174 0 7 16
4505 0 7 14
4562 0 7 9
5096 0 7 6
2032 0 7 3
5274 0 8 96
1670 0 8 93
3595 0 8 89
2626 0 8 84
676 0 8 81
2457 0 8 78
5352 0 8 74
4646 0 8 70
2173 0 8 66
4507 0 8 63
1041 0 8 59
3693 0 8 55
3838 0 8 51
1655 0 8 47
3818 0 8 43
996 0 8 38
5944 0 8 34
3467 0 8 30
5723 0 8 27
5963 0 8 25
3317 0 8 21
5040 0 8 18
248 0 8 15
5639 0 8 11
798 0 8 8
2043 0 8 5
1961 0 8 1
4098 0 9 96
5406 0 9 92
2798 0 9 89
6022 0 9 83
531 0 9 80
5946 0 9 75
3650 0 9 71
2233 0 9 68
5966 0 9 64
5441 0 9 60
5348 0 9 56
4319 0 9 53
4596 0 9 50
5670 0 9 46
3722 0 9 43
67 0 9 38
3176 0 9 34
1108 0 9 30
5402 0 9 27
5660 0 9 24
1253 0 9 20
3370 0 9 16
1708 0 9 12
5442 0 9 10
4325 0 9 6
905 0 9 3
258 0 10 96
3554 0 10 92
1733 0 10 89
5802 0 10 83
6033 0 10 79
2216 0 10 76
1467 0 10 73
978 0 10 70
348 0 10 66
6025 0 10 62
3287 0 10 59
172 0 10 55
642 0 10 51
461 0 10 47
5829 0 10 42
4391 0 10 38
2623 0 10 34
226 0 10 30
2881 0 10 27
4079 0 10 24
5037 0 10 19
5060 0 10 16
5311 0 10 11
3959 0 10 7
5373 0 10 4
6027 0 10 2
4635 0 11 95
5512 0 11 92
2279 0 11 88
1161 0 11 86
4295 0 11 81
1727 0 11 78
1689 0 11 74
4429 0 11 70
5147 0 11 65
808 0 11 62
1987 0 11 59
5878 0 11 54
435 0 11 50
5036 0 11 46
3482 0 11 43
5764 0 11 37
5950 0 11 33
1941 0 11 29
4619 0 11 24
2475 0 11 19
5869 0 11 15
3723 0 11 11
3673 0 11 7
4045 0 11 4
3257 0 11 2
3831 0 12 95
2598 0 12 92
1094 0 12 88
3675 0 12 85
1168 0 12 83
972 0 12 79
5787 0 12 74
4015 0 12 69
1305 0 12 66
4847 0 12 62
860 0 12 59
4011 0 12 54
222 0 12 50
4854 0 12 45
3771 0 12 41
5762 0 12 37
4880 0 12 33
1910 0 12 29
4132 0 12 24
1885 0 12 19
3770 0 12 15
3286 0 12 11
5985 0 12 6
4055 0 12 2
3018 0 13 95
3121 0 13 91
4290 0 13 88
869 0 13 85
5083 0 13 82
2066 0 13 78
104 0 13 74
3431 0 13 69
5229 0 13 65
4645 0 13 61
3159 0 13 57
5618 0 13 53
535 0 13 50
4969 0 13 44
4154 0 13 40
4933 0 13 36
4592 0 13 32
894 0 13 30
1259 0 13 26
4271 0 13 22
6006 0 13 19
3629 0 13 15
4624 0 13 10
1006 0 13 6
874 0 13 2
2720 0 14 95
5994 0 14 90
3500 0 14 86
6044 0 14 80
4960 0 14 75
5634 0 14 70
4580 0 14 65
4389 0 14 61
1914 0 14 57
3415 0 14 53
2773 0 14 49
2215 0 14 47
5789 0 14 42
3188 0 14 38
2546 0 14 34
4072 0 14 29
2740 0 14 24
183 0 14 19
1569 0 14 15
3225 0 14 10
265 0 14 6
192 0 14 2
1088 0 15 95
5305 0 15 90
2816 0 15 86
5304 0 15 80
2742 0 15 75
3353 0 15 70
4367 0 15 65
2108 0 15 61
910 0 15 57
832 0 15 53
6066 0 15 48
294 0 15 45
2761 0 15 41
5020 0 15 37
4259 0 15 33
5831 0 15 28
2849 0 15 25
2301 0 15 21
589 0 15 18
5082 0 15 14
306 0 15 9
3891 0 15 6
5385 0 15 1
5867 0 16 94
3917 0 16 90
2534 0 16 86
3659 0 16 80
2639 0 16 75
492 0 16 70
3182 0 16 65
827 0 16 61
5403 0 16 56
4053 0 16 52
2153 0 16 49
2970 0 16 46
1577 0 16 43
5657 0 16 37
1677 0 16 33
5551 0 16 28
4454 0 16 24
5857 0 16 18
3261 0 16 14
4747 0 16 8
5971 0 16 4
5079 0 16 1
4977 0 17 94
887 0 17 90
2425 0 17 86
2596 0 17 80
1562 0 17 75
5073 0 17 69
4515 0 17 65
5533 0 17 60
4567 0 17 56
5140 0 17 51
210 0 17 47
5707 0 17 42
3015 0 17 38
975 0 17 34
1984 0 17 29
1449 0 17 24
4958 0 17 18
2578 0 17 14
4745 0 17 8
5774 0 17 4
1239 0 17 1
4686 0 18 94
154 0 18 90
2330 0 18 86
2230 0 18 80
5625 0 18 74
2360 0 18 69
3652 0 18 65
5427 0 18 59
3442 0 18 54
2138 0 18 49
16 0 18 46
59 0 18 43
4781 0 18 37
5637 0 18 32
2619 0 18 29
730 0 18 24
1471 0 18 18
5969 0 18 13
3318 0 18 10
4818 0 18 5
1081 0 18 1
2478 0 19 94
2730 0 19 89
5796 0 19 83
526 0 19 79
5407 0 19 74
1717 0 19 69
5392 0 19 64
4800 0 19 60
4910 0 19 55
6072 0 19 50
4583 0 19 44
5564 0 19 39
3455 0 19 34
777 0 19 29
145 0 19 24
1167 0 19 18
5607 0 19 13
833 0 19 10
4121 0 19 5
197 0 19 1
1586 1 1 94
4912 1 1 88
5822 1 1 84
5932 1 1 80
4292 1 1 74
1252 1 1 69
4299 1 1 64
4484 1 1 60
4514 1 1 55
1995 1 1 50
3907 1 1 44
5434 1 1 39
2057 1 1 34
4699 1 1 28
4447 1 1 24
795 1 1 18
4877 1 1 13
4545 1 1 9
3416 1 1 5
5677 2 0 93
2096 2 0 89
4513 2 0 83
366 2 0 79
4039 2 0 74
489 2 0 69
4172 2 0 64
2496 2 0 60
3241 2 0 55
5748 2 0 49
5922 2 0 45
2382 2 0 41
4126 2 0 37
4963 2 0 32
981 2 0 29
5903 2 0 23
3684 2 0 20
3138 2 0 16
4949 2 0 11
5740 2 0 6
4762 2 0 1
4808 2 1 93
1930 2 1 89
3966 2 1 83
5982 2 1 78
5365 2 1 73
6020 2 1 69
3686 2 1 64
5552 2 1 59
2488 2 1 54
347 2 1 49
2512 2 1 45
1330 2 1 41
3302 2 1 37
4402 2 1 32
4757 2 1 28
5195 2 1 23
3483 2 1 20
5703 2 1 15
2656 2 1 9
3106 2 1 5
3504 2 4 93
218 2 4 89
3367 2 4 83
5039 2 4 78
4605 2 4 73
5569 2 4 69
4763 2 4 63
580 2 4 59
660 2 4 54
5206 2 4 48
4236 2 4 44
3243 2 4 39
2028 2 4 34
4190 2 4 28
3886 2 4 23
64 2 4 20
5181 2 4 15
618 2 4 9
4817 2 4 4
3348 2 6 93
5979 2 6 88
1354 2 6 84
3107 2 6 80
1927 2 6 74
4831 2 6 68
5327 2 6 64
5497 2 6 59
602 2 6 54
3633 2 6 48
4219 2 6 44
1971 2 6 39
1192 2 6 34
3750 2 6 28
3461 2 6 23
39 2 6 20
5024 2 6 15
5641 2 6 8
5044 2 6 4
3223 2 8 93
3359 2 8 88
781 2 8 84
5843 2 8 79
1954 2 8 74
2418 2 8 68
4218 2 8 64
4768 2 8 59
5793 2 8 53
3730 2 8 48
3543 2 8 44
191 2 8 39
614 2 8 34
3345 2 8 28
2707 2 8 23
5581 2 8 19
83 2 8 15
5198 2 8 8
485 2 8 4
5725 2 9 92
440 2 9 88
3320 2 9 83
2305 2 9 78
3025 2 9 73
5184 2 9 69
4435 2 9 63
470 2 9 59
4103 2 9 53
3292 2 9 48
3434 2 9 44
1751 2 9 38
5926 2 9 33
5548 2 9 28
1967 2 9 23
2223 2 9 19
5879 2 9 14
3975 2 9 8
5287 2 9 3
5989 2 10 91
38 2 10 88
1837 2 10 83
1911 2 10 78
2349 2 10 73
2158 2 10 69
3625 2 10 63
436 2 10 59
3203 2 10 53
2530 2 10 48
2602 2 10 44
1246 2 10 38
5314 2 10 33
4431 2 10 28
1718 2 10 23
1062 2 10 19
5501 2 10 14
3968 2 10 8
5002 2 10 3
5504 2 11 91
4925 2 11 87
4784 2 11 83
1469 2 11 78
5508 2 11 72
1440 2 11 67
5423 2 11 62
3645 2 11 58
2050 2 11 55
5405 2 11 49
1977 2 11 45
5321 2 11 40
3734 2 11 36
4575 2 11 32
2175 2 11 28
900 2 11 23
4666 2 11 18
4731 2 11 13
4198 2 11 9
3515 2 11 4
4467 2 12 91
4717 2 12 87
2205 2 12 83
4127 2 12 77
5828 2 12 72
1113 2 12 67
3457 2 12 62
3375 2 12 58
1335 2 12 55
2378 2 12 49
1212 2 12 45
518 2 12 40
1730 2 12 36
4042 2 12 32
4594 2 12 27
3562 2 12 24
5856 2 12 17
2793 2 12 13
1339 2 12 9
1542 2 12 4
1502 2 14 91
4351 2 14 87
1232 2 14 83
1646 2 14 77
5377 2 14 72
5698 2 14 66
5103 2 14 61
4606 2 14 56
2517 2 14 51
1427 2 14 46
1048 2 14 42
1463 2 14 38
3067 2 14 33
3719 2 14 28
5369 2 14 22
5690 2 14 18
4085 2 14 13
525 2 14 9
5992 2 14 3
1388 2 16 91
4588 2 16 86
14 2 16 80
413 2 16 74
1538 2 16 68
334 2 16 64
2235 2 16 59
3001 2 16 53
5452 2 16 47
4710 2 16 42
4591 2 16 37
2815 2 16 32
3747 2 16 27
3413 2 16 23
2522 2 16 18
3957 2 16 13
744 2 16 8
3708 2 16 3
5594 2 19 90
1514 2 19 86
6077 2 19 79
1269 2 19 74
355 2 19 68
4602 2 19 63
352 2 19 59
1909 2 19 53
4879 2 19 47
3727 2 19 42
5997 2 19 36
3816 2 19 32
1415 2 19 27
2679 2 19 23
877 2 19 18
841 2 19 13
593 2 19 8
2845 2 19 3
5478 3 0 90
1425 3 0 86
3388 3 0 79
419 3 0 73
1080 3 0 69
2779 3 0 63
5301 3 0 58
933 3 0 55
1581 3 0 49
4866 3 0 44
5714 3 0 37
5962 3 0 31
96 3 0 29
4272 3 0 23
3889 3 0 17
1405 3 0 13
5976 3 0 7
2956 3 0 4
4183 3 4 90
5949 3 4 85
3290 3 4 82
3312 3 4 77
1918 3 4 72
4708 3 4 66
4375 3 4 61
4263 3 4 56
2036 3 4 51
897 3 4 46
343 3 4 42
5840 3 4 36
3602 3 4 32
1306 3 4 27
273 3 4 23
3258 3 4 17
5576 3 4 12
5620 3 4 8
1275 3 4 3
2533 3 6 90
5457 3 6 85
4883 3 6 81
1271 3 6 78
5173 3 6 72
4081 3 6 66
4112 3 6 61
2902 3 6 56
806 3 6 51
5158 3 6 45
5397 3 6 39
181 3 6 34
1715 3 6 28
4869 3 6 22
1774 3 6 18
684 3 6 13
2686 3 6 7
5936 3 6 3
697 3 9 90
4460 3 9 85
2588 3 9 81
1066 3 9 78
2583 3 9 72
3954 3 9 66
756 3 9 61
2752 3 9 56
4551 3 9 50
2810 3 9 44
5313 3 9 37
4648 3 9 31
5414 3 9 28
3068 3 9 22
3322 3 9 17
5028 3 9 12
2756 3 9 8
6010 3 9 2
4922 3 10 89
1110 3 10 83
1466 3 10 77
979 3 10 72
2854 3 10 66
5775 3 10 60
2848 3 10 55
1568 3 10 49
4842 3 10 44
4671 3 10 37
1864 3 10 31
5219 3 10 28
2398 3 10 22
2966 3 10 17
4037 3 10 12
1639 3 10 8
5899 3 10 2
4758 3 11 89
893 3 11 83
1380 3 11 77
631 3 11 72
643 3 11 66
5015 3 11 60
1691 3 11 55
1255 3 11 49
4066 3 11 44
3568 3 11 37
5942 3 11 30
674 3 11 26
3532 3 11 22
1283 3 11 17
5643 3 11 11
4005 3 11 6
3028 3 11 1
4444 3 12 89
3760 3 12 82
3147 3 12 77
5491 3 12 71
1285 3 12 68
2911 3 12 63
3614 3 12 58
2789 3 12 54
3238 3 12 48
4194 3 12 43
3172 3 12 37
5312 3 12 30
445 3 12 26
5115 3 12 21
5813 3 12 17
4688 3 12 11
1978 3 12 6
728 3 12 1
4341 3 14 89
5745 3 14 81
323 3 14 78
2358 3 14 72
5556 3 14 65
2665 3 14 59
581 3 14 53
2712 3 14 47
1830 3 14 42
5666 3 14 36
2121 3 14 32
503 3 14 27
5453 3 14 22
1227 3 14 17
2682 3 14 11
5499 3 14 5
5993 4 0 87
759 4 0 83
4928 4 0 76
3481 4 0 72
3898 4 0 65
965 4 0 59
188 4 0 53
1781 4 0 47
963 4 0 42
4311 4 0 36
5693 4 0 31
3083 4 0 28
5886 4 0 21
4232 4 0 17
2407 4 0 11
5130 4 0 5
4576 4 2 87
5125 4 2 82
1631 4 2 77
4176 4 2 71
2872 4 2 67
2505 4 2 62
506 4 2 58
186 4 2 54
3031 4 2 48
3607 4 2 43
3038 4 2 37
3145 4 2 30
5484 4 2 25
5830 4 2 20
4810 4 2 15
4599 4 2 8
3991 4 2 2
4249 4 4 87
2427 4 4 82
3835 4 4 76
3254 4 4 71
652 4 4 67
315 4 4 62
316 4 4 58
6057 4 4 53
6059 4 4 46
25 4 4 42
2563 4 4 36
5204 4 4 31
1293 4 4 28
204 4 4 21
3069 4 4 17
557 4 4 11
3088 4 4 5
3570 4 16 87
1898 4 16 82
3352 4 16 76
3033 4 16 71
5998 4 16 66
4598 4 16 60
5563 4 16 54
2832 4 16 48
3190 4 16 43
2942 4 16 37
1071 4 16 30
5051 4 16 25
4990 4 16 19
5095 4 16 14
3402 4 16 8
2576 4 16 2
3118 4 17 87
5361 4 17 81
3789 4 17 77
5046 4 17 70
3002 4 17 65
5503 4 17 58
5616 4 17 53
408 4 17 46
5709 4 17 41
5360 4 17 36
2335 4 17 31
4682 4 17 27
3550 4 17 22
1100 4 17 17
4427 4 17 10
3450 4 17 5
2750 4 18 87
4628 4 18 81
4987 4 18 76
5211 4 18 70
1990 4 18 65
4117 4 18 58
5014 4 18 53
4465 4 18 45
5260 4 18 39
5853 4 18 33
2392 4 18 28
5897 4 18 20
2825 4 18 15
4570 4 18 8
3024 4 18 1
1188 4 19 87
3888 4 19 81
4615 4 19 76
2919 4 19 70
635 4 19 65
3093 4 19 58
872 4 19 53
4425 4 19 45
4901 4 19 39
5284 4 19 33
613 4 19 28
4102 4 19 20
2651 4 19 15
3657 4 19 8
2864 4 19 1
3381 5 0 86
2880 5 0 79
5054 5 0 72
3882 5 0 65
3006 5 0 58
426 5 0 53
3974 5 0 45
4174 5 0 39
3460 5 0 33
3914 5 0 27
3340 5 0 22
4970 5 0 16
4494 5 0 11
1447 5 0 5
2226 5 2 86
964 5 2 79
3707 5 2 72
3621 5 2 65
3999 5 2 57
5215 5 2 52
2004 5 2 49
2692 5 2 44
2841 5 2 37
6014 5 2 29
3158 5 2 23
2624 5 2 17
4158 5 2 10
2098 5 2 5
1207 5 4 86
532 5 4 79
3517 5 4 72
2298 5 4 65
2083 5 4 57
3211 5 4 52
4304 5 4 48
2446 5 4 43
1053 5 4 37
5492 5 4 29
2931 5 4 23
1645 5 4 17
943 5 4 10
1476 5 4 5
1950 5 5 85
1224 5 5 81
4253 5 5 76
2570 5 5 70
4021 5 5 64
1579 5 5 59
5368 5 5 52
3405 5 5 48
1807 5 5 43
344 5 5 37
5154 5 5 29
2075 5 5 23
1170 5 5 17
2600 5 5 9
5765 5 5 3
5196 5 6 84
4998 5 6 79
5996 5 6 71
5031 5 6 66
4264 5 6 60
2255 5 6 54
2435 5 6 48
1001 5 6 43
5923 5 6 36
1957 5 6 31
4379 5 6 27
1513 5 6 22
2094 5 6 16
3569 5 6 11
229 5 6 5
1408 5 7 83
3542 5 7 76
2289 5 7 70
3791 5 7 64
1371 5 7 59
5174 5 7 52
3050 5 7 48
5727 5 7 42
2313 5 7 36
1468 5 7 31
5600 5 7 26
4911 5 7 21
850 5 7 17
2345 5 7 9
4775 5 7 3
2958 5 8 82
713 5 8 76
5938 5 8 69
1594 5 8 63
3527 5 8 58
6076 5 8 52
2479 5 8 48
4521 5 8 42
1637 5 8 36
5848 5 8 30
3738 5 8 25
4982 5 8 19
2048 5 8 14
2734 5 8 8
2367 5 8 1
5683 5 9 80
371 5 9 74
3259 5 9 67
5826 5 9 61
5371 5 9 55
230 5 9 49
5644 5 9 43
5325 5 9 35
2827 5 9 31
1892 5 9 26
4225 5 9 21
4256 5 9 16
2042 5 9 11
5065 5 9 4
1139 5 10 80
4609 5 10 73
5877 5 10 68
2852 5 10 63
2203 5 10 58
3478 5 10 52
394 5 10 48
3993 5 10 42
340 5 10 36
4191 5 10 30
3648 5 10 25
4244 5 10 19
500 5 10 14
1529 5 10 8
1757 5 10 1
3248 5 12 79
5911 5 12 71
4303 5 12 66
2571 5 12 60
1176 5 12 54
666 5 12 48
3973 5 12 42
103 5 12 36
3193 5 12 30
5286 5 12 24
2726 5 12 17
1664 5 12 9
4574 5 12 3
5701 5 14 77
4837 5 14 70
2116 5 14 64
1290 5 14 59
5102 5 14 52
58 5 14 48
2558 5 14 42
6080 5 14 35
6055 5 14 30
4071 5 14 24
2725 5 14 17
1606 5 14 9
3436 5 14 3
2743 6 0 75
4026 6 0 69
329 6 0 63
5978 6 0 57
1326 6 0 52
4892 6 0 47
439 6 0 42
5854 6 0 35
4350 6 0 30
333 6 0 24
895 6 0 17
1090 6 0 9
1443 6 0 3
4419 6 2 73
4083 6 2 68
4660 6 2 62
5224 6 2 57
761 6 2 52
3857 6 2 47
4445 6 2 41
2834 6 2 36
1964 6 2 30
4159 6 2 23
274 6 2 17
4199 6 2 8
5278 6 2 3
2247 6 10 73
3696 6 10 68
4017 6 10 62
3964 6 10 57
387 6 10 52
3163 6 10 47
4309 6 10 41
1921 6 10 36
765 6 10 30
4228 6 10 22
1770 6 10 16
1615 6 10 11
4967 6 10 4
1363 6 12 71
3451 6 12 66
1544 6 12 60
5900 6 12 53
2292 6 12 45
3092 6 12 39
1533 6 12 33
2787 6 12 27
971 6 12 22
818 6 12 16
4326 6 12 10
5833 6 12 4
925 6 14 71
828 6 14 66
1279 6 14 60
5832 6 14 53
2068 6 14 45
2953 6 14 39
1157 6 14 33
2579 6 14 27
5213 6 14 21
4004 6 14 16
4043 6 14 10
3942 6 14 4
2110 6 15 70
1383 6 15 64
1229 6 15 59
4644 6 15 52
2277 6 15 47
2753 6 15 41
1535 6 15 36
356 6 15 30
916 6 15 22
374 6 15 16
3624 6 15 9
1370 6 15 3
5511 6 17 66
117 6 17 60
5656 6 17 53
1431 6 17 45
1705 6 17 39
519 6 17 33
1556 6 17 27
1450 6 17 21
2932 6 17 16
2074 6 17 9
1221 6 17 3
4571 6 18 65
1764 6 18 57
4400 6 18 51
1530 6 18 45
324 6 18 39
478 6 18 33
5935 6 18 26
2249 6 18 21
949 6 18 16
1723 6 18 9
5865 6 18 2
5067 6 19 97
4050 6 19 93
474 6 19 88
1773 6 19 83
1742 6 19 76
5845 6 19 69
5517 6 19 62
5816 6 19 56
2629 6 19 50
2744 6 19 44
1923 6 19 37
4285 6 19 29
5455 6 19 22
5818 6 19 15
3026 6 19 8
4799 6 19 3
1916 7 0 97
3332 7 0 93
5636 7 0 87
5893 7 0 80
4563 7 0 73
3293 7 0 68
3644 7 0 62
4538 7 0 56
2154 7 0 50
2155 7 0 44
1716 7 0 37
2748 7 0 29
5047 7 0 22
4104 7 0 15
2944 7 0 8
4739 7 0 3
5013 7 1 96
3077 7 1 92
13 7 1 88
1231 7 1 83
852 7 1 76
5498 7 1 69
3697 7 1 62
3725 7 1 56
672 7 1 50
1166 7 1 44
1634 7 1 37
2212 7 1 29
3869 7 1 22
1879 7 1 15
2599 7 1 8
1202 7 1 3
2088 7 2 96
2892 7 2 92
3010 7 2 87
5585 7 2 80
5807 7 2 72
2013 7 2 65
3855 7 2 56
351 7 2 50
1122 7 2 44
552 7 2 37
533 7 2 29
3385 7 2 22
1049 7 2 15
732 7 2 8
5912 7 2 2
1882 7 3 96
753 7 3 92
2990 7 3 87
4497 7 3 80
3951 7 3 72
907 7 3 65
2978 7 3 56
5972 7 3 49
5411 7 3 43
4961 7 3 35
3721 7 3 30
6069 7 3 21
5034 7 3 15
539 7 3 8
5266 7 3 2
5509 7 4 95
4010 7 4 90
3475 7 4 85
3503 7 4 80
3139 7 4 72
245 7 4 65
5603 7 4 54
5956 7 4 47
2309 7 4 41
4283 7 4 35
1287 7 4 30
5957 7 4 21
1760 7 4 15
6003 7 4 7
4826 7 4 2
4698 7 6 95
3220 7 6 90
1721 7 6 85
3441 7 6 80
254 7 6 72
6034 7 6 64
5180 7 6 58
3144 7 6 52
1109 7 6 47
628 7 6 41
1861 7 6 35
945 7 6 30
4480 7 6 21
5862 7 6 14
839 7 6 8
4670 7 6 2
4147 7 7 95
2907 7 7 90
5429 7 7 84
3647 7 7 79
4475 7 7 71
669 7 7 66
5724 7 7 59
4406 7 7 52
5349 7 7 46
2365 7 7 41
5488 7 7 34
1395 7 7 28
74 7 7 20
1883 7 7 15
5736 7 7 7
4519 7 7 2
2151 7 8 95
5507 7 8 89
2280 7 8 81
1849 7 8 76
5432 7 8 69
3459 7 8 62
2031 7 8 56
5632 7 8 49
5353 7 8 43
4861 7 8 35
926 7 8 30
3587 7 8 21
5520 7 8 14
522 7 8 8
4209 7 8 2
947 7 9 95
5420 7 9 89
1175 7 9 81
219 7 9 76
4626 7 9 69
3378 7 9 62
779 7 9 56
5189 7 9 49
4968 7 9 43
4354 7 9 35
143 7 9 30
3279 7 9 21
3197 7 9 14
5606 7 9 7
1526 7 9 2
317 7 10 95
4794 7 10 89
4900 7 10 80
147 7 10 72
4177 7 10 64
3767 7 10 58
1338 7 10 52
4667 7 10 46
1744 7 10 41
4414 7 10 34
1189 7 10 28
5631 7 10 19
365 7 10 14
5022 7 10 7
5628 7 10 1
2464 7 12 94
4390 7 12 88
5042 7 12 82
5722 7 12 75
2400 7 12 69
2262 7 12 62
2224 7 12 55
4824 7 12 48
5589 7 12 41
3553 7 12 34
5114 7 12 27
1324 7 12 21
849 7 12 14
3278 7 12 7
3978 7 12 1
1327 7 18 94
4250 7 18 88
930 7 18 81
5535 7 18 75
2113 7 18 69
814 7 18 62
1428 7 18 55
4110 7 18 48
4426 7 18 41
3358 7 18 34
4906 7 18 27
783 7 18 21
538 7 18 14
2788 7 18 7
3477 7 18 1
995 7 19 94
3372 7 19 88
2506 7 19 80
5144 7 19 71
5721 7 19 65
4517 7 19 54
5193 7 19 47
603 7 19 41
2297 7 19 34
4221 7 19 27
10 7 19 21
4793 7 19 13
1835 7 19 7
1857 7 19 1
5930 8 3 93
4993 8 3 87
4424 8 3 80
4765 8 3 71
4489 8 3 65
4096 8 3 54
3672 8 3 47
5841 8 3 40
5965 8 3 35
4742 8 3 29
3331 8 3 22
842 8 3 15
4349 8 3 7
1308 8 3 1
4466 8 7 93
4394 8 7 87
4048 8 7 80
4082 8 7 71
4041 8 7 65
4342 8 7 53
5549 8 7 44
392 8 7 37
5610 8 7 28
2595 8 7 19
4981 8 7 13
1319 8 7 7
549 8 7 1
3801 8 8 93
3201 8 8 87
3453 8 8 80
2135 8 8 71
3809 8 8 65
2967 8 8 53
5207 8 8 44
5309 8 8 36
84 8 8 30
3179 8 8 21
2387 8 8 13
3199 8 8 6
3780 8 9 93
2851 8 9 87
2754 8 9 80
487 8 9 71
2100 8 9 65
2312 8 9 53
4459 8 9 44
5270 8 9 36
5540 8 9 29
3204 8 9 22
407 8 9 15
3086 8 9 7
2979 8 10 93
433 8 10 87
2659 8 10 80
5400 8 10 70
5315 8 10 63
5577 8 10 57
4380 8 10 51
1045 8 10 45
5726 8 10 38
2735 8 10 33
4978 8 10 26
2077 8 10 21
1355 8 10 13
3053 8 10 6
1755 8 11 93
5695 8 11 86
5902 8 11 78
861 8 11 72
3637 8 11 64
3029 8 11 58
4334 8 11 51
1008 8 11 45
5559 8 11 38
2291 8 11 33
4724 8 11 26
6024 8 11 20
1511 8 11 15
3061 8 11 7
1560 8 12 93
5128 8 12 86
5871 8 12 78
729 8 12 72
2163 8 12 64
2718 8 12 58
3778 8 12 51
5778 8 12 44
5075 8 12 36
4051 8 12 29
441 8 12 22
126 8 12 15
5320 8 12 6
1024 8 13 93
4875 8 13 86
4821 8 13 78
678 8 13 72
1680 8 13 64
962 8 13 58
3244 8 13 51
5554 8 13 44
4838 8 13 36
2929 8 13 29
3940 8 13 21
319 8 13 13
1483 8 13 6
956 8 14 93
4696 8 14 86
4496 8 14 78
4508 8 14 71
2059 8 14 65
1745 8 14 53
2549 8 14 44
4797 8 14 36
746 8 14 29
3357 8 14 21
2803 8 14 12
451 8 14 8
170 8 15 93
4536 8 15 86
1322 8 15 78
2874 8 15 71
1908 8 15 65
936 8 15 53
72 8 15 44
3731 8 15 36
304 8 15 29
1461 8 15 21
2331 8 15 12
2055 8 15 7
3962 8 16 92
1576 8 16 87
1917 8 16 80
3651 8 16 70
1575 8 16 63
3399 8 16 57
3878 8 16 51
3202 8 16 44
1150 8 16 36
1810 8 16 28
1499 8 16 19
3918 8 16 13
5737 8 16 5
3371 8 18 92
1298 8 18 87
1022 8 18 80
3109 8 18 70
951 8 18 63
3181 8 18 57
875 8 18 51
2697 8 18 44
401 8 18 36
946 8 18 28
889 8 18 19
3117 8 18 13
3552 8 18 5
2219 9 0 92
308 9 0 87
524 9 0 80
5467 9 0 69
5895 9 0 61
3689 9 0 55
3836 9 0 48
4034 9 0 41
5739 9 0 33
4020 9 0 26
5137 9 0 20
5960 9 0 14
2433 9 0 7
1777 9 2 92
4946 9 2 86
1129 9 2 78
2548 9 2 70
113 9 2 63
1752 9 2 57
4013 9 2 50
5476 9 2 43
1364 9 2 35
1735 9 2 29
1218 9 2 21
3130 9 2 11
3142 9 2 4
1165 9 3 92
2294 9 3 86
2915 9 3 77
3296 9 3 69
3571 9 3 61
3070 9 3 55
3676 9 3 48
4006 9 3 41
3740 9 3 33
2440 9 3 26
4410 9 3 20
5124 9 3 14
2323 9 3 7
1138 9 5 92
5863 9 5 85
2130 9 5 80
2561 9 5 69
3417 9 5 61
2525 9 5 55
1270 9 5 48
3711 9 5 41
2266 9 5 33
1811 9 5 26
3004 9 5 20
5038 9 5 14
1824 9 5 7
262 9 18 92
3768 9 18 85
339 9 18 80
3901 9 18 68
3043 9 18 62
1185 9 18 55
5882 9 18 47
5710 9 18 40
5292 9 18 35
1303 9 18 29
1155 9 18 21
1553 9 18 11
3071 9 18 4
4856 10 0 91
3539 10 0 86
1931 10 0 77
3249 10 0 69
1051 10 0 61
1058 10 0 55
5089 10 0 47
4557 10 0 40
4539 10 0 35
5194 10 0 28
303 10 0 19
2782 10 0 13
3419 10 0 5
4581 10 5 91
2777 10 5 86
797 10 5 77
1034 10 5 69
630 10 5 61
301 10 5 55
4986 10 5 47
4530 10 5 40
3391 10 5 35
4689 10 5 28
6043 10 5 18
403 10 5 13
2463 10 5 5
2813 10 7 91
2653 10 7 86
6005 10 7 76
2885 10 7 69
270 10 7 61
5293 10 7 54
547 10 7 47
3890 10 7 40
548 10 7 35
2450 10 7 28
4852 10 7 18
376 10 7 13
2408 10 7 5
2532 10 8 91
2557 10 8 86
5105 10 8 76
182 10 8 69
3874 10 8 60
4540 10 8 53
5885 10 8 43
960 10 8 35
2338 10 8 28
4321 10 8 18
4932 10 8 12
1638 10 8 7
2270 10 9 91
1260 10 9 86
3262 10 9 76
5582 10 9 68
4938 10 9 61
488 10 9 54
335 10 9 47
3309 10 9 40
3837 10 9 34
2302 10 9 27
4201 10 9 20
4890 10 9 14
924 10 9 7
1667 10 10 91
4712 10 10 85
5477 10 10 79
3502 10 10 70
6035 10 10 62
882 10 10 55
3406 10 10 47
2109 10 10 40
3712 10 10 34
1369 10 10 27
1140 10 10 20
2973 10 10 14
5604 10 10 6
3985 10 12 90
5372 10 12 84
1878 10 12 79
2147 10 12 70
5752 10 12 62
736 10 12 55
2871 10 12 47
5572 10 12 39
5250 10 12 32
414 10 12 27
976 10 12 20
5754 10 12 13
321 10 12 5
2928 10 14 90
4769 10 14 84
6082 10 14 78
2051 10 14 70
4614 10 14 62
5261 10 14 54
5850 10 14 46
5678 10 14 40
3165 10 14 34
28 10 14 27
655 10 14 20
3498 10 14 13
3641 10 14 4
2736 10 16 90
3274 10 16 84
3143 10 16 78
6 10 16 70
2714 10 16 62
4727 10 16 54
5129 10 16 46
5300 10 16 40
2373 10 16 34
4179 10 16 26
2228 10 16 20
3134 10 16 13
1659 10 16 4
1358 11 0 90
1564 11 0 84
2937 11 0 78
6009 11 0 69
3097 11 0 60
4504 11 0 53
5026 11 0 43
5041 11 0 34
3231 11 0 26
1609 11 0 20
2516 11 0 13
1007 11 0 4
44 11 2 90
4531 11 2 83
2145 11 2 75
1417 11 2 69
2150 11 2 60
3729 11 2 53
2344 11 2 43
3578 11 2 34
1480 11 2 26
4169 11 2 19
1657 11 2 13
4261 11 2 3
4641 11 3 89
4526 11 3 80
5773 11 3 67
4627 11 3 61
6008 11 3 53
5362 11 3 42
4086 11 3 35
1309 11 3 28
3023 11 3 18
4075 11 3 12
1233 11 3 7
3283 11 5 89
3690 11 5 80
5210 11 5 67
1953 11 5 61
3662 11 5 53
3187 11 5 42
3994 11 5 35
4180 11 5 27
289 11 5 20
2237 11 5 13
1851 11 5 3
3233 11 10 89
2198 11 10 80
1307 11 10 67
342 11 10 61
3226 11 10 53
2835 11 10 42
2895 11 10 35
3582 11 10 27
3715 11 10 19
1149 11 10 13
1613 11 10 3
3146 11 12 89
1120 11 12 80
5685 11 12 66
5541 11 12 59
4087 11 12 51
133 11 12 44
280 11 12 36
5939 11 12 27
1785 11 12 19
4238 11 12 12
751 11 12 7
2029 11 17 88
1636 11 17 80
5809 11 17 65
5913 11 17 52
1843 11 17 46
4806 11 17 40
482 11 17 34
279 11 17 26
1262 11 17 19
4205 11 17 12
3862 11 17 6
1713 11 19 88
305 11 19 80
2293 11 19 65
4491 11 19 52
1741 11 19 46
2524 11 19 40
6068 11 19 33
1687 11 19 26
4701 11 19 18
3064 11 19 12
3846 11 19 6
717 12 0 88
5602 12 0 79
1913 12 0 70
2189 12 0 62
3524 12 0 54
4971 12 0 46
5358 12 0 39
3800 12 0 32
5846 12 0 26
4360 12 0 18
1493 12 0 12
1683 12 0 6
353 12 2 88
5592 12 2 79
1075 12 2 70
1894 12 2 62
3269 12 2 54
4639 12 2 46
3875 12 2 39
2876 12 2 32
4438 12 2 26
4224 12 2 18
1351 12 2 12
1616 12 2 6
4107 12 3 87
5984 12 3 79
742 12 3 70
1345 12 3 62
498 12 3 54
3660 12 3 46
2814 12 3 39
1286 12 3 32
4359 12 3 26
2363 12 3 18
879 12 3 12
5050 12 3 5
4018 12 5 86
1019 12 5 76
1697 12 5 68
4029 12 5 61
3127 12 5 53
2320 12 5 42
2566 12 5 35
3237 12 5 27
1722 12 5 19
3195 12 5 12
4437 12 5 5
3471 12 8 86
5783 12 8 75
1044 12 8 69
2038 12 8 60
3688 12 8 53
961 12 8 42
1859 12 8 35
389 12 8 27
680 12 8 19
2769 12 8 12
2580 12 8 5
2829 12 10 86
4916 12 10 75
704 12 10 69
1398 12 10 60
2350 12 10 53
569 12 10 42
153 12 10 35
4931 12 10 26
2311 12 10 18
758 12 10 12
4845 12 10 4
5011 12 12 85
4930 12 12 79
115 12 12 70
855 12 12 62
5955 12 12 53
4120 12 12 41
1266 12 12 33
1622 12 12 26
5139 12 12 17
3920 12 12 8
3173 12 14 85
4857 12 14 79
2617 12 14 69
5285 12 14 59
3007 12 14 51
2220 12 14 43
2497 12 14 34
4980 12 14 25
2513 12 14 19
1812 12 14 12
3294 12 14 4
1804 12 16 85
3635 12 16 79
5697 12 16 68
3102 12 16 61
2923 12 16 53
3925 12 16 41
5669 12 16 32
3374 12 16 26
2209 12 16 17
2498 12 16 8
573 12 17 85
2076 12 17 79
5383 12 17 68
2082 12 17 61
1710 12 17 53
468 12 17 41
1064 12 17 32
2590 12 17 26
1423 12 17 17
2386 12 17 8
5553 12 19 84
2762 12 19 78
5238 12 19 69
2166 12 19 59
2308 12 19 51
1035 12 19 43
261 12 19 34
6060 12 19 24
4819 12 19 16
821 12 19 9
5007 12 19 2
3342 13 0 83
231 13 0 75
5623 13 0 68
1980 13 0 61
3433 13 0 52
5529 13 0 45
4528 13 0 38
2170 13 0 33
1329 13 0 26
1154 13 0 17
5925 13 0 7
1559 13 1 83
3510 13 1 74
2847 13 1 67
5571 13 1 60
1411 13 1 53
4772 13 1 40
4936 13 1 33
1242 13 1 26
1106 13 1 17
4464 13 1 7
656 13 2 83
3754 13 2 73
2362 13 2 68
1177 13 2 61
1205 13 2 52
4501 13 2 45
2204 13 2 38
2039 13 2 33
1144 13 2 26
4372 13 2 16
570 13 2 9
3122 13 2 2
5126 13 3 82
3618 13 3 75
5356 13 3 68
823 13 3 61
1182 13 3 52
4009 13 3 45
5977 13 3 37
2986 13 3 28
2666 13 3 18
615 13 3 12
94 13 3 4
4032 13 4 82
2581 13 4 75
5272 13 4 68
423 13 4 61
530 13 4 52
1929 13 4 45
2950 13 4 37
409 13 4 28
811 13 4 18
5235 13 4 11
629 13 4 4
5185 13 8 81
4111 13 8 75
3081 13 8 68
3544 13 8 60
880 13 8 53
3960 13 8 40
4825 13 8 33
863 13 8 26
2969 13 8 16
168 13 8 9
2955 13 8 2
2117 13 12 80
4815 13 12 64
4939 13 12 57
5782 13 12 49
4558 13 12 43
5937 13 12 33
65 13 12 26
2369 13 12 16
6028 13 12 8
4561 13 13 79
5127 13 13 68
2609 13 13 60
4954 13 13 52
1896 13 13 45
2575 13 13 37
158 13 13 28
711 13 13 18
5116 13 13 11
4192 13 13 3
4616 13 14 78
4524 13 14 69
5258 13 14 58
2663 13 14 51
5624 13 14 42
5212 13 14 34
5530 13 14 24
4185 13 14 16
5481 13 14 8
393 14 4 77
667 14 4 69
3567 14 4 58
2436 14 4 51
5412 14 4 42
2502 14 4 34
5155 14 4 24
4027 14 4 16
2924 14 4 8
52 14 6 76
397 14 6 68
1506 14 6 60
4049 14 6 52
1623 14 6 45
1905 14 6 37
116 14 6 28
184 14 6 18
4324 14 6 11
3125 14 6 3
4332 14 13 73
255 14 13 68
3998 14 13 59
5806 14 13 50
4114 14 13 43
5573 14 13 33
4408 14 13 25
1793 14 13 19
840 14 13 12
3534 14 13 3
3977 14 14 72
941 14 14 64
4657 14 14 57
4633 14 14 49
4428 14 14 43
2261 14 14 33
2543 14 14 25
1272 14 14 19
4908 14 14 11
2765 14 14 3
300 14 16 65
2519 14 16 52
1014 14 16 45
5271 14 16 36
3916 14 16 27
4150 14 16 18
3794 14 16 11
2443 14 16 3
3785 14 18 95
4280 14 18 89
1112 14 18 80
3537 14 18 64
3871 14 18 57
3059 14 18 49
2351 14 18 43
1847 14 18 33
1899 14 18 25
1181 14 18 19
4473 14 18 11
1728 14 18 3
2377 14 19 95
3556 14 19 89
1105 14 19 80
1838 14 19 64
3464 14 19 57
1029 14 19 49
1360 14 19 43
992 14 19 33
472 14 19 25
1085 14 19 19
4446 14 19 11
1573 14 19 3
1278 15 0 95
5820 15 0 88
4577 15 0 79
4178 15 0 68
1986 15 0 59
3919 15 0 50
3574 15 0 43
5668 15 0 32
1382 15 0 26
421 15 0 16
1462 15 0 8
5151 15 2 94
2091 15 2 88
4320 15 2 79
3080 15 2 68
454 15 2 59
2244 15 2 50
2232 15 2 43
4553 15 2 32
443 15 2 26
5908 15 2 15
4411 15 2 6
4904 15 3 94
1702 15 3 88
4171 15 3 79
2391 15 3 68
5808 15 3 58
1748 15 3 51
3270 15 3 42
1868 15 3 34
4168 15 3 24
3037 15 3 16
5987 15 3 7
715 15 4 94
131 15 4 88
3164 15 4 79
1424 15 4 68
5389 15 4 58
1488 15 4 51
1958 15 4 42
1492 15 4 34
4007 15 4 24
227 15 4 16
5479 15 4 7
5986 15 6 93
4452 15 6 86
4834 15 6 75
2014 15 6 68
5080 15 6 58
3265 15 6 50
633 15 6 43
1148 15 6 32
398 15 6 26
5605 15 6 15
3606 15 6 6
3209 15 7 93
3937 15 7 86
2796 15 7 75
1153 15 7 68
2945 15 7 58
2182 15 7 50
5801 15 7 42
4957 15 7 33
4989 15 7 24
5200 15 7 15
2544 15 7 6
3103 15 8 93
3545 15 8 86
2716 15 8 75
1147 15 8 68
4330 15 8 57
202 15 8 49
1794 15 8 42
4193 15 8 33
2614 15 8 24
2985 15 8 15
5873 15 8 5
2535 15 9 93
5888 15 9 85
5883 15 9 78
3034 15 9 69
3531 15 9 58
1975 15 9 50
5672 15 9 42
3687 15 9 33
2572 15 9 24
2641 15 9 15
3488 15 9 5
2460 15 10 93
4840 15 10 85
4950 15 10 78
3383 15 10 68
2550 15 10 57
5290 15 10 48
3156 15 10 41
4859 15 10 31
873 15 10 26
3990 15 10 15
1991 15 10 5
180 15 11 93
3819 15 11 85
4934 15 11 78
2374 15 11 68
2492 15 11 57
5186 15 11 48
2181 15 11 41
1605 15 11 31
281 15 11 26
3198 15 11 15
5659 15 11 4
5428 15 16 92
2125 15 16 85
4160 15 16 78
2318 15 16 68
1873 15 16 57
2934 15 16 48
1814 15 16 41
4541 15 16 30
1621 15 16 21
1546 15 16 11
1132 15 16 3
5375 16 0 92
1829 16 0 85
3853 16 0 78
626 16 0 68
1739 16 0 57
429 16 0 48
1561 16 0 41
3337 16 0 30
5665 16 0 20
1173 16 0 13
1357 16 0 3
4625 16 9 92
87 16 9 85
3136 16 9 78
3646 16 9 67
1372 16 9 60
1611 16 9 52
2008 16 9 44
276 16 9 36
3798 16 9 27
3213 16 9 18
2685 16 9 11
5720 16 9 2
3316 16 11 92
5785 16 11 84
1457 16 11 78
1054 16 11 67
475 16 11 60
1238 16 11 52
1754 16 11 44
4909 16 11 35
4895 16 11 26
2325 16 11 15
3627 16 11 4
2972 16 14 92
5649 16 14 84
596 16 14 78
5567 16 14 66
5521 16 14 59
537 16 14 50
5474 16 14 42
3096 16 14 33
2191 16 14 24
2062 16 14 15
1567 16 14 4
246 16 15 92
5611 16 15 84
282 16 15 78
5415 16 15 66
2167 16 15 59
5269 16 15 49
508 16 15 42
416 16 15 33
1251 16 15 24
1083 16 15 15
561 16 15 4
5619 16 16 91
3466 16 16 85
2853 16 16 78
5000 16 16 66
1591 16 16 59
3463 16 16 49
271 16 16 42
3963 16 16 32
5058 16 16 25
4345 16 16 18
984 16 16 11
1845 16 16 2
5444 16 18 91
2448 16 18 85
1350 16 18 78
3971 16 18 66
576 16 18 59
2976 16 18 49
5546 16 18 41
2162 16 18 30
5163 16 18 20
1038 16 18 13
1101 16 18 3
4109 16 19 91
1193 16 19 85
986 16 19 78
2819 16 19 66
5240 16 19 58
89 16 19 50
4593 16 19 42
2824 16 19 32
714 16 19 25
2957 16 19 18
2691 16 19 10
2884 16 19 4
3969 17 0 91
293 17 0 85
568 17 0 78
1937 17 0 66
4945 17 0 58
5419 17 0 49
5341 17 0 41
1196 17 0 30
4640 17 0 20
327 17 0 13
5952 17 0 2
3533 17 3 91
68 17 3 85
5835 17 3 77
4683 17 3 68
5500 17 3 56
3585 17 3 49
4766 17 3 41
1099 17 3 30
1515 17 3 20
5527 17 3 12
3301 17 3 3
2859 17 5 91
2643 17 5 84
4157 17 5 77
2689 17 5 68
5461 17 5 56
3573 17 5 49
4492 17 5 41
4734 17 5 29
49 17 5 21
1519 17 5 11
997 17 5 2
782 17 7 91
2518 17 7 84
1596 17 7 77
1474 17 7 68
4499 17 7 56
2585 17 7 49
2759 17 7 41
3752 17 7 29
6062 17 7 20
6000 17 7 11
6078 17 7 1
4234 17 9 90
3736 17 9 83
2601 17 9 73
5121 17 9 67
3822 17 9 59
2234 17 9 49
1264 17 9 41
3485 17 9 29
6018 17 9 20
5934 17 9 11
3557 17 9 1
3904 17 14 90
2963 17 14 83
654 17 14 73
4942 17 14 67
3395 17 14 59
1210 17 14 49
935 17 14 41
3177 17 14 29
5747 17 14 20
5584 17 14 11
3376 17 14 1
3246 17 15 90
2952 17 15 83
243 17 15 73
3615 17 15 67
2621 17 15 59
807 17 15 49
644 17 15 41
1174 17 15 29
5192 17 15 20
5012 17 15 11
3131 17 15 1
632 17 19 90
1318 17 19 83
5810 17 19 72
4479 17 19 63
3737 17 19 56
388 17 19 49
4001 17 19 40
4719 17 19 33
990 17 19 24
5170 17 19 14
5346 17 19 6
5599 18 0 89
748 18 0 80
4841 18 0 63
2733 18 0 56
4093 18 0 48
1477 18 0 41
5077 18 0 28
4 18 0 18
2690 18 0 10
2211 18 0 4
2177 18 2 89
3430 18 2 79
4385 18 2 67
2415 18 2 59
5870 18 2 48
1454 18 2 41
4144 18 2 28
5344 18 2 17
3492 18 2 7
2002 18 3 89
1928 18 3 79
3538 18 3 67
2065 18 3 59
3240 18 3 48
215 18 3 41
1005 18 3 28
2729 18 3 17
1410 18 3 7
507 18 5 89
4436 18 5 78
5927 18 5 65
2766 18 5 51
1756 18 5 42
496 18 5 32
5459 18 5 24
5087 18 5 14
1796 18 5 6
46 18 10 89
4181 18 10 78
5574 18 10 65
252 18 10 51
1152 18 10 42
3774 18 10 31
278 18 10 26
1650 18 10 15
4631 18 10 3
2172 18 11 88
2183 18 11 79
1825 18 11 67
1452 18 11 59
2703 18 11 48
5700 18 11 40
4268 18 11 33
5098 18 11 23
5964 18 11 16
5085 18 11 7
825 18 15 88
380 18 15 79
1125 18 15 67
542 18 15 59
106 18 15 48
4278 18 15 40
3042 18 15 33
4100 18 15 23
4012 18 15 16
2960 18 15 7
4622 18 17 87
5094 18 17 79
473 18 17 67
4995 18 17 58
5380 18 17 49
2888 18 17 40
1333 18 17 33
2493 18 17 23
3823 18 17 16
2071 18 17 7
3354 19 0 87
4124 19 0 79
5209 19 0 66
3858 19 0 58
5153 19 0 49
1590 19 0 40
1042 19 0 33
1709 19 0 23
3612 19 0 16
1258 19 0 7
1572 19 2 87
3449 19 2 79
4417 19 2 65
3266 19 2 50
4455 19 2 42
1522 19 2 31
3458 19 2 25
2011 19 2 18
2402 19 2 10
2119 19 2 4
3334 19 3 86
5658 19 3 74
1888 19 3 67
4399 19 3 58
4956 19 3 49
458 19 3 40
5570 19 3 32
5117 19 3 24
5849 19 3 13
5671 19 3 2
1059 19 5 86
5654 19 5 74
773 19 5 67
3824 19 5 58
4308 19 5 49
3141 19 5 39
1225 19 5 32
4918 19 5 24
4715 19 5 13
3514 19 5 2
82 19 6 86
1346 19 6 74
3944 19 6 66
993 19 6 58
3683 19 6 49
555 19 6 39
5027 19 6 31
2630 19 6 25
1396 19 6 18
536 19 6 10
5921 19 6 3
5310 19 7 85
5472 19 7 77
349 19 7 68
486 19 7 56
4056 19 7 48
4164 19 7 40
1244 19 7 32
4329 19 7 24
2564 19 7 13
2983 19 7 2
4229 19 8 85
4476 19 8 77
130 19 8 68
5216 19 8 55
2238 19 8 47
4874 19 8 39
2723 19 8 31
1922 19 8 25
108 19 8 18
5609 19 8 9
2573 19 8 2
3763 19 9 85
4441 19 9 77
114 19 9 68
4275 19 9 55
5943 19 9 46
2674 19 9 39
5953 19 9 30
5228 19 9 19
4091 19 9 11
3056 19 9 1
2792 19 10 85
3703 19 10 77
5763 19 10 67
3403 19 10 58
2592 19 10 49
5390 19 10 38
1992 19 10 33
3560 19 10 22
5471 19 10 14
689 19 10 6
3997 19 13 84
399 19 13 77
4135 19 13 67
2020 19 13 58
2421 19 13 49
5257 19 13 38
402 19 13 33
3208 19 13 22
3965 19 13 14
3472 19 13 5
3870 19 14 84
5514 19 14 76
5531 19 14 67
1684 19 14 58
1527 19 14 49
4776 19 14 38
5772 19 14 32
4241 19 14 24
1117 19 14 12
2606 19 14 3
3250 19 15 84
5482 19 15 76
2768 19 15 67
5811 19 15 57
3911 19 15 47
2843 19 15 39
4913 19 15 30
4300 19 15 19
3207 19 15 11
2490 19 15 1
1047 19 17 84
2361 19 17 76
1612 19 17 67
4820 19 17 57
2806 19 17 47
2704 19 17 39
4327 19 17 30
5990 19 17 18
5043 19 17 9
4601 19 17 1
5227 19 18 83
4844 19 18 72
4338 19 18 63
1996 19 18 56
2403 19 18 48
4153 19 18 40
1107 19 18 32
709 19 18 24
1023 19 18 12
1901 19 18 3
2645 19 19 83
3379 19 19 72
3590 19 19 63
634 19 19 56
501 19 19 48
1750 19 19 40
286 19 19 32
698 19 19 24
437 19 19 12
5048 19 19 2
