2537
3344 0 0 99
4264 0 0 95
2968 0 0 91
4595 0 0 87
940 0 0 85
4336 0 0 82
3925 0 0 80
4608 0 0 77
2524 0 0 74
1887 0 0 72
3196 0 0 70
3283 0 0 65
4548 0 0 63
4064 0 0 60
4513 0 0 57
4288 0 0 53
3177 0 0 51
1242 0 0 47
3804 0 0 45
3604 0 0 43
4605 0 0 41
508 0 0 39
947 0 0 37
2797 0 0 34
3362 0 0 32
358 0 0 30
2527 0 0 27
188 0 0 24
807 0 0 21
3993 0 0 18
1537 0 0 16
1578 0 0 13
3786 0 0 10
4576 0 0 6
2080 0 0 3
2045 0 1 97
2191 0 1 94
2709 0 1 91
4510 0 1 87
1904 0 1 83
251 0 1 80
4483 0 1 76
4390 0 1 73
356 0 1 71
2023 0 1 67
2880 0 1 65
2097 0 1 62
3454 0 1 59
3574 0 1 56
4208 0 1 53
1349 0 1 50
4194 0 1 48
2476 0 1 46
4280 0 1 43
957 0 1 41
4565 0 1 38
4452 0 1 36
3077 0 1 33
3332 0 1 29
1509 0 1 26
442 0 1 24
2448 0 1 20
2923 0 1 18
438 0 1 14
2158 0 1 10
3600 0 1 6
1074 0 1 3
2921 0 2 96
3026 0 2 93
2058 0 2 89
1847 0 2 86
1229 0 2 82
2408 0 2 79
4107 0 2 77
4551 0 2 73
1869 0 2 70
3251 0 2 65
1486 0 2 62
2272 0 2 59
1240 0 2 56
3701 0 2 52
4420 0 2 49
98 0 2 46
1530 0 2 43
2353 0 2 39
454 0 2 36
248 0 2 33
2122 0 2 29
3652 0 2 25
3217 0 2 23
4337 0 2 21
80 0 2 18
3073 0 2 13
513 0 2 10
4562 0 2 4
4193 0 2 1
1798 0 3 96
1355 0 3 93
339 0 3 89
1494 0 3 86
3181 0 3 81
1457 0 3 77
3078 0 3 73
1168 0 3 70
1113 0 3 65
488 0 3 62
482 0 3 59
761 0 3 56
1950 0 3 52
3778 0 3 49
3353 0 3 45
4119 0 3 42
837 0 3 39
3952 0 3 34
3742 0 3 30
4011 0 3 25
2945 0 3 23
713 0 3 20
4290 0 3 17
1482 0 3 12
3916 0 3 9
2736 0 3 5
4024 0 3 1
4573 0 4 95
2808 0 4 91
2626 0 4 87
1024 0 4 83
1708 0 4 79
3805 0 4 74
3943 0 4 71
1608 0 4 67
2730 0 4 65
2702 0 4 61
3280 0 4 58
2037 0 4 55
4327 0 4 51
4592 0 4 46
2832 0 4 42
3363 0 4 38
1673 0 4 36
3588 0 4 32
2312 0 4 28
1154 0 4 26
3174 0 4 22
2021 0 4 19
875 0 4 16
4581 0 4 12
4131 0 4 8
432 0 4 6
839 0 4 3
3829 0 5 95
2035 0 5 91
1758 0 5 87
849 0 5 83
3466 0 5 78
3543 0 5 76
3997 0 5 73
1124 0 5 70
798 0 5 65
2393 0 5 61
3206 0 5 57
3215 0 5 53
4433 0 5 49
2480 0 5 45
3591 0 5 41
572 0 5 37
4059 0 5 33
2392 0 5 28
3630 0 5 24
2220 0 5 20
2460 0 5 17
4268 0 5 11
4135 0 5 7
4012 0 5 3
733 0 6 95
4124 0 6 90
4335 0 6 88
1965 0 6 85
1211 0 6 82
4030 0 6 77
1411 0 6 73
4220 0 6 69
1690 0 6 65
4377 0 6 60
4054 0 6 56
1884 0 6 52
3995 0 6 48
2988 0 6 45
1852 0 6 41
2899 0 6 36
4213 0 6 31
2629 0 6 29
73 0 6 25
1081 0 6 23
3003 0 6 19
50 0 6 16
3122 0 6 12
1323 0 6 8
2599 0 6 3
340 0 7 95
3419 0 7 90
2740 0 7 85
1183 0 7 82
1131 0 7 77
3524 0 7 72
2568 0 7 69
3372 0 7 64
4014 0 7 61
2646 0 7 57
2743 0 7 53
1961 0 7 49
1915 0 7 45
436 0 7 41
1736 0 7 36
2421 0 7 31
2288 0 7 27
3698 0 7 23
2324 0 7 19
775 0 7 15
2675 0 7 12
1611 0 7 7
771 0 7 3
1566 0 8 94
1332 0 8 91
189 0 8 87
250 0 8 83
1942 0 8 78
3278 0 8 74
616 0 8 71
738 0 8 67
4519 0 8 62
3119 0 8 58
615 0 8 54
2143 0 8 49
3139 0 8 44
4094 0 8 41
1237 0 8 36
4355 0 8 30
3182 0 8 25
993 0 8 23
4034 0 8 18
2994 0 8 13
161 0 8 10
3148 0 8 4
2433 0 8 1
1189 0 9 94
1808 0 9 90
2215 0 9 85
4475 0 9 80
2287 0 9 76
2955 0 9 73
1137 0 9 69
2231 0 9 64
4013 0 9 61
2410 0 9 57
595 0 9 53
3293 0 9 46
2617 0 9 42
524 0 9 38
3407 0 9 35
4386 0 9 30
2594 0 9 25
1650 0 9 22
4127 0 9 17
4245 0 9 11
4192 0 9 6
3858 0 9 2
416 0 10 94
2586 0 10 89
390 0 10 86
2375 0 10 81
55 0 10 77
3368 0 10 72
511 0 10 69
619 0 10 64
1037 0 10 61
3455 0 10 56
284 0 10 52
1766 0 10 48
587 0 10 45
153 0 10 41
4349 0 10 35
4198 0 10 30
4438 0 10 24
1597 0 10 20
359 0 10 17
3773 0 10 11
3230 0 10 6
3819 0 10 2
3492 0 11 93
3258 0 11 88
802 0 11 85
4189 0 11 80
1170 0 11 76
3656 0 11 72
3350 0 11 68
4289 0 11 66
1800 0 11 62
2306 0 11 58
4359 0 11 53
2263 0 11 46
1956 0 11 42
335 0 11 38
2259 0 11 35
3491 0 11 30
4049 0 11 24
543 0 11 20
853 0 11 16
2022 0 11 12
1520 0 11 7
2704 0 11 2
2098 0 12 93
3150 0 12 88
4308 0 12 84
1721 0 12 82
546 0 12 77
1725 0 12 72
3113 0 12 68
3452 0 12 65
1360 0 12 60
2927 0 12 56
4095 0 12 51
4109 0 12 46
3357 0 12 40
4560 0 12 38
1993 0 12 35
1495 0 12 30
3781 0 12 24
397 0 12 20
3875 0 12 15
2474 0 12 12
1215 0 12 7
2466 0 12 2
1580 0 13 93
2316 0 13 88
4137 0 13 84
1036 0 13 80
41 0 13 76
1792 0 13 72
2385 0 13 68
297 0 13 65
4176 0 13 59
3427 0 13 55
1331 0 13 51
3265 0 13 46
2456 0 13 40
983 0 13 38
1955 0 13 35
809 0 13 30
979 0 13 24
4263 0 13 19
4158 0 13 14
1200 0 13 10
2383 0 13 4
1357 0 13 1
4414 0 14 91
3978 0 14 86
1619 0 14 81
3531 0 14 76
64 0 14 71
1858 0 14 66
308 0 14 62
3347 0 14 57
365 0 14 52
1602 0 14 48
1147 0 14 44
1626 0 14 40
4447 0 14 37
1405 0 14 33
1515 0 14 28
3538 0 14 24
3163 0 14 19
3806 0 14 14
4462 0 14 9
2300 0 14 5
1894 0 14 1
4166 0 15 91
3577 0 15 86
1348 0 15 81
2101 0 15 76
2777 0 15 70
1126 0 15 64
705 0 15 61
2277 0 15 56
1764 0 15 51
2510 0 15 46
4530 0 15 39
3632 0 15 34
2986 0 15 30
812 0 15 24
1011 0 15 19
741 0 15 14
3783 0 15 9
2159 0 15 4
1354 0 16 91
3398 0 16 86
1220 0 16 81
1099 0 16 76
2719 0 16 70
721 0 16 64
3316 0 16 59
816 0 16 55
893 0 16 51
3619 0 16 45
2749 0 16 40
4099 0 16 37
1281 0 16 33
1145 0 16 28
113 0 16 24
597 0 16 19
3614 0 16 13
76 0 16 9
1691 0 16 4
309 0 17 91
2238 0 17 86
229 0 17 81
4481 0 17 75
2980 0 17 71
829 0 17 66
4210 0 17 61
1008 0 17 56
4389 0 17 50
4612 0 17 47
2566 0 17 44
4190 0 17 39
691 0 17 34
259 0 17 30
287 0 17 24
591 0 17 19
36 0 17 13
247 0 17 8
1972 0 17 3
99 0 18 91
1043 0 18 86
1675 0 18 80
868 0 18 75
4401 0 18 70
4526 0 18 63
1034 0 18 60
4 0 18 56
786 0 18 50
2507 0 18 47
674 0 18 43
2168 0 18 39
3864 0 18 33
2875 0 18 27
2554 0 18 23
3661 0 18 18
1914 0 18 13
3793 0 18 7
1306 0 18 2
4217 0 19 90
2960 0 19 84
2653 0 19 79
3300 0 19 74
499 0 19 71
683 0 19 66
3162 0 19 61
2040 0 19 55
136 0 19 51
1905 0 19 45
889 0 19 40
2388 0 19 37
351 0 19 33
2481 0 19 27
1704 0 19 23
4609 0 19 17
2812 0 19 11
3191 0 19 6
3140 0 19 2
3413 2 0 90
2574 2 0 84
2453 2 0 79
2688 2 0 74
346 2 0 71
2119 2 0 65
4153 2 0 59
4004 2 0 54
995 2 0 49
834 2 0 44
3109 2 0 39
3785 2 0 33
2286 2 0 27
3992 2 0 21
3703 2 0 17
1714 2 0 11
1751 2 0 6
1385 2 0 2
1221 2 1 90
2241 2 1 84
2399 2 1 79
3138 2 1 73
3380 2 1 68
2763 2 1 64
3621 2 1 58
4068 2 1 53
3424 2 1 45
712 2 1 40
1485 2 1 37
4448 2 1 32
3213 2 1 27
2095 2 1 21
3268 2 1 17
1533 2 1 11
1531 2 1 6
3871 2 1 1
630 2 2 90
864 2 2 84
3802 2 2 78
3058 2 2 74
2494 2 2 70
4184 2 2 63
818 2 2 60
2619 2 2 55
3910 2 2 50
1216 2 2 47
4543 2 2 42
269 2 2 38
866 2 2 33
1780 2 2 27
599 2 2 21
1310 2 2 17
789 2 2 11
1065 2 2 6
2344 2 2 1
3142 2 3 89
4488 2 3 85
4524 2 3 79
3093 2 3 73
2224 2 3 68
808 2 3 64
716 2 3 58
3623 2 3 53
2687 2 3 45
276 2 3 40
364 2 3 37
3598 2 3 32
2953 2 3 27
4583 2 3 20
2093 2 3 15
1305 2 3 12
3870 2 3 6
20 2 3 1
2959 2 4 89
4460 2 4 85
4042 2 4 79
3098 2 4 71
1225 2 4 65
3257 2 4 59
1949 2 4 54
4559 2 4 48
653 2 4 44
2677 2 4 39
3714 2 4 33
1565 2 4 27
2406 2 4 20
647 2 4 15
805 2 4 12
230 2 4 6
1877 2 6 89
2575 2 6 85
3616 2 6 79
2963 2 6 71
1117 2 6 65
1549 2 6 59
1622 2 6 54
3777 2 6 48
1845 2 6 42
4619 2 6 37
1555 2 6 32
2836 2 6 27
2029 2 6 20
475 2 6 15
4616 2 6 10
1912 2 6 4
1643 2 7 89
3914 2 7 84
913 2 7 77
1276 2 7 72
2236 2 7 68
3917 2 7 63
2925 2 7 59
1236 2 7 54
345 2 7 48
1689 2 7 42
4001 2 7 37
932 2 7 32
2794 2 7 27
443 2 7 20
4238 2 7 14
3738 2 7 9
226 2 7 4
1336 2 9 89
3639 2 9 84
357 2 9 77
633 2 9 72
1536 2 9 68
3136 2 9 63
1030 2 9 59
1164 2 9 54
3250 2 9 47
4079 2 9 42
2452 2 9 37
911 2 9 32
3497 2 9 26
1851 2 9 22
2713 2 9 17
548 2 9 11
623 2 9 6
1314 2 10 89
2432 2 10 84
298 2 10 77
4338 2 10 71
797 2 10 65
852 2 10 59
323 2 10 54
2936 2 10 47
3891 2 10 42
2030 2 10 37
2670 2 10 31
1378 2 10 27
169 2 10 20
4043 2 10 14
3396 2 10 9
4363 2 10 3
796 2 11 89
1013 2 11 84
515 2 11 76
1587 2 11 70
1928 2 11 63
4503 2 11 58
4364 2 11 52
3994 2 11 47
3064 2 11 42
1431 2 11 37
349 2 11 31
3976 2 11 26
4492 2 11 21
42 2 11 17
150 2 11 11
523 2 11 6
3636 2 13 88
643 2 13 84
1678 2 13 75
1620 2 13 70
121 2 13 63
4081 2 13 58
3487 2 13 52
1652 2 13 47
1048 2 13 42
1394 2 13 37
899 2 13 30
2092 2 13 23
3825 2 13 17
1477 2 13 10
1853 2 13 4
3049 2 14 88
4150 2 14 83
311 2 14 78
4404 2 14 73
1929 2 14 68
1547 2 14 63
3153 2 14 58
472 2 14 52
3267 2 14 46
3824 2 14 39
1449 2 14 33
1422 2 14 27
3729 2 14 19
3302 2 14 12
3755 2 14 5
2265 2 15 88
4615 2 15 82
4424 2 15 76
1414 2 15 69
3988 2 15 63
2372 2 15 57
3983 2 15 51
1554 2 15 45
4558 2 15 39
681 2 15 33
294 2 15 27
3079 2 15 19
2809 2 15 12
2572 2 15 5
857 2 16 88
4443 2 16 82
3303 2 16 76
3816 2 16 68
460 2 16 63
4407 2 16 56
658 2 16 50
227 2 16 47
3059 2 16 41
4106 2 16 35
1365 2 16 29
3221 2 16 24
559 2 16 19
1786 2 16 12
631 2 16 5
792 2 17 88
2842 2 17 82
3004 2 17 76
3224 2 17 68
1368 2 17 62
3836 2 17 56
3034 2 17 49
4497 2 17 43
1687 2 17 39
4458 2 17 32
2974 2 17 26
3281 2 17 21
3887 2 17 15
3226 2 17 10
1836 2 17 4
618 2 18 88
2828 2 18 82
2579 2 18 76
244 2 18 68
1160 2 18 62
2379 2 18 56
2815 2 18 49
3996 2 18 43
4200 2 18 38
44 2 18 33
4577 2 18 26
2707 2 18 21
2180 2 18 15
2692 2 18 9
4041 2 18 3
447 2 19 88
2584 2 19 82
1380 2 19 76
4599 2 19 67
4186 2 19 62
2156 2 19 56
15 2 19 49
819 2 19 43
4151 2 19 38
3724 2 19 32
2703 2 19 26
910 2 19 21
645 2 19 15
4567 2 19 8
1123 2 19 3
3393 3 0 86
1338 3 0 80
427 3 0 75
1076 3 0 70
4617 3 0 62
1885 3 0 56
4112 3 0 48
3850 3 0 41
3839 3 0 35
4439 3 0 28
4132 3 0 23
2949 3 0 17
1437 3 0 10
1396 3 0 4
1966 3 1 86
592 3 1 80
4436 3 1 74
1122 3 1 70
2256 3 1 62
958 3 1 56
3657 3 1 48
2163 3 1 41
3160 3 1 35
664 3 1 28
2257 3 1 23
3676 3 1 16
3721 3 1 11
4317 3 1 5
1087 3 2 86
1820 3 2 79
334 3 2 71
3195 3 2 64
567 3 2 58
3279 3 2 51
2766 3 2 44
4071 3 2 38
2234 3 2 32
1797 3 2 26
1954 3 2 20
2551 3 2 14
319 3 2 9
1883 3 2 3
478 3 3 86
2690 3 3 78
3340 3 3 73
1599 3 3 67
1014 3 3 62
3956 3 3 55
2857 3 3 50
4408 3 3 46
2189 3 3 39
2844 3 3 32
3883 3 3 25
1359 3 3 22
28 3 3 17
902 3 3 10
39 3 3 4
1512 3 4 85
3039 3 4 79
3190 3 4 70
4246 3 4 61
1892 3 4 55
3640 3 4 49
2367 3 4 42
1231 3 4 37
2438 3 4 29
3101 3 4 24
2313 3 4 18
262 3 4 13
2753 3 4 7
2535 3 4 1
2217 3 6 84
4426 3 6 73
851 3 6 67
3479 3 6 61
1285 3 6 55
3028 3 6 49
1003 3 6 42
4586 3 6 36
4283 3 6 30
973 3 6 23
2801 3 6 16
3200 3 6 11
4271 3 6 5
3515 3 7 82
566 3 7 76
3423 3 7 67
2034 3 7 61
766 3 7 55
1741 3 7 49
4110 3 7 41
830 3 7 35
529 3 7 28
83 3 7 23
2370 3 7 16
3013 3 7 11
2615 3 7 5
4575 3 9 81
4233 3 9 75
4421 3 9 69
1876 3 9 63
976 3 9 56
3010 3 9 48
3818 3 9 40
2882 3 9 36
1963 3 9 30
906 3 9 23
2051 3 9 16
2847 3 9 11
1980 3 9 5
3441 3 10 81
4459 3 10 74
2105 3 10 69
613 3 10 63
304 3 10 56
1694 3 10 48
3438 3 10 40
755 3 10 36
1046 3 10 30
3821 3 10 22
4397 3 10 16
4146 3 10 10
2284 3 10 3
2714 3 11 79
1103 3 11 70
3296 3 11 61
3687 3 11 54
2718 3 11 47
2820 3 11 41
35 3 11 35
3544 3 11 27
2588 3 11 19
1778 3 11 12
3762 3 11 4
2455 3 13 78
3256 3 13 73
354 3 13 67
622 3 13 61
930 3 13 54
2384 3 13 47
922 3 13 41
4021 3 13 34
3626 3 13 29
3228 3 13 23
1702 3 13 16
2637 3 13 10
2271 3 13 3
3242 3 14 77
4129 3 14 71
1532 3 14 64
552 3 14 58
2938 3 14 51
2708 3 14 44
3893 3 14 38
610 3 14 32
1361 3 14 25
3820 3 14 21
52 3 14 15
4048 3 14 8
972 3 14 3
3843 3 19 76
2066 3 19 67
362 3 19 61
4171 3 19 53
4080 3 19 44
2033 3 19 38
4090 3 19 31
2425 3 19 26
342 3 19 20
2309 3 19 14
92 3 19 9
1749 3 19 3
3561 4 6 74
1909 4 6 69
428 4 6 63
3384 4 6 55
3750 4 6 48
3472 4 6 39
2147 4 6 32
710 4 6 25
2837 4 6 21
3965 4 6 14
2440 4 6 8
962 4 6 3
4376 4 9 70
3394 4 9 60
2564 4 9 55
2106 4 9 48
2357 4 9 39
1889 4 9 32
403 4 9 25
3149 4 9 20
1679 4 9 14
2204 4 9 8
3310 4 9 2
4345 4 13 59
4082 4 13 53
3758 4 13 44
575 4 13 38
2765 4 13 31
216 4 13 26
231 4 13 20
1471 4 13 14
1654 4 13 8
2649 4 13 2
2895 4 14 97
2841 4 14 93
1846 4 14 88
1844 4 14 82
4340 4 14 75
1657 4 14 69
1107 4 14 62
3638 4 14 55
785 4 14 48
506 4 14 39
871 4 14 32
3512 4 14 24
1731 4 14 18
3477 4 14 12
3519 4 14 4
4224 4 16 96
4201 4 16 92
2990 4 16 88
1715 4 16 82
3161 4 16 75
638 4 16 69
711 4 16 62
1614 4 16 55
3849 4 16 47
660 4 16 41
2362 4 16 34
3044 4 16 29
735 4 16 23
4506 4 16 15
275 4 16 8
1340 4 16 2
3530 4 17 96
3502 4 17 92
1528 4 17 88
1713 4 17 82
3117 4 17 75
608 4 17 69
4490 4 17 61
3892 4 17 53
3187 4 17 44
301 4 17 38
2534 4 17 31
4505 4 17 25
3922 4 17 19
430 4 17 12
3355 4 17 4
2581 4 18 96
413 4 18 92
4333 4 18 87
2821 4 18 82
2174 4 18 75
43 4 18 69
2193 4 18 61
3247 4 18 53
1776 4 18 44
632 4 18 37
2418 4 18 29
4247 4 18 22
3749 4 18 16
2417 4 18 10
449 4 18 3
1558 4 19 96
1 4 19 92
1755 4 19 87
1967 4 19 82
2115 4 19 75
2983 4 19 68
990 4 19 62
1116 4 19 55
2341 4 19 47
234 4 19 41
4471 4 19 33
4446 4 19 26
69 4 19 20
310 4 19 14
1438 4 19 8
1222 4 19 2
1288 5 0 96
3134 5 0 91
921 5 0 86
2585 5 0 78
3175 5 0 73
3376 5 0 66
2133 5 0 61
1783 5 0 53
1483 5 0 44
4154 5 0 36
3650 5 0 29
4237 5 0 22
3066 5 0 16
2333 5 0 10
4122 5 0 2
1174 5 1 96
1475 5 1 91
34 5 1 86
1574 5 1 78
2196 5 1 73
2774 5 1 66
1063 5 1 61
1264 5 1 53
3513 5 1 43
3984 5 1 38
2522 5 1 31
3930 5 1 25
3774 5 1 19
378 5 1 12
2691 5 1 4
177 5 2 96
4223 5 2 90
539 5 2 84
1603 5 2 73
2537 5 2 66
768 5 2 61
4188 5 2 52
1748 5 2 46
2295 5 2 38
1479 5 2 31
3873 5 2 25
1717 5 2 19
3692 5 2 11
1319 5 2 5
2525 5 3 95
1813 5 3 90
3736 5 3 83
4116 5 3 77
3183 5 3 71
1508 5 3 64
3233 5 3 57
3552 5 3 51
1026 5 3 44
3241 5 3 36
2203 5 3 29
3710 5 3 22
2639 5 3 16
3696 5 3 9
2386 5 3 2
2013 5 4 95
1777 5 4 90
2346 5 4 83
2361 5 4 77
2258 5 4 71
1058 5 4 64
1041 5 4 57
2270 5 4 51
452 5 4 44
2459 5 4 36
2031 5 4 29
3592 5 4 22
1809 5 4 16
3320 5 4 9
2070 5 4 2
392 5 13 95
1697 5 13 90
2332 5 13 83
1400 5 13 77
2167 5 13 71
4214 5 13 63
3124 5 13 55
4538 5 13 46
1447 5 13 38
3740 5 13 30
3575 5 13 22
1712 5 13 16
2872 5 13 9
709 5 13 2
4579 6 4 94
2752 6 4 88
281 6 4 82
941 6 4 75
2861 6 4 68
429 6 4 62
3333 6 4 54
2027 6 4 47
4007 6 4 39
561 6 4 32
3550 6 4 23
3935 6 4 15
4423 6 4 7
803 6 4 1
2155 6 5 94
1870 6 5 88
25 6 5 82
574 6 5 75
2329 6 5 68
4418 6 5 61
2517 6 5 52
1296 6 5 46
4240 6 5 37
4399 6 5 28
4256 6 5 22
1295 6 5 16
2598 6 5 9
51 6 5 2
501 6 7 94
3885 6 7 87
1470 6 7 82
182 6 7 75
3587 6 7 67
3366 6 7 60
1782 6 7 55
3757 6 7 46
3128 6 7 37
2590 6 7 28
4242 6 7 22
1927 6 7 15
2867 6 7 7
2043 6 8 93
3070 6 8 87
4402 6 8 81
1562 6 8 74
510 6 8 69
1326 6 8 61
402 6 8 52
1027 6 8 46
1423 6 8 37
634 6 8 28
3734 6 8 21
1760 6 8 14
935 6 8 8
692 6 8 2
1472 6 9 93
2896 6 9 86
2457 6 9 77
1412 6 9 71
4044 6 9 63
2482 6 9 55
3585 6 9 46
801 6 9 37
331 6 9 28
2017 6 9 21
4032 6 9 13
1012 6 9 7
206 6 10 93
2429 6 10 86
2348 6 10 77
38 6 10 71
3878 6 10 63
1795 6 10 55
2849 6 10 46
3014 6 10 36
1656 6 10 29
3450 6 10 22
1693 6 10 15
4228 6 10 6
4162 6 11 92
1182 6 11 87
3542 6 11 81
4528 6 11 73
578 6 11 66
521 6 11 61
4015 6 11 51
2520 6 11 43
3038 6 11 38
3651 6 11 30
1455 6 11 22
858 6 11 15
2589 6 11 6
3263 6 13 92
1568 6 13 86
905 6 13 77
3733 6 13 70
1992 6 13 60
1251 6 13 54
811 6 13 47
2862 6 13 39
407 6 13 32
3218 6 13 23
3889 6 13 15
325 6 13 6
2798 6 15 92
3981 6 15 85
2638 6 15 79
100 6 15 70
22 6 15 60
421 6 15 54
519 6 15 47
2303 6 15 39
1513 6 15 31
2403 6 15 25
4430 6 15 18
3445 6 15 12
2028 6 15 4
1953 6 18 92
3358 6 18 85
2154 6 18 79
4130 6 18 68
3504 6 18 61
3145 6 18 51
1015 6 18 43
2979 6 18 38
3458 6 18 30
18 6 18 22
131 6 18 15
4316 6 18 5
4494 6 19 91
3559 6 19 85
3931 6 19 77
3460 6 19 70
2741 6 19 59
2843 6 19 53
3017 6 19 43
1596 6 19 38
2984 6 19 30
4602 6 19 21
2656 6 19 13
994 6 19 7
3769 7 0 91
2878 7 0 85
2995 7 0 77
3305 7 0 70
2487 7 0 59
2000 7 0 53
1328 7 0 43
4102 7 0 37
2297 7 0 27
2402 7 0 19
2661 7 0 11
530 7 0 5
2961 7 1 91
2602 7 1 85
2422 7 1 77
3248 7 1 70
2111 7 1 59
1476 7 1 53
725 7 1 43
4365 7 1 36
1230 7 1 28
1523 7 1 21
2194 7 1 13
329 7 1 7
1771 7 2 91
1253 7 2 85
2291 7 2 77
243 7 2 70
320 7 2 59
943 7 2 53
4311 7 2 42
2978 7 2 36
1162 7 2 28
1320 7 2 21
1282 7 2 13
2764 7 2 6
954 7 7 91
1093 7 7 85
1017 7 7 77
199 7 7 70
3103 7 7 58
554 7 7 51
1004 7 7 43
3468 7 7 36
4125 7 7 27
187 7 7 19
2113 7 7 11
3747 7 7 4
579 7 8 91
3906 7 8 84
1152 7 8 73
4352 7 8 65
535 7 8 59
514 7 8 53
4211 7 8 42
2616 7 8 36
3164 7 8 27
3913 7 8 18
1592 7 8 12
1897 7 8 4
178 7 9 91
3707 7 9 84
1256 7 9 72
1779 7 9 67
2091 7 9 60
4126 7 9 53
2462 7 9 42
1125 7 9 36
1383 7 9 27
1393 7 9 18
1521 7 9 12
895 7 9 4
2138 7 10 90
629 7 10 83
306 7 10 77
4372 7 10 69
1209 7 10 61
1746 7 10 51
4428 7 10 42
3209 7 10 35
1560 7 10 27
3324 7 10 17
3090 7 10 9
4114 7 10 1
1514 7 11 90
2382 7 11 82
4529 7 11 74
3082 7 11 68
1875 7 11 61
1335 7 11 51
2868 7 11 42
1085 7 11 35
934 7 11 27
3929 7 11 16
1600 7 11 9
3421 7 11 1
945 7 13 90
1421 7 13 82
1496 7 13 74
2891 7 13 68
1561 7 13 61
1169 7 13 51
1964 7 13 42
435 7 13 35
4121 7 13 26
1007 7 13 19
196 7 13 11
3726 7 13 4
3132 7 15 89
553 7 15 84
3151 7 15 71
2509 7 15 63
3409 7 15 54
228 7 15 47
3203 7 15 38
2389 7 15 29
2326 7 15 22
112 7 15 15
2852 7 15 5
3901 7 18 88
4239 7 18 81
1848 7 18 73
1552 7 18 65
141 7 18 59
108 7 18 53
1818 7 18 42
3745 7 18 34
2781 7 18 29
1936 7 18 22
2242 7 18 14
843 7 18 8
3589 7 18 1
2186 7 19 88
3261 7 19 81
27 7 19 73
694 7 19 65
3937 7 19 58
4087 7 19 50
1258 7 19 46
2216 7 19 36
978 7 19 27
2501 7 19 16
1541 7 19 9
2497 7 19 1
1872 8 0 88
2663 8 0 81
3346 8 0 72
463 8 0 67
1583 8 0 60
3584 8 0 53
1649 8 0 42
2803 8 0 34
2166 8 0 29
232 8 0 22
1557 8 0 14
2235 8 0 7
731 8 5 88
1615 8 5 81
2604 8 5 72
3894 8 5 66
981 8 5 60
2908 8 5 53
2712 8 5 41
3888 8 5 33
4045 8 5 26
959 8 5 19
175 8 5 11
2633 8 5 4
2011 8 7 87
3204 8 7 81
2565 8 7 72
2630 8 7 66
1667 8 7 59
23 8 7 53
1171 8 7 41
3612 8 7 33
1250 8 7 26
659 8 7 19
4027 8 7 10
3403 8 7 2
980 8 13 87
1840 8 13 81
1114 8 13 72
1677 8 13 66
2387 8 13 58
3131 8 13 50
1769 8 13 45
2518 8 13 39
1459 8 13 31
2368 8 13 25
4037 8 13 18
882 8 13 12
626 8 13 4
307 8 15 87
143 8 15 81
2823 8 15 71
1487 8 15 63
3201 8 15 54
3756 8 15 46
1517 8 15 36
824 8 15 27
1951 8 15 16
1267 8 15 9
481 8 15 1
4089 9 0 86
4477 9 0 76
2055 9 0 67
951 9 0 60
2767 9 0 53
927 9 0 41
2160 9 0 33
3694 9 0 25
3528 9 0 18
873 9 0 12
563 9 0 4
2647 9 2 86
862 9 2 76
1344 9 2 67
3980 9 2 59
3545 9 2 52
3317 9 2 45
2267 9 2 39
1245 9 2 31
138 9 2 25
549 9 2 18
3597 9 2 11
2514 9 2 4
2461 9 3 86
186 9 3 76
425 9 3 67
2285 9 3 59
2307 9 3 52
2997 9 3 45
1633 9 3 39
465 9 3 31
3286 9 3 24
2667 9 3 17
1543 9 3 9
352 9 3 1
883 9 4 86
4493 9 4 75
3126 9 4 67
688 9 4 59
1039 9 4 52
2838 9 4 45
1038 9 4 39
4606 9 4 30
4236 9 4 21
2903 9 4 12
440 9 4 4
697 9 5 86
3641 9 5 75
1695 9 5 67
218 9 5 59
233 9 5 52
134 9 5 45
750 9 5 39
4164 9 5 30
4084 9 5 21
1300 9 5 12
4325 9 5 3
2442 9 9 85
734 9 9 77
3716 9 9 69
2121 9 9 60
2378 9 9 53
4182 9 9 40
257 9 9 36
3216 9 9 26
492 9 9 19
1659 9 9 10
3295 9 9 2
2067 9 10 85
176 9 10 77
3159 9 10 69
2108 9 10 60
1886 9 10 53
2966 9 10 40
2390 9 10 35
3890 9 10 26
1468 9 10 18
1395 9 10 11
2748 9 10 3
1790 9 11 85
102 9 11 77
2937 9 11 69
1923 9 11 60
887 9 11 53
1832 9 11 40
3576 9 11 34
146 9 11 29
4589 9 11 21
193 9 11 12
4157 9 11 3
1539 9 13 85
4019 9 13 76
3799 9 13 65
3809 9 13 58
2973 9 13 50
791 9 13 44
2044 9 13 36
2811 9 13 26
4293 9 13 17
1821 9 13 8
997 9 13 1
4523 9 17 84
2381 9 17 71
584 9 17 63
2360 9 17 54
3301 9 17 46
4508 9 17 35
3746 9 17 26
2944 9 17 17
894 9 17 8
625 9 18 84
4097 9 18 70
1711 9 18 58
1188 9 18 50
4501 9 18 43
3336 9 18 36
1609 9 18 26
1212 9 18 17
877 9 18 8
4076 9 19 83
4449 9 19 76
3264 9 19 65
3239 9 19 58
1047 9 19 50
2751 9 19 43
3092 9 19 36
495 9 19 26
4480 9 19 16
1235 9 19 9
444 10 0 83
3970 10 0 76
3167 10 0 65
3096 10 0 58
928 10 0 50
2478 10 0 43
2503 10 0 35
3227 10 0 26
3611 10 0 16
167 10 0 9
2443 10 1 81
2788 10 1 71
31 10 1 63
2293 10 1 54
3157 10 1 46
4479 10 1 35
2928 10 1 26
2114 10 1 16
110 10 1 9
504 10 2 80
2950 10 2 74
2041 10 2 68
678 10 2 61
2228 10 2 50
1079 10 2 43
2366 10 2 35
1510 10 2 26
3648 10 2 15
2373 10 2 5
2871 10 3 79
3847 10 3 68
4149 10 3 60
700 10 3 53
502 10 3 39
3833 10 3 30
3284 10 3 21
3722 10 3 10
3130 10 3 2
3704 10 4 77
2358 10 4 69
1606 10 4 60
288 10 4 53
3655 10 4 38
220 10 4 29
3255 10 4 21
4465 10 4 9
2827 10 5 75
1224 10 5 67
4495 10 5 58
68 10 5 50
732 10 5 43
1920 10 5 35
4023 10 5 25
3474 10 5 17
3349 10 5 7
3314 10 7 73
4092 10 7 64
453 10 7 57
1982 10 7 51
4304 10 7 41
1069 10 7 33
1664 10 7 25
3271 10 7 17
2701 10 7 7
874 10 9 73
3158 10 9 64
3660 10 9 56
1683 10 9 48
260 10 9 39
3449 10 9 30
2026 10 9 21
4434 10 9 9
2129 10 10 66
1995 10 10 58
2783 10 10 49
3063 10 10 41
214 10 10 33
1630 10 10 25
4339 10 10 16
4453 10 10 8
4321 10 11 94
3826 10 11 87
4298 10 11 80
1346 10 11 74
999 10 11 68
2981 10 11 60
4388 10 11 52
4478 10 11 44
1259 10 11 36
383 10 11 26
2451 10 11 15
1293 10 11 5
1700 10 13 94
3060 10 13 87
3040 10 13 80
723 10 13 74
961 10 13 68
2073 10 13 60
1109 10 13 52
4467 10 13 44
671 10 13 36
2424 10 13 25
500 10 13 16
67 10 13 8
111 10 15 94
270 10 15 87
1665 10 15 80
650 10 15 74
757 10 15 68
2049 10 15 60
654 10 15 52
3923 10 15 44
469 10 15 36
3939 10 15 24
1890 10 15 17
2473 10 15 7
3685 10 16 93
2299 10 16 86
3254 10 16 75
1044 10 16 67
3715 10 16 58
2083 10 16 49
2547 10 16 41
891 10 16 32
3008 10 16 23
2014 10 16 14
1451 10 16 7
1387 10 17 93
2998 10 17 85
3579 10 17 76
3106 10 17 65
2942 10 17 58
1550 10 17 49
2328 10 17 41
195 10 17 32
975 10 17 23
299 10 17 14
168 10 17 7
3950 10 18 92
2635 10 18 85
2947 10 18 76
2369 10 18 65
2178 10 18 58
588 10 18 49
347 10 18 41
4029 10 18 31
2065 10 18 24
1534 10 18 17
832 10 18 7
3152 10 19 92
1801 10 19 85
2917 10 19 76
1078 10 19 65
2046 10 19 58
4563 10 19 48
2982 10 19 38
4441 10 19 28
965 10 19 21
1646 10 19 9
974 11 5 92
1273 11 5 85
2454 11 5 76
3865 11 5 64
1575 11 5 56
1644 11 5 48
1605 11 5 38
4301 11 5 28
4039 11 5 20
4614 11 5 13
2531 11 5 6
4108 11 7 91
3086 11 7 84
3958 11 7 69
3186 11 7 59
1857 11 7 50
686 11 7 43
1019 11 7 35
1426 11 7 25
4139 11 7 15
609 11 7 5
363 11 9 91
763 11 9 84
94 11 9 69
3094 11 9 59
1042 11 9 50
517 11 9 43
989 11 9 35
1388 11 9 25
3770 11 9 15
4413 11 9 4
3147 11 13 90
415 11 13 82
955 11 13 74
3718 11 13 67
486 11 13 58
4252 11 13 48
4403 11 13 37
1298 11 13 27
2281 11 13 15
3328 11 13 4
2470 11 15 90
3605 11 15 81
1719 11 15 71
3859 11 15 62
1724 11 15 54
2628 11 15 46
1874 11 15 35
1291 11 15 25
2315 11 15 15
2912 11 15 4
2304 12 0 90
2283 12 0 81
1070 12 0 71
2169 12 0 62
1720 12 0 54
2600 12 0 46
380 12 0 34
139 12 0 29
1632 12 0 21
926 12 0 9
1519 12 1 90
1911 12 1 81
431 12 1 71
1637 12 1 62
1613 12 1 54
2567 12 1 46
4191 12 1 33
1149 12 1 25
2280 12 1 15
2150 12 1 4
4520 12 2 89
4451 12 2 83
3787 12 2 76
3176 12 2 64
2007 12 2 55
2491 12 2 46
3533 12 2 33
568 12 2 25
949 12 2 15
2116 12 2 4
4370 12 4 89
3823 12 4 83
3506 12 4 76
2759 12 4 64
1829 12 4 55
2447 12 4 46
3262 12 4 33
155 12 4 25
419 12 4 15
1059 12 4 4
4060 12 5 89
3137 12 5 83
971 12 5 76
878 12 5 64
1645 12 5 55
1932 12 5 46
2659 12 5 33
4294 12 5 24
252 12 5 17
603 12 5 7
3972 12 7 89
2458 12 7 83
123 12 7 76
209 12 7 64
1252 12 7 55
4275 12 7 45
264 12 7 39
2394 12 7 30
1142 12 7 21
14 12 7 9
3143 12 11 89
2052 12 11 83
96 12 11 76
93 12 11 64
4607 12 11 54
1373 12 11 46
173 12 11 33
3154 12 11 24
1899 12 11 16
3700 12 11 7
2965 12 13 89
2004 12 13 83
4534 12 13 75
828 12 13 67
4297 12 13 57
1910 12 13 51
3032 12 13 41
2954 12 13 31
1207 12 13 24
1178 12 13 16
2428 12 13 7
1727 12 15 89
1855 12 15 83
3433 12 15 75
2211 12 15 66
1595 12 15 58
3759 12 15 48
3309 12 15 37
1453 12 15 26
2212 12 15 15
4047 12 15 3
1522 12 17 89
497 12 17 83
3088 12 17 75
4141 12 17 65
4180 12 17 57
1478 12 17 51
1938 12 17 41
2371 12 17 31
4518 12 17 23
4440 12 17 12
3312 12 17 3
61 12 18 89
4590 12 18 82
271 12 18 74
3516 12 18 67
3467 12 18 57
45 12 18 51
1246 12 18 41
879 12 18 31
3667 12 18 23
3022 12 18 12
1957 12 18 3
3437 12 19 88
1269 12 19 81
4267 12 19 70
379 12 19 58
3292 12 19 48
3043 12 19 37
1214 12 19 26
1139 12 19 15
3629 12 19 3
3315 13 0 88
1163 13 0 81
2943 13 0 70
4512 13 0 57
3493 13 0 50
4591 13 0 42
764 13 0 34
4437 13 0 28
3968 13 0 20
2787 13 0 13
903 13 0 6
2199 13 4 88
759 13 4 81
1986 13 4 70
3125 13 4 57
3273 13 4 50
3287 13 4 42
4235 13 4 33
2184 13 4 23
224 13 4 12
3771 13 4 2
1016 13 5 88
606 13 5 81
1156 13 5 70
1345 13 5 57
2758 13 5 50
312 13 5 42
3169 13 5 33
3229 13 5 22
3896 13 5 13
540 13 5 6
558 13 6 88
2907 13 6 80
612 13 6 74
3166 13 6 67
3360 13 6 57
854 13 6 50
2486 13 6 41
778 13 6 31
3120 13 6 23
2906 13 6 11
2717 13 6 3
286 13 7 88
748 13 7 80
179 13 7 74
3111 13 7 66
4361 13 7 57
406 13 7 50
2407 13 7 41
2529 13 7 30
998 13 7 21
3798 13 7 8
6 13 8 88
3761 13 8 79
825 13 8 68
1843 13 8 60
3796 13 8 51
1120 13 8 41
2019 13 8 30
3863 13 8 20
1009 13 8 13
3895 13 8 5
730 13 10 87
1055 13 10 80
2176 13 10 73
2185 13 10 64
4557 13 10 54
2181 13 10 45
273 13 10 38
3189 13 10 28
3735 13 10 20
3520 13 10 12
2672 13 10 2
9 13 11 87
106 13 11 80
398 13 11 73
729 13 11 64
4104 13 11 54
296 13 11 44
291 13 11 36
3496 13 11 24
451 13 11 16
1814 13 11 7
1262 13 13 85
2107 13 13 76
3511 13 13 63
1196 13 13 53
3624 13 13 36
964 13 13 24
84 13 13 16
4603 13 13 6
184 14 10 84
2162 14 10 68
1303 14 10 60
2850 14 10 51
4138 14 10 40
2650 14 10 34
3909 14 10 28
3095 14 10 20
3019 14 10 12
2613 14 10 2
1428 14 11 83
1988 14 11 75
3397 14 11 65
3297 14 11 57
4367 14 11 49
48 14 11 41
1866 14 11 30
3274 14 11 19
1464 14 11 10
2778 14 11 2
538 14 13 83
1617 14 13 75
2606 14 13 65
2364 14 13 57
3102 14 13 49
3782 14 13 40
1971 14 13 34
3860 14 13 28
3085 14 13 20
1819 14 13 12
2596 14 13 2
4322 14 15 82
4411 14 15 73
547 14 15 64
3431 14 15 54
3990 14 15 43
986 14 15 35
1204 14 15 25
172 14 15 15
2467 14 15 3
2255 14 16 82
3367 14 16 73
3089 14 16 63
1983 14 16 51
3270 14 16 40
1433 14 16 34
3392 14 16 28
3084 14 16 20
1816 14 16 12
21 14 16 2
1739 14 17 82
1735 14 17 73
2911 14 17 63
1442 14 17 51
2738 14 17 40
3955 14 17 33
3377 14 17 21
1309 14 17 8
1570 14 18 82
1410 14 18 73
2618 14 18 63
3665 14 18 50
776 14 18 41
2879 14 18 29
1529 14 18 21
675 14 18 8
2710 14 19 81
3443 14 19 69
1238 14 19 59
3615 14 19 49
2261 14 19 40
3583 14 19 33
1781 14 19 21
503 14 19 8
4564 15 1 75
1432 15 1 65
1610 15 1 57
845 15 1 49
2025 15 1 40
2676 15 1 33
4535 15 1 20
641 15 1 12
348 15 1 3
2916 15 3 75
1456 15 3 64
1740 15 3 54
3921 15 3 43
693 15 3 35
704 15 3 25
3313 15 3 14
4360 15 3 6
1516 15 5 75
476 15 5 64
1299 15 5 54
3862 15 5 43
3595 15 5 34
2888 15 5 28
3556 15 5 19
1419 15 5 10
2253 15 5 2
236 15 6 68
1249 15 6 60
1947 15 6 51
450 15 6 40
1023 15 6 33
4417 15 6 20
4375 15 6 11
888 15 6 2
1363 15 8 67
1745 15 8 57
2508 15 8 48
1815 15 8 37
601 15 8 26
417 15 8 15
754 15 8 3
2104 15 10 61
2149 15 10 50
258 15 10 41
3646 15 10 28
948 15 10 19
3682 15 10 9
4578 16 1 25
2246 16 1 14
4216 16 1 6
651 16 2 95
505 16 2 90
1688 16 2 81
3404 16 2 69
74 16 2 59
663 16 2 49
966 16 2 40
844 16 2 33
3237 16 2 20
3927 16 2 11
439 16 2 2
2935 16 3 94
4547 16 3 86
1862 16 3 75
4383 16 3 63
2816 16 3 50
3581 16 3 40
784 16 3 33
2533 16 3 20
3007 16 3 11
126 16 3 2
2807 16 5 94
2654 16 5 86
1377 16 5 75
3373 16 5 63
2544 16 5 50
920 16 5 40
3048 16 5 32
527 16 5 23
1990 16 5 11
2069 16 5 1
2587 16 6 93
2881 16 6 85
1666 16 6 76
4332 16 6 62
1538 16 6 54
3352 16 6 43
2699 16 6 34
2314 16 6 28
3510 16 6 18
4002 16 6 10
881 16 6 2
1398 16 13 93
1937 16 13 85
3135 16 13 75
426 16 13 63
2020 16 13 50
806 16 13 40
2483 16 13 32
4489 16 13 22
2094 16 13 13
3231 16 13 5
3606 16 14 92
3985 16 14 84
2933 16 14 67
813 16 14 57
1621 16 14 48
4307 16 14 36
2322 16 14 23
804 16 14 11
2024 16 14 1
3498 16 15 92
3590 16 15 84
1382 16 15 67
2511 16 15 56
75 16 15 48
1934 16 15 36
4540 16 15 22
4545 16 15 12
1429 16 15 1
3207 16 16 92
3024 16 16 84
817 16 16 66
3852 16 16 57
4284 16 16 47
3054 16 16 38
2695 16 16 28
3461 16 16 18
3116 16 16 10
4219 16 16 1
1307 16 17 92
956 16 17 84
1737 16 17 65
4374 16 17 55
3869 16 17 45
3673 16 17 37
3067 16 17 25
617 16 17 14
2085 16 17 6
1132 16 18 91
4419 16 18 83
1406 16 18 75
3899 16 18 62
1190 16 18 54
1880 16 18 43
2977 16 18 33
1863 16 18 20
2505 16 18 11
841 16 18 1
4373 16 19 90
1106 16 19 81
3236 16 19 69
3031 16 19 58
2889 16 19 48
1445 16 19 36
4507 16 19 22
4500 16 19 12
551 16 19 1
2289 17 1 90
714 17 1 81
2768 17 1 68
773 17 1 60
1692 17 1 51
1941 17 1 39
1817 17 1 30
2411 17 1 19
2485 17 1 9
3141 17 2 89
3586 17 2 82
263 17 2 73
2282 17 2 63
3702 17 2 49
4299 17 2 39
752 17 2 30
2298 17 2 19
1861 17 2 9
2222 17 3 89
3298 17 3 82
4469 17 3 72
466 17 3 66
2745 17 3 57
2197 17 3 47
751 17 3 38
2450 17 3 26
1545 17 3 14
2060 17 3 6
3327 17 5 88
3666 17 5 79
815 17 5 68
3884 17 5 59
642 17 5 49
4140 17 5 38
4204 17 5 25
576 17 5 14
1507 17 5 6
2127 17 6 88
3325 17 6 79
290 17 6 68
985 17 6 59
624 17 6 49
4016 17 6 38
1193 17 6 25
194 17 6 14
760 17 6 6
565 17 8 88
2248 17 8 79
3565 17 8 67
1631 17 8 56
4588 17 8 47
4093 17 8 37
2001 17 8 25
4572 17 8 13
2964 17 8 5
4596 17 9 87
3417 17 9 79
2734 17 9 66
1607 17 9 57
1728 17 9 47
3345 17 9 37
1127 17 9 25
2819 17 9 13
2192 17 9 5
4052 17 10 87
2996 17 10 79
1167 17 10 66
1499 17 10 56
4542 17 10 47
2892 17 10 37
4168 17 10 24
49 17 10 16
3940 17 10 6
3456 17 11 87
2642 17 11 79
1097 17 11 66
604 17 11 56
4212 17 11 47
1461 17 11 37
3529 17 11 24
3448 17 11 15
602 17 11 3
3331 17 13 87
1134 17 13 79
3087 17 13 65
4222 17 13 55
1465 17 13 45
2693 17 13 37
2141 17 13 24
3426 17 13 15
3763 17 13 2
1029 17 14 87
4187 17 14 78
2057 17 14 73
1919 17 14 63
3129 17 14 49
1115 17 14 37
1762 17 14 24
3232 17 14 15
787 17 14 1
4409 17 15 86
197 17 15 75
119 17 15 62
217 17 15 54
1155 17 15 43
2593 17 15 33
1399 17 15 20
239 17 15 11
1563 17 15 1
4075 17 16 86
2607 17 16 74
2770 17 16 66
3752 17 16 55
3572 17 16 44
3551 17 16 34
1959 17 16 28
3905 17 16 17
3882 17 16 6
3946 17 17 86
1973 17 17 74
2412 17 17 66
2932 17 17 55
2583 17 17 44
3483 17 17 34
1409 17 17 28
2941 17 17 17
2640 17 17 6
1757 17 18 86
3658 17 18 73
1304 17 18 63
2737 17 18 49
2086 17 18 36
666 17 18 22
4003 17 18 12
1371 17 19 86
3123 17 19 73
4553 17 19 62
4065 17 19 53
1623 17 19 36
1931 17 19 21
350 17 19 8
1194 19 0 86
3114 19 0 73
3662 19 0 62
933 19 0 53
1526 19 0 35
3563 19 0 24
2416 19 0 15
531 19 0 1
3751 19 1 85
3018 19 1 75
4172 19 1 61
3381 19 1 49
3537 19 1 35
2595 19 1 24
2296 19 1 15
3853 19 1 5
2498 19 2 85
2546 19 2 75
2430 19 2 61
1057 19 2 49
2006 19 2 35
1962 19 2 24
3711 19 2 14
3732 19 2 5
128 19 3 85
2136 19 3 75
1130 19 3 61
869 19 3 49
1290 19 3 35
1374 19 3 24
3000 19 3 14
2804 19 3 5
3663 19 4 84
3526 19 4 63
1324 19 4 49
820 19 4 35
1191 19 4 24
2552 19 4 14
1647 19 4 5
198 19 5 84
2464 19 5 62
870 19 5 53
2689 19 5 34
3276 19 5 27
1838 19 5 14
1492 19 5 5
3184 19 6 82
3907 19 6 72
4516 19 6 65
3319 19 6 55
1794 19 6 44
2800 19 6 34
1092 19 6 27
1311 19 6 14
1330 19 6 5
2744 19 7 82
3618 19 7 72
4341 19 7 65
2365 19 7 55
1404 19 7 44
2760 19 7 34
3199 19 7 26
1462 19 7 14
1257 19 7 5
4115 19 8 81
1658 19 8 68
726 19 8 59
124 19 8 49
3514 19 8 34
2993 19 8 26
120 19 8 14
1219 19 8 5
2970 19 9 80
4620 19 9 72
2716 19 9 65
1146 19 9 55
685 19 9 44
1747 19 9 34
1867 19 9 26
3998 19 9 13
1329 19 9 5
2538 19 10 80
3845 19 10 72
605 19 10 65
1064 19 10 55
170 19 10 44
1031 19 10 34
1651 19 10 26
2209 19 10 13
461 19 10 5
4234 19 11 79
2449 19 11 65
600 19 11 55
4532 19 11 43
1684 19 11 33
1179 19 11 20
8 19 11 11
3717 19 12 79
1096 19 12 65
470 19 12 55
4343 19 12 43
4527 19 12 32
4585 19 12 21
2563 19 12 7
2884 19 13 76
3601 19 13 62
366 19 13 53
3269 19 13 33
1111 19 13 20
4167 19 13 10
4230 19 14 72
4468 19 14 64
16 19 14 54
1045 19 14 43
1998 19 14 32
3249 19 14 21
483 19 14 7
1544 19 15 71
326 19 15 62
4587 19 15 52
2244 19 15 44
2919 19 15 33
838 19 15 20
3329 19 15 10
3326 19 16 70
1571 19 16 56
2340 19 16 47
737 19 16 37
1403 19 16 24
1823 19 16 14
4476 19 16 4
3627 19 17 63
3442 19 17 48
1390 19 17 36
1260 19 17 21
4618 19 17 6
2697 19 18 93
840 19 18 85
1976 19 18 75
898 19 18 61
142 19 18 48
3868 19 18 35
1458 19 18 23
3753 19 18 10
1339 19 19 93
4306 19 19 84
2009 19 19 62
2144 19 19 51
1159 19 19 39
4347 19 19 29
1312 19 19 21
4600 19 19 6
