2846
3144 0 0 98
5586 0 0 94
5804 0 0 91
5731 0 0 88
5854 0 0 85
5007 0 0 82
3254 0 0 80
4736 0 0 76
5743 0 0 73
2057 0 0 70
1925 0 0 67
1669 0 0 64
4925 0 0 61
4577 0 0 58
4344 0 0 55
543 0 0 53
1467 0 0 51
1202 0 0 49
4838 0 0 47
4111 0 0 44
2557 0 0 41
4247 0 0 38
920 0 0 35
5412 0 0 33
210 0 0 30
4466 0 0 28
3667 0 0 25
3815 0 0 23
5527 0 0 21
5703 0 0 17
2735 0 0 15
3666 0 0 12
5658 0 0 10
4690 0 0 8
2583 0 0 6
4515 0 0 3
5915 0 1 97
2669 0 1 93
2062 0 1 90
4805 0 1 88
5394 0 1 84
3948 0 1 82
5913 0 1 78
5464 0 1 74
4608 0 1 70
2205 0 1 66
3465 0 1 62
955 0 1 60
4554 0 1 56
5059 0 1 54
1344 0 1 52
3077 0 1 49
2027 0 1 47
1618 0 1 44
5357 0 1 40
5393 0 1 38
371 0 1 35
4253 0 1 33
2012 0 1 29
2845 0 1 26
571 0 1 24
5368 0 1 21
4750 0 1 17
4313 0 1 14
5762 0 1 12
3925 0 1 8
3510 0 1 4
2114 0 1 1
4162 0 2 97
836 0 2 93
1724 0 2 90
1214 0 2 87
4527 0 2 84
5093 0 2 80
3923 0 2 76
4367 0 2 73
5210 0 2 69
5229 0 2 66
257 0 2 62
3609 0 2 59
1774 0 2 56
252 0 2 54
5776 0 2 50
4322 0 2 48
871 0 2 46
975 0 2 44
5207 0 2 40
1498 0 2 37
168 0 2 34
2963 0 2 32
3164 0 2 28
5227 0 2 24
2171 0 2 21
3420 0 2 17
4564 0 2 12
3418 0 2 8
2514 0 2 4
3600 0 3 97
5755 0 3 92
5194 0 3 89
2577 0 3 87
4361 0 3 84
5458 0 3 79
1157 0 3 77
2693 0 3 73
4064 0 3 69
2459 0 3 66
2266 0 3 61
3901 0 3 58
3236 0 3 55
2924 0 3 52
938 0 3 49
1437 0 3 46
246 0 3 44
2987 0 3 40
5714 0 3 36
5286 0 3 33
1617 0 3 28
971 0 3 23
4427 0 3 20
3012 0 3 17
3554 0 3 12
3382 0 3 7
3717 0 3 4
2187 0 4 97
4004 0 4 92
5857 0 4 88
4981 0 4 84
3148 0 4 79
5859 0 4 76
4566 0 4 72
5511 0 4 69
5718 0 4 65
3218 0 4 63
4922 0 4 60
2032 0 4 56
5363 0 4 53
4759 0 4 50
5759 0 4 47
4902 0 4 43
2903 0 4 40
5564 0 4 36
5122 0 4 33
5150 0 4 27
4815 0 4 24
390 0 4 21
4818 0 4 16
1504 0 4 13
2999 0 4 10
4261 0 4 7
650 0 4 4
4847 0 5 96
5099 0 5 94
3610 0 5 91
5523 0 5 88
4339 0 5 84
5461 0 5 78
4280 0 5 74
3818 0 5 70
4986 0 5 65
2546 0 5 61
3745 0 5 58
5201 0 5 54
5296 0 5 50
345 0 5 47
4661 0 5 43
3762 0 5 39
4289 0 5 35
1189 0 5 33
2902 0 5 27
2719 0 5 24
3919 0 5 20
5627 0 5 15
5615 0 5 11
2166 0 5 9
5847 0 5 6
1074 0 5 3
4372 0 6 95
2632 0 6 93
759 0 6 90
5585 0 6 86
5448 0 6 82
4328 0 6 78
4138 0 6 74
1933 0 6 70
2982 0 6 65
5902 0 6 60
1306 0 6 56
2361 0 6 53
5234 0 6 49
830 0 6 46
5219 0 6 42
2682 0 6 38
5816 0 6 34
780 0 6 31
5076 0 6 29
5880 0 6 25
4947 0 6 21
2795 0 6 16
767 0 6 13
2278 0 6 10
2086 0 6 7
5700 0 6 3
3487 0 7 95
3133 0 7 91
4621 0 7 88
4201 0 7 84
5424 0 7 78
1614 0 7 74
1170 0 7 70
2774 0 7 65
5597 0 7 60
5473 0 7 55
882 0 7 52
3286 0 7 48
5434 0 7 45
103 0 7 43
2910 0 7 39
3302 0 7 35
4708 0 7 32
2253 0 7 28
915 0 7 23
5403 0 7 19
3789 0 7 16
4575 0 7 12
2834 0 7 7
4602 0 7 3
3208 0 8 95
1510 0 8 90
5167 0 8 86
2909 0 8 81
5878 0 8 78
5819 0 8 72
3367 0 8 69
5320 0 8 65
2703 0 8 60
4449 0 8 54
4995 0 8 50
219 0 8 47
1121 0 8 43
2140 0 8 39
2474 0 8 34
4606 0 8 30
3207 0 8 27
2521 0 8 24
4242 0 8 19
2423 0 8 16
4023 0 8 12
2436 0 8 7
3435 0 8 3
5244 0 9 94
1810 0 9 91
2983 0 9 88
1542 0 9 84
3732 0 9 78
4324 0 9 72
5293 0 9 68
4673 0 9 66
2573 0 9 60
3840 0 9 54
3591 0 9 50
5291 0 9 46
3660 0 9 42
1544 0 9 38
740 0 9 34
4249 0 9 30
4487 0 9 26
1884 0 9 23
2189 0 9 19
822 0 9 16
3892 0 9 12
2334 0 9 7
5689 0 9 2
3773 0 10 94
1526 0 10 91
1454 0 10 88
189 0 10 84
2340 0 10 78
3885 0 10 72
982 0 10 68
4596 0 10 65
2585 0 10 60
3172 0 10 54
1509 0 10 50
4473 0 10 46
3558 0 10 42
408 0 10 38
41 0 10 34
1056 0 10 30
5154 0 10 25
4592 0 10 21
692 0 10 16
3859 0 10 12
145 0 10 7
1707 0 10 2
2277 0 11 94
4682 0 11 90
2603 0 11 86
3720 0 11 80
3701 0 11 76
5647 0 11 71
1364 0 11 67
5028 0 11 63
4865 0 11 60
2624 0 11 54
1499 0 11 50
1879 0 11 46
2534 0 11 42
5598 0 11 36
4703 0 11 33
2638 0 11 27
1009 0 11 24
4241 0 11 19
3308 0 11 15
5240 0 11 11
5380 0 11 8
709 0 11 4
1778 0 12 94
3112 0 12 90
1208 0 12 86
3350 0 12 80
4446 0 12 75
2506 0 12 73
3830 0 12 69
2009 0 12 65
2323 0 12 60
1883 0 12 54
3953 0 12 49
5120 0 12 45
4321 0 12 42
5595 0 12 36
2587 0 12 33
1641 0 12 27
4697 0 12 23
1539 0 12 19
5785 0 12 14
5505 0 12 11
3018 0 12 8
691 0 12 4
402 0 13 94
969 0 13 90
3275 0 13 85
4850 0 13 82
2508 0 13 78
1866 0 13 72
539 0 13 68
4044 0 13 65
4559 0 13 59
4014 0 13 55
789 0 13 52
5918 0 13 47
306 0 13 43
4663 0 13 38
4178 0 13 33
1533 0 13 27
4424 0 13 23
501 0 13 19
4343 0 13 14
2116 0 13 11
3293 0 13 7
4393 0 13 1
324 0 14 94
379 0 14 90
2857 0 14 85
5520 0 14 81
5823 0 14 78
5829 0 14 71
1198 0 14 67
4514 0 14 63
2303 0 14 60
5495 0 14 53
4277 0 14 49
2464 0 14 45
5056 0 14 41
5166 0 14 37
4286 0 14 32
5459 0 14 27
4414 0 14 23
455 0 14 19
3874 0 14 14
1505 0 14 11
5193 0 14 6
1073 0 14 3
4876 0 15 93
5870 0 15 89
5269 0 15 85
4946 0 15 81
4082 0 15 78
681 0 15 71
3961 0 15 66
2065 0 15 60
4994 0 15 53
4332 0 15 48
2210 0 15 45
4653 0 15 41
3872 0 15 37
3375 0 15 32
37 0 15 27
4296 0 15 23
4547 0 15 18
2741 0 15 15
4808 0 15 11
2844 0 15 6
2718 0 15 2
4415 0 16 93
3363 0 16 89
4701 0 16 85
3569 0 16 81
5671 0 16 77
5625 0 16 72
4333 0 16 67
3890 0 16 63
116 0 16 60
2882 0 16 53
4269 0 16 48
1696 0 16 45
2785 0 16 41
1664 0 16 37
3205 0 16 32
5809 0 16 26
615 0 16 23
4117 0 16 18
460 0 16 15
5533 0 16 10
5398 0 16 6
2541 0 16 2
352 0 17 93
3214 0 17 89
4878 0 17 84
5067 0 17 77
4943 0 17 72
3905 0 17 67
3624 0 17 63
4811 0 17 59
3785 0 17 55
1335 0 17 51
4303 0 17 48
1360 0 17 45
1711 0 17 41
1086 0 17 37
1191 0 17 32
4836 0 17 26
5502 0 17 22
4548 0 17 19
3676 0 17 14
974 0 17 11
2003 0 17 6
5301 0 17 1
48 0 18 93
2616 0 18 89
1966 0 18 84
3759 0 18 77
4768 0 18 72
3250 0 18 67
1402 0 18 63
4509 0 18 59
788 0 18 55
1235 0 18 51
1182 0 18 48
4655 0 18 44
2244 0 18 40
317 0 18 36
1758 0 18 33
5828 0 18 26
2428 0 18 22
3335 0 18 19
670 0 18 14
858 0 18 11
1740 0 18 6
5162 0 18 1
5588 0 19 92
5565 0 19 88
4063 0 19 83
5619 0 19 81
3297 0 19 77
4250 0 19 72
2755 0 19 67
5858 0 19 62
526 0 19 59
3582 0 19 54
1995 0 19 49
5030 0 19 44
1511 0 19 40
3222 0 19 35
846 0 19 32
4489 0 19 26
1355 0 19 22
480 0 19 19
2716 0 19 12
4749 0 19 6
4534 0 19 1
4893 2 0 92
2346 2 0 88
1644 2 0 83
3621 2 0 80
3107 2 0 74
5899 2 0 69
621 2 0 65
2828 2 0 59
1741 2 0 54
862 2 0 49
4298 2 0 44
5036 2 0 39
67 2 0 34
683 2 0 30
2663 2 0 25
2179 2 0 21
49 2 0 16
3022 2 0 12
3287 2 0 6
4291 2 0 1
2885 2 1 92
534 2 1 88
3412 2 1 82
418 2 1 78
4916 2 1 70
1597 2 1 65
2694 2 1 59
1660 2 1 54
4481 2 1 48
3713 2 1 44
2443 2 1 39
5388 2 1 33
5794 2 1 26
4789 2 1 21
4888 2 1 15
4511 2 1 10
3544 2 1 6
2747 2 1 1
667 2 2 92
5206 2 2 87
1075 2 2 84
1004 2 2 77
3772 2 2 72
1403 2 2 67
4927 2 2 62
5810 2 2 58
3115 2 2 54
2833 2 2 48
3054 2 2 44
1282 2 2 39
3866 2 2 33
2524 2 2 26
2965 2 2 21
2906 2 2 15
4080 2 2 10
2245 2 2 6
2602 2 2 1
4923 2 3 91
1240 2 3 88
2737 2 3 82
106 2 3 78
3826 2 3 70
1238 2 3 65
2030 2 3 59
1055 2 3 54
4512 2 3 47
5463 2 3 42
4885 2 3 36
4898 2 3 32
1897 2 3 26
78 2 3 21
1876 2 3 15
4040 2 3 10
1260 2 3 6
2267 2 3 1
3965 2 4 91
5163 2 4 87
4656 2 4 83
2151 2 4 80
2691 2 4 74
4585 2 4 69
5480 2 4 64
4169 2 4 61
2294 2 4 58
2686 2 4 54
4395 2 4 47
4998 2 4 42
4305 2 4 36
4196 2 4 32
1392 2 4 26
5061 2 4 20
5224 2 4 15
4897 2 4 9
4217 2 4 5
722 2 4 2
570 2 5 91
3157 2 5 87
4174 2 5 83
4454 2 5 79
4187 2 5 76
5626 2 5 71
3371 2 5 66
613 2 5 60
2717 2 5 53
486 2 5 48
3069 2 5 43
3274 2 5 38
355 2 5 33
2209 2 5 26
4695 2 5 20
4896 2 5 15
3111 2 5 9
2794 2 5 5
4114 2 5 1
3429 2 6 90
2425 2 6 85
1890 2 6 81
1659 2 6 77
1554 2 6 72
934 2 6 67
4813 2 6 62
2408 2 6 58
201 2 6 54
4083 2 6 47
4369 2 6 42
2729 2 6 36
4054 2 6 32
1247 2 6 26
320 2 6 20
2243 2 6 15
1139 2 6 9
1832 2 6 5
2472 2 6 1
2887 2 7 90
1151 2 7 85
1973 2 7 80
2139 2 7 74
3427 2 7 69
5119 2 7 64
3934 2 7 61
4869 2 7 57
3268 2 7 54
3735 2 7 47
4342 2 7 42
2576 2 7 36
2201 2 7 32
736 2 7 26
286 2 7 20
879 2 7 15
237 2 7 9
516 2 7 5
1872 2 7 1
4840 2 9 89
1777 2 9 84
293 2 9 77
5370 2 9 71
891 2 9 66
4555 2 9 59
809 2 9 54
3531 2 9 47
3782 2 9 42
1762 2 9 36
1115 2 9 32
5508 2 9 25
5682 2 9 20
5832 2 9 13
419 2 9 10
5641 2 9 5
110 2 9 1
4563 2 10 89
5770 2 10 83
2457 2 10 79
3529 2 10 76
2923 2 10 71
477 2 10 66
4106 2 10 59
704 2 10 54
20 2 10 47
3552 2 10 42
14 2 10 36
484 2 10 32
3638 2 10 25
4210 2 10 20
3310 2 10 13
5522 2 10 9
2208 2 10 4
3426 2 11 89
5148 2 11 83
4634 2 11 78
3242 2 11 70
5283 2 11 64
5460 2 11 60
3072 2 11 52
1199 2 11 47
2270 2 11 42
4396 2 11 35
3628 2 11 31
3659 2 11 27
1892 2 11 23
2674 2 11 18
175 2 11 15
5843 2 11 8
5895 2 11 3
1906 2 14 89
3523 2 14 83
2606 2 14 78
2872 2 14 70
4584 2 14 64
1648 2 14 60
3071 2 14 52
5490 2 14 46
2034 2 14 42
2593 2 14 35
482 2 14 31
2315 2 14 27
1859 2 14 23
1338 2 14 18
3852 2 14 13
5366 2 14 9
1823 2 14 4
3406 2 15 88
997 2 15 82
4721 2 15 77
5013 2 15 71
5253 2 15 65
1444 2 15 59
5650 2 15 53
4152 2 15 47
5199 2 15 41
500 2 15 37
913 2 15 32
3442 2 15 25
3248 2 15 20
1722 2 15 13
567 2 15 9
5861 2 15 3
1747 2 16 88
2714 2 16 81
1394 2 16 77
2367 2 16 71
4958 2 16 65
1400 2 16 59
5079 2 16 53
2853 2 16 47
4855 2 16 41
4443 2 16 36
3455 2 16 31
1675 2 16 26
5426 2 16 19
2125 2 16 12
2615 2 16 6
886 2 16 1
1362 2 17 88
1085 2 17 81
5845 2 17 76
2466 2 17 71
4568 2 17 65
1315 2 17 59
4802 2 17 53
1317 2 17 47
4137 2 17 41
5139 2 17 35
5693 2 17 30
2202 2 17 25
3140 2 17 20
1491 2 17 13
3723 2 17 8
5544 2 17 3
27 2 18 88
195 2 18 81
2049 2 18 76
5644 2 18 70
4582 2 18 64
5654 2 18 59
3109 2 18 53
1008 2 18 47
1411 2 18 41
4966 2 18 35
3816 2 18 30
1005 2 18 25
2161 2 18 20
714 2 18 13
5624 2 18 7
3824 2 18 1
3724 2 19 87
2154 2 19 83
425 2 19 78
2838 2 19 70
4198 2 19 64
5335 2 19 59
2059 2 19 53
918 2 19 47
5080 2 19 40
2842 2 19 35
824 2 19 30
965 2 19 25
1162 2 19 20
5006 2 19 12
5798 2 19 5
581 3 0 87
1893 3 0 83
4747 3 0 77
773 3 0 71
4380 3 0 65
5750 3 0 58
5280 3 0 53
4212 3 0 46
5509 3 0 41
3935 3 0 35
5734 3 0 29
4715 3 0 25
1105 3 0 20
4929 3 0 12
4762 3 0 5
450 3 1 87
5465 3 1 82
4617 3 1 77
2058 3 1 70
3294 3 1 64
4702 3 1 59
1159 3 1 53
2055 3 1 46
5223 3 1 41
2178 3 1 35
5169 3 1 29
3828 3 1 25
5420 3 1 19
2103 3 1 12
2762 3 1 5
98 3 2 87
5198 3 2 82
3524 3 2 77
5292 3 2 69
3682 3 2 64
4638 3 2 59
959 3 2 53
5044 3 2 45
811 3 2 41
332 3 2 35
4216 3 2 29
2193 3 2 25
2953 3 2 19
1910 3 2 12
2102 3 2 5
5556 3 3 86
2230 3 3 80
1806 3 3 74
2563 3 3 69
3588 3 3 64
4542 3 3 59
734 3 3 53
4722 3 3 45
4413 3 3 40
2262 3 3 35
3262 3 3 29
1414 3 3 25
2892 3 3 19
837 3 3 12
2021 3 3 5
1475 3 4 86
661 3 4 80
1671 3 4 74
1025 3 4 69
2753 3 4 64
2302 3 4 59
3968 3 4 52
5204 3 4 46
5070 3 4 41
244 3 4 35
956 3 4 29
491 3 4 25
2516 3 4 19
5516 3 4 11
34 3 4 6
1294 3 5 86
5637 3 5 79
1752 3 5 76
4839 3 5 70
967 3 5 64
1952 3 5 59
3352 3 5 52
4700 3 5 46
4597 3 5 41
4252 3 5 34
398 3 5 30
4274 3 5 24
2288 3 5 19
2135 3 5 11
3581 3 5 5
119 3 6 86
5175 3 6 79
1345 3 6 76
1413 3 6 70
356 3 6 64
1742 3 6 59
3327 3 6 52
4599 3 6 46
4476 3 6 41
3106 3 6 34
277 3 6 30
1662 3 6 24
1967 3 6 19
1593 3 6 11
1239 3 6 5
8 3 7 86
4221 3 7 79
5484 3 7 75
5029 3 7 72
4912 3 7 66
3718 3 7 59
1065 3 7 52
4388 3 7 46
2992 3 7 41
2911 3 7 34
4144 3 7 29
4158 3 7 24
1615 3 7 19
273 3 7 11
439 3 7 5
3946 3 9 85
1961 3 9 80
1649 3 9 74
105 3 9 69
1273 3 9 64
4525 3 9 58
5082 3 9 53
3817 3 9 45
2219 3 9 39
2898 3 9 33
5100 3 9 25
1342 3 9 18
1153 3 9 13
5110 3 9 7
2319 3 9 1
2399 3 10 85
671 3 10 80
458 3 10 74
5657 3 10 68
3281 3 10 64
3942 3 10 58
5197 3 10 52
2279 3 10 46
2413 3 10 41
2858 3 10 34
1187 3 10 29
2051 3 10 24
1588 3 10 19
5909 3 10 10
5377 3 10 5
1012 3 11 85
4984 3 11 79
5341 3 11 75
4530 3 11 72
4190 3 11 66
3075 3 11 59
342 3 11 52
3058 3 11 45
842 3 11 39
2683 3 11 33
2007 3 11 25
1094 3 11 18
4809 3 11 12
3411 3 11 4
5648 3 14 84
247 3 14 77
5138 3 14 68
2109 3 14 64
3122 3 14 58
4375 3 14 52
2510 3 14 45
2848 3 14 38
288 3 14 33
343 3 14 25
3956 3 14 17
5640 3 14 11
4385 3 14 4
3050 3 15 84
5824 3 15 76
101 3 15 70
4720 3 15 63
3000 3 15 59
5188 3 15 51
4461 3 15 47
4976 3 15 40
457 3 15 35
4718 3 15 28
4133 3 15 22
1348 3 15 18
2053 3 15 12
2657 3 15 4
354 3 16 84
4639 3 16 76
5444 3 16 69
720 3 16 64
3083 3 16 58
1122 3 16 52
4445 3 16 44
254 3 16 39
2373 3 16 33
1889 3 16 24
1062 3 16 19
4120 3 16 10
3436 3 16 5
488 3 17 83
3451 3 17 77
4822 3 17 68
1702 3 17 64
2567 3 17 58
1119 3 17 52
3913 3 17 44
191 3 17 39
1416 3 17 33
1407 3 17 24
5575 3 17 18
2023 3 17 12
1595 3 17 4
3519 3 18 82
781 3 18 77
2916 3 18 67
1811 3 18 62
2092 3 18 58
415 3 18 52
1703 3 18 44
148 3 18 39
104 3 18 33
1100 3 18 24
5033 3 18 18
1523 3 18 12
5834 3 18 3
1805 3 19 82
4672 3 19 76
3915 3 19 69
46 3 19 64
5202 3 19 57
2016 3 19 53
3253 3 19 45
1575 3 19 38
220 3 19 33
1032 3 19 24
4486 3 19 18
1406 3 19 12
5831 3 19 3
705 4 7 82
3858 4 7 76
3373 4 7 69
5217 4 7 63
5737 4 7 58
5904 4 7 51
3688 4 7 47
4649 4 7 40
4224 4 7 34
5382 4 7 28
4108 4 7 21
762 4 7 15
3954 4 7 8
29 4 7 3
1093 4 11 81
5537 4 11 75
4478 4 11 72
3013 4 11 66
1748 4 11 59
4540 4 11 51
1390 4 11 47
4263 4 11 40
3744 4 11 34
4871 4 11 28
3584 4 11 21
3794 4 11 14
4492 4 11 10
3074 4 11 5
249 4 14 81
4572 4 14 75
461 4 14 72
2505 4 14 66
1378 4 14 59
4205 4 14 51
2195 4 14 46
1856 4 14 41
989 4 14 34
2085 4 14 28
2446 4 14 21
2831 4 14 14
1993 4 14 10
2997 4 14 5
3064 5 0 79
3602 5 0 75
3970 5 0 71
2533 5 0 65
5719 5 0 58
2722 5 0 51
907 5 0 46
1647 5 0 41
394 5 0 34
1725 5 0 28
5547 5 0 20
3751 5 0 12
2851 5 0 3
3043 5 1 79
828 5 1 75
1772 5 1 71
2082 5 1 65
4920 5 1 58
2695 5 1 51
38 5 1 46
668 5 1 41
5866 5 1 33
660 5 1 24
2787 5 1 18
748 5 1 12
1242 5 1 3
2821 5 2 79
94 5 2 75
4778 5 2 70
2000 5 2 63
4831 5 2 58
5777 5 2 50
4658 5 2 45
1141 5 2 38
5113 5 2 32
3598 5 2 24
221 5 2 18
739 5 2 12
12 5 2 3
3562 5 3 76
2708 5 3 69
4552 5 3 63
3943 5 3 58
3336 5 3 50
3245 5 3 45
364 5 3 38
4787 5 3 32
3506 5 3 24
4942 5 3 17
5372 5 3 11
3197 5 3 4
2763 5 4 75
4384 5 4 70
1790 5 4 63
3512 5 4 58
3080 5 4 50
3162 5 4 45
2655 5 4 37
5789 5 4 31
4807 5 4 25
814 5 4 17
4960 5 4 11
1896 5 4 4
3304 5 5 55
700 5 5 51
5131 5 5 45
2574 5 5 37
4070 5 5 31
3580 5 5 25
5542 5 5 16
5271 5 5 11
287 5 5 4
3687 5 7 47
4067 5 7 40
2803 5 7 34
1680 5 7 28
3082 5 7 20
2486 5 7 12
4459 5 7 2
3708 5 8 98
5022 5 8 94
140 5 8 90
5787 5 8 84
4623 5 8 76
1332 5 8 69
4436 5 8 63
2456 5 8 58
5841 5 8 49
3564 5 8 44
1686 5 8 38
4785 5 8 32
2450 5 8 24
2976 5 8 17
4038 5 8 11
3829 5 8 3
4853 5 9 97
881 5 9 92
2260 5 9 87
817 5 9 82
3175 5 9 76
964 5 9 69
2024 5 9 63
1887 5 9 58
4833 5 9 49
3517 5 9 44
890 5 9 38
3617 5 9 32
2404 5 9 24
226 5 9 17
3454 5 9 11
3346 5 9 3
3930 5 11 97
730 5 11 92
2095 5 11 87
2621 5 11 81
3642 5 11 75
3998 5 11 70
1688 5 11 63
898 5 11 58
1839 5 11 49
2575 5 11 44
316 5 11 38
5401 5 11 31
2650 5 11 25
5359 5 11 16
2598 5 11 11
1027 5 11 3
712 5 14 97
5128 5 14 91
1936 5 14 87
1821 5 14 81
1244 5 14 75
2939 5 14 70
5001 5 14 62
598 5 14 58
1792 5 14 49
1023 5 14 44
5701 5 14 37
4068 5 14 31
1861 5 14 25
4939 5 14 16
1188 5 14 11
4593 5 14 2
560 5 16 97
4074 5 16 91
1745 5 16 87
1278 5 16 81
5900 5 16 74
3893 5 16 68
5443 5 16 63
4341 5 16 57
5920 5 16 52
4058 5 16 43
3206 5 16 38
5324 5 16 31
3489 5 16 24
5072 5 16 16
5771 5 16 10
2862 5 16 5
4061 5 17 96
241 5 17 94
5670 5 17 89
2275 5 17 83
2943 5 17 77
2387 5 17 67
1583 5 17 62
5173 5 17 57
5309 5 17 52
3796 5 17 43
2048 5 17 38
5230 5 17 31
1798 5 17 24
4007 5 17 16
5258 5 17 10
5721 5 17 4
1775 5 18 96
1146 5 18 93
1289 5 18 89
1712 5 18 83
4360 5 18 76
5326 5 18 68
5246 5 18 63
3557 5 18 57
4614 5 18 52
3538 5 18 43
1098 5 18 38
4628 5 18 31
1340 5 18 24
2912 5 18 16
4338 5 18 10
2115 5 18 4
1268 5 19 96
5103 5 19 92
1064 5 19 87
368 5 19 81
5512 5 19 74
1066 5 19 68
4202 5 19 63
2070 5 19 57
4203 5 19 52
2907 5 19 43
404 5 19 38
4450 5 19 31
537 5 19 24
1795 5 19 16
2527 5 19 10
5568 5 19 3
5881 6 0 95
5911 6 0 89
807 6 0 83
3514 6 0 76
4513 6 0 68
3183 6 0 63
1902 6 0 57
2839 6 0 52
1631 6 0 43
4873 6 0 37
5893 6 0 30
3985 6 0 23
186 6 0 18
170 6 0 12
1663 6 0 2
5613 6 9 95
5628 6 9 89
769 6 9 83
1173 6 9 76
3583 6 9 68
3174 6 9 63
1771 6 9 57
2800 6 9 52
797 6 9 43
4468 6 9 37
5709 6 9 30
3495 6 9 23
3044 6 9 17
3385 6 9 11
229 6 9 2
5536 6 11 95
3516 6 11 89
4591 6 11 82
1916 6 11 76
3176 6 11 68
1010 6 11 63
689 6 11 57
2079 6 11 52
295 6 11 43
2793 6 11 37
4421 6 11 30
2589 6 11 23
2392 6 11 17
2929 6 11 11
4352 6 11 1
4964 6 13 95
1796 6 13 89
3980 6 13 82
1904 6 13 76
3078 6 13 68
5873 6 13 62
4349 6 13 57
1474 6 13 52
5493 6 13 42
1628 6 13 35
3800 6 13 28
2996 6 13 20
2411 6 13 12
5766 6 13 1
2169 6 14 95
120 6 14 89
3545 6 14 82
1881 6 14 76
741 6 14 68
5487 6 14 62
3243 6 14 57
1248 6 14 52
2220 6 14 42
496 6 14 35
3048 6 14 28
2637 6 14 20
1780 6 14 12
4503 6 14 1
1253 6 16 95
109 6 16 89
2866 6 16 82
895 6 16 76
494 6 16 68
5405 6 16 62
2769 6 16 57
4775 6 16 51
4603 6 16 45
1844 6 16 37
3765 6 16 30
1460 6 16 23
897 6 16 17
2628 6 16 11
3323 6 16 1
4727 6 17 94
2322 6 17 89
2448 6 17 82
699 6 17 76
176 6 17 68
4740 6 17 62
1184 6 17 57
4535 6 17 51
2817 6 17 45
1643 6 17 37
3151 6 17 30
1090 6 17 23
448 6 17 17
1432 6 17 11
1833 6 17 1
4669 6 18 94
1713 6 18 89
779 6 18 82
5765 6 18 75
2483 6 18 70
3906 6 18 62
30 6 18 57
3237 6 18 51
2497 6 18 45
1175 6 18 37
2995 6 18 30
5348 6 18 22
703 6 18 18
5772 6 18 11
5075 6 18 3
3105 6 19 94
4506 6 19 88
5821 6 19 80
3993 6 19 73
2977 6 19 69
1965 6 19 63
688 6 19 57
2482 6 19 51
2123 6 19 45
556 6 19 37
2985 6 19 30
4629 6 19 22
5698 6 19 17
958 6 19 11
3113 6 19 3
2320 7 0 94
1567 7 0 88
5581 7 0 80
3437 7 0 73
1252 7 0 69
977 7 0 63
163 7 0 57
1625 7 0 51
1921 7 0 45
4132 7 0 36
1860 7 0 31
5591 7 0 23
5002 7 0 16
2359 7 0 10
2886 7 0 3
1107 7 1 94
1311 7 1 88
5529 7 1 80
414 7 1 73
5836 7 1 68
1786 7 1 62
3216 7 1 56
657 7 1 53
2554 7 1 45
5797 7 1 35
3753 7 1 27
5347 7 1 22
5435 7 1 17
5779 7 1 10
5848 7 1 2
4319 7 2 93
4576 7 2 88
2545 7 2 80
341 7 2 73
4626 7 2 68
678 7 2 62
2417 7 2 56
4499 7 2 52
1399 7 2 42
3343 7 2 34
1430 7 2 28
1878 7 2 20
5681 7 2 11
3805 7 2 2
3478 7 3 93
4036 7 3 88
2351 7 3 80
2642 7 3 72
1114 7 3 66
5715 7 3 58
5144 7 3 48
2212 7 3 43
5869 7 3 36
1548 7 3 31
4519 7 3 23
4965 7 3 16
5696 7 3 9
5744 7 3 3
1154 7 4 93
2692 7 4 88
1286 7 4 80
5519 7 4 71
456 7 4 65
4012 7 4 58
5023 7 4 48
2127 7 4 43
5035 7 4 36
4734 7 4 30
4528 7 4 22
5155 7 4 17
4992 7 4 10
1409 7 4 2
738 7 5 93
929 7 5 88
834 7 5 80
4951 7 5 71
5665 7 5 64
4130 7 5 57
85 7 5 51
1852 7 5 45
5171 7 5 35
3677 7 5 27
5272 7 5 22
2312 7 5 17
5868 7 5 9
4864 7 5 3
31 7 6 93
675 7 6 88
5906 7 6 79
4650 7 6 74
391 7 6 68
107 7 6 62
192 7 6 56
2300 7 6 52
5222 7 6 41
5107 7 6 33
319 7 6 24
1185 7 6 16
4797 7 6 9
4830 7 6 3
4978 7 7 92
5417 7 7 86
3933 7 7 79
3979 7 7 74
91 7 7 68
4244 7 7 61
3466 7 7 57
5664 7 7 50
3030 7 7 45
3404 7 7 35
2503 7 7 27
4724 7 7 22
2273 7 7 17
3163 7 7 9
4088 7 7 3
2970 7 9 92
4890 7 9 86
3871 7 9 79
1891 7 9 74
4364 7 9 67
1431 7 9 62
5243 7 9 55
5570 7 9 50
2880 7 9 45
1300 7 9 35
2350 7 9 27
3988 7 9 22
821 7 9 17
2680 7 9 9
2182 7 9 3
2779 7 11 92
384 7 11 86
2612 7 11 79
1486 7 11 74
2388 7 11 67
776 7 11 62
5053 7 11 55
3780 7 11 50
2679 7 11 45
561 7 11 35
1596 7 11 27
2405 7 11 22
755 7 11 17
656 7 11 9
1030 7 11 3
2304 7 13 92
5431 7 13 85
4944 7 13 79
991 7 13 74
1605 7 13 67
5396 7 13 61
2469 7 13 57
2091 7 13 50
1449 7 13 45
4457 7 13 34
845 7 13 28
520 7 13 20
2859 7 13 11
470 7 13 2
5651 7 14 91
5573 7 14 86
1128 7 14 79
922 7 14 74
1249 7 14 67
5346 7 14 61
2064 7 14 57
64 7 14 50
1384 7 14 45
3699 7 14 33
4770 7 14 23
4620 7 14 16
4211 7 14 9
751 7 14 3
4050 7 16 91
4971 7 16 86
540 7 16 79
4987 7 16 73
1813 7 16 68
4029 7 16 61
5560 7 16 56
2194 7 16 52
4678 7 16 41
3918 7 16 33
4354 7 16 23
4314 7 16 16
3626 7 16 9
378 7 16 3
3675 8 13 91
3231 8 13 86
5885 8 13 78
2325 8 13 70
1447 8 13 62
4820 8 13 55
2040 8 13 50
4135 8 13 44
5078 8 13 37
1959 8 13 30
4206 8 13 22
4222 8 13 16
3103 8 13 9
5884 8 13 2
1753 8 14 91
202 8 14 86
5584 8 14 78
1130 8 14 70
1019 8 14 62
4175 8 14 55
1473 8 14 50
4091 8 14 44
3618 8 14 37
5739 8 14 29
1926 8 14 24
117 8 14 16
2523 8 14 9
3740 8 14 2
928 8 18 91
5304 8 18 85
4516 8 18 79
2733 8 18 73
628 8 18 68
3260 8 18 61
4993 8 18 56
2006 8 18 52
2917 8 18 40
1015 8 18 34
259 8 18 28
5840 8 18 19
3185 8 18 10
214 8 18 2
770 8 19 91
5109 8 19 85
1363 8 19 79
1827 8 19 73
392 8 19 68
2284 8 19 61
3716 8 19 56
5623 8 19 51
1656 8 19 45
1789 8 19 33
3574 8 19 23
3241 8 19 16
2218 8 19 9
3278 8 19 2
5557 9 0 90
3374 9 0 84
3974 9 0 76
81 9 0 68
557 9 0 61
3479 9 0 56
4728 9 0 51
1259 9 0 45
1563 9 0 33
3131 9 0 23
2724 9 0 16
1305 9 0 9
3269 9 0 2
5406 9 1 90
3184 9 1 84
3856 9 1 76
5645 9 1 67
4933 9 1 61
5203 9 1 55
538 9 1 50
3124 9 1 44
2391 9 1 37
4910 9 1 29
1652 9 1 24
5496 9 1 15
2993 9 1 8
5853 9 1 2
5209 9 2 90
5850 9 2 83
577 9 2 76
4185 9 2 67
4780 9 2 61
4955 9 2 55
165 9 2 50
5265 9 2 43
4742 9 2 36
3546 9 2 30
3969 9 2 22
3917 9 2 16
157 9 2 9
2592 9 2 2
4587 9 4 90
5453 9 4 83
2297 9 4 75
1537 9 4 70
5811 9 4 61
4308 9 4 55
5907 9 4 49
833 9 4 44
2120 9 4 37
4612 9 4 29
1183 9 4 24
5218 9 4 15
2494 9 4 8
4312 9 4 2
5541 9 5 89
4948 9 5 81
3200 9 5 74
1195 9 5 67
4086 9 5 61
43 9 5 55
5270 9 5 49
121 9 5 44
1800 9 5 37
3364 9 5 29
987 9 5 24
4432 9 5 15
2144 9 5 8
5580 9 5 1
4827 9 6 89
4615 9 6 81
2777 9 6 74
1087 9 6 67
2176 9 6 61
2792 9 6 54
4685 9 6 46
3909 9 6 40
4957 9 6 33
2754 9 6 23
2580 9 6 16
5478 9 6 8
4017 9 6 1
2622 9 7 89
2089 9 7 81
2150 9 7 74
4155 9 7 66
5355 9 7 58
4268 9 7 48
5837 9 7 42
2617 9 7 34
5898 9 7 27
1245 9 7 22
3704 9 7 16
4317 9 7 8
2143 9 7 1
2611 9 8 89
732 9 8 81
850 9 8 74
731 9 8 66
5170 9 8 58
2180 9 8 48
5090 9 8 42
2152 9 8 34
3413 9 8 27
5747 9 8 21
2772 9 8 14
4282 9 8 9
1256 9 8 2
156 9 9 89
3776 9 9 80
3814 9 9 71
3567 9 9 64
2967 9 9 57
4707 9 9 49
5756 9 9 43
3938 9 9 36
2948 9 9 30
3471 9 9 22
2989 9 9 16
3220 9 9 8
36 9 10 89
3244 9 10 80
2333 9 10 71
3461 9 10 64
2696 9 10 57
3912 9 10 49
5340 9 10 43
3786 9 10 36
2668 9 10 30
2677 9 10 22
2121 9 10 16
3407 9 10 7
5367 9 11 88
4799 9 11 79
1699 9 11 73
5164 9 11 67
2130 9 11 61
2031 9 11 54
1812 9 11 46
3566 9 11 40
4462 9 11 33
2269 9 11 23
1608 9 11 16
5395 9 11 6
4782 9 13 88
4723 9 13 79
5867 9 13 72
5452 9 13 65
2704 9 13 58
1374 9 13 48
5048 9 13 42
1668 9 13 34
1546 9 13 27
4219 9 13 21
2635 9 13 13
4471 9 13 7
4032 9 14 88
4664 9 14 79
4866 9 14 72
4918 9 14 65
1029 9 14 58
3700 9 14 47
3229 9 14 40
4060 9 14 33
1502 9 14 23
13 9 14 16
1293 9 14 6
2810 9 16 88
1607 9 16 79
4744 9 16 72
4410 9 16 65
395 9 16 58
2535 9 16 47
1997 9 16 40
3486 9 16 33
1127 9 16 23
5655 9 16 15
1987 9 16 8
606 9 17 88
1057 9 17 79
2364 9 17 72
3092 9 17 65
2004 9 17 57
3784 9 17 49
3845 9 17 43
3263 9 17 36
1564 9 17 30
4895 9 17 21
1226 9 17 13
3627 9 17 7
4156 9 18 87
4743 9 18 80
1528 9 18 71
2330 9 18 64
2500 9 18 57
1011 9 18 49
1168 9 18 43
3153 9 18 36
863 9 18 30
3135 9 18 21
727 9 18 13
3035 9 18 7
1863 9 19 87
1864 9 19 80
710 9 19 71
2170 9 19 64
963 9 19 57
573 9 19 49
5151 9 19 42
1101 9 19 34
126 9 19 27
4150 9 19 21
367 9 19 13
5152 9 19 6
638 10 0 87
1033 10 0 80
5571 10 0 70
4735 10 0 61
1728 10 0 54
444 10 0 46
2660 10 0 40
3031 10 0 33
99 10 0 23
4237 10 0 15
4124 10 0 7
2403 10 1 85
438 10 1 79
1292 10 1 72
1519 10 1 65
1941 10 1 57
16 10 1 49
4334 10 1 42
666 10 1 34
3806 10 1 26
4429 10 1 19
1490 10 1 10
5179 10 1 1
4033 10 2 84
1922 10 2 76
3344 10 2 67
2018 10 2 61
1006 10 2 54
4852 10 2 45
1078 10 2 33
3040 10 2 22
1165 10 2 16
497 10 2 6
4502 10 7 83
2285 10 7 75
225 10 7 70
3967 10 7 61
771 10 7 54
4306 10 7 45
5590 10 7 32
1192 10 7 24
4355 10 7 15
4116 10 7 7
4510 10 11 82
5337 10 11 75
5124 10 11 69
5545 10 11 62
3737 10 11 55
5178 10 11 49
3914 10 11 42
2697 10 11 33
5660 10 11 21
5360 10 11 12
4475 10 11 1
2890 10 13 82
5074 10 13 75
3526 10 13 69
3669 10 13 62
2744 10 13 55
4557 10 13 49
1899 10 13 42
1145 10 13 33
3492 10 13 21
4248 10 13 12
2531 10 13 1
718 10 14 82
4848 10 14 75
2250 10 14 69
3372 10 14 62
2131 10 14 55
3576 10 14 49
5727 10 14 41
3757 10 14 33
2778 10 14 21
3417 10 14 12
1912 10 14 1
4400 10 16 81
161 10 16 74
5851 10 16 65
63 10 16 57
5874 10 16 48
3639 10 16 42
5863 10 16 32
1034 10 16 24
4159 10 16 15
2377 10 16 7
4022 11 2 81
4652 11 2 73
323 11 2 67
868 11 2 61
465 11 2 54
3705 11 2 45
5245 11 2 32
5084 11 2 23
3456 11 2 15
1917 11 2 7
5786 11 4 80
5474 11 4 70
3877 11 4 61
4660 11 4 53
2442 11 4 45
3047 11 4 32
4909 11 4 23
4444 11 4 14
3795 11 4 9
887 11 4 2
2422 11 5 80
4713 11 5 70
2807 11 5 61
1937 11 5 53
1164 11 5 45
1429 11 5 32
961 11 5 23
3644 11 5 14
138 11 5 9
5485 11 5 1
1295 11 6 80
4300 11 6 70
1958 11 6 61
1573 11 6 53
1002 11 6 45
263 11 6 32
211 11 6 23
3199 11 6 14
4637 11 6 8
5208 11 7 79
4989 11 7 71
626 11 7 64
260 11 7 57
5362 11 7 48
1500 11 7 42
5477 11 7 32
5780 11 7 22
431 11 7 16
184 11 7 6
4326 11 9 79
3808 11 9 71
5673 11 9 63
5000 11 9 56
3249 11 9 51
662 11 9 45
4104 11 9 31
1744 11 9 23
1508 11 9 14
4625 11 9 8
3836 11 10 79
3594 11 10 71
1727 11 10 63
4730 11 10 56
2050 11 10 51
3683 11 10 44
1133 11 10 37
3257 11 10 29
5636 11 10 23
1313 11 10 14
3467 11 10 8
2163 11 11 78
951 11 11 70
1417 11 11 61
632 11 11 53
4714 11 11 44
282 11 11 37
1979 11 11 29
4522 11 11 23
4042 11 11 13
3086 11 11 6
4609 11 19 77
743 11 19 67
130 11 19 61
200 11 19 53
3522 11 19 44
4706 11 19 36
515 11 19 30
2938 11 19 21
4316 11 19 11
4337 11 19 1
910 12 0 77
5506 12 0 66
4941 12 0 58
2395 12 0 47
4846 12 0 39
5421 12 0 32
2847 12 0 22
4213 12 0 15
478 12 0 7
1655 12 2 75
4403 12 2 68
5620 12 2 60
2298 12 2 52
2360 12 2 40
2490 12 2 33
1418 12 2 21
4184 12 2 11
2529 12 2 1
5300 12 4 73
4751 12 4 66
2033 12 4 58
787 12 4 47
4428 12 4 39
4633 12 4 32
2398 12 4 22
4176 12 4 15
5802 12 4 6
5376 12 9 71
5009 12 9 62
2094 12 9 55
2855 12 9 49
4908 12 9 41
568 12 9 33
5887 12 9 20
2790 12 9 11
1990 12 9 1
5639 12 10 66
1126 12 10 58
565 12 10 47
3314 12 10 39
4075 12 10 32
1719 12 10 22
878 12 10 15
5535 12 10 6
1868 12 11 44
4480 12 11 36
5795 12 11 29
2437 12 11 23
2797 12 11 13
2927 12 11 6
4089 12 13 96
3497 12 13 92
4777 12 13 85
5813 12 13 78
269 12 13 70
865 12 13 61
5497 12 13 52
93 12 13 39
2519 12 13 32
1653 12 13 22
599 12 13 15
3712 12 13 6
1715 12 17 96
2952 12 17 92
4595 12 17 85
3857 12 17 78
199 12 17 70
381 12 17 61
4371 12 17 52
42 12 17 39
2462 12 17 32
5330 12 17 21
3891 12 17 11
1117 12 17 1
5239 12 19 95
4571 12 19 88
708 12 19 79
3167 12 19 71
5839 12 19 61
3093 12 19 52
3191 12 19 38
4189 12 19 31
849 12 19 23
998 12 19 13
1591 12 19 6
4018 13 0 95
1149 13 0 88
88 13 0 79
2222 13 0 71
5183 13 0 61
5753 13 0 51
3606 13 0 44
3958 13 0 36
5562 13 0 29
746 13 0 23
517 13 0 13
1551 13 0 6
4694 13 2 94
2823 13 2 87
2808 13 2 79
1809 13 2 71
804 13 2 61
4181 13 2 51
3377 13 2 44
1598 13 2 36
5101 13 2 29
4644 13 2 22
362 13 2 15
2891 13 2 6
4278 13 4 94
2783 13 4 87
2746 13 4 79
1708 13 4 71
5691 13 4 60
563 13 4 52
1458 13 4 38
3983 13 4 31
651 13 4 23
5315 13 4 12
1550 13 4 1
3459 13 6 94
1518 13 6 87
1968 13 6 79
1321 13 6 71
3799 13 6 60
5200 13 6 51
3123 13 6 44
5764 13 6 35
1565 13 6 27
3204 13 6 21
618 13 6 11
981 13 6 1
3267 13 7 94
4627 13 7 86
4373 13 7 78
3670 13 7 69
3238 13 7 62
575 13 7 55
2549 13 7 49
4095 13 7 41
5606 13 7 32
2354 13 7 21
4276 13 7 10
437 13 7 1
3203 13 9 94
1867 13 9 86
1894 13 9 78
3087 13 9 69
2198 13 9 62
167 13 9 55
2074 13 9 49
2802 13 9 41
4640 13 9 32
2069 13 9 21
2586 13 9 10
52 13 9 1
5134 13 11 93
5617 13 11 87
5855 13 11 78
1171 13 11 69
2172 13 11 62
4177 13 11 54
3596 13 11 45
3630 13 11 31
5916 13 11 22
3992 13 11 14
326 13 11 8
4816 13 13 93
2940 13 13 87
5706 13 13 78
4160 13 13 68
5095 13 13 60
4378 13 13 51
2915 13 13 44
4607 13 13 35
566 13 13 27
3073 13 13 21
2379 13 13 10
5252 13 13 1
4409 13 15 93
1377 13 15 87
5298 13 15 78
1124 13 15 68
3331 13 15 60
1099 13 15 51
2308 13 15 44
4143 13 15 35
5871 13 15 26
542 13 15 19
976 13 15 10
2157 13 15 1
2093 13 17 93
28 13 17 87
4967 13 17 78
945 13 17 68
3177 13 17 60
4491 13 17 50
5231 13 17 43
3136 13 17 36
3868 13 17 29
3182 13 17 22
3089 13 17 14
1512 13 17 7
1947 13 19 93
4671 13 19 86
1349 13 19 78
153 13 19 68
2331 13 19 60
3939 13 19 50
3477 13 19 43
1275 13 19 36
1848 13 19 29
1820 13 19 22
2335 13 19 14
843 13 19 7
1076 14 0 93
2947 14 0 86
595 14 0 78
4974 14 0 67
2816 14 0 60
3921 14 0 50
308 14 0 43
4817 14 0 35
5447 14 0 26
40 14 0 19
4027 14 0 9
1373 14 0 1
784 14 2 93
2688 14 2 86
3955 14 2 77
5168 14 2 66
5849 14 2 57
3996 14 2 48
5438 14 2 41
4832 14 2 31
4209 14 2 22
1464 14 2 14
1964 14 2 6
417 14 4 93
690 14 4 86
1320 14 4 77
5160 14 4 66
4938 14 4 57
2631 14 4 48
5408 14 4 41
4299 14 4 31
2378 14 4 22
313 14 4 14
1484 14 4 6
2971 14 6 92
4533 14 6 85
3126 14 6 78
4220 14 6 67
1943 14 6 60
4329 14 6 49
2374 14 6 41
4052 14 6 31
1632 14 6 22
5610 14 6 13
5140 14 6 5
2324 14 7 92
3844 14 7 85
1704 14 7 78
3754 14 7 67
1923 14 7 60
2784 14 7 49
1932 14 7 41
3719 14 7 31
1310 14 7 22
3034 14 7 13
4484 14 7 5
1903 14 9 92
1161 14 9 85
5662 14 9 77
4315 14 9 66
4411 14 9 57
5683 14 9 47
4497 14 9 38
2934 14 9 31
5601 14 9 21
2054 14 9 10
4709 14 11 91
4030 14 11 85
5567 14 11 77
3702 14 11 66
3686 14 11 57
2215 14 11 47
4394 14 11 38
1907 14 11 31
2495 14 11 21
1751 14 11 10
3464 14 13 91
309 14 13 85
2805 14 13 77
2345 14 13 66
3469 14 13 57
677 14 13 47
3563 14 13 38
673 14 13 31
1658 14 13 21
32 14 13 10
1455 14 15 91
4806 14 15 84
1210 14 15 76
3290 14 15 67
713 14 15 60
1181 14 15 49
1534 14 15 41
3161 14 15 31
564 14 15 21
5411 14 15 9
5105 14 17 90
5312 14 17 83
884 14 17 75
3547 14 17 68
2174 14 17 60
672 14 17 49
122 14 17 41
644 14 17 31
550 14 17 21
2758 14 17 9
2962 14 19 90
4254 14 19 83
5 14 19 75
2961 14 19 68
1781 14 19 60
24 14 19 49
21 14 19 41
4837 14 19 30
2556 14 19 21
1678 14 19 9
380 15 0 90
2561 15 0 83
5778 15 0 74
5656 15 0 65
3443 15 0 56
5501 15 0 50
4583 15 0 42
3134 15 0 32
943 15 0 21
4048 15 0 8
4099 15 6 89
2841 15 6 80
3193 15 6 70
3936 15 6 60
5712 15 6 48
4166 15 6 41
4580 15 6 30
2444 15 6 21
3227 15 6 8
3129 15 7 89
2017 15 7 79
141 15 7 71
2301 15 7 60
4581 15 7 48
3984 15 7 41
1236 15 7 30
62 15 7 21
2618 15 7 8
1271 15 13 89
1960 15 13 79
4422 15 13 70
1845 15 13 60
3975 15 13 48
1372 15 13 41
1160 15 13 30
5892 15 13 20
1000 15 13 11
4843 15 15 88
2889 15 15 78
3143 15 15 67
440 15 15 60
2299 15 15 48
17 15 15 41
4551 15 15 29
147 15 15 22
1200 15 15 13
3179 15 15 5
1720 15 17 88
3595 15 17 77
5783 15 17 65
3369 15 17 56
4110 15 17 50
3001 15 17 42
2481 15 17 32
607 15 17 21
4311 15 17 7
2579 16 0 87
4794 16 0 78
2941 16 0 67
5888 16 0 59
2421 16 0 51
1880 16 0 44
3284 16 0 35
4867 16 0 26
5790 16 0 18
3761 16 0 11
2259 16 1 87
1325 16 1 78
1830 16 1 67
5262 16 1 59
1581 16 1 51
1138 16 1 44
3258 16 1 35
3423 16 1 26
4310 16 1 18
3345 16 1 11
627 16 2 87
359 16 2 78
1166 16 2 67
4223 16 2 59
1186 16 2 51
3655 16 2 43
3622 16 2 35
3221 16 2 26
3403 16 2 18
2942 16 2 11
4011 16 3 86
196 16 3 77
2254 16 3 65
1477 16 3 56
3916 16 3 50
1667 16 3 42
1220 16 3 32
600 16 3 21
3671 16 3 7
2203 16 5 86
3823 16 5 76
5361 16 5 66
1415 16 5 57
5250 16 5 46
2571 16 5 40
434 16 5 33
4232 16 5 20
230 16 5 11
370 16 6 86
3273 16 6 76
5236 16 6 66
3128 16 6 56
1853 16 6 50
1088 16 6 42
4841 16 6 31
4416 16 6 20
4737 16 6 10
2781 16 7 85
2720 16 7 77
4161 16 7 64
4691 16 7 56
1692 16 7 50
924 16 7 42
3376 16 7 31
4412 16 7 19
2605 16 7 9
164 16 9 85
1569 16 9 77
3763 16 9 64
3349 16 9 56
5897 16 9 49
4318 16 9 40
4327 16 9 32
5578 16 9 20
4401 16 9 10
4455 16 10 84
137 16 10 76
1465 16 10 66
554 16 10 56
1765 16 10 49
4142 16 10 40
3053 16 10 32
3061 16 10 20
4001 16 10 10
1466 16 11 84
5311 16 11 75
2922 16 11 68
1622 16 11 60
1836 16 11 48
5685 16 11 40
1918 16 11 32
11 16 11 20
3045 16 11 10
4679 16 12 82
3577 16 12 75
1570 16 12 68
5716 16 12 59
919 16 12 51
1205 16 12 43
2075 16 12 35
940 16 12 26
3062 16 12 18
2145 16 12 11
1695 16 13 81
4365 16 13 73
3820 16 13 66
4979 16 13 55
251 16 13 49
3009 16 13 40
1507 16 13 32
4283 16 13 19
2597 16 13 9
2956 16 15 80
1901 16 15 70
932 16 15 60
1494 16 15 48
3104 16 15 40
1276 16 15 32
3678 16 15 19
1822 16 15 9
5842 16 17 79
3748 16 17 70
5917 16 17 59
416 16 17 51
931 16 17 43
1677 16 17 35
307 16 17 26
1799 16 17 18
1978 16 17 10
5279 16 18 79
2235 16 18 70
4200 16 18 59
353 16 18 51
471 16 18 43
1021 16 18 35
3880 16 18 25
4654 16 18 16
4154 16 18 5
5091 16 19 79
1479 16 19 70
3663 16 19 59
2782 16 19 50
923 16 19 42
2568 16 19 31
1070 16 19 19
4230 16 19 8
1634 17 3 79
443 17 3 70
3202 17 3 59
2775 17 3 50
5356 17 3 41
798 17 3 29
5815 17 3 21
5483 17 3 6
1939 17 5 78
803 17 5 67
2725 17 5 59
1842 17 5 50
4207 17 5 41
5094 17 5 28
4962 17 5 19
1196 17 5 8
1031 17 7 74
5577 17 7 65
5211 17 7 55
5500 17 7 48
2759 17 7 40
3758 17 7 30
4823 17 7 20
2047 17 7 10
3049 17 9 73
3559 17 9 66
3005 17 9 55
3742 17 9 48
944 17 9 40
3055 17 9 30
3775 17 9 20
1553 17 9 10
2937 17 13 73
2518 17 13 66
1783 17 13 55
3665 17 13 48
5042 17 13 39
1642 17 13 32
3636 17 13 19
653 17 13 8
1024 17 15 73
2496 17 15 66
208 17 15 55
3534 17 15 48
3747 17 15 39
914 17 15 32
3213 17 15 19
5358 17 15 7
1007 17 17 73
1981 17 17 66
4570 17 17 54
3381 17 17 45
5428 17 17 30
5738 17 17 19
3843 17 17 7
5328 17 18 71
2132 17 18 60
5017 17 18 47
2926 17 18 38
663 17 18 31
535 17 18 19
1665 17 18 7
1287 17 19 68
5344 17 19 59
1082 17 19 50
3770 17 19 41
4689 17 19 28
3769 17 19 19
5142 17 19 6
205 18 13 62
3743 18 13 54
2569 18 13 45
3781 18 13 30
4968 18 13 19
3450 18 13 6
3937 18 15 44
737 18 15 35
3004 18 15 25
4464 18 15 16
3142 18 15 5
4959 19 0 94
1716 19 0 86
2311 19 0 76
1054 19 0 66
2037 19 0 54
2134 19 0 45
2548 19 0 30
2869 19 0 19
2552 19 0 6
4056 19 1 94
5433 19 1 85
1284 19 1 77
3300 19 1 64
2629 19 1 56
1361 19 1 49
1487 19 1 40
1829 19 1 30
3932 19 1 18
297 19 1 10
421 19 2 94
5254 19 2 85
5531 19 2 76
796 19 2 66
799 19 2 54
1954 19 2 45
1446 19 2 27
2570 19 2 21
3572 19 2 6
4769 19 3 93
576 19 3 86
1203 19 3 76
9 19 3 66
5410 19 3 53
2705 19 3 44
4862 19 3 34
2893 19 3 26
489 19 3 18
3752 19 3 9
1316 19 4 93
396 19 4 86
682 19 4 76
4647 19 4 65
4336 19 4 55
3358 19 4 48
3091 19 4 39
15 19 4 32
410 19 4 19
2186 19 4 6
5835 19 5 92
609 19 5 85
1434 19 5 76
4049 19 5 65
3448 19 5 55
2854 19 5 48
2879 19 5 39
5725 19 5 31
5767 19 5 18
2044 19 5 9
5313 19 6 92
337 19 6 85
5678 19 6 75
1387 19 6 68
5321 19 6 59
388 19 6 50
4779 19 6 40
472 19 6 30
5331 19 6 17
272 19 6 9
4229 19 7 92
262 19 7 85
5549 19 7 75
231 19 7 68
4793 19 7 59
5196 19 7 49
5611 19 7 39
5108 19 7 31
4977 19 7 18
588 19 7 9
3194 19 8 92
5158 19 8 84
4109 19 8 75
72 19 8 68
4172 19 8 59
4273 19 8 49
5339 19 8 39
1520 19 8 31
875 19 8 18
328 19 8 9
2281 19 9 92
4019 19 9 84
3305 19 9 75
1840 19 9 67
1682 19 9 59
3042 19 9 49
2852 19 9 39
1246 19 9 31
5295 19 9 17
218 19 9 9
2111 19 10 92
3433 19 10 84
1873 19 10 75
4302 19 10 66
2764 19 10 53
1938 19 10 44
3533 19 10 34
774 19 10 26
5741 19 10 17
5530 19 10 8
904 19 11 92
2148 19 11 84
1706 19 11 75
3619 19 11 66
1492 19 11 53
1586 19 11 44
800 19 11 34
527 19 11 26
4574 19 11 17
5525 19 11 8
5699 19 12 91
3802 19 12 84
757 19 12 75
3396 19 12 66
2814 19 12 52
5228 19 12 37
3414 19 12 28
3402 19 12 19
5608 19 12 5
5226 19 13 91
3006 19 13 84
623 19 13 75
2904 19 13 66
5470 19 13 51
5812 19 13 42
54 19 13 31
1489 19 13 17
2925 19 13 8
3940 19 15 91
726 19 15 84
4975 19 15 74
4524 19 15 65
2731 19 15 55
2484 19 15 48
469 19 15 39
4999 19 15 30
4791 19 15 17
2160 19 15 8
2473 19 16 91
5092 19 16 83
5165 19 16 74
3792 19 16 65
2498 19 16 55
1604 19 16 48
4098 19 16 38
5212 19 16 30
4087 19 16 17
433 19 16 8
2251 19 17 91
4010 19 17 83
4463 19 17 74
3684 19 17 65
1028 19 17 55
1559 19 17 48
3457 19 17 38
4997 19 17 30
4028 19 17 17
3578 19 17 7
1913 19 18 91
4002 19 18 83
4149 19 18 74
2721 19 18 65
869 19 18 55
3834 19 18 47
2258 19 18 38
2949 19 18 30
3038 19 18 17
1398 19 18 7
826 19 19 91
3472 19 19 83
3154 19 19 74
2582 19 19 65
4901 19 19 54
1769 19 19 45
5205 19 19 26
3299 19 19 17
4858 19 19 6
