2379
1360 0 0 98
3534 0 0 96
3645 0 0 93
2890 0 0 90
17 0 0 86
2891 0 0 82
2586 0 0 80
2981 0 0 74
1163 0 0 70
1179 0 0 67
1684 0 0 65
3309 0 0 62
2786 0 0 59
2815 0 0 57
3370 0 0 54
3491 0 0 50
3446 0 0 48
687 0 0 45
3591 0 0 41
2128 0 0 39
3150 0 0 35
984 0 0 33
3556 0 0 30
3268 0 0 27
1442 0 0 23
3068 0 0 19
2265 0 0 17
3449 0 0 13
3014 0 0 10
417 0 0 8
2836 0 0 4
2644 0 0 1
3183 0 1 96
3031 0 1 93
2667 0 1 88
3020 0 1 84
3142 0 1 80
2045 0 1 74
3576 0 1 69
254 0 1 67
3970 0 1 64
456 0 1 60
3492 0 1 56
3959 0 1 52
2084 0 1 49
3505 0 1 46
3968 0 1 43
210 0 1 40
1239 0 1 38
745 0 1 36
1795 0 1 34
2534 0 1 30
2751 0 1 27
3275 0 1 22
2284 0 1 19
2799 0 1 16
1850 0 1 12
3041 0 1 8
1828 0 1 4
1769 0 2 96
2239 0 2 93
2511 0 2 87
3772 0 2 85
3698 0 2 82
1715 0 2 78
1826 0 2 75
462 0 2 72
2061 0 2 67
678 0 2 64
3056 0 2 59
1583 0 2 56
1487 0 2 52
2525 0 2 48
2259 0 2 44
2323 0 2 41
1471 0 2 38
414 0 2 35
1500 0 2 32
1129 0 2 29
3092 0 2 24
3914 0 2 21
582 0 2 18
2637 0 2 16
899 0 2 12
228 0 2 8
1695 0 2 4
3096 0 3 95
772 0 3 91
2358 0 3 88
2555 0 3 84
1858 0 3 79
3931 0 3 75
3121 0 3 71
773 0 3 67
187 0 3 64
2135 0 3 59
1000 0 3 56
1402 0 3 52
148 0 3 48
273 0 3 44
1820 0 3 41
3208 0 3 37
1297 0 3 34
2238 0 3 30
2306 0 3 27
2246 0 3 22
3515 0 3 18
2109 0 3 16
215 0 3 12
3413 0 3 7
3669 0 3 4
71 0 4 95
3590 0 4 90
3314 0 4 85
1791 0 4 82
3459 0 4 77
923 0 4 75
3100 0 4 71
3857 0 4 66
268 0 4 62
1649 0 4 59
2296 0 4 55
1335 0 4 53
1436 0 4 50
2927 0 4 48
3828 0 4 43
2177 0 4 38
1455 0 4 34
811 0 4 29
2167 0 4 24
2327 0 4 21
2453 0 4 17
960 0 4 13
3779 0 4 9
1223 0 4 6
3610 0 4 4
2929 0 5 94
3063 0 5 91
586 0 5 88
2037 0 5 84
1256 0 5 79
2542 0 5 75
3144 0 5 70
3664 0 5 66
852 0 5 60
3470 0 5 55
2479 0 5 52
2695 0 5 47
1083 0 5 44
1654 0 5 40
2748 0 5 37
110 0 5 34
710 0 5 29
1552 0 5 24
3913 0 5 20
1353 0 5 17
2942 0 5 12
201 0 5 7
3329 0 5 4
1564 0 6 94
3855 0 6 90
3611 0 6 84
330 0 6 79
1345 0 6 74
3404 0 6 69
195 0 6 66
3527 0 6 59
1097 0 6 55
1875 0 6 52
1963 0 6 47
3229 0 6 42
3322 0 6 39
3032 0 6 35
45 0 6 32
921 0 6 29
3367 0 6 23
2293 0 6 19
952 0 6 16
5 0 6 12
3637 0 6 6
2877 0 6 3
1092 0 7 94
3010 0 7 90
3053 0 7 84
1779 0 7 78
847 0 7 74
2221 0 7 68
3923 0 7 64
1394 0 7 59
3187 0 7 54
3224 0 7 50
3955 0 7 47
3138 0 7 42
1343 0 7 39
2622 0 7 35
3719 0 7 29
3522 0 7 22
1289 0 7 18
2276 0 7 14
3295 0 7 11
400 0 7 9
2888 0 7 5
524 0 8 94
2975 0 8 90
918 0 8 84
3537 0 8 77
2686 0 8 74
2370 0 8 67
3654 0 8 63
3577 0 8 58
3071 0 8 55
2320 0 8 51
2226 0 8 49
3423 0 8 46
2289 0 8 43
540 0 8 38
308 0 8 34
363 0 8 29
3426 0 8 22
483 0 8 18
2216 0 8 14
1196 0 8 10
2831 0 8 6
2278 0 8 3
3520 0 9 93
1212 0 9 87
2204 0 9 82
3094 0 9 77
3677 0 9 73
1439 0 9 71
2883 0 9 66
3165 0 9 59
3704 0 9 53
3747 0 9 49
2919 0 9 46
2244 0 9 43
3519 0 9 37
1610 0 9 33
3241 0 9 29
3145 0 9 22
1288 0 9 17
1251 0 9 12
2024 0 9 6
1796 0 9 3
2775 0 10 93
157 0 10 87
1138 0 10 82
2003 0 10 77
3646 0 10 73
798 0 10 71
1681 0 10 66
2894 0 10 59
3562 0 10 53
3702 0 10 49
1483 0 10 45
1401 0 10 41
3598 0 10 36
2964 0 10 33
532 0 10 29
2578 0 10 22
3089 0 10 16
3906 0 10 11
732 0 10 7
2598 0 10 4
1972 0 11 93
3829 0 11 86
1799 0 11 82
3989 0 11 76
3750 0 11 73
2585 0 11 69
2624 0 11 65
888 0 11 61
3192 0 11 59
3311 0 11 53
3699 0 11 49
3033 0 11 44
542 0 11 39
1642 0 11 35
3620 0 11 29
1802 0 11 22
2784 0 11 16
2342 0 11 11
1774 0 11 6
2658 0 11 2
2781 0 12 92
4 0 12 90
3729 0 12 83
2584 0 12 80
1313 0 12 74
2147 0 12 67
3448 0 12 62
1331 0 12 58
1382 0 12 55
173 0 12 51
1166 0 12 48
1218 0 12 43
48 0 12 37
2417 0 12 32
3432 0 12 27
2372 0 12 21
3894 0 12 16
2195 0 12 11
3178 0 12 5
1535 0 13 92
649 0 13 89
3482 0 13 87
1789 0 13 81
3354 0 13 77
3152 0 13 72
1255 0 13 67
3198 0 13 62
3375 0 13 57
2859 0 13 54
1819 0 13 50
2543 0 13 47
2068 0 13 42
3676 0 13 38
1524 0 13 33
3580 0 13 28
618 0 13 26
1174 0 13 21
2643 0 13 16
827 0 13 11
2934 0 13 5
1094 0 14 92
3929 0 14 88
1121 0 14 84
2700 0 14 77
3001 0 14 72
910 0 14 67
2274 0 14 62
1195 0 14 57
1152 0 14 53
2447 0 14 49
2258 0 14 44
512 0 14 39
1485 0 14 35
1639 0 14 29
1724 0 14 22
2691 0 14 16
379 0 14 11
2750 0 14 5
3330 0 15 91
454 0 15 87
1063 0 15 81
978 0 15 77
3651 0 15 71
1061 0 15 66
541 0 15 59
2841 0 15 53
2042 0 15 49
1861 0 15 43
2448 0 15 36
316 0 15 33
3510 0 15 28
3067 0 15 25
1178 0 15 23
1031 0 15 19
663 0 15 16
3136 0 15 10
2433 0 15 6
1390 0 15 2
2659 0 16 91
3504 0 16 86
2389 0 16 81
156 0 16 77
2292 0 16 71
865 0 16 66
486 0 16 59
2467 0 16 53
1435 0 16 49
88 0 16 43
2066 0 16 36
3740 0 16 32
1790 0 16 27
24 0 16 21
1200 0 16 16
2499 0 16 10
1547 0 16 6
1002 0 16 2
2509 0 17 91
1839 0 17 86
72 0 17 81
3373 0 17 76
2795 0 17 72
191 0 17 67
3431 0 17 61
3587 0 17 58
2027 0 17 54
441 0 17 50
1787 0 17 47
577 0 17 41
1341 0 17 36
986 0 17 31
2810 0 17 29
738 0 17 22
1707 0 17 16
2307 0 17 10
3969 0 17 5
801 0 18 91
722 0 18 86
3938 0 18 80
682 0 18 74
2057 0 18 67
2594 0 18 61
2156 0 18 58
2019 0 18 54
3830 0 18 49
2034 0 18 42
1115 0 18 38
1170 0 18 33
1155 0 18 28
3773 0 18 24
684 0 18 20
3090 0 18 15
3958 0 18 10
3473 0 18 5
630 0 19 91
2840 0 19 85
3600 0 19 81
2697 0 19 76
930 0 19 72
154 0 19 67
282 0 19 61
302 0 19 58
1863 0 19 54
3472 0 19 49
422 0 19 42
3709 0 19 37
1701 0 19 32
1077 0 19 27
3910 0 19 20
1982 0 19 15
3921 0 19 10
2874 0 19 5
3298 2 0 90
2020 2 0 83
1108 2 0 79
66 2 0 73
3317 2 0 68
2129 2 0 64
431 2 0 59
1658 2 0 53
2373 2 0 48
3951 2 0 42
1515 2 0 37
1581 2 0 32
1736 2 0 26
719 2 0 21
884 2 0 16
2242 2 0 10
2140 2 0 5
1985 2 1 89
1284 2 1 85
928 2 1 81
2006 2 1 76
782 2 1 72
3540 2 1 66
329 2 1 59
392 2 1 53
1579 2 1 48
3878 2 1 42
373 2 1 37
3889 2 1 31
3207 2 1 28
3333 2 1 24
1318 2 1 19
2639 2 1 14
7 2 1 10
977 2 1 5
1158 2 3 89
1244 2 3 85
3769 2 3 80
265 2 3 74
1621 2 3 67
3109 2 3 60
2990 2 3 55
3133 2 3 50
3604 2 3 46
3496 2 3 42
86 2 3 37
3573 2 3 31
2698 2 3 26
1573 2 3 20
1860 2 3 15
3212 2 3 9
52 2 3 5
3917 2 4 88
319 2 4 84
1373 2 4 77
576 2 4 71
3888 2 4 65
3602 2 4 60
2439 2 4 55
476 2 4 50
3818 2 4 45
697 2 4 41
3365 2 4 35
1269 2 4 29
401 2 4 22
843 2 4 16
3641 2 4 9
2010 2 4 4
3854 2 7 88
565 2 7 83
1023 2 7 79
3463 2 7 72
2491 2 7 66
139 2 7 59
3732 2 7 52
1507 2 7 46
3978 2 7 41
1279 2 7 35
2880 2 7 28
2540 2 7 24
465 2 7 19
508 2 7 13
1600 2 7 9
3887 2 7 3
3615 2 8 88
3633 2 8 82
3726 2 8 76
726 2 8 72
1549 2 8 66
2769 2 8 58
2816 2 8 53
3766 2 8 47
2971 2 8 40
1623 2 8 37
2970 2 8 30
3476 2 8 25
658 2 8 22
3920 2 8 15
1732 2 8 9
3359 2 8 3
1206 2 12 88
2818 2 12 82
2954 2 12 76
635 2 12 71
1372 2 12 65
2848 2 12 60
1247 2 12 55
3489 2 12 49
167 2 12 42
3523 2 12 36
2652 2 12 30
447 2 12 25
1935 2 12 21
551 2 12 16
1555 2 12 9
2098 2 12 3
931 2 13 88
234 2 13 82
1379 2 13 76
3775 2 13 70
675 2 13 66
2279 2 13 58
614 2 13 53
3627 2 13 47
1020 2 13 40
2913 2 13 36
2101 2 13 30
435 2 13 25
812 2 13 21
127 2 13 16
3606 2 13 8
662 2 13 4
206 2 15 88
2225 2 15 81
1964 2 15 76
3064 2 15 70
2717 2 15 64
3081 2 15 58
3103 2 15 52
74 2 15 46
3953 2 15 41
43 2 15 35
1559 2 15 28
1777 2 15 24
3143 2 15 18
673 2 15 14
2490 2 15 9
1527 2 15 3
49 2 16 88
559 2 16 81
421 2 16 76
1730 2 16 70
2120 2 16 63
1834 2 16 58
3003 2 16 52
3532 2 16 45
679 2 16 41
3653 2 16 34
2707 2 16 28
2601 2 16 23
602 2 16 19
3832 2 16 12
2016 2 16 6
3454 2 16 1
3500 2 19 87
1430 2 19 80
3614 2 19 73
595 2 19 68
1477 2 19 64
1883 2 19 58
2776 2 19 52
3516 2 19 45
2854 2 19 40
2710 2 19 36
1145 2 19 30
3869 2 19 24
2159 2 19 18
3052 2 19 13
1177 2 19 9
3128 2 19 2
911 3 0 87
1029 3 0 80
2701 3 0 73
2752 3 0 67
2998 3 0 60
3541 3 0 54
2853 3 0 49
3292 3 0 41
2897 3 0 34
2512 3 0 28
1315 3 0 22
3868 3 0 15
834 3 0 9
2281 3 0 2
2058 3 4 86
3734 3 4 80
1209 3 4 73
771 3 4 67
2095 3 4 60
1749 3 4 54
2361 3 4 49
980 3 4 41
3768 3 4 33
1144 3 4 28
2858 3 4 21
937 3 4 15
3420 3 4 8
3395 3 4 3
1970 3 7 86
2653 3 7 79
1308 3 7 72
3326 3 7 64
1354 3 7 58
3877 3 7 51
3035 3 7 47
611 3 7 40
382 3 7 36
890 3 7 30
3184 3 7 24
2123 3 7 18
2458 3 7 13
3170 3 7 8
1207 3 7 3
530 3 8 86
2638 3 8 79
14 3 8 72
935 3 8 64
1106 3 8 58
3825 3 8 51
341 3 8 46
2367 3 8 41
1377 3 8 33
3378 3 8 27
3458 3 8 20
994 3 8 15
3327 3 8 8
1099 3 8 3
3233 3 10 85
2402 3 10 80
915 3 10 73
2605 3 10 66
1355 3 10 58
1248 3 10 51
160 3 10 46
3424 3 10 40
375 3 10 36
3328 3 10 29
314 3 10 22
2138 3 10 15
3155 3 10 8
905 3 10 3
693 3 12 85
2125 3 12 80
573 3 12 73
1608 3 12 66
1044 3 12 58
413 3 12 51
3800 3 12 45
2250 3 12 40
2399 3 12 34
2418 3 12 28
2344 3 12 21
650 3 12 15
3122 3 12 8
3255 3 12 2
1798 3 13 83
3013 3 13 78
3116 3 13 73
1071 3 13 66
3721 3 13 57
968 3 13 53
3282 3 13 47
3781 3 13 39
800 3 13 35
1125 3 13 28
1884 3 13 21
3950 3 13 14
1995 3 13 9
2175 3 13 2
3205 3 15 82
3501 3 15 75
3512 3 15 69
214 3 15 65
2212 3 15 60
625 3 15 54
2297 3 15 49
750 3 15 41
969 3 15 33
1914 3 15 27
3236 3 15 20
709 3 15 15
2469 3 15 8
2898 3 15 2
2838 3 16 80
3456 3 16 72
1268 3 16 63
469 3 16 58
3603 3 16 50
3752 3 16 45
32 3 16 40
2642 3 16 32
2867 3 16 25
3245 3 16 20
221 3 16 15
1514 3 16 8
2426 3 16 1
179 3 19 79
3065 3 19 71
2463 3 19 64
3701 3 19 57
3896 3 19 52
3392 3 19 45
2193 3 19 39
3927 3 19 34
2268 3 19 28
448 3 19 21
424 3 19 14
1346 3 19 9
1880 3 19 2
3712 4 0 78
3055 4 0 73
3731 4 0 65
2150 4 0 60
149 4 0 54
790 4 0 49
3797 4 0 40
1531 4 0 32
1759 4 0 24
1859 4 0 18
1309 4 0 11
2329 4 0 5
3137 4 2 78
2595 4 2 73
3166 4 2 65
78 4 2 60
3565 4 2 53
1496 4 2 47
2516 4 2 39
2657 4 2 34
1231 4 2 28
2914 4 2 20
2785 4 2 14
2716 4 2 8
1910 4 2 1
2247 4 3 61
3985 4 3 57
3054 4 3 52
3164 4 3 45
1135 4 3 39
2346 4 3 34
3898 4 3 27
3160 4 3 20
2077 4 3 14
2483 4 3 8
1666 4 3 1
2832 4 4 97
3713 4 4 95
3513 4 4 90
1062 4 4 83
1844 4 4 78
2410 4 4 73
2821 4 4 65
2252 4 4 59
2009 4 4 52
3119 4 4 44
3408 4 4 38
2977 4 4 32
893 4 4 24
988 4 4 18
1198 4 4 11
1686 4 4 5
2974 4 5 96
627 4 5 93
2824 4 5 86
1001 4 5 79
2822 4 5 71
1952 4 5 64
3210 4 5 57
2536 4 5 52
2681 4 5 44
1731 4 5 38
2670 4 5 32
3836 4 5 23
2885 4 5 18
404 4 5 11
1171 4 5 5
1956 4 7 96
61 4 7 93
1201 4 7 86
981 4 7 79
2478 4 7 71
1041 4 7 64
2456 4 7 57
196 4 7 52
1916 4 7 44
621 4 7 38
1971 4 7 32
3466 4 7 23
2864 4 7 18
2466 4 7 10
3110 4 7 4
704 4 8 96
1437 4 8 92
1463 4 8 87
437 4 8 80
2804 4 8 72
859 4 8 63
2115 4 8 56
1842 4 8 51
3291 4 8 45
1311 4 8 38
499 4 8 32
3763 4 8 22
1523 4 8 15
3722 4 8 7
706 4 8 4
2396 4 10 95
3369 4 10 90
1897 4 10 82
2475 4 10 75
3157 4 10 69
3639 4 10 64
1760 4 10 57
1903 4 10 51
2485 4 10 45
767 4 10 38
3007 4 10 31
2113 4 10 26
1246 4 10 20
2049 4 10 14
1010 4 10 8
1643 4 10 1
1816 4 13 95
1036 4 13 90
866 4 13 82
1745 4 13 75
1480 4 13 69
3355 4 13 64
3760 4 13 56
1823 4 13 51
1476 4 13 45
478 4 13 38
2253 4 13 30
3087 4 13 24
490 4 13 18
2176 4 13 10
3080 4 13 4
1263 4 14 95
880 4 14 90
652 4 14 82
107 4 14 75
953 4 14 69
1534 4 14 64
1879 4 14 56
646 4 14 51
1409 4 14 45
3881 4 14 37
1168 4 14 30
2620 4 14 24
3286 4 14 17
3684 4 14 11
211 4 14 5
1102 4 16 95
322 4 16 90
2146 4 16 81
174 4 16 76
3550 4 16 69
1089 4 16 64
990 4 16 56
1923 4 16 50
2908 4 16 45
3625 4 16 37
479 4 16 30
1894 4 16 24
2336 4 16 17
3186 4 16 11
3046 4 16 4
822 4 19 95
3648 4 19 89
402 4 19 85
787 4 19 79
2183 4 19 71
1710 4 19 63
1735 4 19 56
3861 4 19 49
2763 4 19 40
511 4 19 32
3571 4 19 22
1277 4 19 15
1215 4 19 7
600 4 19 4
2271 5 0 94
2524 5 0 90
1758 5 0 81
3351 5 0 75
655 5 0 69
737 5 0 64
2179 5 0 55
2551 5 0 49
1407 5 0 40
485 5 0 32
1887 5 0 22
603 5 0 15
351 5 0 7
132 5 0 3
1281 5 1 94
470 5 1 90
161 5 1 81
2727 5 1 75
350 5 1 69
3127 5 1 63
774 5 1 56
3403 5 1 49
3044 5 1 39
1016 5 1 34
3656 5 1 27
2778 5 1 20
1755 5 1 14
3859 5 1 7
1721 5 1 2
1012 5 2 94
1128 5 2 89
344 5 2 85
40 5 2 79
3930 5 2 70
233 5 2 63
616 5 2 56
2528 5 2 49
2090 5 2 39
386 5 2 34
3018 5 2 27
1334 5 2 20
601 5 2 14
1413 5 2 7
294 5 2 2
829 5 3 94
3438 5 3 88
3447 5 3 80
358 5 3 72
118 5 3 63
3685 5 3 55
2189 5 3 49
1873 5 3 38
1674 5 3 30
1408 5 3 24
1840 5 3 17
2916 5 3 11
1380 5 3 4
783 5 7 94
3084 5 7 88
531 5 7 80
819 5 7 71
970 5 7 63
3388 5 7 55
2063 5 7 49
3552 5 7 37
3675 5 7 29
3739 5 7 21
3276 5 7 13
2764 5 7 8
270 5 7 1
3742 5 8 93
3379 5 8 85
2907 5 8 78
2078 5 8 73
2435 5 8 65
303 5 8 59
1314 5 8 52
442 5 8 44
961 5 8 37
1078 5 8 29
2693 5 8 21
2931 5 8 13
2706 5 8 8
230 5 8 1
2357 5 10 93
3048 5 10 85
2474 5 10 78
1499 5 10 73
757 5 10 65
2245 5 10 58
3461 5 10 50
2496 5 10 45
2661 5 10 37
1009 5 10 29
1425 5 10 21
2076 5 10 13
2283 5 10 8
1640 5 10 1
1676 5 11 93
2053 5 11 85
1891 5 11 78
1021 5 11 73
660 5 11 65
1728 5 11 58
3140 5 11 50
1113 5 11 45
3907 5 11 36
1460 5 11 29
3564 5 11 20
3873 5 11 13
2119 5 11 8
3225 5 11 1
1173 5 12 93
1683 5 12 85
3694 5 12 77
733 5 12 70
3973 5 12 62
826 5 12 57
1545 5 12 51
1329 5 12 45
2375 5 12 36
1351 5 12 29
1974 5 12 20
2953 5 12 13
1386 5 12 8
251 5 18 93
3126 5 18 84
3814 5 18 76
3043 5 18 69
2564 5 18 62
288 5 18 57
1479 5 18 51
853 5 18 45
464 5 18 36
2365 5 18 28
1319 5 18 20
2161 5 18 13
3972 5 18 7
158 5 19 93
2794 5 19 84
3415 5 19 76
2093 5 19 69
2260 5 19 62
3263 5 19 56
2395 5 19 49
2572 5 19 37
101 5 19 29
1073 5 19 20
2519 5 19 12
3945 5 19 5
3764 6 8 92
714 6 8 87
361 6 8 80
788 6 8 71
3988 6 8 62
2566 6 8 56
1624 6 8 49
68 6 8 36
1192 6 8 28
3536 6 8 19
3455 6 8 12
2912 6 8 5
3649 6 9 92
592 6 9 87
3880 6 9 79
3538 6 9 70
3125 6 9 62
1955 6 9 56
3385 6 9 48
3843 6 9 42
2922 6 9 36
751 6 9 28
3130 6 9 19
2744 6 9 12
2191 6 9 5
2446 6 10 92
2761 6 10 86
666 6 10 79
1889 6 10 70
1765 6 10 62
1570 6 10 56
1633 6 10 48
2215 6 10 42
2553 6 10 35
1101 6 10 28
1900 6 10 19
2158 6 10 12
2185 6 10 5
2199 6 11 92
2530 6 11 85
2507 6 11 77
2546 6 11 69
1771 6 11 62
222 6 11 56
1577 6 11 48
2087 6 11 42
2350 6 11 35
493 6 11 28
956 6 11 19
1444 6 11 12
2079 6 11 5
3758 6 12 91
2826 6 12 85
2126 6 12 77
1807 6 12 69
1140 6 12 62
3542 6 12 55
1945 6 12 49
3518 6 12 34
3417 6 12 26
868 6 12 20
850 6 12 12
1994 6 12 5
796 6 13 91
1763 6 13 85
1191 6 13 77
1648 6 13 69
2704 6 13 61
3502 6 13 57
367 6 13 51
458 6 13 45
2263 6 13 35
405 6 13 28
760 6 13 19
1184 6 13 12
3284 6 13 4
113 6 14 91
3624 6 14 84
3278 6 14 76
1383 6 14 69
1208 6 14 61
2683 6 14 57
3623 6 14 50
2948 6 14 43
236 6 14 36
436 6 14 28
3364 6 14 18
1673 6 14 10
2377 6 14 4
30 6 15 91
1738 6 15 84
1392 6 15 76
3310 6 15 68
3986 6 15 63
1831 6 15 55
951 6 15 49
274 6 15 34
2950 6 15 26
165 6 15 20
1154 6 15 11
676 6 15 4
1501 6 16 90
3412 6 16 80
2187 6 16 70
934 6 16 62
3230 6 16 55
544 6 16 49
3546 6 16 33
1618 6 16 27
570 6 16 20
671 6 16 11
668 6 16 4
1336 6 18 90
2634 6 18 80
1299 6 18 70
3182 6 18 61
3273 6 18 56
3934 6 18 46
1126 6 18 40
3508 6 18 31
814 6 18 26
3030 6 18 19
3882 6 18 11
271 6 18 4
1572 7 3 88
3886 7 3 79
1772 7 3 70
1852 7 3 61
3216 7 3 56
3816 7 3 46
2951 7 3 39
2928 7 3 33
2332 7 3 26
1835 7 3 19
2712 7 3 11
3237 7 3 3
869 7 5 88
3824 7 5 79
1498 7 5 69
945 7 5 61
2980 7 5 56
2723 7 5 46
2484 7 5 39
224 7 5 33
117 7 5 26
1517 7 5 19
3944 7 5 10
2294 7 5 4
2303 7 6 87
2596 7 6 79
1024 7 6 69
369 7 6 61
2571 7 6 56
1348 7 6 46
1003 7 6 39
56 7 6 33
3238 7 6 25
3102 7 6 20
3707 7 6 10
1646 7 6 4
1464 7 7 87
1941 7 7 79
343 7 7 69
2520 7 7 60
605 7 7 53
1350 7 7 47
336 7 7 39
3871 7 7 32
1538 7 7 22
144 7 7 15
253 7 7 7
3338 8 1 86
510 8 1 79
3425 8 1 67
410 8 1 60
954 8 1 52
320 8 1 44
3850 8 1 36
145 8 1 28
2554 8 1 18
3040 8 1 9
558 8 1 2
2374 8 3 86
406 8 3 79
3211 8 3 67
287 8 3 60
371 8 3 52
1312 8 3 43
3599 8 3 35
248 8 3 28
27 8 3 18
2768 8 3 9
423 8 3 2
2249 8 4 86
365 8 4 79
1766 8 4 67
50 8 4 60
1784 8 4 51
2817 8 4 44
3672 8 4 36
3313 8 4 27
304 8 4 20
3105 8 4 10
1232 8 4 4
3316 8 5 85
861 8 5 77
1241 8 5 69
2273 8 5 60
1727 8 5 51
1776 8 5 44
3579 8 5 36
799 8 5 27
3497 8 5 19
2823 8 5 10
2845 8 5 3
1443 8 6 84
505 8 6 76
3131 8 6 68
3115 8 6 63
3475 8 6 54
2994 8 6 48
1833 8 6 42
3549 8 6 34
2326 8 6 26
3061 8 6 18
1574 8 6 9
2820 8 6 1
563 8 7 84
3478 8 7 75
3632 8 7 68
1691 8 7 63
2955 8 7 54
1124 8 7 48
2409 8 7 41
713 8 7 33
2565 8 7 25
2203 8 7 20
2318 8 7 10
1066 8 7 3
2459 8 9 83
267 8 9 78
387 8 9 73
2709 8 9 64
2001 8 9 55
3559 8 9 48
507 8 9 41
3960 8 9 32
3844 8 9 21
446 8 9 13
2757 8 9 7
1013 8 13 81
2256 8 13 75
219 8 13 68
381 8 13 63
2796 8 13 54
1100 8 13 48
2200 8 13 40
2949 8 13 31
212 8 13 26
3011 8 13 18
735 8 13 9
2702 8 13 1
689 8 14 81
1905 8 14 75
3730 8 14 67
34 8 14 60
1631 8 14 51
1655 8 14 44
2909 8 14 36
638 8 14 27
2593 8 14 19
3703 8 14 9
2486 8 14 1
1183 8 16 79
3393 8 16 66
3558 8 16 57
2741 8 16 49
3609 8 16 32
3840 8 16 21
2137 8 16 12
3004 8 16 4
1047 8 17 79
2696 8 17 66
845 8 17 57
292 8 17 49
42 8 17 32
3154 8 17 21
1405 8 17 12
1854 8 17 4
3099 8 18 78
12 8 18 73
2647 8 18 64
1657 8 18 54
3521 8 18 47
3344 8 18 38
1337 8 18 30
889 8 18 24
1659 8 18 17
432 8 18 11
3331 8 18 2
3570 8 19 77
3966 8 19 68
3965 8 19 62
2107 8 19 55
100 8 19 48
2007 8 19 40
2645 8 19 31
3842 8 19 25
1450 8 19 20
2197 8 19 9
2535 9 1 55
2988 9 1 47
2861 9 1 38
1332 9 1 30
777 9 1 24
1240 9 1 17
3452 9 1 10
3883 9 1 2
3246 9 7 95
2649 9 7 89
1127 9 7 84
2722 9 7 75
3655 9 7 66
62 9 7 57
1271 9 7 48
2958 9 7 39
3771 9 7 32
1098 9 7 20
1375 9 7 9
1700 9 9 95
2379 9 9 89
2973 9 9 83
2015 9 9 77
3636 9 9 68
1821 9 9 62
793 9 9 55
2210 9 9 47
2725 9 9 38
495 9 9 30
3176 9 9 23
2052 9 9 18
111 9 9 9
1316 9 11 95
1451 9 11 89
2559 9 11 83
1830 9 11 77
3517 9 11 68
1395 9 11 62
711 9 11 55
1452 9 11 47
2201 9 11 38
185 9 11 30
2503 9 11 23
2041 9 11 18
15 9 11 9
872 10 1 95
3735 10 1 88
637 10 1 79
91 10 1 66
3457 10 1 56
85 10 1 46
2497 10 1 38
3112 10 1 29
425 10 1 20
331 10 1 9
3290 10 2 94
1454 10 2 88
3897 10 2 78
3643 10 2 72
3718 10 2 62
3303 10 2 54
3485 10 2 47
670 10 2 38
2989 10 2 29
112 10 2 20
2886 10 2 8
2903 10 3 94
188 10 3 88
3813 10 3 76
2349 10 3 68
516 10 3 62
2715 10 3 54
3252 10 3 47
575 10 3 38
2959 10 3 29
2033 10 3 19
3343 10 3 9
1358 10 4 93
2481 10 4 84
795 10 4 75
2640 10 4 66
2234 10 4 56
3744 10 4 45
562 10 4 35
122 10 4 28
770 10 4 17
3124 10 4 10
3690 10 4 2
995 10 5 93
2965 10 5 83
1569 10 5 77
2814 10 5 68
1338 10 5 61
2088 10 5 56
3038 10 5 45
475 10 5 35
3592 10 5 27
1901 10 5 19
1915 10 5 9
3911 10 9 92
1717 10 9 85
279 10 9 77
647 10 9 68
3884 10 9 60
182 10 9 51
2552 10 9 43
2976 10 9 35
1513 10 9 27
1306 10 9 19
3621 10 9 7
3204 10 11 92
699 10 11 85
98 10 11 77
420 10 11 68
2378 10 11 60
3987 10 11 50
1493 10 11 43
2302 10 11 35
567 10 11 27
828 10 11 19
3494 10 11 7
3465 10 13 91
1118 10 13 84
3524 10 13 74
1434 10 13 66
2270 10 13 55
797 10 13 47
2075 10 13 37
3687 10 13 28
3961 10 13 16
395 10 13 8
830 10 14 91
1093 10 14 84
1775 10 14 74
3283 10 14 65
1242 10 14 58
2380 10 14 50
916 10 14 43
2218 10 14 35
491 10 14 27
225 10 14 19
2835 10 14 7
184 10 15 91
681 10 15 84
194 10 15 74
2356 10 15 65
613 10 15 58
2040 10 15 50
842 10 15 43
1740 10 15 35
2630 10 15 26
993 10 15 18
817 10 15 8
3774 10 16 90
418 10 16 80
1221 10 16 70
1537 10 16 61
1423 10 16 56
979 10 16 45
3436 10 16 34
1599 10 16 26
3586 10 16 17
3091 10 16 10
3095 10 16 2
2313 10 17 90
2984 10 17 79
2502 10 17 65
3251 10 17 57
318 10 17 48
2465 10 17 39
3765 10 17 32
2071 10 17 19
1836 10 17 7
2074 10 19 90
2879 10 19 79
833 10 19 65
1868 10 19 57
2675 10 19 47
104 10 19 37
2771 10 19 28
359 10 19 15
2538 10 19 6
3666 11 3 89
2472 11 3 83
1505 11 3 76
1705 11 3 68
1287 11 3 60
3807 11 3 50
489 11 3 43
998 11 3 35
1060 11 3 26
547 11 3 17
2850 11 3 10
2532 11 3 2
2391 11 4 89
808 11 4 83
3 11 4 76
1344 11 4 68
683 11 4 60
2450 11 4 50
1293 11 4 42
1981 11 4 34
781 11 4 26
3407 11 4 16
632 11 4 7
1977 11 5 89
756 11 5 83
3908 11 5 75
2014 11 5 66
739 11 5 55
90 11 5 47
3409 11 5 36
3468 11 5 26
3305 11 5 16
407 11 5 7
238 11 6 89
220 11 6 83
3270 11 6 75
1650 11 6 66
3240 11 6 54
2529 11 6 47
2606 11 6 36
1043 11 6 26
2611 11 6 16
380 11 6 7
3427 11 7 88
3710 11 7 76
1317 11 7 68
217 11 7 60
1637 11 7 50
3548 11 7 41
1025 11 7 32
1148 11 7 19
2054 11 7 6
2621 11 9 88
2085 11 9 76
3304 11 9 67
3837 11 9 59
258 11 9 52
3626 11 9 42
764 11 9 34
2862 11 9 25
1368 11 9 20
2100 11 9 8
500 11 16 88
1822 11 16 76
2978 11 16 67
3495 11 16 59
2884 11 16 51
2550 11 16 43
3876 11 16 34
1672 11 16 25
1361 11 16 20
1305 11 16 8
3108 12 0 87
1747 12 0 79
3796 12 0 64
929 12 0 54
243 12 0 47
1966 12 0 36
846 12 0 26
357 12 0 16
2583 12 0 6
2985 12 1 87
1076 12 1 79
2692 12 1 64
3253 12 1 53
3902 12 1 46
1932 12 1 38
2025 12 1 29
1808 12 1 19
1321 12 1 6
1997 12 9 87
1286 12 9 78
2360 12 9 72
2668 12 9 62
1584 12 9 54
1687 12 9 46
1714 12 9 38
1711 12 9 29
659 12 9 19
102 12 9 6
2787 12 10 86
207 12 10 79
2699 12 10 63
1892 12 10 54
1103 12 10 46
1556 12 10 38
1482 12 10 29
59 12 10 19
1565 12 10 5
2666 12 11 86
170 12 11 79
2224 12 11 63
1678 12 11 54
1638 12 11 45
1189 12 11 34
1580 12 11 25
1979 12 11 19
3926 12 11 4
1810 12 12 86
3360 12 12 78
205 12 12 72
2581 12 12 62
3503 12 12 53
3464 12 12 46
895 12 12 38
1356 12 12 29
3809 12 12 18
2460 12 12 7
3362 12 13 85
2855 12 13 76
1794 12 13 67
3219 12 13 59
2013 12 13 51
2381 12 13 43
2940 12 13 34
546 12 13 25
317 12 13 19
81 12 13 2
3274 12 14 85
3325 12 14 74
2237 12 14 65
1235 12 14 57
2641 12 14 47
2844 12 14 34
3736 12 14 24
1898 12 14 16
2420 12 14 6
2425 12 15 84
2792 12 15 73
2092 12 15 64
2604 12 15 53
1262 12 15 46
839 12 15 38
3267 12 15 28
2847 12 15 14
1017 12 15 7
3039 12 16 82
64 12 16 75
674 12 16 66
2805 12 16 54
669 12 16 45
1057 12 16 34
2865 12 16 24
1270 12 16 16
2217 12 16 5
2760 12 18 82
3963 12 18 74
1965 12 18 65
3288 12 18 56
554 12 18 45
3827 12 18 33
1931 12 18 25
3697 12 18 18
2142 12 18 7
1865 12 19 82
3462 12 19 74
1593 12 19 65
2966 12 19 56
3821 12 19 44
1324 12 19 36
200 12 19 26
244 12 19 16
837 12 19 5
2170 13 0 81
3980 13 0 74
1453 13 0 65
2892 13 0 56
1049 13 0 44
765 13 0 36
26 13 0 25
3356 13 0 18
991 13 0 7
1006 13 3 81
3680 13 3 74
450 13 3 65
1762 13 3 56
702 13 3 44
3650 13 3 35
37 13 3 26
809 13 3 15
2205 13 3 6
864 13 6 80
2801 13 6 69
1948 13 6 60
896 13 6 50
776 13 6 41
3346 13 6 31
2592 13 6 25
1706 13 6 18
3563 13 6 6
1243 13 8 79
2746 13 8 62
932 13 8 53
1226 13 8 45
2295 13 8 31
2333 13 8 25
3088 13 8 17
1194 13 8 10
2387 13 8 2
1058 13 9 77
2414 13 9 67
298 13 9 59
3660 13 9 50
3899 13 9 40
1708 13 9 31
3374 13 9 24
1220 13 9 16
639 13 9 5
3029 13 10 73
2000 13 10 64
2160 13 10 53
2957 13 10 44
2672 13 10 35
2440 13 10 25
694 13 10 17
1954 13 10 9
2114 13 11 71
3199 13 11 62
3526 13 11 52
3803 13 11 41
1366 13 11 31
2967 13 11 24
835 13 11 16
415 13 11 5
227 13 12 71
2104 13 12 61
403 13 12 56
3469 13 12 43
1723 13 12 34
2121 13 12 24
820 13 12 16
2616 13 12 4
1986 13 13 67
3812 13 13 58
1703 13 13 50
3171 13 13 40
1603 13 13 31
1960 13 13 24
2354 13 13 14
3770 13 13 6
518 13 14 95
3434 13 14 88
2038 13 14 75
2589 13 14 65
1733 13 14 56
3418 13 14 42
3083 13 14 33
1491 13 14 25
2397 13 14 16
1682 13 14 4
2494 13 15 94
140 13 15 88
1939 13 15 75
1716 13 15 65
987 13 15 56
1958 13 15 42
1042 13 15 33
619 13 15 25
2392 13 15 16
2728 13 15 3
2388 13 16 94
3047 13 16 87
1260 13 16 78
3151 13 16 71
1851 13 16 61
96 13 16 56
1652 13 16 42
216 13 16 33
229 13 16 25
1441 13 16 16
1117 13 16 3
3488 13 17 93
1980 13 17 83
2772 13 17 75
199 13 17 65
1893 13 17 55
1553 13 17 46
349 13 17 38
572 13 17 28
2291 13 17 14
3006 13 17 6
2797 13 18 93
3755 13 18 82
2613 13 18 74
3786 13 18 64
2118 13 18 53
2445 13 18 44
2055 13 18 35
1197 13 18 25
3761 13 18 15
2157 13 18 6
2687 13 19 93
3009 13 19 82
2005 13 19 74
3443 13 19 64
810 13 19 53
1739 13 19 44
1459 13 19 35
3619 13 19 24
2133 13 19 14
2773 13 19 6
1636 14 0 93
2462 14 0 82
1530 14 0 74
2654 14 0 63
648 14 0 54
3733 14 0 44
717 14 0 35
2925 14 0 24
858 14 0 14
1697 14 0 6
412 14 2 93
1280 14 2 82
1205 14 2 74
522 14 2 63
2470 14 2 53
1622 14 2 44
517 14 2 35
900 14 2 24
3845 14 2 13
1018 14 2 7
2829 14 3 92
3745 14 3 84
2035 14 3 73
779 14 3 64
3642 14 3 52
1946 14 3 41
1275 14 3 31
1613 14 3 24
3759 14 3 13
183 14 3 7
1072 14 5 92
2724 14 5 84
2677 14 5 72
2415 14 5 62
2906 14 5 52
1325 14 5 41
887 14 5 31
1388 14 5 24
3372 14 5 13
3743 14 5 6
3021 14 6 91
291 14 6 84
2348 14 6 72
640 14 6 62
1182 14 6 52
1181 14 6 41
3815 14 6 30
1867 14 6 23
641 14 6 18
3753 14 6 5
2743 15 0 91
3746 15 0 83
2110 15 0 75
21 15 0 65
1611 15 0 55
1502 15 0 46
3221 15 0 37
1940 15 0 28
3051 15 0 13
3683 15 0 6
2665 15 1 91
1662 15 1 83
862 15 1 75
3738 15 1 64
3382 15 1 52
3209 15 1 40
1095 15 1 31
1322 15 1 24
1301 15 1 13
1647 15 1 6
2607 15 2 91
1228 15 2 83
502 15 2 75
2808 15 2 64
2166 15 2 52
2421 15 2 40
654 15 2 31
484 15 2 24
1169 15 2 13
844 15 2 6
1509 15 3 91
513 15 3 83
427 15 3 75
449 15 3 64
3437 15 3 51
1698 15 3 43
168 15 3 34
2946 15 3 23
443 15 3 18
3223 15 3 5
528 15 5 91
218 15 5 83
3352 15 5 74
3028 15 5 62
1068 15 5 52
1132 15 5 38
444 15 5 28
2963 15 5 13
438 15 5 6
3159 15 6 90
2827 15 6 79
1645 15 6 61
95 15 6 56
1422 15 6 42
75 15 6 33
3925 15 6 24
3442 15 6 11
2568 15 6 2
3042 15 8 90
2186 15 8 79
996 15 8 61
1877 15 8 55
284 15 8 46
2793 15 8 37
83 15 8 28
2680 15 8 13
1773 15 8 3
1357 15 9 90
590 15 9 79
700 15 9 60
566 15 9 50
2720 15 9 40
3349 15 9 30
1788 15 9 23
3390 15 9 17
1160 15 9 9
481 15 10 90
3195 15 10 78
3915 15 10 70
1300 15 10 61
3787 15 10 54
2868 15 10 44
2202 15 10 34
2558 15 10 23
3135 15 10 17
77 15 10 9
67 15 14 90
1846 15 14 78
3555 15 14 70
912 15 14 61
3163 15 14 54
2254 15 14 44
3070 15 14 33
2488 15 14 24
2106 15 14 11
2282 15 14 2
3984 15 16 89
3589 15 16 82
119 15 16 74
1962 15 16 62
766 15 16 52
1429 15 16 36
360 15 16 24
2631 15 16 10
2300 15 16 2
2232 15 17 89
3566 15 17 82
1330 15 17 73
3971 15 17 63
1484 15 17 53
1376 15 17 44
2813 15 17 33
2444 15 17 24
2384 15 17 10
617 15 17 1
10 15 18 89
3162 15 18 82
1122 15 18 73
2345 15 18 63
948 15 18 53
1333 15 18 44
326 15 18 33
1913 15 18 24
1259 15 18 9
2632 15 19 88
1634 15 19 75
1141 15 19 63
3340 15 19 52
3919 15 19 35
664 15 19 24
2288 15 19 8
498 16 5 88
958 16 5 75
2139 16 5 62
3912 16 5 51
1510 16 5 43
3533 16 5 33
1404 16 5 24
657 16 5 8
3895 16 6 87
873 16 6 78
2036 16 6 70
741 16 6 61
2676 16 6 54
1592 16 6 44
1696 16 6 31
2567 16 6 22
87 16 6 15
1296 16 6 6
3629 16 10 87
585 16 10 78
1693 16 10 70
593 16 10 61
3601 16 10 53
416 16 10 44
892 16 10 31
33 16 10 22
1303 16 10 14
982 16 10 6
2714 16 12 87
3802 16 12 77
742 16 12 67
2993 16 12 57
2173 16 12 47
841 16 12 34
2264 16 12 23
2992 16 12 17
3728 16 12 8
1590 17 0 87
1872 17 0 77
3421 17 0 66
105 17 0 54
1418 17 0 44
857 17 0 31
3776 17 0 21
1282 17 0 12
3823 17 0 3
730 17 3 87
1111 17 3 77
2960 17 3 66
2498 17 3 52
3635 17 3 35
150 17 3 24
1907 17 3 7
3974 17 5 86
3293 17 5 78
612 17 5 70
3584 17 5 60
2983 17 5 49
1461 17 5 31
2694 17 5 21
1290 17 5 11
1364 17 5 2
2165 17 6 85
1694 17 6 74
1038 17 6 62
1734 17 6 51
1067 17 6 43
1988 17 6 33
1204 17 6 24
2915 17 6 6
2154 17 9 85
209 17 9 74
1824 17 9 61
3419 17 9 53
223 17 9 44
2341 17 9 30
3700 17 9 22
1007 17 9 14
2770 17 9 5
908 17 10 85
3062 17 10 73
1813 17 10 63
2803 17 10 52
2987 17 10 33
526 17 10 24
1699 17 10 17
3605 17 10 8
57 17 12 83
2806 17 12 74
1328 17 12 61
3146 17 12 53
193 17 12 44
394 17 12 30
1845 17 12 22
831 17 12 14
2660 17 12 5
3805 17 13 82
3312 17 13 72
504 17 13 62
1550 17 13 51
2991 17 13 42
3935 17 13 32
778 17 13 19
1838 17 13 1
239 17 14 82
2359 17 14 72
18 17 14 62
608 17 14 51
907 17 14 42
1704 17 14 32
759 17 14 19
763 17 14 1
3477 17 16 81
2266 17 16 74
114 17 16 61
1602 17 16 53
2968 17 16 43
1615 17 16 33
3817 17 16 23
786 17 16 17
3190 17 16 8
3113 17 17 80
2277 17 17 69
1627 17 17 60
2017 17 17 49
1045 17 17 31
2048 17 17 21
1381 17 17 10
1841 17 18 79
3890 17 18 54
1149 17 18 44
3535 17 18 28
3940 17 18 12
2738 17 18 3
3440 17 19 76
1474 17 19 67
2151 17 19 57
805 17 19 47
335 17 19 34
1245 17 19 23
3689 17 19 16
1398 17 19 2
3217 18 0 75
2028 18 0 62
3202 18 0 50
1153 18 0 40
2477 18 0 30
1359 18 0 22
731 18 0 14
2655 18 0 5
3101 18 2 75
3723 18 2 61
3720 18 2 52
2353 18 2 32
3234 18 2 18
2636 18 2 5
1968 18 3 70
2319 18 3 60
753 18 3 49
1310 18 3 30
2286 18 3 21
247 18 3 10
368 19 0 70
2143 19 0 60
38 19 0 49
3077 19 0 29
2689 19 0 18
2059 19 0 5
989 19 2 68
2788 19 2 59
3254 19 2 50
2563 19 2 39
2262 19 2 32
2688 19 2 18
3783 19 2 4
3784 19 3 65
2522 19 3 53
2651 19 3 43
1512 19 3 33
2213 19 3 23
1433 19 3 16
1230 19 3 6
2011 19 5 94
2316 19 5 87
409 19 5 77
2863 19 5 66
2178 19 5 52
1812 19 5 31
1389 19 5 21
2851 19 5 9
791 19 6 94
2299 19 6 87
653 19 6 76
1225 19 6 67
1511 19 6 57
1414 19 6 46
2523 19 6 37
2136 19 6 27
2103 19 6 18
672 19 6 4
736 19 7 94
1866 19 7 87
3725 19 7 74
2398 19 7 59
2454 19 7 50
2164 19 7 39
933 19 7 32
131 19 7 18
578 19 7 3
3553 19 8 93
3863 19 8 81
2094 19 8 74
2131 19 8 59
2390 19 8 50
1525 19 8 39
3647 19 8 31
3622 19 8 20
3342 19 8 7
3172 19 9 93
99 19 9 81
1561 19 9 74
1984 19 9 59
3981 19 9 49
2513 19 9 29
2275 19 9 18
1805 19 9 2
3846 19 10 92
1554 19 10 84
963 19 10 72
1617 19 10 61
2904 19 10 52
1411 19 10 30
1612 19 10 21
2843 19 10 9
3822 19 11 92
3749 19 11 83
1447 19 11 74
3507 19 11 58
1199 19 11 50
1424 19 11 39
3249 19 11 31
3189 19 11 20
2233 19 11 7
3695 19 12 92
466 19 12 83
1302 19 12 74
2073 19 12 53
749 19 12 43
3631 19 12 32
2428 19 12 17
871 19 12 8
3321 19 13 92
3544 19 13 82
1427 19 13 72
2910 19 13 60
3008 19 13 48
823 19 13 39
2911 19 13 31
2531 19 13 20
352 19 13 7
2423 19 14 92
3167 19 14 82
1219 19 14 72
2839 19 14 60
2857 19 14 48
645 19 14 39
2754 19 14 31
3277 19 14 19
692 19 14 1
914 19 15 92
2708 19 15 82
1211 19 15 72
3964 19 15 59
3015 19 15 49
1689 19 15 28
3671 19 15 9
867 19 16 92
2122 19 16 82
855 19 16 72
3856 19 16 59
2627 19 16 49
623 19 16 27
1415 19 16 18
240 19 16 2
3169 19 17 91
2198 19 17 82
3572 19 17 71
1767 19 17 61
2492 19 17 52
3156 19 17 26
1909 19 17 14
3114 19 17 4
3106 19 18 90
1005 19 18 78
3617 19 18 69
1210 19 18 60
2573 19 18 48
2505 19 18 38
376 19 18 28
3924 19 18 8
2355 19 19 90
758 19 19 78
2556 19 19 69
197 19 19 60
966 19 19 48
2082 19 19 38
1827 19 19 27
1320 19 19 18
3789 19 19 7
