2771
4248 0 1 97
2013 0 1 95
2172 0 1 92
5185 0 1 90
4182 0 1 87
2791 0 1 84
1875 0 1 82
1203 0 1 78
2296 0 1 76
2786 0 1 73
1979 0 1 70
4870 0 1 67
4775 0 1 64
4197 0 1 60
1752 0 1 57
1644 0 1 54
1051 0 1 52
2683 0 1 50
4258 0 1 47
4720 0 1 43
4257 0 1 41
2884 0 1 38
4615 0 1 35
4803 0 1 33
326 0 1 31
4149 0 1 29
2938 0 1 27
3084 0 1 24
522 0 1 22
1773 0 1 18
4465 0 1 15
4392 0 1 11
1671 0 1 9
2433 0 1 7
1095 0 1 5
1908 0 1 2
1947 0 7 97
281 0 7 93
826 0 7 89
3191 0 7 86
3876 0 7 84
3095 0 7 81
1678 0 7 78
4965 0 7 74
4819 0 7 71
2026 0 7 69
4317 0 7 67
1210 0 7 64
4144 0 7 60
5017 0 7 56
2165 0 7 53
5234 0 7 51
3620 0 7 48
4530 0 7 46
2405 0 7 44
1444 0 7 42
2673 0 7 39
274 0 7 36
2434 0 7 33
4858 0 7 30
5109 0 7 26
5208 0 7 24
3850 0 7 21
1049 0 7 17
4591 0 7 14
4055 0 7 11
1709 0 7 8
4563 0 7 5
3839 0 7 1
695 0 8 97
4307 0 8 92
5104 0 8 89
3120 0 8 84
3176 0 8 80
3132 0 8 77
2137 0 8 74
161 0 8 71
2807 0 8 67
4657 0 8 63
3842 0 8 60
5009 0 8 56
1515 0 8 53
5067 0 8 48
3518 0 8 46
4890 0 8 42
5098 0 8 38
2541 0 8 35
3404 0 8 31
4146 0 8 27
2226 0 8 24
54 0 8 21
588 0 8 17
3368 0 8 14
981 0 8 11
402 0 8 8
3114 0 8 4
5180 0 8 2
4675 0 9 96
1825 0 9 93
1960 0 9 88
2291 0 9 85
2456 0 9 82
250 0 9 78
1714 0 9 74
6 0 9 71
1004 0 9 67
3630 0 9 63
3584 0 9 60
4811 0 9 56
4028 0 9 52
3763 0 9 49
5183 0 9 46
682 0 9 42
4081 0 9 38
1998 0 9 35
2781 0 9 30
3419 0 9 26
3263 0 9 23
4357 0 9 20
1818 0 9 18
2542 0 9 15
915 0 9 11
319 0 9 8
2397 0 9 4
4847 0 9 1
2951 0 10 96
4032 0 10 92
4550 0 10 89
2866 0 10 84
1969 0 10 80
819 0 10 77
1304 0 10 74
4506 0 10 70
2707 0 10 66
855 0 10 64
3531 0 10 60
4499 0 10 56
1323 0 10 52
3357 0 10 49
5040 0 10 46
5147 0 10 41
3923 0 10 37
4902 0 10 33
3078 0 10 30
199 0 10 26
946 0 10 23
1920 0 10 20
4502 0 10 17
4255 0 10 13
1448 0 10 11
3670 0 10 7
5199 0 10 4
911 0 11 95
2009 0 11 92
4526 0 11 88
1236 0 11 85
2341 0 11 82
5047 0 11 77
427 0 11 74
1777 0 11 70
562 0 11 66
3710 0 11 63
1807 0 11 60
3614 0 11 56
1905 0 11 51
3375 0 11 48
1559 0 11 45
1584 0 11 41
3338 0 11 37
4857 0 11 33
4669 0 11 29
216 0 11 26
5189 0 11 22
5169 0 11 17
4221 0 11 12
2692 0 11 10
2713 0 11 7
3774 0 11 4
323 0 12 95
2544 0 12 91
4556 0 12 89
2128 0 12 84
1484 0 12 80
4010 0 12 76
3077 0 12 72
4224 0 12 69
5073 0 12 65
2348 0 12 61
4247 0 12 57
4564 0 12 53
4005 0 12 48
674 0 12 45
2439 0 12 40
521 0 12 37
2582 0 12 33
2783 0 12 29
2805 0 12 25
3854 0 12 22
4757 0 12 17
2232 0 12 12
1205 0 12 10
2262 0 12 6
3350 0 12 4
4717 0 13 94
4784 0 13 92
3016 0 13 88
957 0 13 85
3651 0 13 81
4329 0 13 77
254 0 13 74
1115 0 13 70
4977 0 13 65
1665 0 13 61
2585 0 13 57
4108 0 13 53
1738 0 13 48
4172 0 13 44
4373 0 13 41
342 0 13 37
2726 0 13 31
1997 0 13 27
2438 0 13 23
4789 0 13 19
2886 0 13 16
696 0 13 14
4629 0 13 10
644 0 13 6
1885 0 13 2
4113 0 14 94
629 0 14 91
3282 0 14 89
1787 0 14 84
1200 0 14 80
4093 0 14 75
1186 0 14 72
571 0 14 69
2900 0 14 65
2523 0 14 60
3389 0 14 56
1163 0 14 51
4382 0 14 47
3406 0 14 43
2501 0 14 40
3978 0 14 36
5134 0 14 32
2288 0 14 29
2520 0 14 25
1684 0 14 22
4671 0 14 17
961 0 14 12
3940 0 14 8
1868 0 14 4
3757 0 15 94
2689 0 15 90
1590 0 15 86
3313 0 15 83
4812 0 15 80
2606 0 15 75
105 0 15 71
4454 0 15 66
4395 0 15 62
1954 0 15 59
2527 0 15 56
4667 0 15 50
4794 0 15 46
4798 0 15 41
2447 0 15 36
1774 0 15 32
991 0 15 29
2367 0 15 25
4906 0 15 20
2325 0 15 17
4285 0 15 11
3280 0 15 7
3705 0 15 4
4620 0 16 93
1474 0 16 88
637 0 16 85
3137 0 16 81
1077 0 16 77
1581 0 16 73
4583 0 16 69
1541 0 16 65
331 0 16 60
2622 0 16 56
4462 0 16 50
4701 0 16 46
4659 0 16 41
4287 0 16 35
2665 0 16 30
4859 0 16 25
4824 0 16 20
955 0 16 17
3549 0 16 11
2321 0 16 7
1693 0 16 4
2099 0 17 93
328 0 17 88
600 0 17 85
2980 0 17 81
5182 0 17 76
1717 0 17 72
45 0 17 68
1741 0 17 66
1946 0 17 62
1727 0 17 59
4682 0 17 55
1494 0 17 53
322 0 17 48
2132 0 17 44
561 0 17 41
4006 0 17 35
1690 0 17 30
4377 0 17 25
4416 0 17 20
2839 0 17 16
3299 0 17 13
5054 0 17 10
4365 0 17 5
3458 0 17 1
1757 0 18 93
2556 0 18 87
1121 0 18 84
443 0 18 80
3237 0 18 74
889 0 18 70
3347 0 18 65
4688 0 18 59
4554 0 18 55
4793 0 18 52
2763 0 18 48
1711 0 18 44
2131 0 18 40
2231 0 18 36
1231 0 18 32
810 0 18 29
1567 0 18 25
2254 0 18 20
2383 0 18 16
2728 0 18 13
4692 0 18 10
583 0 18 5
1625 0 19 93
2269 0 19 87
455 0 19 84
2364 0 19 78
1605 0 19 74
837 0 19 70
2693 0 19 65
3478 0 19 59
2798 0 19 55
2861 0 19 52
2416 0 19 48
4314 0 19 43
3524 0 19 39
5230 0 19 35
1239 0 19 30
3775 0 19 25
2204 0 19 20
4684 0 19 15
3702 0 19 10
4893 0 19 4
404 1 3 93
1224 1 3 87
344 1 3 84
2027 1 3 78
620 1 3 74
4418 1 3 69
4497 1 3 64
3344 1 3 60
1574 1 3 56
2651 1 3 50
4129 1 3 46
4585 1 3 41
3969 1 3 35
71 1 3 30
2670 1 3 25
351 1 3 20
4261 1 3 15
3290 1 3 10
3544 1 3 4
5010 1 5 92
2790 1 5 88
513 1 5 85
2279 1 5 81
2551 1 5 76
1606 1 5 72
4983 1 5 67
5015 1 5 61
3221 1 5 56
5119 1 5 49
453 1 5 46
3321 1 5 41
3841 1 5 35
4908 1 5 29
2925 1 5 24
4862 1 5 20
3764 1 5 15
2833 1 5 10
3007 1 5 4
4792 2 0 92
1955 2 0 88
3562 2 0 84
1993 2 0 78
448 2 0 74
3463 2 0 69
2856 2 0 64
4352 2 0 59
1259 2 0 55
1230 2 0 52
2196 2 0 48
4043 2 0 43
3402 2 0 39
4623 2 0 35
4827 2 0 29
2784 2 0 24
4854 2 0 20
3438 2 0 15
1964 2 0 10
2061 2 0 4
2315 2 1 92
1694 2 1 88
3451 2 1 84
896 2 1 78
185 2 1 74
2167 2 1 69
1733 2 1 64
893 2 1 59
876 2 1 55
483 2 1 51
3472 2 1 47
3222 2 1 43
3097 2 1 39
4252 2 1 35
3677 2 1 29
4848 2 1 23
1379 2 1 19
2098 2 1 16
4438 2 1 12
1728 2 1 8
1583 2 1 4
1622 2 2 92
916 2 2 88
3351 2 2 84
702 2 2 78
4309 2 2 73
3883 2 2 69
5053 2 2 63
983 2 2 60
1250 2 2 56
4493 2 2 49
4125 2 2 45
1724 2 2 40
1759 2 2 36
4122 2 2 31
999 2 2 27
5093 2 2 22
3410 2 2 17
385 2 2 10
1083 2 2 4
3825 2 3 91
2548 2 3 88
841 2 3 84
172 2 3 78
4109 2 3 73
3696 2 3 69
4826 2 3 63
3093 2 3 58
2953 2 3 56
4223 2 3 49
2148 2 3 45
490 2 3 40
1017 2 3 36
2645 2 3 31
3855 2 3 25
3904 2 3 19
1135 2 3 16
2015 2 3 12
1439 2 3 8
1055 2 3 4
3383 2 5 91
746 2 5 88
3564 2 5 83
2830 2 5 80
2244 2 5 74
4403 2 5 68
11 2 5 64
5205 2 5 58
939 2 5 56
492 2 5 49
1430 2 5 45
312 2 5 40
598 2 5 36
2625 2 5 31
3555 2 5 25
3522 2 5 19
4026 2 5 15
5042 2 5 9
3194 2 5 5
3300 2 7 91
4056 2 7 87
4310 2 7 83
5219 2 7 78
1763 2 7 73
1639 2 7 69
4228 2 7 63
2514 2 7 58
85 2 7 55
5107 2 7 50
2955 2 7 46
4226 2 7 40
4639 2 7 35
3210 2 7 29
3509 2 7 23
356 2 7 19
3631 2 7 15
3941 2 7 9
2719 2 7 5
2646 2 8 91
139 2 8 87
3891 2 8 83
4663 2 8 78
133 2 8 73
4517 2 8 68
4191 2 8 63
3834 2 8 57
2690 2 8 53
3971 2 8 47
2100 2 8 43
872 2 8 39
2408 2 8 35
2672 2 8 29
3036 2 8 23
5137 2 8 18
3658 2 8 13
3387 2 8 10
802 2 8 4
794 2 10 91
3305 2 10 86
2896 2 10 83
4233 2 10 78
5168 2 10 72
4410 2 10 67
2550 2 10 61
2285 2 10 56
269 2 10 49
2054 2 10 44
2036 2 10 40
4283 2 10 35
2461 2 10 29
4943 2 10 22
686 2 10 17
3848 2 10 9
1391 2 10 5
4054 2 11 90
4869 2 11 85
815 2 11 81
1325 2 11 76
3767 2 11 71
4453 2 11 66
112 2 11 62
1290 2 11 59
5188 2 11 54
4442 2 11 51
868 2 11 47
766 2 11 43
1975 2 11 38
3576 2 11 34
2333 2 11 31
2489 2 11 25
2863 2 11 19
1159 2 11 15
3849 2 11 9
4834 2 11 4
1830 2 13 90
1698 2 13 85
4917 2 13 80
5083 2 13 73
3193 2 13 68
4141 2 13 63
1967 2 13 57
619 2 13 53
3150 2 13 47
709 2 13 43
941 2 13 38
3003 2 13 34
1272 2 13 31
894 2 13 25
2767 2 13 19
2918 2 13 14
4540 2 13 10
557 2 13 4
846 2 14 90
3734 2 14 84
1855 2 14 77
2249 2 14 72
3565 2 14 67
4288 2 14 60
2388 2 14 55
3809 2 14 50
4855 2 14 45
4961 2 14 39
1601 2 14 35
1958 2 14 29
2275 2 14 22
623 2 14 17
1972 2 14 9
3712 2 14 4
741 2 16 90
3626 2 16 84
4837 2 16 76
2979 2 16 71
3479 2 16 66
3736 2 16 61
1951 2 16 56
4876 2 16 48
3164 2 16 43
394 2 16 38
4791 2 16 33
1013 2 16 29
1988 2 16 22
5002 2 16 16
3816 2 16 11
36 2 16 7
1134 2 16 4
292 2 17 90
3493 2 17 84
4471 2 17 76
1816 2 17 71
2769 2 17 66
2570 2 17 61
3910 2 17 55
3275 2 17 50
4198 2 17 45
3993 2 17 39
307 2 17 35
1939 2 17 29
1094 2 17 22
4783 2 17 16
2880 2 17 11
4722 2 17 6
5207 2 17 1
4733 2 18 89
2738 2 18 83
3692 2 18 78
4668 2 18 72
4766 2 18 66
921 2 18 61
3525 2 18 55
2428 2 18 50
3858 2 18 45
1440 2 18 39
4057 2 18 34
4128 2 18 30
2499 2 18 25
1373 2 18 19
1918 2 18 14
3288 2 18 9
2702 2 18 4
2982 2 19 89
1968 2 19 83
2463 2 19 78
2016 2 19 72
3366 2 19 66
808 2 19 61
2785 2 19 55
2151 2 19 50
3429 2 19 45
64 2 19 39
3898 2 19 34
4796 2 19 29
1040 2 19 22
5217 2 19 15
2988 2 19 9
546 2 19 4
1079 3 0 89
1847 3 0 83
2058 3 0 78
1518 3 0 72
2457 3 0 66
5143 3 0 60
4936 3 0 54
4154 3 0 51
4599 3 0 46
3700 3 0 40
1519 3 0 35
1720 3 0 29
793 3 0 22
4884 3 0 15
3722 3 0 8
249 3 0 4
345 3 1 89
157 3 1 83
1778 3 1 78
1113 3 1 72
1856 3 1 66
4948 3 1 60
4850 3 1 54
3828 3 1 51
4190 3 1 46
3688 3 1 40
553 3 1 35
5065 3 1 28
2345 3 1 24
4426 3 1 20
942 3 1 15
2907 3 1 8
4713 3 1 3
2603 3 2 88
2569 3 2 83
1670 3 2 78
4117 3 2 71
2378 3 2 66
2372 3 2 60
2421 3 2 54
665 3 2 50
2198 3 2 45
2289 3 2 38
2118 3 2 33
541 3 2 29
496 3 2 22
4840 3 2 15
2708 3 2 8
3335 3 2 3
2023 3 3 88
4813 3 3 81
622 3 3 76
4335 3 3 70
1903 3 3 65
2474 3 3 59
4422 3 3 54
324 3 3 50
164 3 3 45
412 3 3 38
4180 3 3 32
4991 3 3 27
3907 3 3 22
3607 3 3 15
1658 3 3 8
2747 3 3 3
1070 3 5 88
842 3 5 81
4627 3 5 75
2887 3 5 70
347 3 5 65
1310 3 5 59
3198 3 5 54
4610 3 5 49
82 3 5 44
4041 3 5 39
3579 3 5 34
4709 3 5 29
422 3 5 22
1438 3 5 15
3955 3 5 7
432 3 5 4
2404 3 7 87
2477 3 7 83
4044 3 7 77
431 3 7 72
1257 3 7 66
1228 3 7 60
2297 3 7 54
3916 3 7 49
4724 3 7 43
3064 3 7 37
4568 3 7 30
2179 3 7 25
1 3 7 19
5223 3 7 13
3331 3 7 10
3171 3 7 3
1530 3 10 87
1244 3 10 83
1169 3 10 77
5059 3 10 71
1932 3 10 66
5145 3 10 59
2912 3 10 54
3073 3 10 49
333 3 10 43
2717 3 10 37
4358 3 10 30
2110 3 10 25
5004 3 10 18
1465 3 10 13
3027 3 10 9
1803 3 10 3
964 3 11 87
938 3 11 83
386 3 11 77
4131 3 11 71
734 3 11 66
3768 3 11 59
2094 3 11 54
1669 3 11 49
75 3 11 43
2638 3 11 37
3753 3 11 30
2038 3 11 25
3924 3 11 18
2446 3 11 12
570 3 11 8
2684 3 11 3
798 3 13 87
3439 3 13 82
2686 3 13 77
3213 3 13 71
401 3 13 66
2238 3 13 59
4945 3 13 53
3019 3 13 47
390 3 13 43
2067 3 13 37
3087 3 13 30
1804 3 13 25
363 3 13 18
5127 3 13 11
4705 3 13 6
3496 3 13 1
1902 3 14 86
2617 3 14 82
2604 3 14 77
2266 3 14 71
2901 3 14 65
4423 3 14 58
4978 3 14 54
5112 3 14 48
2053 3 14 43
528 3 14 37
2774 3 14 30
4321 3 14 24
3000 3 14 20
1292 3 14 14
2225 3 14 9
1539 3 14 3
3505 3 16 85
4747 3 16 80
2766 3 16 73
4929 3 16 67
2629 3 16 59
4802 3 16 53
1897 3 16 47
4643 3 16 42
2691 3 16 38
2506 3 16 32
2852 3 16 27
3804 3 16 22
800 3 16 15
2821 3 16 7
4916 3 16 3
1010 3 17 85
2316 3 17 80
881 3 17 73
2318 3 17 67
1359 3 17 59
4721 3 17 53
959 3 17 47
2919 3 17 42
400 3 17 38
2468 3 17 32
1751 3 17 27
3637 3 17 22
3586 3 17 14
2002 3 17 9
1468 3 17 3
2491 3 18 84
3900 3 18 76
4159 3 18 70
4446 3 18 64
3585 3 18 58
3340 3 18 54
4363 3 18 48
1370 3 18 43
4396 3 18 36
5186 3 18 30
4013 3 18 24
1408 3 18 20
395 3 18 14
1339 3 18 9
1248 3 18 3
923 3 19 84
3397 3 19 76
2593 3 19 70
4209 3 19 64
3494 3 19 58
1772 3 19 54
3446 3 19 48
95 3 19 43
2832 3 19 36
2926 3 19 30
3240 3 19 24
238 3 19 20
4972 3 19 13
368 3 19 9
4237 3 19 2
5236 4 5 82
2236 4 5 77
1891 4 5 71
1437 4 5 65
3830 4 5 58
4515 4 5 53
441 4 5 47
1989 4 5 42
76 4 5 38
1659 4 5 32
1716 4 5 27
1320 4 5 22
3523 4 5 14
1026 4 5 9
4082 4 5 2
1132 4 9 82
1912 4 9 77
1347 4 9 71
1294 4 9 64
2103 4 9 58
3456 4 9 53
3292 4 9 46
3265 4 9 40
4400 4 9 34
4413 4 9 29
4750 4 9 21
4353 4 9 16
2209 4 9 11
4427 4 9 6
2658 4 11 81
4155 4 11 75
5124 4 11 69
2300 4 11 63
1929 4 11 57
4994 4 11 51
3156 4 11 46
48 4 11 40
4292 4 11 34
3716 4 11 29
4375 4 11 20
3244 4 11 13
4328 4 11 8
2666 4 11 3
3234 4 16 80
366 4 16 73
914 4 16 67
1075 4 16 59
4163 4 16 53
1389 4 16 46
4918 4 16 39
3306 4 16 34
3588 4 16 29
2264 4 16 20
4576 4 16 12
4914 4 16 7
4038 4 16 3
1779 5 0 80
4881 5 0 72
807 5 0 66
2149 5 0 59
4134 5 0 53
1315 5 0 46
4790 5 0 39
2427 5 0 34
2355 5 0 29
2080 5 0 20
4508 5 0 11
1324 5 0 6
2185 5 1 78
3725 5 1 71
1143 5 1 64
1568 5 1 58
3035 5 1 53
5218 5 1 45
211 5 1 38
1420 5 1 32
3808 5 1 26
1498 5 1 22
2451 5 1 14
495 5 1 9
3017 5 1 2
1322 5 2 77
428 5 2 71
1038 5 2 64
1381 5 2 58
4851 5 2 52
2596 5 2 47
4693 5 2 41
3541 5 2 35
4963 5 2 28
1137 5 2 24
183 5 2 20
3148 5 2 11
1298 5 2 6
3660 5 5 76
2539 5 5 70
2394 5 5 64
1380 5 5 58
4598 5 5 52
5206 5 5 46
4337 5 5 39
1506 5 5 34
2233 5 5 29
5090 5 5 19
3727 5 5 13
4183 5 5 8
4923 5 5 2
1873 5 7 55
1860 5 7 50
4878 5 7 44
594 5 7 39
990 5 7 34
1476 5 7 29
3994 5 7 19
576 5 7 13
2454 5 7 8
4760 5 7 2
4290 5 9 98
4405 5 9 95
2528 5 9 91
2265 5 9 86
1556 5 9 82
235 5 9 77
3450 5 9 70
3751 5 9 63
1147 5 9 57
4555 5 9 51
2448 5 9 46
3075 5 9 39
303 5 9 34
1283 5 9 29
3863 5 9 19
4241 5 9 12
4678 5 9 7
2320 5 9 3
4482 5 11 96
3061 5 11 92
4670 5 11 87
1215 5 11 82
5095 5 11 76
2134 5 11 70
2096 5 11 63
647 5 11 57
4306 5 11 51
1209 5 11 46
35 5 11 39
4466 5 11 33
329 5 11 29
3245 5 11 19
3718 5 11 12
4677 5 11 7
174 5 11 2
1673 5 13 96
4498 5 13 91
5116 5 13 85
4907 5 13 79
3332 5 13 77
2941 5 13 70
1197 5 13 63
204 5 13 57
3997 5 13 51
3298 5 13 45
4676 5 13 37
2097 5 13 30
339 5 13 24
5003 5 13 19
3317 5 13 12
2419 5 13 7
5046 5 13 1
200 5 14 96
4460 5 14 91
2966 5 14 85
4772 5 14 79
5202 5 14 76
1533 5 14 70
624 5 14 63
4673 5 14 56
4807 5 14 48
3953 5 14 42
3539 5 14 37
1842 5 14 30
5045 5 14 23
4845 5 14 18
4823 5 14 11
4933 5 14 5
4979 5 18 95
1288 5 18 91
1385 5 18 85
4735 5 18 79
3738 5 18 76
3310 5 18 69
208 5 18 63
2170 5 18 56
675 5 18 48
3189 5 18 42
1175 5 18 37
750 5 18 30
2933 5 18 23
4110 5 18 18
4140 5 18 11
4107 5 18 5
4755 5 19 95
742 5 19 91
4434 5 19 84
3301 5 19 76
4841 5 19 68
4099 5 19 63
1935 5 19 56
656 5 19 48
374 5 19 42
1073 5 19 37
4236 5 19 29
2853 5 19 19
3131 5 19 12
3160 5 19 6
3489 6 0 95
1726 6 0 90
3149 6 0 84
2312 6 0 76
4754 6 0 68
1776 6 0 63
778 6 0 56
341 6 0 48
658 6 0 41
1661 6 0 35
4786 6 0 28
248 6 0 24
1291 6 0 19
2205 6 0 12
2426 6 0 6
2380 6 5 95
1065 6 5 90
2330 6 5 84
1563 6 5 76
3782 6 5 68
1434 6 5 63
353 6 5 56
4799 6 5 47
3337 6 5 41
859 6 5 35
2565 6 5 28
2255 6 5 23
3921 6 5 18
3691 6 5 11
3777 6 5 5
2252 6 7 95
5242 6 7 89
3676 6 7 82
4436 6 7 76
3690 6 7 68
4204 6 7 62
3926 6 7 58
4175 6 7 52
5132 6 7 46
4711 6 7 38
829 6 7 32
2375 6 7 26
4716 6 7 21
4136 6 7 16
1545 6 7 11
3726 6 7 5
797 6 9 95
3257 6 9 89
2366 6 9 82
2865 6 9 76
3271 6 9 68
3647 6 9 62
792 6 9 58
3105 6 9 52
4470 6 9 46
4630 6 9 38
3434 6 9 31
359 6 9 25
3365 6 9 17
1729 6 9 9
2578 6 9 2
375 6 11 95
5159 6 11 88
259 6 11 81
3484 6 11 75
3426 6 11 69
147 6 11 63
3551 6 11 55
3939 6 11 49
5163 6 11 42
4089 6 11 36
2399 6 11 30
4326 6 11 22
2207 6 11 14
4235 6 11 8
4686 6 11 2
256 6 13 95
2591 6 13 88
4773 6 13 80
3062 6 13 72
5108 6 13 65
3721 6 13 58
2850 6 13 52
4399 6 13 46
3591 6 13 38
1462 6 13 31
4354 6 13 24
4951 6 13 18
3050 6 13 11
2961 6 13 5
5089 6 14 94
704 6 14 90
5101 6 14 83
316 6 14 77
2793 6 14 70
3435 6 14 62
117 6 14 58
2777 6 14 52
2837 6 14 46
2462 6 14 38
4364 6 14 30
2217 6 14 22
1672 6 14 14
1944 6 14 8
850 6 14 2
4532 6 17 94
1500 6 17 89
2071 6 17 82
2749 6 17 76
2920 6 17 68
3511 6 17 62
3853 6 17 57
3977 6 17 51
2994 6 17 45
3047 6 17 37
3812 6 17 29
641 6 17 19
1823 6 17 12
2155 6 17 6
2532 6 18 94
1826 6 18 88
4047 6 18 80
3022 6 18 72
3930 6 18 65
3212 6 18 58
2758 6 18 52
4607 6 18 45
2650 6 18 37
3099 6 18 29
3625 6 18 18
2868 6 18 11
2634 6 18 5
2273 6 19 94
678 6 19 88
1691 6 19 80
1569 6 19 72
2945 6 19 65
2354 6 19 58
2420 6 19 52
4342 6 19 45
1206 6 19 37
1435 6 19 29
3289 6 19 18
1214 6 19 11
2429 6 19 5
4957 7 0 93
577 7 0 87
3920 7 0 81
3423 7 0 75
3071 7 0 69
4249 7 0 62
3110 7 0 57
3950 7 0 51
2064 7 0 45
5038 7 0 36
2004 7 0 30
963 7 0 22
909 7 0 14
3615 7 0 7
4915 7 0 1
4429 7 2 93
3385 7 2 86
559 7 2 82
2174 7 2 76
5062 7 2 67
822 7 2 59
3878 7 2 53
4804 7 2 45
3956 7 2 36
3032 7 2 29
2724 7 2 18
962 7 2 11
2284 7 2 5
3559 7 3 93
1990 7 3 86
243 7 3 82
4173 7 3 75
2512 7 3 69
3682 7 3 62
1865 7 3 57
3887 7 3 51
1424 7 3 45
2664 7 3 36
1983 7 3 29
1783 7 3 18
2508 7 3 10
701 7 3 3
3141 7 4 93
5184 7 4 85
4698 7 4 79
2028 7 4 76
4362 7 4 67
392 7 4 59
2347 7 4 53
4123 7 4 45
2119 7 4 36
1463 7 4 29
993 7 4 18
1604 7 4 10
246 7 4 3
2682 7 5 93
5181 7 5 85
3847 7 5 79
1705 7 5 76
2402 7 5 67
5011 7 5 58
2144 7 5 52
3987 7 5 45
1492 7 5 36
1411 7 5 29
919 7 5 18
625 7 5 10
4852 7 5 2
146 7 7 93
2862 7 7 85
3024 7 7 79
3766 7 7 75
1995 7 7 69
2492 7 7 62
1376 7 7 57
3252 7 7 51
1282 7 7 45
3227 7 7 35
2062 7 7 28
752 7 7 23
2400 7 7 18
99 7 7 10
2639 7 7 2
5160 8 0 92
2752 8 0 87
3033 8 0 81
3369 8 0 75
1744 8 0 69
1138 8 0 62
610 8 0 57
3170 8 0 51
14 8 0 45
2186 8 0 35
730 8 0 28
4730 8 0 22
684 8 0 14
3044 8 0 7
4279 8 0 1
3781 8 1 92
201 8 1 87
2572 8 1 81
3066 8 1 75
4844 8 1 68
2668 8 1 62
108 8 1 57
2946 8 1 51
4473 8 1 44
2511 8 1 38
4286 8 1 30
3918 8 1 21
1898 8 1 16
4982 8 1 10
638 8 1 2
2213 8 2 92
2546 8 2 86
4541 8 2 81
933 8 2 75
1712 8 2 67
4805 8 2 58
1945 8 2 52
2937 8 2 45
4348 8 2 34
3537 8 2 28
581 8 2 22
1725 8 2 13
1909 8 2 8
196 8 2 2
446 8 3 92
768 8 3 86
3188 8 3 81
833 8 3 75
471 8 3 67
2561 8 3 58
188 8 3 52
1335 8 3 45
4034 8 3 34
3448 8 3 28
506 8 3 22
1477 8 3 13
1266 8 3 8
4458 8 3 1
2811 8 4 91
4311 8 4 84
1146 8 4 76
2019 8 4 67
2418 8 4 58
4085 8 4 51
4196 8 4 44
383 8 4 38
1285 8 4 30
2518 8 4 21
2973 8 4 15
2612 8 4 7
3277 8 4 1
2744 8 5 91
1722 8 5 84
5204 8 5 75
220 8 5 67
1743 8 5 58
2981 8 5 51
3266 8 5 44
4765 8 5 37
4472 8 5 28
297 8 5 22
953 8 5 13
103 8 5 8
3813 8 5 1
2195 8 7 91
40 8 7 84
4272 8 7 75
3871 8 7 66
1755 8 7 59
2270 8 7 53
3108 8 7 45
3991 8 7 34
2220 8 7 28
5034 8 7 21
2756 8 7 15
585 8 7 7
2623 8 7 1
1815 8 9 91
4557 8 9 83
2882 8 9 76
1305 8 9 67
218 8 9 58
2932 8 9 51
1350 8 9 44
3136 8 9 37
4270 8 9 28
4095 8 9 21
2020 8 9 15
134 8 9 7
1295 8 9 1
995 8 11 91
2677 8 11 83
1394 8 11 76
3457 8 11 66
59 8 11 59
2259 8 11 53
1170 8 11 45
2250 8 11 34
1706 8 11 28
3831 8 11 21
854 8 11 15
2194 8 11 6
780 8 12 91
670 8 12 83
3796 8 12 75
2192 8 12 66
3048 8 12 58
1649 8 12 51
3983 8 12 43
2714 8 12 36
1183 8 12 29
3516 8 12 13
4699 8 12 7
639 8 13 91
3569 8 13 82
4105 8 13 75
3010 8 13 65
2197 8 13 58
2624 8 13 50
4706 8 13 44
2129 8 13 37
3203 8 13 28
3689 8 13 21
4995 8 13 14
733 8 13 7
4600 8 14 90
4336 8 14 83
1721 8 14 75
2393 8 14 65
1052 8 14 58
2600 8 14 50
3487 8 14 44
1599 8 14 37
2560 8 14 28
3664 8 14 21
3581 8 14 14
4171 8 14 6
3807 8 15 90
3327 8 15 83
1084 8 15 75
186 8 15 65
860 8 15 58
2187 8 15 50
3082 8 15 44
1039 8 15 37
4355 8 15 27
503 8 15 22
844 8 15 13
2169 8 15 7
2789 8 16 90
3284 8 16 83
891 8 16 75
4877 8 16 64
1268 8 16 58
262 8 16 50
2871 8 16 44
765 8 16 37
1775 8 16 27
1603 8 16 21
3388 8 16 14
2219 8 16 6
1853 8 17 90
1790 8 17 83
5056 8 17 74
3269 8 17 68
487 8 17 62
3945 8 17 56
4447 8 17 47
1525 8 17 41
4094 8 17 34
1306 8 17 28
3009 8 17 21
2256 8 17 14
4324 8 17 5
1393 8 18 90
497 8 18 83
4061 8 18 74
2469 8 18 68
420 8 18 62
3302 8 18 56
4260 8 18 47
832 8 18 41
3697 8 18 34
4176 8 18 27
5133 8 18 20
2553 8 18 11
1194 8 18 5
5237 8 19 89
5105 8 19 81
482 8 19 75
3535 8 19 64
992 8 19 58
4690 8 19 49
5033 8 19 42
3246 8 19 36
265 8 19 29
332 8 19 13
2104 8 19 7
4725 9 7 89
3086 9 7 81
271 9 7 75
1184 9 7 64
4023 9 7 57
413 9 7 51
2536 9 7 43
2234 9 7 36
4748 9 7 28
2328 9 7 21
564 9 7 14
3717 9 7 5
3065 9 9 89
1353 9 9 81
4649 9 9 74
416 9 9 68
2472 9 9 61
177 9 9 55
3476 9 9 49
3713 9 9 42
672 9 9 36
663 9 9 28
1824 9 9 21
3469 9 9 13
1957 9 9 7
1212 9 11 89
718 9 11 81
4284 9 11 74
5215 9 11 67
4612 9 11 57
4932 9 11 50
2293 9 11 44
101 9 11 37
1152 9 11 27
4723 9 11 20
2008 9 11 11
83 9 11 5
1030 9 12 89
4953 9 12 80
1509 9 12 72
2806 9 12 65
813 9 12 58
652 9 12 49
3279 9 12 42
300 9 12 36
278 9 12 28
866 9 12 21
3116 9 12 13
1880 9 12 7
597 9 13 89
2780 9 13 80
1340 9 13 72
2736 9 13 65
4712 9 13 57
4379 9 13 50
2257 9 13 44
4776 9 13 36
3466 9 13 27
4653 9 13 20
2168 9 13 10
5152 9 13 1
3744 9 14 88
5201 9 14 79
659 9 14 75
4547 9 14 63
3650 9 14 54
1827 9 14 48
5082 9 14 40
3260 9 14 34
2594 9 14 27
4253 9 14 20
1386 9 14 10
4976 9 14 1
2095 9 15 88
3360 9 15 79
4305 9 15 74
4952 9 15 67
3373 9 15 57
2632 9 15 50
190 9 15 44
2263 9 15 35
2993 9 15 27
4002 9 15 20
759 9 15 10
3318 9 15 1
364 9 16 88
2140 9 16 79
1404 9 16 74
1496 9 16 67
2931 9 16 57
2398 9 16 50
47 9 16 44
1237 9 16 35
2357 9 16 27
3204 9 16 20
126 9 16 10
1382 9 16 2
4896 9 17 87
908 9 17 81
4160 9 17 74
478 9 17 67
2760 9 17 57
2044 9 17 50
4145 9 17 43
1746 9 17 36
2483 9 17 27
3168 9 17 20
65 9 17 10
543 9 17 2
745 9 18 87
2124 9 18 80
1106 9 18 72
2729 9 18 65
4060 9 18 57
3328 9 18 49
5161 9 18 41
403 9 18 34
4018 9 18 26
2815 9 18 21
2324 9 18 13
1731 9 18 7
3750 9 19 86
1538 9 19 81
3915 9 19 74
461 9 19 67
124 9 19 56
3852 9 19 47
237 9 19 41
221 9 19 34
3573 9 19 26
877 9 19 21
2077 9 19 13
1668 9 19 7
5018 10 0 85
2715 10 0 79
1195 10 0 74
4389 10 0 66
1651 10 0 58
113 10 0 49
5036 10 0 41
5135 10 0 33
4523 10 0 28
4007 10 0 20
4492 10 0 9
4322 10 0 1
3800 10 1 85
1926 10 1 79
4732 10 1 73
2963 10 1 66
5220 10 1 57
3158 10 1 49
2540 10 1 40
3053 10 1 34
2311 10 1 26
1481 10 1 20
4303 10 1 9
1588 10 1 1
3430 10 2 85
1836 10 2 79
2989 10 2 73
4581 10 2 65
3932 10 2 57
2090 10 2 49
567 10 2 40
2017 10 2 34
3411 10 2 25
2381 10 2 17
1695 10 2 9
1342 10 2 1
2552 10 3 85
1737 10 3 79
4631 10 3 72
2685 10 3 65
3795 10 3 57
1899 10 3 49
5041 10 3 39
3005 10 3 33
3701 10 3 28
3297 10 3 20
2909 10 3 9
137 10 3 1
1745 10 4 85
1648 10 4 79
2787 10 4 72
1019 10 4 65
2001 10 4 57
426 10 4 49
4622 10 4 39
2712 10 4 33
698 10 4 28
2422 10 4 20
2836 10 4 9
1493 10 4 1
1557 10 5 85
5068 10 5 78
3382 10 5 71
464 10 5 64
2525 10 5 57
5153 10 5 48
3832 10 5 40
1059 10 5 34
3023 10 5 25
1005 10 5 17
1319 10 5 9
653 10 5 1
555 10 7 84
1748 10 7 75
3678 10 7 63
3358 10 7 54
1016 10 7 48
2147 10 7 40
650 10 7 34
330 10 7 25
5167 10 7 16
3195 10 7 10
2657 10 9 82
2695 10 9 75
2903 10 9 63
3303 10 9 54
266 10 9 48
835 10 9 40
3352 10 9 33
3949 10 9 27
2873 10 9 20
1986 10 9 9
1219 10 11 82
2007 10 11 75
2742 10 11 63
1027 10 11 54
4934 10 11 47
4842 10 11 40
1425 10 11 33
1753 10 11 27
1009 10 11 20
1715 10 11 9
4457 11 0 81
3403 11 0 74
4264 11 0 66
4808 11 0 57
3118 11 0 48
3817 11 0 39
2478 11 0 33
1655 11 0 27
4388 11 0 19
1797 11 0 12
1495 11 0 6
907 11 7 81
3186 11 7 74
3836 11 7 66
4780 11 7 57
2848 11 7 48
3604 11 7 39
2030 11 7 33
1615 11 7 27
4266 11 7 19
3202 11 7 11
5021 11 7 4
4313 11 9 77
1000 11 9 70
3349 11 9 62
3173 11 9 56
3354 11 9 47
2558 11 9 40
414 11 9 33
241 11 9 27
4156 11 9 19
1491 11 9 11
4114 11 9 4
4407 11 11 76
3420 11 11 66
4295 11 11 57
1489 11 11 48
3241 11 11 39
1642 11 11 33
5030 11 11 26
4332 11 11 19
1046 11 11 11
3286 11 11 4
3127 11 13 76
3163 11 13 66
2694 11 13 57
1429 11 13 48
2875 11 13 39
950 11 13 33
4909 11 13 26
4115 11 13 19
5055 11 13 10
2602 11 14 76
2727 11 14 66
1834 11 14 57
451 11 14 48
2210 11 14 39
500 11 14 33
4218 11 14 26
2595 11 14 19
4661 11 14 10
795 11 15 62
2641 11 15 56
1677 11 15 47
1413 11 15 40
5131 11 15 32
943 11 15 26
2122 11 15 19
4441 11 15 10
1594 11 17 55
4487 11 17 48
3905 11 17 38
1078 11 17 30
927 11 17 21
1469 11 17 13
1061 11 17 7
4565 11 19 97
2403 11 19 92
673 11 19 86
627 11 19 81
2710 11 19 74
2092 11 19 66
969 11 19 57
3205 11 19 47
772 11 19 40
1460 11 19 32
901 11 19 26
2113 11 19 19
1719 11 19 10
4262 12 0 97
2276 12 0 92
5179 12 0 85
4800 12 0 78
1854 12 0 71
144 12 0 64
1703 12 0 57
1629 12 0 47
5050 12 0 39
3896 12 0 32
173 12 0 26
1130 12 0 19
1064 12 0 10
3612 12 2 96
4384 12 2 91
3294 12 2 82
2958 12 2 74
1974 12 2 66
579 12 2 57
2211 12 2 46
376 12 2 38
4925 12 2 29
3547 12 2 12
247 12 2 6
2573 12 3 96
3243 12 3 91
2975 12 3 82
2801 12 3 74
547 12 3 66
2430 12 3 56
900 12 3 47
3461 12 3 39
3687 12 3 32
123 12 3 26
643 12 3 19
586 12 3 10
731 12 4 96
3101 12 4 91
2954 12 4 82
1769 12 4 74
4507 12 4 65
411 12 4 57
1145 12 4 46
120 12 4 38
4593 12 4 29
2290 12 4 12
4521 12 4 5
1991 12 5 95
711 12 5 88
4950 12 5 78
1098 12 5 71
80 12 5 64
53 12 5 57
1003 12 5 46
4451 12 5 37
776 12 5 27
3386 12 5 19
4402 12 5 9
1299 12 7 95
30 12 7 88
4169 12 7 78
777 12 7 71
1626 12 7 63
3874 12 7 53
4931 12 7 44
169 12 7 35
2157 12 7 27
3028 12 7 19
2580 12 7 9
1245 12 9 95
4640 12 9 87
2051 12 9 80
261 12 9 72
458 12 9 65
212 12 9 57
784 12 9 46
4097 12 9 37
2991 12 9 26
1111 12 9 18
2927 12 9 9
4829 12 17 94
1747 12 17 87
4075 12 17 79
1593 12 17 72
4981 12 17 64
4910 12 17 56
2892 12 17 46
3761 12 17 37
32 12 17 26
4997 12 17 17
1088 12 17 9
2476 12 19 94
1666 12 19 87
554 12 19 79
165 12 19 72
4868 12 19 64
4127 12 19 56
1388 12 19 46
1367 12 19 37
4331 12 19 25
5165 12 19 16
976 12 19 10
3732 13 0 93
4822 13 0 84
1562 13 0 75
948 13 0 63
3550 13 0 53
3473 13 0 44
3901 13 0 34
4707 13 0 24
4112 13 0 18
2611 13 0 9
940 13 1 93
3922 13 1 84
1338 13 1 75
4074 13 1 62
2636 13 1 56
4240 13 1 45
1208 13 1 34
4242 13 1 23
715 13 1 18
2343 13 1 9
607 13 2 93
3553 13 2 84
4882 13 2 74
3802 13 2 65
4001 13 2 56
3778 13 2 45
524 13 2 34
2711 13 2 23
712 13 2 18
4387 13 2 8
2445 13 3 92
5091 13 3 85
3724 13 3 78
433 13 3 71
3819 13 3 62
2577 13 3 56
2633 13 3 45
4683 13 3 33
4045 13 3 26
4652 13 3 17
5154 13 3 8
2189 13 4 92
3594 13 4 85
1062 13 4 78
3414 13 4 70
2992 13 4 62
2101 13 4 56
2125 13 4 45
4538 13 4 33
3342 13 4 26
4042 13 4 17
3975 13 4 8
1399 13 5 92
3117 13 5 85
4066 13 5 77
2897 13 5 69
997 13 5 62
1981 13 5 56
1580 13 5 45
804 13 5 33
2817 13 5 26
1923 13 5 17
360 13 5 8
352 13 7 92
1140 13 7 85
3232 13 7 77
853 13 7 69
828 13 7 62
913 13 7 56
3324 13 7 44
3592 13 7 34
2042 13 7 23
630 13 7 18
3880 13 7 8
4480 13 9 91
2336 13 9 82
4648 13 9 73
4536 13 9 65
3642 13 9 56
1128 13 9 44
3341 13 9 34
1843 13 9 23
5238 13 9 17
166 13 9 8
1961 13 10 91
871 13 10 82
1978 13 10 73
4503 13 10 65
2885 13 10 56
830 13 10 44
5148 13 10 33
4897 13 10 25
4549 13 10 16
2389 13 10 9
918 13 11 91
550 13 11 82
1762 13 11 73
4361 13 11 65
1090 13 11 56
4344 13 11 43
1351 13 11 36
2047 13 11 27
2326 13 11 19
4474 13 11 8
5227 13 12 90
3784 13 12 82
1331 13 12 73
4164 13 12 65
887 13 12 56
2362 13 12 43
763 13 12 36
996 13 12 27
1154 13 12 19
3471 13 12 8
5037 13 13 90
3605 13 13 82
602 13 13 73
3980 13 13 65
213 13 13 56
2089 13 13 43
3679 13 13 35
879 13 13 27
3601 13 13 18
2545 13 13 8
4820 13 14 90
2923 13 14 82
3175 13 14 72
3599 13 14 64
3142 13 14 56
1749 13 14 43
3326 13 14 35
4193 13 14 26
1441 13 14 17
4415 13 14 7
4613 13 15 90
2840 13 15 82
1419 13 15 72
1675 13 15 64
2771 13 15 56
369 13 15 43
1251 13 15 35
4015 13 15 26
781 13 15 17
3799 13 15 7
3444 13 17 90
3680 13 17 81
2203 13 17 74
3641 13 17 65
55 13 17 56
3333 13 17 42
4524 13 17 35
3521 13 17 26
290 13 17 17
2069 13 17 7
2010 14 7 90
1122 14 7 81
391 14 7 74
3490 14 7 65
4068 14 7 55
3501 14 7 48
4570 14 7 37
4256 14 7 25
1151 14 7 16
738 14 7 9
4751 14 9 89
1927 14 9 80
4892 14 9 71
2859 14 9 62
599 14 9 56
3152 14 9 42
3441 14 9 35
61 14 9 26
2043 14 9 16
260 14 9 9
3510 14 10 89
1006 14 10 80
4753 14 10 71
2482 14 10 62
3624 14 10 55
264 14 10 48
2942 14 10 37
2485 14 10 25
476 14 10 16
4227 14 10 8
3169 14 11 89
5115 14 11 79
20 14 11 72
856 14 11 64
1796 14 11 56
3091 14 11 42
3295 14 11 35
1631 14 11 25
1124 14 11 15
5146 14 11 5
2698 14 12 89
2455 14 12 79
5043 14 12 71
1849 14 12 62
3590 14 12 55
210 14 12 48
988 14 12 37
1886 14 12 25
852 14 12 15
258 14 12 5
4222 14 13 88
3006 14 13 78
465 14 13 70
2534 14 13 62
87 14 13 55
3253 14 13 47
3396 14 13 39
3270 14 13 31
4067 14 13 24
2496 14 13 18
2237 14 13 8
4192 14 14 88
2248 14 14 78
162 14 14 70
1488 14 14 62
4662 14 14 54
4254 14 14 47
2748 14 14 39
2972 14 14 31
3546 14 14 24
2338 14 14 18
4696 14 14 7
4715 14 15 87
93 14 15 79
4883 14 15 71
1822 14 15 62
2524 14 15 54
4170 14 15 47
2173 14 15 39
2792 14 15 31
2915 14 15 24
1921 14 15 18
3083 14 15 6
4574 14 17 87
4604 14 17 78
4942 14 17 69
2733 14 17 61
3957 14 17 54
2435 14 17 47
4587 14 17 38
3938 14 17 29
25 14 17 12
2056 14 17 5
2084 14 18 87
4514 14 18 78
4561 14 18 69
2401 14 18 61
3308 14 18 54
1508 14 18 47
2816 14 18 38
3405 14 18 29
91 14 18 11
242 14 18 4
801 14 19 86
377 14 19 81
4350 14 19 73
2996 14 19 65
1925 14 19 55
2810 14 19 47
1566 14 19 38
3067 14 19 29
1792 14 19 10
275 15 0 86
4955 15 0 80
2835 15 0 71
4861 15 0 61
3159 15 0 54
3943 15 0 46
4232 15 0 36
138 15 0 27
2533 15 0 18
3178 15 0 5
3228 15 1 85
2628 15 1 77
4566 15 1 68
1619 15 1 61
1883 15 1 54
3671 15 1 46
2916 15 1 36
3574 15 1 26
1976 15 1 16
3864 15 1 8
3128 15 2 83
3875 15 2 74
2299 15 2 65
685 15 2 55
603 15 2 47
1467 15 2 38
1249 15 2 29
3197 15 2 8
1014 15 3 83
3431 15 3 74
1652 15 3 65
3571 15 3 54
2768 15 3 46
4485 15 3 35
136 15 3 25
4998 15 3 14
1598 15 3 5
2409 15 4 82
304 15 4 72
782 15 4 64
1354 15 4 56
2243 15 4 40
649 15 4 32
4091 15 4 25
3520 15 4 14
1012 15 4 5
769 15 7 82
4417 15 7 71
4719 15 7 61
679 15 7 54
2371 15 7 46
4135 15 7 35
4624 15 7 24
2431 15 7 17
1800 15 7 7
2208 15 15 79
4656 15 15 71
3966 15 15 61
4452 15 15 53
3115 15 15 44
4029 15 15 33
4409 15 15 25
4299 15 15 12
1621 15 15 5
1307 15 16 79
4334 15 16 71
2904 15 16 61
3881 15 16 53
5092 15 16 43
191 15 16 35
1117 15 16 24
1455 15 16 17
4863 15 16 6
3988 15 17 77
4475 15 17 68
1418 15 17 61
3381 15 17 53
1188 15 17 43
4867 15 17 34
790 15 17 23
4636 15 17 17
2831 15 17 6
145 15 18 75
1692 15 18 62
2410 15 18 54
4459 15 18 45
4938 15 18 32
2755 15 18 25
3616 15 18 12
1514 15 18 5
4187 15 19 74
1630 15 19 65
301 15 19 54
4203 15 19 45
4537 15 19 32
2063 15 19 25
1512 15 19 11
2145 15 19 3
935 16 0 73
2417 16 0 65
3776 16 0 53
5122 16 0 42
3076 16 0 35
821 16 0 24
1198 16 0 17
3794 16 0 5
3937 16 7 95
3447 16 7 87
1296 16 7 78
3635 16 7 69
613 16 7 61
3249 16 7 53
3554 16 7 42
2183 16 7 35
2464 16 7 23
3758 16 7 17
1102 16 7 5
4367 16 8 94
1552 16 8 87
1108 16 8 78
3532 16 8 69
5052 16 8 60
2082 16 8 54
3481 16 8 45
3711 16 8 32
1718 16 8 25
2467 16 8 10
1177 16 9 94
343 16 9 87
3059 16 9 77
3665 16 9 68
1223 16 9 61
2804 16 9 53
3498 16 9 42
809 16 9 35
1011 16 9 23
1148 16 9 17
2613 16 9 4
834 16 10 94
4046 16 10 86
2765 16 10 80
2308 16 10 71
2200 16 10 61
1859 16 10 53
2076 16 10 42
63 16 10 35
2074 16 10 22
728 16 10 13
119 16 10 7
700 16 11 94
2893 16 11 86
2762 16 11 80
2022 16 11 71
869 16 11 61
5214 16 11 52
517 16 11 45
3560 16 11 32
1279 16 11 25
1182 16 11 10
2519 16 13 93
3442 16 13 84
4064 16 13 74
1616 16 13 65
2117 16 13 53
1191 16 13 42
1451 16 13 34
3364 16 13 22
485 16 13 13
4520 16 13 6
4964 16 14 92
537 16 14 85
2177 16 14 77
2032 16 14 68
4833 16 14 60
350 16 14 54
551 16 14 45
1091 16 14 32
4408 16 14 24
153 16 14 17
1840 16 14 4
171 16 15 92
518 16 15 85
878 16 15 77
1407 16 15 68
4726 16 15 60
4729 16 15 53
4900 16 15 41
4832 16 15 33
4359 16 15 25
406 16 15 10
4710 17 0 91
475 17 0 82
4809 17 0 70
488 17 0 62
2184 17 0 54
298 17 0 45
634 17 0 32
3981 17 0 24
4635 17 0 16
2555 17 0 8
2741 17 2 91
4584 17 2 81
1863 17 2 73
2351 17 2 65
4239 17 2 52
5114 17 2 44
3618 17 2 33
4078 17 2 25
4147 17 2 9
1395 17 4 91
3984 17 4 81
1453 17 4 73
1029 17 4 65
3215 17 4 52
5014 17 4 44
1241 17 4 33
2441 17 4 25
4617 17 4 8
1162 17 5 91
3628 17 5 81
2584 17 5 72
77 17 5 63
3216 17 5 53
2046 17 5 41
4181 17 5 33
1278 17 5 25
4194 17 5 7
5232 17 7 90
1058 17 7 80
1907 17 7 71
110 17 7 61
4759 17 7 52
4251 17 7 44
378 17 7 33
481 17 7 25
3020 17 7 5
5035 17 8 90
222 17 8 80
109 17 8 71
4246 17 8 60
3380 17 8 53
314 17 8 41
2794 17 8 33
5172 17 8 24
4265 17 8 16
1900 17 8 8
4150 17 9 90
26 17 9 80
4533 17 9 70
4749 17 9 61
3029 17 9 52
1487 17 9 44
5139 17 9 32
3806 17 9 24
2940 17 9 16
967 17 9 8
4004 17 10 90
4280 17 10 78
2564 17 10 69
1970 17 10 60
4895 17 10 52
985 17 10 44
5023 17 10 32
2202 17 10 24
2922 17 10 16
4702 17 10 7
3693 17 11 90
937 17 11 78
2078 17 11 69
4866 17 11 59
1937 17 11 53
1273 17 11 40
4531 17 11 31
771 17 11 24
2386 17 11 16
785 17 11 7
1036 17 13 90
2949 17 13 77
4873 17 13 67
4899 17 13 55
4072 17 13 46
2547 17 13 35
1866 17 13 22
34 17 13 13
735 17 13 6
4296 17 14 89
1103 17 14 79
3506 17 14 71
3508 17 14 60
4201 17 14 52
8 17 14 44
4920 17 14 32
1959 17 14 24
1543 17 14 16
2782 17 14 6
1406 17 15 89
706 17 15 79
1575 17 15 71
3379 17 15 60
2813 17 15 52
905 17 15 43
2826 17 15 34
3859 17 15 21
1433 17 15 13
611 17 15 6
609 17 17 89
4161 17 17 78
1667 17 17 69
2971 17 17 59
1109 17 17 53
699 17 17 40
3933 17 17 31
4905 17 17 23
994 17 17 17
3218 17 17 2
1313 17 18 88
1242 17 18 78
182 17 18 69
2504 17 18 59
987 17 18 53
1479 17 18 39
1810 17 18 31
2370 17 18 23
569 17 18 17
705 17 18 2
456 17 19 88
486 17 19 78
5213 17 19 68
2143 17 19 60
2286 17 19 52
3912 17 19 42
5196 17 19 33
4674 17 19 24
640 17 19 16
4058 17 19 5
5192 18 0 87
1829 18 0 77
4838 18 0 67
4738 18 0 55
3810 18 0 46
1317 18 0 35
1786 18 0 22
5211 18 0 12
1172 18 0 5
4595 18 2 87
714 18 2 77
4048 18 2 67
796 18 2 55
3211 18 2 46
760 18 2 35
1520 18 2 22
150 18 2 12
814 18 2 5
1397 18 4 87
473 18 4 77
2218 18 4 67
4621 18 4 54
4522 18 4 44
3970 18 4 32
897 18 4 24
545 18 4 16
3708 18 4 5
1387 19 0 87
4731 19 0 76
2274 19 0 66
1887 19 0 56
2227 19 0 40
3256 19 0 31
1160 19 0 23
229 19 0 17
3051 19 0 1
1485 19 2 86
2471 19 2 80
4360 19 2 70
4179 19 2 61
1764 19 2 52
3902 19 2 42
5069 19 2 33
1811 19 2 24
4302 19 2 15
3657 19 2 4
1431 19 3 86
2164 19 3 80
3827 19 3 70
3913 19 3 61
1555 19 3 52
3730 19 3 42
1112 19 3 33
1192 19 3 24
3533 19 3 15
2647 19 3 4
910 19 4 86
926 19 4 80
3667 19 4 70
2974 19 4 61
1446 19 4 52
2917 19 4 42
5072 19 4 32
661 19 4 24
1262 19 4 15
1577 19 4 4
756 19 6 86
4708 19 6 79
573 19 6 71
2136 19 6 60
5200 19 6 51
2412 19 6 43
1573 19 6 34
2911 19 6 21
4577 19 6 12
595 19 6 5
4975 19 7 85
3999 19 7 76
2133 19 7 66
4795 19 7 55
2630 19 7 46
3133 19 7 34
2222 19 7 21
2505 19 7 12
217 19 7 5
223 19 8 85
3392 19 8 76
1914 19 8 66
3002 19 8 55
1120 19 8 46
1303 19 8 34
2735 19 8 20
578 19 8 9
5176 19 9 84
2845 19 9 74
370 19 9 65
1641 19 9 52
2750 19 9 42
92 19 9 32
2809 19 9 23
3421 19 9 16
2876 19 9 5
2663 19 10 84
2761 19 10 74
3424 19 10 64
1085 19 10 56
2021 19 10 40
2704 19 10 31
4206 19 10 22
3769 19 10 11
1999 19 10 3
2648 19 11 84
1770 19 11 74
4831 19 11 63
2390 19 11 53
949 19 11 39
1221 19 11 31
2914 19 11 22
3104 19 11 11
2655 19 11 2
180 19 12 84
4660 19 12 73
970 19 12 65
1789 19 12 51
1499 19 12 43
4289 19 12 33
1166 19 12 24
3107 19 12 14
294 19 12 5
3965 19 13 82
3374 19 13 70
1173 19 13 61
484 19 13 52
442 19 13 42
4815 19 13 31
2586 19 13 22
2005 19 13 11
2610 19 13 2
3684 19 14 82
3507 19 14 69
239 19 14 59
4770 19 14 52
2579 19 14 41
2382 19 14 33
4080 19 14 23
2057 19 14 16
2842 19 14 5
5039 19 15 80
3629 19 15 70
3633 19 15 60
3597 19 15 51
3045 19 15 42
4430 19 15 31
2521 19 15 22
1839 19 15 11
2486 19 15 2
2150 19 16 80
3412 19 16 70
3199 19 16 60
2898 19 16 51
3031 19 16 42
1081 19 16 31
2073 19 16 22
4665 19 16 10
4463 19 17 78
3929 19 17 67
4605 19 17 54
4300 19 17 44
3654 19 17 32
2800 19 17 23
3183 19 17 15
1428 19 17 4
3936 19 18 78
4535 19 18 66
357 19 18 55
3919 19 18 45
1662 19 18 31
1287 19 18 22
4037 19 18 10
560 19 19 76
1415 19 19 66
4267 19 19 52
1817 19 19 41
1503 19 19 33
2678 19 19 23
1114 19 19 15
2930 19 19 3
