2341
3530 0 0 98
3432 0 0 96
1728 0 0 94
3263 0 0 91
2458 0 0 88
1467 0 0 86
1502 0 0 83
1908 0 0 80
257 0 0 77
3581 0 0 75
1095 0 0 72
1600 0 0 70
1591 0 0 68
81 0 0 65
3133 0 0 63
878 0 0 61
3416 0 0 58
2997 0 0 55
2116 0 0 52
988 0 0 49
3053 0 0 45
2532 0 0 43
2084 0 0 40
3300 0 0 35
1573 0 0 32
3565 0 0 30
2568 0 0 25
3325 0 0 23
1304 0 0 21
1033 0 0 16
975 0 0 13
1886 0 0 11
3034 0 0 7
2407 0 0 5
3116 0 0 2
1260 0 1 98
1394 0 1 94
3551 0 1 90
2357 0 1 87
2741 0 1 84
2350 0 1 81
226 0 1 77
55 0 1 74
3613 0 1 70
3033 0 1 67
173 0 1 65
969 0 1 62
2626 0 1 59
2605 0 1 55
1628 0 1 51
1570 0 1 47
1195 0 1 45
1204 0 1 42
2880 0 1 39
169 0 1 36
1826 0 1 31
628 0 1 28
985 0 1 26
1159 0 1 24
2712 0 1 22
1077 0 1 19
2635 0 1 16
3021 0 1 12
1647 0 1 8
2963 0 1 4
2520 0 1 1
1451 0 2 97
3265 0 2 92
2700 0 2 89
2549 0 2 86
188 0 2 83
1562 0 2 79
3362 0 2 76
3199 0 2 73
1621 0 2 71
2920 0 2 68
3379 0 2 64
1741 0 2 60
1627 0 2 56
3206 0 2 54
2438 0 2 51
2037 0 2 46
738 0 2 44
3492 0 2 41
753 0 2 37
3374 0 2 32
688 0 2 28
1508 0 2 25
2331 0 2 22
125 0 2 19
1462 0 2 16
3073 0 2 11
2406 0 2 7
1827 0 2 3
1862 0 3 96
1150 0 3 92
1714 0 3 88
1136 0 3 84
2822 0 3 80
3364 0 3 76
1989 0 3 73
1829 0 3 70
89 0 3 66
3426 0 3 63
1819 0 3 60
1267 0 3 56
308 0 3 54
1612 0 3 51
491 0 3 46
1428 0 3 42
3002 0 3 37
2696 0 3 31
3322 0 3 27
3064 0 3 25
1132 0 3 21
346 0 3 16
1771 0 3 10
2147 0 3 6
2733 0 3 4
703 0 4 96
945 0 4 92
857 0 4 88
3114 0 4 83
1346 0 4 79
2367 0 4 74
772 0 4 70
2669 0 4 65
90 0 4 62
2745 0 4 58
678 0 4 55
2967 0 4 50
1246 0 4 48
2692 0 4 44
651 0 4 40
3605 0 4 34
391 0 4 32
622 0 4 28
3173 0 4 24
1652 0 4 22
3635 0 4 18
943 0 4 15
787 0 4 13
3232 0 4 10
1805 0 4 6
3634 0 4 2
697 0 5 96
640 0 5 91
1721 0 5 87
2032 0 5 84
2541 0 5 80
2800 0 5 76
189 0 5 72
1378 0 5 70
877 0 5 65
1256 0 5 61
2689 0 5 58
150 0 5 55
2280 0 5 50
2402 0 5 46
2066 0 5 41
3341 0 5 35
1363 0 5 32
202 0 5 28
1444 0 5 24
1765 0 5 20
3344 0 5 17
3303 0 5 15
3402 0 5 11
1450 0 5 7
1822 0 5 3
3610 0 6 95
2816 0 6 91
353 0 6 87
1393 0 6 84
2526 0 6 80
2842 0 6 75
2475 0 6 71
781 0 6 67
1893 0 6 64
1345 0 6 60
3187 0 6 55
1110 0 6 50
3005 0 6 44
1453 0 6 39
3249 0 6 35
2104 0 6 31
2109 0 6 27
709 0 6 23
3499 0 6 20
527 0 6 17
3484 0 6 14
364 0 6 9
2003 0 6 7
1657 0 6 3
1545 0 7 95
627 0 7 91
2040 0 7 86
3302 0 7 82
2646 0 7 78
3386 0 7 74
3220 0 7 69
3468 0 7 66
1411 0 7 63
1389 0 7 60
2511 0 7 55
567 0 7 50
1649 0 7 44
297 0 7 39
3081 0 7 34
3088 0 7 30
1595 0 7 25
121 0 7 21
1094 0 7 15
2062 0 7 11
1320 0 7 7
1275 0 7 3
1266 0 8 95
351 0 8 91
1899 0 8 86
2316 0 8 81
2492 0 8 76
2240 0 8 71
3366 0 8 65
145 0 8 61
3532 0 8 56
2831 0 8 53
2119 0 8 49
1602 0 8 45
2709 0 8 41
2162 0 8 35
2918 0 8 30
1574 0 8 25
2623 0 8 20
3148 0 8 15
1377 0 8 11
638 0 8 7
2039 0 8 2
580 0 9 93
812 0 9 91
1880 0 9 86
2017 0 9 81
2185 0 9 76
1344 0 9 71
639 0 9 65
1587 0 9 60
209 0 9 55
3611 0 9 49
1579 0 9 45
701 0 9 41
2101 0 9 35
2302 0 9 30
3274 0 9 24
1691 0 9 20
2662 0 9 15
805 0 9 11
1631 0 9 6
3454 0 9 2
2560 0 10 92
3188 0 10 87
1534 0 10 83
1933 0 10 78
3252 0 10 74
3166 0 10 69
3298 0 10 66
3621 0 10 62
2547 0 10 58
1258 0 10 54
162 0 10 51
2739 0 10 45
2859 0 10 40
3398 0 10 34
2731 0 10 30
3211 0 10 24
1391 0 10 19
1170 0 10 15
2778 0 10 10
2751 0 10 5
3431 0 10 1
303 0 11 92
1043 0 11 87
3488 0 11 81
2000 0 11 76
186 0 11 70
383 0 11 65
3104 0 11 57
464 0 11 54
2977 0 11 50
3420 0 11 43
2488 0 11 39
1277 0 11 34
445 0 11 30
3012 0 11 24
913 0 11 19
602 0 11 15
2169 0 11 10
3515 0 11 4
3401 0 12 91
214 0 12 86
78 0 12 81
2702 0 12 75
2252 0 12 71
1332 0 12 64
2427 0 12 59
2155 0 12 54
1515 0 12 50
686 0 12 43
775 0 12 37
1659 0 12 31
2058 0 12 27
2954 0 12 22
3158 0 12 17
3421 0 12 14
3190 0 12 8
244 0 12 4
3018 0 13 91
3154 0 13 85
3267 0 13 81
960 0 13 74
2011 0 13 69
1848 0 13 65
1853 0 13 57
980 0 13 52
2327 0 13 48
156 0 13 43
2990 0 13 36
788 0 13 31
1947 0 13 27
2303 0 13 22
2550 0 13 17
2103 0 13 14
2884 0 13 8
3240 0 13 3
2857 0 14 91
2140 0 14 85
2624 0 14 81
98 0 14 74
1454 0 14 69
1653 0 14 64
2493 0 14 58
2336 0 14 53
1852 0 14 49
3400 0 14 44
2973 0 14 38
2925 0 14 34
1412 0 14 29
3164 0 14 26
1694 0 14 22
1713 0 14 17
525 0 14 14
2209 0 14 8
712 0 14 3
498 0 15 91
1622 0 15 85
455 0 15 81
95 0 15 74
653 0 15 69
1121 0 15 64
1082 0 15 58
1681 0 15 53
3108 0 15 48
3494 0 15 42
1553 0 15 37
1126 0 15 31
1856 0 15 27
1844 0 15 22
175 0 15 17
2189 0 15 12
3380 0 15 7
1466 0 15 2
1898 0 16 90
1785 0 16 87
2856 0 16 81
2811 0 16 73
1683 0 16 68
2891 0 16 63
495 0 16 60
1487 0 16 54
908 0 16 50
3609 0 16 42
1543 0 16 37
510 0 16 31
710 0 16 27
1221 0 16 22
3618 0 16 16
467 0 16 9
3162 0 16 1
1210 0 17 90
717 0 17 87
2203 0 17 80
2429 0 17 75
1812 0 17 71
1760 0 17 63
2988 0 17 59
2285 0 17 52
1558 0 17 47
3115 0 17 43
2840 0 17 36
2644 0 17 30
1909 0 17 24
482 0 17 18
768 0 17 14
1373 0 17 8
948 0 17 2
224 0 18 90
3572 0 18 86
2817 0 18 80
2218 0 18 75
327 0 18 71
1351 0 18 62
1961 0 18 58
1290 0 18 53
3027 0 18 48
3225 0 18 42
1243 0 18 37
507 0 18 31
2994 0 18 26
3525 0 18 21
894 0 18 15
1560 0 18 10
3347 0 18 4
1942 0 19 89
77 0 19 86
1892 0 19 80
997 0 19 75
84 0 19 70
3446 0 19 64
2611 0 19 57
578 0 19 52
1538 0 19 47
538 0 19 43
793 0 19 36
1539 0 19 30
1369 0 19 24
3448 0 19 17
158 0 19 12
2784 0 19 7
321 0 19 2
1102 2 0 89
2678 2 0 85
408 2 0 81
2356 2 0 73
1561 2 0 68
2682 2 0 63
2414 2 0 58
1072 2 0 53
725 2 0 48
2980 2 0 42
280 2 0 37
421 2 0 31
1887 2 0 26
1615 2 0 21
881 2 0 15
3356 2 0 9
2755 2 0 1
461 2 1 89
3396 2 1 84
2323 2 1 80
3562 2 1 74
1336 2 1 68
1935 2 1 63
2262 2 1 58
271 2 1 53
695 2 1 48
1380 2 1 42
1585 2 1 36
1038 2 1 30
1338 2 1 24
2747 2 1 17
3245 2 1 11
2593 2 1 5
3214 2 1 1
299 2 2 89
3023 2 2 84
1131 2 2 80
2557 2 2 74
336 2 2 67
3139 2 2 63
1604 2 2 58
231 2 2 53
2510 2 2 47
1115 2 2 42
941 2 2 36
378 2 2 30
2586 2 2 23
2677 2 2 20
1641 2 2 15
2868 2 2 9
2567 2 2 1
708 2 3 88
2706 2 3 83
1777 2 3 78
1522 2 3 74
3600 2 3 66
704 2 3 61
1565 2 3 56
2757 2 3 53
193 2 3 47
3059 2 3 41
361 2 3 35
449 2 3 30
1196 2 3 23
3461 2 3 19
176 2 3 15
3371 2 3 8
818 2 3 2
413 2 4 88
2565 2 4 83
914 2 4 78
446 2 4 74
3584 2 4 66
3557 2 4 60
3625 2 4 53
2530 2 4 46
2487 2 4 40
2325 2 4 34
2294 2 4 28
2373 2 4 23
3288 2 4 19
1891 2 4 14
938 2 4 8
2649 2 4 1
3638 2 6 87
1455 2 6 80
1209 2 6 74
3381 2 6 66
2749 2 6 60
1385 2 6 53
519 2 6 46
1499 2 6 40
961 2 6 34
1388 2 6 27
799 2 6 21
685 2 6 15
2466 2 6 8
1792 2 6 1
2849 2 8 87
1242 2 8 80
73 2 8 74
3202 2 8 66
1842 2 8 60
813 2 8 53
199 2 8 46
1140 2 8 40
220 2 8 34
1071 2 8 27
2359 2 8 20
1374 2 8 15
1923 2 8 8
1639 2 8 1
2806 2 9 86
3003 2 9 79
2001 2 9 74
1026 2 9 66
949 2 9 60
432 2 9 53
3186 2 9 45
1966 2 9 40
2347 2 9 33
2524 2 9 29
1448 2 9 25
2536 2 9 20
358 2 9 15
1781 2 9 8
1571 2 9 1
2266 2 10 86
2619 2 10 79
1001 2 10 74
1867 2 10 65
1726 2 10 57
496 2 10 52
2972 2 10 46
87 2 10 40
1704 2 10 33
986 2 10 29
3520 2 10 24
2122 2 10 17
405 2 10 11
2432 2 10 5
2727 2 10 1
250 2 12 86
1990 2 12 79
377 2 12 74
1104 2 12 65
1250 2 12 57
837 2 12 51
2738 2 12 45
392 2 12 40
1526 2 12 33
899 2 12 28
304 2 12 23
2775 2 12 19
136 2 12 14
3142 2 12 7
2827 2 12 1
2957 2 13 84
339 2 13 79
3571 2 13 73
3436 2 13 67
2975 2 13 63
282 2 13 58
85 2 13 53
2178 2 13 45
3413 2 13 39
550 2 13 34
211 2 13 27
1943 2 13 20
2167 2 13 14
2391 2 13 7
2300 2 13 1
2128 2 14 84
29 2 14 79
2434 2 14 73
3167 2 14 67
129 2 14 62
1698 2 14 58
3487 2 14 52
2286 2 14 46
28 2 14 40
1112 2 14 33
3070 2 14 27
21 2 14 20
1235 2 14 14
3255 2 14 6
746 2 14 2
500 2 16 84
3204 2 16 78
3184 2 16 73
2342 2 16 67
62 2 16 62
1248 2 16 58
1907 2 16 52
1865 2 16 46
3519 2 16 39
2645 2 16 33
3320 2 16 26
3251 2 16 20
1662 2 16 13
3183 2 16 10
3271 2 16 4
2968 2 17 83
51 2 17 78
406 2 17 73
1211 2 17 66
3500 2 17 59
2273 2 17 52
1299 2 17 46
2435 2 17 39
2154 2 17 33
2834 2 17 26
2195 2 17 19
2263 2 17 12
2748 2 17 7
3335 2 17 1
2200 2 18 83
1546 2 18 77
2875 2 18 73
1567 2 18 65
160 2 18 56
1774 2 18 52
2787 2 18 45
3289 2 18 38
1323 2 18 33
1294 2 18 26
1288 2 18 19
1920 2 18 12
2668 2 18 7
1759 2 18 1
1930 2 19 83
149 2 19 77
2950 2 19 71
1261 2 19 62
286 2 19 58
492 2 19 51
1608 2 19 45
683 2 19 38
261 2 19 33
93 2 19 26
720 2 19 19
436 2 19 12
1494 2 19 7
830 2 19 1
3321 3 0 82
1037 3 0 78
180 3 0 73
3361 3 0 64
1495 3 0 57
94 3 0 51
674 3 0 45
132 3 0 38
2995 3 0 32
2687 3 0 27
2075 3 0 19
3491 3 0 11
2279 3 0 5
1864 3 0 1
1190 3 1 82
895 3 1 78
1758 3 1 72
355 3 1 70
2721 3 1 64
524 3 1 57
1589 3 1 50
3192 3 1 42
3399 3 1 35
3522 3 1 29
26 3 1 24
1489 3 1 17
2966 3 1 10
46 3 1 4
2790 3 2 81
2129 3 2 73
1516 3 2 63
1398 3 2 57
1283 3 2 50
2592 3 2 42
3008 3 2 35
3480 3 2 29
1815 3 2 23
798 3 2 19
1900 3 2 11
953 3 2 5
439 3 2 1
2575 3 3 80
3620 3 3 73
959 3 3 63
2910 3 3 56
177 3 3 52
2582 3 3 45
1810 3 3 37
122 3 3 31
1459 3 3 26
3044 3 3 18
1607 3 3 13
61 3 3 10
3339 3 3 3
2258 3 4 79
1767 3 4 73
928 3 4 63
1913 3 4 56
2632 3 4 51
3549 3 4 44
1985 3 4 38
1861 3 4 32
2522 3 4 27
1232 3 4 19
1811 3 4 11
2663 3 4 4
3123 3 6 78
448 3 6 72
2124 3 6 69
3308 3 6 63
1472 3 6 56
52 3 6 51
2587 3 6 44
636 3 6 38
1754 3 6 32
523 3 6 25
2095 3 6 20
1186 3 6 13
3624 3 6 9
1738 3 6 1
2563 3 8 70
1185 3 8 64
3330 3 8 56
2477 3 8 49
2288 3 8 44
576 3 8 38
833 3 8 32
80 3 8 25
1469 3 8 20
713 3 8 13
2958 3 8 9
1253 3 8 1
1916 3 9 69
3291 3 9 63
385 3 9 56
1215 3 9 49
3352 3 9 43
744 3 9 36
25 3 9 30
3547 3 9 22
1497 3 9 16
2399 3 9 8
463 3 9 1
1854 3 10 65
2681 3 10 55
2785 3 10 49
2768 3 10 43
234 3 10 36
1720 3 10 29
1184 3 10 23
655 3 10 19
1409 3 10 11
1761 3 10 4
1937 3 12 60
3512 3 12 52
1919 3 12 45
3132 3 12 36
2642 3 12 28
3269 3 12 22
903 3 12 16
1327 3 12 8
1 3 13 98
1366 3 13 94
1921 3 13 90
2797 3 13 85
1668 3 13 80
2933 3 13 73
754 3 13 63
1729 3 13 55
2774 3 13 49
680 3 13 43
2334 3 13 35
3456 3 13 29
174 3 13 23
2750 3 13 18
2578 3 13 12
819 3 13 6
3323 3 14 96
2823 3 14 90
196 3 14 85
1474 3 14 80
3612 3 14 72
770 3 14 68
399 3 14 63
526 3 14 55
222 3 14 49
203 3 14 43
2078 3 14 34
2618 3 14 26
2436 3 14 18
707 3 14 12
749 3 14 6
2936 3 16 96
2499 3 16 90
3031 3 16 84
3058 3 16 78
2308 3 16 71
338 3 16 62
3329 3 16 57
451 3 16 50
1939 3 16 41
2886 3 16 34
1028 3 16 26
950 3 16 18
3318 3 16 11
659 3 16 4
1436 3 17 96
1303 3 17 90
855 3 17 84
930 3 17 78
1803 3 17 71
2921 3 17 61
1420 3 17 56
2805 3 17 48
551 3 17 42
2861 3 17 33
690 3 17 25
2653 3 17 19
481 3 17 10
1192 3 17 3
278 3 18 96
3122 3 18 89
1285 3 18 84
3550 3 18 77
2018 3 18 71
1206 3 18 60
1688 3 18 52
1875 3 18 45
1978 3 18 36
1362 3 18 28
3616 3 18 21
1118 3 18 14
1251 3 18 6
2779 3 19 95
2720 3 19 90
3561 3 19 83
3489 3 19 76
1889 3 19 69
3036 3 19 63
3120 3 19 54
777 3 19 50
2932 3 19 40
2225 3 19 32
2599 3 19 24
3276 3 19 16
859 3 19 8
1337 4 4 95
2085 4 4 90
2234 4 4 83
2443 4 4 76
1078 4 4 69
583 4 4 63
2009 4 4 54
2378 4 4 49
116 4 4 43
3351 4 4 33
644 4 4 25
2355 4 4 19
249 4 4 10
528 4 4 3
283 4 6 95
807 4 6 90
2227 4 6 83
3471 4 6 75
3024 4 6 69
58 4 6 63
3608 4 6 53
1703 4 6 45
1766 4 6 35
2268 4 6 29
1040 4 6 22
402 4 6 16
396 4 6 8
912 4 8 94
571 4 8 90
1701 4 8 83
3112 4 8 75
2664 4 8 69
3637 4 8 62
1081 4 8 57
2786 4 8 49
3095 4 8 42
2656 4 8 33
5 4 8 25
2205 4 8 18
2606 4 8 11
521 4 8 4
2447 4 12 93
1134 4 12 89
650 4 12 84
2764 4 12 77
2007 4 12 71
2299 4 12 59
2056 4 12 52
3069 4 12 44
2397 4 12 37
56 4 12 31
1292 4 12 26
100 4 12 18
2163 4 12 11
306 4 12 4
2335 4 16 93
826 4 16 89
237 4 16 84
2324 4 16 77
589 4 16 71
747 4 16 59
1548 4 16 52
501 4 16 44
2375 4 16 37
3006 4 16 30
3504 4 16 22
106 4 16 16
3253 4 16 7
1994 5 0 93
2467 5 0 88
1739 5 0 83
1544 5 0 75
2610 5 0 69
3606 5 0 62
3177 5 0 56
2328 5 0 48
3419 5 0 41
979 5 0 34
2 5 0 26
1372 5 0 17
2638 5 0 10
422 5 0 3
1097 5 1 93
2401 5 1 88
3239 5 1 82
927 5 1 77
2463 5 1 70
944 5 1 64
2267 5 1 56
1442 5 1 48
2160 5 1 41
884 5 1 34
3311 5 1 24
2631 5 1 16
3212 5 1 7
767 5 2 93
692 5 2 88
1959 5 2 82
875 5 2 77
2269 5 2 70
845 5 2 64
2264 5 2 56
729 5 2 47
292 5 2 41
113 5 2 34
2376 5 2 24
2125 5 2 16
1877 5 2 7
157 5 4 93
2054 5 4 87
517 5 4 80
2365 5 4 72
2983 5 4 67
3623 5 4 59
989 5 4 52
3260 5 4 43
1087 5 4 33
2097 5 4 24
1068 5 4 16
743 5 4 7
1239 5 6 92
3349 5 6 86
1105 5 6 79
3054 5 6 72
2883 5 6 67
2604 5 6 59
470 5 6 52
50 5 6 43
630 5 6 33
1982 5 6 24
1021 5 6 16
3418 5 6 6
861 5 8 92
24 5 8 86
557 5 8 79
2627 5 8 72
272 5 8 67
3516 5 8 58
3010 5 8 50
2318 5 8 40
2201 5 8 32
2034 5 8 24
3243 5 8 15
1679 5 8 8
486 5 10 92
2657 5 10 85
238 5 10 80
1557 5 10 72
3332 5 10 66
3219 5 10 59
2637 5 10 51
2322 5 10 44
1753 5 10 37
2879 5 10 30
3068 5 10 22
3015 5 10 15
844 5 10 8
3284 5 12 91
522 5 12 85
3235 5 12 79
2344 5 12 72
2073 5 12 66
3198 5 12 59
1194 5 12 51
763 5 12 44
905 5 12 37
2387 5 12 30
1790 5 12 22
1381 5 12 15
2566 5 12 7
2685 5 14 91
295 5 14 85
2676 5 14 79
1318 5 14 72
1133 5 14 66
2420 5 14 59
350 5 14 51
2588 5 14 43
3449 5 14 32
1559 5 14 24
2015 5 14 15
389 5 14 7
1308 5 15 91
2239 5 15 84
1685 5 15 77
1119 5 15 70
706 5 15 64
1620 5 15 56
1016 5 15 46
1906 5 15 39
1824 5 15 33
1059 5 15 24
1066 5 15 15
2715 5 15 6
854 5 16 91
1191 5 16 84
1603 5 16 77
858 5 16 70
3354 5 16 63
2809 5 16 53
460 5 16 45
1457 5 16 34
2236 5 16 24
582 5 16 15
2230 5 16 6
27 5 18 91
867 5 18 84
952 5 18 77
329 5 18 70
3317 5 18 63
1748 5 18 53
3037 5 18 44
3264 5 18 36
693 5 18 28
2860 5 18 21
569 5 18 14
1145 5 18 6
2946 5 19 90
957 5 19 83
841 5 19 75
2374 5 19 69
3261 5 19 62
963 5 19 56
397 5 19 46
3028 5 19 38
3228 5 19 31
2746 5 19 25
2091 5 19 18
2086 5 19 11
3588 5 19 3
2243 6 0 90
341 6 0 83
3497 6 0 74
1014 6 0 65
2518 6 0 55
2934 6 0 48
2117 6 0 41
96 6 0 34
883 6 0 24
2926 6 0 14
459 6 0 6
654 6 1 90
3508 6 1 82
115 6 1 77
3521 6 1 69
1155 6 1 62
2894 6 1 55
2431 6 1 48
367 6 1 41
3150 6 1 33
3080 6 1 23
2450 6 1 18
1912 6 1 11
1153 6 1 3
2412 6 2 89
3564 6 2 83
2810 6 2 74
876 6 2 65
2111 6 2 55
2231 6 2 48
705 6 2 39
30 6 2 33
3038 6 2 23
1950 6 2 18
3518 6 2 10
14 6 2 3
3544 6 4 88
1216 6 4 82
36 6 4 77
2312 6 4 69
803 6 4 62
906 6 4 55
828 6 4 47
1348 6 4 40
2106 6 4 32
3257 6 4 23
2772 6 4 17
1996 6 4 10
3170 6 4 2
973 6 6 88
3191 6 6 81
155 6 6 73
2060 6 6 62
599 6 6 54
3467 6 6 48
294 6 6 39
3134 6 6 32
2847 6 6 23
1850 6 6 17
732 6 6 10
784 6 6 2
843 6 8 88
398 6 8 81
2826 6 8 72
3429 6 8 65
1493 6 8 55
2693 6 8 46
2998 6 8 38
1684 6 8 31
2381 6 8 25
1637 6 8 18
2437 6 8 10
2394 6 8 1
3607 6 10 87
2255 6 10 79
684 6 10 72
1458 6 10 65
1490 6 10 55
1138 6 10 45
1872 6 10 32
2598 6 10 23
3313 6 10 16
2531 6 10 6
3578 6 12 87
1646 6 12 79
603 6 12 72
3573 6 12 64
3560 6 12 55
3589 6 12 44
2985 6 12 36
2490 6 12 27
1020 6 12 19
2352 6 12 9
633 6 14 87
1047 6 14 79
110 6 14 72
3118 6 14 64
3425 6 14 55
2650 6 14 44
2622 6 14 36
2093 6 14 27
47 6 14 19
1182 6 14 9
1957 6 19 85
2481 6 19 79
2956 6 19 71
3309 6 19 58
130 6 19 50
1124 6 19 40
1563 6 19 32
2254 6 19 23
2726 6 19 16
1598 6 19 6
1252 7 2 85
1851 7 2 79
1577 7 2 71
1793 7 2 57
1427 7 2 49
2889 7 2 42
318 7 2 33
2844 7 2 23
1012 7 2 15
1977 7 2 6
1034 7 4 85
917 7 4 79
438 7 4 71
1384 7 4 57
1045 7 4 49
2812 7 4 42
1421 7 4 32
1549 7 4 23
559 7 4 15
1535 7 4 6
3292 7 6 82
3502 7 6 76
853 7 6 69
34 7 6 62
386 7 6 54
3101 7 6 48
2449 7 6 38
1315 7 6 31
974 7 6 25
1274 7 6 18
1093 7 6 10
2090 7 6 1
1360 7 8 82
1914 7 8 76
3346 7 8 68
368 7 8 63
2971 7 8 52
3451 7 8 42
3140 7 8 31
2628 7 8 24
2798 7 8 14
3055 7 8 5
2962 7 10 80
2577 7 10 71
1174 7 10 57
915 7 10 49
2452 7 10 42
2762 7 10 31
2141 7 10 24
2005 7 10 14
1658 7 10 5
1273 7 12 80
2292 7 12 71
849 7 12 57
1504 7 12 48
2016 7 12 36
847 7 12 27
3189 7 12 18
3587 7 12 9
3195 7 14 79
3633 7 14 70
2992 7 14 63
1975 7 14 52
2661 7 14 42
1969 7 14 31
1666 7 14 24
991 7 14 14
2901 7 14 4
2896 7 16 79
1970 7 16 70
3113 7 16 62
3074 7 16 53
2728 7 16 44
2297 7 16 36
3482 7 16 26
360 7 16 17
672 7 16 10
1987 7 16 1
2561 7 17 79
1371 7 17 70
2999 7 17 62
1226 7 17 53
1734 7 17 44
3506 7 17 35
1025 7 17 29
3340 7 17 21
1956 7 17 13
1485 7 17 9
102 7 18 75
570 7 18 69
2780 7 18 61
1075 7 18 56
2854 7 18 45
1532 7 18 31
32 7 18 24
2410 7 18 13
774 7 18 9
2554 7 19 71
3447 7 19 56
2313 7 19 45
499 7 19 31
3423 7 19 23
2913 7 19 14
1744 7 19 3
2433 8 0 71
2408 8 0 56
1531 8 0 45
1709 8 0 30
1689 8 0 22
441 8 0 15
1423 8 0 6
1530 8 6 69
1841 8 6 61
1069 8 6 56
2082 8 6 44
2298 8 6 35
1512 8 6 28
2013 8 6 21
1083 8 6 13
348 8 6 9
1737 8 8 96
2964 8 8 89
1144 8 8 83
1460 8 8 74
3501 8 8 63
3050 8 8 51
243 8 8 43
2767 8 8 32
1745 8 8 22
190 8 8 15
824 8 8 6
3098 8 10 95
617 8 10 90
3296 8 10 82
1746 8 10 75
545 8 10 69
1410 8 10 61
3121 8 10 55
2123 8 10 42
290 8 10 31
632 8 10 23
3626 8 10 13
3365 8 10 8
1359 8 12 95
595 8 12 90
2348 8 12 82
3629 8 12 74
1941 8 12 63
3039 8 12 51
3290 8 12 42
2959 8 12 30
1035 8 12 22
3469 8 12 14
479 8 12 3
1999 8 14 94
1407 8 14 89
808 8 14 83
151 8 14 74
1680 8 14 63
2906 8 14 51
3099 8 14 42
780 8 14 30
3268 8 14 21
3528 8 14 12
2151 8 14 5
1401 8 16 94
1279 8 16 88
2730 8 16 80
3152 8 16 70
581 8 16 62
2516 8 16 52
3125 8 16 41
1108 8 16 33
2246 8 16 23
901 8 16 13
3234 8 16 8
2197 9 0 93
1782 9 0 87
537 9 0 79
434 9 0 70
3092 9 0 61
2184 9 0 55
1164 9 0 42
2461 9 0 29
1964 9 0 21
3444 9 0 12
1375 9 0 5
1039 9 1 93
1224 9 1 87
3222 9 1 78
1282 9 1 71
3079 9 1 55
2326 9 1 41
3527 9 1 32
2600 9 1 21
2247 9 1 12
3490 9 1 4
191 9 2 93
354 9 2 87
2369 9 2 78
335 9 2 71
1461 9 2 55
2276 9 2 41
2121 9 2 32
2583 9 2 21
1111 9 2 12
3231 9 2 4
2892 9 3 92
1478 9 3 85
2094 9 3 78
140 9 3 71
2612 9 3 54
3085 9 3 48
379 9 3 36
929 9 3 26
2818 9 3 15
759 9 3 6
2238 9 4 92
735 9 4 85
1868 9 4 78
2616 9 4 70
2876 9 4 61
369 9 4 55
488 9 4 41
584 9 4 30
3536 9 4 20
3273 9 4 12
3466 9 4 3
1181 9 6 92
59 9 6 85
119 9 6 78
2508 9 6 70
2270 9 6 61
2897 9 6 54
2948 9 6 48
2158 9 6 35
1364 9 6 28
592 9 6 21
512 9 6 12
2112 9 6 3
850 9 8 92
3406 9 8 84
2602 9 8 76
2940 9 8 68
1408 9 8 62
2214 9 8 52
2916 9 8 41
424 9 8 30
3363 9 8 20
1879 9 8 12
1616 9 8 3
3523 9 10 91
3387 9 10 83
2885 9 10 73
347 9 10 61
1699 9 10 54
2729 9 10 48
935 9 10 35
1724 9 10 27
1742 9 10 18
3155 9 10 9
1640 9 12 91
2396 9 12 83
2867 9 12 73
287 9 12 61
604 9 12 54
1834 9 12 48
3281 9 12 34
776 9 12 24
2290 9 12 13
1843 9 12 8
870 9 14 91
1711 9 14 82
3343 9 14 74
267 9 14 63
1441 9 14 51
2204 9 14 42
2035 9 14 27
568 9 14 18
2955 9 14 9
2360 9 16 90
511 9 16 82
2245 9 16 74
167 9 16 63
726 9 16 51
1686 9 16 42
3465 9 16 26
2680 9 16 15
2228 9 16 5
2132 9 18 90
3209 9 18 81
2782 9 18 72
3591 9 18 63
118 9 18 51
71 9 18 42
3282 9 18 26
2296 9 18 15
1963 9 18 5
1847 9 19 90
2470 9 19 81
2732 9 19 72
1825 9 19 63
2472 9 19 49
1263 9 19 42
215 9 19 26
2181 9 19 15
1431 9 19 5
1330 10 4 90
1986 10 4 81
2446 10 4 72
2694 10 4 62
1712 10 4 52
2052 10 4 41
15 10 4 30
647 10 4 20
1519 10 4 12
2102 10 4 2
1309 10 6 90
1004 10 6 81
1339 10 6 72
1860 10 6 62
897 10 6 52
955 10 6 41
2711 10 6 29
1723 10 6 21
1840 10 6 11
3597 10 6 2
403 10 8 90
872 10 8 81
3545 10 8 71
1247 10 8 52
476 10 8 41
2528 10 8 29
766 10 8 21
1278 10 8 11
2043 10 8 2
2525 10 10 89
2633 10 10 82
1352 10 10 74
2713 10 10 62
1673 10 10 51
1807 10 10 41
1997 10 10 29
750 10 10 21
1183 10 10 11
1836 10 10 2
1229 10 12 89
1592 10 12 82
37 10 12 74
2517 10 12 62
3342 10 12 49
1085 10 12 42
2996 10 12 23
562 10 12 13
2503 10 12 7
536 10 14 89
956 10 14 82
2064 10 14 73
3168 10 14 60
1581 10 14 52
185 10 14 41
1520 10 14 29
3470 10 14 20
1245 10 14 12
1219 10 14 2
3632 10 16 88
1632 10 16 80
1425 10 16 70
1945 10 16 61
82 10 16 54
3213 10 16 47
851 10 16 40
3570 10 16 31
3236 10 16 22
3180 10 16 14
2813 10 16 2
3388 10 18 88
1149 10 18 79
3331 10 18 68
1172 10 18 62
2329 10 18 49
325 10 18 42
3241 10 18 20
1141 10 18 12
2710 10 18 1
1217 10 19 88
719 10 19 79
3242 10 19 68
2127 10 19 61
1019 10 19 53
1058 10 19 44
946 10 19 35
534 10 19 27
3631 10 19 17
3438 10 19 9
1125 11 1 86
1067 11 1 78
3041 11 1 69
513 11 1 61
1011 11 1 53
3117 11 1 43
3178 11 1 31
2287 11 1 21
1940 11 1 10
1322 11 1 1
2310 12 1 85
35 12 1 78
1306 12 1 69
2448 12 1 60
748 12 1 51
124 12 1 41
965 12 1 29
2799 12 1 20
879 12 1 12
2363 12 1 1
648 12 3 85
2415 12 3 77
2278 12 3 69
1675 12 3 60
2115 12 3 50
3575 12 3 39
1365 12 3 32
2059 12 3 21
375 12 3 9
2941 12 5 82
1148 12 5 72
1090 12 5 62
2179 12 5 49
1946 12 5 41
2852 12 5 28
3375 12 5 20
1312 12 5 11
1022 12 5 2
2395 12 10 82
3568 12 10 71
3248 12 10 51
3408 12 10 40
2838 12 10 31
393 12 10 21
168 12 10 9
1708 12 12 82
2613 12 12 71
2193 12 12 50
2862 12 12 38
789 12 12 31
311 12 12 21
2483 12 12 8
3119 12 13 81
3218 12 13 71
1310 12 13 50
2766 12 13 38
232 12 13 31
3460 12 13 20
3 12 13 10
827 12 13 1
2707 12 16 81
2416 12 16 71
2551 12 16 46
2871 12 16 38
1347 12 16 30
285 12 16 19
722 12 16 9
1479 12 17 80
1983 12 17 69
1015 12 17 60
1333 12 17 50
2659 12 17 38
902 12 17 30
3135 12 17 18
2188 12 17 9
1179 12 18 76
848 12 18 68
1802 12 18 61
3424 12 18 52
3598 12 18 40
3197 12 18 29
2206 12 18 20
310 12 18 9
109 12 19 72
2866 12 19 61
1319 12 19 52
3407 12 19 40
1718 12 19 29
1470 12 19 20
3350 12 19 8
2241 13 1 93
239 13 1 87
1057 13 1 78
204 13 1 69
418 13 1 60
3507 13 1 49
1845 13 1 41
2485 13 1 28
1643 13 1 20
2221 13 1 8
2046 13 3 92
3128 13 3 84
428 13 3 76
635 13 3 68
1027 13 3 61
1187 13 3 52
1636 13 3 40
3537 13 3 28
1046 13 3 20
1509 13 3 8
1667 13 4 92
2382 13 4 83
1584 13 4 73
1882 13 4 60
210 13 4 49
1241 13 4 41
677 13 4 28
2465 13 4 19
1716 13 4 7
2765 13 5 91
932 13 5 82
1859 13 5 71
2970 13 5 42
2987 13 5 20
1051 13 5 8
437 13 7 91
514 13 7 82
1168 13 7 71
1220 13 7 41
3233 13 7 27
3014 13 7 17
2877 13 7 9
3328 13 9 90
387 13 9 81
2769 13 9 70
1866 13 9 61
197 13 9 52
714 13 9 40
1477 13 9 28
265 13 9 19
302 13 9 7
1894 13 10 90
3020 13 10 80
1325 13 10 69
277 13 10 60
1857 13 10 48
2543 13 10 34
2943 13 10 23
998 13 10 12
1498 13 10 1
1203 13 12 90
1993 13 12 80
381 13 12 69
206 13 12 60
200 13 12 47
762 13 12 40
3156 13 12 26
1041 13 12 15
814 13 12 4
825 13 13 90
2579 13 13 79
1617 13 13 68
1614 13 13 60
1550 13 13 45
1954 13 13 29
1449 13 13 20
1629 13 13 7
370 13 16 90
2165 13 16 79
3555 13 16 67
3312 13 16 58
3262 13 16 49
663 13 16 41
1750 13 16 27
2222 13 16 17
2722 13 16 9
3153 13 17 89
566 13 17 82
3569 13 17 70
1100 13 17 61
2341 13 17 51
3586 13 17 39
1797 13 17 31
2454 13 17 20
1135 13 17 6
2596 13 18 89
561 13 18 82
2542 13 18 70
983 13 18 61
1586 13 18 51
3583 13 18 39
840 13 18 31
404 13 18 20
1009 13 18 5
2281 13 19 89
2199 13 19 81
665 13 19 70
2076 13 19 60
615 13 19 45
3019 13 19 28
2345 13 19 18
1835 13 19 9
2651 14 1 88
344 14 1 79
3305 14 1 67
2756 14 1 58
2176 14 1 49
3040 14 1 40
1042 14 1 26
300 14 1 15
241 14 1 4
2513 14 3 88
2647 14 3 78
13 14 3 69
3065 14 3 59
1874 14 3 49
3025 14 3 40
323 14 3 26
2077 14 3 14
1086 14 3 2
2486 14 4 88
3477 14 4 77
2170 14 4 69
816 14 4 59
656 14 4 49
1838 14 4 40
256 14 4 26
2411 14 4 13
2949 14 4 6
1482 14 5 87
1334 14 5 77
544 14 5 68
1473 14 5 60
1419 14 5 44
658 14 5 35
3176 14 5 26
1281 14 5 13
757 14 5 6
1417 14 7 87
794 14 7 77
3395 14 7 67
2068 14 7 58
3417 14 7 48
288 14 7 33
970 14 7 23
3319 14 7 11
609 14 7 2
105 14 9 87
554 14 9 77
3096 14 9 67
1171 14 9 58
1529 14 9 48
2928 14 9 32
1228 14 9 21
1971 14 9 8
3159 14 10 86
3163 14 10 77
2545 14 10 67
1063 14 10 58
1387 14 10 48
1707 14 10 31
2803 14 10 19
264 14 10 7
2777 14 12 84
3410 14 12 75
1329 14 12 68
1007 14 12 60
657 14 12 44
2067 14 12 34
2403 14 12 23
2976 14 12 11
75 14 12 2
2469 14 13 84
3171 14 13 75
765 14 13 68
516 14 13 60
18 14 13 44
3534 14 13 33
107 14 13 23
2753 14 13 11
3543 14 13 1
2251 15 1 84
3087 15 1 75
2584 15 1 66
2023 15 1 59
315 15 1 49
1503 15 1 40
1443 15 1 23
2451 15 1 11
2820 15 1 1
2364 15 7 83
2601 15 7 72
2652 15 7 61
1255 15 7 51
1580 15 7 39
3463 15 7 30
1353 15 7 18
1541 15 7 9
2098 15 12 83
1476 15 12 72
1049 15 12 61
2523 15 12 50
1609 15 12 38
503 15 12 30
990 15 12 18
1483 15 12 9
2211 15 13 81
3136 15 13 69
108 15 13 59
2220 15 13 48
1386 15 13 31
3256 15 13 18
1188 15 13 9
619 15 15 81
1588 15 15 68
2660 15 15 59
1400 15 15 48
332 15 15 31
345 15 15 18
865 15 15 9
3230 15 16 78
2815 15 16 68
2232 15 16 58
1074 15 16 48
6 15 16 31
3066 15 16 17
2591 15 16 9
874 15 17 76
184 15 17 68
1984 15 17 58
842 15 17 48
2033 15 17 29
2864 15 17 19
2501 15 17 5
1925 15 18 59
984 15 18 48
1747 15 18 29
2250 15 18 19
1259 15 18 5
313 15 19 56
891 15 19 44
2468 15 19 33
3369 15 19 22
2771 15 19 14
127 15 19 2
3165 16 1 47
3403 16 1 39
2654 16 1 30
741 16 1 18
2674 16 1 8
2585 16 2 92
1715 16 2 83
3336 16 2 71
1674 16 2 60
3428 16 2 42
2439 16 2 20
2069 16 2 3
1501 16 3 92
2837 16 3 82
2187 16 3 70
1424 16 3 60
2625 16 3 41
373 16 3 27
1321 16 3 17
3422 16 3 8
2807 16 4 91
2030 16 4 81
829 16 4 68
1513 16 4 58
284 16 4 48
3182 16 4 28
1198 16 4 18
1120 16 4 8
2571 16 5 91
1719 16 5 81
2048 16 5 66
2426 16 5 58
2752 16 5 47
142 16 5 39
1537 16 5 30
681 16 5 18
667 16 5 8
1302 16 7 91
88 16 7 81
3433 16 7 65
400 16 7 55
3106 16 7 40
2319 16 7 22
2621 16 7 14
740 16 7 1
1214 16 8 91
2717 16 8 78
1180 16 8 68
152 16 8 58
333 16 8 47
1064 16 8 38
3619 16 8 29
1952 16 8 19
276 16 8 5
2253 16 9 90
662 16 9 79
2724 16 9 66
2384 16 9 58
3226 16 9 46
2464 16 9 38
3048 16 9 29
1368 16 9 19
57 16 9 5
530 16 10 90
626 16 10 79
3542 16 10 65
317 16 10 55
1976 16 10 40
1414 16 10 22
2422 16 10 14
631 16 10 6
2824 16 12 89
3443 16 12 80
2708 16 12 68
1960 16 12 57
1438 16 12 47
782 16 12 38
2789 16 12 29
296 16 12 19
2529 16 12 4
2186 16 13 89
3389 16 13 80
2614 16 13 68
734 16 13 57
1297 16 13 47
1873 16 13 37
2114 16 13 30
181 16 13 18
135 16 13 8
2107 16 19 89
1870 16 19 80
727 16 19 67
540 16 19 57
2259 16 19 46
1249 16 19 38
2648 16 19 29
170 16 19 19
2321 16 19 4
715 17 1 89
450 17 1 80
3582 17 1 66
2283 17 1 58
2409 17 1 46
916 17 1 38
1370 17 1 29
652 17 1 18
1564 17 1 7
3412 17 2 88
3359 17 2 77
2506 17 2 67
291 17 2 57
3205 17 2 44
2164 17 2 33
1700 17 2 22
1222 17 2 14
440 17 2 6
3405 17 3 88
839 17 3 77
1832 17 3 67
3022 17 3 56
388 17 3 44
994 17 3 33
962 17 3 22
480 17 3 14
3217 17 3 5
2683 17 4 88
3574 17 4 76
3459 17 4 67
2615 17 4 56
1276 17 4 43
871 17 4 31
3016 17 4 17
1355 17 4 8
2562 17 5 88
2215 17 5 76
1583 17 5 67
138 17 5 55
1740 17 5 40
2168 17 5 21
802 17 5 7
1692 17 7 88
3472 17 7 75
2293 17 7 66
485 17 7 58
3227 17 7 45
2825 17 7 28
923 17 7 18
3357 17 7 6
1202 17 8 88
1992 17 8 75
2836 17 8 65
2761 17 8 54
3485 17 8 45
951 17 8 27
3279 17 8 16
976 17 8 6
978 17 9 88
1821 17 9 75
669 17 9 65
675 17 9 54
1786 17 9 45
410 17 9 27
1029 17 9 15
2044 17 9 3
3382 17 10 87
3127 17 10 76
1130 17 10 66
3505 17 10 57
2498 17 10 43
2931 17 10 30
3029 17 10 16
3464 17 10 5
2484 17 12 87
3124 17 12 76
898 17 12 66
1017 17 12 57
1439 17 12 43
2027 17 12 30
2893 17 12 16
2274 17 12 5
1555 17 13 87
1936 17 13 76
2698 17 13 65
3084 17 13 53
864 17 13 43
3462 17 13 29
225 17 13 18
3334 17 13 6
1326 17 14 87
1468 17 14 76
1800 17 14 65
2795 17 14 53
834 17 14 43
2340 17 14 29
183 17 14 17
3196 17 14 7
922 17 15 87
255 17 15 76
1730 17 15 65
1988 17 15 53
2655 17 15 42
1213 17 15 18
1163 17 15 6
556 17 16 87
230 17 16 76
334 17 16 65
885 17 16 53
2540 17 16 42
91 17 16 17
2385 17 16 7
1314 17 17 86
2057 17 17 77
621 17 17 67
53 17 17 55
3100 17 17 39
641 17 17 30
101 17 17 15
1447 17 17 3
2519 17 18 85
1340 17 18 77
3440 17 18 65
586 17 18 53
1201 17 18 42
1625 17 18 13
2202 17 18 5
2480 17 19 85
1305 17 19 77
3157 17 19 65
39 17 19 53
925 17 19 42
3137 17 19 12
2343 17 19 1
821 19 0 85
822 19 0 77
2873 19 0 65
2773 19 0 52
687 19 0 40
462 19 0 21
266 19 0 7
262 19 1 85
2229 19 1 75
412 19 1 65
2848 19 1 51
3566 19 1 38
3475 19 1 28
148 19 1 18
2460 19 1 4
2986 19 2 84
2405 19 2 75
3299 19 2 64
1768 19 2 55
2136 19 2 39
2130 19 2 29
3348 19 2 16
1475 19 2 5
2099 19 3 84
1635 19 3 75
2984 19 3 64
1464 19 3 55
954 19 3 39
890 19 3 29
3314 19 3 15
457 19 3 2
1488 19 4 84
3367 19 4 74
1161 19 4 62
1234 19 4 49
2671 19 4 39
588 19 4 29
2275 19 4 15
3639 19 4 1
431 19 5 84
3169 19 5 74
2915 19 5 61
1178 19 5 50
182 19 5 38
2845 19 5 28
3111 19 5 17
2332 19 5 7
926 19 6 83
755 19 6 71
1151 19 6 60
2855 19 6 39
3185 19 6 28
1599 19 6 17
1980 19 6 7
716 19 7 83
2781 19 7 69
1575 19 7 58
1998 19 7 45
1596 19 7 26
634 19 7 13
2952 19 7 4
2080 19 8 82
2459 19 8 69
3397 19 8 57
133 19 8 43
2337 19 8 29
1356 19 8 15
3293 19 8 1
70 19 9 82
442 19 9 69
2793 19 9 57
2851 19 9 42
2417 19 9 10
416 19 9 1
546 19 10 80
666 19 10 66
910 19 10 56
3287 19 10 42
1212 19 10 10
3144 19 11 79
425 19 11 65
1390 19 11 51
1650 19 11 38
114 19 11 28
1582 19 11 17
3567 19 11 6
2284 19 12 79
289 19 12 65
2237 19 12 49
2063 19 12 39
2398 19 12 28
1901 19 12 16
752 19 12 5
2049 19 13 79
221 19 13 65
1948 19 13 49
1863 19 13 38
1293 19 13 27
2953 19 13 14
1795 19 13 4
3450 19 14 77
1855 19 14 65
3384 19 14 48
1167 19 14 28
1672 19 14 16
3409 19 14 4
1566 19 15 77
1452 19 15 65
3283 19 15 48
452 19 15 28
293 19 15 16
2993 19 15 4
2736 19 16 76
792 19 16 64
2196 19 16 54
1676 19 16 45
331 19 16 25
3043 19 16 17
2146 19 16 6
3097 19 17 65
2909 19 17 48
1032 19 17 37
3628 19 17 29
966 19 17 15
1934 19 17 1
38 19 18 62
316 19 18 49
1341 19 18 38
541 19 18 27
2012 19 18 14
3326 19 18 2
2497 19 19 89
235 19 19 80
1189 19 19 65
1605 19 19 48
645 19 19 37
1286 19 19 29
504 19 19 14
1938 19 19 2
