2867
5405 0 0 98
3079 0 0 95
2460 0 0 91
2164 0 0 89
5268 0 0 87
1326 0 0 85
1302 0 0 83
1926 0 0 81
581 0 0 78
304 0 0 75
3937 0 0 72
3914 0 0 69
4387 0 0 65
3453 0 0 62
5131 0 0 59
2698 0 0 56
3285 0 0 54
5262 0 0 51
5199 0 0 48
2948 0 0 46
1564 0 0 44
2607 0 0 42
4604 0 0 39
3315 0 0 37
4697 0 0 35
1961 0 0 32
4901 0 0 29
5253 0 0 25
2440 0 0 23
255 0 0 21
155 0 0 18
1374 0 0 16
6026 0 0 13
4744 0 0 10
5107 0 0 8
5019 0 0 5
2076 0 0 2
4695 0 1 97
1289 0 1 94
4990 0 1 91
5645 0 1 88
4923 0 1 85
2627 0 1 82
4163 0 1 79
1672 0 1 77
4554 0 1 74
5855 0 1 72
5205 0 1 68
3263 0 1 66
3131 0 1 64
1151 0 1 62
3414 0 1 58
4436 0 1 56
1785 0 1 53
5992 0 1 50
4132 0 1 48
2344 0 1 45
3983 0 1 42
5784 0 1 38
4291 0 1 35
1792 0 1 32
224 0 1 29
4647 0 1 25
2294 0 1 23
5532 0 1 20
5513 0 1 17
2267 0 1 14
1177 0 1 11
6063 0 1 8
4964 0 1 5
6002 0 1 1
4280 0 2 97
4843 0 2 93
5659 0 2 91
1170 0 2 88
1661 0 2 85
4763 0 2 81
569 0 2 78
6069 0 2 74
796 0 2 71
5228 0 2 69
3173 0 2 65
5223 0 2 61
1493 0 2 59
3731 0 2 55
6043 0 2 51
4876 0 2 48
5150 0 2 44
4209 0 2 41
1376 0 2 38
2706 0 2 35
3588 0 2 31
3265 0 2 28
4823 0 2 26
3923 0 2 23
983 0 2 20
4339 0 2 17
3850 0 2 13
5985 0 2 9
4785 0 2 6
4620 0 2 3
1934 0 2 1
5373 0 3 96
725 0 3 93
3856 0 3 91
5208 0 3 87
1352 0 3 84
1065 0 3 82
5484 0 3 78
2110 0 3 74
4320 0 3 70
5236 0 3 67
5981 0 3 64
404 0 3 61
1852 0 3 58
3407 0 3 54
4772 0 3 50
4469 0 3 47
5768 0 3 44
717 0 3 41
3824 0 3 36
3426 0 3 34
1879 0 3 31
3096 0 3 26
2827 0 3 23
5990 0 3 19
5589 0 3 16
5526 0 3 13
1803 0 3 9
6027 0 3 5
5502 0 3 1
5196 0 4 96
4971 0 4 92
3846 0 4 90
3883 0 4 88
4557 0 4 84
347 0 4 80
4938 0 4 76
3680 0 4 73
4084 0 4 71
1364 0 4 68
5773 0 4 64
5577 0 4 59
1392 0 4 55
6001 0 4 51
2843 0 4 48
3710 0 4 44
2181 0 4 40
928 0 4 38
2336 0 4 33
3481 0 4 30
5258 0 4 27
3817 0 4 24
5007 0 4 21
2880 0 4 17
2479 0 4 13
1758 0 4 9
1048 0 4 5
3382 0 4 2
3740 0 5 96
2776 0 5 92
5021 0 5 88
4472 0 5 84
6071 0 5 79
3952 0 5 75
3110 0 5 72
1710 0 5 68
4719 0 5 64
4572 0 5 59
4732 0 5 54
2738 0 5 49
5679 0 5 46
5124 0 5 43
5263 0 5 40
5701 0 5 37
3939 0 5 34
5090 0 5 30
3311 0 5 26
650 0 5 23
5830 0 5 19
4431 0 5 16
3151 0 5 12
6047 0 5 10
2681 0 5 8
2797 0 5 5
5129 0 5 1
3644 0 6 96
2455 0 6 91
5083 0 6 87
5157 0 6 83
1655 0 6 81
4717 0 6 77
3291 0 6 74
2477 0 6 70
5219 0 6 67
5058 0 6 64
4149 0 6 59
4652 0 6 54
1447 0 6 49
1626 0 6 46
3922 0 6 43
3616 0 6 40
504 0 6 37
5938 0 6 33
5880 0 6 29
942 0 6 25
5575 0 6 21
1040 0 6 17
1897 0 6 13
1494 0 6 9
913 0 6 5
453 0 7 96
2047 0 7 91
4159 0 7 87
4573 0 7 83
1080 0 7 80
3714 0 7 76
1891 0 7 73
5022 0 7 70
6116 0 7 65
5037 0 7 61
6013 0 7 57
1251 0 7 55
5215 0 7 51
2087 0 7 48
1882 0 7 44
34 0 7 40
2088 0 7 36
1836 0 7 33
134 0 7 29
4963 0 7 24
5593 0 7 20
2825 0 7 17
3091 0 7 12
3797 0 7 9
6034 0 7 4
5860 0 8 95
2101 0 8 91
4055 0 8 87
3604 0 8 83
364 0 8 80
1770 0 8 76
5980 0 8 72
1646 0 8 68
3885 0 8 64
4043 0 8 59
4122 0 8 54
454 0 8 49
344 0 8 45
3592 0 8 42
4851 0 8 38
1894 0 8 33
5883 0 8 28
2761 0 8 25
3036 0 8 21
3435 0 8 16
2162 0 8 12
2389 0 8 7
3102 0 8 4
5614 0 9 95
88 0 9 91
3033 0 9 87
1491 0 9 83
5915 0 9 78
1850 0 9 74
2266 0 9 70
3324 0 9 65
2755 0 9 61
1269 0 9 57
2747 0 9 53
5035 0 9 50
143 0 9 47
3299 0 9 44
5566 0 9 39
560 0 9 36
210 0 9 33
5142 0 9 28
2137 0 9 25
2203 0 9 21
1121 0 9 16
2033 0 9 12
1212 0 9 7
4213 0 9 3
5175 0 10 95
4545 0 10 90
5783 0 10 87
1296 0 10 83
4822 0 10 78
5933 0 10 73
4432 0 10 70
3316 0 10 65
2433 0 10 61
53 0 10 57
2648 0 10 53
5099 0 10 48
856 0 10 44
5246 0 10 39
6059 0 10 35
2722 0 10 31
591 0 10 26
5689 0 10 22
5318 0 10 19
3454 0 10 16
1303 0 10 12
5953 0 10 6
841 0 10 3
3990 0 11 95
4038 0 11 90
3077 0 11 87
5597 0 11 82
5478 0 11 78
5348 0 11 73
4012 0 11 70
374 0 11 65
919 0 11 61
5788 0 11 56
3022 0 11 52
6017 0 11 50
5307 0 11 45
3267 0 11 42
2646 0 11 38
372 0 11 33
3330 0 11 28
5416 0 11 24
1796 0 11 20
4949 0 11 16
3627 0 11 11
4345 0 11 7
3138 0 11 3
3823 0 12 95
3184 0 12 90
869 0 12 87
4586 0 12 82
3465 0 12 78
4188 0 12 73
1348 0 12 70
211 0 12 65
1843 0 12 60
1964 0 12 58
2406 0 12 54
5831 0 12 48
4966 0 12 43
1178 0 12 40
1876 0 12 36
5069 0 12 32
4980 0 12 28
4982 0 12 24
1686 0 12 20
2503 0 12 16
1663 0 12 11
3439 0 12 7
5919 0 12 2
2967 0 13 95
2711 0 13 90
674 0 13 87
4408 0 13 82
3013 0 13 78
4546 0 13 72
693 0 13 68
2963 0 13 63
5091 0 13 60
1959 0 13 58
1909 0 13 54
5757 0 13 48
4311 0 13 43
970 0 13 40
1815 0 13 36
2953 0 13 32
4246 0 13 28
5457 0 13 23
1197 0 13 19
1990 0 13 16
694 0 13 11
3205 0 13 6
5858 0 13 2
1954 0 14 95
5961 0 14 89
5330 0 14 86
5211 0 14 83
4755 0 14 78
4095 0 14 72
5751 0 14 67
2359 0 14 64
1157 0 14 59
3772 0 14 54
4984 0 14 48
2639 0 14 43
592 0 14 40
1355 0 14 36
4856 0 14 31
165 0 14 26
3696 0 14 22
4724 0 14 19
2905 0 14 15
5309 0 14 12
5317 0 14 6
3074 0 14 2
1633 0 15 95
5530 0 15 89
4062 0 15 85
3024 0 15 81
5767 0 15 76
4902 0 15 72
5174 0 15 67
5326 0 15 63
5686 0 15 59
3349 0 15 54
4488 0 15 48
2046 0 15 43
5774 0 15 39
2667 0 15 35
2201 0 15 31
3461 0 15 25
5741 0 15 20
2299 0 15 16
360 0 15 10
5827 0 15 7
3503 0 15 2
921 0 16 95
5176 0 16 89
3101 0 16 85
5061 0 16 80
4600 0 16 75
2579 0 16 72
3379 0 16 67
5010 0 16 63
4191 0 16 59
2031 0 16 53
3457 0 16 48
1641 0 16 43
5079 0 16 39
5859 0 16 34
618 0 16 30
2450 0 16 26
1172 0 16 22
3544 0 16 19
1866 0 16 15
3433 0 16 12
4935 0 16 6
958 0 16 2
295 0 17 95
4645 0 17 89
2830 0 17 85
4369 0 17 80
3935 0 17 75
2179 0 17 72
2378 0 17 67
4386 0 17 63
4097 0 17 59
5296 0 17 52
4170 0 17 50
4928 0 17 45
1746 0 17 42
1518 0 17 38
355 0 17 33
584 0 17 28
3995 0 17 23
5584 0 17 18
5745 0 17 14
4019 0 17 10
4558 0 17 7
207 0 17 2
5581 0 18 94
1740 0 18 91
2709 0 18 87
3482 0 18 82
296 0 18 78
2393 0 18 72
1409 0 18 67
4383 0 18 63
3517 0 18 59
3005 0 18 52
5013 0 18 49
5350 0 18 44
4230 0 18 39
3196 0 18 34
5265 0 18 29
3759 0 18 24
1106 0 18 20
5213 0 18 15
1238 0 18 12
4726 0 18 6
514 0 18 2
140 0 19 94
5692 0 19 90
5734 0 19 86
1630 0 19 83
3448 0 19 78
1820 0 19 72
5387 0 19 66
5085 0 19 62
1971 0 19 58
946 0 19 54
3246 0 19 48
1082 0 19 43
1782 0 19 39
2606 0 19 34
2793 0 19 29
3010 0 19 24
5510 0 19 19
6048 0 19 14
2042 0 19 10
5807 0 19 6
3917 0 19 1
5524 2 0 93
5324 2 0 90
3364 2 0 86
127 2 0 83
3271 2 0 78
267 2 0 72
5102 2 0 66
2025 2 0 62
1480 2 0 58
678 2 0 54
2785 2 0 48
5378 2 0 42
5294 2 0 37
4334 2 0 33
3887 2 0 27
1105 2 0 23
5172 2 0 18
303 2 0 14
6051 2 0 9
5809 2 0 4
3928 2 1 93
1161 2 1 90
2870 2 1 86
2641 2 1 82
5864 2 1 77
242 2 1 74
1951 2 1 70
3001 2 1 64
5939 2 1 58
168 2 1 54
1764 2 1 48
4532 2 1 42
3514 2 1 37
6067 2 1 32
5158 2 1 27
823 2 1 23
4877 2 1 18
5857 2 1 13
315 2 1 9
4251 2 1 4
954 2 2 93
4244 2 2 89
5904 2 2 84
5364 2 2 79
2989 2 2 75
1798 2 2 72
2316 2 2 66
3206 2 2 61
5255 2 2 56
2600 2 2 52
703 2 2 49
4382 2 2 44
3830 2 2 39
1743 2 2 34
943 2 2 29
388 2 2 24
4363 2 2 19
5889 2 2 14
4698 2 2 9
2991 2 2 4
440 2 4 93
2777 2 4 89
4768 2 4 84
4385 2 4 79
2470 2 4 75
5521 2 4 71
5098 2 4 67
3749 2 4 63
1717 2 4 59
2501 2 4 52
5340 2 4 48
4406 2 4 42
914 2 4 37
4198 2 4 32
3888 2 4 27
284 2 4 23
4512 2 4 18
5274 2 4 13
5574 2 4 8
2272 2 4 5
4950 2 6 92
4970 2 6 88
3045 2 6 84
2445 2 6 79
1482 2 6 75
5371 2 6 71
3618 2 6 67
112 2 6 63
874 2 6 59
2055 2 6 52
4656 2 6 48
2628 2 6 42
6104 2 6 36
4845 2 6 31
4994 2 6 24
3250 2 6 19
5323 2 6 14
3974 2 6 9
2688 2 6 4
2694 2 10 92
4624 2 10 88
1535 2 10 84
821 2 10 79
1259 2 10 75
5351 2 10 71
3342 2 10 67
1966 2 10 62
1019 2 10 58
5792 2 10 53
4704 2 10 47
427 2 10 44
2256 2 10 39
192 2 10 34
3753 2 10 28
3225 2 10 23
3779 2 10 18
2555 2 10 13
5528 2 10 8
4059 2 10 4
2634 2 11 92
2792 2 11 88
704 2 11 84
764 2 11 79
4956 2 11 74
4727 2 11 69
5224 2 11 64
2961 2 11 58
3278 2 11 53
2305 2 11 47
4518 2 11 43
1286 2 11 39
5722 2 11 33
3761 2 11 27
6041 2 11 22
141 2 11 19
3241 2 11 14
1380 2 11 9
1357 2 11 4
2300 2 13 92
1581 2 13 88
5451 2 13 83
3065 2 13 78
5594 2 13 71
2993 2 13 67
1454 2 13 62
3964 2 13 57
2012 2 13 52
1543 2 13 48
747 2 13 42
4068 2 13 36
4290 2 13 31
4498 2 13 24
1513 2 13 19
1991 2 13 14
233 2 13 9
6003 2 13 3
2003 2 15 92
4922 2 15 87
2222 2 15 82
4920 2 15 77
5383 2 15 73
1285 2 15 70
1654 2 15 64
2902 2 15 58
382 2 15 53
4827 2 15 46
4642 2 15 42
3039 2 15 36
2346 2 15 31
2727 2 15 24
5096 2 15 18
1378 2 15 13
5289 2 15 8
2425 2 15 4
699 2 16 92
1824 2 16 87
1569 2 16 82
2402 2 16 77
4839 2 16 73
3152 2 16 69
3494 2 16 64
525 2 16 58
10 2 16 53
4284 2 16 46
3764 2 16 42
1757 2 16 36
1848 2 16 31
2235 2 16 24
2787 2 16 18
206 2 16 13
2533 2 16 8
1804 2 16 4
161 2 18 92
1805 2 18 87
757 2 18 82
5438 2 18 76
4543 2 18 72
1810 2 18 66
825 2 18 61
3208 2 18 56
870 2 18 52
706 2 18 48
556 2 18 42
1730 2 18 36
375 2 18 31
715 2 18 24
2502 2 18 18
5687 2 18 12
4649 2 18 6
2048 2 18 1
5816 2 19 91
2458 2 19 87
198 2 19 82
1772 2 19 76
4328 2 19 72
1216 2 19 66
576 2 19 61
2758 2 19 56
724 2 19 52
5667 2 19 47
4071 2 19 42
282 2 19 36
1538 2 19 30
5231 2 19 25
4936 2 19 20
3949 2 19 15
2426 2 19 11
3158 2 19 6
1560 2 19 1
5235 3 0 91
5080 3 0 86
5778 3 0 81
5044 3 0 76
3128 3 0 72
737 3 0 66
4945 3 0 60
1842 3 0 58
5946 3 0 52
4266 3 0 47
3199 3 0 42
5118 3 0 35
5825 3 0 30
4667 3 0 25
4519 3 0 20
1570 3 0 15
1330 3 0 11
2810 3 0 6
348 3 0 1
4671 3 1 91
5036 3 1 86
2037 3 1 81
4205 3 1 76
2567 3 1 72
4921 3 1 65
3670 3 1 59
5006 3 1 51
827 3 1 47
2746 3 1 42
4401 3 1 35
4478 3 1 30
149 3 1 25
3548 3 1 20
4629 3 1 14
197 3 1 9
5458 3 1 3
4560 3 2 91
3376 3 2 86
5029 3 2 80
2534 3 2 75
2289 3 2 71
2314 3 2 67
1451 3 2 62
2469 3 2 57
1841 3 2 52
4194 3 2 47
1671 3 2 42
3889 3 2 35
3359 3 2 30
5397 3 2 24
2199 3 2 18
4258 3 2 12
2919 3 2 6
4286 3 4 91
3063 3 4 86
4263 3 4 80
2384 3 4 75
1037 3 4 71
6110 3 4 66
3975 3 4 60
855 3 4 58
5928 3 4 52
2071 3 4 47
5465 3 4 41
1884 3 4 36
1160 3 4 30
4968 3 4 24
668 3 4 18
3811 3 4 12
4617 3 4 5
3406 3 6 91
1309 3 6 86
4173 3 6 80
4108 3 6 74
3529 3 6 69
2122 3 6 64
6011 3 6 57
951 3 6 52
1787 3 6 47
3538 3 6 41
1657 3 6 36
1094 3 6 30
4259 3 6 24
4885 3 6 17
5229 3 6 11
2366 3 6 6
2414 3 7 91
3751 3 7 85
278 3 7 80
3940 3 7 74
1466 3 7 69
5616 3 7 63
5962 3 7 58
5824 3 7 52
204 3 7 47
3273 3 7 41
853 3 7 36
548 3 7 30
4148 3 7 24
4437 3 7 17
4200 3 7 11
1367 3 7 6
1777 3 8 91
2675 3 8 85
132 3 8 80
3440 3 8 74
4775 3 8 68
2584 3 8 63
5716 3 8 58
4654 3 8 52
107 3 8 47
523 3 8 41
4480 3 8 35
482 3 8 30
3576 3 8 24
3821 3 8 17
3546 3 8 11
4650 3 8 5
5583 3 9 90
151 3 9 86
1748 3 9 80
329 3 9 74
1889 3 9 68
2006 3 9 63
5421 3 9 58
2505 3 9 52
5473 3 9 46
4341 3 9 41
2770 3 9 35
5187 3 9 29
5978 3 9 23
2262 3 9 18
1492 3 9 12
3307 3 9 5
5391 3 10 90
5130 3 10 85
5060 3 10 79
2817 3 10 74
301 3 10 68
5537 3 10 62
5899 3 10 56
6088 3 10 51
812 3 10 47
3393 3 10 40
4549 3 10 35
2717 3 10 29
2560 3 10 23
1407 3 10 18
1004 3 10 12
2883 3 10 5
4837 3 13 90
4944 3 13 85
3532 3 13 79
6107 3 13 73
2224 3 13 69
4140 3 13 63
1664 3 13 58
2191 3 13 52
2685 3 13 46
3417 3 13 41
1931 3 13 35
5027 3 13 28
1154 3 13 23
43 3 13 18
795 3 13 12
1995 3 13 5
4683 3 15 90
2860 3 15 85
1199 3 15 79
5445 3 15 73
1284 3 15 69
1945 3 15 63
6005 3 15 57
5708 3 15 51
595 3 15 47
3297 3 15 40
3999 3 15 35
4124 3 15 28
269 3 15 23
2556 3 15 17
2509 3 15 11
2947 3 15 5
4220 3 16 90
2786 3 16 85
419 3 16 79
4748 3 16 73
466 3 16 69
4978 3 16 62
5808 3 16 56
4082 3 16 51
5617 3 16 46
3075 3 16 41
721 3 16 35
3873 3 16 28
4995 3 16 22
4144 3 16 18
349 3 16 12
4179 3 16 4
76 3 18 90
1533 3 18 85
239 3 18 79
4224 3 18 73
1586 3 18 68
4696 3 18 62
5399 3 18 56
2530 3 18 51
3746 3 18 46
2897 3 18 41
1682 3 18 34
1449 3 18 28
3829 3 18 22
1684 3 18 18
106 3 18 12
4154 3 18 4
6062 3 19 89
4364 3 19 84
5826 3 19 78
5226 3 19 71
6085 3 19 66
2852 3 19 60
5538 3 19 57
5633 3 19 51
3354 3 19 46
1623 3 19 41
1498 3 19 34
6050 3 19 27
4908 3 19 22
5360 3 19 17
2952 3 19 10
4868 3 19 6
5469 4 2 89
4285 4 2 84
5800 4 2 78
4817 4 2 71
5299 4 2 66
2834 4 2 60
3903 4 2 57
3984 4 2 51
227 4 2 46
1088 4 2 41
555 4 2 34
2769 4 2 27
1079 4 2 22
729 4 2 17
321 4 2 10
4022 4 2 6
3686 4 4 89
3516 4 4 84
4409 4 4 78
4453 4 4 71
3911 4 4 66
1832 4 4 60
3881 4 4 57
2715 4 4 51
5942 4 4 45
225 4 4 42
3432 4 4 35
3252 4 4 28
3415 4 4 22
5987 4 4 15
5238 4 4 10
3996 4 4 6
3352 4 11 89
3321 4 11 84
3098 4 11 78
2839 4 11 71
3021 4 11 66
2017 4 11 59
4608 4 11 51
5875 4 11 45
101 4 11 42
1903 4 11 35
2572 4 11 28
3090 4 11 22
2744 4 11 15
2669 4 11 10
2613 4 11 6
529 4 12 89
3148 4 12 84
2231 4 12 78
4375 4 12 70
1489 4 12 64
5202 4 12 57
5455 4 12 50
1438 4 12 45
5845 4 12 41
5398 4 12 33
3431 4 12 27
738 4 12 22
3929 4 12 14
5854 4 12 8
1727 4 12 4
469 4 13 88
4714 4 13 83
2554 4 13 78
2920 4 13 70
872 4 13 64
4420 4 13 57
5190 4 13 50
854 4 13 45
4919 4 13 41
3926 4 13 33
2671 4 13 27
4811 4 13 21
531 4 13 16
178 4 13 10
868 4 13 6
109 4 15 88
4551 4 15 83
2040 4 15 78
2835 4 15 70
199 4 15 64
3537 4 15 57
2002 4 15 50
5462 4 15 44
5796 4 15 38
5706 4 15 32
1087 4 15 27
4548 4 15 21
5733 4 15 15
1930 4 15 10
735 4 15 6
5004 4 16 87
82 4 16 82
308 4 16 76
5395 4 16 71
5595 4 16 65
1431 4 16 59
4278 4 16 51
5587 4 16 45
3227 4 16 41
3845 4 16 33
393 4 16 27
4146 4 16 21
4260 4 16 15
1256 4 16 10
536 4 16 6
4534 4 18 87
5622 4 18 81
3930 4 18 76
4443 4 18 71
3831 4 18 65
38 4 18 59
3248 4 18 51
3035 4 18 45
2970 4 18 41
2217 4 18 33
1358 4 18 26
31 4 18 22
2808 4 18 14
4073 4 18 8
969 4 18 4
4305 5 0 87
4801 5 0 81
3526 5 0 76
4221 5 0 71
275 5 0 65
4882 5 0 58
1981 5 0 52
1895 5 0 46
797 5 0 41
816 5 0 33
988 5 0 26
3220 5 0 21
3501 5 0 15
651 5 0 10
89 5 0 6
3587 5 2 87
4277 5 2 81
1440 5 2 76
2543 5 2 71
2589 5 2 64
2840 5 2 57
711 5 2 50
4005 5 2 44
5605 5 2 38
5413 5 2 32
962 5 2 27
3955 5 2 21
2043 5 2 15
5950 5 2 9
2490 5 2 3
2154 5 4 87
1237 5 4 81
862 5 4 76
2165 5 4 71
2221 5 4 64
2536 5 4 57
422 5 4 50
3499 5 4 44
4463 5 4 38
2656 5 4 32
5185 5 4 26
194 5 4 21
1550 5 4 15
4403 5 4 9
2312 5 4 3
2373 5 6 86
3780 5 6 79
4112 5 6 73
546 5 6 68
4201 5 6 62
4888 5 6 56
1306 5 6 51
3924 5 6 44
551 5 6 38
2128 5 6 32
2452 5 6 26
6055 5 6 20
4314 5 6 14
1771 5 6 8
911 5 6 4
2349 5 7 86
3405 5 7 79
3807 5 7 73
13 5 7 68
3943 5 7 62
4243 5 7 56
1248 5 7 51
3877 5 7 44
5240 5 7 37
2803 5 7 32
1693 5 7 26
4835 5 7 20
3284 5 7 14
5710 5 7 7
4105 5 7 1
630 5 9 86
3274 5 9 79
2422 5 9 73
5945 5 9 67
5887 5 9 61
1958 5 9 56
811 5 9 51
3350 5 9 44
3504 5 9 37
1885 5 9 32
306 5 9 26
4708 5 9 20
2357 5 9 14
2172 5 9 7
3210 5 9 1
996 5 13 85
4651 5 13 78
2096 5 13 70
6070 5 13 63
4050 5 13 57
6023 5 13 49
3835 5 13 44
1872 5 13 37
1249 5 13 32
5895 5 13 25
3086 5 13 20
733 5 13 14
5732 5 13 6
213 5 15 84
1669 5 15 78
1317 5 15 70
5966 5 15 63
5089 5 15 56
4147 5 15 50
3078 5 15 44
5300 5 15 36
118 5 15 30
3111 5 15 24
2701 5 15 17
6115 5 15 9
1023 5 15 3
2562 5 16 83
476 5 16 78
929 5 16 70
4718 5 16 63
4127 5 16 56
3642 5 16 50
2821 5 16 44
5182 5 16 36
4665 5 16 29
3773 5 16 22
2756 5 16 14
5611 5 16 6
1827 5 18 82
5470 5 18 75
290 5 18 71
448 5 18 64
2145 5 18 57
5960 5 18 49
3834 5 18 44
4323 5 18 36
4227 5 18 29
3672 5 18 22
2583 5 18 14
4412 5 18 6
385 6 0 81
534 6 0 76
1203 6 0 71
4864 6 0 63
3941 6 0 56
445 6 0 50
1883 6 0 44
3119 6 0 36
3142 6 0 29
2663 6 0 22
1076 6 0 14
2622 6 0 6
3257 6 2 80
4032 6 2 73
5714 6 2 67
5609 6 2 61
1127 6 2 56
5474 6 2 49
5017 6 2 43
1142 6 2 39
5555 6 2 33
6035 6 2 25
781 6 2 20
228 6 2 14
2437 6 2 6
1331 6 4 80
2276 6 4 73
5040 6 4 67
263 6 4 61
602 6 4 56
4485 6 4 49
3715 6 4 43
5352 6 4 38
423 6 4 32
4766 6 4 25
5840 6 4 19
187 6 4 14
2024 6 4 6
3373 6 6 79
2095 6 6 73
4155 6 6 67
6045 6 6 60
3283 6 6 57
3332 6 6 49
3572 6 6 43
4815 6 6 38
5756 6 6 31
6093 6 6 23
408 6 6 17
5688 6 6 9
4219 6 6 2
4070 6 7 77
3466 6 7 73
2863 6 7 67
5546 6 7 60
2293 6 7 57
1264 6 7 49
2630 6 7 43
3221 6 7 38
2302 6 7 31
5965 6 7 23
5876 6 7 16
3 6 7 10
5964 6 7 5
4042 6 9 76
904 6 9 71
1479 6 9 63
3704 6 9 56
4023 6 9 49
2547 6 9 43
2921 6 9 38
336 6 9 31
3555 6 9 23
5683 6 9 16
5897 6 9 9
2476 6 9 2
1246 6 10 67
5310 6 10 60
1362 6 10 57
5335 6 10 48
5637 6 10 41
3741 6 10 32
2623 6 10 25
5728 6 10 19
5999 6 10 13
5759 6 10 7
2058 6 10 1
5216 6 11 64
54 6 11 57
5758 6 11 47
2230 6 11 40
1982 6 11 35
709 6 11 28
2636 6 11 22
494 6 11 14
3855 6 11 5
1566 6 12 97
2735 6 12 93
4371 6 12 88
4225 6 12 83
6046 6 12 77
3343 6 12 73
1412 6 12 67
3469 6 12 60
580 6 12 57
5536 6 12 47
2027 6 12 40
1603 6 12 35
5039 6 12 27
2705 6 12 21
6079 6 12 14
3818 6 12 5
4223 6 13 95
4592 6 13 89
1072 6 13 84
731 6 13 78
5970 6 13 69
3879 6 13 62
3733 6 13 56
3261 6 13 49
1265 6 13 43
1324 6 13 38
4402 6 13 30
2281 6 13 24
2657 6 13 17
4152 6 13 9
2271 6 13 2
3334 7 0 95
4248 7 0 89
1039 7 0 84
117 7 0 78
5503 7 0 69
1704 7 0 62
3556 7 0 56
1611 7 0 49
1483 7 0 42
1576 7 0 35
4538 7 0 27
1507 7 0 21
4076 7 0 14
3643 7 0 4
2822 7 2 95
3938 7 2 89
4987 7 2 83
5531 7 2 77
1536 7 2 73
1176 7 2 67
3362 7 2 60
5996 7 2 56
1488 7 2 49
1181 7 2 42
5940 7 2 34
1280 7 2 27
1015 7 2 21
2938 7 2 14
2794 7 2 4
1643 7 4 95
3174 7 4 89
4501 7 4 83
4787 7 4 77
5177 7 4 72
4321 7 4 65
4462 7 4 58
1073 7 4 52
5486 7 4 45
1521 7 4 41
2959 7 4 32
1462 7 4 25
85 7 4 19
4769 7 4 13
4764 7 4 7
1312 7 4 1
285 7 7 95
3084 7 7 89
3666 7 7 83
4770 7 7 77
3337 7 7 72
3107 7 7 65
3658 7 7 58
663 7 7 52
4269 7 7 45
980 7 7 41
2147 7 7 32
1150 7 7 25
6091 7 7 18
102 7 7 12
3235 7 7 4
4 7 12 95
3067 7 12 89
2397 7 12 83
4330 7 12 77
3055 7 12 72
1093 7 12 65
2745 7 12 58
593 7 12 52
3690 7 12 45
230 7 12 40
1519 7 12 35
2571 7 12 27
5868 7 12 20
5568 7 12 13
2069 7 12 7
5794 7 13 94
4486 7 13 90
835 7 13 85
4367 7 13 78
2210 7 13 69
3778 7 13 61
535 7 13 56
832 7 13 49
4377 7 13 41
1291 7 13 32
617 7 13 25
5673 7 13 18
4858 7 13 11
1602 7 13 5
5709 7 15 94
3477 7 15 90
681 7 15 85
4156 7 15 78
44 7 15 69
3559 7 15 61
5155 7 15 54
5801 7 15 47
1587 7 15 40
245 7 15 35
975 7 15 27
3118 7 15 20
5278 7 15 13
1948 7 15 7
5151 7 16 94
2985 7 16 90
5951 7 16 84
5736 7 16 77
2060 7 16 72
574 7 16 65
1975 7 16 58
235 7 16 52
3492 7 16 45
5097 7 16 39
1583 7 16 33
5628 7 16 25
4585 7 16 18
4107 7 16 11
1148 7 16 5
2692 7 17 94
4138 7 17 89
2249 7 17 83
2527 7 17 77
6086 7 17 71
1233 7 17 63
3530 7 17 56
4145 7 17 48
5256 7 17 41
240 7 17 32
505 7 17 25
4577 7 17 18
4010 7 17 11
5749 7 17 4
2185 7 18 94
3232 7 18 89
1562 7 18 83
1544 7 18 77
3207 7 18 71
5908 7 18 62
3488 7 18 56
2994 7 18 48
4134 7 18 41
22 7 18 32
4943 7 18 24
289 7 18 17
3094 7 18 9
5870 7 18 1
4911 7 19 93
4060 7 19 88
3566 7 19 83
3794 7 19 76
4906 7 19 70
3398 7 19 63
3380 7 19 56
2942 7 19 48
4078 7 19 41
5735 7 19 31
3115 7 19 23
4668 7 19 16
5136 7 19 9
5448 7 19 1
4771 8 0 93
3652 8 0 88
1310 8 0 83
3381 8 0 76
4475 8 0 70
2127 8 0 63
3367 8 0 56
2315 8 0 48
3912 8 0 41
2936 8 0 31
2410 8 0 23
4455 8 0 16
3126 8 0 9
3890 8 0 1
4332 8 2 93
5669 8 2 87
655 8 2 81
5813 8 2 75
2193 8 2 70
1169 8 2 63
2710 8 2 56
2159 8 2 48
3613 8 2 41
2764 8 2 31
310 8 2 23
4020 8 2 16
3049 8 2 9
679 8 2 1
4255 8 4 93
4036 8 4 87
4582 8 4 80
5661 8 4 72
83 8 4 65
1375 8 4 58
4139 8 4 51
1826 8 4 44
2881 8 4 36
2691 8 4 29
1783 8 4 22
4590 8 4 13
1304 8 4 7
1063 8 5 93
3446 8 5 87
4040 8 5 80
4344 8 5 72
36 8 5 65
794 8 5 58
3947 8 5 51
5359 8 5 43
5772 8 5 37
4380 8 5 31
5821 8 5 22
3430 8 5 13
1272 8 5 7
5333 8 6 92
5663 8 6 86
2580 8 6 79
2049 8 6 73
158 8 6 67
2783 8 6 60
5449 8 6 56
1911 8 6 48
2968 8 6 41
2604 8 6 31
4887 8 6 22
363 8 6 13
3767 8 6 6
2828 8 7 92
5440 8 7 86
2326 8 7 79
1099 8 7 73
5065 8 7 66
1759 8 7 59
2909 8 7 51
5066 8 7 43
2655 8 7 37
3970 8 7 31
4466 8 7 22
5766 8 7 12
3050 8 7 4
2124 8 9 92
3052 8 9 86
1423 8 9 79
1043 8 9 73
3739 8 9 66
248 8 9 59
1660 8 9 51
4423 8 9 43
2365 8 9 37
3886 8 9 31
1354 8 9 22
5436 8 9 12
2913 8 9 4
1464 8 11 92
2696 8 11 86
915 8 11 79
957 8 11 73
3581 8 11 66
4579 8 11 58
2559 8 11 51
4325 8 11 43
1632 8 11 37
2277 8 11 31
667 8 11 22
4729 8 11 12
1275 8 11 4
390 8 12 92
718 8 12 86
4172 8 12 78
5652 8 12 68
3459 8 12 62
3369 8 12 56
1426 8 12 48
342 8 12 41
2160 8 12 31
5062 8 12 21
1907 8 12 14
2342 8 12 4
5250 9 0 91
1838 9 0 85
3473 9 0 78
2846 9 0 68
2928 9 0 62
2760 9 0 56
3614 9 0 47
1429 9 0 40
5188 9 0 34
887 9 0 27
2007 9 0 20
3820 9 0 13
3140 9 0 6
3822 9 2 91
444 9 2 85
2865 9 2 78
2812 9 2 68
2214 9 2 62
2495 9 2 56
2635 9 2 47
751 9 2 40
4981 9 2 34
876 9 2 27
1642 9 2 20
3663 9 2 13
1865 9 2 6
3306 9 4 91
30 9 4 85
2135 9 4 78
1905 9 4 68
1459 9 4 62
2334 9 4 56
2115 9 4 47
472 9 4 40
3219 9 4 34
807 9 4 27
1055 9 4 20
2474 9 4 13
1432 9 4 6
2215 9 5 91
3495 9 5 84
5682 9 5 77
3145 9 5 71
5787 9 5 62
5543 9 5 55
2387 9 5 51
3827 9 5 43
1530 9 5 37
3809 9 5 30
2130 9 5 24
4912 9 5 16
5489 9 5 8
4228 9 5 3
3507 9 6 90
4883 9 6 84
4186 9 6 77
2311 9 6 71
4570 9 6 62
5186 9 6 55
839 9 6 51
3752 9 6 43
1320 9 6 37
2586 9 6 30
1726 9 6 24
3650 9 6 16
5295 9 6 8
3329 9 6 3
3475 9 7 90
4803 9 7 84
3684 9 7 77
1624 9 7 71
3632 9 7 62
1228 9 7 55
4784 9 7 50
893 9 7 44
5189 9 7 35
3541 9 7 26
4601 9 7 20
1801 9 7 13
188 9 7 6
3012 9 9 90
1025 9 9 84
1381 9 9 77
5782 9 9 70
307 9 9 63
1580 9 9 56
2100 9 9 47
335 9 9 40
5666 9 9 33
3762 9 9 25
4035 9 9 18
3197 9 9 11
3776 9 9 4
2192 9 14 90
5257 9 14 83
2558 9 14 76
2875 9 14 70
5563 9 14 62
626 9 14 55
4100 9 14 50
5254 9 14 43
685 9 14 37
1825 9 14 30
779 9 14 24
5539 9 14 15
4959 9 14 8
3194 9 14 3
698 9 15 90
5046 9 15 83
1577 9 15 76
1699 9 15 70
4298 9 15 62
2983 9 15 54
4672 9 15 47
3948 9 15 39
1298 9 15 33
3702 9 15 25
3909 9 15 18
2004 9 15 11
3276 9 15 4
4254 9 16 89
1541 9 16 83
676 9 16 76
4660 9 16 69
2736 9 16 61
4340 9 16 54
4101 9 16 47
3068 9 16 39
4448 9 16 32
4394 9 16 24
4747 9 16 15
4215 9 16 8
1747 9 16 3
1808 9 18 89
257 9 18 83
3521 9 18 75
1075 9 18 70
4241 9 18 62
2974 9 18 54
2740 9 18 47
1601 9 18 39
4142 9 18 32
2678 9 18 24
1960 9 18 15
3296 9 18 8
2524 9 18 2
1334 10 0 89
3190 10 0 82
3785 10 0 75
925 10 0 70
3103 10 0 62
1719 10 0 54
2038 10 0 46
6096 10 0 40
5610 10 0 33
1399 10 0 25
3654 10 0 18
1084 10 0 11
2922 10 0 4
299 10 4 89
537 10 4 82
2676 10 4 75
758 10 4 70
2333 10 4 62
6052 10 4 53
3209 10 4 46
4009 10 4 40
4736 10 4 33
5881 10 4 24
1625 10 4 15
2156 10 4 8
745 10 4 2
5031 10 9 88
5249 10 9 82
516 10 9 75
5000 10 9 69
2432 10 9 61
3722 10 9 54
456 10 9 46
3335 10 9 40
4526 10 9 33
5338 10 9 24
6033 10 9 14
5651 10 9 3
1425 10 10 88
4094 10 10 82
5804 10 10 74
6077 10 10 67
573 10 10 60
5078 10 10 56
1360 10 10 47
223 10 10 39
3458 10 10 32
6097 10 10 23
3003 10 10 16
3782 10 10 8
5823 10 10 1
138 10 11 88
2296 10 11 82
5152 10 11 74
5879 10 11 67
5156 10 11 59
474 10 11 51
3361 10 11 43
4058 10 11 36
1112 10 11 29
1678 10 11 22
3346 10 11 12
1132 10 11 4
6053 10 12 87
3509 10 12 80
3117 10 12 72
5148 10 12 64
2932 10 12 56
984 10 12 47
5993 10 12 38
2750 10 12 30
292 10 12 24
5907 10 12 14
4816 10 12 3
5050 10 13 87
3412 10 13 80
2323 10 13 72
3358 10 13 64
1325 10 13 56
236 10 13 47
4738 10 13 38
2680 10 13 30
4313 10 13 23
705 10 13 16
3768 10 13 8
5154 10 13 1
2739 10 18 87
5691 10 18 79
5799 10 18 72
3268 10 18 64
989 10 18 56
6025 10 18 46
2805 10 18 40
3048 10 18 33
5319 10 18 24
5603 10 18 14
3597 10 18 3
2529 10 19 87
5063 10 19 79
5217 10 19 72
2800 10 19 64
170 10 19 56
4018 10 19 45
2995 10 19 39
3170 10 19 32
5639 10 19 23
5483 10 19 15
672 10 19 8
4326 10 19 1
119 11 0 86
3087 11 0 78
100 11 0 68
769 11 0 62
5780 11 0 53
2016 11 0 46
4347 11 0 39
1144 11 0 32
4595 11 0 23
5430 11 0 15
5417 11 0 7
6054 11 1 85
1458 11 1 78
99 11 1 68
5930 11 1 61
3413 11 1 54
6016 11 1 45
1404 11 1 39
354 11 1 32
609 11 1 23
4809 11 1 15
4810 11 1 7
2585 11 2 85
992 11 2 78
5668 11 2 67
5153 11 2 59
326 11 2 51
3193 11 2 43
229 11 2 36
910 11 2 29
1107 11 2 22
1571 11 2 12
828 11 2 4
218 11 4 85
728 11 4 78
3129 11 4 67
2677 11 4 59
5927 11 4 50
4580 11 4 43
5408 11 4 35
2576 11 4 26
3625 11 4 19
1403 11 4 13
5653 11 4 5
183 11 6 83
2472 11 6 75
3340 11 6 69
1893 11 6 61
1947 11 6 54
5056 11 6 45
1308 11 6 39
5954 11 6 31
4925 11 6 21
1778 11 6 14
2146 11 6 3
4659 11 7 82
4110 11 7 74
4247 11 7 67
2295 11 7 59
4080 11 7 50
3960 11 7 43
5003 11 7 35
2023 11 7 26
2487 11 7 19
264 11 7 13
4977 11 7 5
2329 11 9 82
3513 11 9 74
3281 11 9 67
2283 11 9 59
2645 11 9 50
3875 11 9 43
4657 11 9 35
1361 11 9 26
1356 11 9 19
247 11 9 13
4930 11 9 5
4630 11 10 80
5871 11 10 71
3042 11 10 62
5635 11 10 53
1038 11 10 46
3523 11 10 39
5623 11 10 31
3183 11 10 21
4709 11 10 13
4317 11 10 5
465 11 11 80
5624 11 11 71
266 11 11 62
4405 11 11 53
365 11 11 46
2478 11 11 39
4099 11 11 31
1495 11 11 21
1737 11 11 13
3154 11 11 5
6076 11 12 79
3519 11 12 72
1680 11 12 64
5287 11 12 55
1227 11 12 50
3539 11 12 43
4559 11 12 35
658 11 12 26
5935 11 12 18
3692 11 12 10
5909 11 12 5
3978 11 13 79
2449 11 13 72
1501 11 13 64
4853 11 13 55
66 11 13 50
1736 11 13 43
4529 11 13 35
5971 11 13 25
1901 11 13 18
837 11 13 10
5115 11 13 5
152 11 14 79
2325 11 14 72
776 11 14 64
4351 11 14 55
5648 11 14 49
2987 11 14 41
1554 11 14 31
1095 11 14 21
1013 11 14 13
3056 11 14 5
5057 11 15 78
1532 11 15 67
92 11 15 59
4674 11 15 49
2374 11 15 41
864 11 15 31
930 11 15 21
459 11 15 13
2904 11 15 5
3901 11 16 78
280 11 16 67
1268 11 16 58
2546 11 16 51
1540 11 16 43
2493 11 16 35
4302 11 16 25
553 11 16 18
343 11 16 10
4960 11 16 5
4886 11 18 77
4821 11 18 70
2189 11 18 62
4090 11 18 53
4091 11 18 45
563 11 18 39
3029 11 18 31
435 11 18 21
5393 11 18 12
677 11 18 4
5271 11 19 75
2958 11 19 69
4875 11 19 60
3719 11 19 56
2791 11 19 45
96 11 19 39
1953 11 19 31
4376 11 19 20
1401 11 19 13
2665 11 19 5
3605 12 2 60
4866 12 2 55
5550 12 2 49
2132 12 2 41
205 12 2 31
2859 12 2 20
889 12 2 13
2035 12 2 5
3847 12 14 27
5149 12 14 19
4951 12 14 12
3490 12 14 3
394 12 15 95
2467 12 15 89
283 12 15 82
312 12 15 74
3234 12 15 67
4677 12 15 57
3474 12 15 47
2819 12 15 38
2395 12 15 30
4310 12 15 23
4166 12 15 15
4631 12 15 7
4439 13 0 94
3176 13 0 89
265 13 0 82
4599 13 0 73
3289 13 0 66
3735 13 0 58
2462 13 0 51
123 13 0 43
2439 13 0 35
2829 13 0 25
189 13 0 18
6073 13 0 9
361 13 0 1
462 13 2 94
2951 13 2 89
104 13 2 82
4075 13 2 73
2674 13 2 66
3150 13 2 58
2377 13 2 51
5506 13 2 42
5293 13 2 34
644 13 2 27
2404 13 2 19
4118 13 2 12
5109 13 2 2
3950 13 4 93
413 13 4 87
4953 13 4 79
1391 13 4 71
5752 13 4 61
1886 13 4 54
3038 13 4 45
5425 13 4 38
5693 13 4 29
6038 13 4 21
5048 13 4 12
2053 13 4 2
1799 13 5 93
5424 13 5 86
2484 13 5 78
5986 13 5 66
3009 13 5 58
660 13 5 51
5388 13 5 42
3442 13 5 34
5221 13 5 26
4781 13 5 18
5403 13 5 9
28 13 5 1
3351 13 6 92
216 13 6 86
927 13 6 77
4366 13 6 70
1496 13 6 62
3865 13 6 53
3737 13 6 45
3895 13 6 38
4689 13 6 29
5621 13 6 21
4177 13 6 12
1763 13 6 2
5717 13 7 91
998 13 7 84
1191 13 7 77
1988 13 7 70
1471 13 7 62
2489 13 7 53
3378 13 7 45
3833 13 7 38
4632 13 7 29
4780 13 7 21
3598 13 7 12
1606 13 7 2
4491 13 8 91
79 13 8 84
3069 13 8 76
3595 13 8 69
2457 13 8 60
1428 13 8 55
5144 13 8 49
331 13 8 41
201 13 8 31
2612 13 8 19
2886 13 8 12
4933 13 8 1
4400 13 9 91
4024 13 9 83
838 13 9 75
2180 13 9 69
4829 13 9 59
3682 13 9 49
311 13 9 41
4860 13 9 30
3872 13 9 23
3172 13 9 15
3976 13 9 7
4182 13 10 91
2943 13 10 83
202 13 10 75
5983 13 10 68
3758 13 10 61
1675 13 10 54
1163 13 10 45
3586 13 10 38
4109 13 10 28
2496 13 10 22
4113 13 10 11
1806 13 10 4
3122 13 11 91
1753 13 11 83
163 13 11 75
5877 13 11 68
2592 13 11 61
338 13 11 54
185 13 11 44
4722 13 11 35
2338 13 11 25
5588 13 11 17
1240 13 11 9
3004 13 11 1
2269 13 12 91
727 13 12 83
5133 13 12 74
1653 13 12 67
3399 13 12 57
1085 13 12 47
2057 13 12 38
3621 13 12 28
2348 13 12 22
3543 13 12 11
5844 13 12 3
5798 13 14 90
4999 13 14 83
4236 13 14 74
1195 13 14 67
3141 13 14 57
5731 13 14 46
2368 13 14 39
1864 13 14 31
588 13 14 19
5433 13 14 11
2971 13 14 3
5302 13 15 90
4836 13 15 83
2626 13 15 74
260 13 15 67
2263 13 15 57
4470 13 15 46
896 13 15 39
712 13 15 31
3288 13 15 18
5087 13 15 9
1394 13 15 1
2911 13 17 90
4494 13 17 83
1977 13 17 74
3562 13 17 66
4508 13 17 57
243 13 17 46
6101 13 17 38
879 13 17 28
532 13 17 22
750 13 17 11
2935 13 17 3
2228 13 18 90
4210 13 18 83
5353 13 18 73
1769 13 18 66
1898 13 18 57
3146 13 18 45
3573 13 18 38
493 13 18 28
4542 13 18 21
3008 13 18 12
4336 13 18 1
2065 13 19 90
4818 13 19 82
3357 13 19 73
1016 13 19 66
1818 13 19 57
2463 13 19 45
558 13 19 38
208 13 19 28
4267 13 19 21
1788 13 19 12
2940 13 19 1
5488 14 0 89
5305 14 0 81
5159 14 0 75
3167 14 0 68
2456 14 0 61
5613 14 0 53
2010 14 0 45
387 14 0 38
2624 14 0 27
1338 14 0 19
818 14 0 11
1012 14 0 3
4826 14 2 89
5041 14 2 81
1871 14 2 75
1781 14 2 68
1636 14 2 61
5366 14 2 53
1229 14 2 45
6102 14 2 37
786 14 2 30
744 14 2 23
1455 14 2 15
2757 14 2 7
4016 14 4 89
4467 14 4 81
1130 14 4 75
1729 14 4 68
3842 14 4 60
485 14 4 55
2475 14 4 49
105 14 4 41
4368 14 4 30
571 14 4 23
506 14 4 15
1734 14 4 7
3483 14 7 89
4435 14 7 81
73 14 7 75
1126 14 7 68
3502 14 7 60
5912 14 7 54
6060 14 7 43
2149 14 7 35
2034 14 7 25
3480 14 7 17
432 14 7 9
414 14 7 1
3089 14 8 89
3124 14 8 81
4820 14 8 74
3233 14 8 66
1221 14 8 57
585 14 8 45
5888 14 8 37
3327 14 8 29
3991 14 8 21
1575 14 8 12
2072 14 8 1
2341 14 9 89
662 14 9 81
4556 14 9 74
2386 14 9 66
467 14 9 57
32 14 9 45
5367 14 9 37
2771 14 9 29
3545 14 9 21
403 14 9 12
131 14 9 3
1640 14 10 89
3693 14 10 80
3933 14 10 71
4008 14 10 61
4989 14 10 53
5191 14 10 44
1873 14 10 35
527 14 10 25
1504 14 10 17
61 14 10 9
381 14 10 1
622 14 11 89
2545 14 11 80
3805 14 11 71
2658 14 11 61
4037 14 11 53
4965 14 11 44
1645 14 11 35
4425 14 11 24
5389 14 11 14
3777 14 11 2
5934 14 12 88
446 14 12 82
3229 14 12 73
959 14 12 66
125 14 12 57
4356 14 12 44
5192 14 12 34
1341 14 12 26
2453 14 12 18
5067 14 12 9
359 14 12 1
5715 14 14 88
5958 14 14 81
1790 14 14 74
1761 14 14 66
5001 14 14 56
2695 14 14 45
5161 14 14 37
1615 14 14 29
2483 14 14 21
334 14 14 12
2573 14 14 2
4863 14 15 88
4830 14 15 81
1042 14 15 74
5911 14 15 65
594 14 15 57
3510 14 15 44
5126 14 15 34
1165 14 15 26
314 14 15 18
4948 14 15 9
1708 14 19 88
4304 14 19 81
760 14 19 74
4535 14 19 65
490 14 19 57
3245 14 19 44
2421 14 19 34
944 14 19 26
4983 14 19 17
5973 14 19 8
5523 15 0 87
4441 15 0 79
923 15 0 71
1619 15 0 61
1932 15 0 53
2064 15 0 44
666 15 0 34
4799 15 0 25
1439 15 0 17
5806 15 0 8
5298 15 4 87
3254 15 4 79
5839 15 4 70
1410 15 4 62
859 15 4 53
2019 15 4 44
5790 15 4 33
2229 15 4 24
4891 15 4 14
2703 15 4 2
736 15 6 87
2253 15 6 79
4384 15 6 70
641 15 6 62
5724 15 6 52
1029 15 6 45
4324 15 6 37
600 15 6 29
2360 15 6 21
4941 15 6 11
1592 15 6 2
702 15 17 87
2134 15 17 79
3876 15 17 70
5856 15 17 61
1316 15 17 53
1784 15 17 44
4404 15 17 33
1441 15 17 24
4343 15 17 14
5680 15 17 1
35 16 0 87
1313 16 0 79
3275 16 0 70
3956 16 0 61
322 16 0 53
1585 16 0 44
3155 16 0 33
1220 16 0 24
2423 16 0 14
5363 16 0 1
1066 16 1 86
4342 16 1 76
3280 16 1 69
4757 16 1 59
1512 16 1 49
3027 16 1 40
824 16 1 33
464 16 1 24
1741 16 1 14
5162 16 1 1
340 16 2 86
5905 16 2 75
5428 16 2 67
2226 16 2 57
697 16 2 44
2868 16 2 33
5498 16 2 23
2836 16 2 14
607 16 2 1
3318 16 4 85
4716 16 4 77
1036 16 4 70
2957 16 4 61
4495 16 4 52
4390 16 4 44
1794 16 4 33
4264 16 4 23
791 16 4 14
93 16 4 1
948 16 6 85
3304 16 6 77
1024 16 6 70
500 16 6 61
5832 16 6 51
5084 16 6 42
3389 16 6 34
2997 16 6 25
1044 16 6 17
4034 16 6 8
4808 16 7 84
2876 16 7 76
1751 16 7 69
4000 16 7 59
298 16 7 49
2198 16 7 40
4844 16 7 32
5789 16 7 22
3505 16 7 10
3061 16 7 5
3668 16 8 84
2486 16 8 76
1485 16 8 69
3802 16 8 59
6111 16 8 48
5979 16 8 40
2416 16 8 32
5558 16 8 22
1207 16 8 10
2926 16 8 5
2899 16 9 84
389 16 9 76
684 16 9 69
3198 16 9 59
5565 16 9 48
4752 16 9 40
1793 16 9 32
5442 16 9 22
6099 16 9 9
1152 16 10 84
3577 16 10 75
5313 16 10 67
782 16 10 57
1847 16 10 42
5815 16 10 33
3882 16 10 23
6098 16 10 13
1773 16 10 5
787 16 12 84
2273 16 12 75
4541 16 12 67
217 16 12 57
1288 16 12 42
4602 16 12 33
3734 16 12 23
4137 16 12 13
6028 16 12 4
1875 16 13 82
3057 16 13 73
74 16 13 66
4789 16 13 56
2684 16 13 45
2243 16 13 37
268 16 13 29
1346 16 13 21
3603 16 13 11
1371 16 13 2
327 16 14 82
968 16 14 73
5995 16 14 65
279 16 14 57
2653 16 14 41
3921 16 14 30
379 16 14 23
2129 16 14 13
4957 16 14 4
4699 16 17 81
259 16 17 74
1690 16 17 65
4249 16 17 56
5997 16 17 44
1027 16 17 33
3293 16 17 23
878 16 17 13
2403 16 17 4
4051 16 18 81
4967 16 18 73
5147 16 18 65
3981 16 18 56
5921 16 18 44
405 16 18 33
318 16 18 23
65 16 18 13
2085 16 18 4
3649 16 19 81
4700 16 19 73
2602 16 19 65
2941 16 19 56
4187 16 19 44
5443 16 19 32
3043 16 19 22
5818 16 19 9
1877 17 2 81
4208 17 2 73
1904 17 2 65
169 17 2 56
1716 17 2 44
5204 17 2 32
1774 17 2 22
1880 17 2 8
3292 17 4 79
2239 17 4 69
2838 17 4 59
3422 17 4 48
4636 17 4 40
1539 17 4 32
895 17 4 22
589 17 4 8
4985 17 6 77
498 17 6 70
4913 17 6 60
2879 17 6 54
439 17 6 43
1198 17 6 35
2833 17 6 23
4841 17 6 12
773 17 6 2
1414 17 7 77
162 17 7 70
4899 17 7 60
860 17 7 54
5713 17 7 42
3575 17 7 33
5471 17 7 22
4705 17 7 7
3593 17 12 75
4329 17 12 67
6031 17 12 56
4216 17 12 43
5282 17 12 34
2737 17 12 25
5114 17 12 16
4523 17 12 7
1444 17 17 74
882 17 17 65
5726 17 17 55
1631 17 17 49
653 17 17 40
1067 17 17 32
191 17 17 22
1939 17 17 7
5989 17 18 73
562 17 18 65
2910 17 18 55
1628 17 18 49
24 17 18 40
221 17 18 32
4897 17 18 21
3073 17 18 11
410 17 18 2
3213 17 19 64
253 17 19 55
5023 17 19 48
4083 17 19 40
5495 17 19 31
2284 17 19 18
3007 17 19 9
5252 18 7 63
2446 18 7 55
1582 18 7 48
2531 18 7 40
5427 18 7 31
3968 18 7 17
3018 18 7 8
5094 18 9 94
2707 18 9 89
1696 18 9 80
2858 18 9 71
1584 18 9 61
2151 18 9 51
5075 18 9 42
3550 18 9 33
4762 18 9 22
5303 18 9 6
1322 18 10 94
961 18 10 89
579 18 10 80
2816 18 10 71
3730 18 10 60
5272 18 10 53
42 18 10 44
4991 18 10 32
4505 18 10 21
2637 18 10 11
86 18 10 2
844 18 12 94
5160 18 12 88
4169 18 12 81
1649 18 12 73
5476 18 12 64
3204 18 12 54
5184 18 12 42
834 18 12 33
2220 18 12 22
4842 18 12 6
2510 18 14 93
4753 18 14 86
4591 18 14 75
3300 18 14 67
4283 18 14 56
325 18 14 43
3533 18 14 34
1261 18 14 25
3072 18 14 16
2385 18 14 7
2270 19 0 93
2464 19 0 86
4531 19 0 75
2890 19 0 67
4174 19 0 56
5974 19 0 42
5572 19 0 32
3951 19 0 21
2401 19 0 11
4575 19 0 1
5520 19 1 92
177 19 1 86
4350 19 1 75
2659 19 1 67
5846 19 1 55
1052 19 1 48
5444 19 1 39
625 19 1 31
2716 19 1 17
2542 19 1 8
5490 19 2 92
4583 19 2 85
3242 19 2 77
1 19 2 70
3645 19 2 60
4892 19 2 53
3804 19 2 43
1092 19 2 34
646 19 2 25
2178 19 2 16
1765 19 2 7
4348 19 3 92
4245 19 3 85
4536 19 3 76
5903 19 3 68
5355 19 3 59
5569 19 3 47
1477 19 3 38
1109 19 3 27
1058 19 3 19
346 19 3 11
4418 19 3 1
2824 19 4 92
3869 19 4 85
521 19 4 76
5068 19 4 68
5082 19 4 59
2498 19 4 47
1028 19 4 37
97 19 4 29
5042 19 4 20
5381 19 4 12
3747 19 4 1
1434 19 5 92
2139 19 5 85
371 19 5 76
3954 19 5 67
5285 19 5 55
6004 19 5 47
250 19 5 37
5676 19 5 28
2789 19 5 21
2361 19 5 11
2245 19 5 5
1007 19 6 92
633 19 6 85
5260 19 6 75
2424 19 6 67
3651 19 6 55
4150 19 6 47
4765 19 6 36
182 19 6 29
4120 19 6 20
5092 19 6 12
1732 19 6 5
190 19 7 92
5729 19 7 84
2234 19 7 75
5937 19 7 66
4360 19 7 56
5347 19 7 41
3810 19 7 30
114 19 7 23
4337 19 7 12
6032 19 7 4
5206 19 9 91
5740 19 9 82
875 19 9 73
4961 19 9 64
4653 19 9 53
2553 19 9 43
5684 19 9 33
590 19 9 22
5121 19 9 5
4812 19 10 91
5527 19 10 82
539 19 10 73
2216 19 10 64
3689 19 10 53
2050 19 10 43
5327 19 10 33
4905 19 10 21
1182 19 10 11
4500 19 10 4
2548 19 12 91
4481 19 12 82
147 19 12 73
39 19 12 64
2242 19 12 53
545 19 12 43
3153 19 12 33
4715 19 12 21
377 19 12 11
3727 19 12 4
108 19 14 91
2929 19 14 82
4506 19 14 72
632 19 14 64
1390 19 14 53
4881 19 14 42
3402 19 14 32
3757 19 14 21
5499 19 14 10
561 19 14 4
4373 19 15 90
4115 19 15 82
2140 19 15 72
3590 19 15 63
2083 19 15 55
3681 19 15 47
4125 19 15 36
5104 19 15 28
2614 19 15 21
4850 19 15 10
122 19 15 4
2525 19 16 90
4088 19 16 82
3717 19 16 71
3423 19 16 60
2177 19 16 53
4451 19 16 42
1174 19 16 32
2629 19 16 21
4183 19 16 10
5567 19 16 3
1992 19 17 90
3792 19 17 82
3468 19 17 71
2205 19 17 60
1417 19 17 53
2763 19 17 42
597 19 17 32
1242 19 17 21
3181 19 17 10
2152 19 17 3
5434 19 18 89
4670 19 18 79
4633 19 18 68
4894 19 18 59
309 19 18 47
2407 19 18 36
4098 19 18 28
124 19 18 21
1809 19 18 10
95 19 18 3
5308 19 19 89
4295 19 19 79
4499 19 19 68
4767 19 19 59
80 19 19 47
1223 19 19 36
3460 19 19 28
4026 19 19 20
4852 19 19 12
5181 19 19 2
