2691
716 0 0 98
2705 0 0 96
4237 0 0 93
1332 0 0 91
1176 0 0 88
2222 0 0 86
1718 0 0 84
3481 0 0 81
4659 0 0 78
1065 0 0 76
5314 0 0 72
3420 0 0 70
458 0 0 67
3580 0 0 64
2173 0 0 61
4127 0 0 59
1183 0 0 57
3490 0 0 55
4076 0 0 52
4024 0 0 49
3266 0 0 46
1824 0 0 44
769 0 0 42
1608 0 0 40
3441 0 0 38
5765 0 0 36
3501 0 0 34
3864 0 0 30
1293 0 0 28
2692 0 0 24
3904 0 0 22
479 0 0 19
5058 0 0 17
4741 0 0 14
4143 0 0 11
5485 0 0 9
3294 0 0 7
3522 0 0 4
676 0 0 2
2667 0 1 97
1045 0 1 95
5328 0 1 93
4785 0 1 90
3823 0 1 87
2868 0 1 85
2507 0 1 83
254 0 1 81
4537 0 1 78
5291 0 1 75
4069 0 1 71
5124 0 1 68
5731 0 1 65
5174 0 1 62
155 0 1 58
1163 0 1 56
4560 0 1 54
3830 0 1 52
2046 0 1 48
4116 0 1 46
21 0 1 44
1721 0 1 41
3345 0 1 38
5064 0 1 35
3805 0 1 32
3712 0 1 28
1168 0 1 24
3101 0 1 21
5322 0 1 17
3192 0 1 13
2628 0 1 10
4019 0 1 6
2909 0 1 4
211 0 1 2
1761 0 2 97
3740 0 2 94
4977 0 2 90
1697 0 2 87
2686 0 2 84
2290 0 2 81
4801 0 2 77
3172 0 2 74
3497 0 2 72
5784 0 2 67
1284 0 2 64
3980 0 2 60
4198 0 2 57
3037 0 2 54
4334 0 2 50
2236 0 2 47
2951 0 2 44
5653 0 2 40
5380 0 2 37
1723 0 2 35
3314 0 2 32
1620 0 2 28
4481 0 2 23
3862 0 2 21
4363 0 2 17
1662 0 2 13
2253 0 2 10
693 0 2 6
2787 0 2 3
675 0 3 97
3103 0 3 94
3518 0 3 90
258 0 3 87
2149 0 3 84
5469 0 3 80
3908 0 3 77
2155 0 3 74
2975 0 3 71
1578 0 3 67
1202 0 3 63
664 0 3 61
5101 0 3 57
1828 0 3 54
2600 0 3 50
4602 0 3 46
885 0 3 43
2840 0 3 40
1128 0 3 36
1683 0 3 34
1114 0 3 29
3699 0 3 25
1644 0 3 22
274 0 3 19
2162 0 3 16
4515 0 3 13
3910 0 3 9
641 0 3 5
4352 0 3 2
1370 0 4 96
5334 0 4 92
881 0 4 89
607 0 4 87
1486 0 4 84
4459 0 4 80
269 0 4 77
2152 0 4 74
2674 0 4 71
201 0 4 67
584 0 4 63
2069 0 4 60
1899 0 4 57
1379 0 4 54
1657 0 4 50
924 0 4 46
5658 0 4 42
4982 0 4 39
1726 0 4 36
5171 0 4 32
1351 0 4 28
4462 0 4 22
2956 0 4 18
5143 0 4 14
3537 0 4 11
4399 0 4 8
4832 0 4 6
1660 0 4 3
699 0 5 96
4391 0 5 92
5015 0 5 88
347 0 5 86
4484 0 5 82
4380 0 5 80
4621 0 5 76
4519 0 5 72
4978 0 5 67
4194 0 5 62
105 0 5 58
3132 0 5 55
1874 0 5 52
1587 0 5 48
5481 0 5 44
2264 0 5 40
5580 0 5 35
1490 0 5 32
78 0 5 28
1326 0 5 22
4998 0 5 17
5673 0 5 12
4052 0 5 8
2365 0 5 6
5279 0 5 2
672 0 6 96
3502 0 6 92
1978 0 6 88
5755 0 6 85
5603 0 6 81
5526 0 6 76
3582 0 6 72
3135 0 6 67
3167 0 6 62
5688 0 6 57
5309 0 6 53
3136 0 6 51
3961 0 6 48
2313 0 6 44
2015 0 6 40
5359 0 6 35
4706 0 6 31
5060 0 6 27
775 0 6 22
4927 0 6 17
4624 0 6 12
3405 0 6 7
5473 0 6 3
5373 0 7 95
282 0 7 93
3063 0 7 90
2962 0 7 86
2408 0 7 82
5054 0 7 78
3149 0 7 75
4036 0 7 71
4751 0 7 66
2630 0 7 63
41 0 7 60
1218 0 7 57
4882 0 7 53
1146 0 7 50
5477 0 7 45
5458 0 7 41
5560 0 7 37
2378 0 7 34
980 0 7 29
3641 0 7 25
577 0 7 22
4591 0 7 17
4318 0 7 12
2417 0 7 7
3755 0 7 3
4975 0 8 95
5346 0 8 91
3344 0 8 87
1272 0 8 84
4276 0 8 80
1751 0 8 76
3050 0 8 72
2669 0 8 67
5010 0 8 61
2828 0 8 57
4849 0 8 53
1949 0 8 49
5540 0 8 45
3826 0 8 41
2060 0 8 37
2804 0 8 33
2130 0 8 30
4487 0 8 27
635 0 8 22
4447 0 8 17
3134 0 8 12
1531 0 8 7
592 0 8 3
4940 0 9 95
4532 0 9 91
2863 0 9 87
5711 0 9 83
5351 0 9 79
1621 0 9 76
706 0 9 72
5613 0 9 66
4402 0 9 62
1891 0 9 57
2545 0 9 53
1831 0 9 49
2189 0 9 45
2800 0 9 41
5265 0 9 36
4772 0 9 32
5611 0 9 27
2037 0 9 21
3658 0 9 17
1805 0 9 12
921 0 9 7
5247 0 9 2
4901 0 10 95
1770 0 10 91
4926 0 10 86
488 0 10 82
3102 0 10 78
1208 0 10 74
1476 0 10 70
5574 0 10 65
3467 0 10 61
2241 0 10 57
13 0 10 53
1784 0 10 49
5422 0 10 44
1321 0 10 40
3989 0 10 35
3624 0 10 31
5471 0 10 26
1285 0 10 24
2580 0 10 20
3750 0 10 16
4151 0 10 13
3886 0 10 9
4283 0 10 4
5726 0 10 1
2501 0 11 95
4255 0 11 90
2260 0 11 86
5024 0 11 81
5192 0 11 76
4744 0 11 71
4133 0 11 66
4022 0 11 62
363 0 11 57
4692 0 11 52
5695 0 11 47
2777 0 11 44
5589 0 11 39
5737 0 11 35
4640 0 11 30
5165 0 11 26
2217 0 11 22
3863 0 11 17
1479 0 11 12
754 0 11 7
4189 0 11 2
1238 0 12 95
535 0 12 90
2190 0 12 86
2080 0 12 81
4144 0 12 76
3630 0 12 71
2985 0 12 66
2920 0 12 62
128 0 12 57
143 0 12 52
3608 0 12 47
958 0 12 44
5361 0 12 39
4754 0 12 35
3969 0 12 30
4166 0 12 26
2039 0 12 22
2332 0 12 17
1389 0 12 12
3204 0 12 6
4993 0 12 2
4954 0 13 94
2158 0 13 90
4833 0 13 85
5546 0 13 81
3555 0 13 76
1539 0 13 71
2294 0 13 66
2634 0 13 62
5049 0 13 56
1739 0 13 53
376 0 13 49
4964 0 13 44
4750 0 13 39
2128 0 13 35
3376 0 13 30
1424 0 13 26
763 0 13 22
2247 0 13 17
992 0 13 12
2512 0 13 6
2200 0 13 1
2797 0 14 94
3553 0 14 89
5752 0 14 86
1415 0 14 81
1262 0 14 76
5356 0 14 70
5073 0 14 65
2890 0 14 61
1982 0 14 57
5649 0 14 51
5641 0 14 46
1619 0 14 42
4949 0 14 39
1981 0 14 35
2592 0 14 30
2925 0 14 25
5717 0 14 21
441 0 14 17
5754 0 14 11
4809 0 14 7
411 0 14 2
2453 0 15 94
3473 0 15 89
2619 0 15 86
663 0 15 81
806 0 15 76
2616 0 15 70
2456 0 15 65
461 0 15 61
1859 0 15 57
5566 0 15 51
77 0 15 46
1253 0 15 42
3954 0 15 38
2330 0 15 35
2369 0 15 30
1484 0 15 25
1708 0 15 21
3589 0 15 16
1983 0 15 13
3722 0 15 9
4249 0 15 4
3520 0 15 1
1837 0 16 94
2554 0 16 89
1175 0 16 86
4892 0 16 80
4311 0 16 75
3080 0 16 71
2038 0 16 66
1143 0 16 62
4897 0 16 56
1624 0 16 52
3003 0 16 47
954 0 16 44
4243 0 16 39
5608 0 16 34
5111 0 16 28
782 0 16 22
1992 0 16 17
5183 0 16 11
3140 0 16 7
388 0 16 2
474 0 17 94
680 0 17 89
622 0 17 86
4812 0 17 80
1097 0 17 75
5394 0 17 70
2021 0 17 65
5763 0 17 60
4282 0 17 56
414 0 17 52
5030 0 17 46
492 0 17 42
1511 0 17 38
3352 0 17 34
4536 0 17 28
204 0 17 22
1222 0 17 17
3186 0 17 11
1523 0 17 7
4813 0 17 1
284 0 18 94
407 0 18 89
75 0 18 86
2443 0 18 80
637 0 18 75
4042 0 18 70
1437 0 18 65
5090 0 18 60
1685 0 18 56
1315 0 18 51
3662 0 18 45
2480 0 18 41
2226 0 18 36
4498 0 18 32
5121 0 18 27
1372 0 18 21
164 0 18 16
324 0 18 13
3493 0 18 9
1241 0 18 4
2651 0 18 1
264 0 19 94
4219 0 19 88
1452 0 19 85
5072 0 19 81
295 0 19 76
1561 0 19 70
3686 0 19 63
5427 0 19 59
1795 0 19 56
557 0 19 51
2922 0 19 45
1732 0 19 41
1483 0 19 36
3577 0 19 32
4269 0 19 27
1074 0 19 21
3 0 19 16
286 0 19 13
2548 0 19 9
1024 0 19 4
5478 2 0 93
5011 2 0 89
5150 2 0 85
4917 2 0 81
5335 2 0 75
3002 2 0 70
1368 2 0 63
4241 2 0 59
4037 2 0 55
4077 2 0 51
1373 2 0 45
314 2 0 41
798 2 0 36
2198 2 0 32
1198 2 0 27
5514 2 0 20
2754 2 0 16
3953 2 0 12
5727 2 0 5
4673 2 1 93
4448 2 1 89
5022 2 1 85
3449 2 1 81
3851 2 1 75
2680 2 1 69
1410 2 1 66
5156 2 1 61
1654 2 1 57
5460 2 1 51
4383 2 1 44
2779 2 1 39
4819 2 1 34
4350 2 1 28
5543 2 1 21
5740 2 1 15
5651 2 1 11
4541 2 1 6
1970 2 1 1
4156 2 2 93
2850 2 2 88
1136 2 2 85
4976 2 2 80
3210 2 2 74
5004 2 2 69
4922 2 2 65
3683 2 2 60
1292 2 2 56
5341 2 2 50
5452 2 2 45
285 2 2 41
503 2 2 36
2013 2 2 32
194 2 2 27
4242 2 2 20
2383 2 2 16
1177 2 2 12
5304 2 2 5
4147 2 5 93
2765 2 5 88
5321 2 5 84
4105 2 5 80
3164 2 5 74
4934 2 5 69
413 2 5 65
1873 2 5 60
1083 2 5 56
4760 2 5 50
4765 2 5 45
232 2 5 41
5498 2 5 35
98 2 5 30
688 2 5 25
710 2 5 21
4854 2 5 15
2352 2 5 11
5447 2 5 5
3928 2 7 93
1541 2 7 88
3371 2 7 84
3734 2 7 80
2032 2 7 74
3878 2 7 69
5646 2 7 64
2912 2 7 60
5232 2 7 55
5561 2 7 50
3970 2 7 45
4866 2 7 40
2892 2 7 35
5781 2 7 29
3640 2 7 25
5718 2 7 20
1965 2 7 16
3738 2 7 11
4864 2 7 5
2388 2 9 93
989 2 9 88
5115 2 9 83
5288 2 9 79
893 2 9 76
1529 2 9 70
1215 2 9 63
1251 2 9 59
3218 2 9 55
2914 2 9 50
2018 2 9 45
3542 2 9 40
2683 2 9 35
4671 2 9 29
3036 2 9 25
5270 2 9 20
1245 2 9 16
3096 2 9 11
917 2 9 5
4556 2 10 92
810 2 10 88
5109 2 10 83
2941 2 10 79
271 2 10 74
3806 2 10 69
5595 2 10 64
1944 2 10 60
3661 2 10 55
375 2 10 50
1475 2 10 45
2716 2 10 40
2079 2 10 35
3255 2 10 29
922 2 10 25
4690 2 10 20
5002 2 10 15
3469 2 10 10
315 2 10 6
3090 2 11 92
5586 2 11 87
3884 2 11 83
2142 2 11 79
4911 2 11 73
3648 2 11 70
3656 2 11 62
3485 2 11 56
4737 2 11 50
5746 2 11 44
2447 2 11 39
4771 2 11 34
4021 2 11 28
4250 2 11 21
2436 2 11 15
4648 2 11 9
190 2 11 4
2072 2 12 92
5236 2 12 87
588 2 12 83
1263 2 12 79
4722 2 12 73
4795 2 12 69
5268 2 12 64
2350 2 12 59
5042 2 12 54
1088 2 12 50
5415 2 12 44
1781 2 12 39
720 2 12 34
2736 2 12 28
3423 2 12 21
1166 2 12 15
3883 2 12 9
83 2 12 4
1454 2 14 92
3442 2 14 87
5701 2 14 82
2427 2 14 78
5370 2 14 73
4426 2 14 69
4211 2 14 64
2004 2 14 59
4415 2 14 54
5365 2 14 49
2486 2 14 44
1299 2 14 39
5724 2 14 33
4073 2 14 29
217 2 14 25
61 2 14 20
3043 2 14 15
1698 2 14 9
126 2 14 3
1070 2 15 92
2792 2 15 87
1768 2 15 82
2067 2 15 78
4062 2 15 73
4306 2 15 69
3706 2 15 64
1362 2 15 59
3941 2 15 54
3674 2 15 49
1806 2 15 44
3298 2 15 38
1750 2 15 34
2521 2 15 28
3404 2 15 21
1078 2 15 15
1574 2 15 9
2906 2 15 2
1061 2 16 92
4221 2 16 86
1197 2 16 80
489 2 16 74
2421 2 16 69
5293 2 16 63
255 2 16 59
2767 2 16 54
2729 2 16 49
1192 2 16 44
2698 2 16 38
1400 2 16 34
638 2 16 28
2254 2 16 21
975 2 16 15
838 2 16 9
2335 2 16 2
966 2 18 92
3281 2 18 86
222 2 18 80
5244 2 18 73
3249 2 18 68
4031 2 18 65
1023 2 18 60
2064 2 18 55
327 2 18 50
4582 2 18 44
1287 2 18 38
1063 2 18 34
4263 2 18 27
3885 2 18 20
2211 2 18 15
5519 2 18 8
259 2 18 6
3343 2 19 91
4810 2 19 86
4852 2 19 79
4348 2 19 73
794 2 19 68
1803 2 19 65
653 2 19 60
5112 2 19 54
4799 2 19 48
4749 2 19 43
2632 2 19 40
367 2 19 35
2182 2 19 29
5669 2 19 24
5739 2 19 19
1553 2 19 15
4943 2 19 8
4271 2 19 5
1502 3 0 91
3821 3 0 86
3783 3 0 79
2647 3 0 73
4513 3 0 67
2648 3 0 61
858 3 0 57
3792 3 0 51
4150 3 0 44
945 3 0 38
4453 3 0 33
2094 3 0 29
3125 3 0 24
5318 3 0 19
4931 3 0 14
614 3 0 11
2581 3 0 4
2901 3 1 90
4622 3 1 85
4539 3 1 80
3185 3 1 72
5544 3 1 66
4131 3 1 61
50 3 1 57
203 3 1 51
3753 3 1 44
5664 3 1 37
1058 3 1 33
1243 3 1 29
2814 3 1 23
5467 3 1 20
1952 3 1 15
3893 3 1 8
5043 3 1 3
1079 3 2 90
2024 3 2 85
4165 3 2 80
2000 3 2 72
5007 3 2 66
3818 3 2 61
3476 3 2 56
1464 3 2 50
4417 3 2 44
5336 3 2 37
5661 3 2 32
2677 3 2 26
2392 3 2 21
612 3 2 15
2562 3 2 8
4723 3 2 3
1789 3 4 89
1703 3 4 85
2724 3 4 80
1378 3 4 72
4613 3 4 66
1967 3 4 61
2172 3 4 56
3529 3 4 49
1181 3 4 44
3607 3 4 37
5484 3 4 32
2053 3 4 26
394 3 4 21
4635 3 4 14
4040 3 4 10
4681 3 4 5
981 3 5 89
828 3 5 85
932 3 5 80
124 3 5 72
3763 3 5 66
1568 3 5 61
552 3 5 56
2117 3 5 49
325 3 5 44
3052 3 5 37
4379 3 5 32
5184 3 5 25
4547 3 5 19
4639 3 5 14
3263 3 5 10
2532 3 5 5
355 3 9 89
516 3 9 85
71 3 9 80
5734 3 9 71
5413 3 9 65
5035 3 9 59
1098 3 9 54
4357 3 9 48
3456 3 9 43
2444 3 9 40
34 3 9 35
3720 3 9 28
1973 3 9 21
3984 3 9 14
3017 3 9 10
1383 3 9 5
3839 3 18 88
4367 3 18 83
18 3 18 79
645 3 18 73
4187 3 18 67
1910 3 18 61
3293 3 18 55
5683 3 18 49
4647 3 18 43
2049 3 18 39
4956 3 18 33
5716 3 18 28
1433 3 18 21
3949 3 18 14
2508 3 18 10
5758 3 18 4
4747 3 19 87
5493 3 19 81
770 3 19 75
4568 3 19 68
202 3 19 65
4843 3 19 59
4314 3 19 53
5379 3 19 48
2601 3 19 43
1274 3 19 39
3714 3 19 33
4916 3 19 28
1405 3 19 21
2838 3 19 14
290 3 19 10
5466 3 19 4
3710 4 2 87
3498 4 2 81
4252 4 2 74
1254 4 2 69
5180 4 2 63
5487 4 2 58
3016 4 2 54
2103 4 2 47
5136 4 2 43
3264 4 2 38
4085 4 2 33
4649 4 2 28
4778 4 2 20
1371 4 2 15
2385 4 2 8
3150 4 2 3
1731 4 3 87
1579 4 3 81
3179 4 3 74
5668 4 3 68
2539 4 3 64
5583 4 3 58
252 4 3 54
5772 4 3 46
5567 4 3 41
4365 4 3 35
3446 4 3 28
4087 4 3 20
563 4 3 15
2360 4 3 8
2310 4 3 3
1679 4 7 87
1169 4 7 81
926 4 7 74
4584 4 7 68
4601 4 7 63
4461 4 7 58
2400 4 7 53
4006 4 7 48
1311 4 7 43
774 4 7 38
2007 4 7 33
4043 4 7 28
3396 4 7 20
2896 4 7 14
5088 4 7 9
2180 4 7 2
3667 4 9 86
2798 4 9 79
4598 4 9 72
2220 4 9 66
5720 4 9 60
4716 4 9 54
5696 4 9 46
5220 4 9 41
3324 4 9 35
1182 4 9 28
2889 4 9 20
2186 4 9 14
4355 4 9 9
1537 4 9 2
1659 4 11 86
60 4 11 79
4102 4 11 72
4645 4 11 65
4549 4 11 59
3021 4 11 53
3354 4 11 48
5204 4 11 42
9 4 11 38
409 4 11 33
4003 4 11 28
2835 4 11 20
2108 4 11 14
3569 4 11 9
5511 4 11 1
1627 4 13 86
5584 4 13 78
3299 4 13 73
1977 4 13 67
1704 4 13 61
2829 4 13 55
4028 4 13 49
4512 4 13 43
3409 4 13 37
3515 4 13 32
2293 4 13 25
3194 4 13 19
3023 4 13 14
3285 4 13 9
4992 4 13 1
1278 4 14 86
3728 4 14 78
2772 4 14 73
1213 4 14 67
1461 4 14 61
523 4 14 55
3919 4 14 49
4016 4 14 43
2907 4 14 37
3109 4 14 32
1783 4 14 25
2283 4 14 19
1958 4 14 14
1908 4 14 9
4764 4 14 1
743 4 16 86
3646 4 16 78
1592 4 16 73
5297 4 16 66
3914 4 16 60
3638 4 16 54
5585 4 16 46
4841 4 16 41
5517 4 16 34
3810 4 16 27
2818 4 16 20
5271 4 16 13
2291 4 16 9
4672 4 16 1
505 5 0 86
2853 5 0 78
1582 5 0 73
4736 5 0 66
3031 5 0 60
3304 5 0 54
5358 5 0 46
4416 5 0 41
3933 5 0 34
2745 5 0 27
4938 5 0 18
4421 5 0 14
297 5 0 9
4562 5 0 1
5483 5 2 84
1677 5 2 80
5412 5 2 71
4362 5 2 65
3643 5 2 59
1047 5 2 53
2870 5 2 48
4837 5 2 42
3959 5 2 37
345 5 2 32
1755 5 2 25
5654 5 2 18
2419 5 2 14
5486 5 2 8
1027 5 2 3
3906 5 3 84
5076 5 3 79
2316 5 3 72
4561 5 3 65
3138 5 3 59
213 5 3 53
2381 5 3 47
3772 5 3 43
2239 5 3 37
344 5 3 32
1205 5 3 25
2044 5 3 18
4330 5 3 13
1911 5 3 9
4299 5 3 1
3207 5 5 84
3685 5 5 79
1918 5 5 72
3177 5 5 65
830 5 5 59
5767 5 5 52
2704 5 5 46
2738 5 5 41
3759 5 5 34
2665 5 5 27
4538 5 5 18
4142 5 5 13
5637 5 5 8
682 5 5 3
3098 5 9 84
1121 5 9 79
1613 5 9 72
2540 5 9 65
5722 5 9 58
1108 5 9 53
141 5 9 47
3276 5 9 43
1773 5 9 37
127 5 9 32
1084 5 9 25
1971 5 9 18
1990 5 9 13
4425 5 9 8
3381 5 9 2
2505 5 10 84
5118 5 10 78
5290 5 10 72
1938 5 10 65
2259 5 10 58
925 5 10 53
4957 5 10 46
288 5 10 41
3508 5 10 34
2322 5 10 27
2073 5 10 18
5482 5 10 12
5240 5 10 5
1810 5 13 83
5218 5 13 78
4941 5 13 72
1923 5 13 65
1941 5 13 58
705 5 13 53
3644 5 13 46
179 5 13 41
3327 5 13 34
856 5 13 27
1643 5 13 18
5374 5 13 12
4112 5 13 5
2572 5 16 82
643 5 16 78
4173 5 16 72
947 5 16 65
1670 5 16 58
5596 5 16 52
1893 5 16 46
5281 5 16 40
4763 5 16 34
4689 5 16 26
89 5 16 21
2703 5 16 14
4385 5 16 8
3146 5 16 2
2449 5 18 82
3625 5 18 77
5549 5 18 73
3797 5 18 66
1313 5 18 60
1887 5 18 54
5013 5 18 46
4968 5 18 40
3793 5 18 34
3001 5 18 26
3053 5 18 20
5052 5 18 13
5390 5 18 7
4400 5 18 1
1802 5 19 82
660 5 19 77
4999 5 19 72
4918 5 19 64
4923 5 19 58
5553 5 19 52
1890 5 19 46
1604 5 19 40
3387 5 19 34
1880 5 19 26
1583 5 19 20
4726 5 19 13
4404 5 19 7
3773 5 19 1
242 6 0 82
429 6 0 77
4509 6 0 72
3543 6 0 64
4619 6 0 58
5067 6 0 52
1147 6 0 46
599 6 0 40
2384 6 0 34
1216 6 0 26
1360 6 0 20
3770 6 0 13
2873 6 0 7
3128 6 0 1
223 6 5 82
320 6 5 77
1962 6 5 72
3356 6 5 64
3279 6 5 58
4495 6 5 52
2267 6 5 45
2327 6 5 40
1451 6 5 34
855 6 5 26
5593 6 5 19
4564 6 5 13
888 6 5 7
2673 6 5 1
2499 6 6 81
5196 6 6 73
2699 6 6 66
767 6 6 60
1469 6 6 54
4688 6 6 46
5760 6 6 39
1635 6 6 33
3509 6 6 28
2567 6 6 20
3637 6 6 13
709 6 6 7
2298 6 6 1
1028 6 7 79
1520 6 7 72
2654 6 7 64
2193 6 7 58
4386 6 7 52
2218 6 7 45
919 6 7 40
330 6 7 34
793 6 7 26
5092 6 7 19
3912 6 7 13
5216 6 7 6
1518 6 9 77
585 6 9 72
1808 6 9 64
2084 6 9 58
4258 6 9 52
528 6 9 45
424 6 9 40
5151 6 9 33
3048 6 9 28
5423 6 9 19
2303 6 9 13
4193 6 9 6
2093 6 10 76
165 6 10 70
3400 6 10 62
3039 6 10 56
1240 6 10 49
2192 6 10 43
1516 6 10 37
5074 6 10 31
4757 6 10 26
4981 6 10 19
1092 6 10 13
2560 6 10 6
4780 6 12 71
3925 6 12 65
973 6 12 58
1986 6 12 52
5492 6 12 44
2232 6 12 37
1705 6 12 31
5624 6 12 25
1542 6 12 18
5119 6 12 12
4074 6 12 5
4313 6 13 60
923 6 13 54
2009 6 13 46
4320 6 13 39
4800 6 13 32
3067 6 13 24
5311 6 13 19
899 6 13 13
1715 6 13 6
1601 6 14 2
2988 6 15 98
4571 6 15 95
5557 6 15 89
4493 6 15 84
3703 6 15 78
3814 6 15 72
4857 6 15 63
1494 6 15 58
1894 6 15 52
2930 6 15 44
130 6 15 37
221 6 15 31
2848 6 15 25
845 6 15 18
2288 6 15 12
3560 6 15 5
3769 6 16 96
406 6 16 92
3099 6 16 86
2722 6 16 78
2886 6 16 72
4345 6 16 63
1465 6 16 58
1076 6 16 52
2649 6 16 44
5445 6 16 36
4205 6 16 31
298 6 16 25
5438 6 16 17
1470 6 16 11
1066 6 16 4
1924 6 18 96
5555 6 18 91
346 6 18 86
1832 6 18 78
2386 6 18 72
3700 6 18 63
1275 6 18 58
454 6 18 52
3890 6 18 43
247 6 18 37
5538 6 18 30
5660 6 18 24
4815 6 18 19
4829 6 18 12
5147 6 18 4
4920 7 0 95
4239 7 0 89
2862 7 0 84
1184 7 0 78
384 7 0 72
3342 7 0 63
5343 7 0 57
5770 7 0 50
3394 7 0 44
964 7 0 36
2990 7 0 31
4848 7 0 24
4714 7 0 19
1152 7 0 12
4438 7 0 4
3451 7 2 95
1196 7 2 89
648 7 2 84
1123 7 2 78
216 7 2 72
1743 7 2 63
5245 7 2 57
4544 7 2 50
3235 7 2 44
853 7 2 36
1947 7 2 30
3183 7 2 24
4437 7 2 19
3594 7 2 11
819 7 2 4
2026 7 3 95
4756 7 3 88
3937 7 3 83
2490 7 3 78
2415 7 3 71
2442 7 3 65
4200 7 3 57
3462 7 3 50
3093 7 3 44
529 7 3 36
5470 7 3 29
2034 7 3 23
3368 7 3 20
3059 7 3 13
937 7 3 6
1191 7 4 95
2608 7 4 88
3161 7 4 83
938 7 4 78
547 7 4 71
2091 7 4 65
4093 7 4 57
722 7 4 50
205 7 4 44
415 7 4 36
5242 7 4 29
969 7 4 23
2233 7 4 20
735 7 4 13
733 7 4 6
4370 7 9 94
4218 7 9 88
2167 7 9 83
662 7 9 78
339 7 9 71
113 7 9 65
2517 7 9 57
5671 7 9 49
1385 7 9 43
4836 7 9 36
4414 7 9 29
4542 7 9 22
639 7 9 17
1443 7 9 11
3634 7 9 3
3807 7 10 94
1336 7 10 88
1812 7 10 83
5411 7 10 77
5691 7 10 71
38 7 10 65
5319 7 10 56
1112 7 10 49
930 7 10 43
1053 7 10 36
3974 7 10 29
1813 7 10 22
4371 7 10 16
2960 7 10 11
3373 7 10 3
3611 7 16 94
362 7 16 88
1725 7 16 83
4786 7 16 77
5255 7 16 71
5337 7 16 64
1735 7 16 58
3006 7 16 51
3672 7 16 44
371 7 16 36
1207 7 16 29
150 7 16 22
4086 7 16 16
1744 7 16 11
3236 7 16 3
2926 8 0 94
277 8 0 88
869 8 0 83
4715 8 0 77
5186 8 0 71
4632 8 0 64
721 8 0 58
2277 8 0 51
3151 8 0 44
5323 8 0 35
153 8 0 28
5027 8 0 19
1493 8 0 11
139 8 0 3
2871 8 1 94
5704 8 1 87
570 8 1 81
4826 8 1 73
1188 8 1 66
335 8 1 60
725 8 1 54
541 8 1 46
3200 8 1 39
1398 8 1 32
2905 8 1 24
4178 8 1 19
1325 8 1 11
3711 8 1 2
1862 8 2 94
4220 8 2 87
280 8 2 81
3902 8 2 73
812 8 2 66
175 8 2 60
207 8 2 54
520 8 2 46
3094 8 2 39
1390 8 2 32
2720 8 2 24
1021 8 2 19
978 8 2 11
3349 8 2 2
1353 8 3 94
4070 8 3 87
5728 8 3 80
2918 8 3 71
4570 8 3 64
4202 8 3 57
4257 8 3 49
788 8 3 43
4921 8 3 35
5352 8 3 27
1232 8 3 18
5713 8 3 11
1640 8 3 2
427 8 4 94
3782 8 4 87
2604 8 4 80
2882 8 4 71
4482 8 4 64
2551 8 4 57
3491 8 4 49
5246 8 4 42
3942 8 4 37
4787 8 4 30
519 8 4 24
4599 8 4 18
2557 8 4 11
1252 8 4 2
5663 8 5 93
4840 8 5 87
2102 8 5 80
331 8 5 71
3351 8 5 64
1667 8 5 57
2552 8 5 49
2842 8 5 42
3416 8 5 37
4259 8 5 30
5539 8 5 23
957 8 5 20
5507 8 5 12
3514 8 5 4
3097 8 7 93
4104 8 7 87
5594 8 7 79
4860 8 7 71
3015 8 7 64
1233 8 7 57
1413 8 7 49
2272 8 7 42
3233 8 7 37
2731 8 7 30
3421 8 7 23
5189 8 7 18
1875 8 7 11
1010 8 7 2
1788 8 9 93
3697 8 9 87
4190 8 9 79
4071 8 9 71
2735 8 9 64
603 8 9 57
268 8 9 49
618 8 9 42
5428 8 9 36
63 8 9 29
5730 8 9 21
3748 8 9 13
678 8 9 6
685 8 10 93
3220 8 10 87
3898 8 10 79
3935 8 10 71
1075 8 10 64
392 8 10 57
5250 8 10 48
4752 8 10 42
3044 8 10 36
3424 8 10 28
4669 8 10 19
543 8 10 11
5679 8 10 1
5636 8 11 92
2685 8 11 86
4157 8 11 77
3860 8 11 71
5229 8 11 63
3242 8 11 57
4232 8 11 47
2153 8 11 43
4051 8 11 35
874 8 11 27
2579 8 11 17
171 8 11 11
2367 8 11 1
5497 8 12 92
2451 8 12 86
3951 8 12 77
3047 8 12 71
4600 8 12 63
1331 8 12 57
2395 8 12 47
4486 8 12 42
2240 8 12 36
2895 8 12 28
4460 8 12 19
408 8 12 11
1414 8 12 1
2242 8 13 92
4290 8 13 85
5059 8 13 78
3982 8 13 70
2524 8 13 62
2244 8 13 56
803 8 13 49
5375 8 13 41
3193 8 13 34
4413 8 13 25
4530 8 13 17
5238 8 13 10
4951 8 13 4
1752 8 14 92
3812 8 14 85
4748 8 14 78
3334 8 14 70
1960 8 14 62
2235 8 14 56
3062 8 14 48
2065 8 14 42
5565 8 14 35
5388 8 14 26
4807 8 14 19
5031 8 14 10
3315 8 14 4
1420 9 9 92
3756 9 9 85
2947 9 9 78
3318 9 9 70
1382 9 9 62
1889 9 9 56
1653 9 9 48
1549 9 9 42
4023 9 9 35
4830 9 9 26
2245 9 9 19
4811 9 9 10
1794 9 9 4
5472 9 12 91
4838 9 12 85
2305 9 12 78
4485 9 12 69
4118 9 12 63
299 9 12 57
2296 9 12 47
2684 9 12 42
4014 9 12 35
4646 9 12 26
1148 9 12 19
713 9 12 10
1499 9 12 4
3836 9 13 91
3173 9 13 85
911 9 13 78
2433 9 13 69
1080 9 13 63
4893 9 13 56
1004 9 13 48
613 9 13 42
3366 9 13 35
3337 9 13 26
844 9 13 19
493 9 13 10
8 9 13 4
377 9 14 91
5680 9 14 84
5131 9 14 77
5389 9 14 70
866 9 14 62
1745 9 14 56
140 9 14 48
580 9 14 42
1748 9 14 35
2194 9 14 26
4316 9 14 18
1073 9 14 11
998 9 14 1
5098 9 16 90
1840 9 16 85
4791 9 16 77
4985 9 16 70
374 9 16 62
181 9 16 56
4303 9 16 47
1914 9 16 42
189 9 16 35
4502 9 16 25
4332 9 16 17
4888 9 16 10
3010 9 16 3
4567 9 17 90
5744 9 17 84
4296 9 17 77
3802 9 17 70
4569 9 17 61
511 9 17 55
3431 9 17 49
5078 9 17 41
134 9 17 34
3583 9 17 25
3468 9 17 17
4823 9 17 10
740 9 17 3
3645 9 18 90
4331 9 18 84
979 9 18 77
3567 9 18 70
3962 9 18 61
246 9 18 55
3262 9 18 49
3484 9 18 41
69 9 18 34
3395 9 18 25
2894 9 18 17
3917 9 18 10
548 9 18 3
3081 9 19 90
4265 9 19 84
2707 9 19 76
5736 9 19 69
1031 9 19 63
4871 9 19 56
148 9 19 47
3709 9 19 41
5122 9 19 33
5350 9 19 27
3320 9 19 16
729 9 19 11
864 9 19 1
1988 10 0 90
4168 10 0 84
287 10 0 76
5652 10 0 69
900 10 0 63
4858 10 0 56
5506 10 0 46
2368 10 0 39
4491 10 0 31
4596 10 0 24
4433 10 0 18
730 10 0 11
544 10 0 3
880 10 1 90
4146 10 1 84
5677 10 1 75
4346 10 1 68
2837 10 1 63
4820 10 1 56
5338 10 1 46
2121 10 1 39
4467 10 1 31
4490 10 1 24
3871 10 1 18
328 10 1 11
3418 10 1 2
495 10 2 90
4117 10 2 84
4895 10 2 75
3026 10 2 68
2607 10 2 63
4095 10 2 56
4172 10 2 46
1895 10 2 39
3999 10 2 31
3369 10 2 24
3581 10 2 18
4788 10 2 10
2609 10 2 2
2856 10 3 89
256 10 3 84
2590 10 3 75
1825 10 3 68
1049 10 3 63
17 10 3 56
3426 10 3 46
1611 10 3 39
870 10 3 31
1930 10 3 24
1678 10 3 18
3975 10 3 10
2243 10 3 2
2844 10 4 89
5529 10 4 83
2474 10 4 77
3268 10 4 70
3340 10 4 61
5277 10 4 54
508 10 4 46
694 10 4 39
168 10 4 31
1617 10 4 24
1307 10 4 18
3290 10 4 10
5776 10 4 1
2351 10 6 89
3981 10 6 83
2452 10 6 77
1521 10 6 70
2011 10 6 61
4480 10 6 54
229 10 6 46
4034 10 6 38
3977 10 6 32
2457 10 6 24
1162 10 6 18
1301 10 6 10
4145 10 6 1
1629 10 7 89
2206 10 7 83
2030 10 7 77
4874 10 7 69
5741 10 7 62
3930 10 7 55
2881 10 7 49
1605 10 7 41
4936 10 7 33
3635 10 7 27
3205 10 7 16
86 10 7 11
3888 10 7 1
831 10 8 89
2775 10 8 82
248 10 8 77
4138 10 8 69
2596 10 8 62
3882 10 8 55
1214 10 8 49
322 10 8 41
4746 10 8 33
3057 10 8 27
2824 10 8 16
4554 10 8 10
2598 10 8 1
43 10 9 89
2231 10 9 82
4898 10 9 76
5629 10 9 69
1248 10 9 62
261 10 9 55
669 10 9 49
5479 10 9 40
5040 10 9 33
2573 10 9 27
2730 10 9 16
4368 10 9 10
1935 10 9 1
2159 10 10 88
4511 10 10 82
3979 10 10 76
4713 10 10 69
1185 10 10 62
5051 10 10 54
2781 10 10 45
5077 10 10 39
5300 10 10 30
54 10 10 23
5162 10 10 18
1259 10 10 10
1878 10 10 1
1612 10 16 88
3960 10 16 82
3894 10 16 76
4557 10 16 69
273 10 16 62
4458 10 16 54
2085 10 16 45
4877 10 16 39
3940 10 16 30
3024 10 16 22
1760 10 16 16
3034 10 16 10
1545 10 16 1
1096 10 17 88
3813 10 17 82
1939 10 17 76
4167 10 17 69
5524 10 17 61
2878 10 17 54
1264 10 17 45
3932 10 17 39
2302 10 17 30
218 10 17 22
1597 10 17 16
2023 10 17 10
1446 10 17 1
4991 10 18 87
3766 10 18 79
3265 10 18 71
3557 10 18 63
4950 10 18 55
567 10 18 49
5456 10 18 40
2564 10 18 33
2228 10 18 27
829 10 18 16
815 10 18 10
848 10 18 1
5719 10 19 86
751 10 19 77
3749 10 19 69
3438 10 19 61
1577 10 19 54
1022 10 19 45
2438 10 19 39
654 10 19 30
2526 10 19 21
3548 10 19 13
250 10 19 6
3876 11 6 86
5016 11 6 76
3719 11 6 69
3011 11 6 61
419 11 6 54
967 11 6 45
2437 11 6 39
459 11 6 30
1625 11 6 21
2867 11 6 13
3082 11 6 5
883 12 0 86
4275 12 0 76
3613 12 0 69
1438 12 0 61
4552 12 0 53
3397 12 0 46
3816 12 0 38
2955 12 0 32
5631 12 0 23
1035 12 0 18
4698 12 0 9
515 12 0 1
169 12 1 86
3181 12 1 76
2911 12 1 69
4393 12 1 60
184 12 1 54
4335 12 1 44
4955 12 1 35
2742 12 1 25
4721 12 1 16
5488 12 1 9
82 12 1 1
4745 12 4 85
2569 12 4 77
3693 12 4 69
360 12 4 60
4803 12 4 53
2224 12 4 46
3488 12 4 38
2802 12 4 32
3698 12 4 23
894 12 4 18
3325 12 4 9
2528 12 4 2
1556 12 6 85
2280 12 6 77
3564 12 6 69
40 12 6 60
3649 12 6 53
438 12 6 46
1665 12 6 38
1648 12 6 32
2780 12 6 23
553 12 6 18
1151 12 6 9
5006 12 6 1
898 12 8 85
1922 12 8 77
3189 12 8 69
4655 12 8 59
4347 12 8 52
3095 12 8 43
2269 12 8 35
2588 12 8 25
2980 12 8 16
4862 12 8 9
4106 12 8 1
3482 12 10 84
1603 12 10 75
176 12 10 68
3901 12 10 62
2820 12 10 54
2543 12 10 44
4394 12 10 35
2237 12 10 25
1507 12 10 16
3726 12 10 9
3891 12 10 1
545 12 12 84
765 12 12 75
5756 12 12 67
4503 12 12 60
2693 12 12 53
5575 12 12 45
5000 12 12 38
5579 12 12 31
714 12 12 24
1009 12 12 18
3601 12 12 7
2216 12 12 1
1674 12 13 83
5315 12 13 76
1650 12 13 69
3764 12 13 59
3987 12 13 52
1607 12 13 43
396 12 13 35
4863 12 13 24
861 12 13 18
2169 12 13 7
1609 12 13 1
3897 12 16 82
704 12 16 76
950 12 16 69
3434 12 16 59
3100 12 16 52
5175 12 16 42
5682 12 16 34
1186 12 16 25
1137 12 16 16
1920 12 16 9
3702 12 16 1
1527 12 17 81
2622 12 17 73
805 12 17 66
3865 12 17 59
562 12 17 52
3203 12 17 42
5568 12 17 34
358 12 17 24
5177 12 17 17
455 12 17 10
3049 12 17 1
1140 12 19 80
319 12 19 71
2661 12 19 63
4904 12 19 55
4186 12 19 48
4349 12 19 41
2700 12 19 33
2143 12 19 27
2940 12 19 15
2342 12 19 8
2446 12 19 1
422 13 0 80
4008 13 0 70
4585 13 0 60
2556 13 0 53
4514 13 0 45
3032 13 0 38
5215 13 0 31
4382 13 0 23
5521 13 0 17
418 13 0 10
1153 13 0 1
151 13 4 80
1985 13 4 70
4044 13 4 60
5625 13 4 52
2939 13 4 42
4015 13 4 34
5512 13 4 23
3729 13 4 17
5303 13 4 9
903 13 4 1
3905 13 8 79
3190 13 8 71
1369 13 8 63
4407 13 8 55
3239 13 8 48
5068 13 8 40
2106 13 8 33
1580 13 8 27
1422 13 8 15
1037 13 8 8
814 13 8 1
3322 13 10 79
2258 13 10 71
1118 13 10 63
3165 13 10 55
2666 13 10 48
4805 13 10 40
1591 13 10 33
1052 13 10 27
2251 13 10 14
4026 13 10 8
790 13 10 1
383 13 12 78
756 13 12 69
2983 13 12 59
5326 13 12 51
2996 13 12 44
2413 13 12 35
1598 13 12 24
4411 13 12 17
2809 13 12 9
1459 13 12 1
5619 13 13 77
2168 13 13 69
2396 13 13 59
3065 13 13 51
2928 13 13 44
2238 13 13 35
546 13 13 24
3616 13 13 17
1119 13 13 9
558 13 13 1
4693 13 14 77
1363 13 14 69
3461 13 14 58
2003 13 14 51
1957 13 14 44
2170 13 14 35
5274 13 14 23
3230 13 14 17
1106 13 14 9
3994 13 15 69
2487 13 15 58
1866 13 15 51
1826 13 15 44
332 13 15 35
2846 13 15 23
2420 13 15 17
26 13 15 9
1350 13 16 68
3503 13 16 62
2739 13 16 54
5448 13 16 43
5710 13 16 34
4952 13 16 23
2099 13 16 17
2884 13 16 8
753 13 17 64
4724 13 17 56
2423 13 17 46
473 13 17 38
3768 13 17 31
2602 13 17 23
5612 13 17 16
1258 13 17 9
4377 13 19 63
2113 13 19 55
2578 13 19 48
5325 13 19 39
5632 13 19 29
3856 13 19 21
2760 13 19 13
2761 13 19 5
1269 14 0 97
1921 14 0 94
3425 14 0 87
1423 14 0 79
1565 14 0 71
905 14 0 63
1427 14 0 55
2066 14 0 47
2756 14 0 41
2441 14 0 33
5700 14 0 26
3869 14 0 18
16 14 0 7
4223 14 7 96
3707 14 7 91
3837 14 7 84
19 14 7 75
3408 14 7 67
3842 14 7 60
4225 14 7 52
2095 14 7 42
3182 14 7 34
5465 14 7 22
3828 14 7 15
608 14 7 8
3516 14 8 96
596 14 8 91
3541 14 8 84
5120 14 8 74
3664 14 8 68
3212 14 8 62
749 14 8 54
1436 14 8 43
4266 14 8 34
5418 14 8 22
3629 14 8 15
5502 14 8 7
1913 14 10 96
741 14 10 90
3391 14 10 84
3968 14 10 74
3610 14 10 68
2741 14 10 62
209 14 10 54
4946 14 10 42
2531 14 10 34
4910 14 10 22
1130 14 10 15
4123 14 10 7
5414 14 15 95
122 14 15 88
2898 14 15 82
5080 14 15 75
2979 14 15 67
5347 14 15 59
2356 14 15 51
5241 14 15 43
3913 14 15 34
4802 14 15 22
708 14 15 15
3377 14 15 7
2751 14 19 95
3591 14 19 87
3319 14 19 78
440 14 19 69
1932 14 19 58
115 14 19 51
5158 14 19 43
3336 14 19 34
3223 14 19 22
368 14 19 15
2056 14 19 7
655 15 0 95
3270 15 0 87
811 15 0 78
5070 15 0 68
5582 15 0 61
4222 15 0 53
4322 15 0 45
2549 15 0 38
2639 15 0 31
2287 15 0 23
5396 15 0 16
14 15 0 9
4444 15 2 94
2025 15 2 87
5116 15 2 77
2621 15 2 68
5577 15 2 61
3840 15 2 53
4092 15 2 45
2340 15 2 38
2181 15 2 31
1557 15 2 23
3966 15 2 16
5081 15 2 8
3705 15 3 94
1997 15 3 87
4516 15 3 77
2527 15 3 68
5518 15 3 61
3598 15 3 53
1846 15 3 45
4588 15 3 37
215 15 3 30
995 15 3 21
2098 15 3 13
2670 15 3 5
3108 15 5 94
1839 15 5 87
3487 15 5 77
2062 15 5 68
4662 15 5 61
3201 15 5 53
5063 15 5 44
825 15 5 34
2123 15 5 22
5117 15 5 14
3585 15 5 8
309 15 6 94
1401 15 6 87
2154 15 6 77
780 15 6 68
2299 15 6 61
1853 15 6 53
4753 15 6 44
80 15 6 34
1636 15 6 22
4543 15 6 14
3513 15 6 8
5324 15 10 93
2191 15 10 87
1091 15 10 77
2943 15 10 67
5029 15 10 59
2348 15 10 51
4939 15 10 43
3231 15 10 34
57 15 10 22
3757 15 10 14
1230 15 10 8
4953 15 11 93
1976 15 11 87
1086 15 11 77
1466 15 11 67
4174 15 11 59
4356 15 11 50
4896 15 11 43
1872 15 11 34
4236 15 11 21
1950 15 11 13
2307 15 11 5
3779 15 12 93
1120 15 12 87
1012 15 12 77
1306 15 12 67
3385 15 12 59
2266 15 12 50
4686 15 12 43
988 15 12 34
450 15 12 21
1754 15 12 13
4574 15 12 4
3007 15 13 93
5332 15 13 86
2766 15 13 76
601 15 13 69
968 15 13 58
4323 15 13 50
4342 15 13 43
5705 15 13 33
5208 15 13 26
3829 15 13 18
1710 15 13 6
2618 15 14 93
5056 15 14 86
1227 15 14 76
3365 15 14 68
1638 15 14 61
4609 15 14 52
759 15 14 42
354 15 14 34
2702 15 14 20
5327 15 14 12
3275 15 14 4
1167 15 15 93
490 15 15 86
5534 15 15 75
2755 15 15 67
2831 15 15 59
2019 15 15 50
4121 15 15 43
3375 15 15 33
5046 15 15 26
3439 15 15 18
471 15 15 6
5769 16 0 92
3675 16 0 85
1599 16 0 77
1164 16 0 67
1477 16 0 59
3880 16 0 49
5018 16 0 40
787 16 0 33
4177 16 0 26
1203 16 0 18
3655 16 0 5
4885 16 6 92
1068 16 6 85
1503 16 6 77
301 16 6 67
4960 16 6 58
4254 16 6 50
2210 16 6 43
2434 16 6 33
4128 16 6 26
311 16 6 18
2027 16 6 5
2209 16 7 92
70 16 7 85
4160 16 7 76
3139 16 7 68
3606 16 7 60
3115 16 7 52
726 16 7 42
5676 16 7 33
2963 16 7 26
36 16 7 18
718 16 7 5
4961 16 8 91
2006 16 8 84
2462 16 8 74
3523 16 8 68
3339 16 8 60
3005 16 8 52
4804 16 8 41
2195 16 8 33
1239 16 8 26
4268 16 8 17
2611 16 8 8
4718 16 10 91
961 16 10 84
5195 16 10 73
4705 16 10 65
4947 16 10 56
1310 16 10 46
4065 16 10 37
2120 16 10 29
3390 16 10 21
1606 16 10 13
2952 16 10 4
4546 16 11 91
4779 16 11 83
2788 16 11 76
2847 16 11 68
1959 16 11 60
1085 16 11 52
3957 16 11 41
1318 16 11 33
1447 16 11 25
56 16 11 16
4853 16 11 8
3120 16 12 91
4339 16 12 83
2574 16 12 76
582 16 12 68
5227 16 12 59
3195 16 12 49
5003 16 12 40
3259 16 12 32
1157 16 12 23
2950 16 12 16
4374 16 12 8
2504 16 13 91
2295 16 13 83
2301 16 13 76
289 16 13 68
4505 16 13 59
1150 16 13 49
4216 16 13 40
2776 16 13 32
896 16 13 23
1791 16 13 16
1672 16 13 8
1946 16 14 91
1456 16 14 83
1142 16 14 76
5176 16 14 67
3844 16 14 58
3332 16 14 50
4079 16 14 42
5107 16 14 33
1412 16 14 25
4798 16 14 15
4661 16 14 6
433 16 15 91
4100 16 15 82
4995 16 15 75
918 16 15 67
3665 16 15 58
2336 16 15 50
3870 16 15 42
4195 16 15 33
5278 16 15 24
1575 16 15 17
1100 16 15 8
5601 16 18 90
2429 16 18 84
3732 16 18 73
4665 16 18 65
4725 16 18 56
3027 16 18 45
3881 16 18 37
2678 16 18 28
1974 16 18 19
436 16 18 9
3947 16 19 90
1025 16 19 84
2695 16 19 73
2919 16 19 65
4643 16 19 56
3762 16 19 44
3079 16 19 33
5273 16 19 24
5224 16 19 16
1329 16 19 8
3307 17 0 90
1003 17 0 84
2691 17 0 73
2005 17 0 65
3618 17 0 56
1596 17 0 44
2494 17 0 33
4989 17 0 24
4735 17 0 16
773 17 0 8
2974 17 2 90
92 17 2 84
1408 17 2 73
5503 17 2 64
4153 17 2 56
4868 17 2 43
1406 17 2 33
4667 17 2 24
3875 17 2 16
4666 17 2 7
2880 17 4 90
2215 17 4 83
442 17 4 76
5160 17 4 67
3535 17 4 58
1664 17 4 50
1425 17 4 42
2364 17 4 33
4434 17 4 24
3463 17 4 16
4136 17 4 7
985 17 5 90
481 17 5 83
51 17 5 76
3072 17 5 67
2553 17 5 58
5721 17 5 49
3045 17 5 40
2711 17 5 32
266 17 5 23
1051 17 5 16
1742 17 5 7
755 17 10 90
4679 17 10 82
4176 17 10 75
5041 17 10 66
3191 17 10 59
5450 17 10 48
1576 17 10 39
5420 17 10 29
1777 17 10 21
37 17 10 13
2712 17 10 4
5369 17 15 89
352 17 15 82
3068 17 15 75
2374 17 15 66
3046 17 15 59
4432 17 15 48
31 17 15 39
3460 17 15 29
245 17 15 21
4551 17 15 12
1261 17 15 4
4962 17 17 89
5055 17 17 81
1709 17 17 73
5436 17 17 64
4083 17 17 56
3129 17 17 42
1316 17 17 33
4078 17 17 24
2354 17 17 16
398 17 17 7
4310 17 18 89
3092 17 18 81
1430 17 18 73
4343 17 18 64
3346 17 18 56
2887 17 18 42
507 17 18 33
3761 17 18 24
338 17 18 16
4048 17 18 6
3590 17 19 88
2175 17 19 82
999 17 19 75
2225 17 19 66
2475 17 19 59
3064 17 19 48
3776 17 19 38
2140 17 19 31
644 17 19 23
146 17 19 16
1170 17 19 6
4933 18 0 87
658 18 0 77
4691 18 0 66
5494 18 0 58
5554 18 0 49
2859 18 0 40
1687 18 0 32
5489 18 0 22
3244 18 0 14
174 18 0 8
3022 18 2 87
5320 18 2 76
1386 18 2 67
1567 18 2 58
3184 18 2 49
512 18 2 40
5252 18 2 31
3169 18 2 22
5620 18 2 13
1314 18 2 4
2059 18 6 87
4029 18 6 76
949 18 6 67
1478 18 6 58
1892 18 6 49
4816 18 6 39
3227 18 6 29
3744 18 6 20
4808 18 6 12
1132 18 6 4
2014 18 7 87
1018 18 7 76
3237 18 7 66
4674 18 7 58
1247 18 7 49
3964 18 7 39
2641 18 7 29
3584 18 7 20
3483 18 7 12
58 18 7 4
1399 18 15 87
313 18 15 76
2418 18 15 66
3066 18 15 58
5028 18 15 48
3701 18 15 38
2068 18 15 31
1945 18 15 22
3804 18 15 13
796 18 15 4
3306 19 0 86
5125 19 0 75
1089 19 0 66
2830 19 0 58
4783 19 0 48
3303 19 0 38
1159 19 0 31
1809 19 0 22
2865 19 0 13
296 19 0 4
2717 19 2 86
4403 19 2 75
5434 19 2 65
1171 19 2 56
2778 19 2 42
2 19 2 33
813 19 2 24
5310 19 2 15
4203 19 2 6
2122 19 4 85
2234 19 4 76
5697 19 4 65
1062 19 4 56
1901 19 4 42
4618 19 4 32
1341 19 4 22
1309 19 4 13
5231 19 4 3
5508 19 5 84
611 19 5 73
3852 19 5 64
2653 19 5 56
4710 19 5 41
1040 19 5 33
698 19 5 24
1984 19 5 15
4055 19 5 6
4605 19 6 84
5735 19 6 72
1689 19 6 63
953 19 6 55
1860 19 6 47
3187 19 6 40
3847 19 6 31
1145 19 6 22
5404 19 6 12
11 19 6 4
901 19 9 83
5573 19 9 75
4307 19 9 65
5138 19 9 55
679 19 9 47
2687 19 9 40
2281 19 9 31
850 19 9 22
2523 19 9 12
5185 19 9 3
4286 19 10 82
5621 19 10 74
2476 19 10 68
1764 19 10 59
3012 19 10 48
3246 19 10 38
1156 19 10 31
586 19 10 22
1820 19 10 12
1833 19 10 3
4001 19 11 82
2325 19 11 74
2001 19 11 68
5400 19 11 58
1637 19 11 48
2136 19 11 38
417 19 11 31
307 19 11 22
1488 19 11 12
960 19 11 3
1312 19 12 80
1616 19 12 70
1442 19 12 60
2858 19 12 51
4285 19 12 43
5292 19 12 32
506 19 12 22
5019 19 12 11
1064 19 13 80
671 19 13 70
1543 19 13 59
2825 19 13 48
1646 19 13 38
2520 19 13 30
882 19 13 21
2690 19 13 12
3273 19 13 2
2398 19 14 79
1059 19 14 71
551 19 14 63
482 19 14 55
3978 19 14 46
3383 19 14 36
87 19 14 28
1834 19 14 19
3622 19 14 8
591 19 15 78
4018 19 15 68
4967 19 15 58
1077 19 15 48
5036 19 15 37
2522 19 15 28
1124 19 15 19
3289 19 15 8
531 19 17 78
2875 19 17 68
2409 19 17 58
5590 19 17 47
1562 19 17 40
1551 19 17 31
5712 19 17 21
2681 19 17 12
2268 19 17 2
3615 19 18 77
3609 19 18 66
2033 19 18 58
2817 19 18 47
5623 19 18 39
1199 19 18 29
1242 19 18 20
3041 19 18 12
1649 19 18 2
2031 19 19 77
2933 19 19 66
1917 19 19 58
1819 19 19 47
4555 19 19 39
832 19 19 29
4359 19 19 19
2529 19 19 8
