2811
3481 0 3 99
2377 0 3 97
3735 0 3 93
549 0 3 91
749 0 3 88
5057 0 3 85
3240 0 3 82
922 0 3 80
1718 0 3 77
5135 0 3 73
1256 0 3 71
4724 0 3 68
5331 0 3 64
3280 0 3 62
2546 0 3 60
3196 0 3 57
2900 0 3 54
4618 0 3 50
4573 0 3 46
2814 0 3 43
3136 0 3 39
2803 0 3 36
5334 0 3 32
2157 0 3 29
3963 0 3 26
4600 0 3 22
5474 0 3 18
5182 0 3 14
5151 0 3 10
4757 0 3 6
583 0 3 2
2948 0 4 98
4879 0 4 95
3630 0 4 92
3943 0 4 90
1198 0 4 88
1756 0 4 85
876 0 4 81
1618 0 4 79
1821 0 4 76
4209 0 4 74
4559 0 4 72
3501 0 4 69
4378 0 4 65
405 0 4 62
2606 0 4 59
3855 0 4 56
2173 0 4 54
4153 0 4 50
627 0 4 46
1955 0 4 43
2354 0 4 39
4577 0 4 35
1719 0 4 33
4450 0 4 29
3249 0 4 26
5011 0 4 21
2727 0 4 19
5311 0 4 17
4215 0 4 15
3704 0 4 13
4081 0 4 10
3677 0 4 6
5387 0 4 1
4433 0 5 97
1987 0 5 93
4842 0 5 90
5145 0 5 87
4025 0 5 85
847 0 5 81
5316 0 5 77
3816 0 5 72
5124 0 5 68
3398 0 5 64
5357 0 5 60
2932 0 5 57
197 0 5 53
1971 0 5 51
3773 0 5 48
5252 0 5 46
1574 0 5 43
2101 0 5 39
1343 0 5 35
4542 0 5 32
3493 0 5 28
2069 0 5 25
2570 0 5 22
3314 0 5 18
4 0 5 14
4683 0 5 10
5142 0 5 5
1565 0 5 2
2263 0 6 97
4943 0 6 92
2850 0 6 89
3812 0 6 87
3467 0 6 83
2826 0 6 80
1100 0 6 77
3684 0 6 72
2465 0 6 68
2554 0 6 64
3231 0 6 60
4834 0 6 56
4532 0 6 53
3888 0 6 50
29 0 6 46
1547 0 6 42
4111 0 6 39
1230 0 6 35
3123 0 6 31
2421 0 6 29
2343 0 6 26
4913 0 6 21
44 0 6 19
1820 0 6 16
841 0 6 13
284 0 6 10
4160 0 6 5
5276 0 6 1
18 0 7 97
4905 0 7 92
3925 0 7 88
1745 0 7 85
578 0 7 81
4680 0 7 76
4825 0 7 73
5228 0 7 70
2661 0 7 68
4340 0 7 63
3288 0 7 60
3203 0 7 56
2822 0 7 53
1782 0 7 50
2651 0 7 45
3869 0 7 42
3667 0 7 39
5248 0 7 34
4650 0 7 31
399 0 7 29
4475 0 7 25
1785 0 7 21
1786 0 7 18
4213 0 7 13
292 0 7 9
2645 0 7 6
4612 0 7 1
4717 0 8 96
4086 0 8 93
597 0 8 90
2967 0 8 85
4483 0 8 80
3753 0 8 76
3632 0 8 73
3440 0 8 70
4244 0 8 67
3312 0 8 65
1664 0 8 61
4673 0 8 59
2178 0 8 56
2678 0 8 53
5226 0 8 49
4201 0 8 46
5304 0 8 41
3153 0 8 39
4977 0 8 34
4199 0 8 31
5461 0 8 28
5216 0 8 24
2195 0 8 21
4916 0 8 17
3415 0 8 14
1755 0 8 10
2700 0 8 5
3460 0 8 1
4252 0 9 96
1336 0 9 93
4389 0 9 89
884 0 9 87
2085 0 9 83
1312 0 9 80
311 0 9 76
1853 0 9 73
368 0 9 70
2646 0 9 67
4756 0 9 64
2118 0 9 60
2171 0 9 56
1154 0 9 52
3036 0 9 49
5366 0 9 45
747 0 9 42
1878 0 9 39
1728 0 9 34
3749 0 9 31
5394 0 9 26
4285 0 9 21
3575 0 9 17
372 0 9 13
5449 0 9 8
1561 0 9 5
241 0 9 1
1061 0 10 96
2394 0 10 92
1162 0 10 88
4099 0 10 84
4482 0 10 81
4547 0 10 76
1023 0 10 73
3951 0 10 69
4351 0 10 65
820 0 10 61
3218 0 10 57
3840 0 10 52
4431 0 10 48
2133 0 10 45
5118 0 10 41
5350 0 10 38
2782 0 10 36
5190 0 10 32
1924 0 10 28
3734 0 10 24
1211 0 10 21
3252 0 10 17
257 0 10 13
4103 0 10 8
4873 0 10 4
991 0 11 96
5232 0 11 91
2255 0 11 87
1808 0 11 83
450 0 11 79
2536 0 11 75
3553 0 11 72
1983 0 11 68
2583 0 11 63
4048 0 11 59
1498 0 11 56
4359 0 11 51
2497 0 11 48
924 0 11 45
3955 0 11 41
4452 0 11 38
4495 0 11 35
1496 0 11 31
3976 0 11 26
2623 0 11 21
2856 0 11 17
4969 0 11 12
4270 0 11 9
4100 0 11 5
432 0 12 96
4564 0 12 91
5395 0 12 86
5222 0 12 83
4377 0 12 78
4491 0 12 75
2669 0 12 72
992 0 12 68
3579 0 12 62
1328 0 12 59
395 0 12 55
2890 0 12 51
930 0 12 48
721 0 12 45
3535 0 12 41
5170 0 12 37
2720 0 12 35
762 0 12 31
3709 0 12 26
2221 0 12 21
2359 0 12 17
4912 0 12 12
5112 0 12 8
4719 0 12 4
5338 0 13 95
4225 0 13 91
1763 0 13 86
3382 0 13 82
2031 0 13 79
403 0 13 75
4872 0 13 71
2466 0 13 68
2931 0 13 62
4575 0 13 58
7 0 13 56
1288 0 13 51
3407 0 13 47
3705 0 13 45
2437 0 13 41
3222 0 13 37
2557 0 13 33
1959 0 13 29
1427 0 13 25
1365 0 13 21
1823 0 13 17
3305 0 13 12
591 0 13 8
4207 0 13 4
5106 0 14 95
2749 0 14 91
1386 0 14 86
796 0 14 82
4992 0 14 78
3748 0 14 75
3486 0 14 71
793 0 14 68
2717 0 14 62
2284 0 14 58
5036 0 14 53
2895 0 14 49
2566 0 14 45
5015 0 14 40
4903 0 14 37
5200 0 14 32
98 0 14 28
1953 0 14 24
3199 0 14 20
4649 0 14 18
3468 0 14 13
3739 0 14 8
4037 0 14 3
2718 0 15 95
1513 0 15 91
4966 0 15 85
4022 0 15 80
5250 0 15 75
3224 0 15 71
5440 0 15 66
2610 0 15 64
5327 0 15 59
4997 0 15 54
1900 0 15 50
951 0 15 45
3964 0 15 40
2726 0 15 37
3842 0 15 32
4968 0 15 27
2644 0 15 25
923 0 15 21
4218 0 15 16
5398 0 15 11
1722 0 15 8
3828 0 15 3
2695 0 16 95
3940 0 16 89
164 0 16 87
3652 0 16 82
2904 0 16 78
3309 0 16 75
2968 0 16 71
4925 0 16 66
442 0 16 64
4792 0 16 59
2820 0 16 54
280 0 16 50
4591 0 16 44
270 0 16 40
2124 0 16 36
2956 0 16 32
3085 0 16 27
3870 0 16 24
2198 0 16 20
3076 0 16 16
4613 0 16 11
5514 0 16 6
4261 0 16 1
2594 0 17 95
3113 0 17 89
5197 0 17 85
1216 0 17 80
1559 0 17 75
5469 0 17 70
268 0 17 67
574 0 17 64
1103 0 17 59
716 0 17 54
3728 0 17 49
2250 0 17 45
3676 0 17 40
4813 0 17 35
4619 0 17 30
1624 0 17 28
1461 0 17 24
4439 0 17 19
1934 0 17 15
5194 0 17 11
4982 0 17 6
4057 0 17 1
436 0 18 95
2462 0 18 89
1430 0 18 85
5393 0 18 79
945 0 18 74
4043 0 18 72
4951 0 18 67
2881 0 18 63
5344 0 18 58
4996 0 18 53
1666 0 18 49
5434 0 18 44
2371 0 18 39
638 0 18 34
4463 0 18 30
3975 0 18 27
4588 0 18 23
2321 0 18 21
3541 0 18 16
3692 0 18 11
4695 0 18 6
2297 0 18 1
5097 0 19 94
4760 0 19 92
5103 0 19 87
1937 0 19 82
1811 0 19 78
822 0 19 75
2316 0 19 70
2427 0 19 66
3275 0 19 63
4624 0 19 58
4550 0 19 53
3669 0 19 48
481 0 19 45
3551 0 19 40
4410 0 19 35
4248 0 19 30
906 0 19 27
2000 0 19 23
4268 0 19 20
3008 0 19 16
2030 0 19 11
4417 0 19 6
1388 0 19 1
4652 1 1 94
4514 1 1 92
4188 1 1 87
1285 1 1 82
323 1 1 78
148 1 1 75
1990 1 1 70
911 1 1 66
4833 1 1 62
522 1 1 57
1566 1 1 52
2458 1 1 48
4301 1 1 44
1828 1 1 39
3075 1 1 33
918 1 1 29
493 1 1 25
4330 1 1 20
4586 1 1 15
2349 1 1 11
3324 1 1 6
1116 1 1 1
4296 1 3 94
1577 1 3 91
4459 1 3 85
4839 1 3 79
4366 1 3 73
1573 1 3 69
3215 1 3 65
4468 1 3 60
5212 1 3 55
759 1 3 51
2183 1 3 47
5230 1 3 44
826 1 3 39
2153 1 3 33
141 1 3 29
4101 1 3 24
3124 1 3 19
637 1 3 15
2918 1 3 10
2553 1 3 5
4176 2 1 94
579 2 1 90
589 2 1 85
1128 2 1 79
2063 2 1 73
3594 2 1 68
1132 2 1 62
1905 2 1 56
3241 2 1 50
3900 2 1 44
4789 2 1 38
2135 2 1 35
1626 2 1 30
5152 2 1 26
4725 2 1 20
4502 2 1 15
1717 2 1 10
1246 2 1 5
1936 2 3 94
4900 2 3 89
880 2 3 85
5522 2 3 78
5071 2 3 74
5282 2 3 70
608 2 3 66
3019 2 3 62
5265 2 3 55
3759 2 3 50
3156 2 3 44
3542 2 3 38
814 2 3 35
902 2 3 30
928 2 3 26
4558 2 3 20
3793 2 3 15
2578 2 3 9
51 2 3 5
1862 2 5 94
4028 2 5 89
353 2 5 85
5012 2 5 78
4107 2 5 74
5269 2 5 70
2883 2 5 65
3310 2 5 60
3826 2 5 55
639 2 5 50
1656 2 5 44
3015 2 5 38
2772 2 5 34
3985 2 5 30
547 2 5 26
4519 2 5 20
1399 2 5 15
4113 2 5 8
1379 2 5 3
4152 2 6 93
1977 2 6 89
4027 2 6 84
4339 2 6 80
4866 2 6 74
5245 2 6 70
1625 2 6 65
4471 2 6 59
5358 2 6 53
1579 2 6 48
3834 2 6 44
914 2 6 38
1612 2 6 34
3622 2 6 30
2914 2 6 25
1993 2 6 20
22 2 6 15
3813 2 6 8
890 2 6 3
2703 2 7 93
803 2 7 89
3651 2 7 84
3017 2 7 80
3862 2 7 74
4696 2 7 70
1058 2 7 65
4348 2 7 59
3689 2 7 53
1485 2 7 48
3003 2 7 44
711 2 7 38
874 2 7 34
896 2 7 30
507 2 7 25
843 2 7 20
4676 2 7 14
1400 2 7 10
295 2 7 5
2499 2 8 93
3070 2 8 88
2677 2 8 84
868 2 8 80
3256 2 8 74
3367 2 8 70
2912 2 8 64
19 2 8 59
2078 2 8 53
528 2 8 48
2711 2 8 44
5055 2 8 37
3520 2 8 32
1145 2 8 27
1643 2 8 23
2163 2 8 20
2846 2 8 14
1143 2 8 9
3930 2 8 4
1392 2 9 93
2162 2 9 88
2475 2 9 84
4671 2 9 79
1927 2 9 73
2896 2 9 68
5435 2 9 61
2196 2 9 57
977 2 9 52
2319 2 9 47
1743 2 9 43
1526 2 9 39
1641 2 9 33
5497 2 9 28
347 2 9 24
2679 2 9 19
4289 2 9 14
935 2 9 9
1030 2 9 4
478 2 10 93
1676 2 10 88
4155 2 10 83
2405 2 10 78
2200 2 10 74
2506 2 10 70
2444 2 10 64
4915 2 10 58
3585 2 10 53
68 2 10 48
2373 2 10 44
3906 2 10 37
3159 2 10 32
126 2 10 27
332 2 10 23
4935 2 10 19
3394 2 10 14
477 2 10 9
2452 2 10 3
4682 2 11 92
3274 2 11 87
4004 2 11 81
3202 2 11 76
5342 2 11 72
1555 2 11 67
4759 2 11 62
4657 2 11 55
5133 2 11 49
4327 2 11 44
2875 2 11 37
2547 2 11 32
5413 2 11 26
261 2 11 20
2659 2 11 14
5321 2 11 8
411 2 11 3
4494 2 12 92
2184 2 12 87
3722 2 12 81
952 2 12 76
3561 2 12 72
543 2 12 67
2688 2 12 62
2559 2 12 55
3920 2 12 49
3924 2 12 44
596 2 12 37
2230 2 12 32
5169 2 12 26
253 2 12 20
1572 2 12 14
3096 2 12 8
348 2 12 3
2869 2 14 92
1879 2 14 87
2599 2 14 81
2841 2 14 75
4949 2 14 69
3082 2 14 65
3237 2 14 59
791 2 14 53
2009 2 14 47
4948 2 14 42
5243 2 14 38
4362 2 14 33
5463 2 14 28
4336 2 14 23
4508 2 14 19
2301 2 14 14
2016 2 14 8
5324 2 14 2
1973 2 16 92
3995 2 16 86
592 2 16 82
4790 2 16 77
3646 2 16 72
799 2 16 66
1810 2 16 62
5351 2 16 54
2577 2 16 49
2571 2 16 44
239 2 16 37
2192 2 16 32
4973 2 16 26
5208 2 16 19
4745 2 16 13
739 2 16 8
5280 2 16 2
5297 2 17 91
4404 2 17 85
4413 2 17 78
1752 2 17 74
11 2 17 70
5363 2 17 63
4059 2 17 58
3306 2 17 53
1970 2 17 47
4257 2 17 42
4954 2 17 38
2811 2 17 33
556 2 17 28
1220 2 17 23
3790 2 17 19
4498 2 17 13
5329 2 17 7
4864 2 17 4
4441 2 18 91
3775 2 18 85
2088 2 18 78
1326 2 18 74
3339 2 18 69
2351 2 18 65
1357 2 18 59
667 2 18 53
5046 2 18 46
4049 2 18 41
3079 2 18 37
1345 2 18 32
3414 2 18 26
5116 2 18 19
3285 2 18 13
4456 2 18 7
397 2 18 4
3597 2 19 91
3239 2 19 85
5460 2 19 77
2617 2 19 72
774 2 19 66
1732 2 19 62
4786 2 19 54
2061 2 19 49
2436 2 19 44
5263 2 19 36
2430 2 19 32
1270 2 19 26
4748 2 19 19
136 2 19 13
4297 2 19 7
5068 2 19 3
2852 3 1 91
3103 3 1 85
4947 3 1 76
801 3 1 72
5137 3 1 65
894 3 1 59
5185 3 1 52
1104 3 1 47
3429 3 1 42
2962 3 1 38
4766 3 1 32
242 3 1 26
4686 3 1 19
4083 3 1 12
5128 3 1 7
1933 3 1 3
2592 3 3 91
2304 3 3 85
3108 3 3 76
568 3 3 72
4795 3 3 65
674 3 3 59
5111 3 3 52
943 3 3 47
2650 3 3 42
1142 3 3 38
4731 3 3 32
1014 3 3 25
358 3 3 20
4598 3 3 13
4256 3 3 7
3289 3 3 2
1349 3 5 91
278 3 5 85
1838 3 5 76
33 3 5 72
4455 3 5 65
587 3 5 59
4597 3 5 52
3356 3 5 46
3961 3 5 41
1607 3 5 37
932 3 5 32
307 3 5 25
4329 3 5 19
3657 3 5 12
5031 3 5 7
3170 3 5 2
190 3 6 91
5035 3 6 84
4159 3 6 79
1127 3 6 73
1694 3 6 68
3328 3 6 61
2073 3 6 57
4236 3 6 51
1693 3 6 47
2518 3 6 42
781 3 6 38
3654 3 6 32
4692 3 6 24
937 3 6 19
153 3 6 12
4643 3 6 7
2671 3 6 2
5301 3 7 90
3598 3 7 84
3005 3 7 79
3317 3 7 72
3937 3 7 65
4395 3 7 58
107 3 7 53
3833 3 7 46
3839 3 7 41
5388 3 7 36
1126 3 7 32
3639 3 7 24
718 3 7 19
53 3 7 12
4425 3 7 7
488 3 7 2
4638 3 8 90
3412 3 8 84
2763 3 8 79
2839 3 8 72
4868 3 8 64
3789 3 8 58
4191 3 8 52
3022 3 8 46
3201 3 8 41
2977 3 8 36
419 3 8 32
2093 3 8 24
5117 3 8 18
719 3 8 13
3546 3 8 7
4945 3 8 1
3966 3 9 90
203 3 9 84
2083 3 9 79
1906 3 9 72
4486 3 9 64
3125 3 9 58
3752 3 9 52
1713 3 9 46
2520 3 9 41
1097 3 9 36
5188 3 9 31
3427 3 9 26
3698 3 9 19
3043 3 9 11
3255 3 9 6
2008 3 10 90
5293 3 10 83
908 3 10 78
4274 3 10 73
1197 3 10 68
2455 3 10 61
4347 3 10 56
2796 3 10 50
206 3 10 44
4896 3 10 36
4672 3 10 31
3014 3 10 26
2601 3 10 19
1794 3 10 11
540 3 10 6
1344 3 11 90
3761 3 11 83
615 3 11 78
3392 3 11 73
5289 3 11 67
5312 3 11 61
2586 3 11 56
979 3 11 50
205 3 11 44
4633 3 11 36
4435 3 11 31
2564 3 11 26
1476 3 11 19
636 3 11 11
256 3 11 6
901 3 12 90
2791 3 12 83
208 3 12 78
3263 3 12 73
5168 3 12 67
3756 3 12 61
80 3 12 56
3768 3 12 49
1887 3 12 44
3279 3 12 36
5305 3 12 30
5127 3 12 24
5040 3 12 18
3112 3 12 12
2828 3 12 7
4846 3 12 1
811 3 14 90
2457 3 14 83
5002 3 14 77
913 3 14 72
3143 3 14 64
2209 3 14 58
3180 3 14 52
220 3 14 46
1011 3 14 41
4363 3 14 35
845 3 14 30
2374 3 14 24
4854 3 14 18
5437 3 14 11
1546 3 14 5
5498 3 16 89
2941 3 16 84
1213 3 16 79
1683 3 16 72
1908 3 16 64
1057 3 16 58
2965 3 16 51
740 3 16 47
4755 3 16 41
3965 3 16 35
710 3 16 30
2260 3 16 24
3797 3 16 18
5081 3 16 11
1074 3 16 5
4158 3 17 89
1692 3 17 84
371 3 17 79
921 3 17 72
1259 3 17 64
544 3 17 58
2141 3 17 51
4161 3 17 46
271 3 17 41
3904 3 17 35
5039 3 17 29
3250 3 17 24
3132 3 17 18
4566 3 17 10
2708 3 17 4
3424 3 18 89
3149 3 18 83
1199 3 18 77
5233 3 18 71
4812 3 18 66
1679 3 18 62
4066 3 18 54
1954 3 18 49
722 3 18 44
2575 3 18 36
1041 3 18 30
1793 3 18 24
1827 3 18 18
4360 3 18 10
385 3 18 4
1841 3 19 89
2664 3 19 83
668 3 19 77
4804 3 19 71
3864 3 19 66
416 3 19 62
4013 3 19 54
4144 3 19 48
2 3 19 44
1848 3 19 36
103 3 19 30
1673 3 19 24
1602 3 19 18
3563 3 19 10
4303 3 19 3
1801 4 1 89
4522 4 1 82
4320 4 1 77
4799 4 1 71
1651 4 1 66
409 4 1 62
2363 4 1 54
3901 4 1 48
4229 4 1 43
3836 4 1 38
3650 4 1 32
1762 4 1 24
2424 4 1 17
2372 4 1 12
2080 4 1 7
1975 4 1 1
760 4 12 87
1101 4 12 81
1897 4 12 75
3559 4 12 69
5247 4 12 64
434 4 12 58
1096 4 12 51
3480 4 12 46
193 4 12 41
3474 4 12 35
3172 4 12 29
2607 4 12 24
807 4 12 17
5183 4 12 11
59 4 12 5
4349 4 14 86
3417 4 14 81
1764 4 14 75
2724 4 14 69
2868 4 14 64
4667 4 14 57
3996 4 14 51
1411 4 14 46
5302 4 14 40
734 4 14 35
2985 4 14 29
1156 4 14 24
4615 4 14 16
5196 4 14 10
2480 4 14 3
3589 4 16 86
3221 4 16 81
1638 4 16 75
46 4 16 69
2730 4 16 64
3872 4 16 57
1814 4 16 51
1346 4 16 46
3158 4 16 40
273 4 16 35
2672 4 16 29
338 4 16 24
4530 4 16 16
4537 4 16 10
1261 4 16 3
2362 5 1 86
1701 5 1 81
797 5 1 75
3503 5 1 68
1695 5 1 61
2431 5 1 55
3517 5 1 49
4737 5 1 43
3500 5 1 38
2680 5 1 32
1409 5 1 24
2835 5 1 16
3485 5 1 10
948 5 1 3
391 5 3 86
3529 5 3 80
2802 5 3 74
723 5 3 69
565 5 3 64
3615 5 3 57
649 5 3 51
5444 5 3 45
2065 5 3 40
4641 5 3 34
38 5 3 30
1224 5 3 24
2731 5 3 16
4942 5 3 9
985 5 3 3
3876 5 4 85
4436 5 4 75
3408 5 4 68
518 5 4 61
1677 5 4 55
3127 5 4 49
2608 5 4 43
3335 5 4 38
235 5 4 32
785 5 4 24
970 5 4 16
4467 5 4 9
5090 5 4 2
3376 5 6 85
4139 5 6 75
2384 5 6 68
355 5 6 61
1111 5 6 55
4877 5 6 48
2152 5 6 43
2750 5 6 38
5347 5 6 31
1027 5 6 26
4140 5 6 18
2798 5 6 10
71 5 6 3
1040 5 7 85
3557 5 7 75
1916 5 7 68
5224 5 7 60
515 5 7 55
4534 5 7 48
1667 5 7 43
2698 5 7 38
2145 5 7 31
340 5 7 26
2892 5 7 17
5021 5 7 11
2602 5 7 4
954 5 9 85
3021 5 9 75
1805 5 9 68
4821 5 9 60
244 5 9 55
2155 5 9 48
1978 5 9 42
1535 5 9 37
892 5 9 32
49 5 9 24
200 5 9 16
3347 5 9 9
4226 5 9 2
899 5 10 85
1895 5 10 75
5443 5 10 67
3463 5 10 61
413 5 10 55
1949 5 10 48
1849 5 10 42
508 5 10 37
3802 5 10 31
204 5 10 26
2845 5 10 17
3586 5 10 11
1174 5 10 4
2653 5 12 84
4981 5 12 78
1600 5 12 73
4095 5 12 67
3115 5 12 61
3617 5 12 54
3254 5 12 48
1777 5 12 42
305 5 12 37
3168 5 12 31
5020 5 12 25
4061 5 12 19
5375 5 12 10
5100 5 12 2
2210 5 14 84
4183 5 14 78
821 5 14 73
3346 5 14 67
2449 5 14 61
3599 5 14 54
1840 5 14 48
1175 5 14 42
2400 5 14 36
5518 5 14 29
4006 5 14 23
3456 5 14 19
5198 5 14 10
4856 5 14 2
2123 5 16 84
2011 5 16 78
324 5 16 73
788 5 16 67
2344 5 16 61
1366 5 16 54
248 5 16 48
4659 5 16 41
2305 5 16 35
5326 5 16 28
685 5 16 23
3044 5 16 19
3983 5 16 10
4529 5 16 2
795 5 18 83
630 5 18 77
4507 5 18 71
4801 5 18 65
2689 5 18 58
4987 5 18 50
5399 5 18 43
133 5 18 38
1339 5 18 31
2091 5 18 25
1737 5 18 19
2797 5 18 10
4056 5 18 2
5315 5 19 82
3039 5 19 77
3699 5 19 71
4200 5 19 65
2283 5 19 58
4752 5 19 50
4830 5 19 43
3420 5 19 37
1674 5 19 31
5433 5 19 24
4317 5 19 15
2512 5 19 8
3333 5 19 2
2626 6 1 81
4428 6 1 74
751 6 1 68
2974 6 1 60
1739 6 1 54
1274 6 1 47
4453 6 1 41
4902 6 1 34
4874 6 1 29
3974 6 1 23
3536 6 1 18
1888 6 1 10
3487 6 1 2
1208 6 4 81
2286 6 4 74
447 6 4 68
1475 6 4 60
800 6 4 54
4881 6 4 46
2891 6 4 40
4810 6 4 33
299 6 4 28
3781 6 4 22
3034 6 4 18
377 6 4 10
1291 6 4 2
810 6 6 78
4001 6 6 72
1238 6 6 64
2939 6 6 57
255 6 6 51
5158 6 6 45
2052 6 6 40
4088 6 6 33
4295 6 6 27
63 6 6 23
3431 6 6 18
3732 6 6 9
3856 6 6 2
4701 6 7 77
1215 6 7 71
3977 6 7 65
1209 6 7 58
2032 6 7 50
1912 6 7 43
645 6 7 37
2778 6 7 30
243 6 7 24
4309 6 7 15
2464 6 7 8
2318 6 7 2
3979 6 9 77
941 6 9 71
2214 6 9 65
234 6 9 58
891 6 9 50
342 6 9 43
433 6 9 37
831 6 9 30
5042 6 9 23
2902 6 9 18
2548 6 9 9
3197 6 9 2
2576 6 14 74
4490 6 14 67
1310 6 14 61
4820 6 14 53
3315 6 14 46
2038 6 14 40
3296 6 14 33
3338 6 14 27
5087 6 14 22
1404 6 14 18
1236 6 14 9
2275 6 14 2
1369 6 16 73
127 6 16 67
192 6 16 61
4803 6 16 53
2075 6 16 46
5465 6 16 39
1447 6 16 33
2882 6 16 27
5010 6 16 22
1189 6 16 18
420 6 16 9
1946 6 16 2
1095 6 18 33
1440 6 18 27
5004 6 18 22
3155 6 18 17
3469 6 18 11
1131 6 18 4
5251 6 19 96
2674 6 19 91
4923 6 19 84
3102 6 19 77
1341 6 19 70
4242 6 19 63
2754 6 19 58
3109 6 19 49
1252 6 19 43
180 6 19 37
3687 6 19 29
165 6 19 23
1995 6 19 18
5411 6 19 8
1313 6 19 2
2658 7 1 96
2058 7 1 91
3528 7 1 84
819 7 1 77
5410 7 1 69
328 7 1 64
3730 7 1 56
3340 7 1 49
4357 7 1 42
2232 7 1 36
5390 7 1 29
37 7 1 23
602 7 1 18
4053 7 1 8
997 7 1 2
1491 7 2 96
1610 7 2 91
3311 7 2 84
1871 7 2 76
4720 7 2 71
1380 7 2 65
15 7 2 58
2712 7 2 49
4054 7 2 42
1783 7 2 36
4196 7 2 29
4392 7 2 22
1511 7 2 16
2026 7 2 9
835 7 2 2
109 7 3 96
3603 7 3 89
3843 7 3 82
2445 7 3 77
4284 7 3 69
2267 7 3 63
390 7 3 58
2692 7 3 49
3776 7 3 42
1295 7 3 36
3991 7 3 29
3702 7 3 22
4847 7 3 15
5262 7 3 7
1293 7 3 1
5211 7 4 95
1902 7 4 89
3785 7 4 82
965 7 4 77
2767 7 4 69
1860 7 4 63
202 7 4 58
1551 7 4 49
545 7 4 42
1264 7 4 36
3154 7 4 29
2104 7 4 22
3577 7 4 15
4520 7 4 7
2901 7 6 95
4369 7 6 88
3086 7 6 83
511 7 6 77
2110 7 6 69
1194 7 6 63
4402 7 6 57
4328 7 6 50
4658 7 6 42
1136 7 6 36
1639 7 6 29
4211 7 6 21
3411 7 6 16
1541 7 6 9
365 7 6 2
184 7 7 95
4355 7 7 88
5253 7 7 82
476 7 7 77
1960 7 7 69
225 7 7 63
4381 7 7 57
3582 7 7 50
3850 7 7 42
753 7 7 36
1443 7 7 29
3404 7 7 21
3227 7 7 16
577 7 7 9
3118 7 7 1
642 7 9 94
5027 7 9 88
5420 7 9 81
1548 7 9 74
4449 7 9 67
35 7 9 61
4645 7 9 53
1861 7 9 46
3772 7 9 39
680 7 9 33
1302 7 9 27
4527 7 9 22
3406 7 9 15
4373 7 9 7
5261 7 10 93
4826 7 10 87
973 7 10 81
102 7 10 74
4246 7 10 67
5323 7 10 60
3032 7 10 53
605 7 10 46
1684 7 10 39
121 7 10 32
5512 7 10 23
4487 7 10 17
2251 7 10 11
5482 7 10 3
4931 7 11 93
4715 7 11 87
541 7 11 81
4009 7 11 73
1536 7 11 66
176 7 11 62
5075 7 11 53
283 7 11 46
402 7 11 39
5445 7 11 31
3045 7 11 24
3122 7 11 15
5107 7 11 6
4929 7 12 93
4569 7 12 87
5332 7 12 80
2102 7 12 74
3130 7 12 67
3788 7 12 60
2757 7 12 53
4880 7 12 45
786 7 12 40
2538 7 12 33
5050 7 12 26
2392 7 12 17
1989 7 12 11
4222 7 12 3
3383 7 14 93
2241 7 14 87
5099 7 14 80
1986 7 14 74
2947 7 14 67
1690 7 14 60
2411 7 14 53
4472 7 14 45
3934 7 14 39
4353 7 14 31
2605 7 14 24
2979 7 14 15
4151 7 14 6
3208 7 16 93
3371 7 16 86
2799 7 16 80
3587 7 16 73
628 7 16 66
3461 7 16 61
4611 7 16 53
3883 7 16 45
3917 7 16 39
2532 7 16 31
1767 7 16 24
2776 7 16 15
1290 7 16 6
3128 7 18 93
3321 7 18 86
1854 7 18 80
2345 7 18 73
435 7 18 66
3077 7 18 61
3550 7 18 53
3148 7 18 45
3606 7 18 39
2473 7 18 31
733 7 18 24
2587 7 18 15
705 7 18 6
1445 8 1 93
1311 8 1 86
1646 8 1 80
3814 8 1 72
5140 8 1 63
1640 8 1 57
4774 8 1 49
2862 8 1 41
3845 8 1 34
4863 8 1 29
1360 8 1 21
1851 8 1 16
5143 8 1 8
119 8 1 2
40 8 2 93
461 8 2 86
4853 8 2 79
5300 8 2 71
881 8 2 65
4169 8 2 57
2804 8 2 49
1825 8 2 41
3173 8 2 34
4726 8 2 29
732 8 2 21
143 8 2 16
3471 8 2 8
3166 8 2 1
4710 8 3 92
2764 8 3 86
4798 8 3 79
4510 8 3 71
4620 8 3 64
3141 8 3 56
3294 8 3 49
1456 8 3 41
2415 8 3 34
5333 8 3 28
2589 8 3 22
3048 8 3 15
3258 8 3 5
3225 8 4 92
1294 8 4 86
2545 8 4 79
4466 8 4 71
3160 8 4 64
3610 8 4 55
1434 8 4 48
2410 8 4 41
1734 8 4 34
3531 8 4 28
1627 8 4 22
2507 8 4 15
1665 8 4 5
2216 8 6 92
3016 8 6 85
1768 8 6 75
5078 8 6 67
5494 8 6 59
3910 8 6 52
4738 8 6 45
3248 8 6 39
1397 8 6 31
3950 8 6 23
3581 8 6 17
980 8 6 11
1687 8 6 3
14 8 7 92
2379 8 7 85
1620 8 7 75
4837 8 7 67
2020 8 7 59
3452 8 7 52
3635 8 7 45
2029 8 7 39
2409 8 7 30
3656 8 7 23
1063 8 7 17
5517 8 7 10
16 8 7 2
3527 8 12 91
1923 8 12 84
5335 8 12 75
4143 8 12 67
1857 8 12 59
3107 8 12 52
1595 8 12 45
1218 8 12 39
294 8 12 30
3297 8 12 23
809 8 12 17
4232 8 12 10
4635 8 12 1
3300 8 14 91
1721 8 14 84
3574 8 14 75
3401 8 14 67
4501 8 14 58
349 8 14 49
5477 8 14 40
2406 8 14 33
4660 8 14 26
5377 8 14 15
1482 8 14 5
4293 9 4 90
2348 9 4 83
300 9 4 77
1362 9 4 69
3226 9 4 62
4908 9 4 53
2740 9 4 45
222 9 4 39
5213 9 4 29
3726 9 4 20
4344 9 4 13
3098 9 4 7
2478 9 6 90
2253 9 6 83
5511 9 6 76
4206 9 6 71
2823 9 6 64
2544 9 6 55
940 9 6 47
4073 9 6 41
907 9 6 34
1723 9 6 28
1052 9 6 22
1322 9 6 15
1305 9 6 5
479 9 7 90
524 9 7 83
5234 9 7 76
2502 9 7 71
3526 9 7 63
373 9 7 56
1319 9 7 49
5028 9 7 40
5328 9 7 32
5507 9 7 23
2160 9 7 16
2990 9 7 8
5397 9 10 89
3695 9 10 82
5096 9 10 76
2498 9 10 71
2973 9 10 63
5508 9 10 55
125 9 10 47
3262 9 10 41
5210 9 10 33
4422 9 10 26
2913 9 10 15
1296 9 10 5
1614 9 11 89
2282 9 11 82
3968 9 11 76
2223 9 11 71
2533 9 11 63
5153 9 11 55
5425 9 11 46
4181 9 11 38
1306 9 11 30
2474 9 11 23
1177 9 11 16
1847 9 11 8
1317 9 12 89
360 9 12 82
3105 9 12 76
861 9 12 71
1025 9 12 63
4477 9 12 55
4292 9 12 46
2066 9 12 38
1201 9 12 30
1889 9 12 23
519 9 12 16
741 9 12 8
5231 9 14 88
3543 9 14 81
3211 9 14 73
181 9 14 66
2620 9 14 61
4961 9 14 52
5026 9 14 44
5491 9 14 35
3658 9 14 28
987 9 14 22
1091 9 14 15
5384 9 14 4
3505 9 16 88
2819 9 16 81
1605 9 16 73
115 9 16 66
2614 9 16 61
4469 9 16 52
3938 9 16 44
5179 9 16 35
2735 9 16 28
4749 9 16 21
139 9 16 16
4775 9 16 7
2889 9 17 88
1425 9 17 81
486 9 17 73
4688 9 17 65
3741 9 17 57
2526 9 17 49
4890 9 17 40
5174 9 17 32
5136 9 17 23
319 9 17 16
3488 9 17 7
4989 9 18 87
428 9 18 80
2479 9 18 72
4098 9 18 63
2048 9 18 55
3078 9 18 46
857 9 18 38
986 9 18 30
1422 9 18 23
2228 9 18 15
5155 9 18 4
4932 9 19 87
4335 9 19 79
3214 9 19 71
934 9 19 63
3945 9 19 54
4699 9 19 46
4794 9 19 37
3595 9 19 29
3715 9 19 20
4217 9 19 13
2879 9 19 7
3065 10 0 87
3569 10 0 79
2966 10 0 71
2821 10 0 62
3373 10 0 53
1088 10 0 45
2916 10 0 38
5098 10 0 29
3490 10 0 20
3992 10 0 13
183 10 0 7
3035 10 1 87
2743 10 1 79
898 10 1 71
2246 10 1 62
3106 10 1 53
88 10 1 45
5340 10 1 37
2249 10 1 29
3037 10 1 20
972 10 1 13
3064 10 1 6
2747 10 2 87
2317 10 2 79
783 10 2 71
784 10 2 62
1329 10 2 53
5267 10 2 44
4133 10 2 35
1359 10 2 28
3757 10 2 21
4642 10 2 15
5138 10 2 4
1911 10 3 87
2248 10 3 79
376 10 3 71
216 10 3 62
563 10 3 53
5051 10 3 44
2068 10 3 35
1304 10 3 28
3516 10 3 21
2668 10 3 15
4811 10 3 4
5056 10 4 86
2432 10 4 79
3600 10 4 70
3810 10 4 63
1371 10 4 54
4375 10 4 46
4678 10 4 37
1939 10 4 29
1484 10 4 20
4953 10 4 12
1944 10 4 7
4513 10 6 86
2146 10 6 79
2760 10 6 70
2898 10 6 63
5319 10 6 53
4644 10 6 44
1045 10 6 35
441 10 6 28
1899 10 6 21
585 10 6 15
4243 10 6 4
4438 10 7 86
1714 10 7 79
2685 10 7 70
1528 10 7 63
2706 10 7 53
4563 10 7 44
832 10 7 35
5481 10 7 27
3848 10 7 22
875 10 7 15
4112 10 7 4
1715 10 10 86
263 10 10 79
2014 10 10 70
1381 10 10 63
2076 10 10 53
3751 10 10 44
4105 10 10 34
1133 10 10 28
666 10 10 21
86 10 10 15
3944 10 10 4
2524 10 11 84
2663 10 11 75
3348 10 11 67
4306 10 11 58
5502 10 11 48
1519 10 11 41
4432 10 11 33
4280 10 11 26
2624 10 11 14
1957 10 11 8
2261 11 0 84
2375 11 0 75
2938 11 0 67
2493 11 0 58
5277 11 0 48
905 11 0 41
2937 11 0 33
3342 11 0 26
2258 11 0 13
2722 11 0 6
566 11 6 84
1275 11 6 75
147 11 6 67
838 11 6 58
2004 11 6 48
5290 11 6 40
4528 11 6 32
2762 11 6 23
1980 11 6 15
2556 11 6 4
3308 11 7 83
5125 11 7 76
824 11 7 71
3607 11 7 61
4318 11 7 52
3854 11 7 44
3624 11 7 34
4707 11 7 27
2654 11 7 22
5478 11 7 14
4796 11 7 7
3145 11 10 83
4549 11 10 76
10 11 10 71
3476 11 10 61
3114 11 10 51
4976 11 10 45
5206 11 10 37
5146 11 10 28
430 11 10 21
3492 11 10 14
4074 11 10 7
2259 11 11 83
4446 11 11 76
4952 11 11 70
813 11 11 63
1488 11 11 53
3387 11 11 44
2046 11 11 34
2555 11 11 27
483 11 11 22
5386 11 11 14
3894 11 11 7
1594 11 13 83
3205 11 13 76
1072 11 13 70
3714 11 13 62
5308 11 13 52
1671 11 13 44
1682 11 13 34
1774 11 13 27
2785 11 13 21
3455 11 13 14
3069 11 13 7
4928 11 14 82
4631 11 14 75
5519 11 14 66
4625 11 14 60
2342 11 14 53
2308 11 14 44
1333 11 14 34
422 11 14 27
2569 11 14 21
3046 11 14 14
293 11 14 7
2734 11 15 82
4556 11 15 75
5376 11 15 66
2005 11 15 60
1996 11 15 53
5355 11 15 43
5455 11 15 36
1327 11 15 29
1171 11 15 20
3334 11 15 12
1508 11 15 7
604 11 17 82
3841 11 17 75
5025 11 17 66
1699 11 17 60
1124 11 17 53
4316 11 17 43
1255 11 17 36
1309 11 17 29
1044 11 17 20
2995 11 17 12
5419 11 17 6
5479 11 18 81
4972 11 18 72
1950 11 18 62
1478 11 18 52
2277 11 18 43
598 11 18 36
290 11 18 29
950 11 18 20
4822 11 18 11
85 11 18 3
1465 11 19 81
3967 11 19 72
643 11 19 62
1232 11 19 51
4281 11 19 45
4788 11 19 37
3217 11 19 28
429 11 19 21
2921 11 19 14
5086 11 19 6
3682 12 0 80
1494 12 0 72
5060 12 0 61
2978 12 0 51
3380 12 0 45
2627 12 0 37
1368 12 0 28
4739 12 0 20
4434 12 0 11
5045 12 0 2
735 12 2 80
4305 12 2 71
571 12 2 61
1588 12 2 51
521 12 2 45
2266 12 2 37
1301 12 2 28
4702 12 2 20
2691 12 2 11
3343 12 2 2
4867 12 3 78
3982 12 3 72
4807 12 3 61
134 12 3 51
2023 12 3 44
1060 12 3 34
5322 12 3 26
484 12 3 13
2330 12 3 6
2194 12 4 77
1206 12 4 69
1384 12 4 62
1137 12 4 51
633 12 4 44
789 12 4 34
4571 12 4 26
5059 12 4 12
5192 12 4 6
3907 12 6 75
4627 12 6 66
1180 12 6 60
4426 12 6 52
618 12 6 43
4776 12 6 35
4722 12 6 27
2358 12 6 21
2558 12 6 14
2132 12 6 6
1424 12 7 75
2082 12 7 66
619 12 7 60
4372 12 7 52
3395 12 7 42
462 12 7 36
5180 12 7 28
4080 12 7 20
2443 12 7 11
3329 12 7 2
23 12 15 70
3693 12 15 62
4535 12 15 50
3056 12 15 42
3896 12 15 35
4718 12 15 27
1631 12 15 21
1449 12 15 14
1922 12 15 6
4805 12 17 95
4003 12 17 88
1062 12 17 81
3001 12 17 72
4544 12 17 61
1523 12 17 50
538 12 17 42
2224 12 17 35
3860 12 17 27
1017 12 17 21
4883 12 17 13
1190 12 17 6
3539 12 18 95
3882 12 18 88
2593 12 18 80
3717 12 18 71
3302 12 18 60
3803 12 18 52
2278 12 18 42
828 12 18 35
2751 12 18 27
5163 12 18 20
1214 12 18 11
3219 12 18 2
1139 12 19 95
1788 12 19 88
2511 12 19 80
3462 12 19 71
1516 12 19 60
2019 12 19 52
2226 12 19 42
189 12 19 35
1707 12 19 27
4405 12 19 20
1098 12 19 11
2942 12 19 2
4551 13 0 94
4962 13 0 88
5418 13 0 79
1160 13 0 70
3402 13 0 62
4117 13 0 50
473 13 0 42
5105 13 0 34
4000 13 0 26
2780 13 0 12
2865 13 0 6
4430 13 2 94
3366 13 2 88
4070 13 2 79
1130 13 2 70
1859 13 2 62
634 13 2 50
130 13 2 42
743 13 2 34
3783 13 2 26
2662 13 2 12
2062 13 2 6
1876 13 3 94
277 13 3 88
3470 13 3 79
4851 13 3 69
1325 13 3 62
5439 13 3 49
3867 13 3 40
4032 13 3 32
1771 13 3 23
1710 13 3 15
617 13 3 4
4094 13 7 93
5295 13 7 85
912 13 7 75
1884 13 7 66
5325 13 7 59
2878 13 7 52
689 13 7 42
660 13 7 34
1390 13 7 26
2621 13 7 11
2525 13 7 2
3544 13 9 93
5150 13 9 85
4122 13 9 74
1114 13 9 67
4026 13 9 57
329 13 9 49
3641 13 9 40
2857 13 9 32
1724 13 9 23
4341 13 9 14
1389 13 9 5
2702 13 10 93
5073 13 10 85
3935 13 10 74
573 13 10 67
3171 13 10 57
5275 13 10 48
4271 13 10 40
1181 13 10 32
5072 13 10 22
5006 13 10 14
3960 13 10 4
1303 13 11 93
964 13 11 85
451 13 11 74
4975 13 11 66
1603 13 11 59
2843 13 11 52
5132 13 11 41
772 13 11 33
3191 13 11 26
5013 13 11 10
233 13 11 1
4816 13 13 92
790 13 13 85
303 13 13 74
3712 13 13 66
1985 13 13 58
1125 13 13 48
4175 13 13 40
4957 13 13 31
2047 13 13 23
4634 13 13 13
879 13 13 6
4499 13 15 92
65 13 15 85
5428 13 15 72
3844 13 15 61
1332 13 15 50
4185 13 15 41
620 13 15 33
4939 13 15 25
1604 13 15 19
5053 13 15 9
1450 13 15 1
4424 13 17 92
4893 13 17 84
236 13 17 75
1138 13 17 66
1890 13 17 58
1 13 17 48
3631 13 17 40
4955 13 17 31
1815 13 17 23
4024 13 17 13
228 13 17 6
4240 14 0 92
3779 14 0 84
4093 14 0 74
2383 14 0 66
297 14 0 58
4589 14 0 47
3104 14 0 41
527 14 0 33
4927 14 0 25
1231 14 0 19
4809 14 0 9
3365 14 2 92
5422 14 2 83
599 14 2 76
4980 14 2 69
1286 14 2 62
3933 14 2 49
3336 14 2 40
4448 14 2 31
82 14 2 23
3777 14 2 13
4783 14 2 5
352 14 3 92
5341 14 3 83
3823 14 3 75
1106 14 3 66
138 14 3 58
3847 14 3 47
2871 14 3 41
25 14 3 33
4326 14 3 25
5471 14 3 18
3083 14 3 8
4698 14 5 91
1530 14 5 84
4085 14 5 74
1969 14 5 66
5258 14 5 57
5022 14 5 48
4780 14 5 39
3923 14 5 29
72 14 5 20
3672 14 5 10
3897 14 7 91
1167 14 7 84
3947 14 7 74
1787 14 7 66
2972 14 7 57
4728 14 7 48
3611 14 7 39
3204 14 7 29
4691 14 7 19
1416 14 7 9
3725 14 9 91
175 14 9 84
2252 14 9 74
1035 14 9 66
682 14 9 57
4442 14 9 48
3428 14 9 39
4055 14 9 28
2768 14 9 20
3558 14 9 10
3063 14 10 91
4636 14 10 83
3117 14 10 75
4668 14 10 65
3472 14 10 57
775 14 10 48
2872 14 10 39
976 14 10 28
2333 14 10 20
1749 14 10 10
5016 14 11 90
3418 14 11 82
4545 14 11 74
5141 14 11 65
3179 14 11 57
374 14 11 48
2805 14 11 39
974 14 11 28
818 14 11 20
1473 14 11 10
3135 14 13 90
1414 14 13 82
4408 14 13 74
5070 14 13 65
4393 14 13 56
4506 14 13 48
2361 14 13 39
90 14 13 28
5476 14 13 19
1335 14 13 9
2880 14 15 90
5064 14 15 81
1489 14 15 72
1761 14 15 61
99 14 15 50
3144 14 15 41
5401 14 15 32
3760 14 15 22
4473 14 15 14
1108 14 15 4
949 14 17 90
3084 14 17 81
3447 14 17 71
106 14 17 60
1680 14 17 52
4137 14 17 41
5215 14 17 32
3397 14 17 22
3949 14 17 14
407 14 17 4
250 14 19 89
5365 14 19 81
3146 14 19 71
4170 14 19 59
327 14 19 52
3484 14 19 41
2761 14 19 32
3232 14 19 22
3549 14 19 14
1415 14 19 3
5382 15 0 88
2028 15 0 79
4681 15 0 69
968 15 0 62
2905 15 0 49
1790 15 0 40
4129 15 0 31
4572 15 0 22
1267 15 0 14
554 15 0 3
4664 15 2 88
1778 15 2 79
4058 15 2 69
3495 15 2 61
5510 15 2 49
1606 15 2 40
2298 15 2 31
2549 15 2 22
4221 15 2 13
3177 15 2 5
2866 15 3 88
1545 15 3 79
2097 15 3 69
3290 15 3 61
4999 15 3 49
5442 15 3 39
5167 15 3 27
3926 15 3 20
981 15 3 10
1292 15 5 88
5336 15 5 78
3325 15 5 72
4333 15 5 60
4254 15 5 51
438 15 5 44
4884 15 5 33
3307 15 5 25
4154 15 5 18
4679 15 5 6
1071 15 7 88
4277 15 7 78
3264 15 7 72
2487 15 7 60
2930 15 7 51
5017 15 7 43
3837 15 7 35
1320 15 7 27
1599 15 7 20
498 15 7 10
66 15 11 88
3473 15 11 78
2705 15 11 72
1578 15 11 60
2151 15 11 51
2535 15 11 43
737 15 11 35
4694 15 11 26
4345 15 11 10
5317 15 13 87
1323 15 13 79
1266 15 13 69
1287 15 13 61
3583 15 13 49
1637 15 13 39
4237 15 13 27
1394 15 13 20
132 15 13 10
3287 15 17 87
5281 15 17 78
1501 15 17 72
1147 15 17 60
1670 15 17 51
1571 15 17 43
4539 15 17 34
5181 15 17 25
2426 15 17 18
1173 15 17 6
2037 15 19 87
4777 15 19 78
853 15 19 72
3547 15 19 59
5448 15 19 51
1228 15 19 43
4020 15 19 34
4985 15 19 25
1928 15 19 18
1070 15 19 6
3932 16 0 85
5114 16 0 72
123 16 0 59
3513 16 0 51
414 16 0 43
3354 16 0 34
3512 16 0 25
1831 16 0 18
707 16 0 6
1727 16 2 84
1307 16 2 74
3719 16 2 65
2500 16 2 56
2326 16 2 48
1598 16 2 39
4157 16 2 27
1036 16 2 20
2476 16 2 9
725 16 3 84
1146 16 3 74
3491 16 3 65
4310 16 3 55
1370 16 3 46
2268 16 3 37
1065 16 3 28
4924 16 3 19
704 16 3 9
3670 16 5 83
1930 16 5 75
4565 16 5 65
3884 16 5 55
1089 16 5 46
195 16 5 37
333 16 5 28
3858 16 5 19
5485 16 5 8
3210 16 7 83
1733 16 7 75
4264 16 7 65
867 16 7 55
4941 16 7 45
1772 16 7 37
5424 16 7 27
87 16 7 20
3819 16 7 8
1056 16 8 83
1019 16 8 75
2771 16 8 65
4214 16 8 54
3080 16 8 46
4875 16 8 36
4311 16 8 28
1022 16 8 19
4186 16 8 8
2156 16 9 82
2105 16 9 74
3265 16 9 65
3081 16 9 54
1967 16 9 46
3169 16 9 36
2144 16 9 28
703 16 9 19
3871 16 9 8
3454 16 10 81
2781 16 10 71
2616 16 10 59
1387 16 10 51
375 16 10 43
1263 16 10 34
1709 16 10 25
1316 16 10 18
4134 16 10 5
982 16 11 80
2728 16 11 71
2360 16 11 59
5264 16 11 50
2204 16 11 41
895 16 11 32
2687 16 11 22
1883 16 11 13
2927 16 11 5
883 16 19 80
177 16 19 71
4765 16 19 58
1407 16 19 47
2177 16 19 41
5354 16 19 31
2070 16 19 22
984 16 19 13
2622 16 19 5
4182 17 0 79
1251 17 0 69
516 17 0 61
1080 17 0 49
1203 17 0 39
3568 17 0 27
28 17 0 20
2291 17 0 8
3506 17 2 79
849 17 2 69
2107 17 2 60
1260 17 2 51
4918 17 2 42
4661 17 2 33
2696 17 2 25
1020 17 2 18
1608 17 2 5
755 17 3 77
1034 17 3 69
1789 17 3 60
4412 17 3 50
4148 17 3 40
2012 17 3 31
1503 17 3 22
5348 17 3 12
1557 17 3 6
5421 17 5 75
5201 17 5 64
2257 17 5 55
4690 17 5 45
1521 17 5 37
3423 17 5 27
4079 17 5 19
3298 17 5 8
2675 17 7 74
318 17 7 65
1149 17 7 54
5235 17 7 45
4887 17 7 36
2116 17 7 28
210 17 7 19
2806 17 7 8
142 17 8 74
5438 17 8 64
1483 17 8 55
3835 17 8 45
406 17 8 36
5415 17 8 27
3973 17 8 19
2067 17 8 8
3181 17 9 95
1658 17 9 88
971 17 9 78
646 17 9 72
298 17 9 58
1281 17 9 47
4632 17 9 40
1481 17 9 31
4700 17 9 21
1622 17 9 13
2002 17 9 5
2903 17 10 95
1632 17 10 88
829 17 10 78
5408 17 10 71
4523 17 10 58
713 17 10 47
2794 17 10 40
5453 17 10 30
647 17 10 23
3729 17 10 13
690 17 10 5
167 17 11 95
787 17 11 87
4007 17 11 78
4870 17 11 71
4517 17 11 58
122 17 11 47
2491 17 11 40
2969 17 11 30
3649 17 11 22
5030 17 11 12
960 17 11 6
3556 17 12 94
5095 17 12 87
3519 17 12 78
3499 17 12 71
3337 17 12 58
5306 17 12 46
2787 17 12 36
3157 17 12 27
2378 17 12 19
2339 17 12 7
738 17 13 94
2551 17 13 87
550 17 13 78
3192 17 13 71
2981 17 13 58
4194 17 13 46
1726 17 13 36
1529 17 13 27
2245 17 13 19
1834 17 13 7
3357 17 14 93
423 17 14 85
2666 17 14 72
4735 17 14 57
95 17 14 48
4888 17 14 38
3859 17 14 29
4388 17 14 19
5284 17 14 6
2423 17 15 93
264 17 15 84
1479 17 15 73
3824 17 15 65
5038 17 15 53
3566 17 15 43
475 17 15 34
5454 17 15 24
1758 17 15 15
4998 17 15 3
1225 17 16 93
4164 17 16 83
1007 17 16 75
3893 17 16 64
5378 17 16 54
4817 17 16 45
4337 17 16 35
4500 17 16 26
3212 17 16 10
748 17 17 93
4125 17 17 83
5487 17 17 74
1470 17 17 64
5034 17 17 54
4416 17 17 45
3560 17 17 33
2585 17 17 25
171 17 17 18
1439 17 17 5
5134 17 18 92
4911 17 18 83
3349 17 18 74
4860 17 18 63
523 17 18 53
3041 17 18 43
267 17 18 34
4397 17 18 24
1431 17 18 15
765 17 18 3
4963 17 19 92
4773 17 19 83
2057 17 19 74
4546 17 19 63
4956 17 19 52
1616 17 19 40
101 17 19 30
2395 17 19 22
3939 17 19 12
78 17 19 6
3126 18 0 92
3787 18 0 83
460 18 0 74
2470 18 0 63
2625 18 0 52
2025 18 0 39
2341 18 0 27
1210 18 0 19
4988 18 0 6
2984 18 2 92
1438 18 2 83
5255 18 2 73
2945 18 2 65
1642 18 2 53
2998 18 2 43
104 18 2 34
3691 18 2 24
2288 18 2 14
3978 18 2 2
4729 18 3 91
3911 18 3 83
2451 18 3 73
2126 18 3 65
2334 18 3 52
1803 18 3 39
5372 18 3 26
2615 18 3 10
3175 18 5 91
2404 18 5 83
2034 18 5 73
20 18 5 65
238 18 5 52
687 18 5 39
3066 18 5 26
4383 18 5 9
3152 19 0 91
1675 19 0 83
3640 19 0 72
1437 19 0 57
5402 19 0 47
1518 19 0 40
5379 19 0 29
3432 19 0 19
4189 19 0 6
3150 19 2 91
1188 19 2 83
969 19 2 72
1151 19 2 57
4669 19 2 47
4623 19 2 39
2508 19 2 26
2996 19 2 9
2325 19 3 91
1119 19 3 83
5313 19 3 71
485 19 3 58
3213 19 3 46
3619 19 3 35
4075 19 3 26
2755 19 3 9
2039 19 5 91
708 19 5 83
5238 19 5 71
386 19 5 58
5356 19 5 45
2713 19 5 33
2584 19 5 25
4205 19 5 17
4223 19 5 10
5483 19 6 90
369 19 6 81
1112 19 6 71
289 19 6 58
4046 19 6 45
1413 19 6 33
1282 19 6 25
1920 19 6 17
4850 19 6 9
5236 19 7 90
156 19 7 81
5018 19 7 70
1741 19 7 62
1117 19 7 49
989 19 7 39
3620 19 7 25
1585 19 7 17
4238 19 7 9
4607 19 8 90
5268 19 8 80
1354 19 8 70
706 19 8 62
215 19 8 49
4538 19 8 38
1830 19 8 29
509 19 8 19
3266 19 8 6
4259 19 9 90
4628 19 9 80
851 19 9 70
296 19 9 62
4249 19 9 48
3746 19 9 38
1520 19 9 29
4824 19 9 18
1280 19 9 5
4019 19 10 90
2982 19 10 80
581 19 10 70
4733 19 10 61
249 19 10 48
3449 19 10 38
5049 19 10 28
110 19 10 19
1038 19 10 6
3997 19 11 90
5178 19 11 79
4216 19 11 68
1429 19 11 60
415 19 11 50
3178 19 11 39
3459 19 11 25
1469 19 11 17
1299 19 11 9
1334 19 12 90
4282 19 12 79
3087 19 12 68
1164 19 12 60
4543 19 12 49
4391 19 12 38
1537 19 12 28
4626 19 12 18
1148 19 12 5
5450 19 13 89
4770 19 13 81
3206 19 13 70
3007 19 13 61
2642 19 13 47
4338 19 13 39
1582 19 13 25
3868 19 13 16
3375 19 13 7
5266 19 14 89
2611 19 14 81
2434 19 14 70
878 19 14 61
5457 19 14 46
2943 19 14 35
3540 19 14 26
1289 19 14 9
3419 19 15 89
1747 19 15 81
5504 19 15 69
672 19 15 60
2170 19 15 49
3736 19 15 38
1378 19 15 28
4067 19 15 18
546 19 15 5
2944 19 16 89
4251 19 16 80
151 19 16 70
5330 19 16 60
1992 19 16 48
3292 19 16 38
1165 19 16 28
4060 19 16 18
48 19 16 4
2471 19 17 89
3946 19 17 80
3497 19 17 69
4356 19 17 59
3052 19 17 50
1028 19 17 39
1464 19 17 25
3755 19 17 16
2886 19 17 7
4629 19 18 88
5067 19 18 77
4991 19 18 68
652 19 18 60
1046 19 18 48
3023 19 18 38
388 19 18 28
3301 19 18 18
1586 19 18 3
1833 19 19 88
4162 19 19 77
1925 19 19 68
364 19 19 60
5113 19 19 47
4263 19 19 39
3012 19 19 24
994 19 19 14
1940 19 19 1
