2782
4071 0 0 98
3690 0 0 95
4167 0 0 93
5051 0 0 91
4750 0 0 87
3995 0 0 85
1262 0 0 82
3647 0 0 79
4058 0 0 77
809 0 0 74
607 0 0 72
1735 0 0 69
5127 0 0 65
3245 0 0 63
2764 0 0 60
4804 0 0 57
4802 0 0 55
3027 0 0 53
5206 0 0 50
4274 0 0 48
4010 0 0 45
902 0 0 42
3332 0 0 38
4176 0 0 35
4539 0 0 32
2490 0 0 29
1613 0 0 27
4701 0 0 24
5165 0 0 21
1174 0 0 18
5190 0 0 15
3561 0 0 10
732 0 0 8
1454 0 0 6
5193 0 0 3
1610 0 0 1
2249 0 1 97
559 0 1 94
2041 0 1 91
2372 0 1 87
3760 0 1 85
2206 0 1 81
1986 0 1 78
66 0 1 76
206 0 1 73
1745 0 1 71
757 0 1 69
2309 0 1 65
1840 0 1 62
2766 0 1 60
1775 0 1 57
322 0 1 54
3699 0 1 51
570 0 1 48
3795 0 1 45
4172 0 1 40
325 0 1 36
4689 0 1 34
2150 0 1 30
3457 0 1 28
4123 0 1 26
1217 0 1 24
5003 0 1 20
2716 0 1 18
3956 0 1 15
2621 0 1 10
2969 0 1 6
4713 0 1 3
1109 0 2 97
4914 0 2 92
2758 0 2 88
1277 0 2 86
1090 0 2 84
2427 0 2 80
2509 0 2 77
4981 0 2 73
3157 0 2 70
4574 0 2 67
2026 0 2 64
2334 0 2 61
3667 0 2 58
5012 0 2 56
4446 0 2 53
221 0 2 50
2292 0 2 48
4124 0 2 44
4453 0 2 41
4202 0 2 38
4166 0 2 34
4729 0 2 29
730 0 2 26
4621 0 2 23
3400 0 2 21
2552 0 2 17
1128 0 2 15
1597 0 2 10
5235 0 2 5
3018 0 2 2
5036 0 3 96
800 0 3 92
973 0 3 88
3302 0 3 85
3541 0 3 80
1561 0 3 77
3237 0 3 73
4894 0 3 69
1653 0 3 65
3345 0 3 61
1941 0 3 58
4354 0 3 56
4384 0 3 53
844 0 3 48
3188 0 3 44
3311 0 3 41
3739 0 3 38
2445 0 3 34
4224 0 3 29
500 0 3 26
4355 0 3 23
4050 0 3 20
4008 0 3 17
310 0 3 14
3408 0 3 12
768 0 3 10
4352 0 3 4
2187 0 3 2
4099 0 4 96
4175 0 4 91
1120 0 4 87
1475 0 4 85
180 0 4 80
1101 0 4 77
3094 0 4 73
1573 0 4 69
1601 0 4 65
2626 0 4 61
1283 0 4 58
3333 0 4 55
3443 0 4 52
240 0 4 49
5262 0 4 45
227 0 4 40
3304 0 4 34
1548 0 4 29
5213 0 4 25
5141 0 4 23
687 0 4 18
2941 0 4 15
1552 0 4 9
2741 0 4 5
4509 0 4 1
4085 0 5 96
1595 0 5 91
2541 0 5 86
4593 0 5 83
2532 0 5 80
4762 0 5 76
3208 0 5 72
4789 0 5 68
2188 0 5 65
2510 0 5 61
5280 0 5 57
5047 0 5 53
518 0 5 48
2787 0 5 44
497 0 5 41
2476 0 5 37
5091 0 5 35
747 0 5 32
4319 0 5 28
3578 0 5 26
1925 0 5 23
337 0 5 18
649 0 5 15
496 0 5 9
2672 0 5 5
3594 0 5 1
3822 0 6 96
3845 0 6 90
4226 0 6 87
2745 0 6 83
1322 0 6 80
3491 0 6 76
2335 0 6 72
2438 0 6 68
2003 0 6 65
4558 0 6 60
4838 0 6 56
2648 0 6 53
4137 0 6 47
4610 0 6 45
124 0 6 40
1875 0 6 34
3078 0 6 28
3427 0 6 25
4797 0 6 22
358 0 6 19
2988 0 6 17
3511 0 6 13
4977 0 6 9
1761 0 6 5
2361 0 6 1
3364 0 7 96
4362 0 7 89
3454 0 7 86
4096 0 7 83
4711 0 7 79
3064 0 7 77
2911 0 7 73
3479 0 7 68
2880 0 7 64
1961 0 7 61
4034 0 7 57
2336 0 7 53
3275 0 7 47
674 0 7 45
4170 0 7 39
1452 0 7 36
4039 0 7 34
4712 0 7 27
1663 0 7 24
4466 0 7 20
4882 0 7 16
3469 0 7 14
3168 0 7 12
3335 0 7 8
1367 0 7 5
769 0 8 96
3964 0 8 89
1688 0 8 85
2406 0 8 79
4153 0 8 75
806 0 8 73
868 0 8 68
5195 0 8 63
4722 0 8 59
2121 0 8 56
1534 0 8 53
2233 0 8 47
625 0 8 44
5117 0 8 40
1259 0 8 34
4458 0 8 27
3092 0 8 23
4263 0 8 17
1170 0 8 13
4395 0 8 9
3759 0 8 4
286 0 9 96
3403 0 9 89
4211 0 9 84
4997 0 9 79
4665 0 9 74
4183 0 9 71
3879 0 9 68
362 0 9 63
2538 0 9 59
3743 0 9 55
5072 0 9 51
3231 0 9 47
991 0 9 43
2836 0 9 39
1910 0 9 35
4415 0 9 30
3459 0 9 27
4668 0 9 22
4448 0 9 18
4336 0 9 14
151 0 9 12
2973 0 9 8
1198 0 9 5
40 0 10 96
3228 0 10 89
540 0 10 84
3878 0 10 79
4576 0 10 74
2677 0 10 70
3599 0 10 67
4511 0 10 63
1803 0 10 59
609 0 10 55
1905 0 10 51
4992 0 10 46
3988 0 10 43
5283 0 10 38
1088 0 10 34
4389 0 10 27
2722 0 10 22
4349 0 10 18
3441 0 10 14
4139 0 10 11
4307 0 10 8
1180 0 10 5
4751 0 11 95
2315 0 11 92
872 0 11 88
2783 0 11 85
4087 0 11 78
4662 0 11 75
3273 0 11 72
611 0 11 68
54 0 11 63
4270 0 11 58
4721 0 11 54
1536 0 11 51
1980 0 11 46
3209 0 11 43
4424 0 11 38
5057 0 11 33
5163 0 11 30
3037 0 11 27
2518 0 11 22
2920 0 11 18
350 0 11 14
4562 0 11 10
3721 0 11 4
4656 0 12 95
1025 0 12 92
2529 0 12 87
2006 0 12 83
1893 0 12 79
3084 0 12 74
2491 0 12 70
2824 0 12 67
3767 0 12 63
17 0 12 58
3909 0 12 54
3508 0 12 50
4019 0 12 47
5184 0 12 42
2904 0 12 38
4169 0 12 33
1066 0 12 30
1110 0 12 27
1522 0 12 22
2107 0 12 18
3762 0 12 13
5181 0 12 8
3484 0 12 4
4538 0 13 95
258 0 13 91
5230 0 13 85
1430 0 13 78
2770 0 13 75
3884 0 13 71
1898 0 13 68
5077 0 13 62
2765 0 13 59
2145 0 13 54
1769 0 13 50
3007 0 13 47
4829 0 13 42
1421 0 13 38
1395 0 13 33
5130 0 13 29
1350 0 13 25
4285 0 13 22
1192 0 13 18
3662 0 13 13
4698 0 13 8
1360 0 13 4
3790 0 14 95
7 0 14 91
4819 0 14 85
1384 0 14 78
4710 0 14 74
2081 0 14 70
1247 0 14 66
2921 0 14 64
117 0 14 60
4490 0 14 55
1332 0 14 51
1716 0 14 46
1355 0 14 43
2362 0 14 38
1050 0 14 33
5019 0 14 29
4116 0 14 24
3642 0 14 20
4090 0 14 16
719 0 14 14
2820 0 14 10
1187 0 14 4
3328 0 15 95
4143 0 15 90
1140 0 15 87
1807 0 15 83
1767 0 15 79
2943 0 15 74
1909 0 15 70
3196 0 15 65
4104 0 15 60
3997 0 15 55
797 0 15 51
802 0 15 46
1343 0 15 43
2324 0 15 38
4938 0 15 32
4856 0 15 27
635 0 15 22
758 0 15 18
3258 0 15 13
4403 0 15 8
813 0 15 4
3300 0 16 95
3521 0 16 90
3322 0 16 86
364 0 16 83
1252 0 16 79
128 0 16 74
5161 0 16 69
1936 0 16 64
4780 0 16 58
3447 0 16 54
1370 0 16 50
2078 0 16 47
4788 0 16 42
4833 0 16 37
3815 0 16 33
4543 0 16 28
2877 0 16 25
962 0 16 22
3249 0 16 17
852 0 16 13
2959 0 16 8
79 0 16 4
1747 0 17 95
2204 0 17 90
3316 0 17 86
3097 0 17 82
4140 0 17 77
5216 0 17 72
4315 0 17 67
3569 0 17 63
2613 0 17 57
1216 0 17 53
1336 0 17 47
871 0 17 42
2534 0 17 37
1326 0 17 33
2976 0 17 28
4957 0 17 24
3077 0 17 20
5186 0 17 15
3600 0 17 8
3656 0 17 3
877 0 18 95
2134 0 18 90
2614 0 18 86
4910 0 18 81
5228 0 18 77
3263 0 18 72
3460 0 18 67
2414 0 18 63
2465 0 18 57
2110 0 18 52
3492 0 18 48
1557 0 18 44
4801 0 18 40
1087 0 18 34
3461 0 18 27
524 0 18 22
549 0 18 17
4708 0 18 11
897 0 18 8
2141 0 18 3
3341 0 19 94
4880 0 19 90
1602 0 19 86
2883 0 19 81
4953 0 19 77
1940 0 19 72
4097 0 19 66
5058 0 19 63
1195 0 19 57
1278 0 19 52
3252 0 19 47
5045 0 19 41
2656 0 19 36
1354 0 19 33
1665 0 19 28
4094 0 19 24
3928 0 19 19
1564 0 19 17
3708 0 19 11
507 0 19 7
4065 0 19 4
2601 2 0 94
3321 2 0 90
4516 2 0 85
651 2 0 78
4690 2 0 74
3361 2 0 69
1306 2 0 64
4327 2 0 58
2898 2 0 54
796 2 0 50
4821 2 0 45
5253 2 0 38
4404 2 0 32
4772 2 0 27
3450 2 0 21
2248 2 0 17
3693 2 0 11
5285 2 0 6
3810 2 0 3
2284 2 1 94
2800 2 1 90
3184 2 1 85
121 2 1 78
2924 2 1 74
2250 2 1 69
2544 2 1 63
568 2 1 57
5191 2 1 51
5247 2 1 45
4026 2 1 38
4033 2 1 32
3718 2 1 27
724 2 1 21
580 2 1 17
3186 2 1 11
3420 2 1 6
1045 2 1 3
327 2 2 94
5160 2 2 89
3926 2 2 83
948 2 2 79
4586 2 2 73
405 2 2 68
4955 2 2 62
2644 2 2 59
4514 2 2 53
960 2 2 47
4911 2 2 41
2274 2 2 36
919 2 2 33
725 2 2 28
2916 2 2 24
2637 2 2 19
1127 2 2 17
3045 2 2 11
2602 2 2 6
4343 2 2 2
5217 2 3 93
4329 2 3 89
3713 2 3 83
543 2 3 79
4520 2 3 73
3674 2 3 67
140 2 3 63
1535 2 3 56
1554 2 3 52
1080 2 3 47
4577 2 3 41
4256 2 3 35
2574 2 3 30
3966 2 3 26
4017 2 3 22
4803 2 3 16
93 2 3 14
1855 2 3 10
1049 2 3 4
4029 2 4 93
4064 2 4 89
705 2 4 83
2471 2 4 78
1093 2 4 74
1215 2 4 69
3632 2 4 62
4705 2 4 58
2747 2 4 54
4288 2 4 49
4808 2 4 45
4025 2 4 38
2769 2 4 32
3261 2 4 27
23 2 4 21
108 2 4 17
2479 2 4 11
4875 2 4 5
2462 2 6 93
2676 2 6 89
655 2 6 83
2127 2 6 78
846 2 6 74
332 2 6 69
427 2 6 62
4507 2 6 58
1567 2 6 54
753 2 6 49
2596 2 6 45
3545 2 6 38
2662 2 6 32
766 2 6 27
4414 2 6 20
3828 2 6 15
3224 2 6 8
1993 2 6 3
2236 2 7 93
5080 2 7 88
70 2 7 85
3280 2 7 77
1764 2 7 72
2539 2 7 66
2717 2 7 63
127 2 7 56
2710 2 7 51
3766 2 7 45
2143 2 7 38
981 2 7 32
492 2 7 27
3593 2 7 20
3500 2 7 15
2258 2 7 8
1568 2 7 3
1998 2 8 93
4556 2 8 88
3889 2 8 84
1539 2 8 79
3957 2 8 73
3104 2 8 67
5001 2 8 62
3919 2 8 58
378 2 8 54
2530 2 8 48
1038 2 8 44
4035 2 8 40
3625 2 8 33
59 2 8 28
1042 2 8 24
873 2 8 19
2013 2 8 15
474 2 8 8
2688 2 8 2
1690 2 10 93
4111 2 10 88
2531 2 10 84
695 2 10 79
3792 2 10 73
2571 2 10 67
3570 2 10 62
4618 2 10 57
4891 2 10 51
2011 2 10 45
2371 2 10 37
4190 2 10 32
374 2 10 27
3073 2 10 20
3141 2 10 15
4994 2 10 7
3907 2 10 4
840 2 11 93
408 2 11 88
1520 2 11 84
5277 2 11 78
236 2 11 74
3242 2 11 68
4379 2 11 62
4393 2 11 57
3470 2 11 51
1794 2 11 45
1313 2 11 37
3305 2 11 32
2761 2 11 26
1570 2 11 22
3650 2 11 16
3984 2 11 13
2478 2 11 8
1889 2 11 2
315 2 12 93
245 2 12 88
20 2 12 84
3128 2 12 78
4968 2 12 73
2486 2 12 67
3137 2 12 62
2319 2 12 57
2159 2 12 50
2549 2 12 45
4937 2 12 36
501 2 12 33
3859 2 12 27
2843 2 12 20
628 2 12 15
4642 2 12 7
2351 2 12 3
3498 2 13 92
1871 2 13 87
892 2 13 83
1227 2 13 78
1953 2 13 73
2387 2 13 67
2724 2 13 62
1707 2 13 57
5018 2 13 49
895 2 13 45
2681 2 13 36
1678 2 13 32
1190 2 13 26
4611 2 13 21
4901 2 13 16
3936 2 13 11
2848 2 13 5
3013 2 15 92
1639 2 15 87
4666 2 15 82
3204 2 15 77
1527 2 15 72
1177 2 15 66
2092 2 15 63
4702 2 15 55
5056 2 15 50
5081 2 15 44
1892 2 15 40
3065 2 15 33
4993 2 15 26
2678 2 15 21
564 2 15 16
3433 2 15 11
398 2 15 5
922 2 16 92
1450 2 16 87
3572 2 16 82
3175 2 16 77
772 2 16 72
4664 2 16 65
3645 2 16 60
3514 2 16 55
3705 2 16 50
4963 2 16 44
836 2 16 40
3006 2 16 33
3116 2 16 26
281 2 16 21
5168 2 16 15
2513 2 16 7
1485 2 16 3
3799 2 17 91
4401 2 17 85
3131 2 17 77
3915 2 17 71
4816 2 17 67
2402 2 17 62
4392 2 17 56
1369 2 17 51
5179 2 17 44
623 2 17 40
2546 2 17 33
815 2 17 26
5005 2 17 20
4726 2 17 14
1512 2 17 10
4077 2 17 3
2422 2 18 91
4364 2 18 85
1812 2 18 77
103 2 18 71
4341 2 18 67
1316 2 18 62
3977 2 18 56
932 2 18 51
5037 2 18 44
2480 2 18 39
1854 2 18 35
5237 2 18 29
1701 2 18 24
4608 2 18 18
1672 2 18 13
5187 2 18 7
393 2 18 3
1124 2 19 91
3781 2 19 85
735 2 19 77
3480 2 19 70
1358 2 19 65
3552 2 19 60
2222 2 19 55
479 2 19 50
3178 2 19 44
2210 2 19 39
261 2 19 35
5063 2 19 29
4961 2 19 23
548 2 19 17
2183 2 19 11
3072 2 19 4
554 3 0 91
3672 3 0 85
312 3 0 77
2940 3 0 70
2811 3 0 64
3917 3 0 58
2697 3 0 53
696 3 0 47
3800 3 0 41
1163 3 0 35
4092 3 0 29
1425 3 0 23
694 3 0 16
1634 3 0 11
2177 3 0 4
4980 3 1 90
2938 3 1 85
113 3 1 77
2526 3 1 70
2441 3 1 64
3666 3 1 58
2244 3 1 53
3663 3 1 46
4720 3 1 42
1237 3 1 37
1625 3 1 32
1095 3 1 26
1760 3 1 20
1992 3 1 14
1276 3 1 10
3644 3 1 3
4921 3 2 90
1325 3 2 85
4684 3 2 76
5155 3 2 71
2356 3 2 67
431 3 2 61
2986 3 2 57
1776 3 2 49
444 3 2 45
2354 3 2 36
856 3 2 32
417 3 2 26
1103 3 2 20
1372 3 2 14
1233 3 2 10
3540 3 2 3
3028 3 3 90
574 3 3 85
4067 3 3 76
4027 3 3 71
1107 3 3 67
4363 3 3 60
5159 3 3 54
1668 3 3 48
5276 3 3 43
2152 3 3 38
265 3 3 32
3421 3 3 25
624 3 3 21
2162 3 3 15
994 3 3 7
3126 3 3 2
2720 3 4 90
2616 3 4 84
62 3 4 78
4578 3 4 72
2047 3 4 65
1652 3 4 60
3477 3 4 54
1091 3 4 48
5107 3 4 43
2106 3 4 38
2962 3 4 31
512 3 4 28
3303 3 4 23
4242 3 4 15
3916 3 4 6
2367 3 4 2
2646 3 6 90
2501 3 6 84
2847 3 6 77
1977 3 6 70
998 3 6 64
3210 3 6 58
2007 3 6 53
2489 3 6 46
4864 3 6 41
452 3 6 35
3825 3 6 29
4335 3 6 22
4793 3 6 15
3602 3 6 6
1378 3 6 2
490 3 7 90
3614 3 7 83
1169 3 7 78
3271 3 7 72
4828 3 7 64
3099 3 7 58
404 3 7 53
5092 3 7 45
5044 3 7 35
2890 3 7 29
3640 3 7 22
4530 3 7 15
2023 3 7 6
1094 3 7 2
4522 3 8 89
4115 3 8 82
489 3 8 77
1964 3 8 70
4739 3 8 63
3961 3 8 55
4676 3 8 49
150 3 8 45
2507 3 8 35
4086 3 8 28
1565 3 8 23
4188 3 8 15
1577 3 8 6
4266 3 8 1
2891 3 10 89
3156 3 10 82
5171 3 10 76
2285 3 10 71
4112 3 10 66
3949 3 10 62
3929 3 10 56
1781 3 10 50
1813 3 10 44
1448 3 10 39
3574 3 10 34
522 3 10 27
2540 3 10 20
3442 3 10 13
3595 3 10 7
2997 3 10 2
2135 3 11 89
3048 3 11 82
3510 3 11 76
1173 3 11 71
1914 3 11 66
2262 3 11 62
3653 3 11 56
1503 3 11 50
85 3 11 44
15 3 11 39
3247 3 11 34
4947 3 11 26
882 3 11 20
3089 3 11 13
2895 3 11 7
710 3 11 2
2268 3 12 88
4398 3 12 83
4960 3 12 77
1800 3 12 70
4333 3 12 63
2307 3 12 55
3617 3 12 49
4485 3 12 44
3619 3 12 38
1483 3 12 31
446 3 12 28
233 3 12 23
3990 3 12 15
1304 3 12 6
3678 3 12 1
2982 3 13 87
2069 3 13 82
2548 3 13 76
837 3 13 71
4922 3 13 65
1400 3 13 60
3225 3 13 54
909 3 13 48
4198 3 13 43
1465 3 13 38
1141 3 13 31
5219 3 13 26
804 3 13 20
2831 3 13 13
851 3 13 7
538 3 13 2
1883 3 15 87
1086 3 15 82
592 3 15 76
3742 3 15 70
1762 3 15 63
2104 3 15 55
3583 3 15 49
3971 3 15 44
4636 3 15 37
662 3 15 32
4624 3 15 24
3883 3 15 18
1632 3 15 13
4824 3 15 6
3636 3 15 1
1068 3 16 87
1460 3 16 81
4800 3 16 77
790 3 16 70
263 3 16 63
4761 3 16 54
5170 3 16 47
3481 3 16 41
1228 3 16 34
2983 3 16 26
5264 3 16 19
1525 3 16 15
834 3 16 6
3449 3 16 1
458 3 17 87
1029 3 17 81
1468 3 17 77
4912 3 17 69
3769 3 17 61
2605 3 17 57
1912 3 17 48
1728 3 17 43
1932 3 17 37
434 3 17 32
4431 3 17 24
3564 3 17 18
818 3 17 13
2634 3 17 6
3096 3 18 86
1880 3 18 81
5132 3 18 76
1902 3 18 70
95 3 18 63
3278 3 18 54
4555 3 18 47
1297 3 18 41
125 3 18 34
1686 3 18 26
5096 3 18 19
470 3 18 15
4287 3 18 5
690 3 19 86
402 3 19 81
4022 3 19 76
1082 3 19 70
3711 3 19 62
3611 3 19 56
1245 3 19 50
5169 3 19 43
1592 3 19 37
4853 3 19 31
2036 3 19 26
4876 3 19 19
100 3 19 15
3504 3 19 5
4623 4 4 85
3522 4 4 76
677 4 4 70
2455 4 4 62
2944 4 4 56
3676 4 4 49
3620 4 4 44
558 4 4 37
4747 4 4 31
1039 4 4 26
4735 4 4 19
4332 4 4 14
3779 4 4 9
2809 4 4 4
4671 4 6 84
1945 4 6 77
4830 4 6 69
3624 4 6 61
2125 4 6 57
1844 4 6 48
1466 4 6 43
467 4 6 37
1842 4 6 31
4644 4 6 25
3312 4 6 20
1687 4 6 13
1084 4 6 6
2020 4 10 84
1500 4 10 77
3565 4 10 69
3267 4 10 61
4128 4 10 56
3590 4 10 49
2447 4 10 44
2666 4 10 36
4687 4 10 31
2349 4 10 25
1584 4 10 20
4694 4 10 12
1916 4 10 8
1376 4 10 2
5083 4 15 83
4267 4 15 77
3350 4 15 69
4696 4 15 60
2102 4 15 54
3814 4 15 47
56 4 15 41
3797 4 15 33
4815 4 15 25
1105 4 15 20
4340 4 15 12
333 4 15 8
935 4 15 2
3439 5 0 83
3704 5 0 77
2663 5 0 69
3489 5 0 60
169 5 0 54
3497 5 0 47
18 5 0 41
1410 5 0 33
3211 5 0 25
5060 5 0 19
2583 5 0 14
3036 5 0 9
2749 5 0 4
1546 5 1 83
3149 5 1 77
2464 5 1 69
3235 5 1 60
4870 5 1 53
4118 5 1 45
2467 5 1 35
2311 5 1 28
5211 5 1 22
3731 5 1 15
2240 5 1 5
2788 5 2 82
4471 5 2 75
2950 5 2 71
3754 5 2 65
610 5 2 60
4776 5 2 53
3601 5 2 45
1849 5 2 35
2176 5 2 28
3226 5 2 22
3610 5 2 15
759 5 2 5
2277 5 6 82
2525 5 6 75
1189 5 6 71
4907 5 6 64
2773 5 6 58
2297 5 6 52
4650 5 6 46
1417 5 6 41
1132 5 6 33
2896 5 6 25
3105 5 6 19
819 5 6 14
2542 5 6 8
138 5 6 2
654 5 8 82
1640 5 8 75
4159 5 8 70
1302 5 8 62
2059 5 8 56
3551 5 8 49
1782 5 8 44
4765 5 8 35
1823 5 8 28
2410 5 8 21
1972 5 8 15
168 5 8 5
118 5 10 82
4368 5 10 74
1660 5 10 68
3829 5 10 62
1770 5 10 56
2721 5 10 49
1706 5 10 44
4475 5 10 35
956 5 10 28
2168 5 10 21
1603 5 10 15
2566 5 10 4
915 5 12 81
3458 5 12 76
4905 5 12 69
2022 5 12 60
3860 5 12 53
2777 5 12 45
2545 5 12 34
1126 5 12 26
4440 5 12 19
511 5 12 14
2085 5 12 8
4706 5 12 1
412 5 13 79
4486 5 13 72
4647 5 13 64
2718 5 13 58
1960 5 13 52
3402 5 13 46
653 5 13 41
4155 5 13 32
473 5 13 24
3173 5 13 18
4674 5 13 12
5224 5 13 7
3 5 13 2
4753 5 15 78
3148 5 15 72
3251 5 15 64
658 5 15 58
1605 5 15 52
2863 5 15 46
64 5 15 41
3798 5 15 32
3865 5 15 23
3220 5 15 15
1542 5 15 4
1351 5 17 77
2256 5 17 69
682 5 17 60
1793 5 17 53
1299 5 17 45
603 5 17 34
4734 5 17 25
613 5 17 19
4328 5 17 13
847 5 17 6
471 5 18 75
3657 5 18 70
899 5 18 62
646 5 18 56
2146 5 18 49
4942 5 18 43
448 5 18 37
1285 5 18 31
1516 5 18 25
392 5 18 19
967 5 18 13
842 5 18 5
420 5 19 75
3359 5 19 70
591 5 19 62
2689 5 19 55
921 5 19 49
4098 5 19 43
4241 5 19 36
2394 5 19 31
4964 5 19 24
2423 5 19 18
3465 5 19 12
4489 5 19 7
2294 5 19 1
3496 6 0 73
920 6 0 67
3530 6 0 60
970 6 0 53
911 6 0 45
3550 6 0 33
2497 6 0 25
4991 6 0 18
2610 6 0 12
4441 6 0 7
1131 6 0 1
4898 6 1 68
3529 6 1 62
3979 6 1 54
2922 6 1 47
2935 6 1 40
1891 6 1 33
255 6 1 25
4255 6 1 18
4337 6 1 11
1379 6 1 4
4452 6 2 68
2961 6 2 62
3238 6 2 54
1255 6 2 47
2332 6 2 40
486 6 2 33
4519 6 2 24
1708 6 2 18
2281 6 2 11
4501 6 2 3
1673 6 3 66
3082 6 3 61
3783 6 3 56
1160 6 3 49
3774 6 3 43
229 6 3 36
661 6 3 31
1583 6 3 24
1692 6 3 18
1499 6 3 11
1952 6 3 3
302 6 4 66
2915 6 4 61
3586 6 4 56
149 6 4 49
3343 6 4 43
5189 6 4 35
209 6 4 28
480 6 4 21
3118 6 4 14
5291 6 4 7
487 6 4 1
1978 6 6 65
329 6 6 60
639 6 6 53
620 6 6 45
1046 6 6 33
3378 6 6 24
215 6 6 18
1041 6 6 11
1943 6 6 3
4799 6 8 64
34 6 8 58
1469 6 8 52
2851 6 8 46
3143 6 8 40
5074 6 8 32
2957 6 8 23
2671 6 8 15
4663 6 8 3
1675 6 10 62
2732 6 10 54
343 6 10 47
82 6 10 40
4745 6 10 32
2620 6 10 23
5015 6 10 14
3807 6 10 7
387 6 10 1
397 6 12 5
2608 6 13 97
4399 6 13 92
1609 6 13 86
5094 6 13 80
4036 6 13 75
1834 6 13 70
465 6 13 62
2197 6 13 54
4442 6 13 46
778 6 13 40
1562 6 13 32
2460 6 13 23
4151 6 13 14
3507 6 13 7
217 6 13 1
3494 6 15 96
3130 6 15 89
2048 6 15 82
3326 6 15 74
4004 6 15 67
1113 6 15 60
4740 6 15 52
2179 6 15 46
4427 6 15 39
1272 6 15 34
3339 6 15 25
3951 6 15 18
923 6 15 11
1915 6 15 3
1408 6 17 96
2521 6 17 89
1786 6 17 82
1772 6 17 74
2505 6 17 67
530 6 17 60
4154 6 17 52
1751 6 17 46
3373 6 17 39
1222 6 17 34
3169 6 17 25
3068 6 17 18
5238 6 17 10
3523 6 17 3
1329 6 18 96
2086 6 18 89
5270 6 18 81
721 6 18 76
4763 6 18 69
4428 6 18 59
3246 6 18 53
435 6 18 45
437 6 18 33
1753 6 18 24
1649 6 18 17
4181 6 18 10
3453 6 18 3
2299 6 19 95
1373 6 19 90
2623 6 19 83
2494 6 19 77
2040 6 19 69
3871 6 19 59
2888 6 19 53
4420 6 19 44
4298 6 19 35
4778 6 19 27
2325 6 19 20
3542 6 19 12
2437 6 19 7
2017 7 17 95
162 7 17 90
1935 7 17 83
1013 7 17 77
1942 7 17 69
3628 7 17 59
2693 7 17 53
2496 7 17 44
3482 7 17 34
3144 7 17 25
2018 7 17 18
5010 7 17 10
3380 7 17 3
2971 8 1 94
5050 8 1 89
5123 8 1 81
4309 8 1 75
4754 8 1 69
3014 8 1 59
5124 8 1 52
633 8 1 46
3070 8 1 39
4506 8 1 33
966 8 1 24
239 8 1 17
2808 8 1 10
3151 8 1 3
2694 8 3 94
3707 8 3 89
3973 8 3 81
826 8 3 75
4432 8 3 69
2537 8 3 59
3887 8 3 52
1300 8 3 45
375 8 3 33
5301 8 3 23
1600 8 3 14
3285 8 3 7
2369 8 4 94
2172 8 4 89
2810 8 4 81
3046 8 4 74
972 8 4 67
5052 8 4 59
29 8 4 52
12 8 4 45
4885 8 4 32
2434 8 4 23
5205 8 4 13
670 8 4 5
5104 8 6 93
4823 8 6 87
3902 8 6 80
4009 8 6 75
4102 8 6 69
1382 8 6 59
5025 8 6 51
5028 8 6 44
4984 8 6 33
5202 8 6 23
1273 8 6 13
2892 8 6 4
4792 8 8 93
3730 8 8 87
1894 8 8 80
2744 8 8 75
2569 8 8 69
4831 8 8 58
984 8 8 52
5039 8 8 44
4877 8 8 33
4682 8 8 23
925 8 8 13
2514 8 8 4
4146 8 10 93
2948 8 10 87
1830 8 10 80
2683 8 10 75
347 8 10 69
4479 8 10 58
857 8 10 52
5006 8 10 44
2428 8 10 33
3893 8 10 23
825 8 10 12
1070 8 10 7
3513 8 12 93
2768 8 12 87
5041 8 12 79
3306 8 12 72
3079 8 12 64
5242 8 12 57
1711 8 12 48
1426 8 12 43
4883 8 12 35
3536 8 12 27
529 8 12 20
3244 8 12 12
3147 8 12 6
2972 8 14 93
3782 8 14 86
3353 8 14 80
2474 8 14 75
2822 8 14 68
2312 8 14 62
1637 8 14 54
3765 8 14 46
2871 8 14 39
3430 8 14 33
2842 8 14 23
743 8 14 12
1104 8 14 6
2120 9 1 93
2581 9 1 86
1732 9 1 80
1280 9 1 75
4852 9 1 67
2575 9 1 59
4900 9 1 51
4978 9 1 44
2089 9 1 33
2641 9 1 23
508 9 1 12
426 9 1 6
2083 9 4 93
2167 9 4 86
4007 9 4 79
2577 9 4 72
2220 9 4 64
5071 9 4 57
5067 9 4 47
5222 9 4 38
291 9 4 31
4583 9 4 23
2 9 4 12
4330 9 4 5
5027 9 6 92
1044 9 6 86
2804 9 6 79
4373 9 6 71
4413 9 6 64
2754 9 6 57
2975 9 6 47
4148 9 6 38
5257 9 6 30
2517 9 6 26
3471 9 6 19
5033 9 6 12
3136 9 6 5
3474 9 8 92
656 9 8 86
2493 9 8 79
4305 9 8 71
2278 9 8 64
1930 9 8 57
1904 9 8 47
3362 9 8 38
4748 9 8 30
1657 9 8 26
3383 9 8 19
4715 9 8 12
736 9 8 5
2598 9 9 92
163 9 9 86
2165 9 9 79
2918 9 9 71
1368 9 9 64
1385 9 9 57
1439 9 9 47
2955 9 9 38
4532 9 9 30
1579 9 9 26
1931 9 9 19
2946 9 9 12
4295 9 9 4
1852 9 10 92
5229 9 10 85
3314 9 10 76
2590 9 10 69
3757 9 10 58
4755 9 10 51
4887 9 10 44
2009 9 10 33
1063 9 10 23
3406 9 10 11
1009 9 10 3
1757 9 12 92
4807 9 12 85
3281 9 12 76
4602 9 12 68
2230 9 12 62
673 9 12 54
2588 9 12 46
2232 9 12 39
2850 9 12 33
924 9 12 23
1459 9 12 11
399 9 12 3
1486 9 14 92
4688 9 14 85
2242 9 14 76
4289 9 14 68
2157 9 14 62
3891 9 14 53
2050 9 14 44
1792 9 14 33
918 9 14 23
3025 9 14 10
307 9 14 3
1414 9 15 92
3804 9 15 85
376 9 15 76
2844 9 15 68
4318 9 15 61
2390 9 15 56
2759 9 15 48
4658 9 15 42
4048 9 15 36
195 9 15 31
3772 9 15 23
4409 9 15 9
1802 9 15 4
824 9 16 92
3296 9 16 85
3232 9 16 75
4588 9 16 67
5281 9 16 58
3968 9 16 51
4832 9 16 44
238 9 16 33
30 9 16 23
3559 9 16 9
1547 9 16 4
4179 9 17 91
3259 9 17 85
216 9 17 75
3618 9 17 67
5011 9 17 58
3123 9 17 51
3683 9 17 44
5232 9 17 32
2094 9 17 23
1293 9 17 9
1159 9 17 4
2797 9 18 91
2866 9 18 85
3703 9 18 74
19 9 18 67
4016 9 18 58
1685 9 18 51
3643 9 18 44
344 9 18 32
1908 9 18 23
1175 9 18 9
5034 9 18 3
288 9 19 91
2084 9 19 85
1331 9 19 74
4822 9 19 66
2561 9 19 61
1862 9 19 56
2730 9 19 48
4417 9 19 42
3816 9 19 36
3659 9 19 30
4613 9 19 25
1946 9 19 18
4412 9 19 10
5185 9 19 2
3412 10 1 90
1018 10 1 83
775 10 1 77
765 10 1 69
3751 10 1 58
1156 10 1 51
3111 10 1 44
4758 10 1 31
3505 10 1 23
3417 10 1 8
4584 10 1 1
1643 10 2 90
3398 10 2 82
351 10 2 74
3716 10 2 66
1390 10 2 61
688 10 2 56
1666 10 2 48
4061 10 2 42
1648 10 2 36
2743 10 2 30
2912 10 2 25
1428 10 2 18
4249 10 2 10
3723 10 2 2
1108 10 3 90
3191 10 3 82
5135 10 3 73
3741 10 3 66
230 10 3 61
4376 10 3 55
182 10 3 49
2028 10 3 43
4796 10 3 35
3338 10 3 27
4949 10 3 19
2400 10 3 12
3622 10 3 4
959 10 4 90
1474 10 4 82
2440 10 4 73
3515 10 4 66
5254 10 4 60
4024 10 4 52
4233 10 4 44
2587 10 4 31
3113 10 4 23
3415 10 4 8
2429 10 4 1
917 10 6 90
4272 10 6 81
2366 10 6 74
2559 10 6 66
2101 10 6 60
3862 10 6 52
2560 10 6 44
1851 10 6 29
3428 10 6 22
2669 10 6 15
4551 10 6 3
832 10 12 90
3385 10 12 80
4209 10 12 74
2310 10 12 66
1295 10 12 60
3852 10 12 52
2506 10 12 44
1816 10 12 29
3053 10 12 22
4879 10 12 14
1846 10 12 7
5279 10 19 89
2389 10 19 81
2226 10 19 74
4386 10 19 65
266 10 19 60
1903 10 19 52
2306 10 19 44
3095 10 19 27
4367 10 19 19
1691 10 19 12
2512 10 19 4
4741 11 1 89
1586 11 1 81
934 11 1 74
2327 11 1 65
5116 11 1 59
3010 11 1 51
2956 11 1 44
2885 11 1 26
1543 11 1 19
944 11 1 12
1826 11 1 4
667 11 2 89
1545 11 2 81
5162 11 2 73
2370 11 2 66
533 11 2 60
1661 11 2 52
1191 11 2 44
652 11 2 26
342 11 2 19
4999 11 2 11
340 11 2 3
542 11 3 89
4759 11 3 80
3266 11 3 74
1715 11 3 65
4196 11 3 59
2301 11 3 51
1890 11 3 44
2443 11 3 25
983 11 3 18
3298 11 3 10
1418 11 3 2
3939 11 4 88
1651 11 4 83
4246 11 4 76
2812 11 4 68
3855 11 4 61
3132 11 4 55
4925 11 4 48
3983 11 4 42
4605 11 4 35
2913 11 4 27
2466 11 4 19
3562 11 4 11
4488 11 4 1
1365 11 6 88
595 11 6 83
4001 11 6 76
2255 11 6 68
2650 11 6 61
664 11 6 55
4529 11 6 48
2903 11 6 42
3808 11 6 35
1444 11 6 27
5008 11 6 18
2934 11 6 10
192 11 6 2
692 11 7 88
3527 11 7 82
1633 11 7 73
2178 11 7 66
4312 11 7 59
985 11 7 51
1835 11 7 44
1248 11 7 25
410 11 7 18
1619 11 7 10
5176 11 7 1
461 11 9 88
1446 11 9 82
1616 11 9 73
1635 11 9 66
3516 11 9 59
419 11 9 51
1731 11 9 44
2635 11 9 24
198 11 9 17
2108 11 9 10
5149 11 9 1
3320 11 12 87
4528 11 12 79
1882 11 12 71
3944 11 12 63
3648 11 12 53
1996 11 12 44
289 11 12 24
137 11 12 17
1505 11 12 10
4677 11 12 1
68 11 14 87
3735 11 14 79
1327 11 14 71
2739 11 14 63
1808 11 14 53
1873 11 14 44
4606 11 14 23
1528 11 14 8
1490 11 14 1
5148 11 16 86
1551 11 16 79
4462 11 16 70
114 11 16 62
2170 11 16 53
1742 11 16 44
1493 11 16 23
4430 11 16 7
4296 11 17 86
330 11 17 79
4088 11 17 70
4906 11 17 61
4564 11 17 54
1461 11 17 46
884 11 17 39
1386 11 17 33
3122 11 17 22
4695 11 17 14
4770 11 17 6
2965 11 18 86
2433 11 18 78
2936 11 18 72
1664 11 18 64
1301 11 18 57
515 11 18 47
2780 11 18 38
3872 11 18 30
2902 11 18 25
3796 11 18 17
773 11 18 10
3895 11 18 1
2751 11 19 85
3894 11 19 73
4775 11 19 65
3390 11 19 59
4895 11 19 50
4282 11 19 43
3217 11 19 35
317 11 19 27
4579 11 19 18
132 11 19 10
1473 11 19 1
1821 12 4 85
2833 12 4 73
4640 12 4 65
3239 12 4 59
4388 12 4 50
2245 12 4 43
535 12 4 35
3376 12 4 26
4631 12 4 18
5131 12 4 9
4840 12 4 3
5178 12 6 84
1015 12 6 77
259 12 6 69
3354 12 6 58
346 12 6 51
4526 12 6 43
3189 12 6 34
2627 12 6 25
3365 12 6 17
2484 12 6 9
2736 12 6 3
1334 12 7 84
2246 12 7 76
1361 12 7 68
2257 12 7 61
2295 12 7 54
1001 12 7 46
4382 12 7 38
2612 12 7 30
4390 12 7 24
5017 12 7 16
862 12 7 11
3924 12 7 1
1281 12 9 84
1868 12 9 76
1065 12 9 68
2115 12 9 61
2195 12 9 54
226 12 9 46
3463 12 9 38
2345 12 9 30
4201 12 9 24
3591 12 9 16
293 12 9 11
3355 12 9 1
109 12 12 82
1348 12 12 73
3993 12 12 65
2322 12 12 59
2927 12 12 50
1787 12 12 43
1841 12 12 34
590 12 12 25
3290 12 12 17
2456 12 12 9
2383 12 12 3
1558 12 14 75
3413 12 14 67
3980 12 14 58
111 12 14 51
4197 12 14 43
1839 12 14 34
4408 12 14 24
799 12 14 16
3124 12 14 10
218 12 14 1
1321 13 0 75
2860 13 0 67
3714 13 0 58
4651 13 0 50
750 13 0 43
883 13 0 34
3512 13 0 24
5086 13 0 15
4607 13 0 2
4229 13 1 72
1100 13 1 64
940 13 1 57
4659 13 1 46
2499 13 1 38
2015 13 1 30
1267 13 1 24
3317 13 1 15
3502 13 1 2
3230 13 2 67
3451 13 2 58
4223 13 2 50
186 13 2 43
739 13 2 34
2010 13 2 24
1962 13 2 15
2858 13 2 2
1798 13 3 63
1139 13 3 53
4483 13 3 43
202 13 3 34
706 13 3 24
855 13 3 15
5082 13 3 1
831 13 4 97
2558 13 4 92
2699 13 4 85
2814 13 4 73
3152 13 4 65
643 13 4 59
1796 13 4 50
5298 13 4 42
3668 13 4 35
3155 13 4 26
4374 13 4 18
5118 13 4 9
1859 13 4 3
4046 13 6 96
1867 13 6 89
3389 13 6 80
596 13 6 74
849 13 6 65
547 13 6 59
4322 13 6 49
823 13 6 43
4777 13 6 33
1074 13 6 22
3998 13 6 14
2348 13 6 6
3434 13 7 95
4162 13 7 89
3360 13 7 80
4301 13 7 73
1289 13 7 65
77 13 7 59
2579 13 7 49
488 13 7 43
4536 13 7 33
4182 13 7 21
1944 13 7 14
1196 13 7 6
3351 13 9 95
4130 13 9 89
2859 13 9 80
3724 13 9 73
1288 13 9 65
3219 13 9 58
3888 13 9 50
2685 13 9 42
3034 13 9 35
5278 13 9 25
1008 13 9 17
1717 13 9 9
1035 13 9 3
4323 13 10 94
299 13 10 89
1311 13 10 80
1569 13 10 73
5023 13 10 64
257 13 10 57
3965 13 10 46
2272 13 10 38
1235 13 10 30
416 13 10 24
4908 13 10 14
5138 13 10 5
3323 13 12 94
2374 13 12 88
631 13 12 82
4813 13 12 72
379 13 12 64
4859 13 12 56
445 13 12 48
4572 13 12 41
1843 13 12 32
87 13 12 23
1419 13 12 7
650 13 14 94
1221 13 14 88
5122 13 14 81
2776 13 14 73
3785 13 14 64
4194 13 14 56
3681 13 14 47
2636 13 14 38
4480 13 14 28
5226 13 14 20
2897 13 14 12
5125 13 14 3
225 13 15 94
805 13 15 88
4268 13 15 81
2651 13 15 73
3582 13 15 64
3976 13 15 56
2864 13 15 47
1710 13 15 38
4134 13 15 28
3571 13 15 20
4381 13 15 11
2905 13 15 1
4704 13 16 93
2024 13 16 86
2029 13 16 78
1698 13 16 72
3912 13 16 63
4979 13 16 52
502 13 16 44
784 13 16 18
3568 13 16 9
4369 13 16 2
3253 13 17 93
929 13 17 86
1881 13 17 78
987 13 17 72
2269 13 17 63
3806 13 17 52
184 13 17 44
1391 13 17 16
2340 13 17 10
115 13 17 1
1669 13 18 93
328 13 18 86
1559 13 18 78
4790 13 18 71
2728 13 18 63
3372 13 18 52
3641 13 18 43
3547 13 18 33
763 13 18 21
1825 13 18 14
4173 13 18 5
1318 13 19 93
4326 13 19 85
3740 13 19 72
1815 13 19 63
2875 13 19 52
1929 13 19 43
3026 13 19 33
5113 13 19 20
4021 13 19 11
2398 13 19 1
4928 14 0 92
2595 14 0 85
4641 14 0 71
2519 14 0 63
1885 14 0 52
1467 14 0 43
1053 14 0 33
3750 14 0 20
3836 14 0 11
1388 14 0 1
4915 14 6 92
2112 14 6 85
2184 14 6 71
1888 14 6 63
4619 14 6 51
2778 14 6 43
777 14 6 33
752 14 6 20
3809 14 6 11
822 14 6 1
4587 14 7 92
1659 14 7 85
4680 14 7 70
1431 14 7 61
1968 14 7 54
4150 14 7 45
1957 14 7 32
27 14 7 23
126 14 7 7
4580 14 9 92
1498 14 9 85
4237 14 9 70
3538 14 9 60
443 14 9 52
618 14 9 43
601 14 9 33
3606 14 9 19
3416 14 9 11
4032 14 9 2
4527 14 10 92
898 14 10 85
751 14 10 70
3248 14 10 60
44 14 10 52
338 14 10 43
3734 14 10 32
4261 14 10 22
3863 14 10 14
1779 14 10 5
4433 14 12 92
4541 14 12 84
1396 14 12 76
657 14 12 68
1263 14 12 61
4037 14 12 53
2261 14 12 43
514 14 12 32
2401 14 12 21
439 14 12 14
3221 14 12 4
3558 14 14 92
3813 14 14 84
41 14 14 76
326 14 14 67
3370 14 14 58
3670 14 14 50
539 14 14 42
3952 14 14 34
528 14 14 24
2698 14 14 14
2582 14 14 4
1416 14 15 92
2432 14 15 84
3150 14 15 75
2071 14 15 67
3023 14 15 58
3579 14 15 50
5308 14 15 41
589 14 15 32
4232 14 15 20
1491 14 15 11
3236 14 15 2
223 14 16 92
268 14 16 84
2752 14 16 75
672 14 16 67
1630 14 16 58
3418 14 16 50
5234 14 16 41
2932 14 16 31
2448 14 16 23
4020 14 16 5
80 14 17 91
1694 14 17 85
3107 14 17 68
573 14 17 61
3487 14 17 53
228 14 17 43
2418 14 17 31
2201 14 17 23
2347 14 17 5
4477 14 18 90
2359 14 18 80
1553 14 18 73
2388 14 18 64
1225 14 18 56
2615 14 18 47
1658 14 18 38
3022 14 18 28
2241 14 18 20
638 14 18 11
423 14 18 2
1357 14 19 90
913 14 19 79
3059 14 19 70
2214 14 19 60
3728 14 19 51
2229 14 19 43
5142 14 19 30
4377 14 19 23
4560 14 19 4
1111 15 0 90
4959 15 0 78
4051 15 0 71
246 15 0 63
1817 15 0 51
5042 15 0 42
2840 15 0 34
3960 15 0 23
4254 15 0 4
4178 15 2 89
3167 15 2 79
2138 15 2 70
2091 15 2 60
414 15 2 51
3803 15 2 42
1865 15 2 34
3627 15 2 23
1024 15 2 2
3709 15 3 89
1377 15 3 79
1949 15 3 70
1286 15 3 60
3049 15 3 50
4681 15 3 41
2709 15 3 31
1072 15 3 23
3009 15 3 14
2189 15 3 4
2908 15 4 89
814 15 4 79
869 15 4 70
3801 15 4 59
937 15 4 49
3588 15 4 42
5293 15 4 33
1749 15 4 19
1197 15 4 11
2974 15 4 1
1515 15 6 89
4693 15 6 78
3843 15 6 71
4353 15 6 62
1144 15 6 53
4986 15 6 42
4857 15 6 33
4988 15 6 18
3015 15 6 9
2682 15 6 1
3001 15 7 88
1054 15 7 81
2288 15 7 73
314 15 7 64
4744 15 7 55
988 15 7 48
4040 15 7 41
1484 15 7 31
123 15 7 23
1130 15 7 14
153 15 7 4
950 15 12 88
463 15 12 81
1282 15 12 73
4952 15 12 63
1667 15 12 51
3691 15 12 42
3897 15 12 33
1824 15 12 18
2929 15 12 9
2131 15 12 1
546 16 0 88
4794 16 0 80
334 16 0 73
4707 16 0 63
681 16 0 51
1328 16 0 42
1829 16 0 33
1399 16 0 18
1917 16 0 9
1476 16 0 1
413 16 2 88
3838 16 2 80
197 16 2 73
3658 16 2 63
4057 16 2 50
2665 16 2 41
740 16 2 31
3869 16 2 22
5040 16 2 13
1596 16 2 4
1303 16 3 87
2320 16 3 79
1532 16 3 69
4505 16 3 57
3307 16 3 46
4645 16 3 37
5065 16 3 30
4220 16 3 23
4635 16 3 13
1482 16 3 4
737 16 7 87
2149 16 7 79
4909 16 7 66
3102 16 7 59
1115 16 7 48
3827 16 7 41
3870 16 7 30
468 16 7 23
2511 16 7 13
4185 16 7 3
4031 16 8 86
1292 16 8 77
4492 16 8 68
4782 16 8 60
3004 16 8 50
894 16 8 41
1451 16 8 30
4422 16 8 22
4779 16 8 12
5022 16 8 3
3363 16 9 86
505 16 9 77
4976 16 9 67
3395 16 9 57
2238 16 9 46
4214 16 9 37
2087 16 9 30
2037 16 9 22
3032 16 9 12
4275 16 9 3
1913 16 10 86
5284 16 10 76
4836 16 10 66
2173 16 10 59
4678 16 10 47
4716 16 10 37
3673 16 10 29
1780 16 10 22
2459 16 10 12
4005 16 10 3
586 16 12 86
3958 16 12 76
1232 16 12 66
4149 16 12 58
3233 16 12 50
562 16 12 41
1089 16 12 30
1002 16 12 22
2174 16 12 12
3900 16 12 3
164 16 13 86
1933 16 13 76
4370 16 13 65
1157 16 13 58
3081 16 13 50
5287 16 13 40
4567 16 13 31
3603 16 13 22
1269 16 13 12
3623 16 13 3
1291 16 14 85
703 16 14 67
3183 16 14 57
4161 16 14 45
1432 16 14 32
4011 16 14 20
116 16 14 11
1176 16 15 85
280 16 15 67
1031 16 15 57
3914 16 15 45
4455 16 15 31
3519 16 15 22
2142 16 15 11
1394 16 16 84
4443 16 16 74
365 16 16 65
893 16 16 58
2607 16 16 50
5220 16 16 40
1004 16 16 31
3153 16 16 22
569 16 16 11
3934 16 17 83
1976 16 17 76
876 16 17 65
4056 16 17 57
4686 16 17 44
11 16 17 15
4896 16 17 1
1172 16 18 83
947 16 18 76
693 16 18 65
3946 16 18 57
4566 16 18 44
3066 16 18 9
3787 16 19 82
2504 16 19 72
812 16 19 63
3121 16 19 49
798 16 19 42
3170 16 19 32
2899 16 19 20
65 16 19 11
945 17 0 82
1700 17 0 72
4542 17 0 62
390 17 0 53
3791 17 0 42
1218 17 0 32
2425 17 0 20
4863 17 0 10
787 17 2 82
178 17 2 72
3176 17 2 62
303 17 2 53
3047 17 2 42
5089 17 2 31
2039 17 2 22
201 17 2 10
361 17 3 80
181 17 3 73
2553 17 3 63
565 17 3 49
3802 17 3 41
5144 17 3 29
4537 17 3 21
301 17 3 14
4728 17 3 3
52 17 5 80
3517 17 5 72
2868 17 5 62
3478 17 5 52
58 17 5 43
3495 17 5 30
5152 17 5 21
234 17 5 14
4344 17 5 3
2624 17 7 79
3411 17 7 66
3410 17 7 58
4657 17 7 49
3269 17 7 41
4935 17 7 29
582 17 7 21
4482 17 7 13
754 17 7 2
727 17 8 76
5236 17 8 64
4222 17 8 55
829 17 8 48
3679 17 8 41
4284 17 8 29
503 17 8 21
4052 17 8 13
53 17 8 2
3931 17 9 75
185 17 9 67
4945 17 9 56
2353 17 9 47
4525 17 9 37
3548 17 9 29
5076 17 9 19
770 17 9 11
4465 17 10 68
4569 17 10 60
2619 17 10 50
4260 17 10 40
887 17 10 31
2014 17 10 22
4257 17 10 9
4089 17 12 63
2653 17 12 48
4862 17 12 40
791 17 12 31
1117 17 12 22
4849 17 12 8
406 17 13 95
1937 17 13 89
4496 17 13 78
1423 17 13 71
363 17 13 62
3164 17 13 52
4609 17 13 42
4045 17 13 31
602 17 13 22
3974 17 13 8
42 17 14 95
1254 17 14 89
4049 17 14 78
4563 17 14 70
519 17 14 59
494 17 14 47
4231 17 14 37
3473 17 14 29
5020 17 14 19
207 17 14 11
2378 17 15 94
430 17 15 88
3276 17 15 80
3297 17 15 72
6 17 15 62
2987 17 15 52
4732 17 15 41
1804 17 15 29
4814 17 15 19
2331 17 15 10
2219 17 16 93
3387 17 16 85
4714 17 16 66
2617 17 16 57
3286 17 16 44
4100 17 16 4
4491 17 17 92
4767 17 17 83
745 17 17 76
4590 17 17 64
3581 17 17 55
5309 17 17 47
3325 17 17 37
3085 17 17 29
3567 17 17 19
2051 17 17 10
4091 17 18 92
2658 17 18 83
4727 17 18 75
1615 17 18 66
2000 17 18 57
2098 17 18 44
2155 17 18 30
3715 17 18 21
2857 17 18 13
3835 17 18 1
3778 17 19 92
2072 17 19 83
4497 17 19 75
4878 17 19 65
971 17 19 57
1472 17 19 44
1135 17 19 30
3125 17 19 20
1783 17 19 10
2119 18 0 92
1799 18 0 83
3279 18 0 75
2633 18 0 65
4421 18 0 56
850 18 0 47
2985 18 0 37
3067 18 0 29
3520 18 0 19
566 18 0 10
1741 18 2 92
526 18 2 83
2502 18 2 75
1178 18 2 65
3422 18 2 56
5014 18 2 46
2221 18 2 37
584 18 2 29
3103 18 2 19
440 18 2 10
974 18 3 92
3409 18 3 82
4629 18 3 71
5002 18 3 61
2846 18 3 53
916 18 3 42
3945 18 3 31
4372 18 3 21
1393 18 3 13
2884 18 3 1
659 18 5 92
1784 18 5 82
4038 18 5 71
4145 18 5 61
1699 18 5 53
4897 18 5 41
3684 18 5 28
1989 18 5 20
1011 18 5 10
359 19 0 92
1530 19 0 82
3978 19 0 71
3955 19 0 61
371 19 0 53
4129 19 0 41
1697 19 0 28
793 19 0 20
61 19 0 10
3392 19 2 91
1021 19 2 85
4660 19 2 65
2792 19 2 56
3291 19 2 46
191 19 2 37
5290 19 2 28
284 19 2 20
1071 19 2 9
4934 19 3 90
38 19 3 78
3996 19 3 70
5038 19 3 58
1638 19 3 49
2442 19 3 41
63 19 3 28
2878 19 3 19
4070 19 3 9
4535 19 5 90
2873 19 5 77
2030 19 5 67
3318 19 5 56
2719 19 5 46
4703 19 5 36
2562 19 5 30
2430 19 5 20
5032 19 5 8
4451 19 6 90
36 19 6 77
1704 19 6 67
28 19 6 56
2384 19 6 46
4074 19 6 36
2283 19 6 30
1106 19 6 20
4913 19 6 8
4700 19 7 89
3563 19 7 78
2469 19 7 70
2707 19 7 58
1270 19 7 49
2287 19 7 41
354 19 7 27
4500 19 7 18
1470 19 7 9
2604 19 8 89
2603 19 8 78
2333 19 8 70
1590 19 8 58
484 19 8 49
2266 19 8 41
4683 19 8 26
4279 19 8 18
817 19 8 9
2166 19 9 89
1000 19 9 78
622 19 9 70
1392 19 9 58
3071 19 9 48
3868 19 9 40
4177 19 9 30
4463 19 9 18
5302 19 9 8
1884 19 10 89
3556 19 10 77
1618 19 10 67
3347 19 10 55
5295 19 10 47
2652 19 10 37
4553 19 10 28
2524 19 10 19
2829 19 10 9
1478 19 11 89
3414 19 11 77
4041 19 11 66
707 19 11 57
863 19 11 43
3197 19 11 29
641 19 11 19
2313 19 11 9
4207 19 12 88
3274 19 12 80
1488 19 12 72
5197 19 12 61
368 19 12 53
774 19 12 41
684 19 12 25
513 19 12 17
112 19 12 9
3180 19 13 88
2907 19 13 80
3171 19 13 71
2360 19 13 61
1719 19 13 52
3488 19 13 41
3384 19 13 24
1858 19 13 14
2731 19 13 3
2180 19 14 88
1966 19 14 80
1580 19 14 71
1720 19 14 61
1136 19 14 52
2247 19 14 41
2100 19 14 24
1702 19 14 14
4331 19 14 2
75 19 15 88
1617 19 15 80
3088 19 15 70
4648 19 15 57
2735 19 15 42
3396 19 15 31
3938 19 15 21
2856 19 15 12
3017 19 15 3
1161 19 16 87
3518 19 16 78
455 19 16 70
4419 19 16 57
1186 19 16 42
663 19 16 31
2750 19 16 21
2849 19 16 12
2137 19 16 3
738 19 17 87
2239 19 17 78
167 19 17 70
224 19 17 57
3764 19 17 40
3841 19 17 29
5105 19 17 18
5097 19 17 8
4920 19 18 86
381 19 18 76
4101 19 18 63
3133 19 18 44
2377 19 18 29
3342 19 18 18
999 19 18 8
4812 19 19 86
5129 19 19 75
4434 19 19 64
3012 19 19 55
4138 19 19 47
1722 19 19 37
2757 19 19 28
2286 19 19 19
269 19 19 9
