2805
4703 0 0 99
2805 0 0 97
1676 0 0 94
1945 0 0 91
4792 0 0 88
4680 0 0 85
3958 0 0 83
4891 0 0 80
2571 0 0 78
4056 0 0 76
1264 0 0 72
782 0 0 69
4453 0 0 67
4276 0 0 65
4790 0 0 61
3334 0 0 59
1902 0 0 56
4422 0 0 53
3556 0 0 50
548 0 0 48
3575 0 0 45
3912 0 0 41
5469 0 0 36
5369 0 0 34
5587 0 0 30
1494 0 0 27
4527 0 0 25
4285 0 0 22
1563 0 0 19
3430 0 0 17
4966 0 0 14
5712 0 0 10
5401 0 0 7
4632 0 0 3
921 0 1 99
2420 0 1 95
4609 0 1 92
5638 0 1 89
3849 0 1 85
2604 0 1 82
5763 0 1 79
1626 0 1 77
757 0 1 74
4295 0 1 72
401 0 1 69
4952 0 1 65
4695 0 1 61
3142 0 1 58
3653 0 1 55
5621 0 1 52
1582 0 1 50
4634 0 1 46
2121 0 1 43
1921 0 1 41
5177 0 1 36
4250 0 1 32
3727 0 1 29
3712 0 1 26
4130 0 1 24
2492 0 1 21
1081 0 1 18
3357 0 1 16
551 0 1 14
350 0 1 10
5784 0 1 6
2629 0 1 4
76 0 2 98
1041 0 2 96
1968 0 2 92
5519 0 2 89
3236 0 2 85
1715 0 2 81
2787 0 2 78
4563 0 2 73
2774 0 2 70
1700 0 2 68
4948 0 2 65
4340 0 2 61
4765 0 2 57
3204 0 2 54
2483 0 2 52
5246 0 2 48
3113 0 2 45
3302 0 2 41
376 0 2 36
4628 0 2 31
2391 0 2 29
1863 0 2 26
3999 0 2 23
5278 0 2 20
3292 0 2 18
5279 0 2 15
2906 0 2 13
3066 0 2 10
5282 0 2 6
4291 0 2 3
4638 0 3 97
744 0 3 94
2848 0 3 90
5775 0 3 87
3336 0 3 84
5654 0 3 82
5364 0 3 79
1680 0 3 76
949 0 3 72
3341 0 3 68
5755 0 3 64
5803 0 3 62
4992 0 3 60
2316 0 3 56
1470 0 3 53
1523 0 3 50
1633 0 3 46
5592 0 3 42
177 0 3 40
5186 0 3 36
4108 0 3 31
5085 0 3 28
5508 0 3 26
3956 0 3 23
195 0 3 20
5628 0 3 17
2725 0 3 14
2892 0 3 9
1940 0 3 6
2699 0 3 3
3460 0 4 97
5709 0 4 93
2927 0 4 91
5752 0 4 86
5342 0 4 82
3198 0 4 79
5777 0 4 75
5218 0 4 72
3170 0 4 68
5380 0 4 64
5371 0 4 61
4697 0 4 57
2838 0 4 54
4383 0 4 51
2227 0 4 49
4219 0 4 47
5349 0 4 45
3935 0 4 40
4435 0 4 36
3933 0 4 31
4542 0 4 28
5303 0 4 24
4677 0 4 20
4995 0 4 17
3749 0 4 13
3804 0 4 9
1883 0 4 6
1455 0 4 3
1801 0 5 97
2723 0 5 93
1409 0 5 91
4664 0 5 86
3603 0 5 82
1623 0 5 79
1862 0 5 75
4462 0 5 72
2912 0 5 68
3453 0 5 64
4886 0 5 61
1818 0 5 57
2684 0 5 54
1348 0 5 51
919 0 5 48
1964 0 5 45
1652 0 5 40
3493 0 5 36
3817 0 5 31
2247 0 5 28
4817 0 5 24
3230 0 5 20
3962 0 5 17
3642 0 5 13
3105 0 5 9
479 0 5 6
1153 0 5 3
3658 0 6 96
5454 0 6 90
3953 0 6 86
1891 0 6 82
1610 0 6 78
3948 0 6 73
3892 0 6 69
4631 0 6 65
4222 0 6 61
5487 0 6 56
191 0 6 53
5184 0 6 49
3803 0 6 46
3828 0 6 42
3095 0 6 39
3559 0 6 37
3930 0 6 34
3527 0 6 30
4674 0 6 26
3107 0 6 22
5818 0 6 18
4150 0 6 14
2007 0 6 9
390 0 6 5
4771 0 6 3
2738 0 7 96
5099 0 7 90
2628 0 7 86
1878 0 7 81
3872 0 7 77
5733 0 7 73
5769 0 7 68
5320 0 7 63
4767 0 7 59
3723 0 7 55
5297 0 7 52
3878 0 7 48
5549 0 7 44
4277 0 7 41
5461 0 7 35
3985 0 7 32
1340 0 7 29
5619 0 7 25
2696 0 7 22
5641 0 7 18
3763 0 7 14
893 0 7 9
97 0 7 5
2589 0 7 1
583 0 8 96
3056 0 8 90
1927 0 8 86
267 0 8 81
3368 0 8 77
5235 0 8 73
1821 0 8 68
1982 0 8 63
3171 0 8 59
3596 0 8 55
4901 0 8 52
430 0 8 48
5213 0 8 44
3802 0 8 41
3304 0 8 35
3751 0 8 32
1182 0 8 29
5174 0 8 25
895 0 8 22
1410 0 8 18
2833 0 8 14
4843 0 8 8
2575 0 8 5
1637 0 8 1
366 0 9 96
2541 0 9 90
915 0 9 86
242 0 9 81
4885 0 9 76
2338 0 9 71
1010 0 9 69
4165 0 9 64
3998 0 9 60
1987 0 9 56
4670 0 9 52
4852 0 9 47
4240 0 9 45
1504 0 9 40
3175 0 9 36
2623 0 9 31
917 0 9 28
3678 0 9 24
3589 0 9 19
3756 0 9 16
3664 0 9 13
1872 0 9 9
5002 0 9 4
4011 0 10 95
4021 0 10 91
4092 0 10 86
5501 0 10 80
3694 0 10 77
2464 0 10 73
1449 0 10 68
5334 0 10 62
4696 0 10 59
3500 0 10 55
2803 0 10 52
5664 0 10 46
3579 0 10 42
520 0 10 38
4669 0 10 35
2832 0 10 31
3822 0 10 27
5811 0 10 24
735 0 10 19
971 0 10 16
685 0 10 13
4967 0 10 8
4782 0 10 4
3097 0 11 95
1050 0 11 91
2813 0 11 86
4060 0 11 80
2531 0 11 76
1435 0 11 71
4650 0 11 68
3740 0 11 62
1683 0 11 59
1122 0 11 55
2789 0 11 52
5557 0 11 46
5470 0 11 41
2312 0 11 35
159 0 11 31
2349 0 11 27
4814 0 11 24
5668 0 11 18
2244 0 11 14
4387 0 11 8
3954 0 11 4
1152 0 12 95
5383 0 12 90
5474 0 12 85
4266 0 12 80
1611 0 12 76
4562 0 12 70
4353 0 12 67
3736 0 12 64
2109 0 12 60
5678 0 12 55
5335 0 12 51
4809 0 12 47
2441 0 12 44
4714 0 12 40
2776 0 12 36
1930 0 12 31
1724 0 12 27
494 0 12 24
5049 0 12 18
1860 0 12 14
4182 0 12 8
1658 0 12 4
946 0 13 95
3045 0 13 90
4403 0 13 85
3865 0 13 80
66 0 13 76
4476 0 13 70
3787 0 13 66
2321 0 13 64
4595 0 13 59
4067 0 13 54
5091 0 13 49
3285 0 13 46
5265 0 13 41
372 0 13 35
4604 0 13 30
4162 0 13 26
1808 0 13 22
5249 0 13 17
3140 0 13 13
3674 0 13 8
839 0 13 4
521 0 14 95
1702 0 14 90
4057 0 14 85
2551 0 14 80
4248 0 14 75
1621 0 14 72
1922 0 14 68
5606 0 14 61
4599 0 14 56
4303 0 14 52
2545 0 14 46
5150 0 14 41
59 0 14 35
3703 0 14 30
2120 0 14 26
1595 0 14 22
3523 0 14 17
5206 0 14 12
5388 0 14 10
1864 0 14 6
4241 0 14 2
411 0 15 95
875 0 15 90
3185 0 15 85
5663 0 15 79
882 0 15 75
2681 0 15 70
2829 0 15 66
5311 0 15 63
1653 0 15 59
3585 0 15 54
3094 0 15 49
1091 0 15 46
4666 0 15 41
5299 0 15 34
2885 0 15 30
1743 0 15 26
1 0 15 22
2298 0 15 17
3059 0 15 12
3595 0 15 9
4579 0 15 4
5367 0 16 94
728 0 16 90
1701 0 16 85
4742 0 16 79
137 0 16 75
2346 0 16 70
1984 0 16 66
4934 0 16 63
926 0 16 59
3178 0 16 54
2786 0 16 49
3284 0 16 45
339 0 16 40
3367 0 16 35
3299 0 16 30
1447 0 16 26
5433 0 16 21
5327 0 16 17
3005 0 16 12
3780 0 16 8
218 0 16 4
2012 0 17 94
5170 0 17 89
3067 0 17 85
4079 0 17 78
2766 0 17 73
1359 0 17 68
4652 0 17 61
3065 0 17 56
3592 0 17 52
5482 0 17 45
5152 0 17 39
4637 0 17 36
493 0 17 31
1110 0 17 27
346 0 17 24
4733 0 17 18
4720 0 17 13
2576 0 17 8
5239 0 17 3
1811 0 18 94
4215 0 18 89
4758 0 18 84
5190 0 18 81
3013 0 18 76
4197 0 18 70
641 0 18 66
2188 0 18 63
3859 0 18 58
2677 0 18 55
4875 0 18 51
4359 0 18 47
1873 0 18 44
1101 0 18 39
4502 0 18 36
5703 0 18 30
354 0 18 26
5263 0 18 21
1866 0 18 17
3389 0 18 11
5381 0 18 8
4017 0 18 3
5804 0 19 93
5498 0 19 89
3628 0 19 84
2093 0 19 81
2656 0 19 76
3433 0 19 70
3975 0 19 65
2819 0 19 61
2732 0 19 56
3300 0 19 52
5038 0 19 45
5111 0 19 39
5096 0 19 35
4642 0 19 29
3429 0 19 25
388 0 19 22
2166 0 19 17
1636 0 19 11
1720 0 19 8
3791 0 19 3
5720 2 0 92
4427 2 0 89
3229 2 0 84
4879 2 0 79
4808 2 0 74
5572 2 0 71
4487 2 0 68
1631 2 0 61
1775 2 0 56
5053 2 0 51
1791 2 0 47
1009 2 0 44
786 2 0 39
4793 2 0 35
4198 2 0 29
5331 2 0 24
2992 2 0 18
3761 2 0 13
5225 2 0 7
4325 2 0 3
4805 2 1 92
2013 2 1 89
2268 2 1 84
3781 2 1 79
1356 2 1 74
5385 2 1 71
3925 2 1 68
1525 2 1 61
4964 2 1 55
4313 2 1 51
1509 2 1 47
2990 2 1 43
3314 2 1 40
3217 2 1 35
3668 2 1 29
5029 2 1 23
2436 2 1 19
5598 2 1 15
3202 2 1 12
3594 2 1 8
3490 2 1 3
2213 2 2 92
3485 2 2 88
1888 2 2 84
522 2 2 79
823 2 2 74
3394 2 2 71
3593 2 2 68
5597 2 2 60
4214 2 2 55
4297 2 2 51
375 2 2 47
2335 2 2 43
2775 2 2 40
1758 2 2 35
2688 2 2 28
3399 2 2 23
1437 2 2 19
3552 2 2 15
5130 2 2 11
4681 2 2 7
3427 2 2 3
794 2 3 92
5102 2 3 87
1589 2 3 84
4376 2 3 78
1619 2 3 73
815 2 3 68
4164 2 3 60
3949 2 3 55
3051 2 3 51
5341 2 3 46
57 2 3 41
1590 2 3 34
1819 2 3 30
4131 2 3 25
367 2 3 22
1362 2 3 17
1432 2 3 11
4089 2 3 7
2778 2 3 3
4183 2 4 91
1424 2 4 86
3970 2 4 80
1580 2 4 75
5387 2 4 69
3833 2 4 64
4010 2 4 59
2891 2 4 54
2126 2 4 49
1802 2 4 45
4822 2 4 39
3696 2 4 35
894 2 4 28
2747 2 4 23
5441 2 4 18
3034 2 4 13
4827 2 4 7
2150 2 4 3
3528 2 5 91
5034 2 5 85
2983 2 5 78
559 2 5 73
167 2 5 68
3798 2 5 60
3771 2 5 55
2852 2 5 51
1464 2 5 46
4938 2 5 40
5226 2 5 34
304 2 5 30
3793 2 5 25
67 2 5 21
1321 2 5 17
5285 2 5 10
601 2 5 6
2772 2 5 2
3070 2 7 91
4388 2 7 85
2568 2 7 78
54 2 7 73
4749 2 7 67
5452 2 7 63
3660 2 7 58
4588 2 7 54
445 2 7 49
543 2 7 45
4370 2 7 39
2922 2 7 35
5413 2 7 27
324 2 7 24
5020 2 7 17
3081 2 7 10
5104 2 7 5
5321 2 9 90
1542 2 9 85
4279 2 9 77
1353 2 9 73
1374 2 9 67
4378 2 9 63
2769 2 9 58
3312 2 9 54
3895 2 9 48
4705 2 9 44
4620 2 9 38
1418 2 9 35
4927 2 9 27
5656 2 9 23
2843 2 9 18
1411 2 9 13
1609 2 9 7
1783 2 9 3
4446 2 10 90
3079 2 10 84
3641 2 10 78
5626 2 10 72
1859 2 10 68
1189 2 10 60
2779 2 10 55
5156 2 10 50
5607 2 10 45
3526 2 10 39
1078 2 10 35
4163 2 10 27
5417 2 10 23
2265 2 10 18
4914 2 10 12
2874 2 10 8
3138 2 10 3
3270 2 11 90
796 2 11 84
2607 2 11 78
5332 2 11 72
1717 2 11 68
102 2 11 60
2579 2 11 55
5067 2 11 50
5261 2 11 45
133 2 11 39
3412 2 11 34
4583 2 11 29
4630 2 11 23
1939 2 11 18
4076 2 11 12
1478 2 11 8
2574 2 11 3
4970 2 12 89
1317 2 12 84
1241 2 12 78
4709 2 12 72
1370 2 12 68
5754 2 12 59
2357 2 12 54
3125 2 12 48
1910 2 12 44
5766 2 12 37
5012 2 12 33
2473 2 12 31
4496 2 12 26
4745 2 12 21
3990 2 12 16
3207 2 12 12
3035 2 12 7
3130 2 12 2
3366 2 13 89
5547 2 13 83
4976 2 13 79
5234 2 13 73
1242 2 13 67
5437 2 13 62
992 2 13 59
3944 2 13 53
3769 2 13 49
5185 2 13 44
3201 2 13 37
2005 2 13 33
2152 2 13 30
2712 2 13 25
956 2 13 20
3808 2 13 17
2827 2 13 10
4327 2 13 5
2743 2 14 89
4863 2 14 83
4926 2 14 79
4906 2 14 73
5548 2 14 66
165 2 14 63
2111 2 14 58
2635 2 14 54
1613 2 14 48
5071 2 14 43
678 2 14 39
3267 2 14 34
4488 2 14 29
2141 2 14 23
1671 2 14 18
1161 2 14 12
2648 2 14 7
2505 2 14 2
410 2 15 89
4816 2 15 83
4430 2 15 79
4336 2 15 73
3907 2 15 66
2916 2 15 62
393 2 15 59
3027 2 15 53
2695 2 15 49
3654 2 15 44
2667 2 15 37
1075 2 15 33
5141 2 15 29
5593 2 15 22
1019 2 15 17
1133 2 15 10
3188 2 15 5
4 2 16 89
4636 2 16 83
3997 2 16 79
3916 2 16 73
2549 2 16 66
2041 2 16 62
5764 2 16 58
5750 2 16 53
5786 2 16 48
2873 2 16 43
290 2 16 39
2870 2 16 34
2271 2 16 29
4997 2 16 22
5530 2 16 16
578 2 16 12
1876 2 16 7
1025 2 16 2
1460 2 18 88
1307 2 18 84
5542 2 18 77
1327 2 18 73
1675 2 18 66
1646 2 18 62
5191 2 18 58
5655 2 18 53
5686 2 18 48
638 2 18 43
3645 2 18 38
4392 2 18 34
890 2 18 29
4535 2 18 22
5145 2 18 16
542 2 18 12
5687 2 18 6
5772 2 18 1
506 2 19 88
5022 2 19 83
2898 2 19 79
3186 2 19 73
3131 2 19 65
2489 2 19 61
4485 2 19 55
4573 2 19 50
3626 2 19 45
4525 2 19 38
4333 2 19 34
743 2 19 29
4507 2 19 22
4298 2 19 16
5761 2 19 11
3144 2 19 7
35 2 19 2
4200 3 0 87
4357 3 0 83
2458 3 0 79
298 3 0 73
2480 3 0 65
5439 3 0 60
2470 3 0 55
3241 3 0 50
2662 3 0 45
4148 3 0 38
3871 3 0 34
5512 3 0 28
2669 3 0 23
235 3 0 18
1135 3 0 12
4280 3 0 6
1286 3 0 1
769 3 1 86
2763 3 1 80
1338 3 1 75
4747 3 1 69
3296 3 1 64
3106 3 1 58
5510 3 1 53
4367 3 1 48
4503 3 1 42
5795 3 1 37
4071 3 1 32
996 3 1 29
1166 3 1 22
2179 3 1 16
3899 3 1 11
1894 3 1 7
3109 3 1 1
691 3 2 84
4656 3 2 77
692 3 2 73
1279 3 2 65
4707 3 2 60
1697 3 2 55
1168 3 2 50
2154 3 2 45
2960 3 2 38
3438 3 2 34
2511 3 2 28
4386 3 2 22
429 3 2 16
3167 3 2 11
5368 3 2 6
1060 3 2 1
730 3 3 83
1230 3 3 79
5163 3 3 72
248 3 3 68
5734 3 3 59
2544 3 3 53
3114 3 3 48
4442 3 3 42
5673 3 3 37
3772 3 3 32
5472 3 3 28
4029 3 3 22
4605 3 3 15
4776 3 3 11
5266 3 3 6
1048 3 3 1
1106 3 4 78
3153 3 4 72
5760 3 4 67
2248 3 4 62
4411 3 4 58
5495 3 4 53
2689 3 4 48
4045 3 4 42
2493 3 4 37
3238 3 4 32
4440 3 4 28
2739 3 4 22
1989 3 4 15
3495 3 4 11
5256 3 4 6
3631 3 5 77
2989 3 5 72
3520 3 5 67
5566 3 5 61
3063 3 5 55
5426 3 5 49
3557 3 5 44
4904 3 5 36
5477 3 5 30
1871 3 5 25
313 3 5 20
570 3 5 17
453 3 5 10
3146 3 5 5
909 3 7 77
1428 3 7 72
3161 3 7 67
4924 3 7 61
2368 3 7 55
2193 3 7 49
2731 3 7 44
4858 3 7 36
5403 3 7 30
1837 3 7 25
1985 3 7 19
2327 3 7 15
2717 3 7 10
2600 3 7 5
2550 3 16 74
1379 3 16 71
5757 3 16 67
1413 3 16 61
972 3 16 55
1722 3 16 49
2404 3 16 44
2967 3 16 36
3982 3 16 30
5316 3 16 24
4041 3 16 17
5809 3 16 9
4153 3 16 4
4188 3 18 71
2305 3 18 67
1211 3 18 61
5635 3 18 54
1278 3 18 48
3087 3 18 42
40 3 18 37
2962 3 18 32
2490 3 18 27
1529 3 18 23
5319 3 18 17
1949 3 18 9
4005 3 18 4
2465 3 19 68
3416 3 19 59
1953 3 19 53
2371 3 19 48
2522 3 19 42
5684 3 19 36
3306 3 19 30
4481 3 19 24
3244 3 19 17
1461 3 19 9
2720 3 19 4
3206 4 7 66
2325 4 7 61
3659 4 7 54
596 4 7 48
2360 4 7 42
4429 4 7 36
4930 4 7 29
784 4 7 22
528 4 7 15
1295 4 7 10
1730 4 7 5
2936 4 9 66
2040 4 9 61
2558 4 9 54
9 4 9 48
877 4 9 42
2043 4 9 36
4046 4 9 29
5494 4 9 21
3747 4 9 16
2913 4 9 11
4741 4 9 6
438 4 10 66
7 4 10 61
2294 4 10 54
5051 4 10 47
5356 4 10 42
1430 4 10 36
2980 4 10 29
4308 4 10 21
2770 4 10 16
1401 4 10 11
4159 4 10 6
4479 4 11 63
1180 4 11 58
31 4 11 53
1846 4 11 48
204 4 11 42
1212 4 11 36
2708 4 11 29
4211 4 11 21
2663 4 11 16
1037 4 11 11
4120 4 11 6
5650 4 12 98
408 4 12 96
1817 4 12 90
5781 4 12 83
5613 4 12 78
4519 4 12 71
734 4 12 67
5178 4 12 60
886 4 12 55
5267 4 12 48
3656 4 12 41
1404 4 12 34
2318 4 12 28
2495 4 12 22
5551 4 12 14
4117 4 12 8
1549 4 12 3
2875 4 14 98
5395 4 14 95
4722 4 14 89
3868 4 14 83
3993 4 14 78
3918 4 14 71
280 4 14 67
3983 4 14 60
2907 4 14 54
4483 4 14 47
4517 4 14 42
1039 4 14 36
1251 4 14 29
3547 4 14 21
983 4 14 16
851 4 14 11
3489 4 14 6
910 5 0 98
4345 5 0 94
2641 5 0 89
3851 5 0 83
3352 5 0 78
105 5 0 71
4203 5 0 66
3992 5 0 60
2172 5 0 54
4451 5 0 47
3040 5 0 42
287 5 0 36
5451 5 0 28
5283 5 0 21
297 5 0 16
546 5 0 11
4819 5 0 5
3807 5 1 97
1326 5 1 93
2713 5 1 89
3774 5 1 83
4962 5 1 77
1201 5 1 72
2554 5 1 67
3760 5 1 60
1351 5 1 54
4033 5 1 47
2666 5 1 42
4225 5 1 35
3555 5 1 27
1202 5 1 23
5295 5 1 17
387 5 1 9
185 5 1 4
188 5 2 97
277 5 2 92
3147 5 2 87
435 5 2 83
2704 5 2 77
633 5 2 72
1402 5 2 67
5783 5 2 59
1773 5 2 53
4672 5 2 47
2567 5 2 42
3499 5 2 35
1416 5 2 27
2981 5 2 22
3413 5 2 14
3915 5 2 8
123 5 2 3
5460 5 3 96
1617 5 3 90
4210 5 3 83
2524 5 3 77
5325 5 3 71
3569 5 3 66
1731 5 3 60
5749 5 3 53
4501 5 3 47
2202 5 3 42
3364 5 3 35
840 5 3 27
2578 5 3 22
2323 5 3 14
2934 5 3 8
4979 5 3 2
4865 5 4 96
4495 5 4 89
3639 5 4 83
2421 5 4 77
2751 5 4 71
3371 5 4 66
787 5 4 60
5155 5 4 53
4341 5 4 47
334 5 4 42
2155 5 4 35
416 5 4 27
2094 5 4 22
454 5 4 14
1685 5 4 8
4007 5 4 2
3692 5 9 96
4156 5 9 89
3331 5 9 83
2390 5 9 77
1249 5 9 71
2745 5 9 66
4055 5 9 59
1259 5 9 53
3563 5 9 47
5125 5 9 41
5585 5 9 33
3374 5 9 29
3053 5 9 21
5264 5 9 15
5467 5 9 9
5056 5 9 3
3561 5 12 96
4043 5 12 89
2643 5 12 83
1628 5 12 77
374 5 12 71
2445 5 12 66
2868 5 12 59
1246 5 12 53
3099 5 12 47
4998 5 12 41
3370 5 12 33
1142 5 12 29
1074 5 12 21
2811 5 12 15
2781 5 12 9
3794 5 12 3
850 5 13 96
3375 5 13 89
5502 5 13 82
5198 5 13 77
4286 5 13 70
3960 5 13 65
3179 5 13 60
4256 5 13 53
2972 5 13 47
4727 5 13 41
2678 5 13 33
4991 5 13 28
4815 5 13 21
1644 5 13 15
2498 5 13 9
3708 5 13 3
113 5 14 96
2302 5 14 89
5063 5 14 82
2190 5 14 77
3746 5 14 70
1823 5 14 65
1123 5 14 60
2887 5 14 53
2410 5 14 47
4662 5 14 41
2315 5 14 33
4261 5 14 28
4692 5 14 21
407 5 14 15
1526 5 14 9
3419 5 14 3
73 5 15 96
2018 5 15 89
4354 5 15 82
968 5 15 77
5594 5 15 69
52 5 15 64
2255 5 15 58
5550 5 15 52
4237 5 15 45
2706 5 15 38
1965 5 15 34
2131 5 15 28
3150 5 15 21
3640 5 15 14
4418 5 15 7
761 5 15 1
3462 5 16 94
1602 5 16 89
3410 5 16 82
944 5 16 77
4704 5 16 69
5653 5 16 63
458 5 16 58
2831 5 16 52
4123 5 16 45
1538 5 16 38
937 5 16 34
2119 5 16 28
1358 5 16 21
361 5 16 14
2826 5 16 7
127 5 16 1
2710 5 17 94
942 5 17 89
3184 5 17 82
602 5 17 77
4292 5 17 69
4757 5 17 63
170 5 17 58
1904 5 17 52
3845 5 17 45
1093 5 17 38
3514 5 17 33
3952 5 17 28
733 5 17 21
5313 5 17 13
701 5 17 7
2352 5 18 94
261 5 18 89
320 5 18 82
241 5 18 77
3472 5 18 69
1486 5 18 63
4161 5 18 57
785 5 18 54
1640 5 18 47
3426 5 18 41
740 5 18 33
3572 5 18 28
3214 5 18 20
3940 5 18 16
4779 5 18 10
4127 5 18 4
1650 5 19 94
2583 5 19 88
4591 5 19 83
4935 5 19 76
3263 5 19 70
4911 5 19 64
950 5 19 58
1664 5 19 52
2178 5 19 45
599 5 19 38
2806 5 19 33
3340 5 19 28
2405 5 19 20
2834 5 19 16
4408 5 19 10
5209 5 19 3
1215 6 0 94
2214 6 0 88
2674 6 0 83
4105 6 0 76
1232 6 0 70
4860 6 0 64
938 6 0 58
1035 6 0 52
2158 6 0 45
5164 6 0 37
2220 6 0 32
5531 6 0 26
4447 6 0 21
4898 6 0 13
5699 6 0 6
77 6 1 94
5188 6 1 87
3041 6 1 82
145 6 1 77
1572 6 1 69
5812 6 1 62
1710 6 1 58
5652 6 1 51
1178 6 1 46
4698 6 1 40
3235 6 1 34
2375 6 1 27
1082 6 1 22
5618 6 1 13
1427 6 1 6
4679 6 2 93
1126 6 2 88
94 6 2 83
2709 6 2 76
4500 6 2 69
4821 6 2 62
1209 6 2 57
1537 6 2 53
2334 6 2 47
1639 6 2 41
3867 6 2 32
5499 6 2 26
3519 6 2 21
4716 6 2 13
1354 6 2 6
3811 6 5 93
624 6 5 88
5436 6 5 82
2386 6 5 76
1584 6 5 69
4513 6 5 62
4759 6 5 56
2703 6 5 51
1046 6 5 46
3799 6 5 40
2223 6 5 34
1728 6 5 27
5794 6 5 21
4601 6 5 13
1137 6 5 6
2930 6 6 93
5658 6 6 87
1830 6 6 82
1355 6 6 76
1221 6 6 69
4347 6 6 62
4529 6 6 56
5756 6 6 50
486 6 6 45
3026 6 6 37
1727 6 6 32
2570 6 6 26
5257 6 6 20
2784 6 6 15
5574 6 6 8
2654 6 6 2
2401 6 7 93
5290 6 7 87
1248 6 7 82
759 6 7 76
5140 6 7 68
1944 6 7 59
1119 6 7 53
2160 6 7 47
286 6 7 41
1576 6 7 32
2286 6 7 26
5216 6 7 20
2504 6 7 15
4678 6 7 8
1736 6 7 2
5701 6 9 92
2896 6 9 87
5360 6 9 81
1601 6 9 76
5027 6 9 68
708 6 9 59
659 6 9 53
1382 6 9 47
5247 6 9 40
4061 6 9 33
1667 6 9 28
487 6 9 20
2281 6 9 15
2793 6 9 8
4867 6 9 1
5376 6 11 92
5134 6 11 86
2754 6 11 80
689 6 11 75
3257 6 11 69
1463 6 11 62
2047 6 11 56
5432 6 11 50
4855 6 11 44
2584 6 11 36
4602 6 11 28
3614 6 11 19
2091 6 11 15
2601 6 11 8
4617 6 11 1
3102 6 12 92
4395 6 12 86
2258 6 12 80
3121 6 12 74
870 6 12 71
1516 6 12 66
630 6 12 59
212 6 12 53
778 6 12 47
4766 6 12 40
981 6 12 33
1581 6 12 28
3145 6 12 19
317 6 12 15
1283 6 12 8
2196 6 12 1
2653 6 15 92
3741 6 15 86
1993 6 15 80
2330 6 15 74
4391 6 15 70
3984 6 15 64
844 6 15 58
5192 6 15 51
3403 6 15 45
2374 6 15 37
1441 6 15 32
2061 6 15 26
4721 6 15 20
1677 6 15 15
345 6 15 8
2169 6 15 1
2189 6 16 92
1981 6 16 86
1591 6 16 80
1908 6 16 74
3091 6 16 70
3200 6 16 64
315 6 16 58
4006 6 16 51
3313 6 16 45
961 6 16 37
5797 6 16 31
2084 6 16 26
4315 6 16 20
5000 6 16 14
2161 6 16 7
2170 6 17 92
843 6 17 86
1334 6 17 80
1483 6 17 74
1726 6 17 70
2108 6 17 64
4417 6 17 57
5065 6 17 52
967 6 17 45
842 6 17 37
3484 6 17 31
1375 6 17 26
3685 6 17 20
4294 6 17 14
5479 6 17 6
1962 6 18 92
466 6 18 86
635 6 18 80
5137 6 18 73
399 6 18 65
3713 6 18 59
4149 6 18 52
4477 6 18 44
1244 6 18 36
3337 6 18 28
2488 6 18 19
136 6 18 15
5808 6 18 7
690 6 19 92
316 6 19 86
4958 6 19 79
5162 6 19 72
771 6 19 67
706 6 19 59
3515 6 19 52
4254 6 19 44
1065 6 19 36
1304 6 19 28
2173 6 19 19
4423 6 19 14
4870 6 19 6
276 7 2 92
5457 7 2 85
3623 7 2 77
5521 7 2 68
642 7 2 59
1698 7 2 52
3821 7 2 44
485 7 2 36
1170 7 2 28
713 7 2 19
3830 7 2 14
509 7 2 6
2477 7 3 91
3234 7 3 85
1225 7 3 77
5359 7 3 68
306 7 3 59
934 7 3 52
3728 7 3 44
5657 7 3 35
4905 7 3 26
1913 7 3 20
3667 7 3 14
2646 7 3 5
2165 7 5 91
2395 7 5 85
129 7 5 77
4384 7 5 68
3691 7 5 58
3633 7 5 51
2997 7 5 45
567 7 5 37
2768 7 5 31
1031 7 5 26
5625 7 5 19
2563 7 5 14
1156 7 5 5
1534 7 7 91
1963 7 7 85
5671 7 7 76
4893 7 7 68
5513 7 7 57
1663 7 7 52
5778 7 7 43
2092 7 7 38
1124 7 7 33
2079 7 7 27
2947 7 7 21
4575 7 7 13
906 7 7 6
1014 7 9 91
940 7 9 85
5553 7 9 76
3503 7 9 68
3301 7 9 57
1284 7 9 52
5770 7 9 43
1971 7 9 38
5584 7 9 32
1841 7 9 26
4000 7 9 19
1745 7 9 14
4908 7 9 4
3024 8 0 90
3216 8 0 83
2539 8 0 76
1492 8 0 68
2313 8 0 57
1265 8 0 52
3649 8 0 43
1917 8 0 38
5158 8 0 32
517 8 0 26
2412 8 0 19
3722 8 0 13
3980 8 0 5
4230 8 2 89
5025 8 2 81
5193 8 2 75
2435 8 2 69
1363 8 2 62
2588 8 2 55
5210 8 2 48
1227 8 2 41
4234 8 2 31
244 8 2 26
1539 8 2 19
3345 8 2 13
2426 8 2 5
1734 8 3 89
4273 8 3 81
4830 8 3 75
1394 8 3 69
704 8 3 62
2162 8 3 55
4516 8 3 48
1145 8 3 41
2828 8 3 31
5576 8 3 25
373 8 3 19
516 8 3 13
2331 8 3 5
2986 8 5 88
4031 8 5 82
29 8 5 76
683 8 5 68
764 8 5 57
505 8 5 52
2625 8 5 43
2455 8 5 37
1877 8 5 31
1057 8 5 25
5324 8 5 18
5236 8 5 11
4323 8 5 5
2950 8 7 88
2409 8 7 82
4416 8 7 75
1336 8 7 69
378 8 7 62
497 8 7 55
4360 8 7 48
5309 8 7 40
139 8 7 33
1380 8 7 27
1471 8 7 21
4282 8 7 13
2328 8 7 5
2365 8 9 88
1562 8 9 82
3093 8 9 75
208 8 9 69
5672 8 9 61
1330 8 9 54
4328 8 9 46
2649 8 9 40
4877 8 9 32
5092 8 9 25
3565 8 9 18
4531 8 9 11
4103 8 9 5
5041 8 12 87
5101 8 12 81
4466 8 12 75
5485 8 12 68
271 8 12 57
470 8 12 52
5570 8 12 42
1069 8 12 35
984 8 12 26
1059 8 12 19
5244 8 12 12
2700 8 12 6
169 8 13 87
5015 8 13 81
3943 8 13 75
3487 8 13 68
3864 8 13 56
3683 8 13 50
4511 8 13 44
4928 8 13 35
822 8 13 26
607 8 13 19
5036 8 13 12
957 8 13 6
4644 8 15 86
4257 8 15 79
4047 8 15 72
5505 8 15 66
292 8 15 59
526 8 15 52
4943 8 15 42
5404 8 15 34
5735 8 15 26
4829 8 15 18
3447 8 15 11
2019 8 15 5
3534 8 17 86
3700 8 17 79
2749 8 17 72
5088 8 17 66
120 8 17 59
3224 8 17 51
1729 8 17 45
194 8 17 37
1493 8 17 31
1056 8 17 25
3162 8 17 18
2341 8 17 11
5612 8 17 4
2065 9 0 86
1798 9 0 79
456 9 0 72
3033 9 0 66
5681 9 0 58
1648 9 0 51
1484 9 0 45
71 9 0 37
20 9 0 31
668 9 0 25
2946 9 0 18
1857 9 0 11
5475 9 0 4
4299 9 2 85
5124 9 2 76
5448 9 2 67
219 9 2 59
2903 9 2 51
763 9 2 45
5543 9 2 36
905 9 2 28
328 9 2 19
2735 9 2 12
5751 9 2 5
1834 9 3 85
3539 9 3 76
1691 9 3 67
5431 9 3 58
55 9 3 51
5721 9 3 44
4902 9 3 35
397 9 3 26
4661 9 3 18
5774 9 3 10
4445 9 3 3
156 9 5 85
3116 9 5 76
540 9 5 67
4916 9 5 58
5610 9 5 50
3757 9 5 44
2046 9 5 35
3529 9 5 25
2453 9 5 18
4533 9 5 10
2186 9 5 3
4444 9 12 84
3149 9 12 77
3483 9 12 68
1288 9 12 56
452 9 12 50
3402 9 12 44
4710 9 12 34
5143 9 12 26
4289 9 12 18
2518 9 12 10
58 9 12 3
3112 9 13 83
980 9 13 76
4900 9 13 66
5405 9 13 58
5229 9 13 50
3390 9 13 44
4394 9 13 34
4711 9 13 26
4142 9 13 18
2222 9 13 10
5200 9 13 2
2665 9 15 79
301 9 15 72
3023 9 15 66
3876 9 15 58
4987 9 15 50
2462 9 15 44
3657 9 15 34
3545 9 15 26
2030 9 15 18
1967 9 15 10
4311 9 15 2
5647 9 17 78
5037 9 17 70
901 9 17 64
2603 9 17 57
2845 9 17 51
4087 9 17 44
3428 9 17 34
3069 9 17 26
1852 9 17 18
1310 9 17 10
2815 9 17 2
4701 9 18 77
1792 9 18 68
5221 9 18 55
4004 9 18 48
4603 9 18 40
3459 9 18 32
4180 9 18 25
855 9 18 18
75 9 18 10
1235 9 18 2
3724 9 19 75
3096 9 19 68
3629 9 19 55
2308 9 19 48
2716 9 19 40
1559 9 19 32
2711 9 19 25
5292 9 19 17
5181 9 19 8
1194 9 19 1
2968 10 0 74
5076 10 0 69
5568 10 0 61
1175 10 0 54
3226 10 0 46
2240 10 0 40
1174 10 0 32
1620 10 0 25
3245 10 0 17
4465 10 0 8
258 10 0 1
813 10 7 74
3857 10 7 69
5119 10 7 61
914 10 7 54
831 10 7 46
1772 10 7 40
5446 10 7 31
437 10 7 25
2215 10 7 17
3439 10 7 8
4258 10 8 73
4490 10 8 64
2136 10 8 57
2132 10 8 51
2889 10 8 44
2148 10 8 34
364 10 8 26
1316 10 8 18
4689 10 8 9
3259 10 8 3
224 10 9 67
4037 10 9 58
2900 10 9 50
2237 10 9 44
490 10 9 34
5562 10 9 24
2233 10 9 17
3397 10 9 8
4448 10 10 66
1882 10 10 58
2191 10 10 50
1849 10 10 44
4725 10 10 33
5093 10 10 26
211 10 10 18
3381 10 10 9
1345 10 10 3
3166 10 15 66
4020 10 15 57
1608 10 15 51
2348 10 15 44
4534 10 15 33
3409 10 15 26
1839 10 15 17
3269 10 15 8
4133 11 0 65
1881 11 0 59
2757 11 0 51
1440 11 0 44
4244 11 0 33
2869 11 0 26
5561 11 0 16
5816 11 0 9
4786 11 0 2
889 11 1 65
1352 11 1 59
196 11 1 51
1179 11 1 44
3497 11 1 33
1751 11 1 26
5098 11 1 16
4128 11 1 9
3860 11 1 2
824 11 2 61
652 11 2 54
654 11 2 46
4455 11 2 39
1184 11 2 34
5106 11 2 24
1746 11 2 17
1972 11 2 8
814 11 3 61
155 11 3 54
2287 11 3 45
5312 11 3 36
4179 11 3 27
3524 11 3 20
2364 11 3 14
4396 11 3 4
3844 11 4 33
5182 11 4 25
174 11 4 17
1367 11 4 8
5307 11 5 94
3635 11 5 87
4768 11 5 81
2292 11 5 75
1946 11 5 68
2626 11 5 55
777 11 5 48
2039 11 5 40
5194 11 5 31
44 11 5 25
3031 11 5 16
3421 11 5 9
3355 11 5 2
4961 11 7 94
943 11 7 87
4184 11 7 81
2102 11 7 75
362 11 7 68
888 11 7 55
4993 11 7 47
3968 11 7 40
3766 11 7 31
5243 11 7 24
858 11 7 17
1073 11 7 8
4606 11 11 94
342 11 11 87
1285 11 11 81
144 11 11 75
1085 11 11 67
2543 11 11 58
1977 11 11 50
4807 11 11 43
4288 11 11 36
3789 11 11 27
2760 11 11 20
2096 11 11 14
3978 11 11 4
4570 11 12 94
4895 11 12 86
1419 11 12 79
5603 11 12 71
1159 11 12 66
3588 11 12 57
2145 11 12 50
3089 11 12 43
4003 11 12 36
3274 11 12 27
2129 11 12 20
1934 11 12 14
3661 11 12 4
3160 11 13 94
4504 11 13 86
1228 11 13 79
4102 11 13 71
4859 11 13 65
955 11 13 59
2857 11 13 50
2010 11 13 43
3276 11 13 36
3848 11 13 26
5014 11 13 16
4508 11 13 8
1064 11 15 94
2938 11 15 86
3620 11 15 78
4844 11 15 70
406 11 15 64
143 11 15 57
4324 11 15 49
2363 11 15 44
1906 11 15 33
4654 11 15 25
1377 11 15 16
3682 11 15 8
780 11 16 94
2627 11 16 86
68 11 16 78
2449 11 16 70
103 11 16 64
5802 11 16 56
5391 11 16 49
2267 11 16 44
1277 11 16 33
3662 11 16 25
539 11 16 16
3391 11 16 8
473 11 18 94
2532 11 18 86
5666 11 18 77
1454 11 18 68
162 11 18 55
4556 11 18 47
2517 11 18 40
3266 11 18 31
5069 11 18 24
5759 11 18 16
2499 11 18 8
319 12 9 94
2510 12 9 86
5103 12 9 77
6 12 9 68
4342 12 9 54
1954 12 9 45
5238 12 9 36
2548 12 9 26
4918 12 9 16
140 12 9 8
4977 12 11 93
3964 12 11 87
395 12 11 81
4592 12 11 74
3253 12 11 69
4369 12 11 61
5691 12 11 53
4521 12 11 46
4293 12 11 39
5793 12 11 33
365 12 11 25
5195 12 11 15
4974 12 11 7
2359 12 15 93
3471 12 15 87
193 12 15 81
4143 12 15 74
1966 12 15 69
3479 12 15 61
5275 12 15 53
4498 12 15 46
2693 12 15 39
4406 12 15 33
27 12 15 25
3449 12 15 15
4850 12 15 7
1339 12 16 93
325 12 16 87
5438 12 16 80
963 12 16 73
2744 12 16 64
4238 12 16 56
3074 12 16 49
2183 12 16 44
3365 12 16 32
1042 12 16 25
3318 12 16 15
4587 12 16 7
5301 12 18 92
3092 12 18 85
1098 12 18 76
4746 12 18 66
3525 12 18 57
3348 12 18 49
1928 12 18 44
1309 12 18 32
3385 12 18 24
5416 12 18 16
5483 12 18 7
5117 13 1 92
2314 13 1 85
821 13 1 76
4582 13 1 66
2767 13 1 57
2205 13 1 49
1481 13 1 44
2260 13 1 31
3118 13 1 24
4857 13 1 16
4752 13 1 7
3996 13 2 92
5729 13 2 84
2956 13 2 77
5768 13 2 67
2144 13 2 58
1832 13 2 50
1672 13 2 43
954 13 2 36
3441 13 2 25
988 13 2 15
464 13 2 7
3262 13 3 92
4382 13 3 84
816 13 3 77
3676 13 3 67
1575 13 3 58
1350 13 3 50
431 13 3 43
755 13 3 36
1903 13 3 25
524 13 3 15
272 13 3 7
3213 13 4 92
3420 13 4 84
658 13 4 77
2080 13 4 67
1237 13 4 58
472 13 4 50
186 13 4 43
4781 13 4 35
3036 13 4 25
1158 13 4 14
2500 13 4 4
2741 13 5 92
2842 13 5 84
611 13 5 77
1040 13 5 67
331 13 5 58
3775 13 5 49
753 13 5 44
1498 13 5 31
3004 13 5 24
4247 13 5 16
4610 13 5 7
2295 13 9 92
353 13 9 84
3909 13 9 76
2112 13 9 66
3965 13 9 56
2058 13 9 49
2644 13 9 43
4074 13 9 35
2864 13 9 25
947 13 9 14
2015 13 9 4
1392 13 10 92
200 13 10 84
1239 13 10 76
1865 13 10 66
2519 13 10 55
4567 13 10 46
2560 13 10 39
4330 13 10 33
4665 13 10 24
2339 13 10 16
2660 13 10 7
1252 13 11 92
5108 13 11 83
3590 13 11 75
279 13 11 67
4823 13 11 57
1887 13 11 49
2624 13 11 43
2008 13 11 35
2461 13 11 25
5463 13 11 13
1445 13 11 5
5447 13 13 91
818 13 13 85
1905 13 13 75
220 13 13 67
3710 13 13 57
1686 13 13 49
1149 13 13 43
1771 13 13 35
2446 13 13 25
5272 13 13 13
568 13 13 5
3651 13 15 91
975 13 15 84
5577 13 15 75
5500 13 15 66
2457 13 15 55
1314 13 15 46
2322 13 15 39
3136 13 15 33
4561 13 15 24
4590 13 15 15
5643 13 15 6
3197 13 16 91
4953 13 16 83
3482 13 16 75
3233 13 16 66
1349 13 16 55
184 13 16 46
2072 13 16 39
4281 13 16 32
1845 13 16 24
3630 13 16 15
5201 13 16 6
2456 13 18 91
3359 13 18 83
2818 13 18 75
2605 13 18 66
1092 13 18 55
4996 13 18 45
5362 13 18 35
5622 13 18 24
2932 13 18 15
4554 13 18 6
291 14 1 91
2856 14 1 83
1899 14 1 75
1198 14 1 66
152 14 1 55
4318 14 1 45
3411 14 1 35
2123 14 1 24
2736 14 1 15
4355 14 1 6
5800 14 2 90
3020 14 2 83
5151 14 2 74
665 14 2 69
2777 14 2 61
4467 14 2 53
3893 14 2 46
1386 14 2 39
3415 14 2 32
1306 14 2 24
1725 14 2 15
2021 14 2 6
5402 14 3 90
5767 14 3 82
2705 14 3 75
561 14 3 66
5425 14 3 54
1780 14 3 45
1114 14 3 35
1600 14 3 24
1554 14 3 15
1044 14 3 6
5245 14 4 90
5693 14 4 81
3048 14 4 74
171 14 4 69
1231 14 4 61
4038 14 4 53
3218 14 4 46
305 14 4 39
2632 14 4 32
762 14 4 24
878 14 4 15
3897 14 4 5
4791 14 5 90
4947 14 5 81
2994 14 5 74
4351 14 5 68
1838 14 5 54
238 14 5 45
3308 14 5 34
2944 14 5 24
5496 14 5 14
883 14 5 4
3432 14 7 90
3600 14 7 81
2407 14 7 74
4122 14 7 68
4399 14 7 53
2650 14 7 46
266 14 7 39
867 14 7 32
537 14 7 24
2343 14 7 14
5538 14 7 3
340 14 9 90
3469 14 9 81
4147 14 9 73
5743 14 9 63
2614 14 9 57
5605 14 9 48
227 14 9 40
2356 14 9 31
2659 14 9 24
5410 14 9 13
471 14 9 5
3 14 13 90
3129 14 13 81
3546 14 13 73
1948 14 13 63
2078 14 13 57
1369 14 13 48
5219 14 13 39
5765 14 13 31
2512 14 13 24
4653 14 13 13
299 14 13 5
5203 14 15 89
3717 14 15 81
2451 14 15 73
1558 14 15 63
797 14 15 57
1192 14 15 48
5005 14 15 39
2690 14 15 31
1390 14 15 24
774 14 15 13
5268 14 15 4
3008 14 16 89
3468 14 16 81
5453 14 16 72
2153 14 16 66
5317 14 16 54
5298 14 16 44
1388 14 16 31
1112 14 16 24
639 14 16 13
3842 14 16 4
2764 14 18 89
2920 14 18 81
5030 14 18 71
4136 14 18 65
5556 14 18 58
1216 14 18 49
226 14 18 43
1111 14 18 35
616 14 18 24
628 14 18 13
2414 14 18 4
2273 15 5 89
1826 15 5 81
4454 15 5 71
1398 15 5 65
4647 15 5 58
4989 15 5 48
3735 15 5 39
1491 15 5 31
1066 15 5 24
4651 15 5 12
3755 15 5 5
1836 15 7 89
916 15 7 81
3704 15 7 71
1303 15 7 65
4515 15 7 58
4116 15 7 48
392 15 7 39
1342 15 7 31
421 15 7 24
4623 15 7 12
3754 15 7 5
918 15 9 89
861 15 9 81
130 15 9 71
4618 15 9 64
2025 15 9 56
396 15 9 49
5616 15 9 42
4015 15 9 34
2309 15 9 24
4151 15 9 12
1809 15 9 5
636 15 11 89
5805 15 11 80
5255 15 11 72
1627 15 11 66
3836 15 11 54
4468 15 11 44
4700 15 11 30
4239 15 11 24
3891 15 11 12
1095 15 11 5
587 15 12 89
187 15 12 80
4612 15 12 72
629 15 12 66
1270 15 12 54
3586 15 12 44
3111 15 12 30
1704 15 12 24
2028 15 12 12
580 15 12 5
5196 15 13 88
1474 15 13 82
2290 15 13 75
5281 15 13 65
3491 15 13 58
3143 15 13 48
203 15 13 39
865 15 13 31
351 15 13 24
1255 15 13 12
527 15 13 5
3181 15 15 88
426 15 15 82
1933 15 15 75
4094 15 15 65
1199 15 15 58
719 15 15 48
4439 15 15 38
4290 15 15 32
5692 15 15 23
2434 15 15 17
994 15 15 8
5524 15 16 87
4675 15 16 80
4470 15 16 72
5109 15 16 65
463 15 16 58
285 15 16 48
2228 15 16 38
2452 15 16 32
4358 15 16 23
1500 15 16 17
5737 15 16 7
4433 15 18 87
4073 15 18 80
4405 15 18 72
4475 15 18 65
3902 15 18 57
1029 15 18 48
423 15 18 38
4810 15 18 31
3507 15 18 23
83 15 18 17
3133 15 18 7
2403 16 1 87
4191 16 1 79
3934 16 1 71
3955 16 1 64
1735 16 1 56
5353 16 1 48
4940 16 1 37
4972 16 1 30
228 16 1 24
825 16 1 12
404 16 1 5
768 16 2 87
4086 16 2 79
1740 16 2 71
2280 16 2 64
1425 16 2 56
5277 16 2 48
4836 16 2 37
4564 16 2 30
84 16 2 24
5714 16 2 11
3333 16 2 4
5790 16 3 86
1586 16 3 77
4275 16 3 65
5713 16 3 56
3981 16 3 48
4657 16 3 37
4251 16 3 30
5400 16 3 23
5120 16 3 16
2502 16 3 7
4708 16 4 86
412 16 4 77
3636 16 4 65
4739 16 4 56
2380 16 4 48
4349 16 4 37
982 16 4 30
3634 16 4 23
4224 16 4 16
2288 16 4 6
4560 16 5 86
5791 16 5 76
5082 16 5 65
4688 16 5 56
1536 16 5 48
1854 16 5 37
347 16 5 30
1578 16 5 23
4088 16 5 16
5358 16 5 5
2243 16 7 86
2009 16 7 75
852 16 7 65
2810 16 7 56
702 16 7 48
966 16 7 37
5006 16 7 29
260 16 7 21
2617 16 7 13
11 16 7 4
632 16 9 84
900 16 9 75
5776 16 9 64
1240 16 9 56
5688 16 9 47
993 16 9 40
247 16 9 31
3062 16 9 23
3442 16 9 16
4505 16 9 5
3617 16 11 83
3790 16 11 74
3068 16 11 68
3316 16 11 53
2299 16 11 46
3231 16 11 38
3163 16 11 31
2987 16 11 23
1955 16 11 16
3431 16 11 5
1332 16 15 83
3598 16 15 74
2393 16 15 68
5333 16 15 52
1275 16 15 42
2872 16 15 34
5573 16 15 23
2959 16 15 15
1583 16 15 5
3858 16 16 82
3120 16 16 74
2438 16 16 67
1105 16 16 57
5718 16 16 47
776 16 16 40
2948 16 16 30
240 16 16 23
2293 16 16 15
1187 16 16 5
3282 16 18 82
913 16 18 74
2249 16 18 67
4861 16 18 56
5676 16 18 47
766 16 18 40
2118 16 18 30
5351 16 18 22
4026 16 18 13
3533 16 18 3
4873 16 19 81
5365 16 19 70
5807 16 19 63
571 16 19 57
5489 16 19 47
8 16 19 40
2103 16 19 30
3049 16 19 22
3783 16 19 13
1005 16 19 3
132 17 1 81
2697 17 1 70
5675 17 1 63
5623 17 1 56
4267 17 1 47
5114 17 1 39
560 17 1 31
1750 17 1 23
1468 17 1 15
3434 17 1 4
3786 17 2 80
3177 17 2 72
4413 17 2 65
2459 17 2 56
964 17 2 47
3921 17 2 39
254 17 2 31
1000 17 2 23
323 17 2 15
2087 17 2 4
2382 17 3 80
3060 17 3 72
1970 17 3 65
2337 17 3 56
4425 17 3 46
2975 17 3 38
2963 17 3 31
538 17 3 23
3361 17 3 14
3879 17 3 3
1510 17 4 80
2759 17 4 72
1822 17 4 65
222 17 4 56
3057 17 4 46
2355 17 4 38
4233 17 4 30
1769 17 4 22
3127 17 4 13
999 17 4 3
2071 17 5 79
4754 17 5 70
4052 17 5 63
4910 17 5 56
2638 17 5 46
1630 17 5 38
3295 17 5 30
1518 17 5 22
5052 17 5 12
4400 17 5 4
4687 17 7 78
1850 17 7 70
2387 17 7 63
4168 17 7 56
2192 17 7 46
534 17 7 38
3009 17 7 30
125 17 7 22
4801 17 7 12
3924 17 7 4
1055 17 9 76
732 17 9 65
141 17 9 56
674 17 9 46
264 17 9 38
1957 17 9 30
5796 17 9 21
2602 17 9 13
4107 17 9 2
3494 17 11 73
1376 17 11 62
26 17 11 55
3082 17 11 45
3194 17 11 34
4939 17 11 23
1696 17 11 14
3173 17 11 3
2076 17 13 73
1067 17 13 62
4753 17 13 54
2969 17 13 44
2876 17 13 30
5644 17 13 21
989 17 13 13
3388 17 13 2
3323 17 18 72
1214 17 18 65
114 17 18 56
4973 17 18 45
2297 17 18 34
4368 17 18 23
1070 17 18 14
107 17 18 3
3406 17 19 69
1132 17 19 61
3854 17 19 53
1328 17 19 46
4994 17 19 37
4750 17 19 29
5197 17 19 20
1755 17 19 14
3398 17 19 2
4115 18 5 54
597 18 5 44
2995 18 5 29
4831 18 5 20
4544 18 5 13
2970 18 5 2
5719 18 7 93
5419 18 7 86
1868 18 7 75
5409 18 7 64
4385 18 7 55
1670 18 7 45
1926 18 7 34
2798 18 7 23
250 18 7 14
1931 18 7 2
5008 18 9 93
5330 18 9 86
5270 18 9 74
1116 18 9 67
4622 18 9 56
4008 18 9 45
5700 18 9 32
3665 18 9 23
5810 18 9 13
1776 18 9 2
3650 18 11 93
5259 18 11 86
2526 18 11 74
5554 18 11 66
207 18 11 54
420 18 11 44
3141 18 11 27
792 18 11 20
3240 18 11 13
1308 18 11 2
2107 18 13 93
2219 18 13 86
1999 18 13 74
5486 18 13 66
4762 18 13 53
22 18 13 46
483 18 13 37
4471 18 13 29
4193 18 13 20
1784 18 13 13
182 18 13 2
5706 18 15 92
4364 18 15 83
1858 18 15 74
2326 18 15 66
1907 18 15 53
4942 18 15 45
3666 18 15 32
1229 18 15 23
3473 18 15 13
92 18 15 2
5044 19 0 92
3601 19 0 83
783 19 0 74
1414 19 0 66
5168 19 0 52
5707 19 0 40
663 19 0 30
3894 19 0 21
3187 19 0 12
3829 19 0 3
2801 19 1 92
3373 19 1 83
231 19 1 74
1360 19 1 66
4673 19 1 51
477 19 1 44
1222 19 1 27
707 19 1 20
1781 19 1 13
5801 19 1 1
5540 19 2 91
3908 19 2 82
5651 19 2 73
979 19 2 62
4300 19 2 54
5310 19 2 43
5726 19 2 34
930 19 2 23
3221 19 2 13
5546 19 2 1
2851 19 3 91
3841 19 3 82
4129 19 3 73
866 19 3 62
4058 19 3 54
2594 19 3 43
5534 19 3 34
892 19 3 23
2924 19 3 13
2945 19 3 1
1861 19 4 91
249 19 4 82
2585 19 4 73
3584 19 4 61
3745 19 4 53
4393 19 4 45
2110 19 4 32
5522 19 4 22
3607 19 4 12
3805 19 4 3
614 19 5 91
221 19 5 82
1844 19 5 73
3030 19 5 61
4577 19 5 52
4915 19 5 40
461 19 5 30
175 19 5 21
257 19 5 12
3369 19 5 3
79 19 7 91
5428 19 7 81
2344 19 7 70
1853 19 7 63
3615 19 7 56
3305 19 7 45
5046 19 7 30
4965 19 7 20
166 19 7 13
2866 19 7 3
4173 19 8 90
2926 19 8 81
2207 19 8 70
1417 19 8 63
2201 19 8 56
3225 19 8 45
4174 19 8 30
4896 19 8 20
4524 19 8 12
1117 19 8 3
2988 19 9 90
2198 19 9 81
1777 19 9 70
579 19 9 63
1914 19 9 56
977 19 9 45
3123 19 9 30
4072 19 9 20
3941 19 9 12
4772 19 9 2
1550 19 11 90
1480 19 11 81
1638 19 11 70
5386 19 11 62
3613 19 11 54
1115 19 11 43
4473 19 11 34
848 19 11 23
2651 19 11 13
3991 19 11 2
2753 19 12 89
17 19 12 80
2636 19 12 72
1047 19 12 65
101 19 12 56
3870 19 12 44
928 19 12 27
694 19 12 20
2820 19 12 12
2167 19 12 2
2516 19 13 89
5608 19 13 79
4287 19 13 70
5366 19 13 62
5648 19 13 53
4269 19 13 45
667 19 13 30
2795 19 13 20
2100 19 13 12
1323 19 13 2
2320 19 15 89
3477 19 15 79
3317 19 15 70
3852 19 15 62
2792 19 15 53
3765 19 15 45
391 19 15 30
4751 19 15 19
2168 19 15 12
2069 19 15 1
1604 19 16 89
3286 19 16 79
3212 19 16 70
455 19 16 62
3159 19 16 52
4574 19 16 40
147 19 16 30
4062 19 16 19
360 19 16 12
2719 19 16 4
1219 19 17 89
1052 19 17 79
448 19 17 70
5352 19 17 61
3843 19 17 52
4520 19 17 40
4557 19 17 29
4113 19 17 20
1393 19 17 12
1297 19 17 4
1190 19 18 89
357 19 18 79
5204 19 18 69
1026 19 18 61
2466 19 18 52
4314 19 18 40
2633 19 18 29
3936 19 18 20
4482 19 18 11
5224 19 18 3
5722 19 19 88
413 19 19 82
1045 19 19 73
2634 19 19 61
4375 19 19 51
1570 19 19 43
3560 19 19 34
5165 19 19 22
770 19 19 11
2055 19 19 3
