2815
2697 0 0 97
3175 0 0 95
4751 0 0 91
506 0 0 89
3846 0 0 86
2887 0 0 84
5262 0 0 81
250 0 0 79
1703 0 0 76
4466 0 0 74
2193 0 0 72
4507 0 0 68
4765 0 0 65
483 0 0 63
1972 0 0 59
1408 0 0 56
2221 0 0 53
2059 0 0 50
2964 0 0 47
3712 0 0 45
2599 0 0 42
5104 0 0 39
3109 0 0 36
4682 0 0 33
3618 0 0 31
3813 0 0 28
4512 0 0 24
3790 0 0 21
2840 0 0 18
5135 0 0 16
1415 0 0 14
5190 0 0 11
4471 0 0 8
2125 0 0 6
2762 0 0 4
754 0 0 2
1013 0 1 97
4297 0 1 94
2343 0 1 91
4372 0 1 88
934 0 1 86
45 0 1 84
3462 0 1 81
3577 0 1 78
4789 0 1 75
5141 0 1 72
3370 0 1 68
4678 0 1 65
57 0 1 63
1188 0 1 59
2491 0 1 55
906 0 1 52
128 0 1 50
995 0 1 47
1720 0 1 45
2561 0 1 42
4059 0 1 39
4106 0 1 35
4096 0 1 32
3747 0 1 29
3573 0 1 27
3834 0 1 24
3802 0 1 20
1713 0 1 18
2514 0 1 15
3840 0 1 12
5344 0 1 9
4628 0 1 7
3104 0 1 4
431 0 2 97
3387 0 2 94
5131 0 2 90
4947 0 2 87
5027 0 2 84
2666 0 2 80
60 0 2 78
5197 0 2 74
4540 0 2 71
1725 0 2 68
3514 0 2 65
4058 0 2 62
4267 0 2 60
3232 0 2 57
4992 0 2 55
4676 0 2 51
5143 0 2 48
5215 0 2 45
1920 0 2 42
2532 0 2 38
5108 0 2 35
4731 0 2 30
4684 0 2 28
1570 0 2 24
5384 0 2 19
2094 0 2 15
2907 0 2 12
153 0 2 9
3575 0 2 7
4020 0 2 3
2909 0 3 96
5084 0 3 93
5214 0 3 89
4176 0 3 84
2097 0 3 80
3582 0 3 77
5290 0 3 75
5016 0 3 71
5173 0 3 67
1870 0 3 63
4424 0 3 58
1824 0 3 56
1222 0 3 53
1068 0 3 50
796 0 3 47
333 0 3 45
1787 0 3 42
85 0 3 38
750 0 3 35
3756 0 3 30
5288 0 3 27
2105 0 3 24
3925 0 3 19
4704 0 3 14
4296 0 3 11
3500 0 3 8
791 0 3 6
4320 0 3 3
2081 0 4 96
2305 0 4 93
4645 0 4 89
3908 0 4 84
1446 0 4 80
3099 0 4 77
905 0 4 75
1976 0 4 71
3895 0 4 67
1538 0 4 63
2625 0 4 58
1564 0 4 56
5412 0 4 52
3553 0 4 49
2333 0 4 46
3958 0 4 42
4405 0 4 37
5415 0 4 35
941 0 4 30
888 0 4 27
3725 0 4 23
440 0 4 20
239 0 4 18
1992 0 4 15
3356 0 4 11
885 0 4 8
1283 0 4 5
4398 0 4 2
1127 0 5 96
4278 0 5 92
713 0 5 89
3429 0 5 84
1301 0 5 80
245 0 5 77
4511 0 5 74
3421 0 5 70
485 0 5 68
3087 0 5 65
4685 0 5 61
3452 0 5 58
4835 0 5 55
3903 0 5 51
3640 0 5 48
4655 0 5 45
4387 0 5 40
4533 0 5 36
3481 0 5 32
2710 0 5 29
3438 0 5 26
882 0 5 24
3070 0 5 19
4583 0 5 14
2700 0 5 11
3276 0 5 7
4489 0 5 2
4686 0 6 95
4370 0 6 91
2753 0 6 88
94 0 6 86
932 0 6 83
1654 0 6 81
1201 0 6 78
5119 0 6 74
2383 0 6 70
3069 0 6 67
4465 0 6 62
359 0 6 60
793 0 6 57
1843 0 6 55
2015 0 6 51
4488 0 6 47
2947 0 6 44
4772 0 6 41
4518 0 6 39
3765 0 6 35
838 0 6 30
751 0 6 27
2760 0 6 23
4851 0 6 19
4005 0 6 14
2066 0 6 10
2896 0 6 7
3754 0 6 2
4382 0 7 95
2601 0 7 91
4228 0 7 87
4953 0 7 84
567 0 7 79
4804 0 7 75
1507 0 7 71
3576 0 7 67
3976 0 7 62
768 0 7 59
1241 0 7 55
4743 0 7 50
86 0 7 47
1425 0 7 44
2271 0 7 41
5247 0 7 38
4960 0 7 34
4229 0 7 32
2161 0 7 28
1513 0 7 24
2217 0 7 19
3595 0 7 14
907 0 7 10
2296 0 7 7
2728 0 7 2
3133 0 8 95
2107 0 8 91
3762 0 8 87
4613 0 8 83
438 0 8 80
4312 0 8 76
1004 0 8 74
2286 0 8 70
3303 0 8 65
4233 0 8 61
4031 0 8 57
4830 0 8 54
4356 0 8 51
4067 0 8 47
5414 0 8 43
1687 0 8 41
403 0 8 38
4776 0 8 34
3025 0 8 29
4718 0 8 25
533 0 8 22
4850 0 8 19
3382 0 8 14
5406 0 8 9
2233 0 8 6
5001 0 8 1
2870 0 9 95
1268 0 9 91
3488 0 9 87
4539 0 9 82
3645 0 9 80
711 0 9 76
2644 0 9 73
2670 0 9 71
3279 0 9 66
4805 0 9 63
2518 0 9 58
4276 0 9 54
4541 0 9 50
1306 0 9 46
3176 0 9 42
1317 0 9 37
4813 0 9 34
4245 0 9 28
2856 0 9 23
4195 0 9 19
725 0 9 14
2055 0 9 9
959 0 9 6
4589 0 9 1
652 0 10 95
3551 0 10 90
1629 0 10 87
4214 0 10 82
1508 0 10 79
4793 0 10 75
4000 0 10 70
3062 0 10 65
3780 0 10 60
3083 0 10 56
5029 0 10 52
3207 0 10 49
5320 0 10 45
3746 0 10 40
1347 0 10 36
1486 0 10 32
1867 0 10 28
1669 0 10 23
2173 0 10 19
185 0 10 14
1601 0 10 9
5233 0 10 5
2574 0 10 2
3969 0 11 94
4712 0 11 90
5339 0 11 86
5333 0 11 82
4408 0 11 78
5045 0 11 74
5232 0 11 69
5366 0 11 67
2698 0 11 62
4945 0 11 58
2927 0 11 54
3305 0 11 50
3339 0 11 45
2759 0 11 40
2237 0 11 35
2819 0 11 29
4510 0 11 25
3525 0 11 21
5416 0 11 17
1092 0 11 15
130 0 11 11
2065 0 11 7
2481 0 11 2
3015 0 12 94
4366 0 12 90
196 0 12 85
28 0 12 82
2914 0 12 78
3720 0 12 74
2528 0 12 69
4130 0 12 66
4249 0 12 62
3455 0 12 58
5115 0 12 53
1354 0 12 49
3772 0 12 45
1171 0 12 40
1292 0 12 35
2399 0 12 29
4250 0 12 25
3038 0 12 21
2825 0 12 17
474 0 12 14
717 0 12 9
3343 0 12 5
4896 0 12 1
2888 0 13 94
3244 0 13 90
4629 0 13 84
4626 0 13 78
856 0 13 74
1409 0 13 69
1812 0 13 66
2076 0 13 62
2151 0 13 58
4304 0 13 53
5101 0 13 48
429 0 13 45
635 0 13 40
3378 0 13 34
2598 0 13 28
417 0 13 23
2019 0 13 19
5322 0 13 13
237 0 13 11
8 0 13 7
969 0 13 2
1397 0 14 94
2508 0 14 90
3919 0 14 84
3325 0 14 78
534 0 14 73
3546 0 14 69
1156 0 14 66
3338 0 14 61
2050 0 14 57
2843 0 14 54
728 0 14 50
3032 0 14 45
44 0 14 40
1359 0 14 34
1873 0 14 28
4998 0 14 22
4222 0 14 18
5132 0 14 14
5128 0 14 8
2875 0 14 4
1335 0 15 94
1204 0 15 90
3740 0 15 84
2435 0 15 77
3162 0 15 74
864 0 15 69
290 0 15 66
146 0 15 61
1888 0 15 57
2204 0 15 54
721 0 15 50
1484 0 15 45
4238 0 15 39
1089 0 15 35
3849 0 15 28
2769 0 15 22
2667 0 15 18
2999 0 15 14
4101 0 15 8
5035 0 15 3
899 0 16 94
3256 0 16 89
1337 0 16 84
4940 0 16 76
889 0 16 73
3034 0 16 69
3980 0 16 65
1934 0 16 60
4277 0 16 55
825 0 16 50
5409 0 16 44
4760 0 16 40
110 0 16 34
916 0 16 28
807 0 16 22
1117 0 16 18
3027 0 16 13
2994 0 16 10
3630 0 16 6
3684 0 16 1
4954 0 17 93
3817 0 17 89
5278 0 17 83
5256 0 17 79
4392 0 17 75
3250 0 17 70
2911 0 17 65
1609 0 17 60
2169 0 17 55
5281 0 17 48
4665 0 17 44
3886 0 17 40
2723 0 17 33
3173 0 17 31
3690 0 17 28
640 0 17 22
170 0 17 18
2316 0 17 13
2366 0 17 10
3395 0 17 6
2962 0 17 1
4853 0 18 93
66 0 18 89
3880 0 18 83
4416 0 18 79
4834 0 18 74
3761 0 18 68
1869 0 18 65
1219 0 18 60
3375 0 18 54
4981 0 18 49
687 0 18 45
1400 0 18 39
1033 0 18 35
3110 0 18 28
4600 0 18 21
1475 0 18 17
3986 0 18 13
5266 0 18 9
2164 0 18 5
2921 0 18 1
4792 0 19 93
4895 0 19 88
3367 0 19 85
3939 0 19 81
786 0 19 78
402 0 19 73
5282 0 19 68
347 0 19 64
4849 0 19 61
4203 0 19 56
3814 0 19 52
2436 0 19 49
2709 0 19 44
3852 0 19 40
2329 0 19 33
4801 0 19 29
2279 0 19 25
4251 0 19 20
1281 0 19 16
4944 0 19 12
4054 0 19 8
3902 0 19 3
4133 2 0 93
4459 2 0 88
2363 2 0 85
3710 2 0 81
4094 2 0 77
2250 2 0 74
1746 2 0 68
325 2 0 64
3753 2 0 61
3159 2 0 56
3789 2 0 52
1684 2 0 49
2020 2 0 44
4873 2 0 39
984 2 0 35
2586 2 0 28
2219 2 0 21
1048 2 0 17
3605 2 0 13
4546 2 0 9
4503 2 0 4
2616 2 1 93
3436 2 1 88
5351 2 1 84
2469 2 1 76
2503 2 1 72
3341 2 1 68
5200 2 1 63
5240 2 1 57
1826 2 1 54
4943 2 1 49
3330 2 1 43
4545 2 1 40
1810 2 1 33
3964 2 1 29
1817 2 1 25
559 2 1 20
586 2 1 16
4932 2 1 11
3732 2 1 6
1511 2 2 93
2806 2 2 88
5217 2 2 84
1659 2 2 76
2981 2 2 71
3102 2 2 66
5237 2 2 60
2542 2 2 54
3745 2 2 49
3041 2 2 43
3373 2 2 39
726 2 2 35
812 2 2 28
1505 2 2 21
847 2 2 17
5375 2 2 12
3203 2 2 8
1819 2 2 3
547 2 3 93
4401 2 3 87
3730 2 3 82
1432 2 3 77
819 2 3 74
1045 2 3 68
4322 2 3 63
4354 2 3 57
4368 2 3 53
4907 2 3 48
3786 2 3 44
4555 2 3 39
398 2 3 35
477 2 3 28
229 2 3 21
3534 2 3 16
2632 2 3 11
1760 2 3 6
457 2 4 93
3535 2 4 87
3351 2 4 82
2342 2 4 76
1344 2 4 71
2665 2 4 66
2425 2 4 60
1498 2 4 54
2869 2 4 49
2735 2 4 43
3074 2 4 39
3621 2 4 34
2653 2 4 27
2547 2 4 23
2722 2 4 18
2141 2 4 13
3412 2 4 9
4353 2 4 4
5277 2 5 92
415 2 5 89
3313 2 5 83
3239 2 5 79
2637 2 5 74
930 2 5 68
3931 2 5 63
3779 2 5 57
661 2 5 53
3447 2 5 48
190 2 5 44
4112 2 5 39
2886 2 5 34
2297 2 5 27
3988 2 5 22
5245 2 5 17
4506 2 5 11
833 2 5 6
4904 2 6 92
5235 2 6 88
4330 2 6 83
5010 2 6 78
2543 2 6 72
3183 2 6 68
3873 2 6 63
2648 2 6 57
4213 2 6 52
4257 2 6 48
5142 2 6 43
696 2 6 39
2797 2 6 34
2084 2 6 27
1841 2 6 22
4964 2 6 17
4226 2 6 11
583 2 6 6
4379 2 7 92
2280 2 7 87
3052 2 7 82
2049 2 7 76
926 2 7 71
80 2 7 66
2387 2 7 60
1037 2 7 54
1828 2 7 49
2525 2 7 43
3394 2 7 38
4637 2 7 34
1750 2 7 27
4174 2 7 21
3045 2 7 16
2412 2 7 11
4243 2 7 5
2663 2 8 92
2199 2 8 87
4425 2 8 81
1177 2 8 76
5306 2 8 70
1923 2 8 65
5404 2 8 59
631 2 8 55
5218 2 8 48
3137 2 8 43
2954 2 8 38
4434 2 8 34
1462 2 8 27
3961 2 8 21
2763 2 8 16
1811 2 8 11
4218 2 8 5
1694 2 9 92
1833 2 9 87
3304 2 9 81
5324 2 9 75
2063 2 9 70
3884 2 9 64
3158 2 9 61
2460 2 9 56
1612 2 9 52
1293 2 9 48
2214 2 9 43
4921 2 9 37
4483 2 9 34
3921 2 9 26
5047 2 9 23
2684 2 9 18
1632 2 9 13
2860 2 9 9
4237 2 9 4
1012 2 11 92
4821 2 11 86
5065 2 11 82
1458 2 11 76
4095 2 11 70
3806 2 11 64
5050 2 11 60
753 2 11 54
1777 2 11 49
1929 2 11 43
4785 2 11 37
1686 2 11 34
2591 2 11 26
1524 2 11 23
731 2 11 18
536 2 11 13
1280 2 11 9
3536 2 11 4
5299 2 13 91
1454 2 13 87
3415 2 13 80
2448 2 13 75
1958 2 13 70
3217 2 13 64
3917 2 13 60
217 2 13 54
598 2 13 49
685 2 13 43
3544 2 13 37
5371 2 13 33
1131 2 13 29
1569 2 13 25
4832 2 13 19
2920 2 13 13
319 2 13 9
3359 2 13 4
3864 2 14 91
535 2 14 87
3039 2 14 80
2034 2 14 75
1942 2 14 70
2808 2 14 64
2239 2 14 59
213 2 14 55
3760 2 14 48
599 2 14 43
3369 2 14 37
3157 2 14 33
2867 2 14 28
4485 2 14 20
5158 2 14 15
5171 2 14 10
2850 2 14 6
3273 2 15 91
2556 2 15 86
5144 2 15 81
3966 2 15 75
1898 2 15 70
2500 2 15 64
712 2 15 59
3856 2 15 54
416 2 15 49
5279 2 15 42
424 2 15 37
1852 2 15 33
2281 2 15 28
3625 2 15 20
4093 2 15 15
3008 2 15 10
2337 2 15 6
2452 2 16 91
1701 2 16 86
5022 2 16 81
3138 2 16 75
729 2 16 69
5251 2 16 64
4443 2 16 58
4179 2 16 53
2611 2 16 48
461 2 16 43
3091 2 16 37
1385 2 16 33
771 2 16 28
3610 2 16 20
3734 2 16 15
5102 2 16 9
858 2 16 4
496 2 17 91
4889 2 17 85
2636 2 17 81
5112 2 17 74
872 2 17 68
2417 2 17 63
2180 2 17 57
1890 2 17 52
3368 2 17 47
2147 2 17 43
2817 2 17 37
4410 2 17 32
1614 2 17 28
2694 2 17 20
367 2 17 15
3348 2 17 9
101 2 17 4
271 2 18 91
4452 2 18 85
1027 2 18 81
4644 2 18 74
2707 2 18 67
4089 2 18 61
4557 2 18 55
2960 2 18 48
331 2 18 43
2685 2 18 37
3872 2 18 32
4941 2 18 27
2213 2 18 21
2687 2 18 16
102 2 18 11
4187 2 18 5
2449 2 19 90
3016 2 19 84
1311 2 19 76
3675 2 19 70
1809 2 19 64
4371 2 19 58
3878 2 19 53
1698 2 19 48
218 2 19 43
2047 2 19 37
3427 2 19 32
4104 2 19 27
4997 2 19 20
29 2 19 15
2922 2 19 9
5182 2 19 3
2243 3 0 90
2787 3 0 84
894 3 0 76
1953 3 0 70
1258 3 0 64
2645 3 0 58
3166 3 0 53
5120 3 0 47
1249 3 0 43
964 3 0 37
3293 3 0 32
2756 3 0 27
4794 3 0 20
5348 3 0 14
3776 3 0 8
1288 3 0 3
601 3 1 90
2767 3 1 84
3264 3 1 75
4272 3 1 68
1445 3 1 63
1239 3 1 57
3923 3 1 51
4060 3 1 47
572 3 1 43
3601 3 1 36
312 3 1 32
512 3 1 27
2705 3 1 20
4389 3 1 14
609 3 1 8
1181 3 1 3
89 3 2 90
3606 3 2 83
3115 3 2 78
2537 3 2 72
2070 3 2 68
455 3 2 63
253 3 2 57
3838 3 2 51
2827 3 2 47
3004 3 2 42
3711 3 2 36
3161 3 2 31
1813 3 2 28
2620 3 2 20
4149 3 2 14
296 3 2 8
971 3 2 3
4757 3 3 89
2820 3 3 83
3037 3 3 78
5385 3 3 71
2501 3 3 65
4991 3 3 59
2415 3 3 54
352 3 3 49
3428 3 3 42
2488 3 3 36
606 3 3 31
529 3 3 27
5161 3 3 19
2510 3 3 13
4448 3 3 8
5252 3 3 2
3555 3 4 89
2182 3 4 83
2725 3 4 78
4119 3 4 71
1959 3 4 65
2811 3 4 59
2295 3 4 54
243 3 4 49
1406 3 4 42
927 3 4 36
4973 3 4 30
2910 3 4 26
1208 3 4 23
435 3 4 18
364 3 4 13
3574 3 4 8
2877 3 4 1
1379 3 5 89
1702 3 5 83
2541 3 5 78
3075 3 5 71
1940 3 5 65
1521 3 5 59
2227 3 5 54
5174 3 5 48
5253 3 5 42
5303 3 5 35
4 3 5 28
2526 3 5 20
3927 3 5 14
4976 3 5 7
47 3 5 2
4355 3 6 88
3680 3 6 83
1754 3 6 78
368 3 6 71
1024 3 6 65
1393 3 6 59
4383 3 6 53
4081 3 6 47
1102 3 6 42
4698 3 6 35
3188 3 6 27
4508 3 6 19
1878 3 6 13
2340 3 6 8
2370 3 6 1
2277 3 7 88
3426 3 7 83
862 3 7 78
5359 3 7 70
5310 3 7 63
3810 3 7 56
4650 3 7 51
2736 3 7 47
383 3 7 42
4588 3 7 35
5229 3 7 26
4608 3 7 22
4692 3 7 17
2394 3 7 11
3818 3 7 5
1600 3 8 88
3211 3 8 83
809 3 8 78
5081 3 8 70
2136 3 8 63
3612 3 8 56
4480 3 8 51
78 3 8 47
3920 3 8 41
4875 3 8 37
1223 3 8 32
4338 3 8 26
3644 3 8 22
2604 3 8 17
2228 3 8 11
3459 3 8 5
4619 3 9 87
1165 3 9 80
4688 3 9 74
960 3 9 67
3268 3 9 61
4412 3 9 55
2023 3 9 48
5164 3 9 42
4438 3 9 35
4458 3 9 26
4515 3 9 21
1286 3 9 16
4132 3 9 10
1892 3 9 6
4494 3 11 87
554 3 11 80
4490 3 11 74
510 3 11 67
644 3 11 61
2837 3 11 55
1964 3 11 48
3114 3 11 42
3063 3 11 35
3322 3 11 26
4055 3 11 21
1604 3 11 15
344 3 11 9
2102 3 11 3
2466 3 13 87
329 3 13 80
4011 3 13 74
3914 3 13 66
2108 3 13 60
120 3 13 54
1765 3 13 48
1291 3 13 42
2095 3 13 35
610 3 13 26
2507 3 13 21
4646 3 13 14
4429 3 13 7
4581 3 13 1
2302 3 14 87
1329 3 14 79
2155 3 14 74
3259 3 14 66
883 3 14 59
4248 3 14 53
2849 3 14 47
2862 3 14 41
4202 3 14 37
988 3 14 32
3216 3 14 26
3467 3 14 20
3626 3 14 14
3113 3 14 7
4409 3 14 1
3180 3 15 86
3744 3 15 81
2310 3 15 74
3214 3 15 66
450 3 15 59
3615 3 15 53
1739 3 15 47
2179 3 15 41
3433 3 15 37
4534 3 15 31
92 3 15 27
3639 3 15 19
985 3 15 13
1585 3 15 8
1041 3 15 1
5057 3 16 85
4108 3 16 80
3979 3 16 74
1474 3 16 66
70 3 16 59
3407 3 16 53
1150 3 16 47
859 3 16 41
2939 3 16 37
3697 3 16 31
5013 3 16 26
1520 3 16 20
2235 3 16 14
2565 3 16 7
4362 3 16 1
5006 3 17 85
3909 3 17 80
2511 3 17 74
42 3 17 66
4208 3 17 58
2191 3 17 53
7 3 17 47
2973 3 17 40
1083 3 17 33
99 3 17 28
4198 3 17 19
460 3 17 13
5011 3 17 7
4235 3 17 1
3511 3 18 85
3480 3 18 80
22 3 18 74
2836 3 18 65
806 3 18 59
3930 3 18 52
2872 3 18 47
2068 3 18 40
566 3 18 33
5090 3 18 27
3393 3 18 19
5280 3 18 12
1502 3 18 8
910 3 18 1
3048 3 19 85
2418 3 19 80
4923 3 19 73
3066 3 19 68
4734 3 19 62
716 3 19 58
5367 3 19 52
2471 3 19 47
1044 3 19 40
4930 3 19 32
3174 3 19 26
5127 3 19 19
4468 3 19 12
5350 3 19 7
2036 3 19 1
4592 4 9 84
2932 4 9 75
3425 4 9 68
4240 4 9 62
4309 4 9 57
2122 4 9 51
4524 4 9 46
2245 4 9 42
1424 4 9 35
5289 4 9 25
4798 4 9 19
3513 4 9 12
4611 4 9 7
3419 4 11 84
2584 4 11 75
2956 4 11 68
3898 4 11 62
3464 4 11 57
1428 4 11 51
4279 4 11 46
1747 4 11 42
1373 4 11 35
5191 4 11 25
2522 4 11 19
3057 4 11 12
3968 4 11 7
2021 4 13 84
2373 4 13 75
3384 4 13 67
270 4 13 61
1315 4 13 54
1128 4 13 48
979 4 13 42
489 4 13 35
4781 4 13 25
2300 4 13 19
2693 4 13 12
3181 4 13 7
1807 5 0 84
2135 5 0 75
755 5 0 67
58 5 0 61
1038 5 0 54
1017 5 0 48
343 5 0 42
334 5 0 35
4529 5 0 25
2091 5 0 19
2480 5 0 12
2487 5 0 7
4659 5 1 83
5380 5 1 77
223 5 1 74
1189 5 1 65
5175 5 1 58
5272 5 1 52
2192 5 1 47
865 5 1 40
4861 5 1 32
3112 5 1 26
5040 5 1 19
1566 5 1 12
2181 5 1 7
4561 5 2 83
5206 5 2 77
4866 5 2 73
1846 5 2 68
3769 5 2 62
1649 5 2 57
5358 5 2 50
5387 5 2 44
3519 5 2 39
1470 5 2 34
886 5 2 26
4770 5 2 19
1390 5 2 12
1599 5 2 7
2560 5 3 83
4457 5 3 77
1855 5 3 73
3609 5 3 67
4073 5 3 60
5189 5 3 53
4870 5 3 46
1265 5 3 42
4856 5 3 34
795 5 3 26
4726 5 3 19
861 5 3 12
5241 5 3 6
4339 5 4 81
2519 5 4 73
2111 5 4 67
3280 5 4 60
4470 5 4 53
3044 5 4 46
4826 5 4 41
829 5 4 37
1353 5 4 31
3484 5 4 26
4163 5 4 19
182 5 4 12
3759 5 4 6
4612 5 5 79
1987 5 5 74
1143 5 5 65
3473 5 5 58
4862 5 5 52
1398 5 5 47
4171 5 5 39
4788 5 5 33
3997 5 5 27
2978 5 5 19
4399 5 5 11
961 5 5 5
3663 5 6 79
1101 5 6 74
763 5 6 65
3397 5 6 58
3736 5 6 52
1333 5 6 47
3823 5 6 39
4720 5 6 33
50 5 6 27
2534 5 6 19
3743 5 6 11
4610 5 6 4
3654 5 7 79
592 5 7 74
12 5 7 65
1512 5 7 58
2531 5 7 52
1276 5 7 47
3585 5 7 39
3874 5 7 33
4585 5 7 26
1805 5 7 19
3491 5 7 11
4504 5 7 4
3973 5 9 77
1235 5 9 73
1110 5 9 67
3235 5 9 60
2950 5 9 53
2229 5 9 46
4587 5 9 41
5118 5 9 36
4363 5 9 30
1862 5 9 26
4523 5 9 18
4361 5 9 12
3221 5 9 6
3437 5 11 77
3799 5 11 72
1468 5 11 68
2434 5 11 62
1332 5 11 57
3300 5 11 50
3897 5 11 44
1386 5 11 39
3035 5 11 33
2350 5 11 26
5356 5 11 17
1137 5 11 11
4039 5 11 4
2682 5 13 75
1882 5 13 66
2848 5 13 58
2255 5 13 52
816 5 13 47
1205 5 13 39
2439 5 13 33
1761 5 13 26
5331 5 13 17
467 5 13 11
3482 5 13 4
3847 5 15 68
2332 5 15 62
1185 5 15 57
2795 5 15 50
3668 5 15 44
4269 5 15 38
780 5 15 34
5099 5 15 25
4165 5 15 18
1740 5 15 12
2946 5 15 6
4125 5 16 67
1974 5 16 60
2205 5 16 53
4777 5 16 45
4052 5 16 38
4946 5 16 33
164 5 16 26
3758 5 16 17
396 5 16 11
3402 5 16 4
4926 5 17 60
2139 5 17 53
4331 5 17 45
3850 5 17 38
4437 5 17 33
1340 5 17 25
3893 5 17 18
1370 5 17 12
748 5 17 6
490 5 18 96
3875 5 18 92
3596 5 18 86
204 5 18 81
830 5 18 73
605 5 18 67
1903 5 18 60
612 5 18 53
3347 5 18 45
3309 5 18 38
3844 5 18 33
3934 5 18 24
1797 5 18 19
1450 5 18 11
2768 5 18 4
5386 5 19 95
2833 5 19 90
1588 5 19 83
2614 5 19 77
3539 5 19 72
4287 5 19 67
1729 5 19 60
37 5 19 53
3218 5 19 45
1967 5 19 38
3619 5 19 32
2982 5 19 26
2290 5 19 17
5372 5 19 10
140 5 19 6
3715 6 0 95
1402 6 0 90
1234 6 0 83
1203 6 0 77
3189 6 0 72
1159 6 0 67
1320 6 0 60
4298 6 0 52
5005 6 0 46
4009 6 0 41
3195 6 0 36
4350 6 0 30
569 6 0 26
1000 6 0 17
3193 6 0 10
5103 6 0 5
3274 6 11 95
700 6 11 90
109 6 11 83
4396 6 11 76
1591 6 11 70
1941 6 11 63
3565 6 11 56
2490 6 11 51
3308 6 11 46
3579 6 11 41
2176 6 11 36
3957 6 11 30
427 6 11 26
5082 6 11 16
3530 6 11 10
4145 6 11 4
2631 6 13 95
4986 6 13 89
1617 6 13 83
3261 6 13 76
4989 6 13 69
5071 6 13 64
686 6 13 58
760 6 13 52
2656 6 13 46
2159 6 13 41
924 6 13 36
2754 6 13 30
5058 6 13 25
1779 6 13 18
1179 6 13 12
2282 6 13 5
227 7 0 95
4918 7 0 89
1267 7 0 83
1626 7 0 76
4838 7 0 69
5067 7 0 64
3876 7 0 57
1479 7 0 50
3498 7 0 44
1500 7 0 38
247 7 0 32
2178 7 0 26
2675 7 0 16
2873 7 0 10
1784 7 0 4
5018 7 1 94
3031 7 1 89
5273 7 1 82
299 7 1 76
4065 7 1 69
3932 7 1 64
3475 7 1 57
1200 7 1 50
1743 7 1 44
339 7 1 38
1939 7 1 31
3458 7 1 26
2458 7 1 16
1544 7 1 10
1404 7 1 4
2304 7 2 94
1603 7 2 89
4293 7 2 82
992 7 2 75
386 7 2 66
2003 7 2 58
370 7 2 52
1316 7 2 46
1084 7 2 41
839 7 2 36
2289 7 2 30
3820 7 2 25
1309 7 2 18
933 7 2 12
64 7 2 5
1772 7 3 94
4349 7 3 88
1775 7 3 83
5392 7 3 75
3936 7 3 65
585 7 3 58
5228 7 3 51
1389 7 3 46
544 7 3 41
2615 7 3 35
4078 7 3 25
1228 7 3 18
814 7 3 12
5343 7 3 4
4294 7 4 93
2254 7 4 87
870 7 4 79
5074 7 4 73
393 7 4 67
1254 7 4 60
3400 7 4 52
653 7 4 46
186 7 4 41
1343 7 4 35
1998 7 4 25
3787 7 4 17
2803 7 4 10
1348 7 4 4
914 7 5 93
699 7 5 87
356 7 5 79
4075 7 5 73
5204 7 5 66
1497 7 5 58
4929 7 5 51
108 7 5 46
5124 7 5 40
4544 7 5 32
2144 7 5 26
1113 7 5 16
470 7 5 10
836 7 5 4
5259 7 6 92
2330 7 6 86
2612 7 6 80
4118 7 6 73
4397 7 6 66
1384 7 6 58
4462 7 6 51
2609 7 6 45
1829 7 6 38
955 7 6 31
3396 7 6 26
4714 7 6 15
1321 7 6 8
161 7 6 1
2404 7 7 92
320 7 7 86
2467 7 7 80
732 7 7 73
3591 7 7 66
3977 7 7 57
4949 7 7 49
4048 7 7 41
5419 7 7 34
3646 7 7 25
3492 7 7 17
1330 7 7 10
176 7 7 4
2261 7 8 92
301 7 8 86
2451 7 8 80
600 7 8 73
1314 7 8 66
2365 7 8 57
3560 7 8 49
3882 7 8 41
2262 7 8 34
4097 7 8 24
4352 7 8 18
4553 7 8 11
2521 7 8 4
5008 7 9 91
4156 7 9 85
32 7 9 80
3767 7 9 72
801 7 9 67
4107 7 9 59
2086 7 9 52
473 7 9 46
4966 7 9 40
4475 7 9 32
782 7 9 26
3839 7 9 15
1028 7 9 8
4043 7 11 91
3693 7 11 85
1814 7 11 79
2121 7 11 73
1023 7 11 66
377 7 11 57
1064 7 11 49
3177 7 11 41
5021 7 11 33
355 7 11 24
3985 7 11 18
4445 7 11 11
1020 7 11 4
3733 7 13 91
3540 7 13 85
1449 7 13 79
1021 7 13 73
317 7 13 66
3962 7 13 56
4150 7 13 50
1069 7 13 44
5025 7 13 37
5009 7 13 30
2074 7 13 25
285 7 13 17
1162 7 13 10
4639 7 13 3
3009 7 15 90
1865 7 15 82
3285 7 15 74
3209 7 15 64
2489 7 15 57
1061 7 15 49
850 7 15 41
4415 7 15 33
4593 7 15 23
284 7 15 18
1590 7 15 11
619 7 15 4
1274 7 17 90
1284 7 17 82
3000 7 17 74
3060 7 17 64
1401 7 17 57
4914 7 17 48
5113 7 17 41
3257 7 17 33
4464 7 17 23
3862 7 17 17
820 7 17 10
4453 7 17 3
3928 7 18 89
3938 7 18 82
4467 7 18 73
4876 7 18 65
4750 7 18 57
3793 7 18 48
4380 7 18 41
1688 7 18 33
3698 7 18 23
1199 7 18 17
259 7 18 10
3602 7 18 3
2747 7 19 89
2959 7 19 82
3376 7 19 73
4053 7 19 65
4196 7 19 57
3414 7 19 48
4246 7 19 41
938 7 19 33
2847 7 19 23
517 7 19 17
4393 7 19 9
71 7 19 3
2715 8 9 89
1936 8 9 82
2985 8 9 73
3867 8 9 65
2517 8 9 57
3282 8 9 48
3059 8 9 41
815 8 9 33
2794 8 9 23
4887 8 9 16
412 8 9 10
3243 8 9 3
1420 8 11 89
1708 8 11 82
1493 8 11 73
4898 8 11 64
2696 8 11 56
4030 8 11 50
322 8 11 44
3331 8 11 37
4893 8 11 30
1244 8 11 25
4971 8 11 16
4565 8 11 9
1576 8 11 2
1046 8 13 89
1504 8 13 82
840 8 13 73
797 8 13 64
2209 8 13 56
3516 8 13 50
286 8 13 44
2712 8 13 37
4115 8 13 30
1050 8 13 25
4965 8 13 16
4395 8 13 9
1207 8 13 2
5060 8 15 88
74 8 15 83
5169 8 15 75
3416 8 15 65
2463 8 15 57
2067 8 15 48
2979 8 15 41
4857 8 15 32
3708 8 15 25
4423 8 15 16
4935 8 15 8
5184 8 17 87
5160 8 17 78
1957 8 17 70
34 8 17 63
1453 8 17 56
2594 8 17 50
4668 8 17 43
3241 8 17 36
747 8 17 30
4683 8 17 24
3456 8 17 18
1356 8 17 10
2405 8 17 3
3623 8 18 87
4647 8 18 78
3299 8 18 69
2737 8 18 64
1742 8 18 56
2572 8 18 50
4129 8 18 43
3080 8 18 36
524 8 18 30
2032 8 18 24
3302 8 18 18
452 8 18 10
1961 8 18 3
3238 8 19 87
4265 8 19 78
2447 8 19 69
2669 8 19 64
472 8 19 56
2353 8 19 50
2225 8 19 43
220 8 19 36
304 8 19 30
1602 8 19 24
3072 8 19 18
3948 8 19 9
3687 8 19 1
2771 9 0 87
4216 9 0 78
4651 9 0 68
1350 9 0 62
5110 9 0 56
1141 9 0 50
1161 9 0 43
116 9 0 36
4374 9 0 29
1490 9 0 25
3014 9 0 16
3608 9 0 8
1948 9 1 87
3227 9 1 78
3967 9 1 68
4897 9 1 61
479 9 1 54
584 9 1 48
2738 9 1 41
3271 9 1 32
3190 9 1 25
2641 9 1 16
3527 9 1 8
5178 9 2 85
179 9 2 79
3773 9 2 72
5039 9 2 66
3084 9 2 56
3281 9 2 49
3963 9 2 40
4259 9 2 32
2483 9 2 25
2291 9 2 16
2082 9 2 8
4951 9 3 84
20 9 3 75
2788 9 3 65
1733 9 3 57
1741 9 3 48
3399 9 3 40
1663 9 3 32
1726 9 3 25
2077 9 3 16
19 9 3 8
912 9 4 84
4111 9 4 74
5156 9 4 63
1063 9 4 56
2455 9 4 49
3643 9 4 40
1430 9 4 32
1049 9 4 25
1689 9 4 16
5238 9 4 7
4881 9 5 82
4535 9 5 72
4194 9 5 66
2427 9 5 56
1798 9 5 49
3033 9 5 40
643 9 5 32
981 9 5 25
892 9 5 16
3566 9 5 7
2649 9 6 82
4522 9 6 72
3311 9 6 66
2012 9 6 56
1646 9 6 49
5077 9 6 39
1645 9 6 33
4044 9 6 22
626 9 6 17
3721 9 6 9
3669 9 6 1
4915 9 8 81
225 9 8 73
326 9 8 64
4773 9 8 55
987 9 8 48
1705 9 8 40
406 9 8 32
316 9 8 25
5264 9 8 15
4854 9 8 7
3633 9 9 79
2646 9 9 72
3707 9 9 65
846 9 9 57
1215 9 9 48
1236 9 9 40
189 9 9 32
5129 9 9 24
2885 9 9 18
104 9 9 9
3548 9 9 1
1900 9 11 79
2643 9 11 72
3518 9 11 65
532 9 11 57
4295 9 11 47
561 9 11 39
1549 9 11 33
3821 9 11 22
462 9 11 17
2668 9 11 9
579 9 11 1
1510 9 13 79
1924 9 13 72
2395 9 13 65
280 9 13 57
3682 9 13 47
3859 9 13 38
5162 9 13 30
738 9 13 24
2323 9 13 18
5222 9 13 8
1157 9 15 78
3424 9 15 68
3960 9 15 61
4948 9 15 53
2617 9 15 45
897 9 15 37
3056 9 15 30
5422 9 15 23
2206 9 15 16
1214 9 15 7
1660 9 17 76
2976 9 17 69
2129 9 17 64
4723 9 17 55
980 9 17 48
349 9 17 40
4663 9 17 31
3022 9 17 26
1642 9 17 15
4394 9 17 7
3617 10 0 73
2674 10 0 63
4696 10 0 55
798 10 0 48
4220 10 0 39
1054 10 0 33
5341 10 0 21
3679 10 0 14
2246 10 0 7
1334 10 1 73
2328 10 1 63
4135 10 1 55
4326 10 1 47
3854 10 1 38
2677 10 1 30
4970 10 1 23
549 10 1 16
5285 10 1 6
5199 10 2 65
2223 10 2 56
1285 10 2 49
2367 10 2 39
563 10 2 33
2275 10 2 21
1999 10 2 14
4908 10 2 6
1695 10 3 55
3380 10 3 47
1118 10 3 38
1375 10 3 30
446 10 3 23
522 10 3 16
2360 10 3 6
4206 10 4 95
3321 10 4 89
5003 10 4 81
5374 10 4 72
2335 10 4 65
2007 10 4 56
558 10 4 49
1954 10 4 39
351 10 4 33
260 10 4 21
657 10 4 14
4114 10 4 6
3590 10 5 95
3149 10 5 89
1825 10 5 81
3635 10 5 72
1933 10 5 65
1815 10 5 56
4990 10 5 48
2457 10 5 39
5019 10 5 32
5015 10 5 24
2142 10 5 18
4092 10 5 8
3251 10 6 95
1586 10 6 89
594 10 6 81
3405 10 6 72
1916 10 6 65
1672 10 6 56
4527 10 6 48
691 10 6 38
1074 10 6 30
408 10 6 23
95 10 6 16
1531 10 6 6
1052 10 8 95
4175 10 8 88
5260 10 8 82
3477 10 8 72
1799 10 8 65
1426 10 8 56
2953 10 8 48
257 10 8 38
492 10 8 30
4810 10 8 22
5221 10 8 16
917 10 8 6
338 10 9 94
977 10 9 88
5198 10 9 82
1647 10 9 72
1422 10 9 65
1174 10 9 56
2593 10 9 48
194 10 9 38
4217 10 9 29
4552 10 9 24
1108 10 9 18
3812 10 9 8
3123 10 11 93
17 10 11 87
1748 10 11 78
2701 10 11 68
3944 10 11 61
4722 10 11 53
4827 10 11 44
2258 10 11 37
3043 10 11 30
4679 10 11 22
4449 10 11 16
382 10 11 6
3001 10 13 93
5286 10 13 86
1456 10 13 80
466 10 13 72
940 10 13 65
764 10 13 56
694 10 13 48
5034 10 13 37
4994 10 13 29
3583 10 13 24
4768 10 13 17
773 10 13 9
1112 10 15 93
5054 10 15 86
3355 10 15 79
1884 10 15 72
879 10 15 65
4690 10 15 55
119 10 15 47
5370 10 15 37
4607 10 15 29
2241 10 15 24
2552 10 15 17
468 10 15 9
951 10 17 93
388 10 17 86
2969 10 17 79
5078 10 17 71
4455 10 17 64
4699 10 17 55
4913 10 17 46
976 10 17 40
4316 10 17 31
2996 10 17 26
54 10 17 15
4146 10 17 7
4084 10 19 92
209 10 19 86
4975 10 19 78
784 10 19 68
3478 10 19 61
1674 10 19 53
4168 10 19 44
5000 10 19 36
2252 10 19 29
2078 10 19 24
1227 10 19 17
4963 10 19 8
4191 11 8 91
3024 11 8 85
5242 11 8 78
447 11 8 68
2114 11 8 61
1535 11 8 53
3205 11 8 44
3800 11 8 36
2011 11 8 29
1615 11 8 24
993 11 8 17
3317 11 8 8
1778 11 9 91
2798 11 9 85
3696 11 9 78
79 11 9 68
1238 11 9 61
1367 11 9 53
2539 11 9 44
2683 11 9 36
710 11 9 29
1568 11 9 24
935 11 9 17
2634 11 9 8
1173 11 11 91
1536 11 11 85
2917 11 11 78
3972 11 11 67
3941 11 11 59
4972 11 11 51
921 11 11 45
428 11 11 37
4461 11 11 29
1478 11 11 24
3040 11 11 16
4632 11 11 5
6 11 13 91
518 11 13 85
2357 11 13 78
2498 11 13 67
3835 11 13 59
4956 11 13 51
813 11 13 45
5346 11 13 36
3901 11 13 28
3463 11 13 19
1374 11 13 11
5255 11 13 3
4224 11 15 90
345 11 15 82
673 11 15 72
3042 11 15 64
4117 11 15 55
3067 11 15 46
4859 11 15 39
4253 11 15 32
3019 11 15 24
2431 11 15 16
922 11 15 5
3666 11 17 90
4790 11 17 81
2854 11 17 72
898 11 17 64
1973 11 17 55
5051 11 17 45
5080 11 17 36
3900 11 17 28
3119 11 17 19
1230 11 17 11
4701 11 17 3
2472 11 19 90
4621 11 19 81
1685 11 19 72
4386 11 19 63
3010 11 19 55
4473 11 19 45
4180 11 19 36
3803 11 19 28
2523 11 19 19
5334 11 19 10
336 11 19 3
1460 12 6 90
2804 12 6 81
1532 12 6 72
4359 12 6 63
2605 12 6 55
3449 12 6 45
1193 12 6 36
3116 12 6 28
2362 12 6 19
5072 12 6 10
4738 12 6 2
4022 12 8 89
46 12 8 81
688 12 8 72
2409 12 8 63
4800 12 8 54
5126 12 8 47
3578 12 8 37
3406 12 8 29
1355 12 8 24
2009 12 8 16
4865 12 8 4
3404 13 1 89
4616 13 1 80
387 13 1 72
1346 13 1 63
3896 13 1 54
3494 13 1 47
3283 13 1 37
459 13 1 29
1261 13 1 24
495 13 1 16
4749 13 1 4
2734 13 3 89
2884 13 3 80
2344 13 3 71
2755 13 3 64
1073 13 3 55
2158 13 3 45
1119 13 3 36
1704 13 3 28
1421 13 3 19
4855 13 3 10
3292 13 3 2
2358 13 4 89
891 13 4 80
787 13 4 71
2215 13 4 64
843 13 4 55
1378 13 4 45
744 13 4 36
630 13 4 28
1169 13 4 19
4189 13 4 10
3150 13 4 2
1696 13 6 89
860 13 6 80
315 13 6 71
1912 13 6 64
822 13 6 55
842 13 6 45
5403 13 6 35
1621 13 6 25
4390 13 6 15
2388 13 6 7
665 13 8 89
464 13 8 80
4860 13 8 70
4808 13 8 62
5098 13 8 56
650 13 8 48
1596 13 8 37
4672 13 8 28
1148 13 8 19
1278 13 8 10
394 13 8 2
4431 13 10 88
3297 13 10 82
5295 13 10 71
4815 13 10 63
3650 13 10 54
937 13 10 47
2112 13 10 37
4402 13 10 28
4809 13 10 18
1319 13 10 8
3287 13 11 88
1091 13 11 82
4413 13 11 71
3826 13 11 63
3030 13 11 54
672 13 11 47
1996 13 11 37
4113 13 11 28
4451 13 11 18
704 13 11 8
2411 13 12 88
884 13 12 82
2988 13 12 71
2680 13 12 63
2642 13 12 54
302 13 12 47
5014 13 12 36
118 13 12 28
3589 13 12 18
5407 13 12 7
1411 13 14 88
582 13 14 82
4894 13 14 70
4170 13 14 62
4974 13 14 56
2995 13 14 47
1224 13 14 36
4648 13 14 27
1671 13 14 19
3904 13 14 9
1016 13 16 88
5186 13 16 81
4958 13 16 70
4126 13 16 62
2567 13 16 56
2432 13 16 47
767 13 16 36
3737 13 16 27
1436 13 16 19
2814 13 16 9
4988 13 18 86
4492 13 18 78
2090 13 18 67
3145 13 18 59
4818 13 18 51
158 13 18 45
4829 13 18 35
590 13 18 25
2073 13 18 15
210 13 18 7
3512 13 19 85
1780 13 19 78
283 13 19 64
4496 13 19 54
4705 13 19 46
4479 13 19 39
3306 13 19 32
2916 13 19 24
281 13 19 16
2930 13 19 4
2883 14 1 83
1251 14 1 75
2389 14 1 65
2640 14 1 55
3827 14 1 44
2140 14 1 36
2398 14 1 27
4325 14 1 18
4227 14 1 7
1160 14 3 83
4638 14 3 74
4143 14 3 63
2622 14 3 54
242 14 3 46
3377 14 3 39
376 14 3 32
2163 14 3 23
4033 14 3 15
191 14 3 7
823 14 4 83
4563 14 4 74
3021 14 4 63
1734 14 4 54
211 14 4 46
2160 14 4 39
203 14 4 32
523 14 4 23
1039 14 4 15
5315 14 4 6
740 14 6 83
3329 14 6 74
2443 14 6 63
5355 14 6 53
1547 14 6 44
781 14 6 36
545 14 6 27
4086 14 6 18
2200 14 6 7
1122 14 8 82
4598 14 8 70
3517 14 8 62
2268 14 8 56
4978 14 8 46
2 14 8 39
3649 14 8 31
2650 14 8 26
5347 14 8 14
994 14 8 6
3485 14 13 81
3185 14 13 70
2089 14 13 62
520 14 13 56
4239 14 13 46
3550 14 13 38
3686 14 13 29
2750 14 13 23
1032 14 13 15
5150 14 13 6
2791 14 14 81
3142 14 14 70
4260 14 14 61
4346 14 14 52
135 14 14 46
2581 14 14 38
3108 14 14 29
4254 14 14 22
4071 14 14 16
1130 14 14 4
1180 14 16 81
2597 14 16 70
4088 14 16 61
3020 14 16 52
3532 14 16 45
4025 14 16 35
100 14 16 25
551 14 16 15
3554 14 16 6
4744 14 18 80
2613 14 18 70
2835 14 18 61
2810 14 18 52
1516 14 18 45
1010 14 18 35
4159 14 18 24
5046 14 18 15
3528 14 18 6
4618 14 19 80
2354 14 19 70
2218 14 19 61
651 14 19 52
2983 14 19 44
141 14 19 36
404 14 19 27
2898 14 19 18
810 14 19 7
2984 15 1 79
3727 15 1 71
1653 15 1 63
4782 15 1 53
2855 15 1 43
4014 15 1 35
3434 15 1 24
4987 15 1 15
2775 15 1 6
4803 15 4 76
5168 15 4 68
5219 15 4 60
3191 15 4 52
2187 15 4 44
3704 15 4 35
2882 15 4 24
4234 15 4 15
593 15 4 6
3245 15 6 75
671 15 6 65
1369 15 6 55
1724 15 6 44
1679 15 6 35
2429 15 6 24
1387 15 6 15
328 15 6 6
4662 15 8 73
2035 15 8 63
171 15 8 53
2796 15 8 43
2766 15 8 35
4364 15 8 23
69 15 8 15
3328 15 8 5
705 15 10 72
4703 15 10 62
515 15 10 56
3830 15 10 46
827 15 10 38
1593 15 10 29
3719 15 10 22
3701 15 10 16
2188 15 10 3
3597 15 11 71
1448 15 11 63
4183 15 11 52
2117 15 11 44
876 15 11 35
1836 15 11 23
4285 15 11 14
5042 15 11 5
576 15 16 67
1820 15 16 59
4548 15 16 51
15 15 16 45
5291 15 16 34
150 15 16 24
811 15 16 15
962 15 16 5
4687 16 1 61
52 16 1 52
4649 16 1 43
2123 16 1 35
1275 16 1 23
675 16 1 14
736 16 1 5
2028 16 2 95
1960 16 2 88
4681 16 2 81
1062 16 2 70
1007 16 2 61
5307 16 2 51
3409 16 2 44
3815 16 2 34
2339 16 2 23
5397 16 2 13
2402 16 2 7
4051 16 3 94
692 16 3 88
580 16 3 81
2905 16 3 69
1410 16 3 64
4172 16 3 54
68 16 3 46
5261 16 3 37
2834 16 3 28
761 16 3 18
87 16 3 7
1866 16 4 94
794 16 4 87
2993 16 4 77
1757 16 4 72
4004 16 4 62
4505 16 4 55
1296 16 4 44
2167 16 4 34
1907 16 4 23
4079 16 4 13
1839 16 4 7
4537 16 10 93
4442 16 10 85
1272 16 10 78
138 16 10 64
4018 16 10 54
5140 16 10 45
5017 16 10 34
1427 16 10 23
3890 16 10 13
1341 16 10 7
4148 16 13 93
2800 16 13 85
4177 16 13 77
4472 16 13 70
212 16 13 61
3656 16 13 51
2786 16 13 44
647 16 13 34
1140 16 13 23
1880 16 13 13
1090 16 13 7
3374 16 14 93
1553 16 14 85
3752 16 14 77
4337 16 14 70
3453 16 14 60
1571 16 14 52
2660 16 14 42
4595 16 14 34
246 16 14 23
1057 16 14 13
548 16 14 7
2569 16 16 93
4995 16 16 84
1662 16 16 74
2256 16 16 63
2368 16 16 52
3942 16 16 41
2321 16 16 32
208 16 16 23
307 16 16 13
143 16 16 7
765 16 17 93
3479 16 17 84
1144 16 17 74
1774 16 17 63
1818 16 17 52
2749 16 17 41
1438 16 17 32
172 16 17 23
2039 16 17 12
4575 16 17 4
556 16 18 93
3267 16 18 84
486 16 18 74
887 16 18 63
709 16 18 52
1717 16 18 41
263 16 18 32
4225 16 18 22
2818 16 18 16
2419 16 18 2
4509 16 19 92
3082 16 19 85
2595 16 19 77
1523 16 19 70
1030 16 19 59
4046 16 19 51
2413 16 19 44
4151 16 19 33
5361 16 19 20
2949 16 19 13
4983 16 19 6
2602 17 1 92
2563 17 1 85
2251 17 1 77
1503 17 1 70
72 17 1 59
5111 17 1 50
1006 17 1 43
1803 17 1 35
826 17 1 23
5163 17 1 11
3713 17 1 3
1665 17 2 92
2446 17 2 85
1947 17 2 77
718 17 2 70
1981 17 2 58
4886 17 2 50
4109 17 2 42
3182 17 2 34
2222 17 2 22
1310 17 2 16
589 17 2 2
1187 17 3 92
4432 17 3 84
5152 17 3 73
1328 17 3 63
3200 17 3 51
1990 17 3 44
4007 17 3 33
5223 17 3 20
2172 17 3 13
4547 17 3 6
3201 17 4 91
397 17 4 85
1881 17 4 77
5012 17 4 69
256 17 4 64
3833 17 4 54
4307 17 4 45
1995 17 4 34
1837 17 4 22
378 17 4 16
4029 17 4 1
2341 17 5 91
395 17 5 85
1678 17 5 77
4752 17 5 69
4843 17 5 63
2865 17 5 51
4766 17 5 43
1543 17 5 35
521 17 5 23
3935 17 5 11
3345 17 5 3
1755 17 6 91
4003 17 6 84
4439 17 6 73
5089 17 6 62
4070 17 6 55
4864 17 6 43
5056 17 6 34
3363 17 6 21
371 17 6 14
5298 17 6 4
5340 17 7 90
4713 17 7 80
1768 17 7 70
3179 17 7 57
3055 17 7 47
708 17 7 36
5194 17 7 26
4042 17 7 14
4806 17 7 4
5093 17 8 90
4015 17 8 80
1496 17 8 70
4422 17 8 56
2913 17 8 46
4934 17 8 37
2789 17 8 28
65 17 8 18
3490 17 8 6
3508 17 9 90
3111 17 9 80
2393 17 9 69
1853 17 9 63
2450 17 9 51
1289 17 9 43
3163 17 9 34
1011 17 9 21
145 17 9 14
4640 17 9 4
3118 17 10 90
2908 17 10 79
2149 17 10 71
337 17 10 63
2138 17 10 51
1095 17 10 42
1657 17 10 34
23 17 10 20
5293 17 10 12
3533 17 10 4
2919 17 12 90
2468 17 12 79
2071 17 12 71
3151 17 12 62
3673 17 12 55
4817 17 12 43
1925 17 12 34
4962 17 12 18
2499 17 12 6
117 17 13 90
1975 17 13 79
1889 17 13 71
2331 17 13 62
2186 17 13 55
5167 17 13 42
4937 17 13 33
2657 17 13 20
2931 17 13 12
3333 17 13 4
5319 17 17 89
4942 17 17 79
1413 17 17 71
1943 17 17 62
1840 17 17 55
4840 17 17 42
4833 17 17 33
4620 17 17 19
1906 17 17 9
1683 17 18 89
821 17 18 79
1366 17 18 71
1868 17 18 62
1009 17 18 55
3584 17 18 42
4739 17 18 33
1676 17 18 19
1312 17 18 9
1107 17 19 89
4375 17 19 78
3796 17 19 63
4802 17 19 50
3866 17 19 42
1785 17 19 33
433 17 19 19
4836 17 19 8
1031 18 10 89
3054 18 10 78
1499 18 10 63
4212 18 10 50
3777 18 10 42
4427 18 10 32
51 18 10 22
4303 18 10 15
228 18 10 5
410 18 12 89
1088 18 12 78
3385 18 12 62
3918 18 12 54
3319 18 12 45
4186 18 12 33
5187 18 12 18
4536 18 12 5
384 18 13 89
620 18 13 78
90 18 13 62
1299 18 13 54
2546 18 13 45
3804 18 13 33
2711 18 13 18
2974 18 13 5
122 18 15 89
4414 18 15 77
3520 18 15 69
945 18 15 63
2801 18 15 50
3344 18 15 42
2784 18 15 32
4691 18 15 21
4846 18 15 13
3664 18 15 6
2832 19 0 88
4032 19 0 80
1313 19 0 69
4754 19 0 62
4262 19 0 53
1730 19 0 43
1877 19 0 34
2638 19 0 18
1176 19 0 5
2183 19 1 88
2307 19 1 80
895 19 1 69
4190 19 1 62
3794 19 1 53
1526 19 1 43
1376 19 1 34
4554 19 1 17
1104 19 1 8
852 19 2 88
1728 19 2 80
739 19 2 69
3334 19 2 62
3352 19 2 53
5301 19 2 42
1965 19 2 32
2972 19 2 21
4219 19 2 13
3140 19 2 6
667 19 3 88
1721 19 3 80
2739 19 3 68
5134 19 3 60
4568 19 3 51
817 19 3 42
1945 19 3 32
4463 19 3 20
2430 19 3 12
1434 19 3 4
201 19 4 88
1259 19 4 80
4160 19 4 67
1058 19 4 59
3801 19 4 50
2482 19 4 42
1793 19 4 32
4381 19 4 20
1297 19 4 12
1382 19 4 4
2274 19 5 87
2220 19 5 77
3064 19 5 69
3223 19 5 62
1164 19 5 53
178 19 5 42
1202 19 5 32
2485 19 5 20
3318 19 5 11
2812 19 5 3
1902 19 6 87
4892 19 6 76
4261 19 6 68
3943 19 6 60
3945 19 6 51
613 19 6 42
40 19 6 32
2248 19 6 20
3215 19 6 11
2579 19 6 3
240 19 7 87
1418 19 7 76
4241 19 7 68
3342 19 7 60
1838 19 7 51
5244 19 7 41
91 19 7 32
129 19 7 20
2585 19 7 11
399 19 7 3
4273 19 8 86
3622 19 8 78
4002 19 8 60
1550 19 8 51
1716 19 8 41
5377 19 8 31
2554 19 8 26
2894 19 8 14
3855 19 8 4
1949 19 9 86
222 19 9 78
3090 19 9 59
3568 19 9 50
2150 19 9 42
3413 19 9 31
1589 19 9 26
5048 19 9 13
2904 19 9 6
439 19 10 86
4884 19 10 77
1237 19 10 69
1640 19 10 62
963 19 10 53
1767 19 10 41
3782 19 10 31
1431 19 10 26
4142 19 10 13
2779 19 10 6
3226 19 12 85
2708 19 12 76
1718 19 12 68
2153 19 12 60
4597 19 12 50
4144 19 12 41
2863 19 12 31
4900 19 12 25
279 19 12 15
4938 19 12 4
2356 19 13 85
2208 19 13 76
1067 19 13 68
1656 19 13 60
3234 19 13 50
3018 19 13 41
1697 19 13 31
3013 19 13 25
4493 19 13 14
1745 19 13 4
2087 19 15 85
230 19 15 76
597 19 15 68
346 19 15 60
2438 19 15 50
2376 19 15 41
1146 19 15 31
180 19 15 25
3440 19 15 14
330 19 15 4
853 19 16 85
4982 19 16 75
175 19 16 65
1051 19 16 55
2162 19 16 42
4400 19 16 30
4223 19 16 22
3468 19 16 15
4027 19 16 4
4532 19 17 84
2730 19 17 73
4038 19 17 62
845 19 17 53
1198 19 17 41
5028 19 17 29
2210 19 17 22
1776 19 17 15
2970 19 17 4
3741 19 18 84
2575 19 18 73
3910 19 18 62
414 19 18 53
107 19 18 41
4495 19 18 29
4642 19 18 21
1209 19 18 13
4099 19 18 5
2951 19 19 84
695 19 19 73
3248 19 19 62
231 19 19 53
4087 19 19 40
4021 19 19 31
4807 19 19 24
2026 19 19 14
4531 19 19 3
