2474
4262 0 0 99
3528 0 0 97
4290 0 0 93
4487 0 0 90
2113 0 0 88
4465 0 0 85
3326 0 0 82
783 0 0 79
3182 0 0 77
483 0 0 75
1520 0 0 70
3907 0 0 67
1022 0 0 63
3628 0 0 59
4472 0 0 55
3356 0 0 51
2021 0 0 49
2835 0 0 47
4256 0 0 44
873 0 0 40
1244 0 0 38
2144 0 0 36
2041 0 0 32
2020 0 0 29
961 0 0 26
990 0 0 23
303 0 0 21
1497 0 0 19
1379 0 0 16
4331 0 0 13
2250 0 0 11
2660 0 0 8
3739 0 0 5
3463 0 0 2
3971 0 1 99
2673 0 1 96
582 0 1 93
3394 0 1 90
1637 0 1 87
3371 0 1 84
350 0 1 81
219 0 1 79
4514 0 1 76
4420 0 1 73
2677 0 1 71
585 0 1 68
308 0 1 65
3231 0 1 62
4260 0 1 60
3882 0 1 58
3975 0 1 56
1113 0 1 52
4279 0 1 49
789 0 1 46
1241 0 1 43
360 0 1 41
3427 0 1 37
1871 0 1 35
1659 0 1 32
938 0 1 29
3377 0 1 25
2559 0 1 22
1686 0 1 20
282 0 1 17
3151 0 1 14
1492 0 1 12
4410 0 1 8
3904 0 1 4
1961 0 1 1
4374 0 2 97
2778 0 2 93
3348 0 2 90
2187 0 2 86
4048 0 2 83
3222 0 2 80
4395 0 2 77
2251 0 2 74
1842 0 2 70
3640 0 2 67
2567 0 2 62
2848 0 2 58
3898 0 2 55
3100 0 2 51
1967 0 2 48
2471 0 2 45
3831 0 2 42
3842 0 2 39
1049 0 2 37
1722 0 2 34
2760 0 2 31
1969 0 2 28
1706 0 2 25
4006 0 2 21
609 0 2 18
4258 0 2 16
3852 0 2 13
3649 0 2 10
4259 0 2 6
2600 0 2 3
1912 0 3 97
4222 0 3 92
3828 0 3 90
4156 0 3 85
2645 0 3 81
456 0 3 77
1821 0 3 74
2544 0 3 69
909 0 3 66
2039 0 3 64
2089 0 3 62
978 0 3 58
3571 0 3 55
3864 0 3 50
3906 0 3 47
3918 0 3 44
3513 0 3 39
4467 0 3 36
1417 0 3 32
3579 0 3 27
4535 0 3 23
2325 0 3 20
502 0 3 16
453 0 3 12
1894 0 3 8
3323 0 3 4
447 0 3 1
746 0 4 96
3931 0 4 92
3614 0 4 89
4494 0 4 86
3803 0 4 83
1634 0 4 80
4081 0 4 75
685 0 4 70
1564 0 4 67
2300 0 4 62
809 0 4 58
3375 0 4 55
3262 0 4 50
4110 0 4 46
3609 0 4 42
529 0 4 38
4339 0 4 34
801 0 4 31
4313 0 4 27
3190 0 4 23
3878 0 4 19
1092 0 4 16
3707 0 4 11
3389 0 4 6
2356 0 4 3
67 0 5 96
2403 0 5 92
1407 0 5 89
4073 0 5 86
4515 0 5 82
4468 0 5 78
2194 0 5 76
3250 0 5 73
836 0 5 70
699 0 5 67
1660 0 5 62
3575 0 5 57
1874 0 5 54
2319 0 5 52
4499 0 5 48
1718 0 5 45
2117 0 5 41
3366 0 5 37
4464 0 5 33
3944 0 5 30
2841 0 5 26
3694 0 5 22
3122 0 5 18
463 0 5 16
2638 0 5 11
2809 0 5 6
3588 0 5 2
4381 0 6 95
2928 0 6 91
2507 0 6 89
1680 0 6 86
3946 0 6 82
4068 0 6 78
4375 0 6 73
4483 0 6 69
3207 0 6 65
3809 0 6 61
2102 0 6 58
283 0 6 55
2375 0 6 50
1951 0 6 46
1384 0 6 42
4247 0 6 37
112 0 6 32
1800 0 6 27
1087 0 6 23
3659 0 6 19
703 0 6 16
1860 0 6 11
4409 0 6 5
1163 0 6 2
4176 0 7 95
279 0 7 91
1556 0 7 88
3880 0 7 85
1899 0 7 81
288 0 7 77
1911 0 7 73
1932 0 7 69
2309 0 7 65
2164 0 7 61
1965 0 7 58
3894 0 7 53
3248 0 7 51
731 0 7 48
204 0 7 44
2619 0 7 39
2253 0 7 36
111 0 7 32
1433 0 7 27
4399 0 7 22
2280 0 7 18
2226 0 7 15
1119 0 7 12
771 0 7 7
2829 0 7 3
1978 0 8 95
4219 0 8 90
2826 0 8 85
1380 0 8 81
220 0 8 77
773 0 8 73
4001 0 8 68
31 0 8 65
271 0 8 61
1071 0 8 58
2273 0 8 53
3452 0 8 49
304 0 8 46
49 0 8 42
3868 0 8 37
3367 0 8 31
1029 0 8 27
2220 0 8 22
206 0 8 18
553 0 8 15
2764 0 8 11
3684 0 8 4
4489 0 9 94
4428 0 9 92
3545 0 9 88
3309 0 9 85
520 0 9 80
3981 0 9 75
4196 0 9 69
2083 0 9 65
3924 0 9 60
4107 0 9 57
3254 0 9 53
3143 0 9 49
985 0 9 45
1490 0 9 41
2418 0 9 37
301 0 9 31
3791 0 9 26
3734 0 9 21
4473 0 9 17
923 0 9 14
3203 0 9 10
3274 0 9 6
1897 0 9 2
4430 0 10 94
1196 0 10 91
3980 0 10 87
2497 0 10 84
2743 0 10 80
913 0 10 75
3544 0 10 69
2028 0 10 65
3049 0 10 60
3612 0 10 57
2668 0 10 53
3039 0 10 49
254 0 10 45
1252 0 10 41
1154 0 10 37
3488 0 10 30
3916 0 10 25
1449 0 10 21
3574 0 10 17
825 0 10 13
3281 0 10 10
3046 0 10 6
3982 0 10 1
3714 0 11 94
3422 0 11 89
161 0 11 86
1322 0 11 82
413 0 11 78
4345 0 11 73
207 0 11 68
4013 0 11 64
1811 0 11 62
2926 0 11 57
4275 0 11 52
4361 0 11 48
4456 0 11 43
2522 0 11 40
3280 0 11 36
4384 0 11 31
2722 0 11 26
3508 0 11 21
1515 0 11 17
3595 0 11 12
4171 0 11 6
3215 0 11 1
3113 0 12 94
3061 0 12 89
4350 0 12 85
3418 0 12 79
3718 0 12 76
1752 0 12 73
4326 0 12 67
4453 0 12 60
2533 0 12 56
4470 0 12 51
2269 0 12 46
4425 0 12 41
3412 0 12 36
4351 0 12 31
2404 0 12 26
1513 0 12 21
2763 0 12 16
764 0 12 11
2359 0 12 4
1784 0 13 94
2435 0 13 89
3431 0 13 85
3282 0 13 79
1138 0 13 76
4419 0 13 72
311 0 13 68
3679 0 13 64
3409 0 13 61
4029 0 13 57
3966 0 13 52
1464 0 13 48
1964 0 13 43
4385 0 13 39
4059 0 13 35
1238 0 13 31
1707 0 13 26
853 0 13 21
1945 0 13 16
3028 0 13 10
2714 0 13 6
2801 0 13 1
1454 0 14 94
799 0 14 89
1799 0 14 85
2408 0 14 79
2051 0 14 75
3219 0 14 69
1828 0 14 65
2607 0 14 60
3249 0 14 55
187 0 14 50
1676 0 14 46
3631 0 14 41
1946 0 14 36
1977 0 14 31
47 0 14 26
41 0 14 21
1630 0 14 16
2979 0 14 10
2409 0 14 6
248 0 14 1
997 0 15 94
3823 0 15 88
790 0 15 85
1212 0 15 79
4444 0 15 74
2289 0 15 69
862 0 15 65
325 0 15 60
1237 0 15 55
3758 0 15 49
4280 0 15 44
3989 0 15 38
2632 0 15 34
4145 0 15 30
1456 0 15 25
692 0 15 21
2684 0 15 15
465 0 15 11
223 0 15 4
454 0 16 94
2071 0 16 88
4330 0 16 84
1354 0 16 80
395 0 16 75
2700 0 16 69
3853 0 16 63
3020 0 16 59
3698 0 16 55
2099 0 16 49
1843 0 16 44
3267 0 16 38
3978 0 16 33
4100 0 16 29
647 0 16 25
139 0 16 21
2650 0 16 15
424 0 16 11
3705 0 16 3
4370 0 17 93
2788 0 17 90
1761 0 17 85
3454 0 17 78
217 0 17 73
2731 0 17 67
4291 0 17 60
716 0 17 54
3184 0 17 51
1942 0 17 46
3547 0 17 41
3710 0 17 35
3289 0 17 30
3321 0 17 24
3051 0 17 22
71 0 17 18
3783 0 17 13
65 0 17 10
3979 0 17 5
4117 0 17 1
3531 0 18 93
1438 0 18 90
1230 0 18 85
1673 0 18 78
3486 0 18 72
107 0 18 68
2443 0 18 64
1000 0 18 61
1536 0 18 57
1312 0 18 52
2980 0 18 47
2233 0 18 43
3767 0 18 39
2395 0 18 35
2999 0 18 30
2902 0 18 24
95 0 18 22
4404 0 18 17
3072 0 18 12
3838 0 18 6
3245 0 18 1
2934 0 19 93
2582 0 19 89
1771 0 19 84
4480 0 19 79
3044 0 19 74
3349 0 19 68
2264 0 19 64
4289 0 19 60
544 0 19 54
180 0 19 51
2565 0 19 45
165 0 19 41
498 0 19 35
2379 0 19 30
1278 0 19 24
2656 0 19 20
170 0 19 15
239 0 19 11
2257 0 19 3
1649 2 0 93
2490 2 0 89
1603 2 0 84
2335 2 0 79
2863 2 0 74
2870 2 0 68
418 2 0 64
4143 2 0 60
4300 2 0 53
2224 2 0 48
3757 2 0 42
3559 2 0 37
2603 2 0 30
1063 2 0 24
2883 2 0 19
359 2 0 16
2330 2 0 10
1765 2 0 5
1511 2 1 93
994 2 1 89
980 2 1 84
654 2 1 79
1589 2 1 74
2569 2 1 68
1317 2 1 63
4172 2 1 58
1132 2 1 53
14 2 1 48
3723 2 1 42
2475 2 1 37
1664 2 1 30
66 2 1 24
1447 2 1 19
848 2 1 15
227 2 1 11
1901 2 1 3
1411 2 2 92
1990 2 2 88
3983 2 2 84
89 2 2 79
3674 2 2 73
1576 2 2 67
3997 2 2 60
1547 2 2 53
3316 2 2 47
1189 2 2 43
3735 2 2 38
1364 2 2 33
3503 2 2 29
1524 2 2 24
605 2 2 19
61 2 2 15
1677 2 2 10
571 2 2 5
3495 2 3 91
1060 2 3 87
2281 2 3 84
4094 2 3 78
3460 2 3 72
2459 2 3 67
194 2 3 60
1305 2 3 53
555 2 3 47
651 2 3 43
2803 2 3 38
952 2 3 33
4274 2 3 28
405 2 3 24
4343 2 3 18
3370 2 3 13
4180 2 3 9
2320 2 3 6
2390 2 5 91
787 2 5 87
1622 2 5 84
3800 2 5 78
3118 2 5 72
1100 2 5 67
4448 2 5 59
1866 2 5 55
2036 2 5 49
1173 2 5 44
1770 2 5 38
603 2 5 33
3129 2 5 28
4132 2 5 23
2833 2 5 19
3905 2 5 14
667 2 5 9
3148 2 5 5
2383 2 8 91
3977 2 8 86
3787 2 8 81
3290 2 8 76
2917 2 8 72
2837 2 8 66
1356 2 8 63
3403 2 8 58
3303 2 8 52
2939 2 8 47
521 2 8 42
2473 2 8 37
318 2 8 30
3833 2 8 23
4142 2 8 18
723 2 8 13
2080 2 8 9
2266 2 8 5
415 2 10 91
2806 2 10 86
3589 2 10 81
3719 2 10 75
2190 2 10 69
3850 2 10 63
3325 2 10 58
3088 2 10 52
2440 2 10 47
2324 2 10 41
290 2 10 35
701 2 10 30
2967 2 10 23
2111 2 10 18
2069 2 10 12
2476 2 10 6
3237 2 12 90
2767 2 12 84
2735 2 12 78
2261 2 12 72
2675 2 12 66
779 2 12 62
1641 2 12 57
1170 2 12 52
2322 2 12 47
1731 2 12 41
3933 2 12 34
2881 2 12 30
2139 2 12 23
871 2 12 18
928 2 12 12
2436 2 12 6
1936 2 13 90
2191 2 13 84
2726 2 13 78
1023 2 13 72
713 2 13 66
632 2 13 62
3410 2 13 56
744 2 13 51
2494 2 13 45
347 2 13 40
2741 2 13 36
1598 2 13 31
4534 2 13 25
4159 2 13 20
4148 2 13 14
4236 2 13 8
3271 2 13 4
1541 2 14 90
1475 2 14 84
2426 2 14 78
761 2 14 72
4402 2 14 65
4500 2 14 59
1767 2 14 55
64 2 14 49
2299 2 14 43
1336 2 14 38
4400 2 14 32
4373 2 14 26
4364 2 14 20
4118 2 14 14
4039 2 14 8
999 2 14 4
3411 2 19 89
27 2 19 84
1130 2 19 78
440 2 19 72
2978 2 19 65
3005 2 19 59
1165 2 19 54
3263 2 19 49
1019 2 19 43
1329 2 19 38
2294 2 19 32
2962 2 19 26
4327 2 19 20
4086 2 19 14
3885 2 19 8
1476 2 19 3
1446 3 5 89
4301 3 5 83
2866 3 5 79
2941 3 5 73
475 3 5 67
1694 3 5 59
3121 3 5 53
496 3 5 47
1721 3 5 41
3106 3 5 34
3319 3 5 29
3629 3 5 23
324 3 5 18
4488 3 5 11
1672 3 5 3
1255 3 8 89
4125 3 8 83
1572 3 8 79
1647 3 8 73
3671 3 8 66
3139 3 8 61
3471 3 8 56
3675 3 8 50
645 3 8 45
25 3 8 40
2297 3 8 36
1481 3 8 31
4135 3 8 25
3252 3 8 20
3423 3 8 14
3055 3 8 8
1420 3 8 3
2717 3 12 88
3940 3 12 84
4401 3 12 77
4388 3 12 72
792 3 12 65
2737 3 12 59
2894 3 12 53
342 3 12 47
673 3 12 41
1448 3 12 34
3059 3 12 29
1465 3 12 23
3504 3 12 17
1385 3 12 12
2385 3 12 6
2312 3 15 88
3650 3 15 84
2882 3 15 77
3802 3 15 72
4529 3 15 64
1095 3 15 60
4383 3 15 52
1372 3 15 47
4217 3 15 40
2610 3 15 35
2896 3 15 29
1248 3 15 23
2310 3 15 17
868 3 15 12
2376 3 15 6
503 3 16 88
310 3 16 84
1859 3 16 77
3144 3 16 72
4310 3 16 64
3935 3 16 59
2877 3 16 53
3747 3 16 46
2236 3 16 41
714 3 16 34
2651 3 16 29
4000 3 16 22
4228 3 16 17
471 3 16 12
2017 3 16 6
144 3 17 88
184 3 17 84
154 3 17 77
3123 3 17 72
834 3 17 64
3874 3 17 59
3760 3 17 52
4144 3 17 46
3299 3 17 40
2097 3 17 35
4232 3 17 28
3399 3 17 23
2149 3 17 17
2822 3 17 11
3947 3 17 2
1047 3 19 87
1736 3 19 83
837 3 19 79
3888 3 19 72
420 3 19 64
1876 3 19 59
2002 3 19 52
3246 3 19 46
2611 3 19 40
3653 3 19 34
1760 3 19 29
3525 3 19 22
3583 3 19 17
2247 3 19 11
3355 3 19 2
1666 4 0 86
2400 4 0 81
2570 4 0 75
4121 4 0 68
1030 4 0 63
2127 4 0 58
2343 4 0 52
2096 4 0 46
946 4 0 40
2268 4 0 34
943 4 0 29
3310 4 0 22
1819 4 0 17
515 4 0 11
844 4 0 2
4387 4 1 84
1263 4 1 76
167 4 1 72
321 4 1 64
1250 4 1 59
1489 4 1 52
1538 4 1 46
3459 4 1 39
2277 4 1 35
3801 4 1 28
3234 4 1 23
1758 4 1 17
1663 4 1 10
4147 4 1 3
915 4 3 84
1057 4 3 76
4521 4 3 71
3018 4 3 67
500 4 3 59
3668 4 3 51
1046 4 3 45
3626 4 3 38
1314 4 3 32
1495 4 3 26
4175 4 3 20
2200 4 3 14
2489 4 3 8
4436 4 3 2
4509 4 5 77
2523 4 5 72
272 4 5 64
646 4 5 59
3428 4 5 51
54 4 5 45
3510 4 5 38
3304 4 5 31
3499 4 5 25
2667 4 5 20
2199 4 5 14
1578 4 5 8
2463 4 5 2
3611 4 6 77
1167 4 6 72
265 4 6 64
80 4 6 59
3264 4 6 51
1737 4 6 44
1137 4 6 38
3146 4 6 31
3364 4 6 25
518 4 6 20
722 4 6 14
152 4 6 8
2362 4 6 2
4315 4 16 75
2204 4 16 68
785 4 16 63
35 4 16 58
384 4 16 52
1425 4 16 46
2634 4 16 39
1836 4 16 35
3577 4 16 28
3163 4 16 23
4056 4 16 16
1590 4 16 10
3572 4 16 3
1096 5 0 72
2354 5 0 63
4278 5 0 57
986 5 0 52
1088 5 0 46
4067 5 0 38
4481 5 0 30
1246 5 0 23
1857 5 0 16
1265 5 0 10
1540 5 0 3
1367 5 3 98
2555 5 3 95
2923 5 3 90
735 5 3 84
4415 5 3 75
1386 5 3 68
450 5 3 63
1437 5 3 56
3008 5 3 50
3830 5 3 44
370 5 3 38
3087 5 3 30
4475 5 3 22
1584 5 3 17
742 5 3 10
1383 5 3 3
3557 5 9 97
3466 5 9 92
504 5 9 88
1580 5 9 83
148 5 9 79
2627 5 9 72
1904 5 9 63
1352 5 9 55
3770 5 9 48
2811 5 9 42
1793 5 9 37
4113 5 9 29
1214 5 9 22
821 5 9 17
624 5 9 10
3943 5 9 2
4266 5 10 95
4108 5 10 89
3567 5 10 83
2249 5 10 78
2185 5 10 71
1733 5 10 67
4241 5 10 58
4082 5 10 51
1679 5 10 44
226 5 10 38
2864 5 10 30
3889 5 10 21
1772 5 10 15
3948 5 10 9
1156 5 10 5
3138 5 11 95
841 5 11 89
375 5 11 83
2135 5 11 78
1467 5 11 71
1648 5 11 67
922 5 11 58
3327 5 11 51
2211 5 11 43
266 5 11 38
2448 5 11 30
3076 5 11 21
656 5 11 15
3404 5 11 9
294 5 11 5
2681 5 12 95
3081 5 12 88
1419 5 12 83
1797 5 12 78
4446 5 12 70
4261 5 12 66
2179 5 12 61
1916 5 12 56
2360 5 12 50
3443 5 12 44
200 5 12 38
2232 5 12 30
2775 5 12 21
2982 5 12 14
3509 5 12 7
2715 5 12 3
1093 5 13 95
3063 5 13 88
140 5 13 83
1223 5 13 78
3539 5 13 70
45 5 13 66
1099 5 13 61
1148 5 13 56
4353 5 13 49
2770 5 13 42
1216 5 13 37
4095 5 13 29
352 5 13 22
3058 5 13 16
996 5 13 10
3523 5 13 2
3641 5 14 93
738 5 14 89
3174 5 14 82
34 5 14 78
2946 5 14 70
3750 5 14 65
2413 5 14 59
2093 5 14 51
487 5 14 43
2686 5 14 37
924 5 14 29
3716 5 14 21
2058 5 14 14
3108 5 14 7
3858 5 14 2
3453 5 15 93
3765 5 15 87
323 5 15 83
4314 5 15 77
1025 5 15 72
1152 5 15 63
966 5 15 55
3160 5 15 48
1604 5 15 42
665 5 15 37
578 5 15 29
2858 5 15 21
44 5 15 14
2977 5 15 7
3171 5 15 2
2976 5 16 93
3608 5 16 87
126 5 16 82
3655 5 16 77
845 5 16 72
1068 5 16 63
480 5 16 55
3048 5 16 48
3070 5 16 41
4199 5 16 33
510 5 16 28
2903 5 16 23
842 5 16 15
2597 5 16 9
3576 5 16 4
2683 5 18 93
2042 5 18 87
4309 5 18 81
3692 5 18 74
2464 5 18 68
3688 5 18 62
1516 5 18 56
3666 5 18 49
2698 5 18 42
4009 5 18 36
1158 5 18 31
1780 5 18 25
3778 5 18 19
1909 5 18 14
2115 5 18 7
1957 5 18 2
1601 6 0 93
1503 6 0 87
3816 6 0 81
2234 6 0 74
1937 6 0 68
3519 6 0 62
3346 6 0 55
4505 6 0 47
3902 6 0 40
1586 6 0 34
694 6 0 29
284 6 0 21
3896 6 0 13
4250 6 0 8
2112 6 0 2
796 6 3 93
3708 6 3 86
934 6 3 81
1875 6 3 74
3178 6 3 67
807 6 3 58
1343 6 3 51
305 6 3 43
2659 6 3 37
554 6 3 29
3043 6 3 20
2616 6 3 13
3035 6 3 8
2983 6 3 1
1989 6 4 91
719 6 4 85
1610 6 4 78
1745 6 4 70
2077 6 4 65
1593 6 4 59
1508 6 4 51
2931 6 4 42
1570 6 4 36
273 6 4 31
589 6 4 25
3424 6 4 19
896 6 4 14
1118 6 4 7
1839 6 4 2
1719 6 5 91
650 6 5 85
1523 6 5 78
1485 6 5 70
98 6 5 65
1399 6 5 59
1480 6 5 51
2755 6 5 42
1341 6 5 36
3829 6 5 30
1753 6 5 21
2150 6 5 13
2891 6 5 8
2973 6 5 1
3530 6 6 90
21 6 6 84
3658 6 6 75
383 6 6 68
1870 6 6 62
249 6 6 55
1778 6 6 47
2614 6 6 40
527 6 6 34
158 6 6 29
2411 6 6 20
1918 6 6 13
4015 6 6 7
528 6 6 2
3202 6 7 90
4170 6 7 83
1518 6 7 77
191 6 7 72
4438 6 7 62
3506 6 7 54
2580 6 7 49
4206 6 7 40
38 6 7 34
2584 6 7 28
1827 6 7 23
784 6 7 15
1750 6 7 9
3155 6 7 4
2824 6 9 90
3492 6 9 83
1393 6 9 77
4273 6 9 71
52 6 9 67
441 6 9 58
806 6 9 51
1245 6 9 42
488 6 9 36
2469 6 9 30
1500 6 9 21
1735 6 9 13
3036 6 9 7
1847 6 9 1
1905 6 10 90
1986 6 10 83
4522 6 10 76
3897 6 10 71
3792 6 10 66
1011 6 10 61
4235 6 10 55
1013 6 10 47
2592 6 10 40
3625 6 10 33
3602 6 10 27
728 6 10 22
2713 6 10 16
3745 6 10 9
1900 6 10 4
1889 6 11 90
1256 6 11 83
4318 6 11 76
3050 6 11 71
3288 6 11 66
3554 6 11 60
2772 6 11 52
1084 6 11 46
2189 6 11 38
688 6 11 30
587 6 11 21
1395 6 11 13
817 6 11 7
642 6 11 1
2795 6 12 89
1704 6 12 82
2290 6 12 77
2892 6 12 70
3618 6 12 64
3430 6 12 58
396 6 12 51
337 6 12 42
2993 6 12 35
2586 6 12 28
3115 6 12 22
2304 6 12 16
3654 6 12 9
4333 6 12 3
643 6 13 89
3726 6 13 81
1802 6 13 74
3110 6 13 67
2942 6 13 56
3187 6 13 49
4189 6 13 40
3112 6 13 33
3555 6 13 27
55 6 13 22
1079 6 13 16
2615 6 13 9
4328 6 13 3
4463 6 14 88
4282 6 14 82
888 6 14 77
4482 6 14 69
2015 6 14 63
3477 6 14 54
4449 6 14 48
2813 6 14 41
4365 6 14 32
4344 6 14 25
3224 6 14 19
4091 6 14 13
581 6 14 7
481 6 14 1
3117 6 15 88
4089 6 15 82
765 6 15 77
4168 6 15 69
351 6 15 63
2964 6 15 54
3837 6 15 48
2162 6 15 41
3102 6 15 32
1705 6 15 25
4455 6 15 18
3023 6 15 11
2992 6 15 1
2696 6 16 88
3632 6 16 82
4429 6 16 76
1624 6 16 71
1665 6 16 66
3109 6 16 60
2692 6 16 52
3713 6 16 45
1846 6 16 38
3114 6 16 28
2246 6 16 22
30 6 16 16
981 6 16 9
4150 6 16 3
1569 6 18 88
2690 6 18 82
3134 6 18 76
1579 6 18 71
1423 6 18 66
2007 6 18 60
1166 6 18 52
3669 6 18 45
1741 6 18 38
2427 6 18 28
1287 6 18 22
3275 6 18 15
4451 6 18 8
2588 6 18 1
261 6 19 88
2481 6 19 82
2821 6 19 76
1869 6 19 70
3511 6 19 64
1953 6 19 58
289 6 19 51
256 6 19 42
2064 6 19 35
968 6 19 28
3402 6 19 21
1310 6 19 13
2633 6 19 6
4532 7 0 87
1650 7 0 81
2624 7 0 73
2175 7 0 66
902 7 0 60
3 7 0 52
2526 7 0 45
1532 7 0 38
406 7 0 28
3247 7 0 21
1180 7 0 13
2274 7 0 6
4188 7 2 87
4060 7 2 80
3627 7 2 74
2802 7 2 67
2657 7 2 56
1309 7 2 49
193 7 2 40
2840 7 2 32
3161 7 2 24
3736 7 2 18
2239 7 2 11
2898 7 2 1
2704 7 3 87
2890 7 3 80
4090 7 3 73
2842 7 3 65
1369 7 3 59
905 7 3 50
3208 7 3 44
162 7 3 38
172 7 3 28
1806 7 3 21
3970 7 3 12
1938 7 3 6
1085 7 4 87
1788 7 4 80
3965 7 4 73
2630 7 4 65
264 7 4 59
3952 7 4 49
3514 7 4 39
4139 7 4 34
2340 7 4 28
1657 7 4 21
3546 7 4 12
1374 7 4 6
178 7 5 87
906 7 5 80
3456 7 5 73
2206 7 5 65
3417 7 5 58
115 7 5 51
2333 7 5 41
2838 7 5 31
4177 7 5 24
2321 7 5 18
2023 7 5 11
2344 7 5 1
3963 7 9 86
3351 7 9 80
2906 7 9 73
743 7 9 65
3082 7 9 58
4433 7 9 50
1902 7 9 44
1796 7 9 37
130 7 9 29
1194 7 9 20
1174 7 9 13
1617 7 9 6
4459 7 16 85
4184 7 16 77
3892 7 16 69
293 7 16 63
2937 7 16 54
2932 7 16 48
1184 7 16 41
1614 7 16 31
4397 7 16 23
84 7 16 15
3862 7 16 8
2472 7 16 1
13 7 19 85
620 7 19 77
2405 7 19 69
3811 7 19 62
3432 7 19 54
2428 7 19 48
693 7 19 41
1330 7 19 31
3017 7 19 23
3973 7 19 14
4424 7 19 6
774 8 0 84
3359 8 0 75
4528 8 0 67
3414 8 0 54
1344 8 0 48
4452 8 0 40
3636 8 0 31
1691 8 0 23
3563 8 0 14
3556 8 0 6
4053 8 2 83
245 8 2 76
1416 8 2 70
2742 8 2 64
1234 8 2 58
1700 8 2 50
579 8 2 44
4311 8 2 36
259 8 2 30
572 8 2 21
2859 8 2 12
354 8 2 6
3297 8 6 83
4405 8 6 75
1959 8 6 67
3358 8 6 54
757 8 6 48
3615 8 6 40
3446 8 6 31
1066 8 6 23
3373 8 6 14
1200 8 6 6
3007 8 9 80
2718 8 9 73
445 8 9 65
2927 8 9 58
4194 8 9 49
2485 8 9 39
4018 8 9 34
1688 8 9 28
3413 8 9 20
702 8 9 13
1867 8 9 5
2085 8 10 80
883 8 10 73
195 8 10 65
2412 8 10 58
626 8 10 49
1024 8 10 39
141 8 10 34
2276 8 10 27
4007 8 10 21
2534 8 10 12
4158 8 10 5
4390 8 12 78
1242 8 12 70
2367 8 12 64
175 8 12 58
228 8 12 49
831 8 12 39
2971 8 12 33
3455 8 12 27
1028 8 12 21
1198 8 12 12
3939 8 12 5
1908 8 15 78
4104 8 15 69
2068 8 15 62
2938 8 15 54
2961 8 15 47
2339 8 15 40
1809 8 15 31
599 8 15 23
3038 8 15 14
479 8 15 6
2477 8 16 76
931 8 16 70
36 8 16 64
4341 8 16 57
565 8 16 52
16 8 16 45
1142 8 16 38
2439 8 16 27
546 8 16 21
1125 8 16 12
3390 8 16 5
3450 8 18 75
1273 8 18 67
1835 8 18 54
2623 8 18 47
238 8 18 40
4292 8 18 30
2738 8 18 20
2783 8 18 12
3194 8 18 5
2046 8 19 75
867 8 19 67
3199 8 19 53
2800 8 19 46
137 8 19 38
671 8 19 27
452 8 19 21
1815 8 19 11
705 8 19 1
3661 9 0 68
3796 9 0 61
3642 9 0 55
798 9 0 47
2205 9 0 39
2587 9 0 33
128 9 0 27
4193 9 0 20
1972 9 0 12
2827 9 0 5
4312 9 2 67
3010 9 2 53
275 9 2 46
4057 9 2 37
3461 9 2 28
3056 9 2 20
53 9 2 12
1010 9 2 5
2647 9 3 67
2365 9 3 53
127 9 3 46
2460 9 3 37
3217 9 3 28
2288 9 3 20
3368 9 3 11
3451 9 3 2
3848 9 4 95
1709 9 4 88
201 9 4 82
4377 9 4 75
815 9 4 67
1455 9 4 53
4411 9 4 45
552 9 4 38
3969 9 4 26
3867 9 4 20
2551 9 4 11
2733 9 4 2
1884 9 6 95
1192 9 6 88
124 9 6 82
4336 9 6 75
94 9 6 67
1402 9 6 53
3900 9 6 45
214 9 6 38
2181 9 6 26
869 9 6 20
2170 9 6 11
2168 9 6 2
1813 9 12 95
2275 9 12 87
614 9 12 80
2491 9 12 72
3313 9 12 62
2078 9 12 54
1642 9 12 47
2202 9 12 39
2425 9 12 33
4033 9 12 26
478 9 12 20
1612 9 12 11
1190 9 12 2
3391 10 0 94
1643 10 0 88
2880 10 0 81
1422 10 0 73
3772 10 0 64
3845 10 0 57
427 10 0 52
2579 10 0 43
770 10 0 37
3168 10 0 28
971 10 0 19
3318 10 0 13
1505 10 0 5
2697 10 2 94
1108 10 2 88
1840 10 2 81
4461 10 2 72
649 10 2 62
1720 10 2 54
1591 10 2 47
4157 10 2 38
830 10 2 26
542 10 2 19
2921 10 2 13
1181 10 2 5
958 10 11 94
661 10 11 88
341 10 11 81
4174 10 11 72
482 10 11 62
726 10 11 54
4302 10 11 46
768 10 11 37
1326 10 11 28
3928 10 11 18
1616 10 11 11
3257 10 11 1
319 10 12 93
3573 10 12 86
885 10 12 80
2410 10 12 72
3307 10 12 61
618 10 12 55
662 10 12 47
4116 10 12 38
3870 10 12 25
2151 10 12 18
1032 10 12 11
2959 10 12 1
4025 10 13 92
51 10 13 88
4322 10 13 80
2198 10 13 72
3152 10 13 61
4051 10 13 54
2740 10 13 46
636 10 13 37
1186 10 13 28
3301 10 13 18
583 10 13 11
3398 10 13 3
3086 10 14 92
3799 10 14 87
2930 10 14 79
2338 10 14 72
3085 10 14 61
3105 10 14 54
1907 10 14 46
4149 10 14 36
4504 10 14 29
4354 10 14 19
2787 10 14 12
2998 10 14 4
3057 10 15 92
2907 10 15 87
2315 10 15 79
1320 10 15 72
2689 10 15 61
1397 10 15 54
1886 10 15 46
4038 10 15 36
2119 10 15 29
3119 10 15 19
2296 10 15 12
1671 10 15 4
1968 10 16 92
1332 10 16 87
2217 10 16 79
4305 10 16 71
1005 10 16 66
4321 10 16 59
90 10 16 49
556 10 16 39
2293 10 16 33
3193 10 16 26
182 10 16 19
1368 10 16 12
899 10 16 4
2909 10 17 91
4283 10 17 84
2128 10 17 75
2357 10 17 66
3381 10 17 59
3890 10 17 48
2609 10 17 40
3597 10 17 30
12 10 17 20
840 10 17 11
2911 10 17 3
2561 10 18 91
3986 10 18 84
1958 10 18 75
1164 10 18 66
2546 10 18 59
3266 10 18 48
860 10 18 40
1697 10 18 30
2048 10 18 19
491 10 18 12
3798 10 18 3
1898 10 19 91
3521 10 19 84
1568 10 19 75
4207 10 19 65
1001 10 19 58
63 10 19 49
4507 10 19 38
1083 10 19 24
2183 10 19 17
537 10 19 10
2225 10 19 3
3696 11 0 90
1162 11 0 83
2968 11 0 75
2553 11 0 65
941 11 0 58
4055 11 0 48
3814 11 0 39
2022 11 0 33
1054 11 0 26
3552 11 0 18
1340 11 0 10
1762 11 0 3
2784 11 1 90
956 11 1 83
374 11 1 75
2548 11 1 65
3179 11 1 57
3341 11 1 51
2142 11 1 41
1126 11 1 31
2699 11 1 22
2536 11 1 15
2256 11 1 8
2059 11 1 1
4133 11 2 89
2747 11 2 81
2108 11 2 72
926 11 2 61
748 11 2 54
1349 11 2 46
3593 11 2 36
866 11 2 29
43 11 2 19
4016 11 2 11
1414 11 2 3
3737 11 3 89
2106 11 3 81
1149 11 3 72
22 11 3 61
687 11 3 54
4355 11 3 45
136 11 3 38
2442 11 3 23
2885 11 3 14
3594 11 3 5
2774 11 4 89
1822 11 4 81
3657 11 4 71
776 11 4 66
2295 11 4 59
3216 11 4 48
3328 11 4 39
1338 11 4 33
3834 11 4 25
832 11 4 18
835 11 4 10
3744 11 4 2
2213 11 5 89
991 11 5 81
2510 11 5 71
104 11 5 66
2292 11 5 59
2625 11 5 48
1401 11 5 39
3475 11 5 32
2815 11 5 24
969 11 5 17
4034 11 5 9
2370 11 5 2
1439 11 6 89
611 11 6 81
1519 11 6 71
2572 11 6 65
2914 11 6 57
3022 11 6 51
2031 11 6 41
225 11 6 31
328 11 6 22
2003 11 6 15
882 11 6 8
749 11 6 1
3344 11 7 88
4293 11 7 80
964 11 7 72
4527 11 7 60
948 11 7 51
1550 11 7 41
3701 11 7 30
1430 11 7 19
1067 11 7 11
2006 11 7 2
1044 11 8 88
4214 11 8 80
237 11 8 72
4492 11 8 60
188 11 8 51
879 11 8 41
3170 11 8 30
4239 11 8 17
3881 11 8 9
1997 11 8 2
3961 11 9 87
1726 11 9 79
4112 11 9 71
1948 11 9 65
3079 11 9 56
1026 11 9 49
1521 11 9 38
600 11 9 23
1914 11 9 14
2560 11 9 5
3847 11 13 87
1471 11 13 79
4027 11 13 71
2450 11 13 64
3004 11 13 57
2910 11 13 51
8 11 13 41
823 11 13 30
3205 11 13 17
3212 11 13 9
1987 11 13 2
1546 11 15 87
569 11 15 79
2368 11 15 71
1211 11 15 64
1055 11 15 57
1531 11 15 51
2936 11 15 39
1906 11 15 32
2678 11 15 24
586 11 15 17
1074 11 15 9
1327 11 15 2
1424 11 16 87
476 11 16 79
2146 11 16 71
3610 11 16 63
2861 11 16 54
4167 11 16 45
4165 11 16 37
710 11 16 28
1829 11 16 18
3357 11 16 9
786 11 16 2
4058 11 17 86
3529 11 17 79
1431 11 17 71
1606 11 17 63
1755 11 17 54
4146 11 17 45
2869 11 17 37
617 11 17 28
637 11 17 18
2808 11 17 9
4030 11 17 1
3230 11 18 86
3162 11 18 79
2227 11 18 70
3012 11 18 63
1225 11 18 54
3876 11 18 45
2495 11 18 37
3570 11 18 27
4185 11 18 20
326 11 18 11
2832 11 19 86
782 11 19 79
1135 11 19 70
2501 11 19 63
1121 11 19 54
2392 11 19 45
1955 11 19 37
1557 11 19 27
2331 11 19 20
4407 11 19 10
900 12 7 86
563 12 7 79
1007 12 7 70
2382 12 7 63
1097 12 7 54
1832 12 7 45
680 12 7 37
3490 12 7 25
3953 12 7 17
1966 12 7 8
4215 12 8 85
3562 12 8 76
634 12 8 70
1014 12 8 63
1059 12 8 54
4035 12 8 44
2924 12 8 36
674 12 8 29
3984 12 8 18
2626 12 8 9
3763 12 9 85
3438 12 9 76
2399 12 9 69
102 12 9 62
373 12 9 54
995 12 9 44
2467 12 9 36
540 12 9 29
3806 12 9 17
2908 12 9 7
1878 12 11 85
3149 12 11 76
2088 12 11 69
3807 12 11 61
3233 12 11 53
3080 12 11 45
3773 12 11 36
3927 12 11 28
68 12 11 17
2761 12 11 7
1391 12 12 85
2483 12 12 76
1833 12 12 69
2669 12 12 61
3722 12 12 52
2401 12 12 43
2145 12 12 36
3869 12 12 28
4265 12 12 15
4332 12 12 7
4506 12 13 84
1208 12 13 75
1985 12 13 65
2834 12 13 56
3681 12 13 48
1182 12 13 39
1881 12 13 32
1124 12 13 24
390 12 13 17
1159 12 13 7
3334 12 15 84
378 12 15 75
1925 12 15 65
2488 12 15 56
3175 12 15 48
286 12 15 39
1535 12 15 32
3891 12 15 23
1757 12 15 14
2215 12 15 5
2279 13 0 84
74 13 0 75
1880 13 0 65
244 13 0 56
199 13 0 48
280 13 0 39
1143 13 0 32
3561 13 0 23
4295 13 0 13
4434 13 0 4
1913 13 1 84
28 13 1 75
1064 13 1 65
2420 13 1 55
232 13 1 47
3481 13 1 38
1201 13 1 22
1863 13 1 15
4137 13 1 7
2348 13 2 83
3549 13 2 74
4362 13 2 66
2027 13 2 59
2109 13 2 48
4414 13 2 38
4524 13 2 21
4447 13 2 9
769 13 3 83
2664 13 3 74
3743 13 3 66
2237 13 3 58
3396 13 3 48
3258 13 3 38
4136 13 3 19
2049 13 3 10
2965 13 5 81
1466 13 5 71
433 13 5 63
2345 13 5 53
2123 13 5 45
2182 13 5 36
3527 13 5 28
2989 13 5 15
3302 13 5 7
3691 13 6 77
1224 13 6 69
2159 13 6 61
3128 13 6 52
1260 13 6 43
377 13 6 36
2955 13 6 28
970 13 6 15
2098 13 6 7
1743 13 15 76
177 13 15 69
407 13 15 61
2231 13 15 52
1086 13 15 43
4531 13 15 35
3030 13 15 27
750 13 15 20
3347 13 15 10
4237 13 16 94
366 13 16 88
3150 13 16 80
3487 13 16 71
109 13 16 63
1303 13 16 53
797 13 16 45
4114 13 16 35
1282 13 16 27
524 13 16 20
3238 13 16 10
2807 13 17 94
3955 13 17 87
5 13 17 79
371 13 17 70
329 13 17 63
892 13 17 53
209 13 17 45
3647 13 17 35
3950 13 17 26
856 13 17 18
2397 13 17 9
1861 13 19 94
2860 13 19 87
3060 13 19 78
3345 13 19 69
2193 13 19 60
2745 13 19 49
10 13 19 38
4501 13 19 17
808 13 19 7
676 14 0 94
2267 14 0 87
2014 14 0 78
2552 14 0 69
1865 14 0 60
2705 14 0 49
2706 14 0 37
3226 14 0 25
3565 14 0 17
4347 14 0 6
2900 14 1 93
2969 14 1 86
2935 14 1 78
1798 14 1 69
949 14 1 60
2332 14 1 49
886 14 1 37
2875 14 1 24
2637 14 1 16
3372 14 1 8
2981 14 2 92
1220 14 2 87
1574 14 2 78
1711 14 2 69
912 14 2 60
2105 14 2 49
142 14 2 37
2285 14 2 24
2547 14 2 16
3213 14 2 8
2122 14 3 92
1662 14 3 86
561 14 3 78
163 14 3 69
754 14 3 60
2079 14 3 49
436 14 3 36
2589 14 3 27
4155 14 3 19
1661 14 3 9
857 14 5 92
2219 14 5 85
2245 14 5 76
3592 14 5 68
3421 14 5 61
1895 14 5 52
4242 14 5 42
3764 14 5 34
615 14 5 27
3210 14 5 19
1595 14 5 9
464 14 6 92
1413 14 6 85
3097 14 6 75
669 14 6 65
2284 14 6 55
50 14 6 47
3124 14 6 38
101 14 6 17
1199 14 6 6
4240 14 8 90
268 14 8 83
1418 14 8 74
2635 14 8 66
627 14 8 58
2352 14 8 47
2512 14 8 38
2596 14 8 16
3197 14 8 7
2177 14 9 90
1144 14 9 82
4270 14 9 75
4202 14 9 64
363 14 9 57
58 14 9 51
333 14 9 39
560 14 9 32
2188 14 9 23
4065 14 9 13
3480 14 9 4
525 14 10 90
100 14 10 82
1479 14 10 75
1855 14 10 64
11 14 10 57
1217 14 10 50
166 14 10 44
1155 14 10 36
2433 14 10 27
3107 14 10 19
1453 14 10 9
346 14 13 90
3498 14 13 81
4445 14 13 70
4317 14 13 62
3843 14 13 53
3813 14 13 44
4498 14 13 35
3491 14 13 26
791 14 13 18
1226 14 13 9
3147 14 15 89
461 14 15 81
3485 14 15 69
414 14 15 60
1451 14 15 49
3887 14 15 35
3220 14 15 26
247 14 15 18
534 14 15 9
2141 15 3 89
3596 15 3 80
3186 15 3 71
87 15 3 62
2595 15 3 53
3607 15 3 44
2329 15 3 35
2355 15 3 26
2987 15 3 17
222 15 3 6
1923 15 9 89
1783 15 9 80
2056 15 9 71
1539 15 9 61
1018 15 9 52
3156 15 9 42
3732 15 9 34
4161 15 9 26
2307 15 9 17
2994 15 9 5
1795 15 10 89
1738 15 10 80
2045 15 10 71
4131 15 10 60
205 15 10 49
959 15 10 35
2228 15 10 26
2107 15 10 17
2174 15 10 5
1543 15 12 89
1178 15 12 80
1939 15 12 71
3851 15 12 60
3908 15 12 48
852 15 12 38
893 15 12 16
2653 15 12 7
159 15 13 89
3176 15 13 79
1258 15 13 69
387 15 13 60
3090 15 13 48
2974 15 13 37
1607 15 13 24
3517 15 13 15
1640 15 13 7
3812 15 15 88
2702 15 15 80
1567 15 15 71
884 15 15 60
2148 15 15 48
1998 15 15 36
2075 15 15 27
2260 15 15 19
644 15 15 8
1882 15 17 88
1896 15 17 80
4369 15 17 69
4109 15 17 59
2110 15 17 47
1682 15 17 38
4195 15 17 14
1290 15 17 5
780 15 18 88
1684 15 18 80
2805 15 18 69
3645 15 18 59
1930 15 18 47
458 15 18 38
3054 15 18 13
3064 15 18 4
91 15 19 88
3165 15 19 79
125 15 19 69
3638 15 19 59
974 15 19 47
4122 15 19 37
62 15 19 24
3273 15 19 14
1139 15 19 5
3917 16 0 87
887 16 0 78
3383 16 0 68
1136 16 0 61
4123 16 0 51
4166 16 0 38
1792 16 0 12
485 16 0 3
3526 16 1 87
3272 16 1 77
2602 16 1 68
467 16 1 61
3130 16 1 51
3311 16 1 38
388 16 1 6
3473 16 3 87
3198 16 3 77
1678 16 3 68
4031 16 3 60
1947 16 3 48
3437 16 3 35
1526 16 3 26
1573 16 3 17
596 16 3 5
3442 16 5 87
2238 16 5 77
160 16 5 68
2581 16 5 60
1850 16 5 47
3865 16 5 37
2947 16 5 23
3407 16 5 13
1730 16 5 4
2652 16 6 87
4103 16 6 76
1994 16 6 68
1210 16 6 60
1504 16 6 47
2244 16 6 37
1507 16 6 23
1963 16 6 13
1291 16 6 4
1773 16 7 87
655 16 7 76
908 16 7 68
2517 16 7 59
3960 16 7 46
1922 16 7 36
39 16 7 27
1670 16 7 19
1394 16 7 7
557 16 8 87
269 16 8 76
707 16 8 68
1782 16 8 58
3821 16 8 46
1276 16 8 36
4187 16 8 26
1371 16 8 17
216 16 8 5
506 16 9 86
4064 16 9 77
118 16 9 68
829 16 9 58
3236 16 9 46
575 16 9 36
3844 16 9 26
639 16 9 17
3467 16 9 4
169 16 17 86
3883 16 17 77
3689 16 17 67
3720 16 17 51
911 16 17 38
955 16 17 23
1619 16 17 13
917 16 17 4
1744 16 18 85
3068 16 18 75
3173 16 18 63
369 16 18 53
2820 16 18 44
1675 16 18 35
3768 16 18 25
2306 16 18 17
2646 16 18 4
3293 16 19 84
1070 16 19 74
1406 16 19 66
4457 16 19 57
4164 16 19 49
740 16 19 33
3606 16 19 25
2010 16 19 17
2438 16 19 4
1933 17 1 84
4460 17 1 73
3854 17 1 63
2562 17 1 52
1891 17 1 42
3260 17 1 34
2922 17 1 26
295 17 1 17
929 17 1 4
246 17 9 84
3520 17 9 73
3566 17 9 63
2242 17 9 52
3712 17 9 41
4075 17 9 29
2887 17 9 17
2644 17 9 3
4022 17 10 83
4012 17 10 73
3350 17 10 63
1824 17 10 52
3538 17 10 41
192 17 10 29
2748 17 10 17
2543 17 10 3
3003 17 12 82
1145 17 12 75
1487 17 12 63
2956 17 12 51
4223 17 12 37
1080 17 12 22
1805 17 12 15
1542 17 12 7
1794 17 14 82
3832 17 14 74
2893 17 14 65
2140 17 14 54
930 17 14 44
1501 17 14 35
3172 17 14 25
861 17 14 17
1981 17 14 3
759 17 15 82
3738 17 15 74
2001 17 15 65
1193 17 15 54
903 17 15 44
4342 17 15 34
1498 17 15 26
1510 17 15 16
1786 17 15 7
1888 17 17 81
1791 17 17 69
3385 17 17 59
3181 17 17 46
3769 17 17 35
3315 17 17 24
2988 17 17 14
1109 17 17 5
24 18 5 80
2480 18 5 69
3069 18 5 59
3863 18 5 45
3497 18 5 35
3789 18 5 23
592 18 5 13
234 18 5 4
3166 19 0 78
2222 19 0 68
439 19 0 58
2478 19 0 46
401 19 0 35
3468 19 0 23
2963 19 0 12
263 19 0 3
601 19 1 78
2047 19 1 68
4386 19 1 57
3999 19 1 49
2583 19 1 32
1776 19 1 23
1921 19 1 12
4141 19 1 2
364 19 2 76
3415 19 2 67
1537 19 2 51
1261 19 2 37
4024 19 2 21
4026 19 2 9
3762 19 3 75
1202 19 3 63
653 19 3 51
793 19 3 36
2374 19 3 26
428 19 3 16
1668 19 3 7
2730 19 4 75
3621 19 4 62
1012 19 4 53
2648 19 4 44
4249 19 4 34
470 19 4 26
56 19 4 16
1177 19 4 7
2649 19 5 72
3333 19 5 60
1432 19 5 47
4221 19 5 36
3751 19 5 25
4198 19 5 16
3229 19 5 6
2165 19 7 72
3206 19 7 60
664 19 7 47
4151 19 7 36
1915 19 7 25
3693 19 7 16
2452 19 7 6
134 19 8 71
210 19 8 60
3232 19 8 46
4 19 8 35
2919 19 8 23
1292 19 8 12
3672 19 8 2
1357 19 9 69
1160 19 9 59
2369 19 9 45
1693 19 9 35
2515 19 9 23
741 19 9 12
3300 19 9 2
4014 19 10 66
3895 19 10 57
2342 19 10 49
4437 19 10 31
4216 19 10 21
1970 19 10 8
1179 19 11 66
3496 19 11 57
4211 19 11 48
1625 19 11 35
474 19 11 23
580 19 11 12
3180 19 11 2
4512 19 12 44
1600 19 12 34
106 19 12 26
3776 19 12 15
4479 19 12 6
1928 19 13 92
3435 19 13 84
2061 19 13 73
3322 19 13 63
567 19 13 51
2458 19 13 33
2679 19 13 25
3667 19 13 16
1359 19 13 6
4153 19 14 91
3330 19 14 84
4099 19 14 72
2366 19 14 60
2672 19 14 46
3167 19 14 34
3522 19 14 25
2055 19 14 16
1358 19 14 6
4043 19 15 91
3183 19 15 84
3921 19 15 72
382 19 15 60
2195 19 15 45
1378 19 15 35
2505 19 15 22
1559 19 15 15
1629 19 15 6
3697 19 16 91
2752 19 16 84
3201 19 16 72
233 19 16 60
2530 19 16 44
348 19 16 34
3393 19 16 25
1764 19 16 16
1191 19 16 6
3478 19 17 91
2613 19 17 84
2154 19 17 72
3132 19 17 59
4371 19 17 44
708 19 17 33
2216 19 17 25
385 19 17 16
2991 19 17 5
2502 19 18 91
1494 19 18 84
1301 19 18 72
2951 19 18 59
745 19 18 44
704 19 18 33
2066 19 18 25
2725 19 18 15
2503 19 18 5
973 19 19 91
889 19 19 84
3651 19 19 71
3337 19 19 59
3483 19 19 43
2793 19 19 35
838 19 19 22
1112 19 19 15
1724 19 19 5
