2924
6379 0 0 98
5933 0 0 95
3049 0 0 92
2984 0 0 89
5537 0 0 85
5688 0 0 82
468 0 0 80
2215 0 0 77
1310 0 0 75
2828 0 0 73
1602 0 0 71
844 0 0 69
6368 0 0 65
890 0 0 63
2092 0 0 60
2841 0 0 57
3870 0 0 53
4406 0 0 51
964 0 0 49
4958 0 0 46
5301 0 0 44
6087 0 0 42
2427 0 0 40
2202 0 0 37
998 0 0 35
4299 0 0 31
3130 0 0 29
5617 0 0 26
3601 0 0 24
5425 0 0 21
5523 0 0 19
2546 0 0 17
5201 0 0 15
5492 0 0 12
3072 0 0 9
2127 0 0 7
5227 0 0 4
4223 0 0 1
6054 0 1 98
5815 0 1 95
3393 0 1 91
3435 0 1 89
3734 0 1 85
3084 0 1 82
5465 0 1 79
6483 0 1 76
1710 0 1 73
5525 0 1 70
2207 0 1 68
2474 0 1 66
5828 0 1 64
5782 0 1 61
5802 0 1 58
5331 0 1 55
3220 0 1 52
3637 0 1 49
1124 0 1 45
5428 0 1 42
1890 0 1 40
2740 0 1 36
4162 0 1 34
6021 0 1 32
5052 0 1 28
1762 0 1 25
4937 0 1 23
3638 0 1 20
6229 0 1 17
5435 0 1 14
4490 0 1 10
5710 0 1 7
4140 0 1 4
1417 0 1 1
3151 0 2 98
5532 0 2 95
2825 0 2 91
6146 0 2 88
2238 0 2 86
5714 0 2 82
2621 0 2 79
5070 0 2 76
5519 0 2 72
1987 0 2 70
698 0 2 67
3353 0 2 64
3431 0 2 61
2489 0 2 58
2322 0 2 55
980 0 2 52
1023 0 2 49
6020 0 2 44
471 0 2 41
6245 0 2 37
6331 0 2 34
4673 0 2 31
230 0 2 28
1543 0 2 25
2221 0 2 23
5919 0 2 19
5709 0 2 16
5695 0 2 14
3987 0 2 10
4451 0 2 7
6060 0 2 3
6559 0 2 1
5475 0 3 97
4996 0 3 94
5603 0 3 91
6349 0 3 87
3362 0 3 84
3242 0 3 81
5733 0 3 78
5168 0 3 75
6270 0 3 72
5681 0 3 69
4304 0 3 65
3287 0 3 62
2943 0 3 60
4110 0 3 56
3433 0 3 53
4887 0 3 49
5283 0 3 44
5552 0 3 40
1758 0 3 36
6267 0 3 33
3955 0 3 31
2975 0 3 27
4397 0 3 25
3972 0 3 22
5366 0 3 18
3600 0 3 15
282 0 3 12
2178 0 3 9
4972 0 3 6
6571 0 3 2
2211 0 4 97
2196 0 4 94
5527 0 4 91
3930 0 4 87
629 0 4 83
6222 0 4 80
1941 0 4 77
3368 0 4 74
1394 0 4 72
5535 0 4 68
1961 0 4 66
6131 0 4 62
2277 0 4 59
6032 0 4 57
3413 0 4 53
3273 0 4 49
3886 0 4 44
5416 0 4 40
6083 0 4 35
3869 0 4 31
2414 0 4 27
6420 0 4 24
4901 0 4 21
6497 0 4 17
4496 0 4 14
1092 0 4 10
3618 0 4 6
1090 0 4 2
861 0 5 97
6023 0 5 93
3633 0 5 91
1255 0 5 87
588 0 5 83
1558 0 5 80
1917 0 5 77
5579 0 5 73
5478 0 5 70
5570 0 5 66
3737 0 5 62
3918 0 5 58
5762 0 5 54
6128 0 5 52
6569 0 5 48
2040 0 5 45
2456 0 5 41
6233 0 5 37
6002 0 5 34
4594 0 5 31
3471 0 5 26
6322 0 5 23
5040 0 5 19
4149 0 5 16
5529 0 5 13
2877 0 5 10
1413 0 5 6
3366 0 5 2
640 0 6 97
3756 0 6 93
6038 0 6 90
5136 0 6 88
323 0 6 86
4923 0 6 82
1194 0 6 79
1326 0 6 76
5263 0 6 72
480 0 6 68
5720 0 6 64
3369 0 6 61
6309 0 6 57
2918 0 6 53
1676 0 6 49
2224 0 6 44
4347 0 6 40
5584 0 6 35
3677 0 6 31
2193 0 6 26
5746 0 6 23
2685 0 6 19
2864 0 6 16
2134 0 6 13
5217 0 6 9
3236 0 6 6
6031 0 6 1
5597 0 7 96
5197 0 7 94
3669 0 7 91
765 0 7 87
6026 0 7 82
4790 0 7 78
112 0 7 75
5578 0 7 72
5922 0 7 67
2515 0 7 63
5916 0 7 59
4938 0 7 57
6327 0 7 52
6551 0 7 48
5015 0 7 44
3711 0 7 40
4865 0 7 35
3191 0 7 31
426 0 7 26
1459 0 7 23
870 0 7 19
6184 0 7 15
6168 0 7 11
5462 0 7 9
4118 0 7 5
4226 0 7 1
5139 0 8 96
345 0 8 93
5469 0 8 90
6071 0 8 86
4358 0 8 82
4203 0 8 78
18 0 8 75
2290 0 8 72
5598 0 8 67
6154 0 8 62
6387 0 8 57
1104 0 8 52
4590 0 8 48
4512 0 8 44
2172 0 8 40
4186 0 8 35
2926 0 8 31
5862 0 8 25
1585 0 8 22
4685 0 8 18
6507 0 8 14
3943 0 8 9
1029 0 8 5
3893 0 8 1
4103 0 9 96
209 0 9 93
3386 0 9 90
4999 0 9 86
2362 0 9 82
3058 0 9 78
1379 0 9 74
4288 0 9 71
5890 0 9 68
1949 0 9 64
4345 0 9 60
2849 0 9 56
2271 0 9 53
5350 0 9 48
4011 0 9 44
604 0 9 40
4160 0 9 35
4175 0 9 30
72 0 9 28
1299 0 9 25
4017 0 9 21
6231 0 9 17
526 0 9 14
270 0 9 9
6333 0 9 4
5970 0 9 1
3115 0 10 96
4419 0 10 92
6014 0 10 88
155 0 10 84
1147 0 10 81
6489 0 10 77
4540 0 10 73
4534 0 10 70
4443 0 10 66
1996 0 10 62
5266 0 10 57
271 0 10 52
2097 0 10 48
3038 0 10 44
6579 0 10 39
6227 0 10 37
456 0 10 34
3120 0 10 31
5571 0 10 25
3899 0 10 21
4038 0 10 17
6058 0 10 13
1774 0 10 9
6228 0 10 4
2942 0 11 96
4153 0 11 92
5241 0 11 88
5633 0 11 83
443 0 11 80
1906 0 11 77
2890 0 11 73
3953 0 11 70
6015 0 11 65
483 0 11 62
3515 0 11 57
150 0 11 52
6239 0 11 47
2186 0 11 44
3239 0 11 39
1474 0 11 37
6354 0 11 33
4013 0 11 30
3020 0 11 27
3792 0 11 23
4665 0 11 18
5689 0 11 14
6216 0 11 8
4716 0 11 4
2164 0 12 96
2850 0 12 92
5235 0 12 88
6052 0 12 82
3016 0 12 78
6518 0 12 73
2268 0 12 70
3388 0 12 65
6350 0 12 61
5429 0 12 57
6319 0 12 51
857 0 12 48
3023 0 12 44
5180 0 12 38
2303 0 12 36
4676 0 12 33
3871 0 12 30
1477 0 12 27
2704 0 12 23
4098 0 12 18
4745 0 12 14
5917 0 12 8
3482 0 12 4
1713 0 13 96
2659 0 13 92
5213 0 13 88
1478 0 13 82
2005 0 13 78
6205 0 13 73
12 0 13 70
935 0 13 65
3117 0 13 61
1265 0 13 57
5920 0 13 51
6041 0 13 47
4550 0 13 43
3832 0 13 41
4985 0 13 37
5404 0 13 33
3801 0 13 30
6364 0 13 26
5586 0 13 22
4523 0 13 18
3830 0 13 14
5840 0 13 8
3286 0 13 3
1444 0 14 96
2148 0 14 92
3513 0 14 88
1368 0 14 82
6276 0 14 77
1342 0 14 73
4820 0 14 69
2615 0 14 65
1829 0 14 61
5050 0 14 56
6393 0 14 52
5977 0 14 47
4393 0 14 43
6516 0 14 40
3123 0 14 35
4120 0 14 30
5401 0 14 26
5014 0 14 22
1951 0 14 18
3395 0 14 14
4877 0 14 8
1525 0 14 3
859 0 15 96
947 0 15 92
3492 0 15 88
4404 0 15 81
1016 0 15 76
5198 0 15 72
4898 0 15 67
4602 0 15 62
1279 0 15 57
5129 0 15 51
5928 0 15 47
1883 0 15 43
2379 0 15 40
1596 0 15 35
3483 0 15 30
4875 0 15 26
4782 0 15 22
1365 0 15 18
1998 0 15 14
4831 0 15 8
5809 0 15 2
310 0 16 96
6572 0 16 91
4567 0 16 86
630 0 16 82
6012 0 16 77
1269 0 16 73
3914 0 16 69
646 0 16 65
685 0 16 61
4679 0 16 56
637 0 16 52
5768 0 16 47
4984 0 16 42
4833 0 16 38
6051 0 16 35
2321 0 16 30
5215 0 16 25
3574 0 16 21
3107 0 16 17
5923 0 16 13
994 0 16 9
5897 0 16 4
240 0 17 96
6426 0 17 91
4558 0 17 86
6158 0 17 81
329 0 17 76
5134 0 17 72
3037 0 17 67
3554 0 17 62
530 0 17 57
4566 0 17 51
4087 0 17 47
3940 0 17 42
4012 0 17 38
5494 0 17 35
1933 0 17 30
4500 0 17 25
1911 0 17 21
2126 0 17 17
5484 0 17 13
6277 0 17 8
2838 0 17 2
4881 0 18 95
5609 0 18 90
2673 0 18 86
5767 0 18 81
3799 0 18 75
6416 0 18 71
4220 0 18 68
4079 0 18 63
5822 0 18 59
3650 0 18 56
4383 0 18 51
2276 0 18 47
2591 0 18 42
1801 0 18 38
5338 0 18 35
465 0 18 30
1518 0 18 25
1276 0 18 21
491 0 18 17
2257 0 18 13
4065 0 18 8
6470 0 18 1
4595 0 19 95
2717 0 19 90
999 0 19 86
4009 0 19 81
3500 0 19 75
6306 0 19 71
2361 0 19 67
2054 0 19 62
5844 0 19 56
3404 0 19 51
1235 0 19 47
667 0 19 42
1698 0 19 38
746 0 19 35
5891 0 19 29
2251 0 19 25
936 0 19 21
6148 0 19 16
6389 0 19 12
76 0 19 9
4922 0 19 4
1868 2 0 95
2507 2 0 90
1743 2 0 85
6086 2 0 80
830 2 0 77
5947 2 0 72
2965 2 0 67
1258 2 0 62
1944 2 0 56
1435 2 0 51
26 2 0 47
6400 2 0 41
2190 2 0 37
5738 2 0 32
4036 2 0 28
4632 2 0 24
4834 2 0 21
6073 2 0 16
6226 2 0 12
4010 2 0 8
6180 2 0 1
152 2 1 95
1679 2 1 90
6504 2 1 84
3648 2 1 80
6078 2 1 76
4414 2 1 72
5811 2 1 66
1653 2 1 62
1568 2 1 56
977 2 1 51
6355 2 1 46
4828 2 1 43
6117 2 1 39
5858 2 1 36
3166 2 1 33
5326 2 1 29
6568 2 1 24
5171 2 1 20
1561 2 1 17
2917 2 1 12
176 2 1 7
4771 2 1 3
6374 2 2 94
6300 2 2 90
5873 2 2 84
2263 2 2 80
5186 2 2 76
337 2 2 72
3569 2 2 66
348 2 2 62
1303 2 2 56
3889 2 2 50
3437 2 2 47
6318 2 2 41
1072 2 2 37
4681 2 2 32
1722 2 2 28
3052 2 2 24
3643 2 2 20
5546 2 2 16
5713 2 2 12
6369 2 2 6
5980 2 4 94
5843 2 4 90
1058 2 4 84
5211 2 4 79
5627 2 4 75
3682 2 4 71
1388 2 4 67
1185 2 4 62
4975 2 4 55
5989 2 4 51
4823 2 4 46
4319 2 4 43
3073 2 4 39
1420 2 4 36
2286 2 4 33
1783 2 4 29
5411 2 4 24
3222 2 4 20
5207 2 4 16
5364 2 4 12
3829 2 4 6
5179 2 5 94
4192 2 5 90
6457 2 5 83
4662 2 5 79
4837 2 5 75
2409 2 5 71
961 2 5 67
5212 2 5 61
2575 2 5 56
3221 2 5 50
5471 2 5 46
5453 2 5 42
5106 2 5 37
6575 2 5 31
5043 2 5 25
682 2 5 21
5161 2 5 16
4992 2 5 12
3029 2 5 6
4470 2 6 94
2533 2 6 90
5509 2 6 83
1282 2 6 79
4242 2 6 75
342 2 6 71
5827 2 6 66
6351 2 6 61
2376 2 6 56
1820 2 6 50
4291 2 6 46
5083 2 6 42
5037 2 6 37
5548 2 6 31
4155 2 6 24
2378 2 6 20
3415 2 6 16
711 2 6 12
2632 2 6 6
754 2 7 94
1290 2 7 90
3606 2 7 83
6462 2 7 78
6062 2 7 73
1702 2 7 69
4503 2 7 64
1853 2 7 60
6320 2 7 55
5631 2 7 51
2891 2 7 46
1263 2 7 42
4154 2 7 37
5378 2 7 31
2895 2 7 24
614 2 7 20
359 2 7 16
5408 2 7 10
356 2 7 6
425 2 9 94
285 2 9 90
3250 2 9 83
5804 2 9 78
5275 2 9 73
4818 2 9 68
1507 2 9 63
3911 2 9 59
502 2 9 56
747 2 9 50
2983 2 9 46
6311 2 9 41
4993 2 9 36
162 2 9 33
6544 2 9 28
5669 2 9 23
1051 2 9 18
1476 2 9 14
4561 2 9 8
5178 2 9 1
164 2 10 93
1714 2 10 90
2262 2 10 83
5327 2 10 78
4556 2 10 73
3464 2 10 68
6402 2 10 62
4441 2 10 55
3323 2 10 51
1253 2 10 46
5218 2 10 41
4240 2 10 36
5243 2 10 32
1487 2 10 28
2674 2 10 23
772 2 10 18
6554 2 10 13
2813 2 10 8
2320 2 10 1
6372 2 11 92
699 2 11 88
756 2 11 81
2812 2 11 75
6468 2 11 70
634 2 11 65
5109 2 11 60
5541 2 11 55
6556 2 11 50
1450 2 11 46
5155 2 11 41
4227 2 11 36
2198 2 11 32
4974 2 11 27
1745 2 11 23
5987 2 11 17
1663 2 11 12
1546 2 11 6
4963 2 13 92
5520 2 13 87
2860 2 13 82
3713 2 13 77
2245 2 13 72
3208 2 13 66
4930 2 13 61
5634 2 13 55
6452 2 13 50
3997 2 13 45
1902 2 13 41
497 2 13 36
1634 2 13 32
3789 2 13 27
589 2 13 23
4656 2 13 17
807 2 13 12
135 2 13 6
4413 2 14 92
5219 2 14 87
1406 2 14 82
2743 2 14 77
1197 2 14 72
1362 2 14 66
1806 2 14 61
2762 2 14 55
6303 2 14 50
3507 2 14 45
5506 2 14 40
3587 2 14 34
3086 2 14 31
2130 2 14 24
121 2 14 20
5799 2 14 15
4433 2 14 11
2057 2 14 8
1471 2 14 1
3698 2 16 92
1130 2 16 87
1243 2 16 82
2450 2 16 77
290 2 16 72
1108 2 16 66
1106 2 16 61
2590 2 16 55
3739 2 16 50
2707 2 16 45
5396 2 16 40
2633 2 16 34
6141 2 16 30
6511 2 16 24
6534 2 16 19
467 2 16 15
2509 2 16 11
1262 2 16 8
719 2 16 1
2483 2 17 92
5397 2 17 86
2422 2 17 81
2765 2 17 74
2448 2 17 71
4374 2 17 66
6357 2 17 60
4317 2 17 55
6321 2 17 49
1856 2 17 44
4475 2 17 38
6474 2 17 34
2589 2 17 30
6386 2 17 24
5706 2 17 19
6199 2 17 14
3372 2 17 8
280 2 17 3
1862 2 18 92
3665 2 18 86
2331 2 18 81
2304 2 18 74
5854 2 18 70
126 2 18 65
6246 2 18 59
3731 2 18 55
6143 2 18 49
515 2 18 44
2119 2 18 38
4018 2 18 34
6503 2 18 29
3788 2 18 24
5639 2 18 19
5329 2 18 14
2393 2 18 8
5726 2 18 2
6498 2 19 91
3420 2 19 86
905 2 19 81
6580 2 19 73
6102 2 19 67
4573 2 19 61
2147 2 19 55
4333 2 19 49
219 2 19 44
1466 2 19 38
6543 2 19 33
6326 2 19 28
6335 2 19 22
6274 2 19 17
6492 2 19 11
717 2 19 8
5420 2 19 2
4841 3 0 91
3173 3 0 86
525 3 0 81
1586 3 0 73
5499 3 0 67
4504 3 0 61
1945 3 0 55
1301 3 0 49
5016 3 0 43
3065 3 0 39
1249 3 0 36
1196 3 0 32
3475 3 0 27
6173 3 0 22
4669 3 0 17
6279 3 0 11
5995 3 0 7
3268 3 0 2
4194 3 4 91
6415 3 4 85
5903 3 4 80
3517 3 4 76
6449 3 4 71
2836 3 4 66
5562 3 4 60
1914 3 4 55
638 3 4 49
4935 3 4 43
2451 3 4 39
1118 3 4 36
969 3 4 32
2800 3 4 27
5232 3 4 22
2120 3 4 17
5723 3 4 11
4159 3 4 7
1526 3 4 2
4097 3 5 91
3469 3 5 85
4868 3 5 80
2098 3 5 76
5454 3 5 71
1179 3 5 66
4914 3 5 60
5838 3 5 54
5591 3 5 52
5729 3 5 47
4697 3 5 41
131 3 5 36
6422 3 5 31
382 3 5 24
5612 3 5 19
791 3 5 14
5836 3 5 7
4239 3 5 1
3477 3 6 91
3006 3 6 85
5291 3 6 79
3591 3 6 75
5796 3 6 70
5110 3 6 64
1738 3 6 60
5006 3 6 54
3872 3 6 51
5290 3 6 45
4112 3 6 40
2218 3 6 34
5984 3 6 29
6441 3 6 23
4326 3 6 17
5576 3 6 11
3490 3 6 7
3675 3 6 1
3316 3 7 91
2660 3 7 85
4178 3 7 79
1188 3 7 75
4894 3 7 70
3112 3 7 64
6059 3 7 59
2094 3 7 55
6019 3 7 48
5418 3 7 43
820 3 7 39
5373 3 7 35
4652 3 7 29
5991 3 7 23
3269 3 7 17
5046 3 7 11
2738 3 7 7
3283 3 7 1
1827 3 9 91
2138 3 9 85
2670 3 9 79
811 3 9 75
2133 3 9 70
2587 3 9 64
2152 3 9 59
1037 3 9 55
5513 3 9 48
3706 3 9 43
6240 3 9 38
6186 3 9 33
5320 3 9 28
4559 3 9 22
1956 3 9 17
5044 3 9 11
750 3 9 7
2602 3 9 1
677 3 10 91
5616 3 10 84
3896 3 10 79
5752 3 10 74
4265 3 10 70
2505 3 10 64
6546 3 10 58
4409 3 10 54
2777 3 10 51
3958 3 10 45
1298 3 10 40
2162 3 10 34
5829 3 10 29
3607 3 10 23
3205 3 10 17
2787 3 10 11
5610 3 10 6
6037 3 11 90
6548 3 11 82
1467 3 11 77
6040 3 11 71
5273 3 11 65
5865 3 11 59
4382 3 11 54
1593 3 11 50
2601 3 11 45
6533 3 11 39
5353 3 11 35
2553 3 11 29
3496 3 11 23
2964 3 11 17
1705 3 11 11
5316 3 11 6
5539 3 13 90
2302 3 13 82
713 3 13 77
4588 3 13 71
4967 3 13 65
5115 3 13 59
1736 3 13 54
6271 3 13 49
4888 3 13 43
5605 3 13 38
5901 3 13 33
4477 3 13 28
2744 3 13 22
777 3 13 17
944 3 13 11
5120 3 13 6
5460 3 14 90
221 3 14 82
4979 3 14 76
4792 3 14 71
4731 3 14 65
3580 3 14 59
1045 3 14 54
6211 3 14 49
3429 3 14 43
5049 3 14 38
2102 3 14 33
2433 3 14 28
2260 3 14 22
574 3 14 17
518 3 14 11
4020 3 14 6
3848 3 16 90
5377 3 16 81
1322 3 16 73
3768 3 16 67
4096 3 16 61
1830 3 16 55
4007 3 16 48
2657 3 16 43
3278 3 16 38
363 3 16 33
1971 3 16 28
2212 3 16 22
6541 3 16 16
4961 3 16 10
5745 3 16 5
3403 3 17 90
5183 3 17 81
1088 3 17 73
649 3 17 67
3864 3 17 61
641 3 17 55
2388 3 17 48
2650 3 17 43
1747 3 17 38
5993 3 17 32
1432 3 17 27
4911 3 17 22
4373 3 17 16
2617 3 17 10
3750 3 17 5
1512 3 18 90
4234 3 18 81
3758 3 18 72
6034 3 18 65
5386 3 18 58
4170 3 18 54
5670 3 18 49
3005 3 18 43
5055 3 18 37
4636 3 18 31
6295 3 18 23
2402 3 18 17
505 3 18 11
6137 3 18 5
1155 3 19 90
3798 3 19 81
2561 3 19 72
6018 3 19 65
5310 3 19 58
1847 3 19 54
4191 3 19 49
2826 3 19 43
4400 3 19 37
3047 3 19 31
5354 3 19 23
2352 3 19 17
6207 3 19 10
3365 3 19 5
3697 4 0 89
5032 4 0 83
4313 4 0 78
198 4 0 73
565 4 0 67
3681 4 0 61
4059 4 0 54
3274 4 0 49
1031 4 0 43
3467 4 0 37
2242 4 0 31
4268 4 0 23
907 4 0 17
4893 4 0 10
3180 4 0 5
2971 4 2 89
1490 4 2 83
2915 4 2 78
5203 4 2 72
5941 4 2 65
3449 4 2 58
1564 4 2 54
2818 4 2 49
780 4 2 43
2185 4 2 37
1768 4 2 31
4008 4 2 23
4630 4 2 16
2595 4 2 10
1200 4 2 5
1616 4 7 89
6167 4 7 82
3034 4 7 76
4228 4 7 71
4270 4 7 65
3187 4 7 58
5511 4 7 53
4995 4 7 48
2439 4 7 43
5340 4 7 36
6007 4 7 31
3772 4 7 23
3743 4 7 16
5652 4 7 9
4298 4 7 4
899 4 11 89
5946 4 11 82
50 4 11 76
4128 4 11 71
808 4 11 65
2009 4 11 58
2696 4 11 53
4753 4 11 48
1030 4 11 43
5192 4 11 36
5023 4 11 31
3432 4 11 23
3468 4 11 16
5391 4 11 9
3550 4 11 4
5517 4 16 88
644 4 16 81
1261 4 16 72
4173 4 16 65
1841 4 16 57
4255 4 16 51
3408 4 16 45
5683 4 16 39
5339 4 16 35
5638 4 16 28
1224 4 16 22
4338 4 16 16
5276 4 16 9
2663 4 16 4
2940 5 0 88
169 5 0 81
4253 5 0 71
6174 5 0 64
5563 5 0 58
2061 5 0 53
3803 5 0 48
43 5 0 43
5165 5 0 36
4951 5 0 31
3003 5 0 23
720 5 0 16
4015 5 0 9
524 5 0 4
2863 5 2 88
6197 5 2 80
5705 5 2 75
6223 5 2 69
3636 5 2 64
5200 5 2 58
2043 5 2 53
2062 5 2 48
5908 5 2 42
4028 5 2 37
1760 5 2 31
6501 5 2 22
2540 5 2 16
2446 5 2 9
416 5 2 4
2634 5 3 88
5957 5 3 80
3011 5 3 75
5479 5 3 69
3553 5 3 64
3898 5 3 58
933 5 3 53
884 5 3 48
591 5 3 42
3488 5 3 37
910 5 3 31
4941 5 3 22
1536 5 3 16
1980 5 3 9
4642 5 3 3
175 5 4 88
5312 5 4 80
1873 5 4 75
3325 5 4 69
2083 5 4 64
2314 5 4 58
4981 5 4 52
5526 5 4 47
597 5 4 41
5191 5 4 35
5512 5 4 28
5623 5 4 21
3787 5 4 16
1700 5 4 9
3549 5 4 3
6459 5 5 87
388 5 5 82
5945 5 5 75
3111 5 5 69
460 5 5 64
2016 5 5 58
2295 5 5 52
3991 5 5 47
5881 5 5 40
2028 5 5 34
5068 5 5 29
2472 5 5 23
6396 5 5 15
1624 5 5 11
5430 5 5 5
6072 5 9 87
6299 5 9 81
3300 5 9 71
4678 5 9 64
6429 5 9 57
4213 5 9 51
1463 5 9 45
5399 5 9 39
3083 5 9 35
4172 5 9 28
4997 5 9 21
3757 5 9 16
751 5 9 9
1864 5 9 3
5194 5 11 87
3193 5 11 81
984 5 11 71
3923 5 11 64
6043 5 11 57
2843 5 11 51
1068 5 11 45
5324 5 11 39
2313 5 11 35
2381 5 11 28
4390 5 11 21
1924 5 11 16
59 5 11 9
1538 5 11 3
797 5 13 87
1807 5 13 81
819 5 13 71
3440 5 13 64
4819 5 13 57
1128 5 13 51
5277 5 13 44
4721 5 13 37
3298 5 13 30
4295 5 13 24
4408 5 13 19
4660 5 13 13
2781 5 13 8
2494 5 13 1
6057 5 14 86
390 5 14 81
4925 5 14 70
1461 5 14 64
4713 5 14 57
147 5 14 51
5138 5 14 44
3915 5 14 37
1990 5 14 30
3328 5 14 24
4361 5 14 19
4184 5 14 13
2353 5 14 8
1843 5 14 1
2865 5 18 85
2643 5 18 79
5716 5 18 74
1513 5 18 70
740 5 18 64
1422 5 18 57
3399 5 18 50
5306 5 18 44
3062 5 18 37
1934 5 18 30
3202 5 18 24
959 5 18 19
3759 5 18 13
1781 5 18 8
567 5 18 1
6115 5 19 84
2088 5 19 79
4321 5 19 74
440 5 19 70
6255 5 19 63
49 5 19 59
70 5 19 54
1784 5 19 49
5950 5 19 42
3041 5 19 37
1922 5 19 30
2618 5 19 24
5501 5 19 18
129 5 19 13
1408 5 19 8
384 5 19 1
4092 6 0 84
5389 6 0 78
3485 6 0 72
3907 6 0 65
6347 6 0 56
4810 6 0 49
5644 6 0 42
1465 6 0 37
1822 6 0 30
1957 6 0 24
5071 6 0 18
6196 6 0 12
67 6 0 6
3922 6 1 84
2581 6 1 78
2373 6 1 72
3817 6 1 65
5850 6 1 56
1812 6 1 49
3994 6 1 42
3629 6 1 36
3247 6 1 31
3067 6 1 22
252 6 1 16
5431 6 1 8
3523 6 2 84
1727 6 2 78
2310 6 2 72
2661 6 2 65
3727 6 2 56
1707 6 2 49
3945 6 2 42
3028 6 2 36
2728 6 2 31
2928 6 2 22
464 6 2 15
5569 6 2 10
6352 6 2 4
2624 6 3 84
1725 6 3 78
156 6 3 72
2627 6 3 65
2468 6 3 56
1581 6 3 49
2834 6 3 42
2878 6 3 36
1316 6 3 31
380 6 3 22
5806 6 3 14
4764 6 3 7
1158 6 4 84
5953 6 4 77
3985 6 4 71
2982 6 4 64
1227 6 4 57
2209 6 4 50
5206 6 4 44
5790 6 4 36
1097 6 4 31
5986 6 4 21
204 6 4 16
3567 6 4 8
1719 6 5 83
1651 6 5 78
6305 6 5 71
2496 6 5 64
315 6 5 57
367 6 5 50
2113 6 5 44
3347 6 5 36
5190 6 5 30
1912 6 5 24
3102 6 5 18
3858 6 5 12
4878 6 5 5
5937 6 6 82
3534 6 6 75
2039 6 6 69
5466 6 6 63
6293 6 6 58
1995 6 6 52
2564 6 6 47
3641 6 6 40
1392 6 6 34
5284 6 6 28
4182 6 6 21
5769 6 6 15
5019 6 6 10
6076 6 6 4
4167 6 7 82
2485 6 7 75
1180 6 7 69
5196 6 7 63
6114 6 7 58
1923 6 7 52
1658 6 7 47
4187 6 7 39
2265 6 7 35
2306 6 7 28
4029 6 7 21
5491 6 7 15
2307 6 7 10
5315 6 7 4
4094 6 9 82
22 6 9 75
1003 6 9 69
5105 6 9 63
4857 6 9 58
971 6 9 52
1257 6 9 47
3313 6 9 39
1343 6 9 35
600 6 9 28
3825 6 9 21
5013 6 9 15
65 6 9 10
4341 6 9 4
6341 6 11 81
4420 6 11 70
6540 6 11 62
3025 6 11 55
6454 6 11 47
3121 6 11 39
922 6 11 35
5341 6 11 27
1191 6 11 22
5073 6 11 14
3671 6 11 7
5878 6 13 80
1486 6 13 75
4892 6 13 68
5265 6 13 62
1958 6 13 55
5358 6 13 47
538 6 13 39
6502 6 13 34
5245 6 13 28
1844 6 13 21
4243 6 13 15
3212 6 13 9
919 6 13 3
2555 6 14 79
3961 6 14 74
295 6 14 70
5031 6 14 62
1192 6 14 55
5143 6 14 47
5459 6 14 38
4359 6 14 32
5839 6 14 26
2610 6 14 22
4759 6 14 14
3343 6 14 7
430 6 16 79
2066 6 16 74
5332 6 16 69
4781 6 16 63
2741 6 16 58
5407 6 16 51
4258 6 16 44
2682 6 16 36
2988 6 16 30
5107 6 16 23
3666 6 16 15
3097 6 16 9
108 6 16 3
4495 6 17 77
3790 6 17 71
2180 6 17 64
6129 6 17 56
865 6 17 49
4953 6 17 41
4890 6 17 35
4715 6 17 27
3373 6 17 21
3481 6 17 15
1614 6 17 9
6291 6 17 2
2537 6 18 77
2874 6 18 71
676 6 18 64
4744 6 18 56
771 6 18 49
4864 6 18 41
4737 6 18 35
3340 6 18 27
2328 6 18 21
3091 6 18 15
1325 6 18 9
6203 6 18 2
1913 6 19 77
1202 6 19 71
3993 6 19 63
2031 6 19 58
2493 6 19 51
3456 6 19 44
2019 6 19 36
2702 6 19 30
4703 6 19 23
2604 6 19 15
5515 6 19 8
1267 7 13 77
991 7 13 71
2722 7 13 63
5794 7 13 57
6132 7 13 49
3720 7 13 41
2300 7 13 35
2424 7 13 27
304 7 13 21
2729 7 13 15
4846 7 13 8
5581 7 16 76
1606 7 16 71
1946 7 16 63
5498 7 16 57
6030 7 16 49
2552 7 16 41
2044 7 16 35
1452 7 16 27
6542 7 16 20
5238 7 16 15
2968 7 16 8
168 8 0 76
328 8 0 71
1662 8 0 63
4695 8 0 57
5528 8 0 49
635 8 0 41
6287 8 0 34
5079 8 0 28
300 8 0 21
2308 8 0 15
1795 8 0 8
1531 8 1 75
3539 8 1 68
4799 8 1 62
1160 8 1 55
5119 8 1 47
5394 8 1 38
2786 8 1 32
3608 8 1 26
1430 8 1 22
4394 8 1 14
2051 8 1 7
2997 8 2 70
4931 8 2 62
592 8 2 55
3518 8 2 47
4379 8 2 38
2041 8 2 32
3535 8 2 26
952 8 2 22
4204 8 2 14
896 8 2 7
5968 8 3 69
2275 8 3 63
2360 8 3 57
5184 8 3 49
6136 8 3 40
688 8 3 34
1757 8 3 28
11 8 3 21
2146 8 3 15
398 8 3 8
989 8 4 64
3204 8 4 56
103 8 4 49
5735 8 4 40
4836 8 4 33
893 8 4 28
4335 8 4 20
5059 8 4 15
4699 8 4 7
6435 8 6 55
5395 8 6 46
4962 8 6 41
3728 8 6 34
1548 8 6 28
3398 8 6 20
4899 8 6 15
3840 8 6 7
669 8 7 36
1297 8 7 30
4511 8 7 23
2467 8 7 15
3158 8 7 7
818 8 8 98
3271 8 8 95
1386 8 8 90
3691 8 8 81
3499 8 8 70
4740 8 8 62
403 8 8 55
3260 8 8 46
4481 8 8 41
2330 8 8 34
534 8 8 28
1540 8 8 20
4318 8 8 15
446 8 8 7
1916 8 9 97
2577 8 9 93
6138 8 9 89
4832 8 9 82
6135 8 9 74
5261 8 9 69
4932 8 9 62
6328 8 9 54
5225 8 9 48
5545 8 9 41
1089 8 9 34
3126 8 9 27
6176 8 9 20
1528 8 9 15
118 8 9 7
4952 8 10 96
5818 8 10 91
4976 8 10 84
5530 8 10 77
4698 8 10 70
4727 8 10 62
6282 8 10 54
3309 8 10 48
5311 8 10 41
5645 8 10 33
149 8 10 28
6190 8 10 19
4944 8 10 12
2846 8 10 5
4525 8 11 96
4324 8 11 91
4957 8 11 84
4353 8 11 77
4547 8 11 70
4552 8 11 62
3141 8 11 54
3235 8 11 48
2458 8 11 41
5221 8 11 33
6555 8 11 27
5875 8 11 20
1433 8 11 15
4960 8 11 6
28 8 13 96
2155 8 13 91
4945 8 13 84
3954 8 13 77
4264 8 13 70
4442 8 13 62
3019 8 13 54
2753 8 13 48
1808 8 13 41
2683 8 13 33
4578 8 13 27
4980 8 13 20
862 8 13 15
1920 8 13 6
6405 8 15 95
1176 8 15 90
3232 8 15 81
3170 8 15 70
3357 8 15 62
2558 8 15 54
1778 8 15 48
658 8 15 41
2161 8 15 33
4050 8 15 27
4360 8 15 20
293 8 15 15
6170 8 15 5
3656 8 16 95
5488 8 16 89
703 8 16 82
3590 8 16 74
4807 8 16 69
2978 8 16 62
1814 8 16 54
1332 8 16 48
3612 8 16 40
3360 8 16 33
3944 8 16 27
4025 8 16 20
4968 8 16 14
6436 8 16 6
2625 8 18 95
4918 8 18 89
4849 8 18 81
2340 8 18 70
2167 8 18 62
5697 8 18 53
5252 8 18 47
3410 8 18 38
1002 8 18 32
1921 8 18 26
123 8 18 22
586 8 18 14
5223 8 18 6
1401 8 19 95
4885 8 19 89
4710 8 19 81
1285 8 19 70
601 8 19 62
4518 8 19 53
962 8 19 47
5988 8 19 37
5470 8 19 29
1805 8 19 23
1726 8 19 15
4900 8 19 5
6145 9 0 94
6346 9 0 89
2159 9 0 81
6068 9 0 69
1721 9 0 62
4407 9 0 53
260 9 0 47
5852 9 0 37
3487 9 0 29
500 9 0 23
1100 9 0 15
1363 9 0 5
5760 9 1 94
2512 9 1 89
2132 9 1 81
5496 9 1 69
889 9 1 62
4101 9 1 53
4555 9 1 46
4437 9 1 41
593 9 1 33
3061 9 1 27
3849 9 1 20
4821 9 1 14
3824 9 1 6
5381 9 2 94
2305 9 2 89
41 9 2 81
4093 9 2 69
879 9 2 62
4082 9 2 53
4117 9 2 46
4045 9 2 41
6461 9 2 32
1376 9 2 26
5181 9 2 21
1439 9 2 15
237 9 2 5
5095 9 3 94
1744 9 3 89
4416 9 3 80
1148 9 3 75
3145 9 3 68
4352 9 3 62
3632 9 3 53
3289 9 3 46
506 9 3 41
2831 9 3 32
6570 9 3 25
5380 9 3 20
1174 9 3 14
2606 9 3 6
2607 9 4 94
5902 9 4 88
4754 9 4 80
449 9 4 75
2390 9 4 68
2513 9 4 62
782 9 4 53
2151 9 4 46
327 9 4 41
1857 9 4 32
5648 9 4 25
5176 9 4 20
6008 9 4 13
1178 9 4 8
1529 9 6 94
5008 9 6 88
4282 9 6 80
423 9 6 75
975 9 6 68
1898 9 6 62
459 9 6 53
1483 9 6 46
6268 9 6 40
3082 9 6 33
2556 9 6 27
3424 9 6 20
4363 9 6 13
4852 9 6 7
6565 9 7 93
5653 9 7 89
4113 9 7 80
6539 9 7 74
3901 9 7 69
6524 9 7 61
3874 9 7 54
434 9 7 48
1440 9 7 40
1750 9 7 33
6042 9 7 26
4421 9 7 21
6566 9 7 14
2394 9 7 6
5069 9 13 93
5303 9 13 89
3176 9 13 80
4522 9 13 74
3427 9 13 69
5913 9 13 61
3826 9 13 54
265 9 13 48
338 9 13 40
1292 9 13 33
3547 9 13 26
3774 9 13 21
6439 9 13 14
5367 9 13 5
4047 9 19 93
3831 9 19 89
281 9 19 80
4507 9 19 74
3391 9 19 69
5892 9 19 61
3459 9 19 54
4826 9 19 47
5035 9 19 37
3259 9 19 29
6558 9 19 22
6356 9 19 13
4387 9 19 7
1766 10 6 93
6342 10 6 88
1407 10 6 80
3498 10 6 74
1731 10 6 69
4257 10 6 61
3153 10 6 54
4519 10 6 47
804 10 6 37
2418 10 6 29
6109 10 6 22
4617 10 6 13
3568 10 6 7
768 10 9 93
2021 10 9 88
14 10 9 80
2662 10 9 74
1395 10 9 69
3813 10 9 61
1681 10 9 54
2716 10 9 47
686 10 9 37
2296 10 9 29
4773 10 9 22
3754 10 9 13
3533 10 9 7
511 10 10 93
6024 10 10 87
875 10 10 81
2954 10 10 69
3135 10 10 61
159 10 10 54
1305 10 10 47
552 10 10 37
61 10 10 29
4035 10 10 22
1846 10 10 13
2345 10 10 7
5516 10 12 92
3000 10 12 86
5145 10 12 80
2430 10 12 74
1340 10 12 69
2573 10 12 61
6424 10 12 53
800 10 12 46
4366 10 12 40
6404 10 12 32
4129 10 12 25
4661 10 12 20
3057 10 12 13
2298 10 12 7
2292 10 13 92
1796 10 13 86
5080 10 13 80
1061 10 13 74
6390 10 13 68
1375 10 13 62
5574 10 13 52
978 10 13 47
6444 10 13 36
6332 10 13 29
2689 10 13 22
1259 10 13 13
1810 10 13 7
2072 10 16 92
211 10 16 86
3965 10 16 79
1026 10 16 74
4905 10 16 68
696 10 16 62
2671 10 16 52
6124 10 16 46
3257 10 16 40
6316 10 16 32
3721 10 16 25
3982 10 16 20
2504 10 16 13
5857 10 16 6
5921 10 17 91
4378 10 17 84
2950 10 17 77
1633 10 17 70
3048 10 17 61
5896 10 17 53
299 10 17 46
2325 10 17 40
6248 10 17 32
3419 10 17 25
4982 10 17 19
3088 10 17 12
2217 10 17 5
5600 10 18 91
4336 10 18 84
2128 10 18 77
6519 10 18 69
1419 10 18 61
5825 10 18 53
5879 10 18 45
4403 10 18 39
5718 10 18 34
2423 10 18 27
2538 10 18 20
2042 10 18 13
5422 10 18 6
3884 10 19 91
3733 10 19 84
648 10 19 77
5755 10 19 69
997 10 19 61
5299 10 19 53
5791 10 19 45
4221 10 19 39
5062 10 19 34
887 10 19 27
1494 10 19 20
1355 10 19 13
2375 10 19 6
1209 11 0 91
3604 11 0 84
5242 11 0 76
4906 11 0 70
4777 11 0 60
4037 11 0 54
1302 11 0 47
6048 11 0 36
6153 11 0 29
1457 11 0 22
5817 11 0 12
291 11 0 5
631 11 1 91
192 11 1 84
3964 11 1 76
4639 11 1 70
3174 11 1 60
2343 11 1 54
1134 11 1 47
3752 11 1 36
4132 11 1 29
930 11 1 22
5127 11 1 12
6116 11 1 4
5812 11 2 90
473 11 2 81
2784 11 2 69
6564 11 2 60
1684 11 2 54
266 11 2 47
2440 11 2 36
3657 11 2 29
333 11 2 22
4983 11 2 12
3687 11 2 4
5787 11 3 90
227 11 3 81
2192 11 3 69
5656 11 3 60
1214 11 3 54
113 11 3 47
2408 11 3 36
2596 11 3 29
6250 11 3 21
6427 11 3 14
4357 11 3 5
3802 11 4 90
6156 11 4 80
5473 11 4 73
5419 11 4 66
3578 11 4 60
923 11 4 54
6480 11 4 46
1563 11 4 40
5983 11 4 32
2808 11 4 25
4181 11 4 19
2798 11 4 12
2253 11 4 4
2087 11 6 90
6055 11 6 80
3105 11 6 73
5409 11 6 66
2125 11 6 60
6434 11 6 53
5393 11 6 45
3674 11 6 39
3900 11 6 34
3818 11 6 26
3609 11 6 21
5813 11 6 14
4250 11 6 5
1926 11 9 90
2672 11 9 80
2827 11 9 73
4805 11 9 66
1014 11 9 60
2359 11 9 53
4904 11 9 45
3479 11 9 39
3730 11 9 34
1785 11 9 26
4722 11 9 20
1034 11 9 13
5640 11 9 5
6323 11 10 89
4640 11 10 79
193 11 10 74
3625 11 10 68
400 11 10 62
71 11 10 52
5736 11 10 46
1054 11 10 40
5102 11 10 32
3282 11 10 24
2559 11 10 18
2949 11 10 12
1244 11 10 4
6206 11 12 89
4621 11 12 79
5803 11 12 73
3888 11 12 66
916 11 12 60
781 11 12 53
4543 11 12 45
1943 11 12 39
3570 11 12 34
708 11 12 26
3887 11 12 20
6171 11 12 12
1226 11 12 4
6288 11 13 88
3651 11 13 79
4786 11 13 73
3234 11 13 66
843 11 13 60
718 11 13 53
3725 11 13 45
895 11 13 39
2857 11 13 34
659 11 13 26
3510 11 13 20
5065 11 13 12
6006 11 13 3
5447 12 4 88
3142 12 4 79
3853 12 4 73
2170 12 4 66
2243 12 4 59
5376 12 4 53
3138 12 4 45
656 12 4 39
2154 12 4 34
647 12 4 26
3021 12 4 20
3722 12 4 12
5514 12 4 3
4418 12 6 87
6027 12 6 80
2819 12 6 73
2006 12 6 66
1154 12 6 59
4142 12 6 53
1393 12 6 45
5567 12 6 38
6260 12 6 31
5764 12 6 21
3455 12 6 14
6473 12 6 4
4312 12 8 87
5722 12 8 80
1780 12 8 73
1441 12 8 66
839 12 8 59
1884 12 8 53
4530 12 8 44
2008 12 8 36
2344 12 8 29
6202 12 8 21
2074 12 8 14
5108 12 8 4
4249 12 9 87
5434 12 9 80
1607 12 9 73
6 12 9 66
381 12 9 59
1519 12 9 53
2038 12 9 44
5100 12 9 35
963 12 9 27
422 12 9 20
3008 12 9 12
3623 12 9 3
1974 12 10 87
4655 12 10 80
6139 12 10 72
1740 12 10 65
127 12 10 56
6113 12 10 48
5066 12 10 39
5582 12 10 33
2851 12 10 26
1903 12 10 20
2372 12 10 12
1232 12 10 3
1502 12 12 87
3162 12 12 80
6108 12 12 72
269 12 12 65
5553 12 12 55
2480 12 12 46
5682 12 12 39
5007 12 12 33
1447 12 12 26
1620 12 12 20
2121 12 12 12
1236 12 12 2
1151 12 15 87
2630 12 15 80
5167 12 15 72
5749 12 15 64
4583 12 15 55
6526 12 15 45
4788 12 15 38
5002 12 15 31
4625 12 15 21
5863 12 15 13
5599 12 15 5
1496 12 16 86
1937 12 16 79
1383 12 16 73
2788 12 16 65
5426 12 16 55
4760 12 16 45
4054 12 16 38
4494 12 16 31
3152 12 16 21
5577 12 16 13
4252 12 16 5
745 12 17 86
1044 12 17 79
5871 12 17 72
3881 12 17 64
2993 12 17 55
4459 12 17 45
3926 12 17 38
4471 12 17 31
5480 12 17 20
1028 12 17 12
5934 12 17 1
6151 12 18 84
3868 12 18 76
3990 12 18 70
2199 12 18 60
609 12 18 53
1735 12 18 44
4668 12 18 35
803 12 18 27
3270 12 18 19
2227 12 18 12
5837 12 18 1
4839 12 19 84
371 12 19 76
3172 12 19 70
1879 12 19 60
427 12 19 53
413 12 19 44
3463 12 19 35
5438 12 19 26
543 12 19 20
4040 12 19 11
4396 12 19 5
898 13 0 84
5914 13 0 75
6530 13 0 67
2636 13 0 61
4102 13 0 53
5831 13 0 43
4624 13 0 36
1908 13 0 29
5972 13 0 21
2525 13 0 13
3341 13 0 5
564 13 1 84
4136 13 1 75
6450 13 1 67
5874 13 1 60
5687 13 1 52
4188 13 1 46
5560 13 1 39
3941 13 1 33
821 13 1 26
242 13 1 20
3528 13 1 11
2387 13 1 5
5038 13 2 83
725 13 2 78
4135 13 2 71
5321 13 2 62
6294 13 2 51
3040 13 2 44
2677 13 2 35
2415 13 2 26
5853 13 2 19
762 13 2 12
4200 13 2 1
3545 13 4 83
375 13 4 78
1977 13 4 71
3272 13 4 62
5309 13 4 51
5188 13 4 43
1503 13 4 36
1475 13 4 29
1511 13 4 21
4422 13 4 12
3069 13 4 1
314 13 14 83
5424 13 14 77
4863 13 14 69
5487 13 14 60
5646 13 14 52
3563 13 14 46
5421 13 14 39
2842 13 14 33
5842 13 14 25
3614 13 14 19
6432 13 14 11
1981 13 14 5
2745 13 15 82
2974 13 15 74
3595 13 15 68
225 13 15 62
4663 13 15 51
5026 13 15 43
5297 13 15 35
1982 13 15 26
3998 13 15 19
4824 13 15 11
1832 13 15 5
490 13 16 82
2545 13 16 74
3098 13 16 68
6469 13 16 61
3127 13 16 53
5534 13 16 42
1685 13 16 36
6081 13 16 28
4724 13 16 19
2124 13 16 11
1231 13 16 5
3367 13 17 81
431 13 17 69
4099 13 17 60
4108 13 17 52
1960 13 17 46
4742 13 17 39
2769 13 17 33
4806 13 17 25
3150 13 17 19
1599 13 17 11
64 13 17 5
167 13 18 80
4838 13 18 72
2080 13 18 64
897 13 18 55
4428 13 18 45
3809 13 18 38
3894 13 18 31
5314 13 18 20
1311 13 18 10
2774 13 18 4
1309 13 19 79
2289 13 19 72
2070 13 19 64
288 13 19 55
3989 13 19 45
3405 13 19 38
1021 13 19 31
5247 13 19 20
116 13 19 10
2428 13 19 4
2961 14 12 77
3186 14 12 69
2380 14 12 60
4005 14 12 52
1587 14 12 46
3571 14 12 39
2503 14 12 33
4375 14 12 25
3017 14 12 19
29 14 12 11
4539 14 12 4
1260 14 13 77
1800 14 13 69
2371 14 13 60
2727 14 13 52
1535 14 13 46
2797 14 13 39
3695 14 13 32
1533 14 13 24
5272 14 13 17
3937 14 13 10
1489 14 13 4
5982 15 1 73
2105 15 1 65
3279 15 1 55
3315 15 1 45
412 15 1 38
1012 15 1 31
3522 15 1 20
4461 15 1 9
4276 15 1 2
1323 15 5 61
2518 15 5 53
4121 15 5 42
1354 15 5 36
3883 15 5 28
4513 15 5 19
3397 15 5 10
4039 15 5 3
738 15 8 60
2187 15 8 52
6044 15 8 45
6437 15 8 37
4536 15 8 28
3136 15 8 19
4134 15 8 9
3143 15 8 2
5801 15 10 49
3785 15 10 40
4825 15 10 32
1222 15 10 24
4315 15 10 17
3912 15 10 10
3430 15 10 3
2967 15 13 40
3810 15 13 32
885 15 13 24
3642 15 13 17
3160 15 13 10
970 15 13 3
2571 15 15 96
1291 15 15 91
4880 15 15 83
3712 15 15 77
1446 15 15 69
1799 15 15 60
855 15 15 52
4581 15 15 45
5861 15 15 37
3508 15 15 28
2488 15 15 19
3615 15 15 9
344 15 15 2
4462 15 16 95
4765 15 16 89
435 15 16 79
1835 15 16 72
1352 15 16 64
52 15 16 55
2369 15 16 45
5647 15 16 37
439 15 16 27
2399 15 16 19
2955 15 16 9
4682 15 16 1
3384 15 17 95
4391 15 17 89
73 15 17 79
1389 15 17 72
585 15 17 64
6491 15 17 54
5091 15 17 46
2004 15 17 39
3092 15 17 32
607 15 17 24
195 15 17 17
6488 15 17 9
4126 15 17 1
3379 15 18 95
2188 15 18 89
5467 15 18 78
1777 15 18 71
1099 15 18 62
4619 15 18 51
4971 15 18 43
1149 15 18 35
547 15 18 26
3043 15 18 19
2715 15 18 9
806 15 18 1
2766 15 19 95
1115 15 19 89
5351 15 19 78
1709 15 19 71
134 15 19 62
4259 15 19 51
4083 15 19 43
1000 15 19 35
442 15 19 26
1728 15 19 19
2280 15 19 9
6313 16 1 94
924 16 1 88
3897 16 1 78
5999 16 1 70
23 16 1 60
6339 16 1 51
4071 16 1 43
1398 16 1 34
4873 16 1 25
2970 16 1 19
2024 16 1 9
5663 16 2 94
4867 16 2 87
1351 16 2 80
938 16 2 72
790 16 2 63
1242 16 2 57
2848 16 2 49
1103 16 2 40
2726 16 2 32
453 16 2 24
5554 16 2 16
3414 16 2 8
3683 16 3 94
4848 16 3 87
302 16 3 80
583 16 3 72
75 16 3 63
6213 16 3 56
6106 16 3 48
1612 16 3 39
1317 16 3 32
40 16 3 24
3967 16 3 16
979 16 3 8
1789 16 5 94
3134 16 5 87
5113 16 5 79
7 16 5 72
6324 16 5 62
1498 16 5 51
3747 16 5 43
5949 16 5 33
4283 16 5 25
2443 16 5 19
1628 16 5 9
6391 16 6 93
5667 16 6 87
2782 16 6 79
4620 16 6 71
5210 16 6 61
2336 16 6 53
3423 16 6 42
1036 16 6 36
3658 16 6 28
1113 16 6 19
860 16 6 9
5410 16 7 93
5048 16 7 87
2693 16 7 79
4385 16 7 71
5022 16 7 61
42 16 7 53
617 16 7 42
6209 16 7 35
5370 16 7 25
1268 16 7 19
6169 16 7 8
5323 16 8 93
3760 16 8 87
866 16 8 79
292 16 8 71
3506 16 8 61
6563 16 8 52
3925 16 8 45
4090 16 8 37
57 16 8 27
2291 16 8 19
4779 16 8 8
4456 16 10 93
1824 16 10 87
553 16 10 79
4739 16 10 70
6577 16 10 59
662 16 10 53
6281 16 10 41
146 16 10 32
4704 16 10 23
2338 16 10 14
5053 16 10 4
3744 16 11 93
325 16 11 87
397 16 11 79
3592 16 11 70
6401 16 11 59
6105 16 11 52
2521 16 11 45
4062 16 11 37
4398 16 11 26
1364 16 11 19
3956 16 11 8
3184 16 12 93
5932 16 12 86
826 16 12 79
2749 16 12 70
5650 16 12 59
3246 16 12 52
2046 16 12 45
3980 16 12 37
3856 16 12 26
4272 16 12 18
2947 16 12 12
2143 16 12 1
1146 16 13 93
5390 16 13 86
4548 16 13 78
5601 16 13 70
3882 16 13 59
350 16 13 52
1295 16 13 45
3100 16 13 37
2973 16 13 26
4689 16 13 17
6088 16 13 9
4647 16 15 92
4638 16 15 85
1109 16 15 79
1530 16 15 70
2230 16 15 59
20 16 15 52
615 16 15 45
2721 16 15 37
2731 16 15 26
4492 16 15 17
5963 16 15 8
3866 16 16 92
1308 16 16 85
655 16 16 79
1035 16 16 70
6150 16 16 58
652 16 16 51
1595 16 16 43
1479 16 16 33
2491 16 16 25
331 16 16 19
2771 16 16 8
3004 16 17 92
343 16 17 85
436 16 17 79
4659 16 17 69
1156 16 17 60
3452 16 17 51
1499 16 17 43
5482 16 17 32
4546 16 17 23
2114 16 17 14
4164 16 17 4
2076 16 18 92
140 16 18 85
38 16 18 79
3663 16 18 69
795 16 18 60
2734 16 18 51
1458 16 18 43
4301 16 18 32
3001 16 18 23
6537 16 18 13
2709 16 18 5
1233 16 19 92
5958 16 19 84
1427 16 19 75
6338 16 19 67
5753 16 19 60
1167 16 19 51
1409 16 19 43
2914 16 19 32
1852 16 19 23
6090 16 19 13
1948 16 19 5
681 17 1 92
5798 17 1 84
508 17 1 75
157 17 1 67
3213 17 1 60
653 17 1 51
241 17 1 43
2324 17 1 32
571 17 1 23
5761 17 1 13
1367 17 1 5
428 17 2 92
3843 17 2 84
5249 17 2 74
6358 17 2 67
3101 17 2 60
5398 17 2 50
1027 17 2 44
1159 17 2 35
1234 17 2 25
5628 17 2 18
1771 17 2 12
2122 17 2 1
4306 17 3 91
4874 17 3 83
3218 17 3 77
6029 17 3 68
5816 17 3 61
5500 17 3 52
5660 17 3 44
6344 17 3 34
4775 17 3 25
3418 17 3 18
1204 17 3 12
2022 17 3 1
4074 17 5 91
3561 17 5 83
2778 17 5 77
5887 17 5 68
3729 17 5 61
3865 17 5 52
4127 17 5 44
5959 17 5 34
3189 17 5 25
4973 17 5 17
4565 17 5 8
3716 17 6 91
2514 17 6 83
2884 17 6 76
3146 17 6 70
4294 17 6 58
568 17 6 51
84 17 6 43
966 17 6 32
5 17 6 23
5402 17 6 13
6411 17 6 4
3293 17 7 91
1723 17 7 83
2129 17 7 76
2861 17 7 70
3780 17 7 58
4711 17 7 50
389 17 7 44
5692 17 7 34
3501 17 7 24
3679 17 7 16
6495 17 7 7
2356 17 8 91
990 17 8 83
693 17 8 76
1347 17 8 70
3385 17 8 57
2434 17 8 49
709 17 8 40
1817 17 8 32
6392 17 8 22
4814 17 8 12
523 17 8 1
1182 17 10 91
847 17 10 83
5157 17 10 75
5414 17 10 66
6443 17 10 58
1979 17 10 50
5262 17 10 43
5608 17 10 31
1986 17 10 20
4325 17 10 9
1049 17 11 91
6567 17 11 82
1988 17 11 74
4796 17 11 67
2830 17 11 60
5092 17 11 50
2605 17 11 43
4515 17 11 31
1826 17 11 20
3185 17 11 9
5477 17 12 90
5074 17 12 79
3327 17 12 69
58 17 12 60
5090 17 12 50
2169 17 12 43
4161 17 12 31
504 17 12 20
5866 17 12 8
1694 17 13 90
5029 17 13 79
1959 17 13 69
4579 17 13 59
5088 17 13 51
5872 17 13 42
2477 17 13 35
197 17 13 25
4426 17 13 17
3950 17 13 8
1669 17 15 90
2948 17 15 79
4916 17 15 68
1782 17 15 61
3807 17 15 52
3796 17 15 44
4644 17 15 34
834 17 15 24
2628 17 15 16
5975 17 15 7
1066 19 0 90
1703 19 0 79
3014 19 0 68
560 19 0 61
4616 19 0 51
5626 19 0 42
2464 19 0 35
2896 19 0 24
2093 19 0 16
4206 19 0 7
533 19 1 90
1211 19 1 79
2163 19 1 68
228 19 1 61
4355 19 1 51
4855 19 1 42
2089 19 1 35
2880 19 1 24
1711 19 1 16
4081 19 1 7
6107 19 2 89
4626 19 2 78
1273 19 2 70
3230 19 2 57
1751 19 2 49
6496 19 2 39
1189 19 2 32
6314 19 2 22
3876 19 2 12
3841 19 2 4
5557 19 3 89
4151 19 3 78
1120 19 3 70
903 19 3 57
1559 19 3 49
4199 19 3 39
5556 19 3 31
4794 19 3 19
5202 19 3 7
3910 19 4 89
3344 19 4 78
680 19 4 70
486 19 4 57
1482 19 4 49
1539 19 4 39
4757 19 4 31
4411 19 4 19
3407 19 4 7
2986 19 5 89
424 19 5 78
6195 19 5 69
1909 19 5 59
4762 19 5 51
4592 19 5 42
1293 19 5 35
1304 19 5 24
1140 19 5 16
1403 19 5 7
47 19 6 89
5997 19 6 77
4453 19 6 68
5244 19 6 60
4816 19 6 50
1557 19 6 43
3473 19 6 31
2455 19 6 19
2175 19 6 7
5160 19 7 88
2492 19 7 78
4746 19 7 69
1216 19 7 59
4653 19 7 51
3527 19 7 42
394 19 7 35
6075 19 7 23
5027 19 7 13
5067 19 7 4
5939 19 8 87
220 19 8 79
690 19 8 68
4476 19 8 60
4217 19 8 50
5992 19 8 42
5268 19 8 34
4289 19 8 23
3745 19 8 13
1553 19 8 4
4919 19 9 87
111 19 9 79
689 19 9 68
3543 19 9 60
2779 19 9 50
5593 19 9 42
5144 19 9 34
3770 19 9 23
691 19 9 13
904 19 9 4
3694 19 10 87
5505 19 10 78
3999 19 10 69
1006 19 10 59
4401 19 10 51
3063 19 10 42
5114 19 10 34
2426 19 10 23
6365 19 10 11
3303 19 10 4
2071 19 11 87
4296 19 11 78
2900 19 11 69
827 19 11 59
4292 19 11 51
2498 19 11 42
4927 19 11 34
2184 19 11 23
5774 19 11 11
3085 19 11 4
2823 19 12 86
3194 19 12 78
2116 19 12 69
645 19 12 59
3627 19 12 51
921 19 12 42
3970 19 12 34
558 19 12 23
5234 19 12 11
2332 19 12 4
6576 19 13 85
5305 19 13 78
1060 19 13 69
5882 19 13 58
549 19 13 50
4499 19 13 42
2897 19 13 34
256 19 13 23
5128 19 13 11
1048 19 13 4
5012 19 14 85
5042 19 14 78
760 19 14 69
3806 19 14 58
509 19 14 50
2987 19 14 42
1445 19 14 34
5432 19 14 22
1451 19 14 12
37 19 14 4
4014 19 15 85
3847 19 15 78
727 19 15 69
5333 19 15 57
1390 19 15 49
1206 19 15 39
3389 19 15 31
1248 19 15 19
1842 19 15 7
2758 19 16 85
3717 19 16 78
6515 19 16 68
3497 19 16 60
2629 19 16 50
1625 19 16 42
1019 19 16 34
4752 19 16 22
6527 19 16 11
5355 19 16 3
1324 19 17 84
326 19 17 74
3610 19 17 67
2404 19 17 60
840 19 17 50
981 19 17 42
513 19 17 34
5611 19 17 21
213 19 17 12
5253 19 17 3
835 19 18 83
4866 19 18 75
4970 19 18 66
5318 19 18 58
2820 19 18 49
368 19 18 39
3182 19 18 31
2047 19 18 18
5869 19 18 11
5063 19 18 3
4293 19 19 82
1229 19 19 74
3276 19 19 67
1859 19 19 60
5979 19 19 49
4891 19 19 38
6273 19 19 29
6512 19 19 20
5412 19 19 8
