2775
2251 0 0 98
6259 0 0 96
3281 0 0 93
5865 0 0 89
6270 0 0 85
5894 0 0 83
6059 0 0 79
1979 0 0 76
3241 0 0 74
5511 0 0 71
6111 0 0 67
5221 0 0 64
1509 0 0 62
4390 0 0 60
5896 0 0 57
3821 0 0 54
5839 0 0 50
2206 0 0 48
3451 0 0 45
2782 0 0 43
582 0 0 41
3077 0 0 37
5694 0 0 34
5319 0 0 32
4865 0 0 30
622 0 0 28
6004 0 0 25
870 0 0 23
3824 0 0 20
4298 0 0 18
2401 0 0 15
5484 0 0 12
2153 0 0 10
2021 0 0 8
3238 0 0 4
5825 0 0 1
4753 0 1 97
2048 0 1 94
2447 0 1 92
458 0 1 89
952 0 1 85
5121 0 1 82
5877 0 1 79
5134 0 1 75
1734 0 1 71
4147 0 1 67
6030 0 1 63
1489 0 1 61
1805 0 1 58
3820 0 1 55
5616 0 1 52
4725 0 1 48
518 0 1 45
4717 0 1 42
4789 0 1 40
462 0 1 38
5963 0 1 35
5996 0 1 32
1576 0 1 29
5448 0 1 27
3197 0 1 25
5804 0 1 20
3992 0 1 17
3131 0 1 15
5035 0 1 12
5406 0 1 8
820 0 1 4
5563 0 1 1
3613 0 2 97
4114 0 2 93
4977 0 2 89
4377 0 2 84
5961 0 2 81
4814 0 2 79
6253 0 2 74
5174 0 2 71
1643 0 2 67
5758 0 2 63
4034 0 2 60
3147 0 2 57
539 0 2 54
3948 0 2 50
2186 0 2 48
6175 0 2 44
5542 0 2 41
2369 0 2 37
5140 0 2 34
3016 0 2 31
5586 0 2 28
1996 0 2 25
3271 0 2 20
6183 0 2 16
4990 0 2 13
6125 0 2 10
4036 0 2 7
867 0 2 5
5283 0 2 2
3612 0 3 97
2615 0 3 93
3390 0 3 89
3546 0 3 83
5476 0 3 79
5906 0 3 74
5079 0 3 71
1520 0 3 67
2214 0 3 63
6080 0 3 59
1707 0 3 57
5146 0 3 53
4580 0 3 51
3622 0 3 48
2815 0 3 44
3370 0 3 41
816 0 3 37
953 0 3 34
2682 0 3 31
4790 0 3 28
5668 0 3 24
6181 0 3 21
5893 0 3 18
2130 0 3 15
3475 0 3 12
4204 0 3 8
1035 0 3 3
3368 0 4 97
1763 0 4 93
1623 0 4 89
2955 0 4 83
3916 0 4 79
5659 0 4 74
4198 0 4 70
2423 0 4 66
1106 0 4 64
965 0 4 61
6034 0 4 57
6165 0 4 52
3711 0 4 48
2285 0 4 44
783 0 4 41
101 0 4 37
471 0 4 34
2039 0 4 31
2433 0 4 28
2616 0 4 24
157 0 4 20
1660 0 4 16
2582 0 4 13
5258 0 4 10
1791 0 4 7
5928 0 4 3
3019 0 5 97
1219 0 5 93
180 0 5 89
1632 0 5 83
851 0 5 79
4568 0 5 74
3773 0 5 70
1510 0 5 66
5721 0 5 62
3401 0 5 59
583 0 5 56
2017 0 5 53
3593 0 5 51
2355 0 5 47
1694 0 5 45
553 0 5 41
5052 0 5 36
5147 0 5 33
2784 0 5 31
1174 0 5 28
2443 0 5 24
1338 0 5 19
5676 0 5 15
1820 0 5 12
3973 0 5 8
5339 0 5 2
2860 0 6 97
4322 0 6 92
6085 0 6 87
436 0 6 85
4336 0 6 82
5249 0 6 79
4477 0 6 74
4991 0 6 69
5492 0 6 66
4596 0 6 62
2855 0 6 59
5152 0 6 55
3311 0 6 52
2448 0 6 48
1624 0 6 44
1049 0 6 40
4894 0 6 37
6187 0 6 33
6222 0 6 30
5942 0 6 27
737 0 6 24
1160 0 6 19
250 0 6 15
512 0 6 11
3921 0 6 9
4186 0 6 6
2135 0 6 4
3785 0 7 96
1881 0 7 92
3052 0 7 87
2161 0 7 84
5094 0 7 81
4559 0 7 79
3111 0 7 74
4869 0 7 69
5086 0 7 66
5470 0 7 61
5808 0 7 57
5749 0 7 52
1363 0 7 48
1209 0 7 44
5737 0 7 39
1328 0 7 37
5800 0 7 33
4136 0 7 30
3919 0 7 26
778 0 7 24
399 0 7 19
5841 0 7 14
2592 0 7 12
3652 0 7 8
4804 0 7 2
1999 0 8 96
6269 0 8 91
3333 0 8 89
3730 0 8 82
4385 0 8 79
1798 0 8 74
4343 0 8 69
1789 0 8 66
5461 0 8 61
5020 0 8 57
4125 0 8 52
5515 0 8 47
2854 0 8 44
5716 0 8 39
1116 0 8 37
3414 0 8 33
2020 0 8 30
1766 0 8 26
1934 0 8 23
2024 0 8 20
2399 0 8 15
4160 0 8 10
5214 0 8 6
4745 0 8 2
1907 0 9 96
5460 0 9 91
1589 0 9 88
3463 0 9 85
1886 0 9 82
586 0 9 79
917 0 9 74
3231 0 9 69
3736 0 9 65
2425 0 9 63
3295 0 9 59
4877 0 9 55
4806 0 9 51
723 0 9 47
5932 0 9 43
3843 0 9 40
2982 0 9 37
635 0 9 33
6145 0 9 29
1043 0 9 26
5019 0 9 22
4956 0 9 19
1233 0 9 14
2786 0 9 11
4427 0 9 8
1888 0 9 2
893 0 10 96
4466 0 10 91
1258 0 10 88
540 0 10 85
6124 0 10 81
2798 0 10 78
6249 0 10 74
824 0 10 69
3720 0 10 65
4772 0 10 62
1945 0 10 59
4848 0 10 55
4148 0 10 51
634 0 10 47
4587 0 10 43
4399 0 10 39
928 0 10 37
504 0 10 33
4037 0 10 29
3221 0 10 25
1306 0 10 20
1263 0 10 15
2392 0 10 10
5203 0 10 6
4700 0 10 2
3780 0 11 95
6199 0 11 92
1678 0 11 87
5261 0 11 83
6193 0 11 78
4774 0 11 74
491 0 11 69
6276 0 11 64
4237 0 11 60
1040 0 11 57
4102 0 11 52
4610 0 11 47
4067 0 11 43
2686 0 11 39
4657 0 11 36
1313 0 11 33
135 0 11 29
2232 0 11 25
895 0 11 20
47 0 11 15
429 0 11 10
4057 0 11 6
1441 0 11 2
2472 0 12 95
1090 0 12 91
5656 0 12 87
1418 0 12 83
3650 0 12 78
4003 0 12 74
6123 0 12 68
4235 0 12 66
1972 0 12 61
4115 0 12 57
1715 0 12 52
3605 0 12 46
3615 0 12 44
3619 0 12 39
3304 0 12 36
600 0 12 33
5846 0 12 28
80 0 12 24
4509 0 12 18
4855 0 12 14
2223 0 12 11
2072 0 12 8
550 0 12 2
2052 0 13 95
6136 0 13 90
4268 0 13 87
464 0 13 83
3027 0 13 78
3125 0 13 74
4997 0 13 68
4675 0 13 65
4490 0 13 62
2144 0 13 58
2385 0 13 55
1644 0 13 51
5848 0 13 46
4209 0 13 43
702 0 13 38
2374 0 13 34
513 0 13 31
2377 0 13 27
1348 0 13 23
4653 0 13 19
1042 0 13 14
2558 0 13 10
691 0 13 6
834 0 13 2
2026 0 14 95
5370 0 14 90
3129 0 14 87
5937 0 14 82
5292 0 14 78
1875 0 14 74
4528 0 14 68
763 0 14 65
4286 0 14 62
2 0 14 58
393 0 14 55
5475 0 14 50
3418 0 14 47
2839 0 14 43
275 0 14 38
1287 0 14 34
3508 0 14 30
1666 0 14 26
2207 0 14 22
233 0 14 19
6232 0 14 13
2457 0 14 9
3750 0 14 6
5277 0 14 1
2836 0 15 94
3873 0 15 90
2175 0 15 87
4550 0 15 82
3306 0 15 78
522 0 15 74
2977 0 15 68
4461 0 15 64
1636 0 15 60
4439 0 15 56
2132 0 15 52
2773 0 15 46
3188 0 15 43
5761 0 15 37
4679 0 15 32
2394 0 15 28
5567 0 15 23
3408 0 15 19
242 0 15 13
1814 0 15 9
3152 0 15 6
4873 0 15 1
6008 0 16 93
4981 0 16 88
5878 0 16 84
1808 0 16 81
428 0 16 78
5724 0 16 73
4954 0 16 71
5519 0 16 66
532 0 16 61
3040 0 16 57
1691 0 16 52
2599 0 16 46
5022 0 16 42
1803 0 16 40
1690 0 16 37
3315 0 16 32
1935 0 16 28
4470 0 16 23
3287 0 16 19
6185 0 16 12
695 0 16 8
2999 0 16 1
4699 0 17 93
2893 0 17 88
5772 0 17 84
6015 0 17 80
5794 0 17 78
4933 0 17 73
4971 0 17 70
3160 0 17 65
2040 0 17 62
3962 0 17 57
1257 0 17 52
2387 0 17 46
4127 0 17 42
4181 0 17 39
5836 0 17 35
5498 0 17 31
1730 0 17 27
5361 0 17 22
3742 0 17 18
4534 0 17 14
2557 0 17 10
4986 0 17 5
3847 0 17 2
3813 0 18 93
2501 0 18 88
3213 0 18 84
2905 0 18 80
5038 0 18 78
4026 0 18 73
2793 0 18 70
2710 0 18 65
3030 0 18 61
2551 0 18 57
5072 0 18 51
5741 0 18 46
3379 0 18 42
3484 0 18 39
5514 0 18 35
3323 0 18 31
4802 0 18 26
4844 0 18 21
916 0 18 18
1037 0 18 14
4598 0 18 9
2533 0 18 6
4661 0 18 1
1873 0 19 93
4428 0 19 87
2620 0 19 82
1744 0 19 78
5751 0 19 72
5350 0 19 69
2064 0 19 64
5608 0 19 59
4195 0 19 55
3592 0 19 50
4363 0 19 46
3165 0 19 42
3092 0 19 39
5259 0 19 35
1195 0 19 31
2562 0 19 26
4241 0 19 21
5546 0 19 17
2577 0 19 14
3955 0 19 9
1226 0 19 6
4122 0 19 1
1422 2 0 93
4315 2 0 87
2411 2 0 82
5069 2 0 77
2532 2 0 74
2315 2 0 68
3890 2 0 64
4570 2 0 59
3050 2 0 55
957 2 0 50
2906 2 0 46
2630 2 0 42
3051 2 0 39
3121 2 0 35
6278 2 0 30
827 2 0 26
696 2 0 21
3925 2 0 17
2907 2 0 13
6003 2 0 8
2916 2 0 1
1340 2 1 93
4187 2 1 87
1327 2 1 82
4942 2 1 77
6031 2 1 73
260 2 1 70
1654 2 1 65
1665 2 1 61
1977 2 1 57
3572 2 1 51
2018 2 1 46
886 2 1 42
5654 2 1 38
527 2 1 34
1677 2 1 30
291 2 1 26
3317 2 1 20
5301 2 1 14
5784 2 1 8
879 2 1 1
6100 2 3 92
1239 2 3 87
1229 2 3 82
4512 2 3 77
4751 2 3 73
6091 2 3 69
1978 2 3 64
3122 2 3 59
501 2 3 55
733 2 3 50
5886 2 3 45
4678 2 3 40
5612 2 3 36
6079 2 3 32
211 2 3 28
3061 2 3 23
2346 2 3 19
1206 2 3 12
84 2 3 8
802 2 3 1
5873 2 4 92
505 2 4 87
5162 2 4 81
481 2 4 77
3366 2 4 73
6051 2 4 69
1131 2 4 64
5588 2 4 58
5726 2 4 54
4458 2 4 49
3691 2 4 46
5700 2 4 41
4749 2 4 36
5523 2 4 32
5965 2 4 27
4086 2 4 22
3540 2 4 18
241 2 4 14
2555 2 4 8
290 2 4 1
5672 2 5 92
5268 2 5 86
2212 2 5 83
1929 2 5 78
2030 2 5 72
2287 2 5 69
602 2 5 64
4518 2 5 58
1157 2 5 54
2573 2 5 49
6122 2 5 45
4486 2 5 40
5218 2 5 36
3747 2 5 32
5943 2 5 27
3727 2 5 22
454 2 5 18
3426 2 5 13
1555 2 5 8
4684 2 5 3
4727 2 6 92
3934 2 6 86
3443 2 6 82
2975 2 6 77
1629 2 6 73
4541 2 6 69
1687 2 6 63
2075 2 6 58
493 2 6 54
1588 2 6 49
5833 2 6 45
2700 2 6 40
3579 2 6 36
3740 2 6 32
5148 2 6 27
3647 2 6 22
6233 2 6 17
2073 2 6 13
1377 2 6 8
4184 2 6 3
2601 2 7 92
3167 2 7 86
3385 2 7 82
1860 2 7 77
1336 2 7 73
2166 2 7 69
3586 2 7 62
3582 2 7 57
3151 2 7 51
1494 2 7 46
3871 2 7 41
3054 2 7 36
3235 2 7 32
2402 2 7 27
3084 2 7 22
5385 2 7 17
963 2 7 13
1139 2 7 8
3784 2 7 3
967 2 9 92
1749 2 9 86
1202 2 9 82
1741 2 9 77
1296 2 9 73
4812 2 9 68
3219 2 9 64
3961 2 9 58
4303 2 9 53
6210 2 9 50
5107 2 9 45
2656 2 9 40
2696 2 9 36
3501 2 9 31
1889 2 9 26
3277 2 9 20
2908 2 9 14
885 2 9 8
3481 2 9 3
718 2 10 92
6191 2 10 85
5993 2 10 81
5518 2 10 76
421 2 10 74
1210 2 10 68
536 2 10 64
1610 2 10 58
2035 2 10 53
2820 2 10 50
4638 2 10 45
1622 2 10 40
339 2 10 36
1071 2 10 31
1059 2 10 26
2771 2 10 20
2676 2 10 14
482 2 10 8
3034 2 10 3
6082 2 11 91
1740 2 11 87
4421 2 11 81
5343 2 11 76
3066 2 11 73
3258 2 11 68
368 2 11 64
82 2 11 58
5453 2 11 52
6001 2 11 45
258 2 11 40
5185 2 11 34
1088 2 11 30
4123 2 11 25
5748 2 11 19
580 2 11 12
4519 2 11 7
6135 2 11 2
5439 2 13 91
6007 2 13 86
4882 2 13 81
5204 2 13 76
1607 2 13 73
1874 2 13 68
5591 2 13 63
1949 2 13 58
5344 2 13 52
5239 2 13 45
6021 2 13 39
2890 2 13 35
5120 2 13 30
3578 2 13 25
4706 2 13 19
2664 2 13 11
5681 2 13 7
5898 2 13 2
5282 2 14 91
3109 2 14 86
3316 2 14 81
4513 2 14 76
6287 2 14 72
1148 2 14 69
2569 2 14 62
3347 2 14 57
569 2 14 51
378 2 14 46
1183 2 14 41
1189 2 14 36
5601 2 14 30
1259 2 14 25
2849 2 14 19
2159 2 14 11
3631 2 14 7
4309 2 14 2
3047 2 16 91
2543 2 16 86
3146 2 16 81
3665 2 16 76
6267 2 16 72
1302 2 16 68
2356 2 16 63
5693 2 16 57
389 2 16 51
5918 2 16 45
5864 2 16 39
2560 2 16 35
1844 2 16 30
5627 2 16 24
2396 2 16 18
3002 2 16 13
5935 2 16 7
1756 2 16 2
1962 2 17 91
305 2 17 86
1272 2 17 81
1504 2 17 76
5636 2 17 71
4330 2 17 66
4838 2 17 60
1213 2 17 56
2083 2 17 52
4225 2 17 45
2935 2 17 39
4701 2 17 34
3782 2 17 29
1936 2 17 25
2202 2 17 19
222 2 17 11
1609 2 17 7
3014 2 17 1
2190 2 18 90
6142 2 18 86
6211 2 18 80
4950 2 18 78
1732 2 18 72
5468 2 18 67
4155 2 18 62
1682 2 18 57
5747 2 18 50
4489 2 18 45
2739 2 18 39
6045 2 18 33
4284 2 18 28
2011 2 18 23
322 2 18 19
4252 2 18 10
3846 2 18 5
3284 2 18 2
1652 2 19 90
2221 2 19 86
2819 2 19 80
5566 2 19 77
262 2 19 73
371 2 19 68
2602 2 19 62
994 2 19 57
5366 2 19 50
3206 2 19 45
2370 2 19 39
5520 2 19 33
2117 2 19 28
1771 2 19 23
232 2 19 19
3799 2 19 10
2268 2 19 5
69 2 19 2
922 3 0 90
673 3 0 86
2596 3 0 80
125 3 0 77
4757 3 0 72
4172 3 0 67
2154 3 0 62
530 3 0 57
4283 3 0 50
93 3 0 45
2128 3 0 39
3676 3 0 33
375 3 0 28
4408 3 0 22
4935 3 0 17
5987 3 0 12
3346 3 0 7
1991 3 0 1
6195 3 1 89
3332 3 1 82
1009 3 1 77
3103 3 1 72
4808 3 1 66
4287 3 1 60
6072 3 1 55
567 3 1 50
5730 3 1 44
2597 3 1 39
2687 3 1 33
280 3 1 28
3646 3 1 22
4777 3 1 17
5206 3 1 12
5305 3 1 6
3673 3 1 1
2442 3 3 89
2275 3 3 82
5929 3 3 76
5401 3 3 71
3369 3 3 66
1811 3 3 60
5362 3 3 55
5905 3 3 49
3741 3 3 45
5977 3 3 38
5571 3 3 33
5815 3 3 27
771 3 3 22
4552 3 3 17
4840 3 3 12
1913 3 3 6
2857 3 3 1
1503 3 7 89
1980 3 7 82
2833 3 7 76
4517 3 7 71
665 3 7 66
1511 3 7 60
4028 3 7 55
3006 3 7 49
1720 3 7 45
5570 3 7 38
5219 3 7 33
4374 3 7 27
439 3 7 22
4337 3 7 17
4823 3 7 12
1101 3 7 6
1535 3 7 1
4066 3 9 88
2703 3 9 84
1486 3 9 80
606 3 9 76
2876 3 9 71
5799 3 9 65
5790 3 9 60
595 3 9 55
2981 3 9 49
1413 3 9 45
4719 3 9 38
5187 3 9 33
2327 3 9 27
1950 3 9 21
712 3 9 17
4073 3 9 12
129 3 9 6
412 3 9 1
854 3 10 88
997 3 10 84
5663 3 10 79
256 3 10 74
542 3 10 68
441 3 10 62
521 3 10 57
3751 3 10 50
1324 3 10 44
2116 3 10 39
6073 3 10 32
2065 3 10 27
1269 3 10 21
6209 3 10 16
5738 3 10 12
1 3 10 6
288 3 10 1
3806 3 11 86
2013 3 11 80
5956 3 11 75
56 3 11 71
4736 3 11 65
6113 3 11 59
430 3 11 55
2548 3 11 49
904 3 11 45
3254 3 11 38
4656 3 11 33
1315 3 11 27
263 3 11 21
1959 3 11 16
4558 3 11 12
2804 3 11 5
6089 3 11 1
3679 3 13 86
800 3 13 80
4002 3 13 75
5682 3 13 70
1276 3 13 65
5026 3 13 59
140 3 13 55
6171 3 13 48
5767 3 13 43
4748 3 13 37
3253 3 13 32
2000 3 13 27
4460 3 13 20
216 3 13 14
5840 3 13 7
1026 3 13 1
6044 3 14 85
3664 3 14 81
1081 3 14 76
1639 3 14 71
4202 3 14 64
2244 3 14 57
3331 3 14 50
826 3 14 44
4532 3 14 38
4154 3 14 33
835 3 14 27
4033 3 14 20
5013 3 14 13
5764 3 14 7
423 3 14 1
5756 3 19 85
3216 3 19 81
484 3 19 76
5934 3 19 70
377 3 19 65
4649 3 19 59
2844 3 19 54
523 3 19 49
5792 3 19 44
1455 3 19 38
2266 3 19 33
34 3 19 27
3941 3 19 20
4987 3 19 13
5388 3 19 7
102 3 19 1
3201 4 1 85
2995 4 1 81
467 4 1 76
5641 4 1 70
6144 4 1 64
1900 4 1 57
6292 4 1 49
4107 4 1 44
1103 4 1 38
4879 4 1 32
700 4 1 27
2862 4 1 20
2792 4 1 13
4135 4 1 7
5623 4 1 1
480 4 3 84
629 4 3 79
4827 4 3 73
3947 4 3 67
756 4 3 62
3956 4 3 56
1382 4 3 52
3624 4 3 45
2265 4 3 38
4600 4 3 32
97 4 3 27
2152 4 3 20
1826 4 3 13
4074 4 3 7
863 4 3 1
3489 4 5 83
746 4 5 78
888 4 5 72
4402 4 5 66
3087 4 5 59
1571 4 5 54
3003 4 5 48
5028 4 5 43
4707 4 5 37
5547 4 5 31
4728 4 5 25
1952 4 5 19
3365 4 5 10
1910 4 5 5
5272 4 7 82
2100 4 7 76
4974 4 7 70
2096 4 7 64
1356 4 7 57
5202 4 7 49
5266 4 7 43
4674 4 7 37
5036 4 7 31
3342 4 7 25
1512 4 7 19
3098 4 7 10
1606 4 7 5
591 4 16 82
5670 4 16 75
5330 4 16 70
5763 4 16 63
5222 4 16 57
4310 4 16 49
5263 4 16 43
3779 4 16 37
2177 4 16 31
3203 4 16 25
1203 4 16 19
1908 4 16 10
5106 4 16 4
4644 4 17 81
5780 4 17 75
4692 4 17 70
5471 4 17 63
4884 4 17 57
3573 4 17 49
4199 4 17 43
2800 4 17 37
2067 4 17 31
2087 4 17 25
313 4 17 19
1154 4 17 10
1579 4 17 4
603 4 18 81
5583 4 18 75
4212 4 18 70
5186 4 18 63
4103 4 18 57
1604 4 18 49
2458 4 18 43
2449 4 18 37
4379 4 18 30
4906 4 18 24
4496 4 18 17
3632 4 18 12
2734 4 18 5
6174 4 19 80
632 4 19 75
1648 4 19 70
4934 4 19 63
2242 4 19 57
5577 4 19 48
3119 4 19 43
5507 4 19 36
5207 4 19 30
3729 4 19 24
1524 4 19 17
2973 4 19 12
1384 4 19 5
2464 5 1 79
312 5 1 73
3310 5 1 67
4575 5 1 61
1901 5 1 57
5217 5 1 48
3053 5 1 43
5150 5 1 36
5091 5 1 30
3695 5 1 24
742 5 1 17
981 5 1 12
1332 5 1 5
4175 5 3 78
5949 5 3 71
4084 5 3 64
1102 5 3 57
2113 5 3 48
975 5 3 43
3233 5 3 36
5062 5 3 30
2749 5 3 24
328 5 3 17
777 5 3 12
1301 5 3 5
5869 5 5 77
5481 5 5 71
2902 5 5 64
315 5 5 57
1899 5 5 48
5456 5 5 42
4959 5 5 38
4472 5 5 32
4921 5 5 26
1099 5 5 20
1152 5 5 13
3388 5 5 7
1764 5 7 76
4004 5 7 70
6130 5 7 62
2617 5 7 56
4937 5 7 51
5555 5 7 45
1240 5 7 38
4190 5 7 32
4635 5 7 26
5032 5 7 19
120 5 7 10
1122 5 7 4
1335 5 9 74
349 5 9 68
3562 5 9 61
3309 5 9 56
3807 5 9 51
4670 5 9 45
823 5 9 38
4141 5 9 32
1393 5 9 26
4207 5 9 19
2522 5 9 9
500 5 9 6
2092 5 10 73
3270 5 10 67
4047 5 10 61
2891 5 10 56
3786 5 10 51
4295 5 10 45
2949 5 10 37
3876 5 10 30
1217 5 10 24
4457 5 10 16
1698 5 10 12
3589 5 10 4
5664 5 11 72
1593 5 11 66
2679 5 11 59
679 5 11 54
5890 5 11 47
2455 5 11 43
2612 5 11 36
2796 5 11 30
954 5 11 24
4389 5 11 16
1320 5 11 12
3494 5 11 4
4493 5 12 64
6 5 12 57
3 5 12 48
4001 5 12 42
4562 5 12 38
3987 5 12 32
686 5 12 26
3690 5 12 19
3789 5 12 8
2204 5 13 97
1523 5 13 92
5912 5 13 85
1337 5 13 81
4016 5 13 75
795 5 13 70
3302 5 13 62
1995 5 13 56
1381 5 13 51
2967 5 13 45
2803 5 13 37
2063 5 13 30
840 5 13 24
2279 5 13 16
4677 5 13 11
1305 5 13 7
1279 5 14 97
4850 5 14 91
229 5 14 86
5244 5 14 79
6263 5 14 72
1506 5 14 66
76 5 14 59
199 5 14 54
5311 5 14 47
6118 5 14 42
1858 5 14 38
1574 5 14 32
633 5 14 26
2538 5 14 19
3735 5 14 8
4949 5 16 96
4435 5 16 91
5585 5 16 85
986 5 16 81
3429 5 16 75
752 5 16 70
2527 5 16 62
1264 5 16 56
5133 5 16 50
381 5 16 44
6002 5 16 37
1731 5 16 30
6149 5 16 23
1262 5 16 18
976 5 16 13
2732 5 16 7
1788 6 1 96
4388 6 1 91
4743 6 1 85
6151 6 1 80
2434 6 1 74
234 6 1 68
2033 6 1 61
2512 6 1 56
3851 6 1 50
243 6 1 44
4210 6 1 37
1370 6 1 30
5181 6 1 23
5061 6 1 17
611 6 1 12
3015 6 1 4
3260 6 3 95
5267 6 3 90
4962 6 3 85
3856 6 3 80
1856 6 3 74
5959 6 3 67
3531 6 3 61
1165 6 3 56
1733 6 3 50
62 6 3 44
2622 6 3 37
4306 6 3 29
6244 6 3 24
1569 6 3 16
4437 6 3 11
6239 6 3 6
1724 6 5 95
4129 6 5 90
5382 6 5 84
208 6 5 79
5560 6 5 72
5006 6 5 65
3828 6 5 59
5522 6 5 53
6088 6 5 49
2151 6 5 43
806 6 5 36
1667 6 5 30
3286 6 5 23
3913 6 5 17
2923 6 5 11
5030 6 5 6
1542 6 7 95
3492 6 7 90
3581 6 7 84
4864 6 7 78
4384 6 7 71
2042 6 7 64
6029 6 7 56
6295 6 7 49
30 6 7 43
5306 6 7 35
1066 6 7 30
1982 6 7 23
2400 6 7 17
2277 6 7 11
2331 6 7 6
5423 6 14 94
2665 6 14 90
2570 6 14 84
4592 6 14 78
4098 6 14 71
1659 6 14 64
5201 6 14 56
5220 6 14 49
5828 6 14 42
552 6 14 38
1558 6 14 32
1661 6 14 25
175 6 14 19
3715 6 14 8
5132 6 18 94
2269 6 18 90
5614 6 18 83
641 6 18 78
3623 6 18 71
608 6 18 64
5137 6 18 56
4975 6 18 49
4695 6 18 42
3845 6 18 37
3460 6 18 29
3177 6 18 24
5126 6 18 15
2316 6 18 9
4963 6 18 5
4655 6 19 94
2037 6 19 90
4708 6 19 83
4693 6 19 77
3630 6 19 71
5891 6 19 63
2095 6 19 57
5487 6 19 47
4043 6 19 42
3232 6 19 37
3132 6 19 29
3117 6 19 24
4819 6 19 15
6027 6 19 8
4536 7 5 94
502 7 5 90
4515 7 5 83
2272 7 5 77
2382 7 5 71
5760 7 5 63
1429 7 5 57
5212 7 5 47
3570 7 5 42
413 7 5 37
2093 7 5 29
2262 7 5 24
3587 7 5 15
5307 7 5 8
4414 7 7 94
4779 7 7 89
562 7 7 82
4226 7 7 75
4944 7 7 69
2490 7 7 62
6028 7 7 55
4754 7 7 48
3633 7 7 42
6227 7 7 36
584 7 7 30
6096 7 7 22
4253 7 7 17
514 7 7 11
1958 7 7 6
4373 7 9 94
4766 7 9 89
6205 7 9 81
2872 7 9 75
4694 7 9 69
2255 7 9 62
5692 7 9 55
4582 7 9 48
5 7 9 42
4317 7 9 36
61 7 9 30
2947 7 9 22
1396 7 9 17
6081 7 9 10
278 7 9 4
1211 7 10 94
3470 7 10 89
4801 7 10 81
1746 7 10 75
2655 7 10 69
2216 7 10 62
5284 7 10 55
3654 7 10 48
5143 7 10 41
716 7 10 36
6083 7 10 29
2215 7 10 24
3483 7 10 15
4567 7 10 8
1145 7 11 94
2253 7 11 89
4691 7 11 81
1695 7 11 75
889 7 11 69
1906 7 11 62
4456 7 11 55
3522 7 11 48
4068 7 11 41
236 7 11 36
5208 7 11 29
33 7 11 24
2976 7 11 15
3341 7 11 8
1013 7 13 94
1533 7 13 89
2589 7 13 81
1461 7 13 75
572 7 13 69
1362 7 13 62
3535 7 13 55
1451 7 13 48
3101 7 13 41
5262 7 13 35
925 7 13 30
2933 7 13 22
651 7 13 17
4820 7 13 10
5427 7 13 3
564 8 0 94
962 8 0 89
2302 8 0 81
5950 8 0 74
3998 8 0 67
2713 8 0 61
3682 8 0 55
1369 8 0 48
2066 8 0 41
2127 8 0 35
4672 8 0 29
6013 8 0 23
1527 8 0 17
4642 8 0 10
4643 8 0 3
3124 8 1 93
119 8 1 87
3804 8 1 81
5298 8 1 74
3878 8 1 67
2537 8 1 61
3606 8 1 55
1222 8 1 48
1937 8 1 41
992 8 1 35
4355 8 1 29
4117 8 1 23
5326 8 1 16
3963 8 1 11
1683 8 1 6
2407 8 2 93
5803 8 2 86
3661 8 2 79
2660 8 2 72
3383 8 2 65
2991 8 2 59
1824 8 2 53
5302 8 2 49
4611 8 2 42
4087 8 2 36
4763 8 2 29
2486 8 2 23
1318 8 2 16
2174 8 2 11
912 8 2 6
947 8 3 93
3170 8 3 86
3078 8 3 79
2263 8 3 72
5634 8 3 64
4246 8 3 56
4761 8 3 49
3772 8 3 42
3282 8 3 36
3504 8 3 29
2162 8 3 23
1201 8 3 16
5642 8 3 10
3937 8 3 3
4424 8 5 92
5196 8 5 85
747 8 5 80
427 8 5 74
745 8 5 67
1068 8 5 61
3020 8 5 55
1182 8 5 48
961 8 5 41
225 8 5 35
3938 8 5 29
1983 8 5 23
285 8 5 16
5075 8 5 10
3495 8 5 3
3236 8 7 92
4612 8 7 85
5346 8 7 79
2224 8 7 72
4465 8 7 64
4223 8 7 56
4341 8 7 49
3303 8 7 42
2643 8 7 36
3180 8 7 29
1015 8 7 23
6194 8 7 15
2618 8 7 8
1063 8 9 92
3734 8 9 85
5154 8 9 79
1672 8 9 72
4090 8 9 64
2646 8 9 56
3156 8 9 49
2477 8 9 42
2077 8 9 36
1286 8 9 29
163 8 9 23
1620 8 9 15
2256 8 9 8
941 8 13 92
2054 8 13 85
4359 8 13 79
5924 8 13 71
4436 8 13 63
1235 8 13 57
5029 8 13 47
2376 8 13 42
1285 8 13 36
821 8 13 29
50 8 13 23
792 8 13 15
2250 8 13 8
730 8 16 92
759 8 16 85
1080 8 16 79
5775 8 16 71
4418 8 16 63
894 8 16 57
4256 8 16 47
2097 8 16 42
1118 8 16 36
3506 8 16 28
1188 8 16 22
266 8 16 17
4007 8 16 10
2219 8 16 3
566 8 18 92
6235 8 18 84
1385 8 18 78
5883 8 18 70
1570 8 18 62
3444 8 18 55
1141 8 18 48
862 8 18 41
5193 8 18 34
4156 8 18 28
5899 8 18 21
1137 8 18 16
4615 8 18 10
1070 8 18 3
473 9 7 92
5727 9 7 84
1161 9 7 78
4433 9 7 70
1397 9 7 62
1880 9 7 55
5396 9 7 47
1917 9 7 42
363 9 7 36
3209 9 7 28
3353 9 7 21
5485 9 7 15
451 9 7 8
5438 9 9 91
4697 9 9 85
3852 9 9 78
2828 9 9 70
1252 9 9 62
761 9 9 55
4803 9 9 47
1391 9 9 42
5881 9 9 35
3291 9 9 29
5426 9 9 22
198 9 9 17
2888 9 9 10
36 9 9 3
3576 9 11 91
2082 9 11 85
3469 9 11 78
269 9 11 70
380 9 11 62
178 9 11 55
3651 9 11 47
921 9 11 42
4871 9 11 35
3153 9 11 29
4870 9 11 22
5874 9 11 16
4597 9 11 10
4614 9 11 2
3272 9 13 91
1153 9 13 85
3094 9 13 78
131 9 13 70
220 9 13 62
3616 9 13 54
4345 9 13 47
5719 9 13 41
3689 9 13 34
3542 9 13 28
2701 9 13 21
4346 9 13 15
379 9 13 8
2441 9 16 91
1022 9 16 85
2001 9 16 78
6178 9 16 69
6077 9 16 61
2946 9 16 55
2777 9 16 47
1460 9 16 41
1891 9 16 34
1879 9 16 28
1793 9 16 21
3378 9 16 15
12 9 16 8
2129 9 18 91
5165 9 18 84
463 9 18 78
5718 9 18 69
6025 9 18 61
2797 9 18 55
678 9 18 47
5410 9 18 40
4760 9 18 34
1633 9 18 28
1507 9 18 21
1716 9 18 15
4453 9 18 7
612 9 19 91
2229 9 19 84
6103 9 19 77
2006 9 19 71
3942 9 19 63
5717 9 19 56
2626 9 19 49
766 9 19 42
4561 9 19 35
2540 9 19 29
2959 9 19 22
5142 9 19 16
3471 9 19 10
2748 9 19 2
442 10 0 91
1426 10 0 84
4419 10 0 77
1723 10 0 71
1368 10 0 63
2912 10 0 56
2164 10 0 49
6179 10 0 41
978 10 0 34
1431 10 0 28
4792 10 0 20
4722 10 0 12
1737 10 0 4
4798 10 1 90
2028 10 1 83
1295 10 1 77
1478 10 1 71
1151 10 1 63
2842 10 1 56
829 10 1 49
5847 10 1 41
740 10 1 34
6245 10 1 27
1833 10 1 20
2198 10 1 12
1076 10 1 4
4270 10 2 90
1904 10 2 83
810 10 2 77
158 10 2 71
1091 10 2 63
2303 10 2 56
4052 10 2 48
6119 10 2 40
4666 10 2 34
6039 10 2 27
4088 10 2 19
2807 10 2 8
3716 10 3 90
1712 10 3 83
6247 10 3 76
720 10 3 70
5403 10 3 61
2644 10 3 55
4629 10 3 46
5445 10 3 40
4641 10 3 34
5141 10 3 27
2928 10 3 19
1054 10 3 8
3440 10 5 90
1061 10 5 83
5997 10 5 76
4488 10 5 69
4243 10 5 61
1002 10 5 55
4267 10 5 46
4039 10 5 40
3442 10 5 34
5018 10 5 27
1822 10 5 19
544 10 5 8
1728 10 7 90
674 10 7 83
3638 10 7 76
3755 10 7 69
2090 10 7 61
492 10 7 55
4144 10 7 46
2978 10 7 40
2459 10 7 34
3706 10 7 27
1084 10 7 19
5491 10 7 7
5843 10 9 89
1341 10 9 81
4738 10 9 74
86 10 9 67
5347 10 9 60
5353 10 9 54
3896 10 9 47
5058 10 9 40
1776 10 9 34
3596 10 9 27
4444 10 9 18
6290 10 9 12
342 10 9 4
3811 10 11 89
195 10 11 81
3499 10 11 74
1923 10 11 66
6068 10 11 58
4927 10 11 52
3318 10 11 45
1868 10 11 37
621 10 11 29
958 10 11 22
4682 10 11 16
3357 10 11 10
1605 10 11 2
276 10 13 89
5579 10 13 80
383 10 13 74
293 10 13 66
4101 10 13 58
3553 10 13 52
1779 10 13 45
1488 10 13 37
4014 10 13 28
472 10 13 20
715 10 13 12
188 10 13 4
2904 10 16 88
775 10 16 84
3453 10 16 77
6237 10 16 70
4450 10 16 61
5576 10 16 54
3382 10 16 47
1909 10 16 40
6264 10 16 33
5190 10 16 26
1750 10 16 19
4467 10 16 7
2002 10 18 88
6284 10 18 83
44 10 18 76
3115 10 18 69
1169 10 18 61
4338 10 18 54
3227 10 18 47
5291 10 18 39
6000 10 18 32
1220 10 18 25
5739 10 18 18
5821 10 18 12
5611 10 18 3
1580 10 19 88
6054 10 19 83
5702 10 19 75
105 10 19 69
2958 10 19 60
5056 10 19 54
1407 10 19 47
4830 10 19 39
4275 10 19 32
937 10 19 25
5318 10 19 18
5160 10 19 12
5394 10 19 3
689 11 0 88
4613 11 0 83
5604 11 0 75
5657 11 0 68
999 11 0 61
2554 11 0 54
1096 11 0 47
4462 11 0 39
3405 11 0 32
3765 11 0 24
2260 11 0 15
4362 11 0 7
4503 11 5 87
3513 11 5 81
3207 11 5 74
3432 11 5 65
2591 11 5 59
415 11 5 53
1754 11 5 49
4967 11 5 41
6066 11 5 33
2758 11 5 26
1280 11 5 19
3667 11 5 7
4038 11 9 87
3367 11 9 81
3178 11 9 74
1181 11 9 65
1563 11 9 59
5806 11 9 52
1526 11 9 45
499 11 9 37
2417 11 9 28
31 11 9 20
706 11 9 12
3791 11 9 3
3842 11 11 87
808 11 11 81
2968 11 11 74
628 11 11 65
2931 11 11 58
3212 11 11 52
245 11 11 45
6065 11 11 36
2322 11 11 28
5971 11 11 19
3683 11 11 6
708 11 16 87
785 11 16 81
2191 11 16 74
117 11 16 65
5709 11 16 57
3285 11 16 47
4320 11 16 39
1539 11 16 32
3045 11 16 24
3491 11 16 14
2034 11 16 7
5578 12 0 86
2624 12 0 79
391 12 0 71
844 12 0 63
1125 12 0 56
3580 12 0 48
5613 12 0 40
4266 12 0 33
6140 12 0 25
4704 12 0 18
4800 12 0 12
3658 12 0 3
3057 12 1 86
2366 12 1 79
165 12 1 71
360 12 1 63
210 12 1 56
2783 12 1 48
5355 12 1 40
4097 12 1 33
5320 12 1 25
2694 12 1 18
4328 12 1 12
3144 12 1 3
930 12 2 86
6133 12 2 78
5297 12 2 69
1897 12 2 60
4051 12 2 54
6006 12 2 46
1177 12 2 40
3183 12 2 33
3732 12 2 25
1278 12 2 18
4248 12 2 12
3042 12 2 3
3039 12 3 85
4382 12 3 77
5253 12 3 70
4236 12 3 61
2012 12 3 54
4929 12 3 46
5167 12 3 39
1006 12 3 32
578 12 3 24
647 12 3 14
1517 12 3 7
388 12 4 85
4193 12 4 77
5010 12 4 70
3403 12 4 61
1864 12 4 54
4716 12 4 46
1848 12 4 39
6273 12 4 31
4920 12 4 24
510 12 4 14
57 12 4 7
112 12 5 85
4058 12 5 77
3105 12 5 70
2304 12 5 61
988 12 5 54
1405 12 5 46
3978 12 5 38
1474 12 5 32
130 12 5 23
247 12 5 15
2794 12 5 7
4768 12 6 84
3062 12 6 77
2654 12 6 70
2137 12 6 61
5975 12 6 53
2381 12 6 48
4449 12 6 40
3106 12 6 33
3269 12 6 25
944 12 6 18
3415 12 6 12
2347 12 6 3
2487 12 7 84
1299 12 7 77
2218 12 7 70
5229 12 7 60
4045 12 7 54
574 12 7 46
3686 12 7 38
365 12 7 32
6280 12 7 22
3712 12 7 16
2108 12 7 10
299 12 7 2
1587 12 9 84
5938 12 9 76
2614 12 9 69
1323 12 9 60
3834 12 9 54
6087 12 9 45
5830 12 9 36
1819 12 9 28
5907 12 9 19
1172 12 9 6
741 12 13 84
5637 12 13 76
5651 12 13 68
2661 12 13 60
3438 12 13 54
4797 12 13 45
5184 12 13 36
1273 12 13 28
4818 12 13 19
3239 12 13 5
3917 12 14 83
5223 12 14 75
4897 12 14 68
929 12 14 60
2335 12 14 54
3466 12 14 45
5117 12 14 36
424 12 14 28
3637 12 14 19
5264 12 14 1
2671 12 16 83
5163 12 16 75
4733 12 16 68
3899 12 16 59
5299 12 16 52
5707 12 16 44
5550 12 16 36
6173 12 16 27
3713 12 16 18
1464 12 16 12
2003 12 16 3
5240 12 17 82
4030 12 17 75
3822 12 17 68
2005 12 17 59
5251 12 17 52
4203 12 17 44
4507 12 17 36
1668 12 17 27
2544 12 17 18
5952 12 17 11
401 12 17 5
2699 12 18 82
3422 12 18 75
858 12 18 68
960 12 18 59
4340 12 18 52
2619 12 18 44
3452 12 18 36
1790 12 18 26
5241 12 18 18
2863 12 18 11
5255 12 18 4
2500 12 19 82
2971 12 19 75
4546 12 19 67
5135 12 19 60
6070 12 19 53
2085 12 19 48
3402 12 19 40
1132 12 19 33
3250 12 19 25
369 12 19 18
2418 12 19 11
4841 12 19 4
839 13 7 82
2360 13 7 75
3885 13 7 67
4233 13 7 60
5379 13 7 53
5913 13 7 47
3971 13 7 39
4327 13 7 31
3855 13 7 24
4607 13 7 13
607 13 7 7
538 13 11 82
5619 13 11 74
3680 13 11 64
1941 13 11 56
2516 13 11 48
3396 13 11 40
457 13 11 33
2743 13 11 25
6294 13 11 17
2811 13 11 10
5849 13 11 1
3348 13 12 81
214 13 12 74
2985 13 12 64
5386 13 12 55
3985 13 12 46
478 13 12 38
154 13 12 32
4264 13 12 22
3155 13 12 16
1726 13 12 10
5704 13 12 1
1428 13 13 81
66 13 13 74
2134 13 13 64
5275 13 13 55
3326 13 13 46
3995 13 13 37
1956 13 13 28
913 13 13 19
4778 13 13 1
571 13 14 81
5966 13 14 73
2936 13 14 67
3953 13 14 60
5325 13 14 53
5628 13 14 47
3831 13 14 39
4093 13 14 31
2362 13 14 24
4314 13 14 13
6155 13 14 6
4048 13 16 80
4671 13 16 73
2898 13 16 67
906 13 16 60
3044 13 16 53
5375 13 16 47
3182 13 16 39
3849 13 16 31
1452 13 16 24
3959 13 16 13
4494 13 16 6
78 13 17 80
3697 13 17 73
1355 13 17 67
1513 13 17 59
3140 13 17 52
2378 13 17 44
2148 13 17 36
1359 13 17 26
4358 13 17 18
1404 13 17 11
3968 13 17 4
6261 13 18 78
3377 13 18 69
5660 13 18 59
2853 13 18 52
1721 13 18 44
134 13 18 36
420 13 18 26
3139 13 18 18
1027 13 18 11
3844 13 18 4
5705 13 19 78
3321 13 19 69
4423 13 19 59
5875 13 19 51
2576 13 19 45
3266 13 19 36
6116 13 19 25
5417 13 19 17
993 13 19 10
5680 13 19 1
3701 14 1 78
1245 14 1 69
2119 14 1 59
5303 14 1 51
1717 14 1 45
1799 14 1 36
5754 14 1 25
5057 14 1 17
4604 14 1 9
4775 14 1 5
1034 14 2 78
65 14 2 69
6074 14 2 58
3176 14 2 52
1483 14 2 44
5136 14 2 35
1621 14 2 29
4576 14 2 21
1425 14 2 15
2724 14 2 7
5139 14 3 77
2101 14 3 70
5040 14 3 60
2431 14 3 53
5316 14 3 47
2851 14 3 39
2351 14 3 31
950 14 3 24
3545 14 3 13
3199 14 3 6
3763 14 4 76
5373 14 4 68
927 14 4 59
4828 14 4 51
1439 14 4 45
1711 14 4 36
3069 14 4 25
4737 14 4 17
4386 14 4 9
1932 14 4 5
1718 14 5 76
4746 14 5 68
402 14 5 58
2584 14 5 52
4583 14 5 43
3776 14 5 35
1133 14 5 29
3840 14 5 21
6057 14 5 14
6020 14 5 6
3261 14 6 74
1173 14 6 64
3359 14 6 55
3187 14 6 46
3164 14 6 37
511 14 6 28
5123 14 6 18
5474 14 6 10
5527 14 6 1
902 14 7 72
3904 14 7 64
1562 14 7 55
1781 14 7 46
2964 14 7 37
4479 14 7 27
2196 14 7 18
4837 14 7 10
5363 14 7 1
4898 14 9 70
4957 14 9 60
2357 14 9 53
4930 14 9 47
2823 14 9 39
561 14 9 31
382 14 9 24
3005 14 9 13
1810 14 9 6
5005 14 10 69
4858 14 10 57
1528 14 10 47
1231 14 10 39
5041 14 10 30
3718 14 10 21
5679 14 10 14
5589 14 10 6
515 14 14 69
2365 14 14 57
385 14 14 47
750 14 14 39
4860 14 14 30
987 14 14 21
5348 14 14 14
4709 14 14 6
2843 14 16 64
811 14 16 55
939 14 16 46
2774 14 16 37
3945 14 16 27
414 14 16 18
4065 14 16 10
5250 14 16 1
3120 15 1 56
1990 15 1 48
2745 15 1 40
5088 15 1 32
4263 15 1 22
2895 15 1 16
1282 15 1 10
3133 15 1 1
5732 15 2 96
2929 15 2 91
1218 15 2 84
4366 15 2 76
557 15 2 68
4495 15 2 57
5976 15 2 46
2474 15 2 37
3065 15 2 27
5649 15 2 17
3172 15 2 9
5049 15 2 4
3517 15 12 95
3480 15 12 90
6084 15 12 82
5313 15 12 74
281 15 12 64
159 15 12 55
4914 15 12 45
900 15 12 36
1611 15 12 25
4085 15 12 17
1673 15 12 9
4867 15 12 4
2974 15 13 95
3217 15 13 90
5575 15 13 82
1885 15 13 74
5945 15 13 63
2427 15 13 55
3393 15 13 45
4765 15 13 35
5648 15 13 28
4113 15 13 18
3329 15 13 10
2393 15 13 1
1457 15 14 95
2290 15 14 90
4347 15 14 82
996 15 14 74
5734 15 14 63
1736 15 14 55
1670 15 14 45
3674 15 14 35
5349 15 14 28
3800 15 14 18
2550 15 14 10
4556 15 14 4
1095 15 16 95
410 15 16 90
3205 15 16 82
667 15 16 74
5554 15 16 63
1657 15 16 55
1111 15 16 45
753 15 16 35
3770 15 16 28
2247 15 16 18
1214 15 16 10
2837 15 16 4
5289 15 18 94
4521 15 18 88
3882 15 18 83
980 15 18 75
1812 15 18 67
535 15 18 59
3543 15 18 51
203 15 18 45
127 15 18 35
3768 15 18 28
4441 15 18 17
1238 15 18 9
2525 15 18 4
3838 15 19 94
4245 15 19 88
3079 15 19 83
943 15 19 75
485 15 19 67
5118 15 19 58
1807 15 19 52
3243 15 19 43
3628 15 19 35
2038 15 19 28
4070 15 19 17
871 15 19 9
1669 15 19 4
3530 16 1 94
3725 16 1 88
1870 16 1 83
6037 16 1 74
3666 16 1 63
1502 16 1 55
3313 16 1 44
2806 16 1 35
1859 16 1 28
3336 16 1 17
3468 16 1 8
613 16 2 94
4940 16 2 87
5866 16 2 80
3314 16 2 73
5740 16 2 66
3222 16 2 58
1583 16 2 52
1086 16 2 43
2966 16 2 35
1765 16 2 28
6213 16 2 16
755 16 2 10
4658 16 2 3
5674 16 4 93
2950 16 4 86
4138 16 4 78
35 16 4 69
6260 16 4 56
3556 16 4 47
5526 16 4 38
5771 16 4 31
298 16 4 24
887 16 4 13
1036 16 4 6
4578 16 5 93
2770 16 5 86
2578 16 5 78
2702 16 5 68
3951 16 5 57
5328 16 5 46
4544 16 5 36
2941 16 5 24
4915 16 5 12
1212 16 5 3
4474 16 6 93
1702 16 6 86
2088 16 6 78
656 16 6 68
1837 16 6 57
4970 16 6 46
4251 16 6 36
1804 16 6 24
3837 16 6 12
6022 16 6 2
3865 16 8 93
4758 16 8 85
1782 16 8 77
788 16 8 70
3307 16 8 60
1484 16 8 53
3565 16 8 47
4563 16 8 38
5687 16 8 31
5248 16 8 23
4217 16 8 14
3737 16 8 6
3088 16 9 93
4729 16 9 85
6110 16 9 76
5405 16 9 66
3048 16 9 58
6127 16 9 51
5430 16 9 44
1386 16 9 35
1561 16 9 28
4040 16 9 16
303 16 9 10
2922 16 9 3
2965 16 10 93
4393 16 10 85
3705 16 10 76
4524 16 10 66
1412 16 10 58
4892 16 10 51
4228 16 10 44
64 16 10 35
4895 16 10 27
4945 16 10 17
3457 16 10 8
2169 16 19 93
4153 16 19 85
1480 16 19 76
3041 16 19 66
5109 16 19 57
4162 16 19 46
3345 16 19 36
4913 16 19 23
3067 16 19 14
3539 16 19 6
5119 17 1 92
5569 17 1 84
2298 17 1 76
347 17 1 66
4878 17 1 57
1795 17 1 46
547 17 1 36
2937 17 1 23
2759 17 1 14
1709 17 1 6
2740 17 2 92
4403 17 2 84
3208 17 2 75
5114 17 2 66
3043 17 2 57
754 17 2 46
5964 17 2 35
4005 17 2 27
4163 17 2 17
3352 17 2 8
2583 17 4 92
3023 17 4 84
1930 17 4 75
4316 17 4 66
2680 17 4 57
5968 17 4 45
6262 17 4 34
2091 17 4 27
818 17 4 17
3215 17 4 8
1358 17 8 92
2874 17 8 84
5331 17 8 74
2822 17 8 63
417 17 8 55
2882 17 8 44
4056 17 8 34
1432 17 8 27
5116 17 8 16
5779 17 8 9
5101 17 8 2
1051 17 9 92
2869 17 9 84
4795 17 9 74
6285 17 9 62
616 17 9 54
2992 17 9 45
4579 17 9 34
3643 17 9 26
652 17 9 18
3070 17 9 9
2896 17 9 2
972 17 10 92
2663 17 10 84
2526 17 10 74
5529 17 10 62
5631 17 10 53
1986 17 10 47
4438 17 10 38
5228 17 10 31
4721 17 10 23
2607 17 10 14
1178 17 10 6
779 17 12 92
1317 17 12 84
2022 17 12 74
5242 17 12 62
4269 17 12 53
5541 17 12 46
4965 17 12 35
3930 17 12 27
4769 17 12 16
4258 17 12 9
1743 17 12 2
5565 17 13 91
5332 17 13 83
4968 17 13 74
1815 17 13 62
1955 17 13 53
5506 17 13 46
3943 17 13 35
3766 17 13 27
2727 17 13 16
1883 17 13 9
1383 17 13 2
4909 17 14 91
3903 17 14 83
4499 17 14 74
440 17 14 62
354 17 14 53
1921 17 14 46
2867 17 14 35
3380 17 14 27
933 17 14 16
1307 17 14 9
1053 17 14 2
122 17 16 91
3771 17 16 83
4396 17 16 74
5895 17 16 61
4553 17 16 53
936 17 16 46
2821 17 16 35
2795 17 16 27
516 17 16 16
5887 17 16 8
4232 17 17 90
556 17 17 82
409 17 17 74
4060 17 17 61
4531 17 17 53
5742 17 17 45
4215 17 17 34
3600 17 17 26
444 17 17 18
2246 17 17 9
1033 17 17 2
4046 17 18 90
555 17 18 82
302 17 18 74
3724 17 18 61
1303 17 18 53
4783 17 18 45
3783 17 18 34
1400 17 18 26
4447 17 18 17
55 17 18 8
3790 17 19 90
5411 17 19 81
5618 17 19 73
5545 17 19 66
1420 17 19 57
5014 17 19 45
3476 17 19 34
5188 17 19 25
3361 17 19 17
6288 17 19 7
2787 18 10 90
3086 18 10 81
3672 18 10 73
3808 18 10 66
4504 18 10 56
3541 18 10 47
2708 18 10 38
4689 18 10 31
3386 18 10 23
1163 18 10 14
373 18 10 6
1993 18 12 90
6138 18 12 80
2684 18 12 73
3446 18 12 66
1783 18 12 56
2812 18 12 47
1792 18 12 38
4019 18 12 31
2517 18 12 23
1083 18 12 14
5858 18 12 5
1658 18 13 90
5822 18 13 80
5691 18 13 72
3252 18 13 64
6143 18 13 54
2579 18 13 45
3064 18 13 34
4242 18 13 25
3112 18 13 17
4794 18 13 7
1584 19 0 90
5813 19 0 80
5504 19 0 72
2430 19 0 64
5530 19 0 54
2384 19 0 45
1755 19 0 33
2306 19 0 25
2757 19 0 17
4506 19 0 7
847 19 1 90
4380 19 1 80
3355 19 1 72
1346 19 1 64
3229 19 1 54
2309 19 1 45
5781 19 1 32
3073 19 1 22
2193 19 1 16
5113 19 1 8
533 19 2 90
2293 19 2 80
3194 19 2 72
4916 19 2 63
860 19 2 53
3879 19 2 45
4498 19 2 32
1884 19 2 22
2061 19 2 16
4972 19 2 8
5296 19 3 89
5180 19 3 80
3128 19 3 72
3815 19 3 63
782 19 3 53
2301 19 3 45
2318 19 3 32
918 19 3 22
670 19 3 16
4189 19 3 8
4440 19 4 89
4387 19 4 80
2856 19 4 72
2239 19 4 63
1352 19 4 52
5787 19 4 42
2259 19 4 35
2390 19 4 27
344 19 4 16
594 19 4 8
4394 19 5 89
3290 19 5 80
2168 19 5 72
1841 19 5 63
5364 19 5 51
4064 19 5 44
3895 19 5 34
3975 19 5 25
1387 19 5 17
8 19 5 7
4300 19 6 89
1255 19 6 80
1500 19 6 72
551 19 6 63
1957 19 6 51
3349 19 6 44
3738 19 6 34
238 19 6 25
5090 19 6 16
4501 19 6 7
1077 19 7 89
5947 19 7 79
4664 19 7 70
1216 19 7 60
729 19 7 53
2178 19 7 45
6177 19 7 31
1389 19 7 23
1075 19 7 14
5352 19 7 5
479 19 8 89
5829 19 8 79
4483 19 8 70
618 19 8 60
286 19 8 53
1947 19 8 45
1380 19 8 31
654 19 8 23
3709 19 8 13
6219 19 8 5
6019 19 9 88
6104 19 9 82
5226 19 9 73
3288 19 9 66
1304 19 9 56
1867 19 9 47
1786 19 9 38
3939 19 9 31
5333 19 9 22
6188 19 9 15
2504 19 9 7
4323 19 10 88
5892 19 10 82
1964 19 10 73
898 19 10 66
5991 19 10 55
2593 19 10 44
2473 19 10 34
155 19 10 25
4652 19 10 16
350 19 10 7
2913 19 12 88
4585 19 12 82
1123 19 12 73
570 19 12 66
2031 19 12 55
6041 19 12 43
1112 19 12 35
698 19 12 27
5927 19 12 15
2111 19 12 7
2383 19 13 88
3283 19 13 82
146 19 13 73
6251 19 13 65
5590 19 13 57
150 19 13 45
4255 19 13 30
5931 19 13 20
447 19 13 12
5819 19 13 2
419 19 15 88
3004 19 15 82
5173 19 15 71
6101 19 15 62
6230 19 15 52
5359 19 15 42
1981 19 15 35
5632 19 15 26
4292 19 15 17
6128 19 15 6
306 19 16 88
2649 19 16 82
4603 19 16 71
4668 19 16 62
6033 19 16 52
3474 19 16 42
1967 19 16 35
5558 19 16 26
3110 19 16 17
5257 19 16 6
3356 19 17 87
5859 19 17 80
728 19 17 72
372 19 17 63
6203 19 17 50
5884 19 17 43
5309 19 17 34
6141 19 17 24
2059 19 17 12
3798 19 17 2
3264 19 18 87
5594 19 18 80
75 19 18 72
6097 19 18 62
3801 19 18 52
2141 19 18 42
1485 19 18 35
4829 19 18 26
587 19 18 17
4276 19 18 6
2779 19 19 87
5431 19 19 80
4250 19 19 71
2613 19 19 62
3161 19 19 52
5639 19 19 41
4951 19 19 33
325 19 19 25
2519 19 19 16
3464 19 19 6
