17 37 8
00011000011000000
10010000010000100
10000100011100010
10001010011110100
00100001100000000
00000110010010000
10000001000000000
00000011000000000
00001000000000100
00000000000000010
00000000000000000
00000000000000000
00001000000000000
00000000000000000
00000000000000000
00000000000000000
00000000000000000
00000000000000010
00000001001000010
00000000101100100
00001001101000100
00000001001000000
00000000010001100
00000000000100110
00000000010000000
00100000000000000
00000000100000010
00000010100000000
00000010000100000
00000000000000010
10000010100000000
01000000000001000
00000000000000000
00000100100000000
