27 139 9
000000000000000001110011001
000000001001111101110010000
000000000000101101100011100
000000000000010100110011110
000000000010010110110010000
000000000000010000000100000
000000000000000101011000001
000000000001001011100100000
000010001100000000010000000
000000000000000000000000000
000000000010100000000000000
000000100000000000010000000
000000110100011000000000000
001000110100111000000000000
000100011000110000010000000
001001000101100000000000000
000001011000101100001000000
000111000000110111000000000
000000110100000001010000000
000000110011001111000000000
001010100011110101000000000
000000001100110000000000000
000000010001000000000000000
000000010010010001000000000
000000001110001000000000000
001000000011100000000000000
000001000000000000000000000
000000000000000000000000000
000000000100000000000000000
000000000000000000000000000
000000000000000000000000000
000000000000000000000000000
000000010000000000000000000
000000000000000000000000000
001000000100000000000000000
000000100000000000000000000
001110010000000000000000000
100111101000000000000000000
010110010110000000000000000
111101111110100000000000000
001110111100011000000000000
101101110011010000000000000
110111001100010000000000000
001101110010100000000000000
101111101110011010000000000
110111111110110100000000000
111111110111001000000000000
110010001111010100000000000
000011100011100000000000000
001000110110110100000000000
011001001010001100000000000
000010100000000000000000000
000000001010100100000000000
000000000001000000000000000
