28 245 12
1111111111111111111111100000
1111111111111111111011110000
1111111111111111111001100000
1111111111111111111101110000
1111111111111111111110000000
1111111111111111111110000000
1111111111111111010111000000
0111111111111111111110010000
1111111111111101111001000000
1111111111111111011000000000
0101110111111001010000000000
1011001100011100100000000000
0000101100001010000100000000
0011001000010100000000000000
0000000000100100000000000000
0000000000000000000000000000
0000000000000000000000000000
0000000000000000000000000000
0000000000000000000000000000
0000010000000000000000000000
0000000000000000000000000000
0000000000000000000000000000
0000000000000000000000000000
0000000000000000000000000000
0000000000000000000000000000
0000000000000000000000000000
0000000000000000000000000000
0000000000000000000000000000
0000000010011101010101000000
0000101000111111110011000000
0000000110110111111100100000
0000000100111011111000010000
0000010011111111111011000000
0000000101111111000010010000
0001001111111010111001000000
0000010011111111101111000000
0000000011111001000011000000
0000100111111011000000000000
0000010011111110100110000000
0000001100000100000000000000
0000001000011110000000000000
0000000000100010000100000000
0000000000110100000000000000
0000000100000001001000000000
0000010000000001000000000000
0101001000000110001100000000
0010010111101011000000000000
0010110010100010000000000000
0010100100000010100000000000
1101101001001001100000000000
0101000111001000000000100000
0001111111111111001010000000
0000000111111111100001000000
0110100110100111011100010000
0111011110000001010010000000
0101111111010111001000000000
