20 62 14
01001011001000100000
00101000100000000000
00011111000000000000
10010000000000000000
10000000000100000000
01010010000110000000
00001100101000000000
00100011110000000000
00000111101000000000
00000000010100000000
00000000100110001000
00000011011000000000
00001100100000000000
00000000000001000000
00100000010000000100
00000000100001000000
00000000000000100000
00000001000010000000
00000000100000000000
00000000000010100000
00010000000000100000
00100000001010000100
00001110001010001100
00100000000000000000
00100000000000100000
01000101000000001010
00100000000010100101
10011100000000000001
00001110000000110101
10001001100000000000
00001000000000001001
00100001001000000000
11000000100010000010
01000000000000000000
00000000000000000000
00110010000000000000
00000000000000000000
00000100000000000000
00100000000000000000
10011000000000000000
