27 160 10
000000000000001000000100000
001000000000000000001011100
000001000000100000100100011
000000000000110000011110000
110100000100000110001110001
010010000000000011011111010
001100000001001010101110101
000110001000111001101101000
110011001010010011011100000
000000010000011001111101010
110100000101010010110000000
011100000000000011110011110
100000110110110001111111001
100010000000000110011000000
001100000000000001010001010
111100110000001010100110100
000001000000000010000001000
100010000000010000001010101
000000000000000000011100000
000000000000000001010100000
000000000000001000000000100
000000000000000000000000000
000000000000000000000000000
000000000000000000000000000
000000000000000000000000000
000000000000000000000000000
000000000000000000000000000
000000000000000000000000000
000000000000000000000000000
000000000000000000000000001
000000000000000000000000000
000000000000000000000000010
000000000000000000001000100
000000000000000000000000100
000000000000000000000000110
000000000000000000000000000
000000000000000000000000011
000000000000100000000000000
000000000001000000000000000
010010000000000000000010000
000000000000101011000100000
000000000000110100001000000
000100000001000101000000000
000001110010011011000000000
000000011000010001111110000
000000001001101011110100000
000000100110111111101100001
001000101011101011111110010
000000001011011111111110001
000010011011111111101110010
000001001100111101100110000
000000110110111101110111000
000001001011110111111000010
000000000111011110101101000
