25 87 6
0000000000000000000000000
0000000000000000000000000
0000000000000000000000100
0000000000000000000000000
0000000100000000000000000
0000100000000000000000000
0000000000000000000000010
0000000000000000000000000
0000001000000000001000001
0001000000000010000001000
0000000100010000000100100
0000000000000001010010000
0000000000000110001001000
0000001100101000000001000
0000010010010001000000000
0000000001011101110011000
0000000000111111011000001
0000000101000000111100010
0000001011010100001000000
0000100110011000000111000
0000001100010001000000000
0000011100101000000110010
0000000000000000000001000
0000000000000010000010100
0001000000000000000000010
0000000000000000000011010
0000000000000000000000000
0000000000100001000000100
0000000001100000000000011
0000000010000000001001000
0000000011000000000000110
0000000100010000010000000
0000000001100010000000101
0010000010001000000100100
0100011000000000000000100
0010100001000000000011100
0000000100000000000000001
0011110101001000000000000
0100000000010000000100001
0000111010100000000000000
0001100011000000000000000
0111000101010010001000000
0000000000001000000000000
0000001010000000000000000
0001000000001000000000000
0000000001000001000010000
0000000000000000010000000
0000000000000000101000000
0000000000000001000100000
0000000000000000010110100
