28 94 14
0000000000000000000100000000
0000000000000010100100111000
0000000000000000010111110100
0000000000001000000010010101
0000000000000011000110011000
0000000000000000000000101000
0000000000000000001000000001
0000000000000000001100000000
0000000001001100000010010000
0000000000100000000000001001
0000001011010100000000110100
0000000000101010001010000100
0000001001010001000000000000
0001000000101000000000000000
0000000101100111000000010000
0000010000100100010000010000
0000000001100000000000000000
0000001001010110000000000000
0000000011100000000000000000
0000001000100010000000000000
0000000001000001000001000000
0100010000000000000000000000
0000000000000000000000000000
0000000000000000000000000010
0000000000000000000000001000
0000000000000000000000000001
0000000000000000000000000100
0000000000000000000000000000
0000000000000000000000000000
0000000000000000000000000000
0000000000000000000000000000
0000000000000000000000000000
0000000000000000000000000000
0000000000000000000000000000
0000000000000000000000000000
0000000000000000000000000000
0000000000000000000000000000
0000000000000000000000000000
0000000000000000000000000000
0000000000000000000000000000
0000000000000000000000000000
0000000000000000000000000000
0010000000000000000000000000
0000000000000000000000000000
1000000000100000000000000000
0000000000000000000000000000
0101110000000000000000000000
0001110110001000000000000000
1011001000001000000000000000
1111111101000000000000000000
0111111111010000000000000000
0111111111000000000000000000
1111111111111010000000000000
1111111111111000000000000000
1111111111111000000000000000
0101111110000100000000000000
