22 92 11
0000000000000000000000
0000000000010000100000
0000000000000001000000
0000000000100010000010
0000001001001000010000
0000000000010010000000
0000000110000010110100
0000000000011100101000
0000010110100011101000
0000010100110000000100
0000100000001111010000
0100101001111000001110
0000000010101010110010
0001010111000000000000
0000010000010110001000
0000000001110111100000
0000001000100000001001
0000010001000000000010
0000000000100010001000
0000010000010001000000
0000000000000110000000
0000100000000000000000
1011010000000000000000
1101010010000000000000
1000011100000000000000
1111110000000000000000
1111111010000000000000
1110100000000000000000
1100111000000000000000
1111011010000000000000
1111100111100000000000
0111011000000000000000
1110100000000000000000
1111011000000000000000
1111001000000000000000
1011110100000000000000
1101000000000000000000
1111100000000000000000
1001000000000000000000
1010010000000000000000
0000000000000000000000
1000000000000000000000
0000000000000000000000
0000000000000000000000
