20 102 14
00000000000000000000
00000000000000000000
00000000000000000000
00000000000000000000
00000000000000000000
00000000000000000000
00000000000000000000
01000000000000000000
00000000000000000000
11110000000000000000
11111110000000000000
11111111010000000000
11111111110000000000
11111111100000000000
11111111110000000000
11111111100010000000
11111111111000000000
11111111101000000000
11111111110000000000
11111111111000000000
00000000000000000000
00000000000000000000
00000000000000000000
00000001000000000000
00000000000000000000
00000010000000000000
00000000000000000000
00000000000000000000
00100100000010010000
01100010000000000000
01011100000010001001
10000000000111111010
10110000010011111100
01101010001111111100
01001001111111111110
00000000011111111110
00000000111111111110
00000001101111110101
00000000011101111000
00000000011010100000
