22 76 10
0000000000000000000001
0000000001100000000000
0000000000000001001000
0000000000100001100010
0000000001110010110110
0000000010001100110010
0000000010000111110000
0000000001111000100000
0000000010010111110010
0000000100101001100000
0000000011000011111010
0000000000111101000000
0000000101110001000100
0000000110000110010001
0000000110000000000000
0000000000000000000000
0000000000000100010000
0000000000000000000000
0000000000000000000000
0000000000000000000000
0000000000000000000000
0000000000000000000000
0000000000100000000000
0000000010001000000000
0000000000010000000000
0000010001010000000000
0000000010001010000000
0100000010000000000000
0000001010001001000000
0000000000000000000000
0000000000000000000000
1010000000010000000000
0001000000001000000000
1000001011011010000000
0010000010100000000000
0100010000000000100000
0000010010101000000000
0100001011001100000000
0000000110011110000010
0011000101000011000000
0001000001001000000000
0000111011001000000000
0001101000001100010000
0000011001001000000000
