28 145 10
0000000000000000000000000000
0000000000000000001000000000
0000000000000000000000000000
0000000000010010100000000000
0000000000001111111100000000
0000000000011111111100000000
0000000001011111111010010000
0000000000111111111111000000
0000000000111111111111100000
0000000000111111111111000000
0000000011111111111111100000
0000000001011111111111001000
0000000000111111111110110000
0000000000111111111110100000
0000000000011111111100000000
0000000000111001111100000000
0000000000000111011100000000
0000000000000000000000000000
0000000000000000000000000000
0000000000000000000000000000
0000000000000000000000000000
0000000000000000000000000000
0000000000000000000000000000
0000000000000000000000000000
0000000000000000000000000000
0000000000000000000000000000
0000000000000000000000000000
0000000000000000000000000000
0000000000000000000000000000
0000000001100000000000000000
0000110000000000000000000000
0000000010101000000000000000
0110111111100000000000000000
1001111111110000000000000000
1111111111101101000000000000
1111111111111000000000000000
1111111111110100000000000000
1111111111101000000000000000
1111111111101100000000000000
1111111111110101000000000000
1111111111101010000000000000
0111111111000110000000000000
0001011110001000000000000000
0001011000100000000000000000
0001000101000000000000000000
0000000000000000000000000000
0001001001000000000000000000
0000000000000000000000000000
0000000000000000000000000000
0000000000000000000000000000
0000000000000000000000000000
0000000000000000000000000000
0000000000000000000000000000
0000000000000000000000000000
0000000000000000000000000000
0000000000000000000000000000
