29 198 9
00000010000000000000000000000
11010100000000000000000000000
10010101000000000000000000000
00000110001000000000000000000
01110000000000000000000000000
01011111100000000000000000000
10111001110010000000000001000
10110111000000000000000000000
01001001110000000000000000010
11110010000000000000001010011
01101110000000000000011001000
01001000000000100000011010100
00000000010000000101101110001
01100011000000000010011111110
00000000100001000000111111111
00000000000000100001111111111
00000000000000010011111111111
00000000000000000010011111111
00000000000000001001011011111
00000000000000001011111111111
00000000000000001110111111111
00000000000000000011101011010
00000000000000000001010111101
00000000000000000001001101111
00000000000000000000000110110
00000000000000000110001010110
00000000000000000000000100010
00000000000000000000000100000
00000000000000000000000000010
00000000000000000000000000000
00000000000000000000000000000
00000000000100000010000100000
00000000000000010100000000000
00000000000000001010101000000
00000000011000101111100000000
00000000000000111110100010000
00000000001011011111111100000
00000000001010111111110100000
00000000100001111111110110000
00000010000001101110110000000
00000001000011111010111001010
00000000001011111110101101000
00000000010011111010101001000
00000000010010111110110011000
00000000000010000110110111000
00000000000010000111000000000
00000000001000000000010000000
00000000000001001000000000000
00000000010000000000000100000
00000000000010000000101010000
00000101111010000000000000000
00000000101111000000100000000
00001101001100000000000000010
00000101111011000000000000000
00000101111101110000000011000
00000101111111100000000001000
00000011110101010000010000010
01010001111110100000000000000
