18 123 6
000000000000000000
000000000000000000
000100000000000000
000110000010010100
000011100011000000
000111000000001000
001101000011001000
001000110011011010
010110011001000101
000101000011001001
011111100001110001
001100111110000000
111011111101110100
010111110000011110
111111001100100110
101111111110001100
011011101000101001
001110110101001000
000000000011000011
000000100101111101
000000101011010001
000000000011110111
000101111000111110
000001111000100000
001010100000010110
000001101000110000
000000100001001000
100100010100010100
010000000000011100
001001100101110011
010101101011110010
110111101101110000
111100111001000000
001110011000111000
101111001000000000
011110011001000000
