17 76 9
00000100000011000
00000000000100100
00010000001001001
00000100000010100
01000110100100100
10001000000001101
00101000000010011
00101000000010101
00000100001000100
00100000100011100
01000101000100100
01100101000101010
01010000000000000
10000111000000011
00111000010000000
00001100010110000
00010010010110100
00000000000000000
00000000000000000
00000000000000011
00001001000000111
00000000000000001
10001001010010000
00011111000000100
00001011110000000
00011111110100000
00010101100000000
00110010011100000
00100010110000000
00000110001001000
00100111110111110
00000010100100101
00000010110100110
00001000000011010
