17 36 13
00000000000000000
00000000000001000
00000001000000000
00000000000000000
00000000000100000
00000011100000100
00000000000000100
00000010010010000
00101000000000000
00101100110000000
00010100000001000
00001000000100000
00001000000000000
01001000000010000
00101010000000000
10010010000000000
00110000010000000
00000000000001000
00000000010001000
00000000000010000
00000000000000000
00000000010000011
01001000000001000
00000100000000100
00000000001010000
00010000000000011
00100000000001001
01001000110011010
00000001000100000
00000001000001100
01000000010000000
00000000000000001
00000000000000000
00000000000100000
