17 79 15
01111000000010000
01000101000010001
01101100010101000
11110011001001100
00001000000010010
01110100010011010
01111100100011100
01001000000000000
01110100100000000
01101100000010000
10100100000000000
01100110000000000
00110010000000000
11001100000000000
00110000100000000
11000000000000000
00000010010000000
00001011000000000
00001000101000000
00010001101000000
00000100001001000
01010110000000000
00001010000100000
11110111100110000
11011000100100000
01111001101100100
00100001101100000
11000000010010001
01110000101000000
00010101101110010
00110011000000000
10001100000000000
00000000101000000
00110000000000000
