26 128 10
11000000000000000000000000
11000010000000000000000000
10011000000000000000000000
00000000000000000000100001
10000000000000000010000000
00000000000000001010000011
00000000000000010101000010
00000000010000000100100010
00000000101000010000101110
00000000010011011001101110
00000000000000110100010010
00000000000100101111101111
00000000010100100011010010
00000000101101011100000111
00000000000000101111011001
00000101101100011100100000
00000010001101001110000000
00000010111000000000000000
00000100100100100000000100
00001000100000000000010001
00000001100000100001000111
00000001000000000000000000
00000000000000000000000100
00000000000000001011000000
00000000000100000001001000
00000000000010010000000000
00000000000000000000000000
00000000000000000000000000
10000000000000000000000000
00000000000000000000000000
00000000000000000000000000
00000000000000000000000000
00000000000000000000000000
00100000000000000000000000
00000000000000000000000000
00000001000000000000000000
00100000110000000000000000
10000000000000000000000000
10001000000000000000000000
11010010000000100000000000
10010001100000000000000000
00011010000000100000000000
11101110001000000000000000
11011101001100000000000000
10111111111100000000000000
10101111001110000000000000
00101111101000011000000000
10110111111000010100000000
11110111100001010000000000
11111111101011011000000000
11111111111111000100000000
10101111111011100000000000
