21 90 5
000000000000000000000
000000000000001001100
000000100000000001001
101000100000000011100
001000000001110100011
101101000000001111001
100110000000101010001
011010101011011110100
100000000000000010100
000000000000010010110
100010000001110010011
000000011010000001010
000000000100000011010
000000100000001001101
000000000000000110001
000000000000010101001
000000000000000000000
000000000100000000101
000000000000001000000
000000000000000000100
000000000000000000101
000000001011000000000
000100001000000000000
001101100000000000000
000001100010000100000
000000001111000000000
010001000001000000000
000000100000100000000
000000111000000010000
000111100100000000000
001000000011100000000
100010000111010000000
000100001101100000010
000000100000011010000
000010000101010000000
000000010001000000000
010000100010100000000
000000000001101000000
000000011001000100000
000001001001001101100
100011101111100000000
100010110011000000000
