16 54 13
0000000000000000
0000000001000000
0000000000000000
0000000000000000
0000000010100000
0010000000000000
0000001001000100
1000100000000000
0000000100100000
1111000010000100
1000000110000000
0010110111010101
1000011011101010
0000011010010010
0000000110010001
0000011101110101
0000001001001010
0000000101111001
0000000100111110
0000000011100111
0000011000101101
0001000100011111
0000000000011111
0000000001100011
0000000000111001
0000000000010110
0000000000001100
0000000000000010
0000000000000000
0000000000000000
0000000000000000
0000000000000000
