17 52 11
00000000000000000
01001100000100010
10100010000101101
00001100010000110
00111010000000000
00011000010010000
00001101000010000
01010100000010000
00000100100001000
00001100000000000
00001000010000100
10010000000000000
00000000000110000
00001110010000000
00000001000000000
00000000000000000
00011000000000000
00101000000000000
01010001000000000
01000100000000000
11000011000000000
01100101000000000
10010101000000000
10111101001000000
01110000000000000
10100100100000000
00100000110010000
01100110000000000
10000110000000000
00100000000000000
00000000001000000
00100100100000000
01000100000000000
00000010000000000
