27 264 11
111111111111111111111000000
111111111111111111111000000
111111111111111111010000000
111111111111111111110010000
111111111111111110101000000
111111111111111111010000000
111111111111111111110000000
111111111111111110000000000
111111111111111010000000000
111111111111111100100000001
111111111111001100000100000
111111111111111000000000000
111111111110010000000000000
011111111111110000000000000
011111000101110000000000000
100101010100000000000000000
000101000000000000000000000
100000000000000000000000000
010000000000000000000000000
000000000000000000000000000
000000000000000000000000000
000000000000000000000000000
000000000000000000000000000
000000000000000000000000000
000000000000000000000000000
000000000000000000000000000
000000000000000000000000000
000000000000000000000000000
000000000000000000000000000
000000000000000000000000000
000000000000000000000000000
000000000000000010000000000
000000000000000000000000000
000000000000000000000000000
000000000000000000000000000
000000000000001000000000000
000000000000000101000000010
000000100100011111000100000
000000000001001101100010000
000000000000011111010100000
000001000101111111110000000
000100100000001111111010000
000000001111111011010111111
000000001011101111111100000
000000001101111111111011011
001000000111111111111100111
000000100101111111111110100
000000001111111111101111011
000000111111111111011110111
101001011111111111011110101
000111111111111110111110001
000101111111111111001011110
001111111111111111111101111
010001011111111111111111111
