28 340 10
1101110010000000000000000000
0110111111011000000000000000
1111110100010111000000000001
1101011111100100010000000000
1111001111111000010000000000
1110111111110001000000010000
1111111111110011001000100000
0011111111101010000000000010
0111111011110110000000000100
1111111111111011000010101111
1111111101110000000110111111
1011111110110010010011000101
1101111111110000000001111011
1111111111010000000000000000
1111111111100111010000011001
1111111110110000010110001000
0111111111100000000010101111
0101111111110000101000001100
1010111010011000000000000000
1000101001010010100000010010
0100111010101100010110100000
0010000000101100100010001000
0000000000001110001000000000
1100000010001010001010000000
1100010000001101110001000000
0001000111000110011110100000
0000000001010011010010010000
0000000011110111111111100000
0000000000000000000000000000
0000000000000000000000000000
0000000000000000000000000000
0000000000000000000000000000
0000000000000000000000000000
0000000000000000000000000000
0000000000000000000000000000
0000000000000100000000001000
0000000000000000000000000100
0000000000000000001000000010
0000000100000100000100000000
0000000000000001101110001000
0000000000011011111111101011
0000000010000111111111111101
0000000000001011111111111111
0000001000011111111111111111
0000001110111111111111111111
0000000011111111111111111111
0000001111111111111111111111
0001000111111111111111111111
0000001111111111111111111111
0000001111111111111111111111
0001010111111111111111111111
0000001111111111111111111111
0010001111111111111111111111
0000001111111111111111111111
0000001111111111111111111111
0010001111111111111111111111
