25 212 6
0000100001000010110110101
0000101101001111110111101
0000010101111101111111111
0000001111001110111111101
0000110011111111111111110
0000111111110011111111011
0000011110110111111111111
0000000011111001011111110
0000000011001101110111011
0000000000010111111001101
0000000000000011100000110
0000000000000000010010001
0000000000000000011010001
0000001000000100001001000
0000000010000000000000000
1000000000000000010000000
1000010000000000000000000
0101100000000000000000000
0100111100000000000000000
1011100100000000000000000
0011101100000000000000000
1111110101100000000000000
1111111000000000000000000
1111110001000000000000000
1100111000000000000000000
0000000000000000000000000
0000000010000000000000000
0000000000000000000000000
0000000100000100000000000
0000000100010111000000000
0000001010110000000000000
0000000010101110000000000
0100010100111110110000000
0010011111111111100000000
1000101111111110000000000
0000101011111111000000000
0000011011111111010000000
0010000111111110110000000
1000011011111100100000000
1010010111011111000000000
0000011110110100000000000
1011110111111001000000000
1111111110101111000000000
1010000111011101000000000
0111011101111000000000000
1110011111111100000000000
0101101111111001001000000
1101011111110000000010000
0011111011110100000000000
1011110111101100000000000
