18 154 9
110100000010000000
111000000000000000
100110011100010000
101011000000001010
110001010001011010
001001100000101101
101101100101011000
100000010011101000
000110111010001110
110011111101000010
001100010111101101
001111011011100010
111101110011111000
010011001001100110
010010111101101100
010111101111011011
010010111111001000
111001101111111100
000000000001111111
000000000011111111
000000000111111111
000000000011111111
000000000011111111
000000000111111111
000000001111111111
000000000111111111
000000011011111111
000000001111111111
000000000011111111
000000001111111111
000000001011011111
000000000011111111
000000000001111111
000000000011111111
000000000110111111
000000000111111111
