28 358 5
0000000000000000000000001000
0000000000000100000001000000
0000000000000000000000000000
0000000000000001110110001000
0000000000000000111000000000
0000000000000110100001011010
0000000000011010111010100110
0000001101010110010111111010
0000000001100110111111110100
0000001001101111111111100101
0000000000001111111111110110
0000000010111111111111111111
0000000001111111111111111101
0000000011111111111111111011
0000001100111111111111111111
0000001000011111111111111111
0000000111101111111111101111
0000001110101111111111111111
0000001001111111111111110111
0000001000111111111111110110
0001000000110111111111111111
0000000001011011111111101110
0000000101111101111111111111
0000000010111111111010011110
0000100001001101111111110000
0000000000001110111111000000
0000000000001100100001011010
0000000000000011100011001100
1111111111111110000000000000
1111111111100000000000000000
1111111111000000000000001001
1011111111100100000000010000
1011011110110000000001111100
0010111000010000000001111111
0101100010000000000100111111
0011111000010000001111111111
0100000000000001000101111111
0000000000100000000111111111
0000100000000000001111111111
0000000000000000000111111111
0000000001000100010011111111
0000000011101100000111111111
0000011111111100001010111111
0000011111111001000011111111
0000111111111110100111001111
0001111111111111000000111111
0001111111111110000001010111
0101111111111111100000001000
0001111111111111000000000000
0011111111111111100000000000
0001111111111111100000000000
0010111111111111000000000000
0000011111111111000000000000
0000011111111101000000000000
0000000110110000100000000000
0000000001110100000000000000
