29 401 7
00000000000000000100000000000
00000000000000000000000000000
00000000000000000000000011000
00000000000000000110010000010
00000000000000000001011001110
00000000000000100010111101110
00000000000000011111111111111
00000000000001001111111111111
00000000010000111111111111111
00000000000001111111111111111
00000000000011111111111111111
00000000000001111111111111111
00000000000111111111111111111
00000000000111111111111111111
00000001001111111111111111111
00000000010111111111111111111
00000000001111111111111111111
00000000011111111111111111111
00000000001111111111111111111
00000000001111111111111111111
00000000001111111111111111111
00000000000110111111111111111
00000000011011111111111111111
00000000000001111111111111111
00000000000011111111111111111
00000000000000111111111111111
00000000000000111111111111111
00000000000000010000111111011
00000000000000001010100111010
00000000000000000000000000000
00000000000000000000000000000
00000001000000000000000000000
00111000000000000000000000000
11110100000000000000000000000
11111111000000000000000000000
11111111110000000000000000000
11111111111100000000000000000
11111111111100000000000000000
11111111111100001000000000000
11111111111110000000000000000
11111111111111000000000000000
11111111111111110000000000000
11111111111111100000000000000
11111111111111100000000000000
11111111111111110000000000000
11111111111111100000000000000
11111111111111110000000000000
11111111111110110000000000000
11111111111111100001000000000
11111111111111101001000000000
11111111111111111010000000000
11111111111111111111000000000
11111111111111111111000000000
11111111111111111111100000000
11111111111111111111110000000
11111111111111111111111000000
11111111111111111111110010000
11111111111111111111110000000
