19 178 11
0001000000100000000
0010101010100000000
1000100001100100000
0101111111110000100
0101110101001000000
1111101111100100000
0111111110110000000
1111111111111000010
1111111111101000000
1110101111010001000
1111111111111110100
0111101110100110010
1111111101110101000
1110111110001110010
0010010010101000000
0011011111100010110
0110011011011100010
1001011001100100000
0001000110100100010
0001110111111111111
0000001111111111111
0000011111111111111
0000000111111111111
0001011111111111111
0000001111111111111
0000001111111111111
0000000111111111111
0000000111111111111
0000000111111111111
0000001001111111111
0000000111111111111
0000000001111111111
0000000000011011111
0000000000100011001
0000000000000010010
0000000000000000100
0000000000000000000
0000000000000000000
