28 174 10
0000000000000000000000000000
0001100000000000000000000000
0000101100010000000000000010
0001000001100000000000000000
0001000111100000000000000000
0001001101100100000000000000
0010100110000101000000100000
0011010101111000010000011000
0111011011111000010001000010
0010111100010000011000011100
0010111101010010010001101000
0101111010011010111010001100
0001101000110000001101101001
0001111010101100100111101011
0000000001011011011111111110
0000100000010000010111101010
0000000100010000011011010111
0000000000000000000101010110
0000000000000000001011100010
0000000000000000011100001000
0000000000000000001010100100
0000000000000000000000100000
0000000000000000001000000000
0000000000000001000000100000
0000000000000000000000000000
0000000000000000000001000000
0000000000000000000000000000
0000000000000000000000000000
0000000011100101111011001100
0000000000110000100100100010
0000000100000111000011001000
0001010010000111000010100000
0000000010000100110001011110
0000000000000000100010000001
0000000000000010100001000000
0000000000000101010100101100
0000000001000001111011010000
0000000000000101111110110010
0000000000000000110110111000
0000000000000001100110000000
0000000000000000010001110000
0000000000100111111011101000
0000000000000001011101000000
0000000000001000000001000000
0010000001000000101010001000
0000100101010000000001010000
1010000000100000100000000000
1010100000000000000000000000
0011001000000000000000000000
1001000100000000000000100000
1110111000000000000000000000
0101110010000000000000000000
1111110110100000000000000000
1101100000001010000000000000
1101100110001000100000000000
1111111100000000000000000000
