16 27 11
0100000000000000
0000000000000000
0000000000000000
0000000000000000
0100101101001000
0010000000100000
0000000000010000
0000000000000000
0000000000000001
0000001000000100
0000010010000110
0001000010000100
0000000100000000
0000100000001100
0000010000000010
0000000100000000
0000000000000000
0000000000000000
0000000010001000
0000000000000011
0000000010000000
0010000000000010
0000000000100000
0000000000110010
0000000000000100
0000000100011000
0000001000000000
0000000010000000
0010100000000011
0001000100100100
0000000010000010
0000000000000000
