22 180 11
0000000111011011000001
0100001011111111000000
0000001011111110010000
0000011111111010000000
0000011011101111000000
0101111111111110000000
0010011110111011010000
1100011111111111000000
0101101011111110101000
0000111111101000100000
0000111111111100000000
1111111101000101000000
1111011101010000000000
1011011111010000000000
1100001101100000001000
1100101010110000010000
0111000001001001000000
0100000000000010000010
0010000000000000101000
0000000000000000000100
0000000000000001101110
0000000000100100001010
1111110000000000000000
1111101000100000000001
1111110000000000000000
0111000000000000000000
0110000000000000000010
1001010000000000000000
0001000000000010000000
0000000000000000000000
0000000000001001101111
0000000000110000100101
0000000000001001111010
0000000101001001111111
0000010000111111111101
0000000100101100110111
0000000000001111111111
0000000000101111111111
0000000110111111111111
0000000000001111111111
0000000110011111111111
0000000111111011111111
0000100001110111111111
0000000111111111111111
