21 147 9
000000000000000000000
000000000000000000100
000000000000001010000
000000001010010110000
000000001011110110111
000000000001011100000
010000100011110001111
101110010010111000000
011001110001110110110
111110000011111100110
010101010011110111001
011001000110001111001
110111000000111110111
011110100010111110011
000001010010001001110
000001001001000011100
000000100000000000001
010000000011111011010
000000000000000000000
000000011010000100010
000010000001000100010
010100011101001000001
000110100100011010000
001001111000111110000
000001010111110100100
111011111110011101100
010000101001010100000
000101111111101100000
001101101101100010001
001001010110110000001
010001110111101101001
000000100101111110000
101101111101101001000
001100110010001110000
110001001010010000000
000000110000001000000
000100001000100000000
010010100001100000000
000000000100100000000
000000010000000100000
000000000100000000000
000000000000000010000
