18 135 7
000000010000101001
010010101001000001
000000110010101000
010011000000000100
100111011001101110
111111000101100010
001010011011100010
110111000101001100
011111110001101010
001011011010110000
011010000111010000
011100011001100101
011111001110111110
000001110110100010
100000000111011000
000100100111101000
000101000101110000
010100010100000000
000000111111111111
000001111111111111
000001111111111111
000000111111111111
000000011111111111
000000011111111111
000001101111111111
000000011111111111
000000010111111111
000000000111111111
000000000111111111
000000000110101111
000000000000100110
000000000000010100
000000000000000000
000000000000000000
000000000000000000
000000000000000000
