17 104 10
00100000000000001
00000000010000001
00000000000000111
00000000100110010
01000000011011010
00000000010001101
00000000001101110
00000000111001011
00001001010010101
00000010001110101
10111100000101010
11110000000011110
11001010000011011
11110100000000111
11111110100010011
11010101110011010
01100010010101001
00000111101000110
11100000111100100
01110000010010000
01110011010111101
00111001011100010
11110110000111100
10101000010100001
10000000010100000
00000000001100000
10000001000000000
01000001001100000
00000000100010100
00000101010010000
01000101100110000
00010001100101001
00110010100010111
00011011111111010
