22 161 12
0011110000000000000000
0111100000000000000000
1001010100000000000000
1011111000000000000000
0110111000000000000000
1111011100000000000000
1111000000000000000000
1111100100000000000000
1111100000000000000000
0000001011000000010000
0001001000000000010000
0000000001110000010000
0000001010000100000000
0000011110010101010000
0010000001110010111000
0011100100001000000000
1010011111111001100100
0011111010111111100000
0000111111010100100000
1010011101111111101000
0011111111111111100010
0101111111110111101100
0111101011111110101111
0111111100101000111110
1011111110110010011111
1111101111100000111110
1111111100011010101110
1011101010100001000011
1111111110010100101010
1111011011000101000000
1101101110000000000000
0111111000000000000000
0011010110110000000000
0100110101001000000000
1011110110000000000000
0010100010000000000000
0011101110101000000000
0001111001010000000000
0000000000000000000000
0000000000000000000000
0000000000000000000000
0000000000000000000000
0000000000000000000000
0000000000000000000000
