21 50 12
000000000000000010000
000000000000000000000
000000000000000100010
000000000100000000000
000000000010000000000
000000000000000010001
000000000000100110010
000000000010000110000
000000000010010110000
000100001000110010000
000000001000000000000
100000000010000000001
001100000000000010000
000100100000110000000
000100011110000000000
000101100000000100000
101000000000010000000
000100000000000000000
000001100000000000000
000000000000000000000
000000000000010000000
000000000000100010100
000000000100001000101
000000000001010111111
000000000000001100111
000000000000010110111
000000001000001001111
000000000000000001101
000000000000011111011
000000000000010010000
000000000000110001101
000000000000000000000
000000000000000000000
000000000000000001000
000000000000000000000
000000000000000000000
000000000000000000000
000000000000000000000
000000000000000000000
000000000000000000000
000000000000000000000
000000000000000000000
