23 59 6
00000000000000000000000
00001000000000000000000
00000000000000000000000
00000001000000000000000
10000000000000000000000
00000000100100000000000
10001001000000000000000
00010100110000000000000
00011000100000000000000
01000000000000000000000
01010010100000000000000
00110001101000000000000
01101000101101000000100
01101010000000000000000
00000111000100100000000
10101110000000000000000
00001001000001000000000
00000000001000000000000
11110000000000000000000
10000000000000000000000
11000000000000000000000
00000000000000000000000
10000000000000000000000
00000110000000000000000
00000010010000100000000
00000010100000000000000
00000000100000000000000
00000011000000000000000
01000100000000000000000
00000000000000001000001
00000000101001000000000
01000000001010000000010
00000011001010000000000
00001100000000000100000
00000010001001000000000
00010001001000000000000
00001000001100000000010
00001011100100100000000
00000100000000000000000
00010000100001000010000
01001000000010000000000
01000000001000000000000
00000000000000000000000
00100001000000000000100
00000000000001000000000
00000000000010000000000
