22 88 9
0000000001000001010000
0000000000100000100010
0000010100000000010000
0010011011010000000100
0000000000100100000010
0000010010101001000000
0000000010100000001000
1000011000001000010100
0000100000100000000100
1000000000001000010000
0000100001001000010000
0001010100101101100000
0110011001010100000000
0110010010100000000000
1010100001011100000000
0100000100010011000000
1000000000001000000000
0000100010000100000000
0010100100000000000000
1000100000000000000100
0010000000000000000000
0001000000000000000000
0000000000000000110000
0000000000000000000000
0000000001000000000000
0000000000000001001000
0000000000000000000100
0000000000000001000000
0000000000010001110101
0000000000000100110000
0000000000000000011000
0000000000100011000100
1110000000000001001000
1001000000100000010000
1111100001010011110110
1110001000000001001000
1111110000001000000000
1111000000000100010111
1111100100000011000010
1111110000000000000000
1011000000000000000010
0010011000000000000000
0000000000000000000000
0000000000000000000000
