27 202 8
101110000000000000000000000
111000000000000000000000000
110101111000000000000000000
011000100100000000000000000
011100000000000000000000000
111101000000000000000000000
110110110000000000000000000
111110000010000000000000000
111000100000000000000000000
111110010000000000000000000
101111010000000000000000000
001110001000000000000000000
100000000000010000000000000
101100010000000100000000000
000000000100010000001000000
010010000100111100000100000
000000001010001101000000000
000100000000001110101000000
000100000000110111011000000
011100000101111111100100100
111011001101010111101000000
101111000010101100100001000
111111100111101111010100000
111011101110001111110100000
011001110111001101011000000
110111110101001000000001000
111101110001001110000000000
000000000000000000000000000
000000000000000000000000000
000000000000000000000000000
000000000000000000000000000
000000000000000000000000000
000000000000000000000000000
000000000000000000000000000
000000000000000000000000000
000000000000000000000000000
000000001000000000000000000
000000000000000000000000000
000000000000000100000000000
000000000000000000000000000
000000000010110000000000000
000000000011111101000000000
000000110111110111000000000
000000011111111111110000000
000001111111111111010000000
000000011111111111111000000
000001111111111111111000000
000111111111111111110000000
100001111111111111111000000
000111111111111111111100000
000011111111111111110100000
000111111111111111111000000
000011111111111111110000000
000011111111111111111110000
