30 142 8
000000000000000000000000000000
000000000000000000000000000000
000000000010000000000000000000
000000000000000000000000000000
010000000000000000000000000000
000000010000000000000000000000
001000101000001000000000000000
100100110100100000010000000000
000010011110000100000000000000
000000111100100000000000000000
000010011100101000000000000000
110111101001110000000000000000
000111100111001100000000000000
110111111111100000000000000000
011011000101110000000000000000
010111101011001000000000000000
001011111000110100000000000000
001010011000000000100000000000
000100101011010101000000000000
001001101110110010000000000000
100010101010010110100000000000
000000000000011000001000000000
000110001100010000000000000000
001010010000111100000000000000
000001000100000000000000000000
000000000100011000000000000000
000001000001000000000100000000
000000000000000000000000000000
000000000000000000000000000000
000000000000000000000000000000
000000000101010011111000000000
000000000001111001111101000000
000000000001101011101010000000
000000000010111111111100000000
000000000000111111011111000000
000000000000111111111101000000
000000000011011111111110000000
000000000000011111111010000000
000000000000011111111111000000
000000000001011111101100000000
000000000000011111111110000000
000000000000011110111110000000
000000000000111111111000000000
000000000000000111100100000000
000000000000000001010110000000
000000000000000010000100000000
000000000000100001000000000000
000000000000000000001000000000
000000000000000000000000000000
000000000000000000000000000000
000000000000000000000000000000
000000000000000000000000000000
000000000000000000000000000000
000000000000000000000000000000
000000000000000000000000000000
000000000000000000000000000000
000000000000000000000000000000
000000000000000000000000000000
000000000000000000000000000000
000000000000000000000000000000
