18 91 12
000000000000000000
000000000000000000
000000000000000000
000000000000000000
000000000000001000
000000000000000001
000000000000000001
000000000000000000
000001000000101111
000001000111001010
000000000000111111
000000100101111111
000000010101111111
000000001111101111
000001011111111111
000000010111111111
000001101111111111
000000000111111111
000110010000000000
001000100000001000
101011100100000100
010100001001010010
011010101000011010
101001000000011101
000100000010101100
011000000010010110
101100010001001110
010010000001100010
011000000100010001
100111000000000000
010001011001001000
000111100000000000
001001101010000000
000100011000100000
100011010000000000
000010000000000000
