29 258 15
00000000011010110111100110000
00000001111111111111011101000
00000100011111111111111000000
00000001000111111111011100001
00000110111011011111001101010
00000000110111101111011011101
00001001100100111100000101000
00000000011111111101111000000
00000000110101111101110100100
00000000000000010110010010010
00000000000001000010100100100
00000000010000100000000000000
00001000010100010000110000000
00000000100000001010000000000
00000000010001000100010001000
00000000000000000100000000000
01000000000100000000000000000
00100100000010000000000000000
00011000000000000010000000000
10111111000100000000000000000
11001100110100000000000000000
11111011000100000000000000000
01111110001000000000000000000
01111011011000000000000000000
00111111100100000000000000000
11111111111101000000000000000
11111111111111000000000000000
01011111111010010000000000000
11111111111110000000000000000
00000000000000000011111111111
00000000000000000111111111111
00000000000000001111111111111
00000000000000011111111111111
00000000000000011111111111111
00000000000000111111111111111
00000000000000011111111111111
00000000000000011111111111111
00000000000000111111111111111
00000000000000111111111111111
00000000000000011111111111111
00000000000000101111111111111
00000000000000001111111111111
00000000000000011111111111111
00000000000000001111111111111
00000000000000001111111111111
00000000000000010011111111111
00000000000000000010111111111
00000000000000000001011111111
00000000000000000000001011011
00000000000000000001000110100
00000000000000000000000000000
00000000000000000000000000000
00000000000000000000000000000
00000000000000000000000000000
00000000000000000000000000000
00000000000000000000000000000
00000000000000000000000000000
00000000000000000000000000000
