18 142 12
111111000000000000
001110100000000000
101010000000000000
101010000100000100
010001000000000000
010010000000010000
000000000000011010
100000001111001010
000000001011011100
000001011101111110
000001111111110111
000001111111111110
000100110111110010
000111111111111110
000101011111111101
000001111111111100
000001101111111111
000011001110111111
100111110111000100
011001001100000000
001011101100000000
010101111011110100
001011111100010000
010011111100001000
110001001110010000
110111001111000000
101101111101000000
101111111100100000
011111011101101000
111101010010100000
111111001100000000
101110010011100110
010011110101000000
011001101100000000
001001100010000000
110110010000000000
