21 157 9
000000111101011000000
001011100101010000000
000101110101100010000
100111101011000100000
111011111111011000000
111011011101011001000
000011011011001110000
000101101110110000010
000001111101000000000
001011011110100001000
000111010100110100000
110110101001010000000
000000101000001000000
000001110101101000000
000000000010010000001
000000001000000000000
000000000001101110010
100000001001011111000
000000000001011101000
000000010011111110101
000001010011111110000
000010010000000000000
000000001010000000000
000100001000010000000
000001001000000000000
000001001101110110000
000000000110100100000
000011111111110000001
010011111111011001000
000101111110100011000
011011011100101101111
100000011101111100000
010110101011111100010
000110101101101110111
110100001101101111111
001001001100001101110
001000010001100000110
000011110010110111111
000010100000000011110
000000100000001000010
100000000001010000000
000000000000001000000
