22 97 7
0000000000000000000000
0000000000000000000000
0000000000000000010000
0000000000000000000001
0000000000000000001000
0000000000000000000000
0000000000000000000000
0000000000000001000000
0000000101000000000000
0000000000010000000010
0000001000000010011011
0000001000001111000110
0000000000010010100000
0000000000000010010000
0000001001110111101000
0000000100110011111110
0000000011000111111010
0000000101010101011111
0000000000111001111111
0000000001111011101101
0000000010110010100110
0000000000000011110110
0000000000000000000010
0000000001010000101010
0000000000000000010000
0000000000000000111010
0000000000000001100000
0000000000000000100000
0000000000000010110110
0000000000001110111100
0000000001101001011011
0000000000000101000101
0000000001000010000100
0000000000000010001000
0000000000000000000110
0001000000000010100100
0000000001001010000010
0000001101001010100110
0000000100110001010101
1000100010100111001000
0000000000011000100100
0000001000111111011110
0000000000000010011010
0000000011000000000000
