22 69 7
0000000000000000000000
0100000000000000000000
0000100000000000000000
0000000000000000000000
0000000000000000000000
0000001000000000000000
0000000000000000000000
0000000000000000000000
0000000000000000000000
0000000000000000000000
0000000000000000000000
0000000000000000000000
0000011000000000000000
0100000000000000000000
1100000000000000000010
1111000000000010001011
1110100000000000011011
1110000110000011101000
0111110000000001010111
0010001000010110110111
0001000000000001111111
0000000000001010111110
0000000000110101010000
0000001000100100000000
0000000000001110000000
1000010000001110101000
1000010101101010001000
0001001000000011000000
0000000101001100000000
0001011011011000000000
0101000001010100010000
0000000000010100000000
0000000101111000000000
0000000000110001010000
0000000000001000000000
0000001000000010000100
0000000100000011000000
0001001000000000000000
0010000000000000000000
0000000000000000000000
0000000001000000000000
0000000000000000000000
0000000000000000000000
0000000000000000000000
