30 175 5
000010000000000000000000000000
000000000000010000000000000000
000000001010010010000000000000
000000000000101000000000000000
000000000011001010001000000000
000000100000001010000010000000
000000000000110001000001010000
000001001011000001010000000000
000000100110110111111101010000
000000000001010101010000000000
000000011010000001000000000000
000000000000101001110000010000
000000001100000011011101001100
000000000001111111111110000000
000000010100001111111101100000
000000000010111001110011110010
000000000001000011110000101000
000000000000100001101000000000
000000000001100111101101000000
000000000000010111111110000000
000000000000101011110010000001
000000000000010101011000000000
000000000000001001011000010000
000000000001001101000100000000
000000000000000101010100010000
000000000000001100110110000000
000000000000000100000001000000
000000000000000001010111000000
000000000000000010000000000000
000000000000000000100000000000
000000000000011001000000000000
000000000000101111000000000000
000000000010000101000000000000
000000000001111011011000000100
000000000010010101110000000011
000000000000011111010000000000
000000000000001111110100001011
000000001000000100100100001101
000000001011001000000011010101
000000010000101000001110110101
000000000000101000010000111111
000000001000000000000010110001
000000010011011000000011011100
000000001001010101010101111011
000000001101001000010000111101
000000110010011000000111000010
000000010001001100101000000101
000000000010100111100000000000
000000000000110000101000000000
000000000000110101010000000000
000000000101001010001010000000
000000010001011000000000000000
010000000000100100000000000000
000000000011000100010000000000
000000010001000000000000000000
000000000000001000000000000000
000000001100001100000000000000
000000000100000100000000000000
000000000000000000000000000000
000000000000000000000000000000
