16 44 15
1001000000000000
0001000000000000
1000000000000001
0000001010100000
0010011000000000
0000010101000010
0011110110100000
0000010101000001
0000010000110000
0000100100001100
0100001000010000
0000110101100000
0000000000000000
0000001000100000
0000010000000000
0000000000000000
0000000000101000
0001100000111001
0000000000000000
0000000001000111
0000010011101101
0000010001000111
0000000100101001
0000000000001000
0100000000000010
0000000000000011
1010000000010000
0001000000000000
0001101000000000
0000000000000000
0000100000100000
1000001000000000
