25 253 8
0000000000000000000000000
0000000000000000000000000
0000000000000000000000000
0000000000000000000010011
0000000000000000110111110
0000000000000000111111111
0000000000000010111111111
0000000000000011111111111
0000000000001011111111111
0000000000000111111111111
0000000000010111111111111
0000000000011111111111111
0000000001011111111111111
0000000000001111111111111
0000000000001111111111111
0000000000011111111111111
0000000000011111111111111
0000000000001111111111111
0000000000001111111111111
0000000000001111111111111
0000000000001111111111111
0000000000001111111111111
0000000000000011111111111
0000000000000000111111111
0000000000000000101111111
0001111111011011111100001
0111011000101101111110100
0101101110101110110100010
0010110100011101011110001
0000111000000101111000100
0010000000100111001100110
0000001001001001010110000
0000000101000111110110000
0000100010010010011111000
0000101001001110110011100
0010001010100000100100000
0000101101010000000000000
0000110011111110000000000
0010100101101000010000000
1101110110001101100001000
0000111100010111000000000
0011100100111100100000000
0111101110110000100000000
0100111111001101000000000
0011011101110100000000000
1111111110110110110000000
1011111111110001000100000
1100111010010100010000000
1010110111010010000000000
0110111101011100000000000
