23 101 14
00000000000000000000000
00000000000000000000000
00000000000000000000000
00000000000000001000000
00000010000000000000000
00000000000000000001000
00000000000110000000100
00000010000000000000001
00000000000001000000000
00000000001001000000000
00000000010000000011001
00000010000000001100011
00000000100011100100001
00010000000000110000101
00001100001010000100100
00000001000001001101100
00000000011010000010101
00000000000011100001001
00000011101111111010111
00000101111001010010011
00000000001011101000101
00000000110110100010111
00000001100000010101110
00000000000000000101000
00000000010001000101000
00000000001101100100010
00000000000010000100000
00000000011111111010010
00000001001100011111100
00000000000011111111010
00000000101001111110000
00000010101111110101010
00000000000001110111101
00000000000101010110010
00000000011001110011101
00000000000010011100000
00000000000010101100000
00000000000000100010110
00000000001010010100000
00000000000000000000000
00000000000000100000000
00000000000000000000000
00000000000000000000000
00000000000000000000000
00000000000000000000000
00000000000000000000000
