23 211 12
11111001000000000000000
11111111101001000000110
01111111100100000100110
11111111100000000000000
11111111011100010000100
11111111111000100000000
11111111111000000001000
01111111110000000000001
01111111011000000000000
10101111100000000011000
11111101010011000000000
01101100010000010101001
00010100010001000000000
00001000000101100000010
10000010111011101000000
00000000111111110000000
00001001111111110100000
00000001111111111000000
00001001111111110000000
00000000011111111000000
00000001111111110000000
00000000111111100000000
00000000011111100000000
01011111111111111111111
00011111111111111111111
00001111111111111111111
00111111111111111111111
00011111111111111111111
00011111111111111111111
00001111111111111111111
00000111111111111111111
00000001111111111111111
00000100111111111111110
00000000111111111110100
00000000000101111110000
00000000000101100000000
00000000000000000000000
00000000000000000000000
00000000000000000000000
00000000000000000000000
00000000000000000000000
00000000000000000000000
00000000000000000000000
00000000000000000000000
00000000000000000000000
00000000000000000000000
