26 302 5
11111111111111100101011000
11111111111111100101000110
11111111111111101101010111
11111111111111110111101111
11111111111111101011010111
11111111111111111101011011
11111111111111111100111111
11111111111111110101101011
11111111111111101110111111
10111111111111100110111001
00011111111101000111001100
10110110111111010110101100
11111111111011100101000001
00001111110001110000101110
00001100010110000000011000
00010011000110000001000100
00000010000100001000000000
00000001100000000000000000
00000000000000000000000100
00000000000000000000000000
00000000000000010000000000
00000000000000000000000000
00000000000000000000000000
00000000000000000000000000
00000000000000000000000000
00000000000000000000000000
00000000000000000000000000
00000000000000000000000000
00000000000000000000000000
00000000000000000000000000
00000000000000000000010000
00000000000000000010100000
00000000000000000101100110
00000000000000001111111111
00000000001000111111111111
00000000000010111111111111
00000000000011111111111111
00000000000111111111111111
00000000001111111111111111
00000000100111111111111111
00000000011111111111111111
00000000001111111111111111
00000000011111111111111111
00000001011111111111111111
00000001001111111111111111
00000001100111111111111111
00000000001111111111111111
00000000001111111111111111
00000000001111111111111111
00000000011111111111111111
00000000100111111111111111
00000000000011111111111111
