26 171 14
00000100000000000000000000
11100100000000000000000000
11000000100101000000000000
10011000100000000000000000
00000110000000000000000000
00000010000100000000000000
00111100100000000000000000
00011110010000000000000000
00000010000000000000000000
11110010100000000000000000
01110101100010100000000000
00000111001000000000000000
10111111110000000000000000
10111111000010000001010000
00010010011000000000000000
01011111101100000000000000
00100111110000001000000000
00111001100000000000000010
01110111001100100000000000
01111011000010000000000001
11011100110110001000000000
00110111110000000010000000
01111111110000100000101000
11111111001101000000000100
10011111011000001000000100
00110111111100000000000100
00000000000000000000000000
00000000000000000000000000
00000000000000000000000000
00000000000000000000000000
00000000000000000000000000
00000000000000000000000000
00000000000000000100000000
00000000000000000000000000
00000000000000000000000000
00000000000000000000000000
00000000000000100001010000
00000000000001000000101000
00000000000000110111000000
00000000000001000101100001
00000000001000111101111000
00000000010001111111011000
00000000001101101111111010
00000000000011111111111000
00000000001111111111111110
00000000000111111111111111
00000000000111111111111100
00000001001111111111111011
00000000100101111111111101
00000000011111111111111100
00000000000111111111101101
00000000000011111111110100
