16 58 12
1000000000000000
1010010000000000
1100000000000000
1011000000000000
0100100101100000
0001100001000000
1001000000000100
0000100101000000
0000000100010000
1000001111110010
0000000010100100
1000001011111000
0000001011001000
0000000010011010
0000000010101010
0000010000110000
0000000010000000
0000110000100000
0001001000000000
0100010000010001
0011010010001100
1111010000000000
0000100100000000
1001100100000000
1100001000100000
0001111000100101
0110100010001000
0000000010000100
0010000010010100
0001000000100011
0100000000001000
0000000010010100
