30 393 7
000000000000000000000000000000
000000000000000000000000000000
000000000000000001000000000000
000000000000000000000110001000
000000000000000001000100000000
000000000000000000100101000110
000000000000000100000100010000
000000000000001101110111011100
000000000000001011011011111101
000000010001000001110111110100
000000000011110111111111111111
000000000000011111111111111110
000000000011010111111111111111
000000000011001111111111111111
000000000011111111111111111111
000000000011111111111111111111
000000000110011111111111111111
000000000011111111111111111111
000000000101111111111111111111
000000000010001111111111111111
000000010011111111111111111111
000000000011111111111111111111
000000000001111111111111111111
000000000000111111111111111110
000000000000011111111111111111
000000000010000111111111101110
000000000001110111111111111011
000000000000011110111111001111
000000000000011100111010111110
000000000000000100100011110100
000000000011100011010011000001
000001101101110010000000000100
000001111111011010011110001000
100011101111111001111011111100
100100110101110110110110011000
001110111011111111111111101010
110111101111111111111111111110
101111111111111111111111111011
011101111111111101111111110001
011111110111111111111011001011
111111110111111111111111110111
111111010011111111110110001111
110010111011011001011111111111
001001011010101010101000011000
001110000001010110010101100000
000101000000000101101100001001
001000000000000000000010101101
010000001000110101000000111000
001100000000010000000010001010
001000100000000100000000000000
001000100000011001000000000000
000101000000000010000001000000
101110000000010011000000000000
100111110001000000100000000000
110010010001000000000000000000
111111100000000000000000000000
100111101100000000000000000000
111101111000000000000000000000
111111010110000000000000000000
111111011000000000000000000000
