27 307 5
000000000000000000000000000
000000000000000000000000000
000000000000000000000000000
000000000000000000000000000
000000000000000000000000000
000000000000000000000100000
000000000000000011100100000
000010000000000001011101000
000000100000000001110011010
100000101000100001111111000
001101000000000011111111010
101011110000100011111111100
001000111100001111111111100
010111011000000011111111000
111111111001000010111100100
011111110110000101011100000
110111111010110100100110000
111111111111000000100000000
111111111111000000000100110
111111111001000000000000000
111111111111000101000000000
111111101111100010100111000
111111111111100010001101111
111111111111110000110111011
111111110111100011000111111
111111111111000001111111111
111111111111110010111111110
001101111111111111111010000
001111111111111111111111101
001111111111111111111111100
011111111111111111111111010
111111111111111111111111000
000111111111111111111111100
010111111111111111111111100
100101111111111111111110010
000111111111111111111110000
001111111111111111111111000
000000111111111111111111000
000010111111111111110101000
000011111111111111111001000
000011111111111111001000000
000000000011011010110001000
000000000000110001000000000
000000000000001101000000000
000000000110000001000000000
000000000000000000000000000
000000000000000000000000000
000000000000000000000000000
000000000000000000000000000
000000000000000000000000000
000000000000000000000000000
000000000000000000000000000
000000000000000000000000000
000000000000000000000000000
