22 79 9
0000000000000000000000
0000000000000000000000
0000000000000000000000
0000000000000000010010
0000000000000010100001
0000000000010001000010
0000000100000001101100
0000000000000000100011
0000000000000001010100
0000000000100110011101
0000000000111000110110
0000000000100010111100
0000000000000011001101
0000000000100000001111
0000000001000001100101
0000000011000001101001
0000000001000000000001
0000000010001000000100
0000011101001000001000
0000000011000000000000
0000000101100000000010
0000010100000000000000
1111111111111100000000
1111111111111110000000
1011111111111100000000
1001111111101100000000
0101111111110000000000
0000111110101100000000
1000001110010000000000
0000000100100000000000
0001000000000000000000
0000000000000000000000
0000000000000000000000
0000000000000000000000
0000000000000000000000
0000000000000000000000
0000000000000000000000
0000000000000000000000
0000000000000000000000
0000000000000000000000
0000000000000000000000
0000000000000000000000
0000000000000000000000
0000000000000000000000
