25 75 9
0000000000000000000000000
0000000000000000000000000
0000000000000000000000000
0000000000000000000000000
0000000000000000000000000
0000000000000000000000000
0000000000000000000000000
0000000000000000000000000
0000000000000000000000000
0000000000000000000000000
0000000000000000000000000
0000011000000000000000000
0000000000000000000000000
0000000000000000000000000
1000100000000000000000000
1111000000001000000000000
1110010000000000000000000
0111110101100000000000000
0110101001000000000000000
1011011100000000000000000
1111111010010100000000000
0111110001000000000000000
1111111001100000000000000
1101111100100000000000000
1111111011000100000000000
0000000000000000000000001
0000000000000000000010000
0000000000000000000000011
0000000000000000001000010
0000000000000001000000110
0000000000000000000100011
0000000000000001001000000
0000000000000000011000000
0000000000000000000010100
0000000000000000001100000
0000000000000000010000101
0000000000000000001010100
0000000000000000000000000
0000000000000000001100001
0000000000100000000000000
0000000000100010000000010
0001100100000000000000100
0000000100100000000000000
0010001011010000000000000
0000010100000010000000000
1101000110000100000000000
0000110110010111000000000
0000000000010101000000000
0101010110011100000000000
0000010100000001000000000
