27 224 15
111111111111101001000000000
111111111101000000000000000
011111111111111000010000000
111111111110100000000000000
111111111110011011000000000
111111111101110110000000000
111111111111000000000000000
111111111111100000000000000
111111111011100100000000000
101101110100111000000000000
101111101111000100000000000
111011000001100000000000000
111110110100000000000000000
000011011000000000000000000
000000000010100000000000000
000101000000000000000000000
000010000000000000000000000
000100000000000000000000000
000101000000000000000000000
000100000000000000000000000
000000000000000100000000000
001010011100000000000000000
000111101110100000000000000
010101101110000000000000000
100010111111100000000000000
001101111111111100000000000
010111111111100000000000000
000000000000100000000000000
000000000010000000000000000
000000000000000000000000110
000000000000100000000100000
001000000000010010000010100
000000000000001010000000010
000010111100000000001011010
000010100110001000110101100
000101011100100100101011110
000010111100000100000101101
101101101111010000000100101
000010011110011001100001111
000011100111100100111101010
001101100001010100010111011
011111101000100100111111010
000000110101000001101111111
001000001010001011011111110
000000000000000000001110110
000100000010000000111101110
000000000000010000011110110
000000000000000110001111011
000000000000000100100011111
000000000000000000110001111
000000000000000000011111111
000000000000000010110011111
000000000000000010011011111
000000000000000000100111111
