19 69 13
0000000000000000000
0001000000000000000
1000000000000000000
0011000000000000000
0010000000000000000
1010000000000001000
0111110000000000000
0010100000001010000
1001000100000000000
0011100000000000000
1110110001000000010
1001000000000001100
0100000000100010110
1000000000001101000
0001000000001010110
0010101100001110110
0010000100000110111
0000000000010010100
0000000000001000001
0000000000000000000
0000000000000000000
0000000000000000000
0000000000000000000
0010000000000000000
0000000000000000000
0000000100000000000
0000100000000000000
0001001000000000000
0000000100000000000
0100000100000000000
1011100010000000000
0111110101011100000
1000101111010000000
0001011010000000000
1100111100101000000
1101110101010000000
1111111101001010000
1101011101010000000
