17 37 7
10000000001000110
11110000000000001
00000010000000011
00000000000000011
10000000001001010
11001100000101100
10000000000000011
00000100010000000
00000000001000000
00000000000001000
00000000001000000
00000000000100000
00000000000000000
00000000000010100
00000001000000000
00000000000000000
00000000000000000
00000000000000000
00000000000000000
00000000000000000
00000000000000000
00000000000000000
00001000000000000
00000000000000000
00011000000000000
00111100000000000
00011100000000000
01111110100000000
10111110100000000
10100011010100000
00101100000000000
00011001000000000
00000100000000000
00000000000000000
