21 167 15
010000001000000010011
000000000100010000110
000000000000000110110
010101000010000010010
000000001110001101001
000001011011001010011
000000101110000000001
001000001010010111001
000001011011111101011
100001101110101101100
000000111111111100000
000000111101111011101
010101011111111000100
000001111111111101010
000000011011110110100
000100010001101111111
000000011111011010011
000010001000111000000
000010010000110110100
000000000001000100000
000000000001110000110
010001111110010010000
100011011111011000000
000010111111010000000
010011111011101000000
101111111111010000100
001111011111101000100
001001111100101000000
001101011101100100111
000000110111000000010
001000110111110000000
000001101010111100110
000001011111011010000
000000001010011001010
000000100011111000101
000000011010111110001
000000110101010011000
000000000001110001010
000000000010001010100
000000110110111001000
000000000000100001000
000000000000010110000
