16 66 11
0000001000100000
0000000001000000
0000000101101100
1000100011001001
0010110100010001
0100000111100000
0000100011100100
0000100100010001
0011000000011010
0000000001001010
0001100100100110
0000101000101000
0000101001000100
0010000000000000
0110010000001001
0110000110000000
0000000000000000
0000000000000000
0000000000000000
0000001000010000
0000101000100000
0100000001100000
0000101010100000
0010100101100000
0001111110111000
0001010111100100
0101111111001000
0011001011011000
0000001111100000
0010001100000000
0010011101100000
0000001110000000
