25 253 8
1111111101111100001111010
0111110101100001101010010
0111011111100001111111010
0011111111111011101111100
0110101111100000101111010
0101111000000101110000110
1011101011011000000100000
0001100101100011100001000
0010011101000110111001100
0000010101111110010100000
0001010000101101110100000
0001001111111111010100100
0101001111101111010110000
0000010110111111111010000
0000011011111011001000000
0000111011110111111110000
0000001111001011111000000
0001010101110110110010000
0100010000001101011011000
0000000000001101011110000
0000000000110011100100000
0000000000000000000001000
0000000000000001000000000
0000000000000000000000000
0000000000000000000000000
0000000000000000000000000
0000000000000000000000000
0000000000000000000000000
0000000000000000000000000
0000000000000000000000000
0000000000000000000000000
0000000000000000000000000
0000000000000000000000000
0000000000000000000000000
0000000000000000000000000
0001000001000000000000000
0000100011001000000000000
0001111111100010000000000
0101011111111111000000000
0111111111111111100000000
1111111111111111110000000
1111111111111111111000000
1111111111111111111110000
1111111111111111111100000
1111111111111111111110000
1111111111111111111101000
1111111111111111111111000
1111111111111111111111000
1111111111111111111111100
1111111111111111111111000
