16 83 15
1111111111111000
0111111111110000
1111111111111100
0111111111100000
0101111111111000
0111111111100000
0111110101110000
0100100111000000
0000000000000000
0000000000000000
0000000000000000
0000000000000000
0000000000000000
0000000000000000
0000000000000000
0000000000000000
0000000000000000
0000000000000000
0000000000000000
0000000000000000
0000000000000000
0000000000000000
0000000000000000
0000010100000000
0010001000101001
0001011111101000
0000111110100100
0111111111111000
0011111111111100
1111111111110100
0011111111111100
1011111111111000
