29 300 14
00000000010111101110001000000
00000000101010111110101000000
00000000010101111101001100000
00000100111111111111111110100
00000000001111011111110010000
00000010011111111111011111000
00000000011111111101111000000
00001010011111111111010100100
00000001110111110111100111000
00100010001111111000100000000
00000001011111011110001001001
00000000010101111110110100000
10000000000101001111110000000
00001000000000010100000001000
00100000000010010001000000010
01011000000000000000000000000
10111100000000000100110010000
11111000100010000111101000000
11111000000001001001001010000
11110000000000000011001110100
11111100000000000001011011000
01111100000000000011111000010
01111100000001001110001001100
00000000000000000111101001100
00000000000000000100011101000
00000000000000000011011111110
00000000000000000011110111100
00000000000000001111111111011
00000000000000000011111110100
00000000000000000000011101110
00001000000000000100010111101
00000101000000000000111111111
00100000000000000000011111111
11111100010000000000001111111
11111110000000000000011011011
11100010111000000000011101101
11111110001000000000010100000
11111100111000000000000010000
11111110010000000000000000000
11111110110000000001000001000
11111111100000000000000000000
11111100110110010000000010000
11111110011000000000000000000
11111010100000000000010000010
01000000110000000000001000110
00001101010000000000011011100
11011101000000100100001110101
00001000000001001010111111111
00000000000000000100101111111
00000000000000000000111111111
00000000000000100010111111110
00000000000000001111110101111
00000000000001000001111111111
00000000000000000111111111111
00000000000010011011101111111
00000000000000000101111011101
00000000000000001111111111111
00000000000000000001111111111
