26 77 6
00000001001001001110010000
00011010010111001100100001
10000000000001010001001000
00001101000101000110010000
01000000001011000110001100
00100000001000010100000000
00000010000000000000000000
00000000101100100001000000
10000000100000000000100000
01000000000000000000000000
00000000000000100000000000
10000000000000000000000000
00000000000000000000000000
00000000100000000000000000
00000110000000000000000000
00100000000000000000000000
00000000000000000000000000
00000000000000000000000100
00000000000000100000000100
00000000000000000000000010
00000000000000000001001000
00000000000000000000100000
00000000000000000001000000
00000000000000000000101110
00000000000000000100011001
00000000000000000000101000
00000000000000000000000000
00000000000000001000010010
00000000000000000001100000
00000000000000000010101100
00000000000000000010000000
00000000000000000001001000
00000000000000000000000000
00000000000000000000000000
00000000000000000001010000
00000000000000000000000000
00000000000000000000000000
00000000000000000000000000
00000000000000000000000000
00100000000000000000000000
00000000000000000000000000
00000000000000000000000000
00000000000000000000000000
10000001000000000000000000
00011010100000000000000000
00011010010000000000000000
11111011111011000000000000
11111110110000000000000000
00111100000110010000000000
01111000010100000000000000
11111110100000000000000000
11101111000111000000000000
