20 152 6
00000010011111111110
00000010111011111110
00000001111111100011
00100000110110101000
11100010001111100010
00111111000110001000
01111101000011010100
10111001000000100000
10111110010000000000
01111110100000000000
10111110000000000000
11111110011000000000
11111010010000000000
11111001001100000000
11110110100000000000
11110000010000000000
11100001010000000000
00000100101010000000
01100001101000001000
11100010110100000000
00000000000000000000
00000000000000000000
00000000100000000000
00000000000000000000
00000000000010000000
00000000000000000000
00000000000010000000
00000110100001000000
00110101000000100001
00000110110111100001
00100000011100111011
01000011111000011011
01010100001010110111
01010110111111101111
11110110111110111011
01001011110011001101
00111001011111111010
11010111111101111111
10111111110111111110
10001111111011011000
