20 186 7
01010110110111000100
00111111110000100111
01111111110110100111
11111011111011110111
00011111010101101111
00111111100101000000
10011111101011110000
00001010101110100010
00000011011000000000
00011111011011111100
00000000011111100100
00101000100101000001
00001010100100011000
00000000111111100010
00111111111111100000
00001111010011010000
00000010010111101000
00000001101101001000
10000011010101100000
00000010000100010110
00101101000010000000
01000011001100000000
11111111001000100010
00111010000011011000
10111000000001010100
10111111100100111001
00110001101100111010
11011111001010110100
01110111011010110010
10111110111110010001
10010011111111111011
10011011011011111110
00100000011110111111
00000001000111111101
00000000000101101111
00000000110111101111
00000000000001111111
00000000001100111110
00000000001110111001
00000000000000010110
