23 77 11
00000000000000100000110
00000000000000000101001
00000000000000001101100
00000000000000011001010
00000000000011010010001
00000000100000010110101
00000000000100000110001
00000000000110110011011
00000000000101000101000
00000000000010111110010
00000000000010110000110
00000000000011101110111
00000000000000100100000
00000000000000000100011
00000000000000100100100
00000000000010100001000
00000000000000000110001
00000000000000000000000
00000000000000000001000
00000000000000000000000
00000000000000000000000
00000000000000000000000
00000000000000000000000
00000000000000000000000
00000000000000000000000
00000000000000000000000
00000000000000100000000
00000000000000000000000
00000000000000010000000
00000000000000000000000
00000010100000000000000
00000000000000000000000
00000000001000110000000
00000001000011010000000
00100000001010100000000
00010011110101100110000
00000001101100111100100
00000010000011011010110
00000001010110110110000
11000000010010011001001
01100100000001110000000
00000000000001100000000
01100100000011000000000
00000001000000010100000
11000000000000000000000
10000000000000000000000
