23 164 15
00000000000000000000000
00000000000000000000000
00000000000000000000000
00000000000000000000000
00000000100000000000000
00000000000000000000000
10100000000000000000000
00001000010000000000000
00000100000000000000000
10110100100000000000000
00000111101000000000000
11011110001100000000000
11101111010110010000000
11101111101011000000100
10111111111001100000000
11111111011110000000000
11111110110101100100000
11111111011001100010000
11111111100100000000000
11111111110101010000000
11111111111011000000000
11111111111111000100000
01111111111111101100000
10000000000000000000000
11100000000000000000000
10000000000000000000000
00100001000000010000000
11100000000000010000000
00010000011001010110000
00111000000001011111100
00000000000011001011100
00000000000000110101010
00000000000010111111100
00000000000111111111101
00000000001010111101110
00000000000101111111100
00000000001101011111010
00000010000000110110100
00010010010001010010000
00111010000010000100000
01011110101010010000000
01111110010000000000000
11111111111000000000000
11111111110000000000000
11111111111010000000000
11111111111000000000000
