22 157 15
0000000001101100000000
0000000000000110001000
0000000010000110010000
0000000100000111100000
0000000101011011101010
0000001000111011101001
0001001010011111111010
0000001001011101010000
0000000010110001011000
0000100000001000111100
0000000111000111010011
0000000010101010101101
0000100000101001100100
0000001011010111110000
0000100000000111010010
0000001110100101111010
0000001101111000011000
0000001010101111000000
0000001001100010101000
0000001101101000000000
0001111111011000001000
0000001111110010010000
0000000000000000000000
0000000000000000000000
0000000000000000000000
0000000000000000000000
0000000000000000000000
0000000000000000000000
0000000000000000000000
1001000000000000000000
1010000100100000000000
0001111000100000000000
1011111101000000000000
1110111010100000000000
1111111111100000000000
1111111111101000000000
1111111111110000000000
1111111111111100000000
1111111111110010000000
1111111111111000000000
1111111111111000000000
1111111111111100000000
1111111111111010000000
1111111111111100000000
