29 209 5
01011111111000000110001001101
00111111100000000100100000010
00001111100000000010010001101
10111010100000000101101111000
00001111110001000000111111101
00000001000000000001010101111
00000000000010000010101011010
00000000000001110011101110110
00000000001001001001001011100
00000000001100000000000100000
00000000000000110101101011000
00000000000000010011000000000
00000000000001101101000101000
00000000010010000001010011000
00000001000001101110011101000
00000000000100111101000011000
00000000000001111001000000010
01000100000001100001100000000
00110001000100110110000010000
01001100100000000110000000000
10010111001001001000100000000
10110100000001010101000000000
00100001000000110000000000010
11111000000000000000000000000
01111101010000000000000000000
00100000000000000000000000000
00000100000000000000000000000
00001011000000000000000000000
00001000000000000000000000000
00000000000000000100000100001
00000000000000000000000000000
00000000000000000000000000000
00000000000000000000000000110
00000010000100000000010001000
00000010000000000000000000000
00000001101001000001001000000
00000000010000100000000000000
00000110010100000000000000000
00000000011010100000000000000
00001001110000100000000000000
00011010011000010000000010000
00000010110110101001000010000
00000001111000010000100000000
00010001000011010110101000000
00100100011111001100100000000
00000000110010000000001000000
00110110101110001111100100100
00000000001000000011111110000
00000101010000000001110111110
00000000000100000111111111000
01000000001000111111111111001
00000000000000011111111111110
00000000000000011111111111111
00000000000000101110111111111
00000000000000001110111111010
00000000000010000110111101010
00000000000000001001111100000
00000000000000001111111010100
