28 304 5
0000000000000000000000000000
0000000000000000000000000000
0000000000000000000000000000
0000000000000000000000000000
0000000000000000000000001000
0000000000000000000001110000
0000000000001010010010010010
0000000000001111111111111000
0000000011011111111111111110
0000000001111111111111111110
0000000011111111111111111110
0000011111111111111111111111
0000001111111111111111111111
0000000111111111111111111111
0000011111111111111111111111
0000101111111111111111111111
0000000111111111111111111110
0000000111111111111111111111
0000000010111111111111111110
0000000101111111111111111110
0000000011011111111111111000
0000000000011110001111101100
0000000100101000001010110000
0000000000000001000000000000
0000000000000000000100000000
0000000000000000000000000000
0000000000000000000000000000
0000000000000000000000000000
0000000000000000001111111111
0000100000000000001111111110
0000010000000010001111111111
0110001001100011100001111111
0111011100101100100111111110
1101010000000010000110111101
1111111111010101101001001101
1111111111111101000101011111
1111111111111111110000100100
1111111111111101110000000011
1111111111111101000000000000
1111111111111111111000000000
1111111111111111111100000000
1111111111110111111000000000
1111111111111111011100000000
1111111111111111100000000000
1010111110111111000000000000
0101110111110101000010000000
1000101010000011000000000000
1000000000001110000000000000
0000101100100000000000000000
0000000000000000000000000000
0000000000000000000000000000
0000000000000000000000000000
0000000000000000000000000000
0000000000000000000000000000
0000000000000000000000000000
0000000000000000000000000000
