30 240 15
000000000000000000000000000000
000000000000000000000000000000
000000000000000000000000000000
000000000000000000000000000000
000000000100000000000000000000
000000101110000010000000000000
000000000101111000000000000000
000001110111110000000000000000
000100111111111100000000000000
000110111111111100000000000000
000011111111111101000000000000
000011111111111110100000000000
000011111111111100110000000000
000011111111111101001000000000
000001111111111110010000000000
000001011111101100100100101000
000000111111101000001010000000
000000101001111100001000100000
000000010001100111111110000000
000011001000111011001010110000
000000000001000011001100000000
000000010000001111111011000000
000010010011111101101000100000
000000000011101110101000001000
000000100000111101111010000000
000000001001001110101000100000
000000000000011111001001000100
000000000000011101000000100000
000000000011000000000101000000
000000000000101001100000000000
000000000000000000000000000000
000000000000000000000000000000
000001010000000000000000010000
000000000000000000100101000000
000010001000000000010010000000
000010010000000101001000100000
001000100000100001011000000000
000000000000001110101001010000
000000000010001000011100000000
000000000000100111010110000000
000101110000000011111110000000
000000001000001001001100000000
000000101010000101111000100000
000100110100000001111000000000
000000010110100001111000000000
001010101100110101100010000000
000011111001011100100000000000
000000010111101011000000001100
001001110110010100000110100000
010110011110110000100100111000
001010010110110110000000011001
000001111111111010000000100010
000001111001101000010101011000
000001010011111000001001001111
000000000010101001000111111101
001100011110000001000100100101
000000000001001001010001011101
001000100000000000000111011100
000110000000000000100110000101
000000000000000000001001111000
