22 139 13
0000001011111110110010
0000000111111011000000
0000010110111101101110
0000001001111111011110
0010011111110100111111
0000000001111111101111
0000000101101111111111
0000010001000011110111
0000000000100000100101
0000000000100011000111
0000000000101100001010
0000000000000101010011
0000000000000000001101
0000000000001010000111
0000000000000001010000
0000000000000001011001
0000000000000000001011
0000000000000000000110
0000000000000000101000
0000000000000110000000
0000000000000000001100
0000000000000000010100
0000001000000000000000
0011000000000000000000
0000101000000000000000
0001101000000000000000
0000010000000000000000
1000101001100100000000
0111000010100000000000
1100101000000101000000
0000010110000100001000
0011101101011110000000
0000010101110001000000
0000001101100000000100
0011001101001010000000
0001100101000110010000
0000000111011011001000
0000000000101001101100
0000000111010011111000
0010100011000100010101
0000000011101111111010
0000101010111101101011
0000001000101110001110
0001001001011111100101
