16 93 12
0100111111110000
0010001001010010
1010010110100000
0010001100100100
0011100000110000
0111111110100100
1111010100110000
0010110001010000
1010110100001010
1010000001000001
0000100000001001
0000000010001011
0000000000111110
0000000000111110
0000001110011110
0000000000111110
0000001100011000
0000111100000100
0111111111110000
1001111111111000
0100011111110000
0011111111101100
1011111111110000
0111111001111010
0010011101010000
1011011010100000
0100101011000000
1000000010000000
0000000010000000
0000000000000000
0000000000000000
0000000000000000
