17 72 10
01100000100111101
00010000110000101
00010110010000101
00100110000000010
00100101001101110
01000100011000001
10100100100000000
00100000010111001
00000110000001110
00100111000000100
00000100000001110
00000010010011001
00000001000001010
01000000000001000
00000000000000000
00000100000000010
00000000000000000
00000000001000101
00000000000000010
00000000000001001
00000000000101011
00000000000011111
00000011001101111
00000000101010111
00000000001001111
00000100010111111
00000000111111111
00000000000011111
00000000000101111
00000000000011011
00000000001010101
00000000000010000
00000000000001000
00000000000001000
