20 40 15
00000001000001000100
00000000001000100000
00000000010000000001
00010000001000110000
00000000000100000000
00000100000000001000
00000000001000000000
00000000011000000000
00100001000000000000
00010000000000000000
00000000100000000000
00010000010000001000
00100000100000000000
00100000001000000010
00000000000000000000
00000001000010000000
00010001000100000100
00000000010011000000
00000010000000000000
00000001000000000000
00000000010101100000
00000001001001110000
00000000001000110001
00100001100011110001
00001000000000111010
00000000001110001010
00000000000111100000
00000001000000011000
00000000000000000000
00000000000000000000
10000000000000000100
00000000000000000000
00000000000000000000
00000000000000000000
00000000000000000000
00000000000000000000
00000000000000000000
00000000000000000000
00000000000000000000
00000000000000000000
