23 155 6
10000001110001111100000
00001101010011011100110
00100000010111011111011
00000010010110001011100
00001011111111111001000
00001100111111001110100
00100000111111110110110
00000100111011111101011
00000011101100010100000
00001001111010110110000
00000010010111110101000
00000000101011111100001
00000000101110000000000
00000000001000000000001
00000000001011101010000
00000101000100000000000
00000000000001000000010
00000000000010000000000
00000000100000100000000
00000000100010000000101
00000000000000000101001
00000100000000000000000
00000000000000001000000
00000010101100100100000
00000010111011011010000
00000101101111110000000
01000011011110100000000
00000010101010100100000
01000101111100111110000
00000000001111000100110
01001011111111110011000
00111011111000101100100
00000010111111001100000
00101000110111011011001
00100110101101001010000
00001000111100001000110
00000000000010001101000
00011000101000101100100
00000100010110100000000
00000010001000000010010
00000000000000000001101
00000000010000000000110
00000000000000000010011
00000000000000000000011
00000000000000000000001
00000000000000000000010
