29 176 11
00001000000000000000000000000
00000010010110001000000000000
00101000000010000010000100000
00000001000000000100000000000
00000000000000010000000000000
01000000010010000000000000000
00000001010100100000000001000
00000110110011101110010000000
10000001001110110000101000000
00000011000011010001000000010
00000000001101100100000000000
00000011001111100010110000010
00000000001110101000110001100
00000100001010011100000010000
00000010111010101000111100000
00000000000010011001011000100
00000000010000001100111001110
00000000010011101010111110100
00000000010110001100011110111
00000000000000001001000011001
00000000000000000000110111000
00000000100000010100100100000
00000100000000001001010000100
00000000000100100001000000000
00000000000100000000000000000
00000000000000111010000000000
00000000000111100000000000000
00000000011100101100010000000
00000000001101011000000000000
00000000010000010000010111101
00000000001011010000000111011
00000000001011110000001111011
00000000001011000000010111111
00000000001101110000001111111
00000000001001101000000101111
00000000000000110000100110111
00000000001011011000000110111
00000000010000000000001011101
00000000001001000001000111110
00000000000010000000001011111
00000000000000000000011001101
00000000000000001010000001111
00000000000000100001000010111
00000000000000001100110001111
00000000000000000000010110111
00000000000001000011000111011
00000000000000000000000100101
00000000000000000010000000000
00000000000000000000000000000
00000000000000000000000000000
00100000000000000000100000000
01100010000000000000000000000
01001011000000000000000000000
00011000000000000000000000000
10011010000000000000000000000
11010110011000000000000000000
11111110000000000000000000000
01111110000000000000000000000
