19 44 10
0000000000000000011
0000000000100011100
0000000000000000011
0000000000000011101
0000000000000001001
0000000000000000000
0000000000001100001
0000000000000000000
0000000000001000000
0000100000001000000
0000000100000010000
0101000100100000000
0011000000011000000
1001000011100000000
0111000000000000000
0000000000001000000
0001000010000000000
0000000000000000100
0000001100000000000
0000000000000000000
0000011100000000000
1010100101000000000
0000001000100001000
0000001100001000000
0000100000000000000
0000000001000000000
0000000100100000000
0000000010001000000
0000000000000011000
0000000010000000000
0000100000010000000
0000010010011000000
0000000010001000110
0000000000100001010
0000000000000010000
0000000100100100000
0000000010100000000
0000000100000100000
