23 142 7
00000000010110110100000
00000000100111100011001
00000000001110010000001
00000010000001111110000
00000110010011011110001
01001101100111101010001
10100000111101111101010
01110001100010011111000
10000100001111101010000
00111000110011100100000
00000011011110001000000
00110000110011110000000
00100010001011100010000
00100000000000100100000
00010000000000011100000
01000000000000111100000
00100000000000011000000
00010000000000001111000
00000000000001111100000
00000000001000110100000
00000000000000000100000
00000000000000000000000
00000000000000000000000
00010111101101110000000
10000111111011110100000
10000011111110100100000
10101110000110010101000
00001100111011001001000
00000110101010101010000
00010011101111111000000
00000110110110110001000
00011111110011011100000
00100110001100010010000
01100011011101110000000
00001011000101111001000
00000011111111110100000
00001000110010010000000
00101001010100000000000
00000000000000100000000
00000000000000000000000
00100000000000000000000
00000101000000000000000
00000000000000000000000
00000000000000000000000
00000000000000000000000
00000000000000000000000
