18 49 14
000000010001000000
111000100110000000
000001010000010000
000010001010010000
000110100011100000
000000110001000100
000101010001000000
001100011011010000
000000010010101000
000101000010001000
100000000100010000
000000000000000000
000000000000000000
000000000000000000
000000000000000000
000000000100000000
000000000000000000
000000000000000100
001000000000000000
001001010100100010
000011010011110001
000001100100000000
000010000011000000
000000011011000000
000000110000000100
000001001100101000
010010000100011000
000000110100010000
000000001000000000
000000100000000000
000000000110100100
000000000000000000
000000000000000000
000000000000001000
000000000000000000
000000000000000000
