17 137 10
01010000000000000
01001110100000100
00011111100101001
00100001001011110
01101110111111110
00000101111111011
00010011110111111
00000101101111111
00000101011111111
00000001111101111
00010000100111110
00000111011110101
00010011111111110
00000000011111011
00000001101111011
00000001000100001
00000001001010110
00000000101000000
00010100011100000
01010111110100000
10110101111000000
11100011101000000
11111000111000000
11110001100000000
11111111101000000
11111111010001000
11111110110000000
11111110001000000
11111111100000000
11111111110000000
11111111110000000
11111111100000000
11111111100000000
11111111010000000
