27 186 8
100101110100000111000000000
111110011111110000001010100
110111101011000000110010000
111001110101000001000001111
001011001010100100000001100
111111000101100000100000111
011100110100010000000010111
111010111001000001000001011
011111101101000001010001000
111101110010000000000001010
111111001010000100000110111
111111110010000001100000110
110111110000100100000000011
100001001010111100000010000
111110010100000100000000000
110101100000000000000000000
100000100010000000000000000
000010010000000000000000000
000000110000000000000000000
000010010000000000000000000
000000000000000000000000000
000000000000000000000000000
000100000000000000000000000
000000000000000000000000000
000000000000000000000000000
000000000000000000000000000
000000000000000000000000000
000000000000000000000000000
000000000000000000000000000
000000000000000000000000000
000000010000000000000000000
000000000000000000000000000
000000001000000000000000000
000010000000000000000000000
000101010000010000000000000
000100011100100000000000000
000100011110100000000000000
000001011100000001000000000
000001110101000000000000000
000000001110010000000000000
011010100100100000000000000
000001011110100010100000000
000011000111100100000000000
000000000011101000001000010
000000000011000010011011110
000000000110000101111011010
000000000000001011111111100
000001001010000111111111000
000000000000011101111111111
000000001001000111111111111
000000001000111111111111110
000000000010010111111111111
000000000000111111111111111
000000000001011111111111111
