18 112 10
001001000010000000
000000001010000000
000110010000000000
010000110100100000
000001111000000100
000101010011000000
001011111010110000
100101111111001000
001110111110000000
010111111111110000
000100111111011000
011111111011000000
100011111000010000
001111010100000010
001111010001000100
000011100000000000
000010100000000100
110100000100000000
000000000000000000
000000000000000000
000000000000000000
000100100000000000
001111000000000000
010001000000000000
000111101000000000
111101000000000000
111110110100000000
111111110000001000
111111110000000000
111111110000000000
111111101110100000
111111110111000000
111111011100000000
111111110010000000
111111111011000000
111111111010000000
