22 124 6
0000000000000000000000
0000000000000000000000
0001000000000000000000
0010000000100000000000
0000000111100100000000
0000011111001010000000
0100111111011100000000
0001011101111100000000
0001011111111101000000
0101111111111100100000
0001111111110111000000
1001111111111100000000
0011111111111100000000
0000010111111100000000
0010011111101100000000
0001000100110010000000
0001010111100000000000
0000000000010000000000
0000000001000000000000
0000000000000000000000
0000000000000000000000
0000000000000000000000
0000000000000000000000
0000000000000000000000
0000000000000000000000
0000000000000000000000
0000000000000000000000
0000000000000000000000
0000000000000000000000
0000000000000000010010
0000000000000000000000
0000000000000101011001
0000000000010111111110
0000000000100011011011
0000000000010111111111
0000000000000101111111
0000000001001111111111
0000000000111111111111
0000000000111111111111
0000000001011111111111
0000000000011111111111
0000000000101111111101
0000000000101111111011
0000000000000011111000
