19 100 6
0000000000000000000
0000000000000000000
1000001000000000010
0000010000000000000
0000000000001000000
1100110110100000000
1101000101001000000
1011111101110000000
1010010110000000000
0010111101000000101
1010011011101100000
1000100010000000000
0111010110110000000
0001110100100010101
0010110000110100000
0000001101001111011
0000001100111001000
0100000110001001001
0100111000000000000
0001001100010000000
0011000000000000000
1010010101000000000
0011111111110000000
0110001001110000001
1010110001000010100
0001111100000000000
0110001001110001001
0000101101000110011
0010110001111110001
1001000000001011000
0100000000000010000
0000000000101110000
1110101000000000000
0111000000100001000
1111100000000100000
1100000000000000000
1100000000000000000
1011000000000000000
