16 28 12
0000000000100001
0000000100100100
0000000000000010
0000000000001001
0000000000001100
0100100000000010
1100000000001101
0000010000000000
0000100000000000
0001000100000000
0000000010000000
0001000000000100
0000010000000000
0000001000000000
0000000000000000
0000000001000000
0000000000000000
0000000000000000
0000000000100001
0000000100000010
0000000000010100
0000000000000011
0000000011000000
0000000000001101
0000000000000110
0000100000000010
0000000000001000
0000010001001001
0000001000010110
0000000000000000
0000000000010000
0000000000010000
