24 246 6
111111110100001111111111
111111110010001111111111
111111111111001111111111
111111111100100111111111
111111111101000111111111
111111111110100011111111
111111111110000011111111
111111111111000000111111
111111111111000000100111
111111111100000000000110
111111111110000000000000
111111111010000000000000
111111111000000000000000
111111111000000000000000
111111110100000000000000
111100110000000000000000
101100000000000000000000
100110000000000000000000
100000000000000000000000
000000000000000000000000
000000000000000000000000
000000000000000000000000
000000000000000000000000
000000000000000000000000
000000000000000000000000
000000000000000000000000
000000000000000000000000
100000000000000000000000
000010100000000000000000
100011111000000000000000
111100110100000000000000
111101110111000000000000
111111110000000000000000
111111111101000000000000
111111111110100000000000
111111111101110000000000
111111111111011000000000
111111111111110110000000
111111111111010000000000
111111111111111000000000
111111111111110000000000
111111111111100000000000
111111111111110110000000
111111111111111100000000
111111111111111000000000
111111111111111000000000
111111111111100100000000
111111111111111000000000
