17 39 9
10000000000000100
00000101000000000
00000000000000000
00001000001010000
00000101001000100
01100000001001110
11000000000011100
00001000100000000
01100000011000000
10101010000001000
00100000000000000
01010100000000000
00011000000000000
00000000000000000
00000000000000000
00000000000000000
00000000000000000
00000000000000000
00000001000100001
00000000000000000
00000000000000000
00000000000000100
00000000000101000
00000000001001000
00000000000000000
00000000000000000
01010000000000000
00100000000000000
01100110010000000
01000001000000000
01111001000000100
01001110100001000
01100010000000000
00011001000001011
