28 176 14
0000000000000000000000000000
0000000000000000000000000000
0000000000000000000000000000
0000000000000000000100000000
0000000000000000000000000000
0000000000000000000010000000
0000000000000000000000000000
0000000000000000010001010000
0000000000000001001001010000
0000000000000000001010001000
0000000000000000010110001000
0010001000000000001011010000
1111001000000000001101011100
1011111001000000010001010000
1111111000110000000000100000
1111111111000000000000100000
1111111111100000000000000000
1111111111100000000000000000
1111111111110000000000000000
1111111111100000000000000000
1111111110100000000000000000
1111111111100000000000000000
1111111111100000000000000000
1111111111100000000000000000
1111111110000000000000000000
1111111000000000000000000000
0110110100000000000000000000
0001100100000000000000000000
1000000000000000000000001001
0010000000000000000001100110
0000101000000000010000010010
1001001000000000000100000000
1100010010000000000000001001
1000000000100000100010100001
0010010101000000011010101100
0100001000000010001011101000
0110101000000000000100000000
1110101000000111110101011000
1111110100000000000010100100
1110110000000010000110111110
1111010000000010000000011111
0000000000001110101001000010
0000000000000101010110010100
0000100000001101010000100000
0000000000000110101000001100
0000000000000001011010000000
0000000000101010000011000000
0000000000001011000000001100
0000000000000111010111100000
0000000000000001100000100000
0000000000001111000101001000
0000000000010001101000000001
0000000000001101010000000000
0000000001100100000000000010
0000000000000001001000000001
0000000000010100000000000000
