20 67 11
11111111111100000000
11111111111100000000
11111111111001000000
10111111111000000000
01111111110000000000
00111111101000000000
00000111000000000000
00000010000000000000
00000000000000000000
00000000000000000000
00000000000000000000
00000000000000000000
00000000000000000000
00000000000000000000
00000000000000000000
00000000000000000000
00000000000000000000
00000000000000000000
00000000000000000000
00000000000000000000
00000000000000001101
00010001000000000000
00000000000010100000
10001000000011100100
00000011011110001000
00000001011010010000
00100101100000000000
00000010001001000000
00000100000010000001
00001000110001000000
00000010100000000000
00010001000000000000
00001100010000000000
10110001000000000000
10000110100000000000
00111000010000000000
10000000000000000000
10001000000000000000
10111000000000000000
00011000000000000000
