30 233 15
000000100000010011011111100000
110000000000010001101111110000
000000010000000001111111101001
011100100000000011111111111000
111010010000000010101110110110
011110110000000000000111110000
101101110000000000001000110000
111111111010000000001010000000
111111111110010000101000000000
111111111101000000000000000000
111111111110001000000000000000
111111111111000000000000000000
111111111111000000000000000000
111111111111000000000000000000
111111111111000000000000000000
111111111111100000000000000000
111111111111000000000000000000
111111111110000000000000000000
101111111100000000000000000000
110111001100000000000000000000
000010000000000000000000000000
000000100000000000000000000000
010000000000000000000000000000
000000000000000000000000000000
000000000000000000000000000000
000000000000000000000000000000
000000000000000000000000000000
000000000000000000000000000000
000000000000000000000000000000
000000000000000000000000000000
000000000000000000000000000000
000000000000000000000000000000
000000000000000000000000000000
000000000000000000000000000000
000000000000000000000000000000
000010000000000000000000000000
000000001000000000000000000000
000000000000000000000000000000
100000000001001000000000000100
100001000000101000000000000000
100011001011010110000000100010
001001111100010011010000010010
000100011001010100101000000100
000111011111111000001000000101
101101101111110101100101011000
011101001011110110101100010100
001101110111111110100000100000
111011010100101010010100110100
001111111111111110010100000001
111011110100010101100100010001
001111111011100000100000111000
101100110101110010010001000000
010010000101000000010000000011
101000001000111010000000000000
100100001001011110000000000000
100000001001101011010000000000
010000000101100001010000100000
000000100010001001000100000000
001000001001010100100000000000
000100000011110000001000000000
