24 224 7
000000000000000000000000
000000000001000000000000
001001000000000100000000
000000110000000000000000
000100000000000100000000
001011010100001000000000
101000111000101100000000
011011011001100000000000
000111011011111010000100
110100101111110000010000
111001100101111100000000
111111111111111110000000
111111011111101100000000
111111111111011100000000
111110111111110110110000
111010011111101100000000
101111101100011111001000
111111110010011101100000
101111011111101111010000
011110101000111110000000
101010100000001101010000
000000000011111110000000
001100001000111110100000
000100000100101101000000
000000000000111111110100
000000000000100111111100
000000000000100111111110
000000000000101111101110
000000000000111111111110
000000000000000111111101
000000000000000011010010
000000000000010000111100
000000000000000010110000
000000000000010000010001
000000000000001000100000
000000000010011100000000
000000000000000000010000
000110010001110010111000
001010111011010010110000
000000111011111010100000
000010111101111111101100
000001111111110011101100
000001011111111111011000
000001111111111101111111
000011110111111111110010
000000011111111111100011
000000001111111111110101
000010000001111111011011
