23 69 8
00000000000000000000000
00000000000000000000000
00000000000000000000000
00000000000000000000000
00000000000000000000000
00000000000000000000000
00000000000000000000000
00000000000001100000000
00000000000000100000000
00000000000100000000000
00000010000010100000000
00000000100010000000000
00000001000000001000011
00000010100010000000000
00000000011000110010100
00010100011000110000000
00000001101001101000010
00000001010110000000010
00000000000101000010000
00000011001110010000000
00000001011011101000000
00000110001000000000010
00011110000001011100001
00000000000000000000010
00000000000000000001100
00000000000000000010101
00000000000000000000000
00000000000101100001100
00000000000000100101100
01000000000000001110000
00000010010100000010000
00000000000000000000011
00000000000010000000001
00000000000000100000000
00100000000000010001000
00000000000100000110100
00100011000000000111110
00000000000001000000100
00000000000000000000000
00000000000001000000100
00010000000000000000000
00010000000000000001000
00000100000000011000000
00001100100000000100101
00011000000000000100100
00101001000000011001000
