19 108 7
0001111111111111110
0011111111111111001
0010111111111111110
0100111111111111100
0110111111111111100
0001011111111111010
0000010111111011100
0000001101101010000
0000000000011100000
0000000010100000000
0000000000000000000
0000000000000000000
0000000000000000000
0000000000000000000
0000000000000000000
0000000000000000000
0000000000000000000
0000000000000000000
0000000000000000000
0000000000000000000
0000000000000000000
0000000000000000000
0000000000000000000
0000010000000000000
0000000000001000000
0001000000001000000
0000000000010000000
0000010010010001000
0101000100100101000
0000111101100100000
0011100110011000000
1111100111100100000
1101110101101110000
0111011111110110000
1111011111011000100
1001011011111100100
1110111111111010100
1001111110100010000
