21 98 6
001000000000000010000
000000000000000100100
001100000000001000110
100100000000000100001
110000000100001110110
010000000000111101010
000000000000001001011
000001000000110100000
100100100000001101100
000100000001110110110
110000000000100100100
001010000010010001100
111100000000000101000
100001000100000010001
000010010000000010100
000000000010001001000
000000010000001110100
000000000001010011011
000000000010001001001
100000000000000000100
000000000000000000010
000000000000000000000
000000000000000000000
000000000000000000000
000000000000000000000
000110000100000100000
000000000000100000000
000000000001000000100
000001000101000000000
000000101001100000000
000000111111111000000
000100010010101010000
010010010101001000110
000100100111000100000
011001011011110000000
000010101111110010100
010010001111110000000
001011110111001001000
001101110100101000000
001000000111000000000
000000100110000000100
000000000100010000000
