17 91 10
01111111010100000
01111111100000000
11101111101000000
01111111100000000
01111111100000100
00011101001000000
00010000000000000
00101111000000000
00000000000100000
00000000010000000
00000100100100000
00011000000100000
00001001011110101
00000000110000000
00010101011101010
01100000101110100
00000001010100100
00000000000000000
00000000000000000
00000000000000000
00000000000000000
00000000000010000
00000000000000000
00100011010000010
00101000000000100
10000011100000001
11011001100000100
01000011001110000
01110110111101000
00111110011110000
11011111110001000
11110110111011100
11111111111110010
10101111101100000
