18 122 5
000000000001010111
000000001011011011
000000010101011011
010000000011111101
000000000011111111
000000001011111111
000000000101110111
000000000101111111
000000000000111010
000000000010100110
000000001000110111
000001100100001111
001000010100011101
000100010101001000
001011011100010010
000110111000000000
010011101010010010
011111110100000100
001110110000010010
111101100100000000
011111001010100101
100101110100000001
111100111110111011
111101100101110111
111010111010011001
001111000000110111
000111000010000011
000010000000001011
000111000000010010
000000010010001111
100011101100001011
000000100001111010
000000001011100100
000000000000000000
000000000000010000
000001000000000100
