23 226 12
01000000000000010000000
00000000000000010111000
00000000000000010101101
00000001000000011111100
01001011000000101111010
01010010000110010111101
10010000000000010110011
11111101000001111110011
11011101010000101111101
10101110000100010111100
11110101100011001111111
11001100100000001011011
11111111100010010111111
11111000111000011111111
11111111000000111111111
11011111000001000111111
11011010100000000101110
11111100001000000010111
11111100100100000000111
11111000000000010000000
10111101000000000001000
01101000000000000000000
00010010000000000000000
00000000000000000000000
00000000000000000000000
00000000000000000000000
00000000000000000000000
00000000000000000000000
00000000000000000000000
00000000000000000000000
00000000000001011110000
00000000000001101100100
00000000001101111011000
00000001010111111111000
00000001111111011111101
00000001011111111111111
00000111111111111111111
00000001111111111111111
00000001111111111111110
00000011111111111111111
00000110111111111111111
00000111111111111111111
00000001111111111111111
00001101111111111111111
00000011111111111111111
00000001111111111111111
