20 149 6
00100000010100000000
00000011000000000000
01100010010100000000
00100001000010000000
00100100011110001000
00001110100100000000
00110000101000010000
10101011011111100000
01100101111101010000
10010110111010100000
01011111110110010000
01000111111001111000
00101111101101001000
00110011101110111010
00000100110111000000
01000000001110010000
11010110100100111101
01111011101110000010
11110100100010010000
00100100000000010000
00000000000000000000
00000000000000000000
00000000000000000000
00000000000000000000
00000000000000000000
00000000000000000000
00000000000000000000
00000000000100000000
00000000001000000000
00000000000011110100
00000001101110000100
00001011111111110000
00100011111111111100
00011111111111111111
00000111111111111110
00001111111111111100
00110111111111111110
00011111111111111111
01111111111111111110
00101111111111111101
