16 96 9
0000010000000111
0100011101011101
0000001101010111
0000010101101111
0000101010110101
0100011101011001
0001000101111011
0100001111110111
1000010110111000
0000001111110100
0000110111101010
0000000000010010
0000001000100101
0000001011010000
0001000000000000
0000010000000001
0000000000000000
0000000000000000
0000000000000000
1000000000000000
0000000000000000
0000000000000000
0011000010001100
0000100111110000
0000000111101000
0011001111011111
1010100011111100
0000011111111101
1000111111111011
0011111111111111
0001001111111110
0110111101111111
