19 123 15
0000000001000000000
0000010000000000000
0000001000000000000
0000001100001100000
0000100100100000000
0110001010100000000
1000101010101010100
1010111001001010100
1101011011000100100
0011110111001010000
0111111111010000000
0111110101100100100
0110101111110100010
0100111111100001000
0100111111110101010
1100101110100001000
0001111010110000100
0000110000001000000
0010000000001000000
0000000000000000010
0000000000000010000
0000000000000000000
0000000000000100101
0000000000000010011
0000000000000100111
0000000000001111111
0000000000101111111
0000000001011111111
0000000010111111111
0000000001111111111
0000000001111111111
0000000001011111111
0000000001111111111
0000000001111111111
0000000000011111111
0000000000011011111
0000000000001111111
0000000000010111101
