24 188 9
000000000000000000000000
000000000000000000000000
000000000000000000000000
000000000000000000000000
000000000000010010000000
000000000000101000000000
000000000010100100000000
000000000010111100000000
000000000111111101000000
000000001011111110000010
000000011011111110000000
000000001011111100000000
000000111011100010010000
000000010010001010001000
000000000001101100001110
000001011011010110011111
000000000101010111001111
000010010010011011111011
000000001111111111111111
001011111111111110011001
001000011111111111011111
000000111101110111001001
001000111110111110101111
000010101111111000100000
000000000000011011110010
000000000000001011101000
000000000000100111011110
000000000000101111111110
000000000110011111111100
000000000100111111111101
000000000001111111011101
000000000101011101110101
000000000000001110111111
000000000000011011111111
000000000010001100011010
000000001000000000010110
000000000000110111001110
100100000101000000000100
000000001000000100000100
000000001001110110110000
001100100010111000010011
000111110000000100101000
110000001100101001100000
010010110000010100000000
110111000010110000000000
100111001001000000000000
001011110000000100000000
011001111010100010000000
