24 211 14
000000010010000000000000
001011111110000000000000
010111111101100000000000
101101111010000000000000
010111111111111000000000
000111111110111001000100
011011111111101001001001
011111111111100011011100
001111111111111000101010
000111111111100011101011
001011111011010100110111
000000111100001001111111
000000001000100011011001
000000000011000011101101
000000000010011000111111
000000000000000011011011
000000000000000000111111
000000000000000010111110
000000000000000010011100
000000000000001100111111
000000000000001010001011
000000000000000001001010
000000000000000000010101
000000000000000000100000
000000001111111111110000
001000011111101111101100
000011011111111101110100
010101111111111011110000
000010111111111011010000
000010111100001110001000
000111011011101100100010
000101110100011000011000
000000010110101100000000
000011011000000000000000
000000001000000000000000
010000101100000000000000
000011111000010000000000
100000010001100000000000
000011010101010101000000
000011001010100000000000
010011101011010000000000
111101111101001101000000
010000111010101000000000
101000110011110010000000
001100101111100000000000
000111101101101010000000
000110101111101100000000
000101111010101000000000
