29 342 14
01111111111111111111111111111
11111111111111111111111111111
11111111111111111111111111111
01111111111111111111111111111
11111111111111111111111111111
01111111111111111111111111111
11111111111111111111111111111
01111111111111111111111111111
01111111111111111111111111111
00111111111111111111111111010
00011111111111111111111111000
00001111111111111110011100000
00000011111111010011000000100
00000001001100110000000000000
00000000001011000000000000000
00000000000000000000000000000
00000000000000000000000000000
00000000000000000000000000000
00000000000000000000000000000
00000000000000000000000000000
00000000000000000000000000000
00000000000000000000000000000
00000000000000000000000000000
00000000000000000000000000000
00000000000000000000000000000
00000000000000000000000000000
00000000000000000000000000000
00000000000000000000000000000
00000000000000000000000000000
00000000110000000001000000000
00000000000000001100000000000
00000000001000001000000000000
00000100000010010001100000000
00000001001010001000000100000
00000000001000011000110000000
00000000001110110100000000000
00000000000011111100100000000
00000001101101110100000000000
00001011011101111001010000000
00000110111011110011101000000
00001111111110111101100000000
01001111111111111110110000000
00000111111111111100101000000
00001111111111111111100000000
01101111111111111110100000010
00010111111110111111011100000
00011111111111111010001100010
00001111111110101101111111101
00011111101111101111011011110
00010011111001111111110011001
00000000010000001111111100010
00000000110011011111111111110
00000000010000011011111111101
00000000000000111011111111110
00000000000000100011111111111
00000000000000011101111111000
00000000001000000011111111000
00000000000010010110111110100
