16 79 6
0001100101000000
0000000010100000
0001110110000000
1000000010000000
1000000110010010
0111101101010000
0001000100010001
1001001100000110
0110110110001000
0100100011000100
1000111111111000
1000000101011000
0000001101000000
0000010111100000
1001001000011100
0000001010000000
0000000000100000
0000000001000100
0000000010010100
1000000000101001
0001000000011110
0001001000001000
0000011010000101
0000000010010011
0001000110001101
0000101000101011
0010001000111111
0000110110111011
0000111101100001
0010000101110010
0000000111111010
0001000100000010
