18 37 10
000000001000000000
000000101000000001
000000000010010000
000000001000000000
001000001001000000
000100001010000000
001010100000000000
000010010001000000
000011000000100000
000001101000000000
010100000000000000
000011100000000000
000000001000000000
000000000010000000
000000100100001000
000001100000000000
000000000000000000
000000000000000000
000000000000000000
000000000000000000
000000000000000000
001000000000000000
000000000000000000
000001000000000000
000000000000000100
000000000010100010
000000000000000000
000000100001000000
000001000010100000
000000100000100001
000100000110111010
000000100001010000
000000010000010010
000000000001110001
010000010000001101
000000000000000100
