21 126 11
000000001111100000000
000000011111111111000
000000000110001110000
000001000001110110000
000000010110110000000
000001010100110110000
000001010101001110010
000011001111111101000
000000000010011111100
000100011110100010000
000000101000001100000
000000000100100101000
000100000111000001000
000000000110010100000
000000000010010010000
101011100001010001000
011110101101000000000
100000100100000000010
110110000000000000000
011100010000000000010
101100101000000000000
000000000000000000000
000000000000000000000
000000010000000000000
000000110010000000000
000000000011000000000
000000010000100000000
000000010101110001000
000000100001100000000
000000110000110000001
100010111000001101010
000001100111010101111
100110100001111010110
000000000110111111010
010100101000110101110
001000001100001100000
100011011100100110000
000101010010001001101
001000011100111101001
100001110010101001010
010100011010000000010
000000011110010100010
