29 381 12
00000000000000000100000000000
00000000000110000000000000000
00000000010101100000000000000
00000100000000000001000000000
00000000000101111011000100000
00000001100100110001000010000
01011101111110000100000001000
00100111001111111111000100000
01001110111111111101110000000
00001010111111011011011000000
10011011111111111011001000100
01011101111111111111011001000
10111111111111111110111100010
11101111111111111111101000000
11111111111111111111100111000
11111111111111111101111010000
11111111111111111111110100000
01111111111111111111101011100
10101110111111111011011101000
00111011111111111101001000000
00110101111111111110001000000
00001111111111111111000000000
01010111001011101111001000000
00111100111111011101000000000
01000000011011111100000000000
00000000000001110011100000000
00000000001101011110001000000
00000000000100000101000000000
00000000000000000000000000000
00000000101111111000100000000
00000001111111111111000000000
00000011111011111111000100000
00010000111111111111010000010
00000100111111111111110010000
00000111111111111111100100000
00000111111111111011100000000
00000011111111111110101000000
00000011111111111111010000000
00000001011111101101010000000
00000000111011111001100100000
00000001000111111010000000000
00000000001011111100000000000
00010000100110001100000000000
00000000010100011010000000000
00000000000000000000000000000
00100000000000000000000000000
01000000100000000111001000000
01001000000000010011000000000
10000000000010001111000000000
01011011000001111111111000000
11111111001011101111111000000
11111111111011101111101000000
11111111100110111111111100000
11111111111001111111110100000
11111111111111111111110110000
11111111011111111111111110000
11111111101110111111111010000
11111111010111111111100100000
