19 72 5
0000000000000000000
0000000000000000000
0000000000000000000
0000100000000000000
0000000000100000000
0001000111001010100
0000000001000010010
0000000000100000000
0000001100100000000
0100000000010000000
0001010011010000101
0010010101000110100
0010001010011110100
1011100100000000010
0001000100000100110
0011111010000001100
0010111000010001010
0000000000000000110
0000000000000110101
0000000000000000000
0000000000000000000
0000000000000000000
0000000000000000000
0000000000000000000
0000000000000000000
0000000000000000000
1111100000000000000
0000000000000000000
1010000100000000000
1111101010000000000
1110001000000000000
1111111100000000000
1111101000000000000
1111101100000000000
1111111100000000000
1111111000000000000
1111111101000000000
1111111100000000000
