20 132 5
00000000000100010100
00000000000000011110
00000000010000111000
00100001001001011110
00000000000010011101
00000000001110000110
00000010000111001010
00000000010011100011
00000000011101000010
00010000100000100110
00000000001011111100
00000100010011011110
00001010111001011011
00000010111110100101
00100001110001100000
00001011000111110101
00000000000110111110
01000111011111100100
00000010011100100110
00000000000101110110
11111111100111110000
11111111011110000000
11111111100011010000
10111011111111101000
11110110011111111000
11011111110111010000
10111111111111100000
10011011111110000000
01010011111110110000
00000101010100110000
00010010000010000000
00001100000000000000
00000010000000000000
00000000000000000010
00000000000100010000
00000000000000000000
00000000000000010000
00000000000000000010
00000000000000000000
00000000000100000000
