18 105 15
000000000000000000
000000110101000000
000101100101000000
001100001110100001
001001101111110000
000001110110000100
000100111110010111
001110011111111011
000110001111110100
001001000001101111
000000111001010000
000001011011100001
000010000001101000
000011110010010010
000000100001000110
001000001100000000
000100010100100000
000000000000000000
000000000000000000
000000101100000000
000000000000010010
000000001100000000
010000000111001000
000100101011110000
000000111111111010
000111111111111000
010011110101111000
000101111111010110
000011111111111100
000001111011111110
000000001011110100
000001000001000100
000000001010001000
000010011101000010
000000000011000000
000000000000000000
