23 161 10
11111111000000000000000
11111111001000000000000
11111111100000000000000
11111111110000000000000
11111111110000000000000
11111111110000000000000
11111111110000000000000
11111111110000000000000
11111111111000000000000
11111111111000000000000
11111111111000000000000
11111111100000000000000
11111111100000000000000
11111111110000000000000
11111111100000000000000
11111110000000000000000
11111001000000000000000
00010100000000000000000
00000000000000000000000
00000000000000000000000
00000000000000000000000
00000000000000000000000
00000000000000000000000
00000000000000000000000
00000000000000000000000
00010100000000000001000
00110011000010000000000
10000000000000000001000
01010000000000000101000
10001000000000001000000
11001000010000010000000
00111001000000110110000
00000100000000001000000
10000000000110000000000
10110000000100000100100
01101101100111011000001
00000111110111010100000
00100100001111010001110
00010000110011011001000
01000000111111111111101
00100000111111111110100
00000001010110111101000
00000010011111101111001
00001010111101111111001
00000010110011111111001
00000000001000010010101
