17 97 15
11111111101000000
11111111100000000
11111111100010000
11111111101000000
11111111100000000
11111110100101000
11111111000000000
11111111000001000
11111100000000000
11101100010000000
00100010000000000
01100000000000000
10100000000000000
01000000000000000
10101000000000000
00000000000000000
00000000000000000
10110100010000000
00000000000000000
00011000000000000
01000000000000000
00000000001000100
00001000000000011
10001000011111000
00000000000111111
00001000001111111
00000000101111110
00100100001111111
10101000000111100
11110101001000000
01111001000001001
11111010001101100
11111111010101010
10011010000000000
