22 235 15
0000000000100000000000
0000000000000000000000
0100000000000000001000
0000000000010000000000
0010010000001000000000
0000010010010000001000
1100000111011100100010
0000010111010010011000
1010111111111111101000
0001111101011111110000
0101110011111111100110
1110011111111111001000
1111111111111011111010
1111111111011001111010
1101111111111111010000
1111111101111011110000
1101111101110110110000
1011111111111100011100
1101110111111010000000
1111111111100110000000
1111111101110000000000
1111111111011000100000
1111111111111111000000
1111111111111111100000
1111111111111111000000
1111111111111111000000
1111111111111111000000
1111111111111111000000
1111111111111111001000
1111111111111111100000
1111111111111110000000
1111111111111101000000
1111111111111100000000
1111111111111100000000
1111111111111000000000
1111111111010110000000
1110110101000000000000
0111001001000000000000
0010001000001000000000
0001010010000000000000
0000010000000000000000
0000001000000000000000
0000000000000000000000
0000000000000000000000
