22 168 5
0000001000011011011111
0000000001111011111111
0001001000011011111111
0100001110101111111111
0000100101011111111111
1101111111100111011111
0010111111110011011110
0111111111100111111101
0111111111100101010011
0011110111000111010110
0011011101000000001000
0011101010100001010001
0010011100001100000000
0000000100000001000000
0000000000010000000000
0000001000000000000000
0000000000000000000000
0000000000000000000000
0000000000000000000000
0000000000000000000000
0000000000000000000000
0000000000000000000000
0000000000000000000000
0000000000000000000000
0000000000000000000000
0000000000000000000000
0000000000000000000000
0000000000000000000000
0000000000000000000000
0000000001000000000000
0000000000000000000000
0000101000000000000000
0001110001000000000000
0000110110110000000000
1111111111100000000000
1111111111101010010000
1111111111111000000000
1111111111111111100000
1111111111111111000000
1111111111111111010000
1111111111111110100000
1111111111111111100000
1111111111111111100000
1111111111111110110000
