20 59 11
00000000000000000000
00000000000000000000
00000000000000000000
00000001001100000000
00000000100000000000
01000010001000000000
00010001001111000000
01010000101110000000
00010111110000000000
01101000001001000000
10001111110100000010
00001001101000000000
00011000101000000000
01100100000001000000
00100111001000000000
00000000000010000000
00000000000000000000
00000000000000000000
00001000000000000000
00000000000010000000
00001000110110011101
00000000110011001101
00000100111111110000
00000010111111100000
00000000111101100000
00000010101111000000
00000000011101101000
00000000000010110000
00000000000010100000
00000000001000000000
00000010000000000000
00000000000000000000
00000000000000000000
00000010000000000000
00000000000000000000
00000000000000000000
00000000000000000000
00000000000000000000
00000000000000000000
00000000000000000000
