28 302 15
1111111111111111111110110001
1111111111111111111111000100
1111111111111111111111000000
1111111111111111111110000000
1111111111111111111101000000
1111111111111111111110010000
1111111111111111111111110000
1111111111111111111100000000
1111111111111111111110000100
1111111111111111111101000000
0111111111111110111110000000
1111111110111110111100000000
1110111111011111100011100000
0011110111110001000000000000
1001101000011110000000000000
0011000000100100000000000000
0000000000000010000000000000
0100000000000000000000000000
0000000110000010000000000000
0000000000000000000000000000
0000000000000000000000000000
0000000000000000000000000000
0000000000000000000000000000
0000000000000000000000000000
0000000000000000000000000000
0000000000000000000000000000
0000000000000000000000000000
0000000000000000000000000000
0000000000000000000000000000
0000000000000000000000000000
0000000000000000000000000000
0000000000000000000000000000
0000000000000000000000000000
0000000000000000000000000000
0000000000000000000000000000
0000000000000000000000000000
0000000000000000000000000000
0000000000000000000000000000
0000000000000000000000000000
0000000000000000000000000000
0000000000000000000000111000
0000000000000000000010110110
0000000000000000001111111111
0000000000000000001111111111
0000010000000000101111111111
0011111000010001111111111111
1111111111100000011111111111
1111111111110000111111111111
1111111111110110111111111111
1111111111111010111111111111
1111111111111100011111111111
1111111111111101111111111111
1111111111111110011111111111
1111111111111110000111111111
1111111111111100001111111111
1111111111111100001010011100
