20 153 15
00000010000000000000
00011001100001000000
00000111010000001000
00010100100011000000
00010111011100000000
10100111011100100000
00110111111111100000
11101110111110000000
00110111111110000000
01000101010000000000
00010011111011000110
00011101000100011001
00010001100100101000
00000000000000111101
00001110001101111110
00000100000111011111
00000001001111111111
00000000000010111111
00000000001001111111
00000000000111111111
00000000101100000000
00000111011101110000
00000011111100000000
00001101111110000000
00000001101011000000
00000101100000000000
00001010010011000000
00010011011000000000
11010100000100000000
10010011100001000000
01101010001100000000
01011111000101100000
11111011111110000000
11111111101110000000
11111011111010000000
11111111110001000000
11011111011001000000
10111111001010000000
11111111111010000000
01010101110000000000
