16 38 11
0000000000000000
0000000000010000
0000000000000000
0000000000000000
0000001000000000
0000001000100001
0011010000010000
0000001110010010
0000001001000001
0000011100101110
0000111001000101
0010000001010001
0000000000000010
0000001000100000
0000000000000000
0000000100000000
0000000000000110
0000000000000100
0000010011000001
0000000001100101
0000010000100101
0000001010110101
0000000000011010
0000000001001101
0000000011001011
0000000100111000
0000000000000000
0000000000000000
0000000000000000
0000000000000000
0000000000000000
0000000000000001
