22 111 15
1001110101101000000000
0011101010100110001000
0111011110111111000001
0011100110101000000000
0000100100000011001000
0101101100000100000000
1000110000000001000000
0110101000100000010000
0001010100001000100000
0100010000000000000000
0010100001000001100000
0000000000100000010100
0000000100010011000000
0000000000000101110000
0100000000001000000100
0000000010100011001000
0000000010000001010100
0000000010000111111000
0001000001000101100000
0000000000000001001000
0000000000000000001000
0000010000000010000000
0000000000000000000000
0000000000000000000000
0000000000000000000000
0000000000000000000000
0000000000000000000000
0000000000000000000000
0000000000000000000000
0000000000000000000000
0000000000000010000000
0000000000100111100010
0000000000001111111000
0000000000001111111010
0000000000010111111110
0000000000111111111100
0000000000101111111111
0000000000111111111111
0000000000011111111111
0000000000011111111111
0000000000111111111100
0000000000100011111100
0000000000001101111010
0000000000000000000001
