17 56 14
00000000000000000
01000000000000001
01010001000001010
00101110100100100
00010000001110110
00000000000100110
00001110010011000
11001000100100010
00001000011010000
00001101010000000
00000000000000001
10010001000111000
00000010010000000
00000000001100000
00000001100000000
00000000000000000
00000000000000000
00000000001000000
00000000000000000
00000000000000001
00000000000010100
00000110010100110
00000000000001000
00010100000001000
00000001100111001
00000001000001100
00000000100010001
00110000010001110
10001000111110010
00000001010011101
00000000001010100
00000100100000100
00000000000010000
00000001001000001
