24 239 13
000111011001000111100000
101100111000100011000000
010101111111100000000000
101111101111111100100100
101011111111111100010100
011111111111111100100000
010110111111101000001000
011011110111111110100000
111111111111011110000000
100011111011111000100000
101111111111111110000000
111111111111110101100000
010111111101111110010000
100100111111110000100000
110110101100101000010000
011010110101011100000000
000000100111100000000000
001001011010010100000000
000001011000000100010000
000001000111000000000000
000000001110000000000000
001010000000100000000000
000000000000100000000000
000000000000000000000000
000000000000000000000000
000000000000000010000000
000000000000000000000000
000000000001101110110010
000000000001101110010000
000000100111111111101000
000001000111011110111100
000000001111111111111000
000000100011111111111010
000001000111111111111100
000000111111111111111100
000000011111111111111100
000000011111111111111100
000000011111111111111011
000000111001111110101111
000000100001110111111101
000000011110111011111111
000000000010111110111111
000000000100010001101111
000000000001101001111111
000000000000000000101111
000000000000000011111111
000000000000000001111111
000000000000000001111111
