21 87 15
000000000000000100000
000000000000100000000
000000000001010000100
000000000010100000000
010100000000110100000
110000100011000000000
010101001010000000010
001011000010001110000
010010001001001100010
001000010000100101011
110001000000110111110
000110000001001011000
000100001001001100101
000000000000010100000
000000100001010100010
000001000000101000100
000000100000010000010
000000000000000000011
000000000000000010000
000000000000000001000
000000000000001000100
000000000000001001000
000000000001001100000
000000000000000011111
000000000000100100111
000000000001000100100
000000000001010101111
000000101000001111110
000000001000100101111
000000000000000111011
000000000101011101111
000000000000111011011
000000000000100111111
000000000010011001100
000000000000000101101
000000100010011100011
000000000000010100000
000000000000000000000
000000000000000000000
000000000000000000000
000000000000000010000
000000000000000000000
