18 104 7
110001000001101101
000000001110101000
000100000100111101
011000010110111100
001011000010010011
110000011001000100
010111110000011010
010010001001000111
100000001001101111
011000000011101110
011000000000111100
000000100000110110
001000100100010000
100001010100100001
101001000000001000
100000000100000000
000100000000010000
000000000010000000
000000000001101001
000000000000101010
000000000001000000
000000000000010011
000000000000001110
000000000000011101
000000000010011010
000000000000111111
000000100000011010
000000000010101011
000000000010010110
000001000110100011
000011111001000011
010010100000011000
001000110101110000
111111111111111110
000110111110101110
000111111110001000
