21 109 15
000000010001001000100
000000000010111000001
000000010010101000000
000000000011000001010
110000001100000001001
000000000001000010101
000100000100011000010
001100001110001001000
011001001001000100000
100011001101010101000
000010010001001000100
101100001101011010000
000000010011010100000
001001100111110000100
000001100001010010100
010000010001101000000
010010010001011000000
000000010010000110001
000001010001000000000
000000000001000000000
000000000010000000000
000000000001100010001
000000000000100101010
000000000001001000011
000000000000000001001
000000000000100011110
000000010000000011000
110000000010000011110
010100000010100000010
000100100000000011111
001100001000000100100
100100000000001100011
010000000001011010010
100001100000011001010
001000110010001100001
001100100100111100000
010001000000101110001
011000000000010001010
100000000100110000100
000000000000000111110
000000000000000010010
000000000011000111000
