26 157 7
00000000001010010000100000
00000000010011101100100000
00000000100111111100000001
00000100111111111110110100
00000110111111101110000000
00000000001111111001100000
00000001000100111111110000
00001001111011111100100000
00000010011111111011010100
00000001011101001001000100
00000000000111010001000010
00000000000010010001011111
00000000000100001000100111
00000000000000000000011111
00000000000000000000111100
00000000000000000111011111
00000000000000000111111111
00000000000000000000011111
00000000000000000000000101
00000000000000000000001110
00000000000000000000000010
00000000000000000000000100
00000000000000000000000000
00000000000000000000000000
00000000000000000000000000
00000000000000000000000000
00000000000000000000000000
00000000000000000000000000
00000000000010001000100000
00000000000000000000010010
11000000000000000000001000
11000000000000000010000000
00010000000001010000010010
00000100000000100000100000
10000000000000000000001110
01100000000000000000000101
10010000000000001000010001
00100001000000010000110101
01111100000000101000000010
11011100000000000111001010
11000100000000011001100111
01110000000000001100001101
10011000000010000100011111
00000100000000000000100011
01110000000000001011011011
00001000000100000000011110
00000000000000011000010101
00100001101000011100011000
00000000010010010101010110
00001001010010010011111111
00001000001001110100111010
00001000000001001001011010
