25 242 13
0000000000000000000000000
0000000000000000000000000
0001000000000000010000000
0000000000000000000000100
0000001000100000000001000
0000000000100000000000000
0000100000100000000000000
0000000000001010000001010
0000000000001000110001001
0001000000000001110110000
0000000001111000101101001
0000110010011011100100110
0010000111001111011111000
0001110001010111011101000
0001001111011111101111100
0011011111011101111010010
1101011111110111111111011
1011111110100111101101111
0010111111011111111110110
0101101101111111101100010
0100011111011111111001100
0001001101111101111100011
0001101000111111111110101
0000000010011111110101100
0000000010010010001111010
0000000111011111111111101
0000000110111111111111110
0000110111111111111111101
0000001011111111111111111
0000001111111111111111111
0000001001111111111111111
0100100011111111111111110
0000001001111111111111110
0000000011111111111111111
0000010111111111111101111
0000000010111111111101010
0000000110011110111110000
0000001011111111101000000
0000001000101111101111011
0000000000100001001010110
0000000000000101100100000
0000010100000001001000000
0000000000001000100000000
0000000000000000000010000
0000000000100000100000000
0000000000000000000010000
0000000000000000000000000
0000000000000000000000000
0000000000000000000000000
0000000000000000000000000
