27 340 12
000000000000000000000000000
000000000000000000000000000
000000000000000000000000000
000000000000000000000000000
000000000000000000000000000
000000000000000000000000000
000000000000000000000000000
000000000000000000000000000
000000000000000000000000000
000000000000010000000000000
000000000000000001000000000
000000000000000000010000000
000001000000100101010010000
000001101111111111111110100
000010110111111111111011000
000000101111111111111111101
000111111111111111111111100
000011111111111111111111100
001111111111111111111111000
011111111111111111111111111
111111111111111111111111111
011111111111111111111111111
111111111111111111111111111
111111111111111111111111111
011111111111111111111111111
111111111111111111111111111
011111111111111111111111111
001101111111111000100000000
010011101111111110000110000
001011111111111111001000000
000000111111111111010101000
000001111111111110101000000
000010110010111110101011010
000010001111110011111111110
000101000010000111111110011
001000011000101111111111111
000000011000101111111111111
000000011001100110111011111
000000000000001111111111111
000000000001101111111111111
000000000001001111011111111
000000010000111111111111111
000000000010011111111111111
000000001000010111111111111
000000000000010111111111111
000000000000011111110111111
000000000000111000101111111
000000001000000111111111111
000000000000001001011011111
000000000000111001111100011
000000000000000010111111111
000000000000010101100111100
000000000000000000010100000
000000000000000000001000000
