27 155 10
000000000000000000000000000
000000000000000000000000000
000000000000000000000000000
000000000000000000000000000
000000000000000000000000000
000000000000000000000000000
000000000000000000000000000
000000000000000000000000000
000000000000000000000000000
000000000000000000000000000
000100000000000000000000000
000000000000000000000000000
001100000010000000000000000
010000001000000000000000000
101111100000000000000000000
110001000100000000000000000
111111001100000000000000000
111111110110110000000000000
111111111100000000000000000
111111111100100100000000000
111111111110000000000000000
111111111111110000000000000
111111111111111000100000000
111111111111110000000000000
111111111110101000000000000
111111111110111100000000000
111111111111110000000000000
000000001010100010010101110
000000000001000000001110100
000000111000000000001111111
000000100001010010011110001
000000100001000001110011110
000000001000001011111010101
000010011001000001111111000
000000000001100001000110000
000000000000100000011000101
000000000000000000000000110
000000000000001011000000000
000000000000010000000000000
000000000000001001000000000
000001000000001000100000010
000000000000000000000000000
000000000000010001000000000
000000000001000100000000000
000000000000010000000000000
000000100010100100000000000
001100000010110000001001000
000000001110111000001000000
000010011111000001100000000
000000011101111001000000000
000000001101011111000000000
000100110110111101000000000
000000110110110011010000000
000000110001000010000000000
