16 26 11
0100000010000000
0001100000000000
0000010000000010
1010100000000000
0000000000000000
0100100000000000
1010100000000000
0000001010000000
1101000010000000
1100000000000000
0000110000100000
0000000000000000
1000000000000000
0000000000000000
0000000000000000
0000000000000000
0000000000000000
0000000000000000
0000000000000000
0000000000000000
0000000000000000
0000000000000000
0000000000001000
0000000001000000
0000000000000010
0000000010100000
0000000101110000
0000000101101100
0000100011101100
0000010000101000
0000000011000100
0000000000000000
