30 271 9
000000000101111111111111111111
000000000001111111111111111111
000000000011111111111111111111
000000000010111111111111111111
000000000001011111111111111111
000000000000111111111111111111
000000000000111111111111111111
000000000001101111111111111111
000000000000111111111111111111
000000000000011011111111111111
000000000000000011111111111111
000000000000000111111111111111
000000000000000011111111111111
000000000000000101011111111111
000000000000001000010111111111
000000000000000000100111011111
000000000000000001000100111111
000000000000000000000000000001
000000000000000000000000110000
000000000000000000000000000000
000000000000000000000000000000
000000000000000000000000000000
000000000000000000000000000000
000000000000000000000000000000
000000000000000000000000000000
000000000000000000000000000000
000000000000000000000000000000
000000000000000000000000000000
000000000000000000000000000000
000000000000000000000000000000
000000000000000000000000000000
000000000000000000000000000000
000000000000000000000000000000
000000000000000000000000000000
000000000000000000000000000000
000000000000000000000000000000
000000000000000000000000000000
000000000000000000000000000000
000000000000000000000000000000
000000000000000000000000000000
000100000000000000000000000000
000111001000000000000000000000
000111101111000000000000000000
001111111110100000000000000000
101111111100000000000000000000
111111111111100100000000000000
001111111111010000000000000000
111111111111110000000000000000
111111111111111000000000000000
111111111111110000000100000000
111111111111100000000000000000
111111111111111010010001100000
101111111111111111010001000000
100111111111011111010111100000
100111111111001111111111110000
000011111111010111111110111000
000010110100001111111111110000
001000000000011111111111110000
000000000000011111111111111000
000000000000011111111111110000
