19 163 14
1101000000000000000
1111010110100000000
1011001001001000000
0100010100000000010
1000100111000100010
0010111000000011010
1110001101101100011
0011001000000100001
0001000000110111011
1000100001011111000
0000010111011100101
0011000000111111011
0010011101011011000
0000011101111111111
0000001111110101000
0001011011111011101
0000000000101111101
0100111111111111101
0010110111011111101
0000000001011001000
0000000100011110011
0000010000110110011
0000011011110111001
0000000000101101101
0001000001100000111
0000100000101101110
0010000111010110100
0000001101000011110
0011101111110011101
0010011110011110000
0101101100111110101
1100111111101100011
0111111110100000000
0111001110100010010
1011111001001111000
1010000111110000000
1011111011000000000
0111111011010100000
