30 261 12
000000000000000000000000000000
000000000000000000000000000000
000000000000000000000000000000
000000000000000000000000000000
000000000000000000000000000000
000000000000000000000000000000
000000000000000000000000000000
000000000000000000000000000000
000000000000000000000000000000
000000000000000000000000000000
000000000000000000000000000000
000000000000000000000000000000
000000000000000000000000000000
000000000000000000000000000000
000000000000000000000000000000
000000000000000000000000000000
000000000001000100000000000000
000000001101110101000000000000
000100011111111111001000000000
000001111111111111101001000000
000111111111111111110000000000
000111111111111111111110000000
001111111111111111111110000000
101111111111111111111110000000
101111111111111111111110000000
111111111111111111111110100000
111111111111111111111111000000
111111111111111111111111100000
111111111111111111111111000000
111111111111111111111111000000
000000000000001000011000000000
000000101000101011000000000000
000000000000000010111110010000
000010000110011100000011000000
000000000001011110101001000000
000000000001101100100000000000
000000000011001011001100000000
000000001101000110111000010000
000001100001101001001000100000
000000100001111001000000000000
000000000010111011010000000000
000001011100100110110010000000
000001000100100011000000100000
000000010000000100100000000000
100000000010110010000011000000
101100101001100000000000000000
101111100111010000100100000000
110111110110001101000000000000
011111111101100000001000000000
011011111101000000000010000000
011111111101010100000000000000
011111111110110110000000000000
111111111011100000000000000000
101011101111000000000000000000
111111110100100001000000000000
111111110100000010000000000000
110111111011010000000000000000
111110110011000001000000000000
100101111010111000000000000000
001101011111100000000000000000
