27 238 5
000000000000000000000000000
000000000000000000000000000
000000000000000000000000000
000000000000000000000000000
000000000000000000000000000
000000000000000000000000000
000000000000000000000000000
000000000000000000000000000
000000000000000000000000000
000000000000000000000001000
000000000000000000000001111
000000000000000000100111111
000000000000000001111111111
000000000000000011111111111
000000000000001111111111111
000000000000001111111111111
000000000000011111111111111
000000000000111111111111111
000000000001111111111111111
000000000001111111111111111
000000000001111111111111111
000000000001111111111111111
000000000011111111111111111
000000000011111111111111111
000000000011111111111111111
000000000111111111111111111
000000000011111111111111111
000000000000000000000000000
000000000000000000000000000
000000000000000000000000000
000000000100000000000000000
000000010000000000000000000
000000001110000000000000000
010010000011000000000000000
011010111101000000000100000
011111111111100000000000000
111111111111100000000000010
011111111111101000000000000
111111111111111000000000001
011111111111110000101000000
001111111111111010001100111
011111111111110000001101110
111111111111111000001001111
111111111111001011010111010
001011111111100000000111110
010010111110110000010101011
000110111101010101000101001
000010000111000000011111110
001000110100010010111011001
000000000000000000000101001
000000000000000000010000101
000000000000000000000100000
000000000000000000000001000
000000000000000000000000000
