20 180 5
01100101100000101010
11111000010110010000
01111010011010101111
11110010100101010100
11111001100111101000
11110111001100000010
11111111100100111100
11111111100010100100
11111111101000100000
11111111111101000010
11111111101110001000
11011111001100010010
01111111110001100100
01011101110110000010
00000110001101110000
01000101000010000000
00000001000001001000
00000000000001010100
00000010000000000000
00000000100110000000
00000001001110111111
00000000000111111111
00000000001111111111
00000000011111111111
00001100111011111111
00000000010111111111
00100010111111111111
00000010000011111111
00110011111100111111
01101011100011111111
01111001001011001111
11011111000010010011
11111101010001000010
01111000000000010011
11101001000000000011
10110111000000000100
11100110000000000010
00011000000000000000
00101010100000000000
00000000000000000000
