30 386 15
000000111111111111111111111110
000000000111111111111111111100
000000011111111111111111111110
000000010111111111111111111111
000000111111111111111111111111
000001011111111111111111111111
000000111111111111111111111110
000001111111111111111111111101
000000011111111111111111111111
000001001111111111111111111111
000000011111111111111111111111
000000101111111111111111111111
000000001011111111111111111110
000000000111111111111111111110
000000001101111111111111111110
000000010001111111111111010000
000000000010111111111111110000
000000000000111110111011011010
000000000000000000111000000000
000000000000000001011000100000
000000000000000000110010000000
000000000000000000000000000000
000000000000000000000000000000
000000000000000000000000000000
000000000000000000000000000000
000000000000000000000000000000
000000000000000000000000000000
000000000000000000000000000000
000000000000000000000000000000
000000000000000000000000000000
000000000010000000000000000000
000010000110001001000000000100
000010010110000101110000001000
000001001111010001000000000000
000101110010101000000000000000
010000010010110001100110010000
010001000101011011101000001000
000101100111001110111101101000
000101101100010011110110101000
000001011011011101110011100110
000000000110101110001010010000
000100011111011011010111001000
000000000000011111111110101100
000000000101011111111111011101
000000010000010111111111110011
000000000000101111111111111100
000000000000111111111111111110
000000001000001101111111111000
000000000000011111101111111011
000000000000011111111111111000
000000000100100111111111000111
000000000000010111111111101000
000000001000111111111111110011
000000000001100110111111011111
000000000000101010111111111100
000000000001001110111111111011
000000000100000111111111110111
000000000010001010101111011011
000000000000011111111111111111
000000000000011111111111111110
