25 223 12
0000000000000000000000000
0000000000000000100000000
0000000000000000000000000
0000000000000000101000000
0000000000000000001000100
0000000000000001001100100
0000000000000001001111110
0000000000110110001110100
0000000000000100111111111
0000000000001111101111101
0000000000000101110111110
0000000001000000011110111
0000000000101010111110101
0000000100100111111110111
0000000000111111111110001
0000001100111111111101100
0000000000001111111110110
0000100100110111111111100
0000000001111111101111110
0001000111011111111111111
0000000101010000111111010
0000000000001111110111110
0000000110111111101011111
0000100001011100111110110
0000000000010000011111100
1111100100000000010100000
1111101110000000000100000
1111111001000000000110100
1111111100000000111111110
1111010000000000111111101
1101111010000000111111111
1111101000000101011111101
1110100001000011001111101
0100000100001001001111110
0000001000000000010111000
0010110000111100110011100
0111000100100000000010100
0000001000011110100011000
1111001110111111011000000
0000011110111101010000000
0001100110111011011000000
1001001011110111100000000
1011101110100001110000000
0000000001000011000000000
1000000000101000000000000
1000100110100100000000000
1010000000001000000000000
0000010010010000000000000
0000100000000100000000000
0000001001000000000000000
