21 71 13
001111100100000000000
111111101000100000000
111101110000000000000
111110100010000000000
111111010000000000000
111111110100000000000
011111111100000000000
111110110000000000000
101110000000000000000
100001100000000000000
011000000000000000000
000100000000000000000
000000000000000000000
000000000000000000000
000000000000000000000
000000000000000000000
000000000000000000000
000000000000000000000
000000000000000000000
000000000000000000000
000000000000000000000
010000010000001001000
000100000010100001000
000001001000000000100
000000001000010110000
000000000000000000000
000000000000000000000
000000001000000000100
000000000000000000000
000000100000000000000
000000001010000000000
000000001001000000001
000001000000100000000
000000000001000000000
000000101001011011000
000000000000010101010
000000000111111001111
000000000000010010011
000000000001000100000
000010000110010100000
000000001001110010100
000000110010011011000
