17 36 15
00011100101000000
11000000010000000
10000010010001100
01011111001000000
10000000000000000
00100001001000000
01000000110000000
01010000000000000
00000000000000000
00000000000000000
00001100010000000
00001010001000000
00000000000000000
00000000000001000
00000000000000000
00000000000000000
00000000000000000
10000000100000000
00000000000000000
00000000000000000
00000000000000000
00000001000011000
10000000000000000
01000000000000000
00010000010000000
00001010000000000
00000001010000000
01000000100001100
00011101001010000
00001000010000100
01000010000010000
00010000010000000
00000001101001000
00000001000000000
