22 180 11
0000000001000000010000
0000000010100010000100
0000000001111111000000
0000000011011111100100
0000000010111111011000
0000010011011101111100
0000001011011011111000
0000000011111111000000
0001011111110111000000
0000011001111101001000
0000000010101111110000
0000010011011110110000
0000011011111101010000
0000000111110111000000
0001001111111001100000
0100001101111010001100
0001111100111110011110
1000011101111010000000
0000110010111100000000
0000100100001100000000
0010011101101111000000
0000000000000100000000
0011011011111111111111
1000111111111111111111
0011111111111010111111
0000000111110111111110
0010001101111101111110
0001000111111101111111
0100000010000001001110
0000011100000000100001
0001110000000010010010
0000001000000000010010
0000010000000000000001
0001000000000000101001
0000000000000000000001
0000000000000000100111
0000000000010000011011
0000000000000000111110
0000000000000001111111
0000000000000001111111
0000000000000111111111
0000000000000101011111
0000000000000001111111
0000000000000100011110
