16 50 14
0000000000000000
0000000000000000
0000010000000000
0000000110000000
0000000000000000
1010010100000000
0101001001000000
0000100010000000
0000011000000000
0010010000000000
1000111100100100
1011101110000000
1010010100000000
0001110001110100
1000101000000000
0100011100100000
0000000001000000
0010101001010000
0001000000000000
0000000011010001
0000110010110000
0101010000100000
0010010100010000
0010110101010100
0000000011100000
0001000011110000
0011100100000000
0000000000011100
0100000000000000
0010000010000000
0000000000000000
0010000000000000
