17 143 10
11101111101000000
11111111110000000
10111110000000000
11111011000000000
01111101000000000
11010001100000000
11111011100001000
11100111000000000
11101111000000000
01111001000000000
11110111011000000
11111111010000000
11111111100000000
11111111110111000
11111111111100000
11111111101101000
11111111100000000
00010010000000000
11101100110011000
01111111110101100
10111100000001101
11110111100000111
11111010011000010
10110000111011001
01100010010111111
10000000011110111
00111000000101110
00010011011111110
10000111100111111
10000010001111111
00000100111111110
00000000000111111
00000000000011111
00000001011011111
