16 66 8
0000000000100000
0000000100011000
0000101111110000
0000011110000101
0010001111111111
0000101110011100
0001011111111000
0100000011111010
0000010111110100
0000001001011000
0000000011100010
0000000000000000
0000000000000000
0000000000000000
0000000000000000
0000000000000000
0011001000000000
0111000000000000
1111110000000000
0110111011000000
1111110100110000
0110100000000000
0010010011000000
1111011101000000
0100001010010000
1111000001000000
1101010010110000
0010001001000000
0000100000000000
0000010000010000
0100000000000000
0000000000000000
