24 196 8
011011100000100000001010
001101100100000011100100
110000100000000000001011
111101010001010001000111
111010000000101111011100
111101111010000010101011
111110110111111001001011
111011101101101111110011
001111110011110111111111
111111001111111100101101
111011110101011011011001
110101001010101011101000
100101110000010000010000
111011011010000000000100
101111101000000000000001
001101001010000000000000
011100000000000000000000
100000000000000000000010
000000000000000001000000
000000000000000000000000
000000000000000000000000
000000000000000000000000
000000000000000000000000
000000000000000000000000
111111100000000000000000
111111011000000000000000
111111110000000000000000
111111010000000000000000
111111110000000000000000
111100010000000000000000
011111100000000000000000
111000000000000000000000
000010000000000000000000
000010001000000000000000
000000000000000000000000
000001000000000000000000
000000010000000000000000
000000101011000000000000
010101011010100000000000
110101110110000000000000
001111101111010000000000
111111111011111001000000
111111111111101010000000
111111111111101000000000
111111111111110100000000
111111111111111100010000
111111111111111111000000
111111111111111100000000
