18 131 13
000000000000000000
000000000000000000
000000000000000000
000000000000000000
000000000000000000
000000000000000000
010000110000000000
110001000011000000
011011011100010000
000010110101100000
111111111111001000
111111111111001000
111111111001100000
111111111111110000
111111111111110000
111111111111111000
111111111111110101
111111111101011000
111111111111111111
101111111111111111
011111111111111111
001011111111111111
011111111111111111
010101111111111111
010111010111111111
000000001111111111
000000000000111101
000000000000010000
000010000000100000
000000000000000000
000000000000000000
000000000000000000
000000000000000000
000000000000000000
000000000000000000
000000000000000000
