26 309 13
00000000100011011111101100
00000001001111110111111000
00000100010110111101100111
00000010111001111111001111
00000001111111111111111000
00010110111111111111111110
00001011111111111111110111
00101011111111111111111010
00000011111111111111110100
00000111111111111111110110
00000011111111111111110010
00000011111111111111111110
01000001111111111111101110
00000111111111111111110100
00001001101111111111110110
00000101111101111111000000
00000001100010101110011100
00000111001101001010110010
00000010000010100100010000
00000000000001000111100100
00000000001000101000010000
00000000000010110001010000
00000000010000000000000000
00000000000000001000000000
00000000000000000000000000
00000000000000000000000000
11111111101000000010101111
11111111101110000010111111
11111111100000000001110111
11111110101010000010111111
11111111110000000001111011
11111101111010000100001111
01111010000000000001011111
00101101100000000000100011
10100110000000000001000110
00000000000000000000000010
00000000000000000000000000
00000000000000000000001000
00000000000000000000000000
00000000000001000000000000
00000000000010101010000000
00000101100011110000000000
00000000000011100010000000
10011111111111111110100010
00111111111111111110000000
10111111111111111111100000
01011111111111111111100000
00011111111111111111110000
11010111111111111110111100
00011111011111111110110000
00101101011111111111101100
00000010111111111111111000
