19 129 8
0000001101011000011
0100111011001010001
1110111001011011000
0111110110110001000
0100110000010100110
1111111110111100000
0111011001001100000
1111100000001011000
0000111000000000000
1010000000000000010
0100000010000000000
1001011100010000000
0110011000000001000
0001011100100100001
0100101110000000000
0010011111110000000
0000110011000110000
0000000101110000000
0000111010110000010
0000001000001000111
0000011010100001011
0001000110001000110
0000000000100001001
0000000001001000111
0000000000111101111
0100001000100101101
0000110000001010111
0010000010111110101
0100100001111111111
0001100000000110110
0100100001100110111
0001111100001110110
0000000000101100011
1000001010011000001
0110010100000001000
1101001100001010000
0000110110000001011
0001110010000001000
