25 70 6
0000000000000100000101000
0000000000000010100000000
0000000000001001010110000
0000000000010011011101100
0000000000000011011111100
0000000000011101111101000
0000000001000011111100000
0000000000000111111001010
0000000000001011111101000
0000000000001001111010001
0000000000001000000000000
0000000000000000000010000
0000000000000010000000000
0000000000000001000000000
0000000000000000001000000
0000000000000000000000000
0000000000000000000000000
0000000000000000000000000
0000000000000000000000000
0000000000000000000000000
0000000000000000000000000
0000000000000000000000000
0000000000000000000000000
0000000000000000000000000
0000000000000000000000000
0000000000000000000000000
0000000000000000000000100
0000000000000010000001100
0000000000000000000101000
0000000000000000001000000
0000000000000001000001000
0000000000000000100010000
0000000000010000000011010
0000000000100100001000000
0000000000000111101000001
0000000001001010000000000
0000000000000001101100000
0100011010100001110000000
0001000000000001010010010
0000000000000000010000000
0001000000000000100000000
1000000010000100000000000
0000001000000000000000000
0000010000000000000010000
0000001100000010000100000
0000000000001011010000001
0000000000001011011000000
0000000000000010000000000
0000000000000100000000000
0000000000000000100000000
