28 384 9
0000000000000000000000000000
0000000000000000000000000000
0000000000000000000000000000
0000000000000000000000000000
0000000000000000000000000000
0000000000000001000000000000
0000000000000000101101000000
0000000000000000011111100000
0000000000000100111111101000
1000000000000011111111110000
0000000100000111111111111000
0000000000010111111111110000
0000010000000011111111111000
0000100000011111111111111000
0000101011111011111111111001
0001010111111011111111110000
0001101111111111111111110000
1010001011111111111111110100
0110111111111111111110100000
0011011011111111111111100000
0111111111111111111111000000
1011111111111111111101010000
0101111111111111111111000000
1111111111111111111111011000
1111111111111111111111100000
1111111111111111111111111110
1111111111111111111111111000
1011111111111111111111010101
0000000001011111111111111011
0000000000100111111111111111
0000000000011111111111111111
0000000000111111111111111111
0000000000001111111111111111
0000000000111101111111111111
0000000011111111111111111111
0000000001001111111111111111
0000100010011111111111111111
0000000101101111111111111111
0000000000101011111111111111
0000000000111111111111111111
0000000000001111111111111111
0000000001011111111111111111
0000000000011111111111111111
0000000000000111111111111111
0000000000001010111111111111
0000000100101111111111111111
0000000100000111111111111111
0000000000000000111110111111
0000000000000000111111111111
0000000000000101111111111111
0000000000000000111110111011
0000000000000001001111100100
0000000000000000000000010000
0000000000000000011001010000
0000000000000000000000000000
0000000000000000000000010000
