17 44 9
00000000000000000
00000000000000000
00100000000000000
01000000000000000
00010001000000000
10000000000000000
10010000000000000
00010001000000000
00010100000000000
10000001000000000
11011110000000000
01111100000000000
10101010000000000
10111000000000000
11011000000000000
10111010000000000
01110000000000000
00000000000000000
00000000000000000
00000100000000000
00000000000000000
00000110000000000
00000000100000000
00111000010000000
00101011010010010
10100000010000000
00000101000000001
00010001101100000
00001001110000000
10000100001000000
00001000101000000
00000101100000000
00010001000010000
00000001000100000
