30 398 9
000000111111111111111111111100
100000001111111111111111111101
000000001111111111111111111110
110100001111111111111111111111
111000010111111111111111111101
111111010111111111111111110000
111111111111111111111111111000
111111111111111111111111110000
111111111011111111111111110000
111111111110111111111111110000
111111111101111111111111100000
111111111100011011111010000000
111111111000000101000100010000
111111111100000010000000000000
111111111100000000000000000000
111111111110000000000000000000
111111111110000000000000000000
111111111100000000000000000000
111111111100000000000000000000
111111110010000000000000000000
111111111000000000000000000000
111111110000000000000000000000
111111100000000000000000000000
111010000000000000000000000000
100000000000000000000000000000
000001000000000000000000000000
000000000000000000000000000000
000000000000000000000000000000
000000000000000000000000000000
000000000000000000000000000000
000000000000000000000000000000
000000000000000000000001010000
000000000000010010110000001000
000000000000101011100100110000
000000000010111111110111101010
000000000001111111111100110100
000000000010101111111111111010
000000000010011111111111111001
000000000001111111111111111111
000000100001101111111111111101
000000011110111111111111111111
000000000000111111111111111101
000000000000111111111111111101
000000000001101111111111111101
111001100001011111111111111110
000100001001000100111010111001
101111011100000001100001011000
010111101010000100011100001000
110111110000100000000010000000
110111101111100000010000000000
111111111110100000000000000000
111111111011100000000000000000
111111111111100000000000000000
111111111111111000000000000000
111111111110110000000000000000
111111111111100000000000000000
111111111110101100000000000000
111111111110110100000000000000
111111111111000100000000000000
111111111111100000000000000000
