24 186 13
000000000000000001010101
000000000000000000010001
000000000000000000011101
000010000000000000110011
000000000000000000101101
010110000010010000101111
001110110000000101010110
100111111010100001101111
101111101110000001100101
001111111110100000000000
011011111101000000000100
000111111111100000000011
001111101100000000000000
011011111110000000000000
000011111011001000000000
000011110011101000000000
000101001101110100000000
000111101111000000000000
010011011011010010000000
011110011101001100000000
001101000111000000000000
000000011100010000000000
000001010101000000000000
000001011100100010000000
000000000000000000000101
000000000000000000011111
000000000000000000000111
000000000000000000001111
000000000000000000010111
000000000000000000101001
000000000000000000000101
010000000000000000000000
000010000000000000000100
000010001100100000000000
000000101100000010000001
000011000100000000000000
000001100101110000000000
101110101101011000000000
001011110000111000000000
001100111111101011001000
000011011111111010000000
101011111111111100000000
111110111111111000000000
111111111111010100000000
111111111111110010100000
111111011111110000000000
111111111111011100000000
111111111111011000000000
