0000
0001
0003
0004
0005
0011
0012
0013
0014
0015
0016
0019
0022
0028
0029
0040
0042
0043
0044
0048
0050
0052
0053
0056
0058
0059
0060
0062
0063
0065
0067
0069
0070
0071
0073
0075
0076
0079
0080
0081
0082
0083
0084
0089
0090
0092
0097
0098
0099
0102
0103
0104
0105
0106
0107
0110
0111
0113
0114
0115
0116
0118
0120
0121
0126
0127
0130
0131
0132
0134
0135
0136
0140
0141
0142
0143
0145
0146
0150
0152
0153
0155
0157
0161
0162
0163
0168
0169
0170
0171
0173
0177
0178
0179
0182
0190
0191
0192
0194
0195
