57 34 6 20 8 49 
50 13 53 31 19 29 
44 16 25 9 17 24 
52 26 1 35 59 37 
45 55 18 22 15 2 
32 40 54 30 27 36 
49 20 31 18 54 58 
50 5 39 19 30 36 
26 23 53 38 13 51 
41 11 33 6 10 56 
8 17 7 55 32 35 
14 21 57 16 52 42 
36 43 12 50 2 53 
49 17 1 23 7 15 
52 0 21 39 31 58 
4 44 45 46 6 38 
32 25 28 13 19 18 
37 48 3 24 16 57 
35 3 39 50 14 32 
55 21 25 0 51 10 
16 11 7 44 12 15 
33 43 38 17 58 8 
23 4 1 45 22 13 
24 30 46 28 36 49 
6 14 55 15 30 34 
53 19 36 41 40 9 
37 17 26 16 22 51 
35 28 32 43 21 45 
23 4 49 20 50 46 
52 1 11 13 5 48 
54 46 8 42 0 35 
39 16 38 5 11 50 
6 17 13 52 3 18 
22 32 44 20 14 10 
19 1 12 37 41 57 
23 36 31 21 40 33 
39 1 56 22 46 47 
38 44 51 41 40 32 
26 52 20 6 23 45 
50 10 17 16 3 9 
18 31 7 12 11 13 
54 53 48 37 29 49 
31 38 33 52 51 54 
49 5 57 13 16 48 
21 17 10 56 7 58 
24 6 12 0 22 50 
11 14 15 42 45 23 
43 20 44 3 40 18 
59 38 23 36 5 55 
26 50 15 22 27 0 
9 56 57 34 43 58 
29 1 12 53 32 10 
47 6 8 7 16 13 
24 28 31 51 18 33 
21 31 24 34 12 27 
13 26 1 49 30 22 
11 50 40 39 43 15 
58 7 51 37 4 18 
25 55 46 14 20 19 
42 2 17 36 45 41 
