33 28 9 5 34 40 
48 13 15 43 51 52 
18 59 54 44 14 3 
57 37 30 0 2 55 
36 49 45 19 39 42 
10 50 53 17 38 4 
40 31 57 29 27 53 
20 30 3 4 32 5 
25 12 35 49 37 13 
52 7 50 38 0 59 
23 1 39 48 51 26 
28 11 19 22 54 41 
10 38 24 46 13 57 
16 52 3 36 14 11 
47 12 42 45 30 50 
18 39 43 6 17 8 
58 44 27 29 7 2 
59 34 51 1 31 33 
20 42 32 23 10 48 
53 33 18 57 19 39 
50 21 4 16 51 26 
46 58 31 34 37 49 
38 15 45 0 3 6 
7 11 13 17 41 52 
56 36 5 52 47 38 
11 40 19 37 3 31 
25 50 46 44 2 21 
53 13 17 6 8 39 
20 55 18 12 4 58 
22 42 7 16 49 32 
53 7 49 14 47 33 
18 52 44 36 30 4 
24 11 38 39 50 9 
13 12 16 17 5 23 
34 27 32 22 37 1 
55 45 15 46 6 59 
40 33 7 54 6 58 
15 37 0 19 10 2 
51 16 50 13 36 45 
18 43 9 17 12 21 
4 3 23 11 14 47 
32 46 5 28 49 8 
50 45 37 56 4 58 
17 32 44 5 10 38 
55 15 39 33 51 43 
22 19 46 30 16 11 
0 23 18 14 36 13 
2 35 21 41 40 34 
26 14 18 22 42 55 
15 40 50 0 11 46 
20 31 6 44 10 28 
35 17 38 19 16 27 
8 23 56 30 39 45 
32 12 57 5 36 29 
52 57 58 0 1 32 
59 46 25 37 24 22 
39 9 11 16 51 8 
43 45 48 42 40 4 
17 44 18 34 12 19 
53 3 28 10 49 31 
