23 19 5 57 34 44 
27 47 53 38 7 17 
35 48 31 41 49 37 
12 26 8 50 29 15 
11 28 24 40 33 21 
32 10 59 25 4 14 
39 53 57 41 36 59 
55 1 32 30 5 42 
51 34 31 45 9 3 
50 13 14 40 49 26 
54 56 12 4 16 0 
52 48 29 27 11 24 
51 33 27 12 48 20 
45 2 15 9 10 14 
13 38 7 24 22 50 
59 49 1 18 17 43 
37 16 56 44 30 8 
55 42 32 47 36 41 
31 32 19 23 1 49 
13 7 21 33 4 50 
38 6 44 39 34 14 
11 57 2 18 51 29 
12 42 8 9 22 58 
24 10 45 52 3 54 
39 19 48 51 42 37 
32 35 16 11 46 1 
53 56 12 45 5 58 
14 28 8 44 10 38 
15 2 43 6 33 3 
59 29 36 54 22 26 
48 19 51 9 22 41 
37 17 49 28 52 31 
3 46 6 10 38 53 
34 33 11 44 32 16 
5 50 14 13 25 18 
35 43 8 54 58 45 
14 26 37 33 49 23 
53 42 34 18 10 50 
15 12 6 5 4 30 
47 44 51 43 19 35 
17 38 21 22 1 48 
56 3 31 29 57 55 
51 10 7 58 9 57 
45 12 40 13 53 44 
16 11 17 52 32 38 
54 3 42 14 31 33 
26 48 49 1 18 2 
30 6 41 59 8 15 
35 51 36 45 2 28 
17 3 48 10 6 59 
37 5 13 44 1 20 
0 9 38 41 32 18 
49 7 40 11 19 22 
42 30 33 58 43 53 
30 27 18 40 17 19 
6 37 50 23 57 16 
43 34 11 22 10 12 
41 44 49 45 31 26 
1 38 3 28 7 13 
39 51 21 35 20 36 
