24 15 5 16 11 17 
50 53 41 18 29 38 
9 52 20 35 58 56 
36 40 7 33 39 21 
48 49 4 2 30 59 
6 51 37 57 54 55 
55 50 45 18 48 58 
17 42 10 37 14 51 
47 20 25 38 54 15 
22 2 12 21 0 53 
29 8 5 32 19 31 
36 4 16 49 39 30 
32 24 52 36 3 58 
39 15 20 18 14 8 
48 1 17 51 9 16 
5 6 45 37 42 34 
43 10 7 22 47 11 
21 31 33 13 30 38 
35 34 57 51 15 20 
38 29 16 11 28 23 
33 43 45 12 9 44 
58 1 18 50 30 17 
54 25 6 41 2 32 
46 14 40 19 22 48 
48 46 44 38 39 37 
47 14 11 50 1 57 
12 16 19 53 51 15 
7 5 28 13 8 22 
0 32 52 2 43 31 
20 17 3 45 23 26 
1 56 22 26 33 7 
14 0 3 5 6 15 
38 4 31 21 53 52 
43 47 44 37 2 16 
45 11 23 12 13 10 
50 42 9 35 40 30 
57 9 54 7 11 39 
17 51 2 47 44 48 
37 15 12 8 33 45 
22 16 32 5 6 52 
14 29 40 18 53 31 
42 20 50 34 24 10 
30 39 54 25 24 53 
16 56 26 37 45 15 
11 8 36 42 31 34 
38 44 12 50 0 10 
59 2 43 19 32 5 
51 28 20 3 13 47 
30 31 44 35 51 39 
33 13 45 32 50 1 
12 20 23 14 17 52 
58 6 10 5 40 22 
2 7 16 36 38 56 
3 43 53 48 11 49 
49 3 44 26 56 47 
58 41 45 12 25 33 
24 1 18 13 17 0 
43 11 40 15 10 52 
55 5 50 38 20 21 
39 19 27 23 6 36 
