6 46 36 30 32 53 
48 5 52 13 41 51 
12 15 54 8 47 21 
1 2 0 44 31 9 
3 24 29 34 22 56 
7 16 18 14 39 4 
44 51 25 48 15 58 
24 36 42 11 7 27 
38 49 17 55 18 28 
46 9 4 40 53 3 
10 14 54 2 1 45 
34 50 16 35 52 32 
43 37 28 16 47 53 
26 31 24 34 2 57 
15 3 7 18 19 17 
42 13 10 50 45 27 
6 40 4 32 12 22 
5 39 48 0 20 41 
50 20 25 46 58 56 
49 11 57 8 42 29 
55 12 36 6 5 28 
15 27 18 32 52 39 
22 10 1 41 26 30 
54 0 31 38 43 53 
30 8 37 34 18 45 
33 9 44 15 17 52 
2 16 12 39 5 51 
22 13 36 43 50 26 
20 57 11 53 7 49 
55 41 40 38 58 56 
2 51 49 50 27 41 
33 44 31 0 52 28 
16 15 45 18 10 39 
6 42 17 13 20 9 
35 8 19 47 11 37 
43 34 58 12 46 56 
48 17 29 1 54 12 
57 40 46 35 8 7 
42 31 23 13 19 53 
45 14 44 36 39 49 
47 38 10 4 37 20 
41 43 16 55 33 18 
58 48 41 40 53 55 
38 5 44 18 10 37 
17 39 46 7 14 6 
33 34 45 11 2 16 
47 25 1 54 32 20 
49 31 43 26 8 57 
40 22 16 45 38 6 
54 12 51 18 34 3 
29 30 33 44 17 37 
27 5 10 13 9 7 
14 2 57 25 43 11 
48 36 0 52 49 50 
54 32 11 55 14 57 
7 26 52 24 43 5 
38 45 39 18 2 41 
29 17 37 56 13 44 
27 31 8 46 6 4 
34 10 59 25 42 33 
