15 48 7 23 47 37 
57 16 4 1 51 5 
56 28 41 27 25 55 
36 12 22 30 19 46 
20 59 45 29 24 6 
35 52 54 32 8 38 
2 21 6 26 1 47 
14 0 32 52 7 10 
42 8 25 37 51 29 
36 41 24 13 43 11 
53 38 27 44 20 45 
58 5 33 49 48 19 
7 12 22 49 36 38 
48 16 3 44 21 37 
31 17 39 33 52 29 
18 5 51 15 40 13 
45 35 1 55 30 50 
26 53 42 24 58 34 
14 1 49 43 38 48 
46 17 3 30 2 39 
31 51 12 22 5 8 
42 44 7 6 15 20 
50 16 10 56 37 52 
35 32 21 18 45 47 
43 22 30 28 11 55 
4 5 36 17 37 57 
13 32 15 45 8 26 
51 12 24 16 23 46 
1 50 3 10 40 52 
44 58 20 41 48 33 
53 27 46 9 41 44 
42 15 18 38 43 39 
10 45 16 13 12 31 
59 14 4 50 23 17 
52 11 25 1 5 58 
55 6 35 0 7 49 
57 26 38 59 45 27 
9 19 46 5 7 25 
54 10 58 44 13 18 
12 31 40 21 20 51 
43 1 33 4 17 37 
39 52 42 16 6 55 
48 2 31 47 14 33 
25 41 0 3 40 56 
51 13 12 34 39 37 
20 46 57 17 7 30 
24 55 32 21 10 18 
42 44 22 26 23 58 
12 42 7 22 30 33 
5 54 0 51 21 34 
24 14 37 39 46 11 
16 38 57 20 2 43 
50 40 6 4 3 17 
44 13 18 8 56 15 
22 11 57 33 35 48 
1 34 18 39 8 37 
13 17 15 19 56 5 
6 30 7 42 32 28 
36 46 50 21 38 16 
9 44 45 55 24 25 
