20 11 15 30 45 38 
58 19 53 4 35 7 
10 56 16 9 1 46 
27 29 42 50 22 37 
14 17 51 40 39 44 
33 31 3 48 6 23 
31 34 39 49 24 41 
50 17 15 26 20 22 
16 47 56 38 35 14 
13 4 37 46 19 11 
28 2 10 57 9 45 
44 42 6 33 54 43 
59 26 34 41 7 10 
1 57 32 15 43 8 
50 0 22 37 5 54 
39 47 21 33 12 3 
58 11 6 56 4 55 
51 48 30 38 17 45 
54 37 0 33 20 22 
35 14 18 16 7 12 
44 9 43 38 13 52 
46 19 17 21 51 24 
6 11 56 1 8 39 
55 53 5 57 40 45 
49 40 14 39 11 24 
38 4 52 7 46 28 
48 17 44 2 51 42 
15 6 10 37 5 58 
12 13 0 16 21 32 
55 45 50 18 33 23 
41 28 40 16 48 55 
21 4 39 44 12 32 
18 14 42 37 10 35 
6 11 7 36 17 22 
51 8 9 0 45 52 
58 15 47 50 57 46 
54 37 58 50 35 52 
44 25 11 42 27 47 
45 36 8 12 39 28 
41 38 48 51 55 29 
6 20 31 21 43 2 
30 46 7 57 33 26 
29 17 3 59 33 31 
54 37 30 8 12 7 
16 38 6 45 34 42 
52 11 51 44 48 19 
10 15 5 23 28 0 
18 35 9 4 20 26 
52 50 23 27 21 37 
58 18 54 7 15 5 
25 38 44 51 55 20 
32 10 12 11 19 33 
28 29 46 13 36 43 
8 39 16 17 9 6 
41 18 12 24 44 8 
52 1 26 10 51 49 
22 33 5 17 36 37 
38 32 11 43 0 31 
6 23 13 55 15 50 
16 14 9 45 21 40 
