54 10 30 23 44 26 
47 19 29 21 43 17 
28 56 41 0 50 1 
33 57 32 31 35 49 
42 46 55 59 52 18 
40 25 3 8 6 36 
9 10 52 7 20 11 
29 8 0 5 35 15 
28 24 33 57 44 54 
59 34 50 46 17 3 
21 51 23 12 30 16 
48 31 27 58 26 2 
57 27 31 36 47 19 
50 6 5 56 16 24 
0 12 30 13 17 18 
38 26 11 54 9 14 
22 3 43 52 49 42 
28 46 48 33 53 44 
48 19 54 39 17 57 
32 12 40 13 34 1 
5 20 42 27 50 26 
31 2 24 22 38 46 
11 58 45 14 9 53 
52 23 41 37 0 59 
56 53 38 58 42 59 
13 51 39 43 21 37 
36 22 3 33 49 47 
41 31 16 0 6 23 
8 17 57 44 11 55 
52 5 50 7 27 48 
44 36 11 53 20 38 
49 9 48 13 16 2 
34 32 22 8 43 21 
47 50 39 45 12 28 
37 33 6 14 18 23 
15 35 17 54 4 31 
9 46 5 1 53 22 
54 10 47 36 15 32 
16 42 7 11 30 33 
52 39 18 37 12 45 
13 31 2 38 14 56 
6 17 28 41 40 44 
50 48 42 13 19 41 
52 11 51 34 12 14 
46 43 33 16 21 24 
23 15 6 37 5 8 
22 7 45 4 2 39 
38 47 18 30 44 10 
39 37 36 20 17 53 
13 15 24 31 49 21 
57 11 6 7 55 16 
14 35 34 44 10 28 
1 43 45 12 2 33 
50 51 19 41 3 38 
44 12 31 43 26 49 
45 2 10 21 39 34 
42 41 55 23 7 5 
28 19 22 1 57 40 
36 0 48 13 6 8 
16 17 56 18 14 50 
