56 37 34 49 16 5 
4 45 6 59 17 32 
30 39 24 42 55 46 
35 19 15 47 41 3 
0 33 22 28 53 18 
25 40 51 21 54 12 
50 34 45 53 7 6 
13 21 10 20 12 16 
32 2 40 9 4 46 
5 31 38 30 49 42 
28 26 15 1 17 0 
36 8 23 44 25 59 
42 36 12 30 15 55 
19 18 9 49 13 7 
38 39 37 0 47 8 
57 20 5 48 3 40 
41 25 45 21 1 11 
35 22 26 46 32 51 
58 19 44 31 8 6 
43 37 13 38 17 11 
50 1 21 5 46 4 
35 20 49 14 7 53 
10 9 32 18 12 33 
40 30 23 36 45 47 
14 46 49 47 11 35 
16 45 42 10 8 6 
29 34 2 51 5 24 
40 30 43 7 41 27 
25 50 53 31 23 37 
38 58 13 48 21 32 
40 43 11 45 14 19 
56 0 28 33 49 18 
16 32 15 10 3 47 
38 13 5 17 12 52 
9 34 46 8 7 20 
25 22 59 57 29 26 
42 45 8 49 4 54 
41 33 12 17 39 7 
34 40 44 38 32 24 
31 21 36 6 2 50 
55 1 30 10 16 28 
51 58 52 47 20 9 
34 52 10 41 37 51 
23 18 19 45 38 43 
30 2 8 7 46 32 
6 36 54 13 15 44 
17 0 33 11 16 40 
39 57 35 42 31 21 
47 39 1 51 38 29 
8 20 11 36 50 37 
2 7 55 25 17 5 
18 35 9 23 41 31 
16 12 24 43 15 27 
44 28 10 33 21 22 
27 34 31 46 37 57 
18 9 44 19 1 51 
16 38 50 7 36 30 
6 39 33 12 53 55 
8 17 48 15 43 29 
49 45 14 56 13 52 
