0 3 25 39 58 24 
2 17 34 19 30 52 
48 7 4 42 14 49 
26 38 11 54 43 37 
5 57 29 23 47 1 
13 55 12 28 36 40 
51 38 44 49 45 59 
52 23 11 21 0 32 
3 37 31 7 48 28 
39 9 13 25 54 47 
16 12 5 15 10 22 
30 46 6 42 50 40 
23 49 40 21 45 20 
9 4 10 3 29 41 
54 7 58 5 51 15 
53 1 43 17 55 33 
52 13 18 11 34 27 
22 2 44 24 28 30 
25 51 21 37 38 52 
27 0 23 36 4 22 
57 48 3 46 8 20 
56 17 15 54 45 28 
18 14 35 42 10 44 
34 7 58 6 19 40 
23 15 22 1 49 13 
18 9 20 0 38 52 
45 10 31 51 8 3 
47 34 44 6 37 40 
50 36 21 43 19 28 
56 32 7 27 16 59 
22 11 5 24 33 32 
20 38 43 6 44 51 
4 21 13 52 12 23 
39 31 18 28 26 57 
37 3 19 16 7 40 
53 0 55 15 49 45 
54 14 34 11 18 21 
23 22 43 10 8 59 
36 38 44 40 6 41 
31 15 12 9 17 33 
24 3 37 35 5 32 
58 4 56 46 45 48 
9 32 39 15 46 3 
40 5 17 21 23 20 
58 44 12 45 2 1 
33 11 18 16 35 50 
0 29 13 51 48 52 
56 7 43 36 30 37 
50 41 24 49 30 53 
1 51 23 14 11 18 
13 16 43 6 37 3 
55 12 40 38 7 25 
19 17 10 45 47 4 
48 9 34 26 0 44 
36 51 23 20 6 43 
57 38 16 14 13 9 
50 22 55 12 41 25 
52 39 17 30 11 44 
46 54 7 45 35 21 
37 47 15 59 10 33 
