44 28 9 39 41 48 
11 46 51 47 40 36 
16 37 33 18 8 20 
31 17 19 21 50 22 
56 7 58 14 52 30 
13 59 49 42 53 4 
57 50 11 45 53 2 
46 59 58 41 42 43 
25 37 34 44 35 52 
7 12 48 38 30 16 
21 20 13 3 10 14 
26 6 51 49 4 33 
43 5 37 55 12 25 
3 23 9 20 6 4 
47 34 13 11 16 39 
51 28 38 17 7 10 
45 18 15 32 2 58 
54 30 46 14 44 40 
9 31 7 13 25 52 
50 12 55 53 20 22 
38 39 0 44 11 56 
45 2 30 40 49 18 
6 48 46 5 33 41 
57 27 37 3 43 35 
0 38 6 43 16 56 
9 7 31 44 4 48 
45 12 42 17 8 14 
10 11 41 39 33 49 
37 52 30 19 18 22 
13 20 36 58 26 21 
43 50 40 18 59 13 
16 2 21 35 17 15 
44 57 20 1 39 56 
10 6 51 45 4 27 
23 5 36 3 31 26 
48 38 37 19 28 22 
42 57 15 50 47 22 
24 7 45 36 26 21 
13 49 17 6 37 33 
31 0 14 30 4 34 
16 10 53 12 27 51 
55 41 46 44 39 54 
28 53 7 10 21 42 
15 1 8 31 5 41 
11 55 12 45 16 34 
44 4 50 39 6 32 
0 17 20 52 38 49 
48 35 57 37 30 56 
36 48 34 49 32 55 
33 17 45 7 39 6 
35 38 18 44 1 52 
47 10 19 50 11 16 
15 20 13 26 12 22 
42 53 4 31 40 8 
58 8 13 51 22 59 
54 19 44 1 14 16 
37 12 49 30 7 38 
43 45 17 18 50 4 
47 9 0 39 6 46 
33 34 11 15 10 40 
