33 3 35 39 34 19 
59 38 10 40 45 2 
8 58 11 49 4 27 
41 50 0 56 18 55 
21 29 9 14 32 1 
46 13 36 25 37 23 
59 14 25 8 57 54 
28 13 56 7 19 47 
31 17 10 34 6 52 
42 11 9 45 32 46 
15 23 38 16 18 37 
36 30 33 44 26 29 
32 36 31 52 3 27 
40 14 6 4 11 39 
46 43 38 17 22 21 
42 26 7 49 16 9 
45 15 0 23 13 24 
51 12 41 5 56 48 
2 7 54 49 19 51 
16 14 48 1 0 13 
33 17 30 6 5 36 
20 32 10 12 38 18 
25 31 42 45 4 58 
44 55 41 23 35 46 
20 14 23 32 4 49 
52 44 46 50 16 26 
42 10 36 45 1 6 
17 47 15 35 22 0 
33 21 51 18 39 37 
30 54 38 43 34 12 
45 37 6 17 29 36 
48 5 47 49 10 44 
31 2 16 12 56 32 
52 18 14 21 50 42 
55 39 4 3 11 13 
51 57 33 59 35 53 
34 42 6 31 33 57 
43 7 12 5 1 46 
59 13 14 39 29 30 
8 24 0 48 18 32 
20 4 50 17 28 49 
35 53 36 9 19 26 
8 15 10 43 11 56 
14 18 17 5 53 13 
34 6 54 26 33 37 
50 39 44 22 31 45 
36 4 16 40 12 49 
38 51 7 57 25 52 
56 15 23 58 1 44 
48 32 53 13 22 37 
50 5 43 38 17 25 
28 45 39 31 49 42 
16 12 8 10 9 34 
55 35 7 57 11 47 
48 33 26 42 57 31 
28 47 43 14 41 8 
32 25 15 9 45 0 
11 37 16 12 13 56 
20 36 38 4 17 6 
39 30 24 3 49 50 
