40 6 35 10 13 31 
1 14 27 49 0 16 
18 46 58 39 8 22 
37 56 38 32 48 59 
51 33 44 15 41 24 
53 20 7 43 28 47 
59 6 56 13 36 45 
54 12 26 37 1 50 
21 20 2 30 47 10 
16 49 7 29 5 41 
19 25 34 46 11 27 
17 32 33 9 42 18 
42 31 18 52 45 2 
32 8 43 38 0 34 
48 58 30 11 12 44 
40 5 56 10 19 16 
53 15 4 23 1 13 
41 51 33 17 55 37 
56 6 17 51 13 32 
40 26 24 27 5 28 
55 41 44 16 46 45 
8 31 35 7 23 2 
52 47 1 39 18 11 
42 48 43 49 14 54 
46 19 21 42 2 40 
48 8 3 47 16 39 
38 1 55 7 41 50 
26 5 14 52 33 29 
49 18 0 22 28 4 
32 6 11 13 24 12 
44 3 17 48 18 8 
58 37 10 0 14 6 
20 16 12 11 42 28 
32 24 56 23 30 21 
13 40 2 22 45 1 
50 4 55 7 52 9 
51 46 3 27 19 25 
14 2 47 35 12 58 
23 52 39 11 49 34 
1 5 20 32 8 59 
53 10 30 21 45 22 
54 48 17 41 26 42 
14 13 8 40 37 24 
28 42 45 11 43 19 
51 50 17 39 21 6 
32 16 52 33 49 44 
7 34 12 36 2 1 
38 18 29 15 27 31 
20 32 14 49 13 51 
7 6 18 15 10 44 
35 38 56 12 34 50 
40 19 36 39 16 9 
8 43 3 45 5 21 
41 17 55 31 11 52 
55 24 54 26 45 10 
51 12 19 21 18 44 
23 29 13 43 57 22 
50 33 46 2 3 8 
52 11 36 17 20 35 
41 0 32 39 5 53 
