28 2 15 44 35 48 
29 20 47 33 49 53 
37 17 58 18 51 38 
24 26 59 41 9 50 
6 21 30 11 52 40 
42 14 45 54 12 16 
29 9 52 45 8 30 
48 5 4 26 40 27 
25 41 6 19 13 50 
44 7 18 23 47 56 
32 2 12 1 20 37 
22 17 59 53 46 33 
38 20 50 34 21 52 
46 36 4 49 43 40 
33 32 11 37 22 45 
48 1 57 7 2 19 
27 14 15 56 5 12 
54 44 8 31 10 35 
30 46 42 36 56 13 
54 41 38 22 10 57 
15 4 39 0 5 44 
21 20 18 14 12 2 
23 9 11 43 17 29 
58 49 50 55 32 45 
49 43 7 22 37 2 
45 21 32 36 28 18 
3 50 47 46 15 56 
20 19 6 57 16 44 
17 31 11 38 4 54 
30 51 52 33 29 34 
21 11 29 2 15 23 
27 36 19 38 14 0 
16 44 8 45 39 28 
33 17 12 35 25 52 
56 42 24 30 6 46 
58 7 26 40 37 32 
8 31 18 49 45 35 
7 38 13 14 36 9 
42 16 12 46 11 5 
15 39 20 44 59 17 
47 50 51 23 1 10 
32 43 0 26 19 56 
37 8 38 0 11 56 
40 43 12 50 42 15 
17 29 44 5 23 21 
45 13 30 6 7 10 
18 49 33 16 39 2 
58 34 51 31 24 54 
43 37 11 22 50 9 
58 28 6 5 14 33 
38 20 46 31 35 26 
1 45 59 23 8 16 
57 44 21 12 10 24 
7 53 25 18 49 34 
27 33 48 17 7 58 
28 25 21 20 51 31 
34 6 16 54 30 44 
5 45 59 4 47 15 
56 11 55 13 39 52 
10 40 24 3 18 50 
