33 16 46 17 22 56 
8 19 41 58 13 57 
37 39 53 31 52 5 
35 36 45 28 29 1 
12 30 54 18 26 50 
38 3 9 40 25 55 
15 4 8 19 32 42 
20 41 11 10 2 5 
39 17 13 43 6 36 
34 46 12 49 53 52 
47 51 26 28 25 23 
29 38 37 50 30 58 
59 36 12 44 46 38 
19 6 21 49 23 18 
47 16 5 37 52 57 
40 11 14 15 1 29 
17 28 31 30 13 24 
20 10 51 58 8 43 
26 15 45 38 14 55 
56 23 2 11 34 6 
16 43 52 3 35 31 
59 1 4 42 49 21 
25 18 32 13 10 57 
27 47 51 37 44 19 
44 36 29 50 7 39 
41 11 14 42 35 17 
49 4 6 56 45 28 
33 12 19 10 43 32 
13 48 47 15 0 1 
30 18 27 3 37 38 
11 20 47 10 51 46 
18 31 53 48 16 30 
9 37 6 44 43 49 
7 56 17 40 39 41 
54 15 19 29 50 13 
57 28 35 59 2 21 
46 50 44 15 58 31 
33 13 19 6 38 17 
27 16 9 52 45 18 
40 43 23 2 4 1 
11 0 56 39 34 7 
22 55 36 57 42 54 
51 43 1 3 8 50 
28 5 22 53 11 6 
38 13 49 39 16 45 
44 24 20 32 15 48 
42 12 0 18 47 25 
37 46 7 10 17 55 
45 57 1 47 22 34 
3 38 30 23 32 2 
46 5 49 12 39 42 
27 11 24 37 0 50 
6 7 8 15 58 25 
36 29 43 14 18 59 
32 43 12 9 42 24 
8 22 27 37 34 48 
11 49 14 33 20 31 
57 6 55 13 17 39 
23 29 38 28 44 30 
25 16 51 40 3 26 
