16 39 12 26 29 50 
55 43 36 22 54 35 
30 33 15 41 44 4 
8 56 1 32 23 51 
37 27 38 10 34 20 
52 0 59 45 6 58 
58 57 38 23 31 50 
12 8 2 39 10 28 
16 5 46 24 49 43 
9 15 26 34 45 55 
32 19 18 4 54 56 
53 59 29 36 42 27 
55 16 7 37 33 56 
51 8 11 52 12 39 
59 44 0 17 19 42 
45 49 13 5 24 46 
6 15 1 30 9 29 
38 34 25 41 47 50 
23 8 30 2 53 55 
1 43 6 37 32 13 
39 5 45 51 15 52 
22 48 59 10 4 41 
17 12 0 19 9 42 
58 11 44 33 3 24 
24 26 11 43 35 47 
44 18 12 15 5 29 
2 16 10 37 48 32 
38 39 27 7 45 1 
49 33 13 58 4 46 
14 34 55 6 50 8 
45 32 20 2 26 39 
38 17 49 55 11 10 
31 50 15 13 22 59 
33 21 6 7 23 18 
16 30 5 46 9 40 
51 3 48 35 41 42 
51 5 52 57 9 15 
50 6 44 12 13 16 
37 48 7 8 55 17 
45 21 38 42 27 56 
2 46 0 11 18 4 
40 33 39 49 20 34 
49 36 17 38 42 31 
48 11 50 16 20 35 
26 40 45 12 52 43 
44 0 39 51 55 18 
22 30 3 57 15 6 
23 46 21 2 41 29 
57 38 0 52 6 34 
2 27 40 43 31 9 
44 11 45 12 13 50 
3 15 39 18 47 7 
36 24 5 46 10 58 
17 20 56 19 8 37 
34 9 37 23 5 15 
54 18 43 22 16 13 
25 30 0 14 49 41 
36 17 44 12 51 38 
42 11 4 39 10 50 
33 24 53 59 31 28 
