45 1 20 3 59 0 
13 33 32 38 19 26 
56 4 54 2 44 11 
57 39 52 23 47 36 
30 41 18 29 5 35 
43 7 48 51 40 8 
17 35 8 28 39 47 
6 24 46 0 40 29 
3 14 43 12 49 48 
57 53 22 45 21 32 
13 11 7 10 18 23 
4 26 51 41 20 50 
46 42 52 48 28 34 
58 23 3 7 18 6 
26 38 31 44 14 47 
2 12 27 40 13 19 
16 10 43 21 29 24 
32 49 45 50 5 36 
36 21 17 54 30 44 
39 18 16 13 45 49 
37 56 9 46 51 29 
19 31 2 32 14 22 
20 7 43 27 10 24 
50 4 38 34 12 40 
33 5 26 7 28 52 
12 39 49 9 24 11 
16 6 10 37 45 34 
51 19 44 21 17 29 
20 1 3 13 32 40 
57 25 36 58 53 31 
41 55 48 38 14 36 
17 7 25 28 9 4 
31 11 2 47 13 10 
3 23 33 20 43 12 
30 8 54 22 0 34 
46 45 56 42 24 59 
45 1 57 59 33 52 
30 42 17 22 26 23 
31 38 2 18 28 21 
12 40 46 11 44 15 
51 19 20 8 4 3 
36 32 5 43 55 41 
32 1 9 47 0 54 
27 49 10 29 43 18 
38 42 50 6 11 5 
35 31 41 2 34 36 
16 59 45 40 14 4 
58 24 25 3 53 28 
49 19 0 51 11 38 
17 39 13 2 8 10 
57 1 52 45 5 26 
43 56 7 37 4 48 
6 46 40 12 32 50 
33 22 15 58 31 36 
57 24 32 30 53 7 
2 11 34 12 23 47 
55 10 16 6 22 5 
18 44 20 38 58 42 
56 51 40 59 48 41 
17 36 45 28 52 31 
