29 49 27 34 42 54 
41 19 18 48 25 47 
5 52 43 6 53 26 
20 21 38 2 16 15 
44 45 3 9 39 12 
37 56 7 50 23 59 
12 26 34 21 25 48 
13 8 3 9 39 36 
27 19 2 43 15 41 
54 6 18 22 28 37 
52 1 31 45 5 49 
29 14 4 20 24 57 
54 23 17 24 50 56 
41 44 45 33 21 39 
34 37 1 43 12 14 
13 40 8 2 47 18 
4 5 30 11 57 20 
25 6 10 32 19 42 
53 35 59 32 14 50 
26 11 7 55 16 4 
36 8 13 18 52 51 
40 5 33 46 38 47 
28 30 9 37 48 31 
58 34 57 17 41 45 
50 48 29 33 6 52 
22 35 15 43 7 23 
5 38 11 12 27 2 
19 13 39 57 18 51 
56 1 25 0 28 44 
4 3 53 26 42 54 
13 50 17 53 12 52 
49 18 10 16 11 24 
42 0 39 38 44 51 
23 8 3 30 14 45 
2 7 43 9 33 46 
54 15 58 25 22 48 
41 22 44 25 23 55 
9 20 3 13 10 33 
56 11 40 39 14 12 
16 8 49 21 15 32 
26 4 2 1 42 7 
43 46 27 31 24 30 
57 13 46 16 6 40 
14 41 45 22 39 7 
28 0 47 50 12 58 
55 21 20 53 56 24 
42 33 3 37 51 30 
26 5 49 29 9 17 
18 37 5 23 7 36 
2 50 34 21 19 27 
52 12 16 38 31 55 
43 8 45 46 53 29 
32 33 17 44 3 11 
56 40 51 20 58 35 
50 47 19 36 51 22 
12 45 16 33 10 21 
57 37 39 13 38 15 
59 5 25 44 11 8 
40 23 49 17 1 42 
31 54 2 53 9 43 
