0 30 42 24 59 40 
17 20 10 39 11 51 
54 6 1 29 56 47 
16 26 57 49 28 21 
41 43 3 33 7 25 
37 58 27 5 22 55 
47 39 29 41 14 4 
15 9 23 0 51 18 
11 12 6 45 1 46 
16 31 44 57 35 56 
26 19 58 40 3 21 
20 27 25 53 37 48 
50 49 52 32 33 53 
29 15 7 3 22 13 
6 48 16 43 57 4 
54 10 31 17 38 24 
5 51 1 42 21 36 
47 0 25 44 45 39 
3 8 13 26 44 55 
32 33 38 23 12 14 
22 0 45 24 5 15 
54 18 9 37 39 35 
17 31 40 11 51 10 
58 49 50 28 48 47 
4 12 44 28 36 38 
18 17 25 30 11 31 
34 0 52 7 22 40 
37 10 1 23 9 21 
55 13 49 32 54 26 
51 50 39 8 35 57 
36 0 50 46 38 56 
2 53 45 3 19 37 
47 58 16 54 6 48 
34 43 17 42 13 21 
28 10 18 51 5 40 
14 20 30 22 7 12 
23 51 7 40 2 53 
33 4 58 8 18 35 
22 15 1 39 6 21 
13 43 12 16 11 32 
14 38 30 45 10 37 
44 36 54 29 0 17 
18 34 26 51 22 32 
53 8 49 7 35 10 
4 42 17 43 33 6 
21 41 16 15 50 31 
19 45 11 55 9 3 
44 47 38 39 57 37 
34 18 3 57 51 50 
2 5 17 27 11 31 
33 55 40 39 44 37 
0 12 1 45 36 9 
14 56 25 13 8 46 
59 10 54 35 16 28 
33 38 19 35 23 39 
48 8 37 47 29 30 
15 45 18 43 54 49 
6 1 52 46 58 10 
17 34 40 21 13 42 
56 5 44 0 9 16 
