25 26 8 50 30 21 
40 59 35 47 20 28 
10 56 23 11 51 37 
29 49 16 17 3 34 
57 27 19 15 5 22 
52 0 33 44 41 2 
15 40 46 31 32 59 
12 44 6 21 7 19 
39 51 43 49 37 35 
4 2 3 47 41 58 
56 45 10 18 28 17 
36 20 55 27 50 24 
28 38 6 30 4 58 
14 46 5 21 2 16 
42 20 7 13 36 44 
39 11 12 45 54 55 
32 33 49 8 31 0 
52 18 51 53 19 15 
20 24 48 18 46 22 
5 51 38 58 16 43 
45 47 12 37 32 56 
31 11 19 39 55 0 
54 21 23 44 9 15 
35 27 33 40 4 50 
57 40 13 32 24 44 
2 22 15 21 56 0 
37 52 5 23 11 38 
43 46 18 41 10 1 
8 34 20 7 45 53 
58 12 49 51 50 55 
2 55 56 29 46 4 
15 31 34 20 7 32 
37 41 39 6 8 19 
57 12 26 0 36 25 
50 18 38 27 30 11 
23 3 14 5 13 40 
47 11 56 3 37 10 
8 50 30 12 59 44 
43 24 0 39 14 7 
31 20 32 5 48 45 
36 4 13 49 27 15 
53 17 21 33 26 40 
41 1 35 46 12 27 
5 36 3 33 54 9 
38 7 50 34 20 52 
51 2 15 11 22 45 
42 40 44 56 39 47 
49 10 37 25 4 14 
21 51 1 49 9 44 
57 3 22 45 15 40 
47 8 7 12 31 46 
24 50 11 6 20 52 
10 0 35 23 13 29 
30 48 38 43 26 39 
10 17 27 30 35 3 
5 25 58 15 16 38 
8 12 20 24 21 55 
13 4 18 49 7 57 
29 36 11 6 50 44 
1 37 40 31 39 52 
