1 20 52 15 39 29 
35 27 3 57 6 7 
53 32 9 55 41 30 
59 51 46 56 31 50 
36 21 43 18 13 0 
4 22 47 17 14 54 
28 21 33 40 17 54 
46 10 39 7 47 25 
58 15 59 42 20 55 
48 14 23 51 12 11 
49 9 31 6 18 52 
45 34 5 16 37 53 
29 7 10 17 45 57 
13 2 44 18 6 49 
12 4 42 19 8 33 
28 14 39 16 5 46 
53 11 3 0 51 34 
58 32 15 43 40 24 
45 5 6 31 55 38 
58 15 24 9 4 34 
42 0 11 3 14 50 
52 21 1 44 46 7 
18 23 32 48 16 30 
39 40 36 56 10 22 
44 49 5 39 20 58 
42 14 52 24 34 17 
46 50 22 27 36 16 
9 4 3 15 48 45 
13 31 51 1 30 0 
57 56 43 35 8 10 
27 42 17 46 11 38 
36 1 32 54 43 51 
12 39 50 26 0 7 
16 8 45 9 25 33 
41 5 10 24 55 14 
52 58 48 22 44 13 
49 28 38 19 55 22 
54 9 51 16 7 29 
50 15 12 11 39 45 
41 46 44 17 6 52 
58 18 10 5 43 24 
13 33 53 31 2 59 
49 8 25 31 50 33 
56 11 44 7 1 35 
45 52 17 39 12 2 
9 34 38 19 51 10 
58 42 4 18 13 16 
40 23 22 6 15 55 
34 38 5 26 30 7 
31 6 51 52 14 48 
11 32 37 16 44 25 
36 18 43 12 15 9 
49 17 13 8 46 24 
39 58 59 55 4 53 
36 45 33 19 53 39 
55 16 50 9 43 41 
46 37 8 57 12 49 
3 32 40 13 48 38 
6 14 44 51 31 24 
28 5 23 0 27 52 
